meets/meet004/_saidas_enm/CCSM_Maxent_21k_Aralia_warmingiana2.asc
NCOLS 154 
NROWS 168 
XLLCORNER -112 
YLLCORNER -55.5 
CELLSIZE 0.5 
NODATA_value -9999 
[rows 75 to 99 of 168, columns 56 to 111 of 154]
-9999 -9999 -9999 -9999 -9999 -9999 -9999 -9999 -9999 -9999 -9999 0.11584211140871 0.119370698928833 0.115540474653244 0.120497927069664 0.145209431648254 0.182871356606483 0.26814877986908 0.343606203794479 0.375969678163528 0.427257061004639 0.458493828773499 0.481837183237076 0.505302906036377 0.538101196289062 0.562582552433014 0.570817172527313 0.582609057426453 0.58903980255127 0.59667706489563 0.606261253356934 0.60737818479538 0.610755443572998 0.622471690177917 0.632899522781372 0.643416166305542 0.647082626819611 0.651462912559509 0.651515305042267 0.647479295730591 0.640065729618073 0.623059213161469 0.608086347579956 0.595931828022003 0.584742188453674 0.583900928497314 0.577568411827087 0.557089328765869 0.529149174690247 0.49970817565918 0.468860924243927 0.447466135025024 0.425821989774704 0.408108532428741 0.394206792116165 0.380878329277039
-9999 -9999 -9999 -9999 -9999 -9999 -9999 -9999 -9999 -9999 -9999 0.14828085899353 0.154257729649544 0.146593570709229 0.132583796977997 0.151692688465118 0.159601092338562 0.203993454575539 0.264682084321976 0.303436040878296 0.356654614210129 0.419025987386703 0.464148312807083 0.482214480638504 0.525888741016388 0.549003660678864 0.557971715927124 0.569190919399261 0.577589869499207 0.586663484573364 0.600016713142395 0.604828715324402 0.617872714996338 0.62924998998642 0.640901684761047 0.657675802707672 0.661217391490936 0.669278979301453 0.671106457710266 0.670192837715149 0.660635650157928 0.651707589626312 0.639118552207947 0.627554297447205 0.608559191226959 0.60157299041748 0.59206610918045 0.575918436050415 0.552517890930176 0.52349466085434 0.495729982852936 0.469610810279846 0.441816449165344 0.420931935310364 0.405056089162827 0.390408664941788
-9999 -9999 -9999 -9999 -9999 -9999 -9999 -9999 -9999 -9999 -9999 -9999 0.16449174284935 0.170290321111679 0.171953573822975 0.174277901649475 0.155971482396126 0.141057416796684 0.161349684000015 0.214915618300438 0.282241821289062 0.343799114227295 0.420060157775879 0.44876304268837 0.497061967849731 0.539111018180847 0.552947521209717 0.550410509109497 0.55434650182724 0.565118372440338 0.58194762468338 0.586843311786652 0.600581288337708 0.61297070980072 0.628385543823242 0.647734224796295 0.657811939716339 0.669704675674438 0.676705598831177 0.678836405277252 0.67333197593689 0.661139726638794 0.64684534072876 0.636180222034454 0.629025220870972 0.618676424026489 0.607150852680206 0.590517640113831 0.569599449634552 0.541426360607147 0.510559737682343 0.486458003520966 0.463186055421829 0.444334536790848 0.429423213005066 0.416899859905243
-9999 -9999 -9999 -9999 -9999 -9999 -9999 -9999 -9999 -9999 -9999 -9999 0.170260310173035 0.177675992250443 0.220276176929474 0.222733840346336 0.157087251543999 0.104423180222511 0.094281405210495 0.117037177085876 0.198284521698952 0.263029873371124 0.355170071125031 0.432865291833878 0.486341178417206 0.52170330286026 0.534275472164154 0.524404644966125 0.521789312362671 0.531127393245697 0.555100679397583 0.554260194301605 0.5652916431427 0.582948267459869 0.60161292552948 0.623796224594116 0.640921592712402 0.657890021800995 0.671234846115112 0.677356123924255 0.675105571746826 0.664772391319275 0.645035982131958 0.637526035308838 0.63412606716156 0.624773323535919 0.60976243019104 0.596900284290314 0.576770603656769 0.547764718532562 0.522337377071381 0.503807604312897 0.486157983541489 0.472782403230667 0.459219753742218 0.416788130998611
-9999 -9999 -9999 -9999 -9999 -9999 -9999 -9999 -9999 -9999 -9999 -9999 -9999 0.166398614645004 0.234809353947639 0.186483383178711 0.125467211008072 0.0865818187594414 0.0703353732824326 0.0629192739725113 0.0799275562167168 0.139857620000839 0.249656945466995 0.354528665542603 0.419820308685303 0.479889810085297 0.501938939094543 0.489419013261795 0.481696605682373 0.492346882820129 0.504983842372894 0.515036404132843 0.528111279010773 0.547078371047974 0.567815959453583 0.596526384353638 0.618030846118927 0.639283299446106 0.6568563580513 0.670613169670105 0.675517916679382 0.663724660873413 0.647347390651703 0.642601430416107 0.636862099170685 0.619744300842285 0.609120726585388 0.598207592964172 0.58269852399826 0.562022387981415 0.540410280227661 0.527218520641327 0.515957772731781 0.50686913728714 0.464007526636124 0.429583042860031
-9999 -9999 -9999 -9999 -9999 -9999 -9999 -9999 -9999 -9999 -9999 -9999 -9999 0.269525825977325 0.235941872000694 0.139860332012177 0.113542951643467 0.0745879113674164 0.0627316385507584 0.0507138110697269 0.0532825365662575 0.0560673475265503 0.133106529712677 0.222597420215607 0.268463492393494 0.385694533586502 0.430932611227036 0.44744685292244 0.429143846035004 0.452994465827942 0.457381516695023 0.457878708839417 0.487473785877228 0.509072482585907 0.529693782329559 0.564539730548859 0.587367236614227 0.616969466209412 0.640197157859802 0.659732937812805 0.675469577312469 0.668930113315582 0.653126895427704 0.650926291942596 0.642248332500458 0.610795438289642 0.608136475086212 0.602311193943024 0.591175258159637 0.575645208358765 0.557887732982635 0.550756633281708 0.545104682445526 0.511354982852936 0.471300601959229 0.434882134199142
-9999 -9999 -9999 -9999 -9999 -9999 -9999 -9999 -9999 -9999 -9999 -9999 -9999 -9999 0.255209684371948 0.185663312673569 0.100586079061031 0.068515308201313 0.0548179671168327 0.0377543047070503 0.0384536907076836 0.0317232497036457 0.0285487920045853 0.0401037260890007 0.084512434899807 0.15834367275238 0.22953961789608 0.339302241802216 0.371401220560074 0.383759826421738 0.388190001249313 0.419327527284622 0.433510839939117 0.454948157072067 0.497888207435608 0.526128709316254 0.551400482654572 0.580175161361694 0.610035479068756 0.638480067253113 0.663628578186035 0.673018038272858 0.668818652629852 0.668857336044312 0.657568454742432 0.631580054759979 0.622084498405457 0.618739068508148 0.605659306049347 0.589857816696167 0.575556874275208 0.56730192899704 0.520429193973541 0.487732142210007 0.467542439699173 0.442649155855179
-9999 -9999 -9999 -9999 -9999 -9999 -9999 -9999 -9999 -9999 -9999 -9999 -9999 -9999 0.262043088674545 0.174025982618332 0.109312623739243 0.064344733953476 0.0487417280673981 0.0353717505931854 0.0309353545308113 0.0183541011065245 0.0162246152758598 0.0205329824239016 0.0250941459089518 0.0439118631184101 0.0507019758224487 0.129669025540352 0.226398020982742 0.290240198373795 0.328406542539597 0.380867809057236 0.401371598243713 0.362470328807831 0.413475573062897 0.391872137784958 0.418346554040909 0.447919517755508 0.546101629734039 0.61036628484726 0.647611021995544 0.662663459777832 0.677643597126007 0.683390557765961 0.669975459575653 0.648976564407349 0.639821290969849 0.635103166103363 0.615519940853119 0.603079497814178 0.582362294197083 0.557376742362976 0.498978793621063 0.469844162464142 0.459316045045853 0.459376156330109
-9999 -9999 -9999 -9999 -9999 -9999 -9999 -9999 -9999 -9999 -9999 -9999 -9999 -9999 -9999 0.21248185634613 0.140390038490295 0.0795121863484383 0.0459302254021168 0.032939750701189 0.0268963295966387 0.0179496891796589 0.00776769313961267 0.00775712309405208 0.00968516897410154 0.0123738255351782 0.0146168004721403 0.0165109317749739 0.0225983019918203 0.0897190198302269 0.244003161787987 0.371532022953033 0.396498531103134 0.324238002300262 0.327613532543182 0.327781170606613 0.351911872625351 0.373880356550217 0.43913346529007 0.526798486709595 0.597549796104431 0.63215845823288 0.665949463844299 0.691357851028442 0.683354020118713 0.666546106338501 0.6546391248703 0.647383451461792 0.636503398418427 0.627436697483063 0.606925547122955 0.564820528030396 0.514055132865906 0.48443078994751 0.466452240943909 0.444733411073685
-9999 -9999 -9999 -9999 -9999 -9999 -9999 -9999 -9999 -9999 -9999 -9999 -9999 -9999 -9999 0.381668537855148 0.191881060600281 0.121659517288208 0.0624648407101631 0.0369682498276234 0.0293920710682869 0.024180119857192 0.00937211792916059 0.00526723451912403 0.00475366087630391 0.00283655733801425 0.00507329450920224 0.00629588309675455 0.0130414683371782 0.0192968528717756 0.100956149399281 0.210324198007584 0.378704011440277 0.379359364509583 0.366606950759888 0.330549091100693 0.314437508583069 0.320077031850815 0.331789255142212 0.340756446123123 0.408869564533234 0.584660708904266 0.642413675785065 0.672147333621979 0.68326061964035 0.679930806159973 0.666132032871246 0.652246713638306 0.640459418296814 0.633807122707367 0.606260478496552 0.571486949920654 0.531326711177826 0.506435453891754 0.481201380491257 0.45779013633728
-9999 -9999 -9999 -9999 -9999 -9999 -9999 -9999 -9999 -9999 -9999 -9999 -9999 -9999 -9999 0.252654224634171 0.217375785112381 0.151781350374222 0.089472159743309 0.0555901192128658 0.036115899682045 0.0301940944045782 0.0313291475176811 0.0183012206107378 0.0124974446371198 0.00744837056845427 0.0060112145729363 0.00520277442410588 0.00644432986155152 0.0134109444916248 0.036196157336235 0.0996045097708702 0.250813663005829 0.422353893518448 0.437966734170914 0.420307010412216 0.370727479457855 0.302132040262222 0.2585708796978 0.220194727182388 0.228164419531822 0.49027281999588 0.610745489597321 0.639417052268982 0.646512389183044 0.66857498884201 0.675237119197845 0.659277558326721 0.648415684700012 0.64363557100296 0.611550152301788 0.584383964538574 0.553368449211121 0.531993269920349 0.511638581752777 0.489034444093704
-9999 -9999 -9999 -9999 -9999 -9999 -9999 -9999 -9999 -9999 -9999 -9999 -9999 -9999 -9999 -9999 0.392155021429062 0.173082053661346 0.132141426205635 0.092651292681694 0.0559087470173836 0.0438418500125408 0.0471210666000843 0.0437571592628956 0.0382718145847321 0.0345658622682095 0.022040655836463 0.0146914822980762 0.00962383951991796 0.0108204707503319 0.0207181889563799 0.0457488186657429 0.126425936818123 0.272004187107086 0.424544811248779 0.467538952827454 0.476431876420975 0.425653964281082 0.362275630235672 0.30118864774704 0.241492614150047 0.547568738460541 0.612648367881775 0.619031310081482 0.635048091411591 0.660311818122864 0.684113204479218 0.678726196289062 0.669206500053406 0.663957059383392 0.63572895526886 0.615765273571014 0.581131517887115 0.548697054386139 0.512531936168671 0.493462920188904
-9999 -9999 -9999 -9999 -9999 -9999 -9999 -9999 -9999 -9999 -9999 -9999 -9999 -9999 -9999 -9999 -9999 0.362966239452362 0.220505684614182 0.129516363143921 0.0995225161314011 0.068156860768795 0.0468517877161503 0.0370098985731602 0.0369525142014027 0.0358104258775711 0.026698924601078 0.0197433419525623 0.0140426550060511 0.0109095219522715 0.0119472956284881 0.0226329118013382 0.0475062914192677 0.115179121494293 0.255601793527603 0.432129830121994 0.514645218849182 0.520845711231232 0.518564999103546 0.539226353168488 0.568208456039429 0.590694606304169 0.611331820487976 0.619733691215515 0.643005788326263 0.667290508747101 0.674921333789825 0.676049590110779 0.675559759140015 0.667598366737366 0.622231960296631 0.580560386180878 0.53563266992569 0.506677389144897 0.482086271047592 0.461827784776688
-9999 -9999 -9999 -9999 -9999 -9999 -9999 -9999 -9999 -9999 -9999 -9999 -9999 -9999 -9999 -9999 -9999 -9999 -9999 0.184190943837166 0.145523115992546 0.101499013602734 0.0711123421788216 0.0468412414193153 0.0374332070350647 0.0429695919156075 0.0388900265097618 0.0299666505306959 0.0212237369269133 0.0146131655201316 0.0096852146089077 0.013175530359149 0.0214274860918522 0.0456273294985294 0.110819324851036 0.251792669296265 0.387098640203476 0.508866727352142 0.545228600502014 0.57060843706131 0.5893275141716 0.606123507022858 0.612738311290741 0.627890467643738 0.637008726596832 0.642041444778442 0.648568391799927 0.640471756458282 0.636545717716217 0.634114265441895 0.593347191810608 0.554502725601196 0.49568572640419 0.483122795820236 0.465443283319473 0.450088143348694
-9999 -9999 -9999 -9999 -9999 -9999 -9999 -9999 -9999 -9999 -9999 -9999 -9999 -9999 -9999 -9999 -9999 -9999 -9999 -9999 -9999 0.198758810758591 0.105945818126202 0.0747214704751968 0.0500731691718102 0.0363769307732582 0.0403858199715614 0.0425539091229439 0.0331797301769257 0.0196080356836319 0.0137493852525949 0.0100695537403226 0.00937062408775091 0.0168996639549732 0.0434771589934826 0.097240187227726 0.206795543432236 0.374983370304108 0.490266025066376 0.542821943759918 0.583037793636322 0.597845792770386 0.61185747385025 0.611690998077393 0.623509705066681 0.626931190490723 0.634274125099182 0.638426542282104 0.631224751472473 0.613905370235443 0.595898985862732 0.528610467910767 0.467967718839645 0.468606203794479 0.46835121512413 0.468833297491074
-9999 -9999 -9999 -9999 -9999 -9999 -9999 -9999 -9999 -9999 -9999 -9999 -9999 -9999 -9999 -9999 -9999 -9999 -9999 -9999 -9999 -9999 -9999 0.192210212349892 0.108859084546566 0.0607497617602348 0.0448443181812763 0.0422079488635063 0.0402893275022507 0.0320592150092125 0.0229540169239044 0.0149331847205758 0.0100195202976465 0.0116896331310272 0.0205629002302885 0.0395189262926579 0.0932077467441559 0.204455032944679 0.333831280469894 0.454516232013702 0.556079804897308 0.60975170135498 0.617642998695374 0.612342596054077 0.608440160751343 0.618118405342102 0.630066275596619 0.631547689437866 0.624152898788452 0.605899751186371 0.586756825447083 0.543673455715179 0.480858713388443 0.459922909736633 0.481081008911133 0.476554751396179
-9999 -9999 -9999 -9999 -9999 -9999 -9999 -9999 -9999 -9999 -9999 -9999 -9999 -9999 -9999 -9999 -9999 -9999 -9999 -9999 -9999 -9999 -9999 -9999 -9999 0.12434396892786 0.0782033652067184 0.0583274587988853 0.0429933108389378 0.0474525317549706 0.0482840314507484 0.0325439423322678 0.0226580165326595 0.0182521771639585 0.0164318941533566 0.0214378032833338 0.046319168061018 0.0964515134692192 0.198176562786102 0.350386291742325 0.506565153598785 0.596039950847626 0.639995694160461 0.618863880634308 0.62147045135498 0.625201642513275 0.620923519134521 0.620149552822113 0.611494064331055 0.594585776329041 0.577646613121033 0.527692496776581 0.499857068061829 0.464110851287842 0.431286692619324 0.44868791103363
-9999 -9999 -9999 -9999 -9999 -9999 -9999 -9999 -9999 -9999 -9999 -9999 -9999 -9999 -9999 -9999 -9999 -9999 -9999 -9999 -9999 -9999 -9999 -9999 -9999 0.245463967323303 0.129827484488487 0.0974781662225723 0.0763139501214027 0.0628114193677902 0.0625595599412918 0.0578477047383785 0.0473923534154892 0.0368959866464138 0.0246517043560743 0.0224144924432039 0.0377400666475296 0.0664560720324516 0.130909293889999 0.254869908094406 0.429434210062027 0.563297390937805 0.663334429264069 0.63743007183075 0.633524954319 0.644429683685303 0.637217104434967 0.628348469734192 0.611449003219604 0.593613743782043 0.57907897233963 0.528923392295837 0.482270777225494 0.460148900747299 0.442632108926773 0.436091959476471
-9999 -9999 -9999 -9999 -9999 -9999 -9999 -9999 -9999 -9999 -9999 -9999 -9999 -9999 -9999 -9999 -9999 -9999 -9999 -9999 -9999 -9999 -9999 -9999 -9999 -9999 -9999 0.141626715660095 0.114803902804852 0.0920196995139122 0.0490160621702671 0.0648731514811516 0.0775426849722862 0.065888337790966 0.0471803285181522 0.0371504835784435 0.037687249481678 0.0548490434885025 0.109205536544323 0.214775800704956 0.358160138130188 0.535440027713776 0.685328781604767 0.644331336021423 0.650990307331085 0.659675180912018 0.649955153465271 0.639323890209198 0.62064790725708 0.59816300868988 0.587685525417328 0.526607096195221 0.462159425020218 0.444460898637772 0.441671103239059 0.469086676836014
-9999 -9999 -9999 -9999 -9999 -9999 -9999 -9999 -9999 -9999 -9999 -9999 -9999 -9999 -9999 -9999 -9999 -9999 -9999 -9999 -9999 -9999 -9999 -9999 -9999 -9999 -9999 0.170059397816658 0.134990617632866 0.126909896731377 0.0752314254641533 0.0788058713078499 0.111119598150253 0.102651700377464 0.0811717361211777 0.0603727623820305 0.04736303165555 0.050308670848608 0.0903470814228058 0.19160084426403 0.348178803920746 0.508564710617065 0.627261221408844 0.650388419628143 0.648481249809265 0.664440453052521 0.652827799320221 0.64019387960434 0.619359254837036 0.593046009540558 0.569198906421661 0.488391309976578 0.432201534509659 0.434836745262146 0.473795920610428 0.530884504318237
-9999 -9999 -9999 -9999 -9999 -9999 -9999 -9999 -9999 -9999 -9999 -9999 -9999 -9999 -9999 -9999 -9999 -9999 -9999 -9999 -9999 -9999 -9999 -9999 -9999 -9999 -9999 -9999 0.150625109672546 0.164496749639511 0.154752418398857 0.139957830309868 0.155519396066666 0.142580971121788 0.11526495218277 0.0890025272965431 0.061078142374754 0.048346970230341 0.0775347501039505 0.173376366496086 0.35418689250946 0.491124033927917 0.591599524021149 0.64289402961731 0.64052551984787 0.643990576267242 0.644271075725555 0.636235117912292 0.613158345222473 0.5806605219841 0.523588180541992 0.463862538337708 0.405978351831436 0.433338463306427 0.527494668960571 0.554144144058228
-9999 -9999 -9999 -9999 -9999 -9999 -9999 -9999 -9999 -9999 -9999 -9999 -9999 -9999 -9999 -9999 -9999 -9999 -9999 -9999 -9999 -9999 -9999 -9999 -9999 -9999 -9999 -9999 0.13064132630825 0.188385114073753 0.19071900844574 0.178969711065292 0.121658526360989 0.110847152769566 0.130827590823174 0.105056062340736 0.0679704770445824 0.0514468811452389 0.0692857429385185 0.160705342888832 0.322033941745758 0.476272612810135 0.555550873279572 0.640795886516571 0.655527830123901 0.660739243030548 0.638149201869965 0.614079415798187 0.588473975658417 0.574382841587067 0.543603360652924 0.491180568933487 0.440885215997696 0.490654528141022 0.559975743293762 0.581676602363586
-9999 -9999 -9999 -9999 -9999 -9999 -9999 -9999 -9999 -9999 -9999 -9999 -9999 -9999 -9999 -9999 -9999 -9999 -9999 -9999 -9999 -9999 -9999 -9999 -9999 -9999 -9999 -9999 0.114533208310604 0.197548344731331 0.192501828074455 0.164185047149658 0.0863104462623596 0.0789499655365944 0.116415180265903 0.114392347633839 0.0691277608275414 0.0446811094880104 0.0575162582099438 0.151827439665794 0.297818779945374 0.429031908512115 0.511461198329926 0.5908522605896 0.625295460224152 0.624154448509216 0.647652804851532 0.57758641242981 0.516649842262268 0.573544204235077 0.553369641304016 0.550341010093689 0.499522119760513 0.565628349781036 0.579614877700806 0.603582561016083
-9999 -9999 -9999 -9999 -9999 -9999 -9999 -9999 -9999 -9999 -9999 -9999 -9999 -9999 -9999 -9999 -9999 -9999 -9999 -9999 -9999 -9999 -9999 -9999 -9999 -9999 -9999 -9999 0.112832523882389 0.182823404669762 0.216288194060326 0.136519566178322 0.0839240998029709 0.0781959816813469 0.107741124927998 0.101713441312313 0.0585666410624981 0.0414879694581032 0.0581749379634857 0.152408957481384 0.273404866456985 0.409612655639648 0.506374537944794 0.583654940128326 0.608356118202209 0.605427443981171 0.640851557254791 0.63236939907074 0.605282366275787 0.588620901107788 0.588706791400909 0.584069609642029 0.579921364784241 0.590904951095581 0.60818886756897 0.609260559082031
-9999 -9999 -9999 -9999 -9999 -9999 -9999 -9999 -9999 -9999 -9999 -9999 -9999 -9999 -9999 -9999 -9999 -9999 -9999 -9999 -9999 -9999 -9999 -9999 -9999 -9999 -9999 -9999 0.116499409079552 0.172519564628601 0.219182133674622 0.113414905965328 0.0826054736971855 0.0810854882001877 0.111665919423103 0.0912514925003052 0.0536781251430511 0.037453256547451 0.0605148412287235 0.161677315831184 0.272076964378357 0.412945598363876 0.552350997924805 0.624842524528503 0.630857586860657 0.621553897857666 0.61939924955368 0.653046369552612 0.632291376590729 0.602875292301178 0.566895604133606 0.60461550951004 0.600291967391968 0.612566828727722 0.621551156044006 0.594169735908508
