meets/meet004/_saidas_enm/CCSM_SVM_0k_Cavanillesia_umbellata4.asc
NCOLS 154 
NROWS 168 
XLLCORNER -112 
YLLCORNER -55.5 
CELLSIZE 0.5 
NODATA_value -9999 
[rows 75 to 99 of 168, columns 56 to 111 of 154]
-9999 -9999 -9999 -9999 -9999 -9999 -9999 -9999 -9999 -9999 -9999 0.0308732666737606 0.000615573170853423 0.050728229962963 0.07064302470543 0.0832563641103252 0.169079673345351 0.517659096990909 0.667424862431439 0.625210984838529 0.549995697168296 0.487594539210619 0.408448855542512 0.338280415866443 0.287136872561812 0.246954601514449 0.217882198552427 0.182522814700422 0.155515116292631 0.135663363716179 0.114799726483036 0.0990243220845197 0.0782242651422029 0.0676299688533694 0.0620336011587458 0.0541386479875044 0.0583085821763643 0.0593605764752781 0.0715677105878474 0.0900647351617243 0.102056130161924 0.122677776650884 0.130036063359786 0.140381873153126 0.151237739136787 0.146985399873918 0.124736902107778 0.0935570662614216 0.0632750317277099 0.0313067897596942 0.00983971897189284 -0.00151107324561789 -0.00817036512939573 -0.0182016859243477 -0.0346586783643788 -0.0471070339652597
-9999 -9999 -9999 -9999 -9999 -9999 -9999 -9999 -9999 -9999 -9999 0.0313927685072225 -0.0288200762628055 0.0235998855796893 0.0528828237269025 0.0642684890910642 0.0862860666681149 0.280153517225706 0.458788621380052 0.520151549622207 0.591356354176639 0.485095639790026 0.395344652955303 0.32260029607323 0.268261615639299 0.234307744028311 0.198504660760023 0.164765499133731 0.135827731933032 0.113026516981102 0.0903304944500798 0.0727365484498435 0.0542957665723271 0.0432961029638156 0.0357975893160496 0.0300153382555373 0.0266951874420437 0.0285864631478041 0.0393133473323443 0.0517952466670827 0.0778394389164992 0.10061808266011 0.121180363078489 0.129284713293882 0.120154184553401 0.105873306798291 0.0852731423471088 0.0612122090480451 0.0388003035430044 0.0165422807047043 0.00295811959338571 -0.0101229591868796 -0.0187148109836736 -0.0298201142521858 -0.0418968753129936 -0.0430987669195428
-9999 -9999 -9999 -9999 -9999 -9999 -9999 -9999 -9999 -9999 -9999 -9999 -0.0265567768531471 -0.00995941991403981 0.0181468270875609 0.0381141093207655 0.0658224300071663 0.129377189756836 0.19933805628838 0.308322753112188 0.47456748671297 0.511636287863023 0.445070437948721 0.356814806716346 0.267438330723945 0.214128067288932 0.179025419925389 0.156303444721869 0.130314961445222 0.104604031027331 0.0764914089516409 0.0577149970124853 0.0392406285057668 0.0270338695427235 0.0180621019814169 0.00850173337050963 0.000451453256565315 -0.00425469993358862 0.00250380506413456 0.0151122043171956 0.0417651757487167 0.0819163724209059 0.12017010466257 0.127859987953994 0.0986652529011556 0.0639170911790923 0.0387204102858771 0.018757446218359 0.00405045638134105 -0.00501996703030616 -0.0127082604308415 -0.0252599434864494 -0.0366780772223549 -0.0432321631979924 -0.0476462454678979 -0.0439552440728039
-9999 -9999 -9999 -9999 -9999 -9999 -9999 -9999 -9999 -9999 -9999 -9999 0.0417892879951958 0.0079472796257119 0.0154571757440162 0.0227693018091292 0.0728747996452952 0.207300713902924 0.219311740340962 0.13002554697222 0.258718523513411 0.412597941618471 0.542257145197114 0.462708891453133 0.268991592617275 0.210624683512076 0.178171242780509 0.165636429230976 0.141297811819515 0.112789105354783 0.0770892361482807 0.0608372851762318 0.0393579359542165 0.0210319664741346 0.00812774726858645 -0.00664247627835401 -0.0209439553032788 -0.0363972071918343 -0.0370357944450302 -0.0256589541433448 -0.00381147594256431 0.0442406085169167 0.11215474407471 0.129197347836388 0.0823527198206339 0.0322088922538548 0.00828943570620677 -0.0165369456174581 -0.0281809557974537 -0.0282260895435827 -0.025705685950453 -0.0401155471854113 -0.0516288969060371 -0.0584213381600491 -0.053893010185953 -0.0423047911388237
-9999 -9999 -9999 -9999 -9999 -9999 -9999 -9999 -9999 -9999 -9999 -9999 -9999 0.0336416700051306 0.0359433006647347 0.0360311318903636 0.0874569603819754 0.193122411275254 0.269368048560538 0.271244638883461 0.244260732129357 0.294120827248681 0.590428885106167 0.657185860480614 0.518950194576635 0.348981345767076 0.256963054311488 0.232719791542818 0.185211522381605 0.140409730706898 0.103418750338332 0.0772051061271449 0.0533373458647993 0.0296366892840005 0.0083608606503035 -0.0161289819628572 -0.0326977247762772 -0.0499505205213289 -0.056965658247569 -0.0562665593483399 -0.0466013272535692 -0.00646505068231545 0.0502129498872762 0.0809504505405418 0.0742130975353164 0.0403598659651511 -0.00325891540269063 -0.0387613817330577 -0.0515538527567111 -0.0500885995480163 -0.0474882099662194 -0.0565549645224403 -0.0625076083925966 -0.0597533438517447 -0.0544619457041126 -0.0466446024438831
-9999 -9999 -9999 -9999 -9999 -9999 -9999 -9999 -9999 -9999 -9999 -9999 -9999 0.0749884397519063 0.0654118295980839 0.0450438928316675 0.0863535355691532 0.12784904105853 0.152053371643981 0.259622354455695 0.442124690222617 0.460031361993978 0.514891980813082 0.701240800130011 0.837316572074496 0.690341703176274 0.545816159639306 0.445498616106127 0.346466947791317 0.199107193933503 0.154549416869555 0.12885166719488 0.0815589978195378 0.0518209752598187 0.0242627761793074 -0.0110492719775036 -0.0232772817282919 -0.0442833292443602 -0.0580255031717072 -0.0683943001310086 -0.0798455424421176 -0.0541818699057898 -0.0101937710054557 0.020844324474136 0.0475063070805099 0.0691349032178868 -0.0113520935082618 -0.0588881282663093 -0.0712488400425625 -0.0701384785833493 -0.0606777125214061 -0.0634454584515956 -0.0635139985396015 -0.0619070585188975 -0.0599750807192417 -0.054695010701375
-9999 -9999 -9999 -9999 -9999 -9999 -9999 -9999 -9999 -9999 -9999 -9999 -9999 -9999 0.110555331191087 0.0498753301257132 0.096520563776205 0.100407740884559 0.105459903330012 0.188107190776939 0.399166230091574 0.660329800910129 0.534445611928143 0.261709662017477 0.311888105852685 0.558247784616727 0.841223473222356 0.950018753507166 0.747027976618077 0.496700627806721 0.315956606967865 0.182990777306581 0.135878455846947 0.092460064394251 0.0542739877753289 0.0256920412749528 0.0105255814809279 -0.00380060038972191 -0.021692085380384 -0.0453139804968192 -0.0679448571958132 -0.0652784127705895 -0.0551250448050802 -0.0383166882128657 -0.0034678001721673 0.00116836840880624 -0.0348378853404838 -0.0728214546060165 -0.0819655424664729 -0.07834838647679 -0.0728627663099237 -0.0689607497287339 -0.0693641326904392 -0.0683044810245212 -0.0669770393448837 -0.070506111951646
-9999 -9999 -9999 -9999 -9999 -9999 -9999 -9999 -9999 -9999 -9999 -9999 -9999 -9999 0.151880717377744 0.0630898381626777 0.0630509840203648 0.0770856420008121 0.0649896824714206 0.139101475229398 0.246468898540285 0.31277042440058 0.212809584684464 0.170196573560412 0.253042748753599 0.0892194735968347 0.227835241809369 0.655396433333997 1.02072693699013 0.853128874552084 0.577574667199727 0.38423021806259 0.214226991777273 0.133202018927158 0.0888767687129823 0.0660529251521889 0.0611481833287255 0.0599220025995669 0.04450323899854 0.0111484702683564 -0.0425061709201519 -0.0485197310870882 -0.0720049338550042 -0.0755044414780531 -0.0493360762188454 -0.0354050289094247 -0.0506310646387227 -0.0798390848534473 -0.0842545948084711 -0.0765293796646637 -0.0766469704845392 -0.0679625583057398 -0.0702100924182176 -0.0712629412018054 -0.0717480729856205 -0.0792441529451248
-9999 -9999 -9999 -9999 -9999 -9999 -9999 -9999 -9999 -9999 -9999 -9999 -9999 -9999 -9999 0.0934081071981686 0.0139114763367884 0.0507829028167269 0.0331786485976971 0.0922916102746069 0.129332159608255 0.112556247695201 0.0502605913062715 0.0650460972003129 0.130170993690838 0.175540980868826 0.257213589770032 0.21301465099881 0.170388154668346 0.45186845385558 0.670982749225512 0.602536748602528 0.325046329866647 0.198150835692395 0.125616980842434 0.114201790489706 0.104314784831046 0.0998846473206729 0.101256691146082 0.114967765275025 0.106227472233803 0.0186178748628513 -0.0671539281611099 -0.0949770335066196 -0.0813848717692747 -0.0597840510315914 -0.0578704332419007 -0.0655695167643954 -0.0609059068307178 -0.0491684040470357 -0.0436726647678834 -0.0459644440681039 -0.0566825346470296 -0.0625606290751652 -0.0663857143546406 -0.0764360814909046
-9999 -9999 -9999 -9999 -9999 -9999 -9999 -9999 -9999 -9999 -9999 -9999 -9999 -9999 -9999 0.140600416746203 0.051836685093983 0.0227842142614142 0.0112359293225264 0.0404286100423921 0.0909614107481651 0.0806177740359617 0.0609755758373496 0.0483596560139252 0.0407069464511761 0.0748720647644229 0.0803042983396292 0.0957483642732299 0.160148129235332 0.654244149685186 0.588620684229277 0.760171220179485 0.611820023940805 0.323296328880649 0.171692856585813 0.144294135031558 0.122326679246808 0.11991535591357 0.143299601174303 0.198777354298618 0.245338352557956 0.105511208166218 -0.0598956972173632 -0.108095004380457 -0.10092162552454 -0.0730860810499408 -0.056028644820479 -0.0397677519622852 -0.0186968855071915 0.00276506917157127 0.0193964764101726 0.00293209100601055 -0.0231782882294134 -0.0365122371303665 -0.0468853901009567 -0.0612321720002177
-9999 -9999 -9999 -9999 -9999 -9999 -9999 -9999 -9999 -9999 -9999 -9999 -9999 -9999 -9999 0.269767440986656 0.0783723863798872 0.0342084576045559 0.0351620331946016 0.0133201162775396 0.0166079981286941 0.051002188003848 0.0803304917396332 0.0910474716562228 0.0905251089862577 0.0839387357832255 0.0690840448603559 0.0678898582066465 0.182207782540187 0.70801567031202 0.950083577240364 0.71758468463348 0.850437057184021 0.614221094954674 0.308214861307971 0.156498885649511 0.112644865228884 0.122640766976443 0.155436681536419 0.226797338117296 0.270338815717438 0.134773283324407 -0.058399330847984 -0.109353268605217 -0.112424350241335 -0.0916677149936249 -0.0566459673735502 -0.0108284384867815 0.0324625388244761 0.0597772383463516 0.0702268325293849 0.0561164884196956 0.0347917990538609 0.0180861618782316 0.00226605393242596 0.00375731118160333
-9999 -9999 -9999 -9999 -9999 -9999 -9999 -9999 -9999 -9999 -9999 -9999 -9999 -9999 -9999 -9999 0.175620335752062 0.0345542973997415 0.0447781880192602 0.0483261123784961 0.0376374080629784 0.0285644181264348 0.0546222678533952 0.075638192822178 0.0859326814488655 0.0946528342599189 0.104234168489871 0.103112018781992 0.151466323643647 0.444818898135675 0.902334520004955 0.889652414269929 0.855136547365122 0.972475248189753 0.640024245948632 0.271489047671674 0.15302227028935 0.104074431902386 0.116251430354668 0.174358786786091 0.239993521060942 0.0790918955941113 -0.0740852487556471 -0.105695527244844 -0.10890489426851 -0.0938736427332634 -0.0446498134499148 0.0247994842229196 0.0871207975790064 0.122079396666843 0.129638537565066 0.104562695329377 0.0787884976714294 0.0659304626905323 0.0604081749333352 0.0798459268201144
-9999 -9999 -9999 -9999 -9999 -9999 -9999 -9999 -9999 -9999 -9999 -9999 -9999 -9999 -9999 -9999 -9999 0.210358333691771 0.0487793050718272 0.0484936676811264 0.0770679942703984 0.0557164913241239 0.0220600257012761 0.0278852456836516 0.04763172138185 0.0684333227913569 0.0883580911932816 0.102670881326124 0.131046887728663 0.258165312824112 0.544129549781245 0.987391301311024 0.904148582842579 0.78315056335469 0.89508068974319 0.561418828177944 0.272791182878553 0.123456710448266 0.070835283119313 0.052474443905456 0.0120403969328473 -0.0221965955831558 -0.0695357169126823 -0.0888036864884374 -0.0864464069436855 -0.0592426965275848 -0.0111810030353615 0.0578680524496484 0.121153311330807 0.164602604288054 0.1812760824743 0.119459066422303 0.0611846201929648 0.0479163406777957 0.0711845039484719 0.121265498768735
-9999 -9999 -9999 -9999 -9999 -9999 -9999 -9999 -9999 -9999 -9999 -9999 -9999 -9999 -9999 -9999 -9999 -9999 -9999 0.0568127824631598 0.0442445201601249 0.0561877436143169 0.0686810679471347 0.0485507906092735 0.0339925828250192 0.0435550703628903 0.0629366447910143 0.0850985009806406 0.101831330816392 0.162118193327209 0.312077649644488 0.686200097600278 0.948132466542564 0.827216399524802 0.720752337021798 0.835735093187095 0.679313230650441 0.340886507469239 0.145041546363947 0.0583755681553718 -0.00885800091041244 -0.0223148622573406 -0.0444606014712899 -0.0570907477153732 -0.0418462701464303 -0.0185573203392829 0.0148745123050377 0.064956003610353 0.114062480674808 0.153283689947563 0.173003363349244 0.101684415228462 0.0276257608355072 0.00889256988863801 0.0317411204409963 0.084338999569652
-9999 -9999 -9999 -9999 -9999 -9999 -9999 -9999 -9999 -9999 -9999 -9999 -9999 -9999 -9999 -9999 -9999 -9999 -9999 -9999 -9999 0.0700400444181709 0.0484514057103105 0.0609873116913098 0.0761533401001293 0.0369219111096429 0.0426973374536607 0.0645418973829153 0.0786584676299648 0.104871230735448 0.1568742348032 0.346919977589725 0.603952874689788 0.814249364748027 0.793669816297782 0.575536802994116 0.687158724311543 0.575912340241243 0.359333795320922 0.163312019498489 0.0829298829512569 0.0423348489191472 0.0163912658213902 0.0144731920962946 0.013450926492685 0.0205231075969318 0.0376371371749419 0.0448882892416586 0.0684017609978537 0.118798858686728 0.119113029440668 0.0648127699565085 -0.00460069382250999 -0.0307289414753635 -0.0289930774940649 -0.0218700458262192
-9999 -9999 -9999 -9999 -9999 -9999 -9999 -9999 -9999 -9999 -9999 -9999 -9999 -9999 -9999 -9999 -9999 -9999 -9999 -9999 -9999 -9999 -9999 0.0751202937639507 0.0531732627060845 0.0764965133667259 0.0536751848130856 0.0438580714858756 0.0571027277057568 0.0693424736159729 0.0862846997925896 0.162304757679583 0.285730838205649 0.498730268156667 0.778913319269315 0.778876291847861 0.547331922768874 0.466701882764611 0.492751848624639 0.32800176769035 0.179832408286609 0.1287963127839 0.113449305718745 0.104555406347801 0.0950648990335398 0.0903528310171411 0.0885248794052145 0.0773454809696318 0.0849131550807556 0.110882858584394 0.096218675215788 0.0331206140939893 -0.0366165255230697 -0.0651413424885203 -0.0660493045626367 -0.059169604720656
-9999 -9999 -9999 -9999 -9999 -9999 -9999 -9999 -9999 -9999 -9999 -9999 -9999 -9999 -9999 -9999 -9999 -9999 -9999 -9999 -9999 -9999 -9999 -9999 -9999 0.0153947410025326 0.0593785357740395 0.0528969352540557 0.0428457974444409 0.0523838517092647 0.0611698474871524 0.0766660793355171 0.109510079458392 0.167399157605206 0.362012271958599 0.503747444157879 0.768874004165357 0.516308175043233 0.301785625425371 0.311725026098308 0.240125468050556 0.196996940780052 0.201562101905469 0.191964849025243 0.184450265234156 0.191551111452079 0.166230099683553 0.164419804256424 0.145648710372989 0.124653887631734 0.0993474567958346 0.0123279203839278 -0.0633716805837182 -0.0863707524932859 -0.0748696236327034 -0.0506003832769759
-9999 -9999 -9999 -9999 -9999 -9999 -9999 -9999 -9999 -9999 -9999 -9999 -9999 -9999 -9999 -9999 -9999 -9999 -9999 -9999 -9999 -9999 -9999 -9999 -9999 0.0759605980623675 0.0317143844884123 0.0717034385851522 0.0726937052984401 0.0657905654934791 0.0619841124082092 0.0603635180277725 0.0627789079698416 0.0713392404635795 0.145558823711599 0.303960062611515 0.523528891343203 0.610092548429542 0.397007448965598 0.213639298929599 0.219065381355521 0.232008872311075 0.262693936360206 0.252543012063979 0.239346038171498 0.245471761664896 0.2076652056608 0.184763247303948 0.150011194700876 0.112076627899378 0.0667904547625425 -0.0121397451472825 -0.0686348760656928 -0.0854784677098784 -0.0714146470462223 -0.046779188313531
-9999 -9999 -9999 -9999 -9999 -9999 -9999 -9999 -9999 -9999 -9999 -9999 -9999 -9999 -9999 -9999 -9999 -9999 -9999 -9999 -9999 -9999 -9999 -9999 -9999 -9999 -9999 0.0417644230079841 0.0795570813561904 0.0910004661139001 0.0953620589259189 0.0837793749937174 0.0746358479570512 0.0612069723675846 0.0474423666348734 0.0472453452055235 0.178160672859527 0.359630000228773 0.358971310501646 0.128338512579188 0.149560398425306 0.219107178096853 0.317916284075774 0.303189094674669 0.264934508503889 0.253735658098779 0.216641763584497 0.156629249230207 0.107532407090062 0.0672247021977069 0.0207147328818617 -0.0256055186184144 -0.0634355118351993 -0.0741740876948517 -0.0568108151077882 -0.0319679976633838
-9999 -9999 -9999 -9999 -9999 -9999 -9999 -9999 -9999 -9999 -9999 -9999 -9999 -9999 -9999 -9999 -9999 -9999 -9999 -9999 -9999 -9999 -9999 -9999 -9999 -9999 -9999 0.0520397336056268 0.0637581274802376 0.09207323979048 0.095548473105508 0.0909865395003261 0.0848018233089513 0.0770419242449629 0.0549825717573624 0.0294621728766788 0.0389746251060525 0.139352440849789 0.220525333083975 0.113682574032378 0.0929086239651893 0.175556193228556 0.212378316840967 0.200480717165151 0.229409293802803 0.270774487304133 0.225328169219644 0.151764647624875 0.0903125999143141 0.0349541723491409 -0.0017988240505934 -0.0167532782148225 -0.0256359801493986 -0.0315047260369414 -0.0271250219607113 -0.0252538833445383
-9999 -9999 -9999 -9999 -9999 -9999 -9999 -9999 -9999 -9999 -9999 -9999 -9999 -9999 -9999 -9999 -9999 -9999 -9999 -9999 -9999 -9999 -9999 -9999 -9999 -9999 -9999 -9999 0.0598074636515802 0.0823993008232517 0.0853780752086626 0.0852988955860067 0.0857811882226423 0.0854563612745541 0.067519093072822 0.0395857585471773 0.0138027564032132 0.050120906478922 0.0992389229294911 0.0815052870286203 0.0396651349281899 0.133682625941175 0.152347899061055 0.10847123854056 0.148595746870534 0.300863471604277 0.222575891076509 0.152516537819674 0.0935142074822772 0.0269498354770256 -0.00534702402291914 -0.00147281788188264 0.0348363234779383 0.0414984791450074 0.0108079251612059 -0.0170557609782131
-9999 -9999 -9999 -9999 -9999 -9999 -9999 -9999 -9999 -9999 -9999 -9999 -9999 -9999 -9999 -9999 -9999 -9999 -9999 -9999 -9999 -9999 -9999 -9999 -9999 -9999 -9999 -9999 0.0582903283405663 0.0788110700289765 0.0820313748800618 0.0817454193614938 0.088064765958984 0.0921590573188483 0.0767556411623933 0.0440936976123106 0.0095551548538983 0.0142268303695386 0.0531788045063688 0.0506477751840182 0.0249811028127451 0.0700185415281782 0.11352352767851 0.0807756872171995 0.0588128806302396 0.0795458995254988 0.128112395433158 0.168686699494093 0.138029437222845 0.0432672256936412 0.00447990901902301 0.0102718210464247 0.0553328702398336 0.0703594516154997 0.042582781679982 -0.0030315322042706
-9999 -9999 -9999 -9999 -9999 -9999 -9999 -9999 -9999 -9999 -9999 -9999 -9999 -9999 -9999 -9999 -9999 -9999 -9999 -9999 -9999 -9999 -9999 -9999 -9999 -9999 -9999 -9999 0.0610475680171298 0.0773193038090777 0.0802274426262187 0.0804242619277978 0.0934852594524064 0.0987550474830439 0.0799623644944176 0.0473267459197112 0.00894978416420189 0.00938951442878633 0.0357308393438017 0.0264496025675089 0.00549689828839428 0.0394124367038937 0.0620235560156504 0.0255619050238158 -0.00485588286264471 -0.0136949266637327 0.0225872168389327 0.153391087526487 0.178183630528166 0.0612887088805975 0.00648984858002211 0.0294258112586933 0.0744886306508705 0.0862052691978979 0.0541422914826302 0.0194942684520317
-9999 -9999 -9999 -9999 -9999 -9999 -9999 -9999 -9999 -9999 -9999 -9999 -9999 -9999 -9999 -9999 -9999 -9999 -9999 -9999 -9999 -9999 -9999 -9999 -9999 -9999 -9999 -9999 0.0575007226318958 0.074925933556699 0.0765686122672373 0.0797202304646251 0.0934300206882312 0.0982990005984385 0.0822161255595651 0.0464975074217683 0.00807607917977504 0.00822789372523647 0.0259168535763245 0.0199638776079005 0.00340198675582459 0.00892885750999284 0.0153253979327705 -0.0205679374400968 -0.0420601067449526 -0.0481594192285762 -0.0301549670704839 0.0283406976114251 0.0652110406495409 0.0754978013332374 0.0705800337905078 0.0736430256584779 0.0774552155728795 0.0729621042861673 0.0586402430814862 0.036434238492112
-9999 -9999 -9999 -9999 -9999 -9999 -9999 -9999 -9999 -9999 -9999 -9999 -9999 -9999 -9999 -9999 -9999 -9999 -9999 -9999 -9999 -9999 -9999 -9999 -9999 -9999 -9999 -9999 0.0556114170141213 0.072785926857326 0.0727369371853979 0.080731561329136 0.0938196251464081 0.0975442879238004 0.0808349585821888 0.0498048411708674 0.00823830638240147 0.0146449472931985 0.0308871311857272 0.0155749120278959 -0.00341301998829602 -0.00814823660773839 -0.0349480158072221 -0.0668757055012267 -0.0734874802137728 -0.0742731626483356 -0.0572949303282153 -0.00257180362142917 0.0393040198069859 0.0823166606123474 0.182482890091439 0.106790231910186 0.0747062893181321 0.0688570672874329 0.063620358179186 0.0584563037979892
