meets/meet004/_saidas_enm/CCSM_SVM_0k_Aralia_warmingiana3.asc
NCOLS 154 
NROWS 168 
XLLCORNER -112 
YLLCORNER -55.5 
CELLSIZE 0.5 
NODATA_value -9999 
[rows 75 to 99 of 168, columns 56 to 111 of 154]
-9999 -9999 -9999 -9999 -9999 -9999 -9999 -9999 -9999 -9999 -9999 0.125683298883236 0.0543138685931263 -0.0166237215560527 -0.00532384286223642 0.0195988515068699 0.164254841947475 0.586019563697971 0.642085269449329 0.534861769602904 0.468228316272043 0.451426045928458 0.449840788508031 0.436608095118062 0.443516486112638 0.441848841984192 0.43339631334285 0.421398604617399 0.407322009548145 0.40202137600981 0.386559376833003 0.371347266191645 0.346893663791302 0.333248512941666 0.333872474638242 0.330532971218734 0.335436821473049 0.337161780060109 0.34986821755242 0.371370202901733 0.389203136624535 0.423340428607037 0.443691267693117 0.448407528620931 0.436517995500231 0.39369388977441 0.337280206460529 0.267554943678489 0.202971301844886 0.142487819212226 0.0970173520821863 0.0669994329367123 0.0457070978016862 0.0441768694697688 0.0542737716532618 0.0671436724847669
-9999 -9999 -9999 -9999 -9999 -9999 -9999 -9999 -9999 -9999 -9999 0.125125507341382 0.0591434604951649 -0.0325518176863145 -0.0267311803202249 -0.0142162650720126 0.0514019737251502 0.379983637941203 0.637569045630382 0.646310877740227 0.49474893877593 0.512144422523418 0.503988600564675 0.469628111074429 0.461421058037947 0.442538725317511 0.432448579200574 0.417815437566251 0.39901115375338 0.386919605619631 0.364561980172871 0.343713474610132 0.315933519165618 0.298126488717654 0.300525016485273 0.297523331889551 0.297599417282682 0.300812456564515 0.3180343305818 0.350537985805067 0.385190911459792 0.40259244729878 0.42025929612392 0.452560227823766 0.457938168861958 0.438333887807625 0.387220488539061 0.314666967315508 0.247150452518304 0.18005643769908 0.123004476618039 0.0950670769817072 0.0674093217600228 0.0574278602880673 0.0514348919671028 0.0271038320724721
-9999 -9999 -9999 -9999 -9999 -9999 -9999 -9999 -9999 -9999 -9999 -9999 0.128993054594268 0.0131162191693468 -0.0243033563838082 -0.0180261964136025 0.0107457409901334 0.068855334075545 0.181206843180634 0.39540506872121 0.592158857560931 0.609607665748919 0.559990190798887 0.499598797329963 0.497665067625995 0.474792852281669 0.449059123945301 0.423855189054562 0.397232357105546 0.377202918913316 0.351844861846883 0.331183482879377 0.306756147339948 0.288753118600841 0.283029588688889 0.272771478491486 0.262706028455465 0.253394127566282 0.260850014064086 0.283557033937211 0.30374241582572 0.306734568380588 0.304684805716922 0.329278804965882 0.382325384880982 0.429639181082904 0.412352987562844 0.365960755592704 0.306750914856286 0.230549712205395 0.167424418953702 0.131069101557649 0.107132660854031 0.0852071921815952 0.0595109009597111 0.0270529649633058
-9999 -9999 -9999 -9999 -9999 -9999 -9999 -9999 -9999 -9999 -9999 -9999 0.148835786730229 0.149102253889073 0.0399736964278308 -0.0018238398496529 0.0257921116400091 0.0719041384912282 0.0629174202077153 0.0523032257343262 0.34461416184446 0.57315729092251 0.593785351423448 0.536761099174117 0.576031497521281 0.541382187664161 0.475579111797899 0.435517510827389 0.400255846408178 0.374429276192102 0.342906391486777 0.327455483902403 0.307673042408276 0.288401843489139 0.277482144837829 0.256204718389134 0.2368973578783 0.211583539477493 0.205316560870062 0.220545614762453 0.226836151619699 0.218187327860961 0.18978117104805 0.202926187240849 0.258629679750922 0.306578043798994 0.353471214675006 0.361933420404607 0.343121207300399 0.280437105008815 0.206945039047293 0.18036006404398 0.147612657252891 0.122236637007844 0.0776062664948889 0.0327815853045572
-9999 -9999 -9999 -9999 -9999 -9999 -9999 -9999 -9999 -9999 -9999 -9999 -9999 0.161696657927665 0.123874440742973 0.0393970891238205 0.0538939206856642 0.0774537087791247 0.0777333102856708 0.0656216952765085 0.0454420778235686 0.17267229282336 0.590262778560308 0.717008944418024 0.738153288869858 0.668207784098918 0.569078427195548 0.465300188681669 0.396567216599863 0.378737466226229 0.35228049693177 0.334158990894506 0.314767080324658 0.293804738605845 0.275664501901837 0.247168789536325 0.221987276262592 0.193036664858587 0.176973784812238 0.175112431982493 0.166679095587663 0.153193003854855 0.13072389504416 0.141071951936695 0.180151943260875 0.225689708792056 0.28838367685479 0.33436758263841 0.344043118681562 0.305076020525551 0.252225625600854 0.223028521987756 0.170674943610761 0.115185224171759 0.072706634186375 0.0355155942392363
-9999 -9999 -9999 -9999 -9999 -9999 -9999 -9999 -9999 -9999 -9999 -9999 -9999 0.118033650986631 0.190768663834185 0.0667520961169503 0.0644690330808075 0.0791540916685785 0.0829127210599959 0.0806231855175553 0.0788803641557417 0.0693159190421013 0.184800435972019 0.36124199782964 0.451885382073328 0.710157887408522 0.647409264972898 0.505626785095572 0.388188595381536 0.377427992223877 0.360503777622229 0.340508048058852 0.327185597913367 0.305613793382433 0.284590162686294 0.245786777356077 0.230027351467995 0.196489611670919 0.170800378239628 0.15635007983354 0.132483264460738 0.127879177930686 0.112873059708067 0.119918035144418 0.150895619763257 0.180515212678183 0.257187292431163 0.328695807197983 0.356938278706243 0.320674239724945 0.262963947670413 0.204621911652322 0.149291323857091 0.106704620944972 0.0745094512008909 0.0405356092595643
-9999 -9999 -9999 -9999 -9999 -9999 -9999 -9999 -9999 -9999 -9999 -9999 -9999 -9999 0.213396568763699 0.113621611686257 0.0736472640914546 0.0719916385727381 0.071047092455258 0.0733492296761691 0.0708858478750699 0.0556717043044159 0.0502168988888584 0.0705169063055183 0.0919160713409374 0.135613261085069 0.262337893491099 0.449309317095197 0.422071860773052 0.414098393439211 0.354265209199085 0.368983018742416 0.349223144465108 0.324888518794665 0.309991689901131 0.283178608397679 0.264097828194378 0.237842376421571 0.205781104403113 0.172918350087297 0.14576903434864 0.134538597739017 0.127654519598053 0.135721213158759 0.154216640262783 0.185093787229946 0.244392729822881 0.283480414710017 0.289061181606092 0.257944961544787 0.211150425127756 0.174288832169067 0.139680764858258 0.112142750341485 0.0905415665006098 0.0675379398350733
-9999 -9999 -9999 -9999 -9999 -9999 -9999 -9999 -9999 -9999 -9999 -9999 -9999 -9999 0.135941738211896 0.147048586132578 0.0894916984654293 0.0599685789395964 0.0583679276499969 0.0701327851748272 0.0792192911671531 0.0930067980658528 0.116925224547139 0.119038770391018 0.101792826676356 0.100503649359013 0.08361773728969 0.127423712961451 0.218835179837238 0.297745848953144 0.291921974021036 0.37171607380495 0.378543920805034 0.354054082000208 0.344986240165499 0.323935501764617 0.315967287121402 0.303533745140499 0.273275223647487 0.226027126372036 0.17276607712195 0.160299314023521 0.144615907530824 0.133225402938053 0.14078588546068 0.156203465580691 0.191881669358894 0.215926455763321 0.221771170971127 0.201365044438187 0.168278667286022 0.153921275948354 0.135888454994454 0.12540522709268 0.120166509350196 0.116098436769037
-9999 -9999 -9999 -9999 -9999 -9999 -9999 -9999 -9999 -9999 -9999 -9999 -9999 -9999 -9999 0.153759256009275 0.116862437221137 0.039713001320466 0.0429633848045415 0.0635223755199671 0.0947993034073963 0.101948469941308 0.117133433984369 0.120930468515494 0.121369442306606 0.121928656860147 0.117369928906321 0.107508698714109 0.0813115549698287 0.0925735464983931 0.189819849391537 0.409668038904953 0.418126025912145 0.35220774531025 0.371296900111612 0.382276339668185 0.364621030536332 0.35230650450476 0.339607561271581 0.328920638869832 0.291969433837307 0.214835158277588 0.148312891210085 0.127802525320097 0.129381620668746 0.137262103330651 0.154316275861366 0.168169914432444 0.176000928277162 0.172465156668299 0.160088941913952 0.148874029887709 0.14416331398717 0.143343202214457 0.143983223142087 0.158360247238946
-9999 -9999 -9999 -9999 -9999 -9999 -9999 -9999 -9999 -9999 -9999 -9999 -9999 -9999 -9999 0.128660644599718 0.178343253465086 -0.000118915361288163 0.0225542633271403 0.0502621393692746 0.0933753867480778 0.0966126468043574 0.113671331608433 0.117959460247118 0.120599704375383 0.123675349526707 0.12329244085562 0.12368310218746 0.122670032674757 0.0621882544105373 0.0976129076010132 0.219280956941193 0.379246112829833 0.357736867195038 0.386587293645466 0.429910942275134 0.393342840268972 0.38415456247366 0.393814394909889 0.420878065966402 0.4248959051032 0.271944206954196 0.152858125124768 0.128656561220642 0.127409430462295 0.126927798198927 0.134933839354407 0.138606453753511 0.150903439681179 0.163462826707786 0.168448970624944 0.162864263215664 0.157667608746993 0.154016280824733 0.152250598730102 0.170076633264554
-9999 -9999 -9999 -9999 -9999 -9999 -9999 -9999 -9999 -9999 -9999 -9999 -9999 -9999 -9999 0.134921754659163 0.141857928304024 0.0555142381255265 0.00562594954960738 0.0303179035193322 0.0653524873572026 0.0859116727622146 0.106373799403627 0.112918315771367 0.107930455383088 0.109037559385979 0.11282535900385 0.118314663343233 0.111914083648841 0.0751804901758182 0.0499967467452688 0.128241408236274 0.453461265440477 0.508794877454916 0.444041968792133 0.411075339402291 0.400927823155205 0.401566767891508 0.403207272500653 0.4265230184421 0.403928774979605 0.284904612138988 0.171834878614867 0.14823603901341 0.145400691330992 0.137494942431079 0.125928631443347 0.121757327593669 0.133273819084476 0.159522788505676 0.18976901412329 0.174387020189685 0.166642387870265 0.151866161101084 0.121374030089343 0.118754298206372
-9999 -9999 -9999 -9999 -9999 -9999 -9999 -9999 -9999 -9999 -9999 -9999 -9999 -9999 -9999 -9999 0.155437601161654 0.122705044433464 0.0790259646327535 0.0221075633687799 0.0602461522957801 0.0861489435266894 0.104887228517875 0.111390573756207 0.112820371470237 0.116349890602127 0.10112217913091 0.0937343787021546 0.0781125906657836 0.0660225738430316 0.0610910912604784 0.0763215718248652 0.262395755145283 0.596646738055109 0.625772260437981 0.498685469500691 0.423087634530703 0.400523654365715 0.384664602107949 0.400056996082203 0.382813021698924 0.277327705176073 0.198908637691671 0.177442456282762 0.166014869181332 0.148314973451144 0.124637875400411 0.110784611289095 0.11734293614333 0.142845610270115 0.176709187084349 0.140753601865363 0.135002749120123 0.112220296873152 0.061565409990014 0.0607624150583436
-9999 -9999 -9999 -9999 -9999 -9999 -9999 -9999 -9999 -9999 -9999 -9999 -9999 -9999 -9999 -9999 -9999 0.168333962233235 0.120834637915015 0.0962715738624693 0.0994413255493829 0.0470596514037139 0.068161520466315 0.0847997630772645 0.0955385757159841 0.108255039916991 0.109757684137107 0.105952200915181 0.0881529352770909 0.0647339591122069 0.0762014610069377 0.0578805649942085 0.0727925671319362 0.173781809957115 0.520389808804739 0.737138350043806 0.591388705705993 0.470551949090635 0.389030847780491 0.376937510772286 0.331998053334685 0.292633334693791 0.249158927248341 0.21989680348483 0.193871761627709 0.165419126600611 0.144636791842612 0.133378416718481 0.125358481336022 0.113867341747014 0.0943368684679077 0.061332436564943 0.0269141879498788 0.0070872802073696 -0.0139739791300751 -0.0266310730215298
-9999 -9999 -9999 -9999 -9999 -9999 -9999 -9999 -9999 -9999 -9999 -9999 -9999 -9999 -9999 -9999 -9999 -9999 -9999 0.118754740737378 0.117696054755631 0.088683049295816 0.0695682096891718 0.0731238736685043 0.0760730048433935 0.0917881923442987 0.101558836590803 0.110786318780773 0.106226629487895 0.0788923286577523 0.0678611888246028 0.0597992736315081 0.056748685087878 0.0603325285035703 0.150504042427397 0.550297989116321 0.720019478504422 0.669469031461064 0.501926714594671 0.441241900608125 0.37384591279194 0.349694451468172 0.309765435700826 0.271441474259257 0.238580803324068 0.205960487035056 0.184307393608645 0.167128286826897 0.140053512060668 0.0971280674983353 0.053484009496038 0.00422970289300834 -0.0413674695900341 -0.0575450483571028 -0.0672650937200492 -0.072112522565109
-9999 -9999 -9999 -9999 -9999 -9999 -9999 -9999 -9999 -9999 -9999 -9999 -9999 -9999 -9999 -9999 -9999 -9999 -9999 -9999 -9999 0.118126534663719 0.120129329569922 0.0967984944417739 0.0854208475881442 0.0723888015395185 0.0875665666245188 0.103272384335524 0.108465578145342 0.102854258590689 0.0816238802138528 0.0501587560915488 0.070956914164242 0.0677590399710178 0.0497809032165452 0.106404232964508 0.307019110496464 0.780020986627819 0.704339199648943 0.622215943620538 0.50770120296813 0.438554897700067 0.389148754055594 0.341647732627667 0.294412916259626 0.256197224143535 0.226617971597113 0.194300093469391 0.146431694016049 0.0963097057341875 0.0330701450217452 -0.0208092598109143 -0.0566051732725802 -0.0684952958162883 -0.0702996376300737 -0.050359710101242
-9999 -9999 -9999 -9999 -9999 -9999 -9999 -9999 -9999 -9999 -9999 -9999 -9999 -9999 -9999 -9999 -9999 -9999 -9999 -9999 -9999 -9999 -9999 0.122519791802418 0.112792680749926 0.0869873889540332 0.0851859074297676 0.0958909233344975 0.104415608877141 0.107900606103394 0.104024718094176 0.0744674827460581 0.0609185022733577 0.0725329471601979 0.0619864012094565 0.0496073310860061 0.0859893823344244 0.272009239427347 0.699464745854583 0.791755509420312 0.67683024186376 0.564618697233192 0.497066774455928 0.433336784921946 0.374505457682738 0.324793623006625 0.284182654214267 0.245191066184171 0.192195610372651 0.126104762348904 0.050250278268021 -0.00349256656547742 -0.0360095707173094 -0.0482165460073558 -0.052164427804666 -0.0603707571760621
-9999 -9999 -9999 -9999 -9999 -9999 -9999 -9999 -9999 -9999 -9999 -9999 -9999 -9999 -9999 -9999 -9999 -9999 -9999 -9999 -9999 -9999 -9999 -9999 -9999 0.123025913202873 0.0798760497738888 0.0796631183588073 0.0970001205310153 0.102930042323038 0.100466525853989 0.0983357042668263 0.0862605975791357 0.0726576901431962 0.0706794712502044 0.0918073115565732 0.0592007232081518 0.0765872786545336 0.144730311677419 0.629168118136915 0.792269812352917 0.660411534657525 0.599007504558978 0.52034793760763 0.458696708805611 0.407746465625931 0.362817919909161 0.336420209739413 0.266402333345037 0.170937424948306 0.0915500496643242 0.0272317454716031 0.00988709665317827 -0.00527396479909847 -0.0471778457035976 -0.104940859193327
-9999 -9999 -9999 -9999 -9999 -9999 -9999 -9999 -9999 -9999 -9999 -9999 -9999 -9999 -9999 -9999 -9999 -9999 -9999 -9999 -9999 -9999 -9999 -9999 -9999 0.109716846097136 0.115872048492069 0.0833685104683734 0.0837075660061398 0.0970518564397507 0.102693830869585 0.105526412290892 0.100892330555707 0.0907165726544568 0.0756511236744156 0.0699113273759349 0.0657376424265708 0.0666944562861578 0.083171738512783 0.327663911481842 0.813835175917251 0.728246994129389 0.654598181267653 0.557218308287811 0.513501352289202 0.480852275724405 0.440423242828911 0.408202624153384 0.327717656835218 0.208585606004644 0.109857210723634 0.056009064434658 0.0493456462605734 0.0301530562113843 -0.0291004526080176 -0.108265365305949
-9999 -9999 -9999 -9999 -9999 -9999 -9999 -9999 -9999 -9999 -9999 -9999 -9999 -9999 -9999 -9999 -9999 -9999 -9999 -9999 -9999 -9999 -9999 -9999 -9999 -9999 -9999 0.116006701117746 0.101686732620856 0.103790355563813 0.115303201914948 0.112334246957837 0.11024565442216 0.10429242669753 0.0892928085067469 0.0760053406536372 0.0624711147846034 0.0620239347385736 0.0593731575035408 0.128677968891355 0.780367682274486 0.783452309833247 0.634229254406982 0.490135952041735 0.508228853634383 0.520300579151577 0.479064170158666 0.446264104958536 0.364361156261948 0.221939546399033 0.0974506447778156 0.0771822654803833 0.0862692068081087 0.0655392228313512 -0.0190920356484479 -0.103213799063576
-9999 -9999 -9999 -9999 -9999 -9999 -9999 -9999 -9999 -9999 -9999 -9999 -9999 -9999 -9999 -9999 -9999 -9999 -9999 -9999 -9999 -9999 -9999 -9999 -9999 -9999 -9999 0.121651984312544 0.119282679774474 0.117969083122944 0.108573250370513 0.109741308014114 0.109344946114434 0.107597385486761 0.097988022166661 0.0813680670027208 0.0578796273225341 0.053344769583094 0.0394689193046971 0.0244713268390457 0.579592560650307 0.849730656300336 0.647197815622216 0.481485982498103 0.46447411722888 0.479561376509161 0.444987038449766 0.404109988240156 0.346987603935456 0.243864560631696 0.155747846142639 0.111973793300759 0.0897025290100725 0.063350802816154 0.00019477200096768 -0.0470165968828324
-9999 -9999 -9999 -9999 -9999 -9999 -9999 -9999 -9999 -9999 -9999 -9999 -9999 -9999 -9999 -9999 -9999 -9999 -9999 -9999 -9999 -9999 -9999 -9999 -9999 -9999 -9999 -9999 0.12332050411599 0.125620146692464 0.0973199714376523 0.096425421319054 0.107051465471083 0.109646948797575 0.100365073891419 0.0770662728471422 0.0520057211989182 0.0477870931081723 0.0269798336699505 -0.0330994711288316 0.3976834274959 0.89360740281046 0.645440815170251 0.452464742085354 0.42872589833212 0.419202966781703 0.358144721550424 0.295279318310013 0.259579554248846 0.250496242756012 0.221711896651123 0.158899831028223 0.0929415807595491 0.0551975658111544 0.032111551121002 0.0302894302387196
-9999 -9999 -9999 -9999 -9999 -9999 -9999 -9999 -9999 -9999 -9999 -9999 -9999 -9999 -9999 -9999 -9999 -9999 -9999 -9999 -9999 -9999 -9999 -9999 -9999 -9999 -9999 -9999 0.123646755827892 0.127920319416161 0.105751121078043 0.0894684056635283 0.109221564218365 0.1146482567743 0.105908240070767 0.0780166165516676 0.0510469251929373 0.0432304627800562 0.0297053720193468 -0.0555599720521143 0.295841526101281 0.907140567626304 0.67563094277195 0.42281406594554 0.364104209445968 0.331775481895125 0.278340894114205 0.245972904144146 0.22184665293256 0.246183901622844 0.246802603619047 0.207733133698042 0.135002994801218 0.095503625176282 0.101264795137957 0.150683332265893
-9999 -9999 -9999 -9999 -9999 -9999 -9999 -9999 -9999 -9999 -9999 -9999 -9999 -9999 -9999 -9999 -9999 -9999 -9999 -9999 -9999 -9999 -9999 -9999 -9999 -9999 -9999 -9999 0.123705699371839 0.128247290615715 0.113301380288233 0.0884023868586256 0.115694460473062 0.119423676852004 0.109198492358843 0.0817338732538633 0.0543287418188758 0.050188526708001 0.0431466347258959 -0.0581640554684778 0.2040110009469 0.882252507534668 0.639402801679183 0.351053944614557 0.265904730896548 0.239883814291922 0.247013249411977 0.224871772969562 0.214951882511547 0.260599924164016 0.298924273795956 0.242443676061557 0.164659692485798 0.156762582961933 0.20710137359884 0.25898549359069
-9999 -9999 -9999 -9999 -9999 -9999 -9999 -9999 -9999 -9999 -9999 -9999 -9999 -9999 -9999 -9999 -9999 -9999 -9999 -9999 -9999 -9999 -9999 -9999 -9999 -9999 -9999 -9999 0.12365237457805 0.127525113027156 0.0928938427570291 0.0911216933040974 0.115694346611258 0.119305420670693 0.111729273605471 0.0885397462132298 0.0601831895390628 0.0520019056250361 0.0395128064145043 -0.0481118283742529 0.230221035175936 0.813825321323019 0.559733162817785 0.272352450083974 0.187356625114005 0.177788930567795 0.204512811598086 0.269828706999284 0.270696470388175 0.274116881035954 0.274234298986762 0.265299995268088 0.254559345721268 0.285770033907595 0.340921123514789 0.405697163822907
-9999 -9999 -9999 -9999 -9999 -9999 -9999 -9999 -9999 -9999 -9999 -9999 -9999 -9999 -9999 -9999 -9999 -9999 -9999 -9999 -9999 -9999 -9999 -9999 -9999 -9999 -9999 -9999 0.123619141624033 0.123991477883583 0.0705341863649496 0.0965387011079759 0.115960490449141 0.11897245790449 0.111601608923179 0.0941311471292795 0.0609274060326279 0.0481276367081994 0.0405740926123137 -0.0453253008711545 0.26456004898129 0.736396537082779 0.415923359589637 0.172884591385063 0.124591024921721 0.115139636375592 0.161085719878937 0.251449022056802 0.320436197912649 0.29417916468175 0.24706828993388 0.310439225850074 0.367160197719276 0.430293053824635 0.492505208964593 0.529986186338851
