meets/meet004/_saidas_enm/CCSM_Maxent_21k_Cavanillesia_umbellata1.asc
NCOLS 154 
NROWS 168 
XLLCORNER -112 
YLLCORNER -55.5 
CELLSIZE 0.5 
NODATA_value -9999 
[rows 100 to 124 of 168, columns 56 to 111 of 154]
-9999 -9999 -9999 -9999 -9999 -9999 -9999 -9999 -9999 -9999 -9999 -9999 -9999 -9999 -9999 -9999 -9999 -9999 -9999 -9999 -9999 -9999 -9999 -9999 -9999 -9999 -9999 -9999 0.0863816514611244 0.0786173269152641 0.0669107437133789 0.0377305559813976 0.0427453592419624 0.0462248884141445 0.0501001924276352 0.0528894253075123 0.0568447411060333 0.0669316574931145 0.061297345906496 0.0466245412826538 0.0403873957693577 0.0532649233937263 0.0796436667442322 0.0960921794176102 0.0874141529202461 0.0925565883517265 0.158829927444458 0.298910290002823 0.398630321025848 0.413446068763733 0.398611694574356 0.395120561122894 0.38240447640419 0.341164290904999 0.289393305778503 0.23730705678463
-9999 -9999 -9999 -9999 -9999 -9999 -9999 -9999 -9999 -9999 -9999 -9999 -9999 -9999 -9999 -9999 -9999 -9999 -9999 -9999 -9999 -9999 -9999 -9999 -9999 -9999 -9999 -9999 0.0889204069972038 0.139968439936638 0.0635435059666634 0.0336952395737171 0.030825374647975 0.0345319360494614 0.0497477948665619 0.0550685673952103 0.0662510544061661 0.0707796439528465 0.0619822777807713 0.0493387915194035 0.0447018444538116 0.0635704323649406 0.0964375138282776 0.112305887043476 0.0952480062842369 0.0921339243650436 0.178885847330093 0.361311554908752 0.446801275014877 0.367601156234741 0.281753361225128 0.311086386442184 0.310558944940567 0.289937078952789 0.258139312267303 0.205385729670525
-9999 -9999 -9999 -9999 -9999 -9999 -9999 -9999 -9999 -9999 -9999 -9999 -9999 -9999 -9999 -9999 -9999 -9999 -9999 -9999 -9999 -9999 -9999 -9999 -9999 -9999 -9999 0.116738148033619 0.0849436298012733 0.141838848590851 0.0549540445208549 0.0288263168185949 0.0295950565487146 0.0361025109887123 0.0504699684679508 0.0512918718159199 0.0734023749828339 0.077693983912468 0.0650606080889702 0.0537636652588844 0.0522153377532959 0.0754093453288078 0.128653436899185 0.144738510251045 0.106677815318108 0.100229769945145 0.172772124409676 0.310562670230865 0.384428977966309 0.330849975347519 0.281364619731903 0.275583446025848 0.286406755447388 0.270479649305344 0.234649688005447 0.199520021677017
-9999 -9999 -9999 -9999 -9999 -9999 -9999 -9999 -9999 -9999 -9999 -9999 -9999 -9999 -9999 -9999 -9999 -9999 -9999 -9999 -9999 -9999 -9999 -9999 -9999 -9999 -9999 0.108785822987556 0.0842419192194939 0.131553024053574 0.0438974685966969 0.0252575613558292 0.0276682339608669 0.0366782061755657 0.0504817478358746 0.0535742826759815 0.0779408290982246 0.067901648581028 0.0539120510220528 0.0462775975465775 0.0516612455248833 0.0800842419266701 0.135508954524994 0.149274408817291 0.103440925478935 0.0895432010293007 0.141930922865868 0.24619697034359 0.308319896459579 0.27718260884285 0.245817005634308 0.237796887755394 0.249303326010704 0.238897264003754 0.205343440175056 0.181996136903763
-9999 -9999 -9999 -9999 -9999 -9999 -9999 -9999 -9999 -9999 -9999 -9999 -9999 -9999 -9999 -9999 -9999 -9999 -9999 -9999 -9999 -9999 -9999 -9999 -9999 -9999 -9999 0.106766119599342 0.0902761667966843 0.106323897838593 0.0369420535862446 0.02275001257658 0.0281041190028191 0.0393026322126389 0.0507872030138969 0.0572043284773827 0.0686379075050354 0.0396545864641666 0.0303952768445015 0.0350070409476757 0.0434012413024902 0.0652079433202744 0.0948126018047333 0.102879844605923 0.0866606906056404 0.0761466696858406 0.114912949502468 0.176327064633369 0.224937945604324 0.21987509727478 0.190432116389275 0.195296958088875 0.186865642666817 0.17734682559967 0.168057337403297 0.155803024768829
-9999 -9999 -9999 -9999 -9999 -9999 -9999 -9999 -9999 -9999 -9999 -9999 -9999 -9999 -9999 -9999 -9999 -9999 -9999 -9999 -9999 -9999 -9999 -9999 -9999 -9999 -9999 0.11785065382719 0.111279390752316 0.0863132625818253 0.0284891612827778 0.0211971048265696 0.0284641534090042 0.0390428230166435 0.0472002476453781 0.0596068426966667 0.052918117493391 0.0270373113453388 0.0210771840065718 0.0279161185026169 0.03824832290411 0.0562686808407307 0.0710520073771477 0.0838780403137207 0.0844753608107567 0.083214096724987 0.123109489679337 0.162153720855713 0.19705094397068 0.208078727126122 0.183565631508827 0.179831057786942 0.15889872610569 0.149286836385727 0.150085672736168 0.143555760383606
-9999 -9999 -9999 -9999 -9999 -9999 -9999 -9999 -9999 -9999 -9999 -9999 -9999 -9999 -9999 -9999 -9999 -9999 -9999 -9999 -9999 -9999 -9999 -9999 -9999 -9999 -9999 0.153365105390549 0.197749257087708 0.0700981095433235 0.0228060744702816 0.0202345140278339 0.0294542945921421 0.0394583828747272 0.0485623516142368 0.0549708604812622 0.0418310798704624 0.0240020379424095 0.0198273546993732 0.0276536121964455 0.0393820405006409 0.0505152717232704 0.0648565143346786 0.0784243047237396 0.091775007545948 0.124758526682854 0.140475854277611 0.177262142300606 0.213034495711327 0.221733510494232 0.23148338496685 0.191991701722145 0.159011527895927 0.145148813724518 0.143050402402878 0.146784946322441
-9999 -9999 -9999 -9999 -9999 -9999 -9999 -9999 -9999 -9999 -9999 -9999 -9999 -9999 -9999 -9999 -9999 -9999 -9999 -9999 -9999 -9999 -9999 -9999 -9999 -9999 -9999 0.249763488769531 0.18130986392498 0.0549278520047665 0.0170017145574093 0.0176309794187546 0.0276940912008286 0.0364978015422821 0.0442256405949593 0.0462260134518147 0.0371977537870407 0.0235987678170204 0.0210455693304539 0.0289460811764002 0.037572730332613 0.0448273383080959 0.054139070212841 0.0647582858800888 0.0775891095399857 0.105900794267654 0.12134588509798 0.149868234992027 0.18411485850811 0.207002282142639 0.223899960517883 0.189773857593536 0.153462082147598 0.139046534895897 0.140649259090424 0.145367175340652
-9999 -9999 -9999 -9999 -9999 -9999 -9999 -9999 -9999 -9999 -9999 -9999 -9999 -9999 -9999 -9999 -9999 -9999 -9999 -9999 -9999 -9999 -9999 -9999 -9999 -9999 -9999 0.223870500922203 0.154635488986969 0.0433594845235348 0.0122880395501852 0.0132516380399466 0.0234556253999472 0.0331554040312767 0.0404073894023895 0.0451033934950829 0.0399995595216751 0.0272923372685909 0.0249062776565552 0.0315750874578953 0.0350842773914337 0.0420468188822269 0.0487186871469021 0.0533322095870972 0.0542161054909229 0.0576160363852978 0.0800648704171181 0.0976496264338493 0.124759785830975 0.161292642354965 0.178291782736778 0.16228324174881 0.136622250080109 0.128567487001419 0.134266451001167 0.137960061430931
-9999 -9999 -9999 -9999 -9999 -9999 -9999 -9999 -9999 -9999 -9999 -9999 -9999 -9999 -9999 -9999 -9999 -9999 -9999 -9999 -9999 -9999 -9999 -9999 -9999 -9999 -9999 0.194566816091537 0.131555676460266 0.0368117690086365 0.00998520292341709 0.0101355137303472 0.0188342537730932 0.0284528080374002 0.036920141428709 0.0484285689890385 0.0497267656028271 0.0419467277824879 0.0432460196316242 0.0410241149365902 0.0385156832635403 0.0424202717840672 0.0470427647233009 0.0503385961055756 0.0508053861558437 0.0498994588851929 0.0607770159840584 0.0757235735654831 0.0970290154218674 0.123463451862335 0.136496022343636 0.134640365839005 0.122327245771885 0.119857907295227 0.126709625124931 0.129515901207924
-9999 -9999 -9999 -9999 -9999 -9999 -9999 -9999 -9999 -9999 -9999 -9999 -9999 -9999 -9999 -9999 -9999 -9999 -9999 -9999 -9999 -9999 -9999 -9999 -9999 -9999 0.222660228610039 0.168012797832489 0.114372536540031 0.0279821455478668 0.00751650054007769 0.00747675122693181 0.0139883989468217 0.0227981451898813 0.036327850073576 0.0564127191901207 0.0638980641961098 0.0744971558451653 0.0802686586976051 0.0573155246675014 0.0450489223003387 0.0430230796337128 0.0461580753326416 0.0479152128100395 0.047474879771471 0.0495234690606594 0.0592970885336399 0.0716741234064102 0.0870925858616829 0.0991293415427208 0.107023753225803 0.112063489854336 0.110222533345222 0.112831003963947 0.119098275899887 0.121417954564095
-9999 -9999 -9999 -9999 -9999 -9999 -9999 -9999 -9999 -9999 -9999 -9999 -9999 -9999 -9999 -9999 -9999 -9999 -9999 -9999 -9999 -9999 -9999 -9999 -9999 -9999 0.200309887528419 0.132580518722534 0.0902003049850464 0.0160820744931698 0.00579605204984546 0.00570764951407909 0.011101602576673 0.020520044490695 0.0350517109036446 0.0522369705140591 0.0665309578180313 0.0821622461080551 0.0860406532883644 0.0723078995943069 0.0582400113344193 0.0506978742778301 0.0465056113898754 0.0450310073792934 0.0480092130601406 0.0523466095328331 0.0597518607974052 0.0664017200469971 0.0764783099293709 0.0863406360149384 0.0924024805426598 0.0973551049828529 0.0989289805293083 0.102094069123268 0.107304342091084 0.10755829513073
-9999 -9999 -9999 -9999 -9999 -9999 -9999 -9999 -9999 -9999 -9999 -9999 -9999 -9999 -9999 -9999 -9999 -9999 -9999 -9999 -9999 -9999 -9999 -9999 -9999 -9999 0.171559110283852 0.0951133146882057 0.0342205502092838 0.00890173390507698 0.00542785320430994 0.00560640590265393 0.0113892750814557 0.0218991320580244 0.040191613137722 0.0525199435651302 0.0681906566023827 0.0734206661581993 0.0783753022551537 0.0844067558646202 0.0771064236760139 0.0688803493976593 0.0593941286206245 0.0561208315193653 0.0586435981094837 0.0580626875162125 0.0637596100568771 0.0635850578546524 0.0668350979685783 0.0748250186443329 0.0827120766043663 0.0861176550388336 0.0873726010322571 0.0912939757108688 0.0954950377345085 0.0951744318008423
-9999 -9999 -9999 -9999 -9999 -9999 -9999 -9999 -9999 -9999 -9999 -9999 -9999 -9999 -9999 -9999 -9999 -9999 -9999 -9999 -9999 -9999 -9999 -9999 -9999 -9999 0.136071994900703 0.061694111675024 0.0159197561442852 0.00648947665467858 0.00600984785705805 0.00794961210340261 0.0193377155810595 0.0392502397298813 0.0780112147331238 0.105607092380524 0.103999689221382 0.0837434157729149 0.0858048349618912 0.100394412875175 0.111285641789436 0.0978729203343391 0.0812535509467125 0.0777404978871346 0.0872765555977821 0.0927901268005371 0.0787279605865479 0.0626104176044464 0.0591932982206345 0.0639585331082344 0.0712175071239471 0.0764757841825485 0.0798720270395279 0.0840039476752281 0.087173767387867 0.088233195245266
-9999 -9999 -9999 -9999 -9999 -9999 -9999 -9999 -9999 -9999 -9999 -9999 -9999 -9999 -9999 -9999 -9999 -9999 -9999 -9999 -9999 -9999 -9999 -9999 -9999 0.254559606313705 0.108076140284538 0.0303646437823772 0.00763598270714283 0.00585634401068091 0.00649530999362469 0.0124676562845707 0.0355156064033508 0.0756678208708763 0.136011347174644 0.160423338413239 0.164631560444832 0.103824377059937 0.0973175317049026 0.124463997781277 0.169142797589302 0.120624504983425 0.101907402276993 0.103972777724266 0.124928385019302 0.162352532148361 0.102688580751419 0.0624784454703331 0.0516389757394791 0.0545489303767681 0.0616358034312725 0.0677748769521713 0.0726727917790413 0.0769721120595932 0.0794024914503098 0.0827455967664719
-9999 -9999 -9999 -9999 -9999 -9999 -9999 -9999 -9999 -9999 -9999 -9999 -9999 -9999 -9999 -9999 -9999 -9999 -9999 -9999 -9999 -9999 -9999 -9999 -9999 0.186368182301521 0.0873342454433441 0.0136439204216003 0.00499174604192376 0.00488700391724706 0.00814103707671165 0.0172546729445457 0.0463968440890312 0.0968283861875534 0.159273937344551 0.183476760983467 0.193867787718773 0.139896631240845 0.124341607093811 0.127748996019363 0.142731979489326 0.11812911182642 0.10451677441597 0.10844923555851 0.13910274207592 0.158506572246552 0.104057036340237 0.0624838694930077 0.0494131073355675 0.0489680729806423 0.0557620003819466 0.0594506599009037 0.0627611950039864 0.0670876353979111 0.0695915371179581 0.0723565891385078
-9999 -9999 -9999 -9999 -9999 -9999 -9999 -9999 -9999 -9999 -9999 -9999 -9999 -9999 -9999 -9999 -9999 -9999 -9999 -9999 -9999 -9999 -9999 -9999 -9999 0.158872738480568 0.0629659220576286 0.00771589390933514 0.00366488914005458 0.00504514342173934 0.0087293079122901 0.0212303716689348 0.0502881444990635 0.101124048233032 0.162730127573013 0.181471899151802 0.176484271883965 0.143047720193863 0.12341084331274 0.121312230825424 0.118308767676353 0.102348513901234 0.0885627567768097 0.0905373096466064 0.115031808614731 0.149844899773598 0.0903387889266014 0.0537139438092709 0.0437133088707924 0.0442872643470764 0.0499214567244053 0.0516434609889984 0.0537444800138474 0.057278037071228 0.0598048307001591 0.0627074241638184
-9999 -9999 -9999 -9999 -9999 -9999 -9999 -9999 -9999 -9999 -9999 -9999 -9999 -9999 -9999 -9999 -9999 -9999 -9999 -9999 -9999 -9999 -9999 -9999 -9999 0.14608933031559 0.0652756541967392 0.00886821746826172 0.00400316063314676 0.00542920641601086 0.0116979833692312 0.0233439039438963 0.0472379960119724 0.0877420678734779 0.14576980471611 0.166674926877022 0.138393938541412 0.0990999191999435 0.0837397873401642 0.0946365594863892 0.104374393820763 0.0848188102245331 0.0677754953503609 0.0629841908812523 0.067074254155159 0.0681516975164413 0.0564478524029255 0.0448061227798462 0.0404746793210506 0.0398445129394531 0.0418799519538879 0.043875727802515 0.0464993230998516 0.0504835061728954 0.0531754083931446 0.0563117414712906
-9999 -9999 -9999 -9999 -9999 -9999 -9999 -9999 -9999 -9999 -9999 -9999 -9999 -9999 -9999 -9999 -9999 -9999 -9999 -9999 -9999 -9999 -9999 -9999 -9999 0.142570942640305 0.0678483620285988 0.0100029641762376 0.00449496600776911 0.00646778708323836 0.0140290251001716 0.0245534610003233 0.0458841919898987 0.0848014131188393 0.135523438453674 0.149513959884644 0.117579475045204 0.0751102864742279 0.0597874335944653 0.0774039775133133 0.0896269306540489 0.0697974413633347 0.0499063804745674 0.0432433299720287 0.0415409319102764 0.0366134494543076 0.0382975973188877 0.0365325696766376 0.035665687173605 0.0352004691958427 0.0352415665984154 0.0377155058085918 0.0403939746320248 0.0440716706216335 0.0467609986662865 0.0504365339875221
-9999 -9999 -9999 -9999 -9999 -9999 -9999 -9999 -9999 -9999 -9999 -9999 -9999 -9999 -9999 -9999 -9999 -9999 -9999 -9999 -9999 -9999 -9999 -9999 -9999 0.126470535993576 0.0641681328415871 0.0127961989492178 0.00571455480530858 0.00655796844512224 0.0125728379935026 0.0227165352553129 0.0477130077779293 0.0835549980401993 0.121348090469837 0.138135954737663 0.103669337928295 0.0732843652367592 0.0590664520859718 0.0625608488917351 0.0661701485514641 0.0516143478453159 0.0362514480948448 0.0309812594205141 0.0303675755858421 0.0311211664229631 0.0305819790810347 0.0299692526459694 0.0307951401919127 0.030512947589159 0.030604550614953 0.0322536341845989 0.0345154702663422 0.0384468846023083 0.0415113270282745 0.0442755334079266
-9999 -9999 -9999 -9999 -9999 -9999 -9999 -9999 -9999 -9999 -9999 -9999 -9999 -9999 -9999 -9999 -9999 -9999 -9999 -9999 -9999 -9999 -9999 -9999 -9999 0.123413741588593 0.0625746473670006 0.0117780091241002 0.00537126325070858 0.00605259416624904 0.010469195432961 0.0192080736160278 0.0410419516265392 0.0675513297319412 0.0917099118232727 0.106049187481403 0.0822045728564262 0.0616930462419987 0.0499952360987663 0.0506848841905594 0.0508540384471416 0.0411882996559143 0.0291339606046677 0.0263533890247345 0.0277053415775299 0.0279608983546495 0.0279626902192831 0.0269486829638481 0.0273431688547134 0.0265721902251244 0.0269095096737146 0.0289080236107111 0.0308292843401432 0.0339355133473873 0.0366165973246098 0.0396617501974106
-9999 -9999 -9999 -9999 -9999 -9999 -9999 -9999 -9999 -9999 -9999 -9999 -9999 -9999 -9999 -9999 -9999 -9999 -9999 -9999 -9999 -9999 -9999 -9999 -9999 0.121235370635986 0.060406394302845 0.0102144246920943 0.00412333430722356 0.0050119417719543 0.00875336490571499 0.0149773107841611 0.0270613338798285 0.040411289781332 0.0508285723626614 0.0518141239881516 0.0496006421744823 0.0416077077388763 0.03646270185709 0.0391339808702469 0.0387082174420357 0.0333527475595474 0.0274561196565628 0.0257760770618916 0.0253584906458855 0.0261884871870279 0.0250088404864073 0.0240741576999426 0.0243477541953325 0.0236220564693213 0.0238177590072155 0.0255486443638802 0.028161508962512 0.0317265577614307 0.033630158752203 0.035977054387331
-9999 -9999 -9999 -9999 -9999 -9999 -9999 -9999 -9999 -9999 -9999 -9999 -9999 -9999 -9999 -9999 -9999 -9999 -9999 -9999 -9999 -9999 -9999 -9999 -9999 0.122331723570824 0.0611376613378525 0.0104404790326953 0.00359689560718834 0.004255011677742 0.00745337037369609 0.0115796942263842 0.0177453309297562 0.0256688706576824 0.0309585630893707 0.0321688875555992 0.0352932326495647 0.032131589949131 0.0306138917803764 0.0371959283947945 0.0368870124220848 0.0335395857691765 0.0273591727018356 0.0260103512555361 0.0265547055751085 0.0261677224189043 0.0244071986526251 0.0220964252948761 0.0212598592042923 0.0206369142979383 0.0209555197507143 0.0225482564419508 0.0245034378021955 0.0238258428871632 0.0252344198524952 0.0251034591346979
-9999 -9999 -9999 -9999 -9999 -9999 -9999 -9999 -9999 -9999 -9999 -9999 -9999 -9999 -9999 -9999 -9999 -9999 -9999 -9999 -9999 -9999 -9999 -9999 -9999 0.123939365148544 0.0605409778654575 0.012865923345089 0.00384386838413775 0.00390306999906898 0.00700918026268482 0.0109045039862394 0.0153731033205986 0.0183427687734365 0.0247613061219454 0.0304287616163492 0.030921284109354 0.0307545941323042 0.032308179885149 0.0388169847428799 0.0424244254827499 0.0380603224039078 0.0300180055201054 0.0280041992664337 0.0275657549500465 0.0271499305963516 0.0241231732070446 0.020470043644309 0.0198461301624775 0.018839456140995 0.0189225412905216 0.0206122491508722 0.0181877352297306 0.0197716224938631 0.0198855940252542 0.0157787147909403
-9999 -9999 -9999 -9999 -9999 -9999 -9999 -9999 -9999 -9999 -9999 -9999 -9999 -9999 -9999 -9999 -9999 -9999 -9999 -9999 -9999 -9999 -9999 -9999 0.15906397998333 0.115419834852219 0.0588160566985607 0.0154460025951266 0.00473721837624907 0.00420657638460398 0.0061101564206183 0.00989606324583292 0.014508867636323 0.0175133291631937 0.0195044744759798 0.0244300737977028 0.0260894503444433 0.0267681553959846 0.0296700187027454 0.0401179790496826 0.0487835705280304 0.0444415025413036 0.0354561395943165 0.03254209831357 0.031494252383709 0.0301464721560478 0.0252098236232996 0.0213420428335667 0.0208160504698753 0.0209281463176012 0.0210887808352709 0.0194870214909315 0.0159349255263805 0.0160647034645081 0.0186682511121035 0.0173671506345272
