meets/meet004/_saidas_enm/CCSM_Maha_6k_Cavanillesia_umbellata5.asc
NCOLS 154 
NROWS 168 
XLLCORNER -112 
YLLCORNER -55.5 
CELLSIZE 0.5 
NODATA_value -9999 
[rows 75 to 99 of 168, columns 56 to 111 of 154]
-9999 -9999 -9999 -9999 -9999 -9999 -9999 -9999 -9999 -9999 -9999 -11.5800860411924 -1.45820255342123 -7.26069455168222 -9.08075419555226 -7.25299567227564 -7.19346761761594 -4.47758834679164 -2.58340340094291 -2.15978248542841 -2.60003118802251 -3.90258406050256 -6.04604120633627 -7.1772321680021 -6.93284778466228 -6.84647675956175 -6.56053619069604 -6.32749937795605 -6.1765885976197 -5.74102865067165 -5.68210013288283 -5.50902782414828 -5.58017222594556 -5.58071442318919 -5.30501989297251 -5.2701092833919 -4.85024217649554 -4.69042430523061 -4.33551708030591 -3.81693504054637 -3.55939551946784 -3.07590456527266 -2.80864121020809 -2.51631187835928 -2.37776269638622 -2.66655591242313 -3.04731166085445 -3.65417621175425 -4.4017044433975 -5.2684842031825 -6.2541773279194 -6.96208516485845 -7.66410160335989 -8.01096603303268 -8.37679046884476 -9.89727747898631
-9999 -9999 -9999 -9999 -9999 -9999 -9999 -9999 -9999 -9999 -9999 -17.2712158517045 -1.60715407548139 -5.63732247327338 -6.32269949093825 -5.01889623610932 -5.0095975767549 -3.46624971076847 -3.21307875819816 -1.5743233704429 -1.48492321491767 -2.52384883017229 -4.31341820820914 -5.63309339938817 -6.13583356319923 -6.49133009344018 -6.52978598162476 -6.2751093276151 -6.1378092238024 -5.95069370446115 -6.0780807160435 -5.94058347705199 -5.99736205776835 -6.02485256061849 -5.65422626036243 -5.68381092830002 -5.40549627844358 -5.1634162009356 -4.92032853731577 -4.43447704538593 -4.21348267114454 -3.8379538830897 -3.63367553982774 -3.34354746351365 -2.8192060611312 -2.64685427975076 -2.87991911443497 -3.38223792103216 -4.04753671149529 -4.83370257820822 -5.70594275557463 -6.39188120466759 -7.077338393371 -7.75569674857565 -9.25486920601653 -10.9395032562972
-9999 -9999 -9999 -9999 -9999 -9999 -9999 -9999 -9999 -9999 -9999 -9999 -2.62571593105246 -2.1877296498615 -3.68859700600693 -4.10482655895268 -3.7118544543668 -6.16784120522024 -2.62678166612767 -1.69675175809745 -1.68807655920408 -1.55488026572126 -2.60995872578859 -3.95420183433026 -4.801985324181 -5.8303520187636 -5.92641957313136 -5.66940329059634 -5.68975636246983 -5.7385634267746 -5.9834452966641 -5.91203540409289 -5.94422375633381 -5.99684866321834 -5.79125250643234 -5.81978862985336 -5.69139610074069 -5.57960102390193 -5.36439783505396 -4.92670781645287 -4.68093757110015 -4.39855997033117 -4.34891209351541 -4.16028113626733 -3.69190383084643 -3.44893571634647 -3.41526605540771 -3.70686710670828 -4.17270419531252 -4.75933038196369 -5.53447411763192 -6.20978822550029 -7.12858734701086 -8.46688580784574 -9.91542463284641 -11.4637717143268
-9999 -9999 -9999 -9999 -9999 -9999 -9999 -9999 -9999 -9999 -9999 -9999 -12.5969642177091 -2.02789568801113 -2.23031619062127 -8.05853213007563 -6.68120055859757 -4.48233542081338 -3.8313384370758 -5.05025423784148 -2.61517303018402 -2.59975607951863 -1.29041226388563 -2.58320588488457 -3.6671188704057 -5.66074995949438 -5.12094510080196 -4.72085004932597 -4.73399563964283 -5.03874954093797 -5.60981815296767 -5.53622583460262 -5.53446291475417 -5.65918782325513 -5.56511837202648 -5.8129788099542 -5.90454855560312 -6.06457940033751 -5.96836015595143 -5.33133026137317 -5.02796162848748 -4.88469704186916 -4.97356559815739 -4.92860393859855 -4.46043280294644 -4.48268579860673 -4.45274832062271 -4.51399480727656 -4.88680745783934 -5.32794849237391 -6.08587270551519 -6.98821665487678 -8.11796901450967 -9.36627289080761 -10.6331881250804 -12.0425068471062
-9999 -9999 -9999 -9999 -9999 -9999 -9999 -9999 -9999 -9999 -9999 -9999 -9999 -10.2319165934999 -2.49514686006568 -7.81250742108681 -10.9506426398892 -6.40065049218402 -6.49555159383502 -4.93397152304041 -5.19340199415197 -2.18790321031071 -2.08517218595109 -2.21546988849708 -3.48268930663168 -4.1098217472107 -3.37165632128995 -3.18887671542406 -3.49216503492456 -3.75956176300076 -4.40872385605354 -4.58560374117448 -4.83136401618757 -5.16623463796898 -5.38373739711292 -5.88219547644082 -6.07760461423188 -6.28820668889838 -6.31939917302034 -6.00417068578742 -5.70610561994199 -5.29919408741144 -5.22995710106679 -5.22424532628046 -5.16274698125291 -5.36772694296017 -5.46326927508714 -5.67542122070624 -6.12871811316152 -6.53973975359656 -7.25112596955747 -8.03070910014146 -9.12421770181736 -10.2240923802555 -11.2508612392293 -12.3629290755504
-9999 -9999 -9999 -9999 -9999 -9999 -9999 -9999 -9999 -9999 -9999 -9999 -9999 -24.9372004419126 -2.21421733593939 -12.3804483237706 -11.7759130431747 -10.0842460491813 -12.1708073097398 -11.1772817536284 -11.1190349839252 -5.92571811840825 -2.28777279476862 -4.12341835922433 -5.0767080027319 -3.70983064316485 -2.96675535518722 -2.15415328679698 -2.79134257233778 -2.63297754044768 -3.31201470309411 -3.53238802458653 -3.75856946052111 -4.23819607285924 -4.82231077317643 -5.75823395597685 -5.69019007402994 -6.0537954089974 -6.29315602380918 -6.49505560484257 -6.68885111613664 -5.97660719457033 -5.39361601682222 -5.67854396194058 -5.76724168649766 -6.09739288413531 -6.43142073363161 -6.84916629737628 -7.47067203186851 -7.97061733341914 -8.59447798914203 -9.29666830513878 -10.1353549112972 -10.8846685234007 -11.5913958968982 -12.7037048053664
-9999 -9999 -9999 -9999 -9999 -9999 -9999 -9999 -9999 -9999 -9999 -9999 -9999 -9999 -7.70380976560325 -2.2721315594853 -4.73158018585455 -11.1079029140016 -16.9895434956181 -15.8438946202698 -12.6437071488957 -2.34090263357051 -3.51335394857091 -8.22854314482991 -8.12333006343301 -9.1484948845527 -6.10036915115183 -3.93092423250833 -3.51294154337501 -1.85869044013164 -2.25553663315868 -1.99160620489751 -2.66165675101671 -3.28586775761408 -3.73530648626421 -4.39065499352647 -4.58818369182482 -5.04755236210759 -5.48864543949786 -5.8539648391144 -6.23568483698569 -6.23859147568167 -6.30050932023186 -6.59904798638324 -6.44546385934 -6.79842500168737 -7.21613075108359 -7.90483200272122 -8.69690053370236 -9.22052741348641 -9.95283453836315 -10.4438468883337 -11.0205709754021 -11.3217725889958 -11.1891864097584 -11.582844161715
-9999 -9999 -9999 -9999 -9999 -9999 -9999 -9999 -9999 -9999 -9999 -9999 -9999 -9999 -20.7235704940042 -8.09216163501254 -0.593599093144494 -9.58549755325831 -19.3891730818723 -18.4162985097069 -15.5913366836567 -8.20195600986355 -3.5966763642202 -6.51859048430374 -8.54838884215066 -20.5554022637824 -12.0145266880331 -7.23648996817181 -4.7793887538301 -1.34859797852853 -1.21703713981198 -1.73745956832673 -1.8401936829783 -2.27302526208892 -2.74131932777872 -3.25618317839758 -3.39298398857953 -3.67262020400039 -4.5743364961518 -5.06168652723486 -6.33272096263226 -6.87942439727172 -7.35006703445474 -7.26100528370818 -7.03265822288101 -7.47443302094164 -7.95132300264166 -8.67701526614422 -9.45101764477879 -9.89084226183353 -11.0245242668064 -10.9947791322935 -11.4226149098568 -11.421219180762 -10.6761385728832 -10.0407911332881
-9999 -9999 -9999 -9999 -9999 -9999 -9999 -9999 -9999 -9999 -9999 -9999 -9999 -9999 -9999 -19.352903879963 -1.53244812205445 -6.82888257574115 -19.3637499952303 -20.3418342261325 -18.4479835354635 -20.3333891916167 -17.468829375287 -12.2031989891822 -9.2199411636082 -10.2361313551964 -10.4494233301425 -13.2230888895069 -15.8669742266385 -7.4868711394485 -3.59546602507769 -1.48923220565533 -1.4135301882653 -2.6057160006861 -2.69942685030404 -2.81100975984355 -3.11606989748472 -3.51785067851294 -3.80004755901505 -3.95848308624528 -4.37544764272665 -5.74969312215816 -7.40005190129008 -8.5704824470555 -8.00405570752431 -7.87364975747794 -8.33152064140531 -8.88694315795041 -9.3462035260097 -9.46031405402903 -9.72920044010676 -10.1122803219053 -10.5894128201253 -10.6065309133606 -10.2665034934557 -10.1607137156167
-9999 -9999 -9999 -9999 -9999 -9999 -9999 -9999 -9999 -9999 -9999 -9999 -9999 -9999 -9999 -29.0370968717835 -9.34195588667067 -4.81635441257931 -18.0279719582297 -19.5736042645519 -24.6608055465778 -31.8335348535292 -42.2300438886592 -40.1292888591071 -27.4651726538766 -26.3548557327524 -15.7781385008004 -16.6982143649934 -12.5710626107334 -9.68653215481226 -8.29061971159764 -4.98090606091866 -2.38099028888179 -3.11105094315151 -3.22664327211069 -3.00215830442993 -3.39631025088194 -3.69150600471667 -3.67566733947807 -3.46584249089548 -3.53694390624158 -4.84675796992063 -7.18663051830016 -9.14424998140146 -8.4152889982306 -8.13138466230372 -8.65552817983684 -8.89510350261626 -9.10191659563078 -8.83944058288936 -8.54296418692396 -8.75950108357826 -9.19517445315368 -9.15611147806973 -9.17155129612484 -9.52663094217057
-9999 -9999 -9999 -9999 -9999 -9999 -9999 -9999 -9999 -9999 -9999 -9999 -9999 -9999 -9999 -34.0080456397233 -26.9971983772292 -4.31067694408404 -7.77370186435161 -17.0722863828995 -32.896494080908 -43.3859323263268 -57.9417162509049 -61.3364553761961 -49.9715743586146 -42.4005581104704 -29.0265392915526 -21.5715234292938 -11.1927896276274 -4.13768595859556 -7.0014622101768 -6.693538188988 -5.92920150955997 -6.05962399705586 -4.61944569509368 -3.73098293224472 -4.22407135273103 -4.19633273336804 -4.1518755658154 -3.78500809825625 -3.95805611342946 -4.60786521760767 -7.16281993534682 -9.27368067526345 -9.70809963629864 -8.43488202999971 -8.55268651315354 -8.71311083158102 -8.59983310880278 -8.12267460154555 -7.75780615387692 -7.42264724682911 -7.20956391505608 -7.16968757638356 -7.36656061775794 -7.34494556399657
-9999 -9999 -9999 -9999 -9999 -9999 -9999 -9999 -9999 -9999 -9999 -9999 -9999 -9999 -9999 -9999 -50.8902143006009 -22.7566256828558 -6.53907974825369 -10.2885464368801 -32.123587473557 -40.2961772905787 -60.8112199375469 -70.1535874400592 -66.219258769872 -72.1148293876695 -53.1183810718878 -47.1401429749704 -29.3869743178409 -9.98365410397594 -4.0653643443554 -10.4626871242966 -11.2752847491953 -10.627789078163 -6.97969785254116 -4.60933560035938 -5.49493926815955 -5.07662042921723 -4.71025800910828 -3.90721816548843 -3.98437285092969 -4.93576062527659 -7.62704869767757 -9.33503681111112 -9.16016094827902 -8.08609037067005 -7.76294268176899 -7.78048813306937 -7.62039877166035 -7.12567022866045 -6.84820207058894 -6.57154446747996 -6.16874647405047 -6.23546218393295 -6.70312778182943 -6.78560466174736
-9999 -9999 -9999 -9999 -9999 -9999 -9999 -9999 -9999 -9999 -9999 -9999 -9999 -9999 -9999 -9999 -9999 -42.5386972604362 -34.8343263730158 -9.99098747386488 -8.43759351561214 -16.7792366466328 -26.7915148354336 -38.5632777313006 -47.4574962592235 -57.3243388710693 -59.0882663096744 -58.0389095453028 -47.1493933788465 -23.6473961828485 -9.53046791540894 -7.1274748778285 -12.9031428064961 -12.3519922528079 -10.2562930068372 -7.50089444044126 -6.46065668675105 -5.82284010475208 -6.04225384852757 -5.15764750069978 -5.84007430183749 -6.36759507637788 -7.79926853284208 -8.39782145951641 -7.81149965241617 -6.70930443667557 -6.55603455420573 -6.30155873874325 -6.28260281465934 -6.39743432479416 -6.44449958407195 -6.46918440897639 -6.55485212828077 -6.7529461552178 -7.1156404151657 -7.48837774983633
-9999 -9999 -9999 -9999 -9999 -9999 -9999 -9999 -9999 -9999 -9999 -9999 -9999 -9999 -9999 -9999 -9999 -9999 -9999 -51.222342392579 -18.8362295348528 -8.15239037168846 -4.7090925840128 -10.997244200678 -21.8379112778921 -35.8609666756241 -47.4990500140209 -57.3422525963537 -53.9804968423662 -40.4077142700641 -20.1727939833194 -8.90939963857207 -8.27248580492732 -15.2817996340412 -12.059475390487 -10.8118790231741 -7.95819507539853 -7.41701243481448 -6.82204700482791 -6.15861266870674 -7.59188373309001 -6.56964195054003 -6.73069786579362 -6.92327070829893 -5.87696230903956 -5.78785731265561 -5.8378630908997 -5.66579732358708 -5.89963559959195 -6.34009613308929 -6.82163770173364 -7.03760056739806 -7.35918123726459 -7.50537721049049 -7.68091140342448 -7.90843308791365
-9999 -9999 -9999 -9999 -9999 -9999 -9999 -9999 -9999 -9999 -9999 -9999 -9999 -9999 -9999 -9999 -9999 -9999 -9999 -9999 -9999 -43.5101103674643 -17.1631190459097 -7.09204118140603 -7.48168558291727 -19.8830352563556 -32.6862069248334 -50.8758819329439 -61.110471754785 -55.2272301107435 -42.4295440000774 -20.9549256691537 -8.21211821804839 -7.29454648687662 -11.3777144940624 -11.6080498713433 -10.4372706784869 -7.08415558312126 -8.14930818912797 -5.55895423883995 -4.63010335342754 -4.88607169536298 -5.30060177622814 -4.78230923369918 -5.06786686044252 -5.2433475443687 -5.35274814847795 -5.63939150714352 -5.88973973696346 -6.23724907245845 -6.84321359115228 -7.33766627228368 -7.66400226366355 -7.85765058807602 -7.81468000661271 -7.62314009764394
-9999 -9999 -9999 -9999 -9999 -9999 -9999 -9999 -9999 -9999 -9999 -9999 -9999 -9999 -9999 -9999 -9999 -9999 -9999 -9999 -9999 -9999 -9999 -28.9656339522368 -9.43967511880317 -5.7901846652013 -15.3713164508753 -35.7886637447275 -52.804484050835 -58.3810593061289 -55.2283782022598 -38.1714936731142 -19.2290474788631 -8.44593282501104 -4.73290439368657 -7.46791057983886 -9.60817023331788 -7.91971373650868 -6.2630205404763 -3.98087878443773 -2.81021944916779 -3.10775921739333 -3.35482693918087 -3.77409600496982 -4.26237590248116 -4.69346591418357 -5.00577378988277 -5.27127274297057 -5.58496196472151 -6.0103034535321 -6.66385746658399 -7.18272330037287 -7.63004960295124 -7.90501444234591 -7.89156063115516 -7.63234094536548
-9999 -9999 -9999 -9999 -9999 -9999 -9999 -9999 -9999 -9999 -9999 -9999 -9999 -9999 -9999 -9999 -9999 -9999 -9999 -9999 -9999 -9999 -9999 -9999 -9999 -15.0562245364623 -4.91203269958725 -16.0615284873442 -37.0371774497392 -49.1229781097088 -53.5280056467686 -52.7379856954109 -46.008032129754 -30.2904161098209 -13.1583403099496 -5.16837793969624 -3.54887335194634 -7.7358034461747 -6.78577419544859 -6.07032013561365 -3.52444131993735 -2.93078997569424 -2.60476815573804 -2.99774357037067 -3.60479187058377 -4.09346236811355 -4.48207291851123 -4.56905174303599 -5.02506549422324 -5.69412152944167 -6.37489582485243 -7.01189304270427 -7.41878812582756 -7.74276710091148 -7.86477246970236 -7.74157854586973
-9999 -9999 -9999 -9999 -9999 -9999 -9999 -9999 -9999 -9999 -9999 -9999 -9999 -9999 -9999 -9999 -9999 -9999 -9999 -9999 -9999 -9999 -9999 -9999 -9999 -47.4715177330907 -16.3231506050943 -7.12554747517599 -18.5456147868098 -36.6276831065883 -52.8628928949769 -61.4091624818625 -59.9850099088522 -50.0268072159864 -33.3439740842921 -17.4391525441083 -7.50435579433568 -4.4437315609734 -7.4805197337766 -6.65103782233758 -6.26974432356872 -3.50878662498809 -2.35774175923629 -2.68377194738644 -3.16047056287275 -3.56319322765551 -3.95585664140249 -4.04001329769218 -4.56988833142245 -5.473453981225 -6.27654143245634 -6.88999593053939 -7.17058979267004 -7.51908928873425 -7.6237675662614 -7.64487528191533
-9999 -9999 -9999 -9999 -9999 -9999 -9999 -9999 -9999 -9999 -9999 -9999 -9999 -9999 -9999 -9999 -9999 -9999 -9999 -9999 -9999 -9999 -9999 -9999 -9999 -9999 -9999 -16.1671045423102 -11.4420960733951 -27.7906570313106 -56.7598761732455 -68.3354709348098 -71.9156413757887 -65.0320219830183 -50.4142623274204 -38.1427312112241 -21.6705336498207 -10.9976843540009 -7.2160070374226 -10.622846210502 -10.1113216222904 -5.00048770363378 -2.18283345951643 -2.52920720894278 -2.87606999157771 -3.17560741442387 -3.51667951924983 -3.7537994225314 -4.38421952058196 -5.49926779151339 -6.7603567257672 -6.9188861335601 -6.85018092575298 -7.11064353350919 -7.24239094143439 -7.4131610778902
-9999 -9999 -9999 -9999 -9999 -9999 -9999 -9999 -9999 -9999 -9999 -9999 -9999 -9999 -9999 -9999 -9999 -9999 -9999 -9999 -9999 -9999 -9999 -9999 -9999 -9999 -9999 -30.7939262834452 -15.8637796046909 -21.1813905206553 -43.6688701314403 -63.2427174985429 -72.5430042168754 -71.6423234611904 -60.9810484356019 -47.5530680755936 -29.9815202600726 -18.6582637989122 -11.1821181263129 -11.7520497394375 -10.608892679672 -6.35222570567813 -2.16413960604514 -2.11835616314756 -2.61855826714591 -3.01718902241848 -3.43395681836817 -3.79917395641931 -4.45839220634705 -5.44597404626009 -6.30125778832888 -6.5339479023158 -6.65385070374745 -6.82827832436444 -6.89917707817137 -6.9683245346216
-9999 -9999 -9999 -9999 -9999 -9999 -9999 -9999 -9999 -9999 -9999 -9999 -9999 -9999 -9999 -9999 -9999 -9999 -9999 -9999 -9999 -9999 -9999 -9999 -9999 -9999 -9999 -9999 -19.2098584071459 -16.6736187450921 -32.1295139065446 -53.8315177087802 -66.9745974379268 -71.9778445161243 -63.6492479963959 -49.8358716015171 -32.8706851381155 -20.8696605783363 -11.9369190146655 -10.3836670790827 -11.7498393803897 -7.2416056151364 -2.61560336205011 -2.14194205461901 -2.52994802285234 -2.91449376163967 -3.46686917720071 -4.00854218911148 -4.66616487675151 -5.15436908048866 -5.62020119039317 -6.04045739658364 -6.47030660608489 -6.59972183781723 -6.60386281538342 -6.60448605796543
-9999 -9999 -9999 -9999 -9999 -9999 -9999 -9999 -9999 -9999 -9999 -9999 -9999 -9999 -9999 -9999 -9999 -9999 -9999 -9999 -9999 -9999 -9999 -9999 -9999 -9999 -9999 -9999 -20.7283592884553 -15.9197340071521 -26.902174558834 -48.1637727067926 -62.1153858470859 -68.7482699824885 -61.3572641842445 -46.1932917580799 -31.346555779144 -18.9355468368662 -13.1345688880266 -9.93494864232191 -11.5324939184162 -7.13291578562066 -3.23314853848718 -2.37792364008711 -2.98674599982796 -3.17454689972483 -3.47959105056327 -3.88242703115669 -4.35155265439961 -4.67907642551448 -5.08955597576278 -5.4479081412325 -5.94766165392868 -6.21191465286705 -6.2336264645121 -6.08512438488273
-9999 -9999 -9999 -9999 -9999 -9999 -9999 -9999 -9999 -9999 -9999 -9999 -9999 -9999 -9999 -9999 -9999 -9999 -9999 -9999 -9999 -9999 -9999 -9999 -9999 -9999 -9999 -9999 -21.0120816937433 -14.5760352160401 -25.3549593504228 -46.2145435552282 -63.3583852264194 -70.9584311751461 -61.1979230299771 -45.050037150003 -28.6940319428162 -20.0610202781944 -14.1957352916756 -9.63664429739283 -12.2964360681777 -6.72626258314861 -3.56775876857976 -2.87377684601625 -3.63600629609789 -4.60037809397288 -3.69995668983827 -3.72943229343097 -4.08725540559993 -4.26341032933278 -4.68775083765507 -4.94048415813371 -5.52822078467832 -5.72634277969012 -5.50430481160699 -5.48972474965925
-9999 -9999 -9999 -9999 -9999 -9999 -9999 -9999 -9999 -9999 -9999 -9999 -9999 -9999 -9999 -9999 -9999 -9999 -9999 -9999 -9999 -9999 -9999 -9999 -9999 -9999 -9999 -9999 -22.1223723047123 -14.2394194835286 -23.5694206530455 -45.5104590553694 -63.779600463319 -72.05896106684 -61.8499202564828 -43.570694938326 -27.8438617280312 -19.5695066105386 -13.8719707238308 -9.73591760955098 -11.7878624782321 -6.60997013566439 -3.67950273555648 -3.18605008986305 -4.40096066672252 -4.87487542184062 -4.2424352941731 -3.55415178321751 -3.4928328651104 -3.67468970138998 -3.97894429529749 -4.26825996478231 -4.49086285191716 -4.55471758412332 -4.49412690269896 -4.77692383238718
-9999 -9999 -9999 -9999 -9999 -9999 -9999 -9999 -9999 -9999 -9999 -9999 -9999 -9999 -9999 -9999 -9999 -9999 -9999 -9999 -9999 -9999 -9999 -9999 -9999 -9999 -9999 -9999 -23.3051864719098 -14.1723979843954 -24.1189072260511 -45.7898889022617 -66.3300187605187 -74.2447060420462 -61.6403884794023 -44.1817372564032 -26.9360914566916 -18.7139580450865 -13.2659360914134 -9.72324432948779 -12.8263104045523 -6.40258800106473 -3.57590652296953 -3.4079387095516 -4.74362224882633 -5.69146721774053 -4.66078419180224 -3.60329801158126 -3.15583505145873 -3.0943530930397 -3.50491061264812 -3.55063503233404 -3.50381047720461 -3.62460751155671 -3.85630441183289 -4.35335282740763
