meets/meet004/_saidas_enm/CCSM_Gower_21k_Cavanillesia_umbellata2.asc
NCOLS 154 
NROWS 168 
XLLCORNER -112 
YLLCORNER -55.5 
CELLSIZE 0.5 
NODATA_value -9999 
[rows 78 to 103 of 168, columns 59 to 117 of 154]
-9999 -9999 -9999 -9999 -9999 -9999 -9999 -9999 -9999 0.406282013611305 0.275341559694364 0.180329165274838 0.114846935037152 0.0849663098869324 0.129971496541479 0.216058986084627 0.341310059008754 0.516845736313192 0.647816082905454 0.631114875000984 0.594871343978644 0.575500901941216 0.558324486550708 0.567755197356876 0.575615573487226 0.57749421592458 0.578822025399854 0.568768299988805 0.574830022204408 0.574718294236031 0.573864528741134 0.572188993160384 0.571919079889699 0.56392496294955 0.560154367984681 0.564537099115356 0.571143127229594 0.586516397902577 0.610903192543846 0.636472153558427 0.644265132270067 0.632317583510512 0.615178439910161 0.605162498215814 0.593889672804157 0.587736626846887 0.590731309731195 0.594138799984226 0.585649697938419 0.576678460975626 0.574381830514537 0.576218878920136 0.577283942096351 0.582140217766872 0.584062846348027 0.576069396369088 0.554818173664531 0.546540577400264 0.569102971967393
-9999 -9999 -9999 -9999 -9999 -9999 -9999 -9999 -9999 -9999 0.395057599638099 0.220714321389714 0.0530647141255177 0 0 0 0.0599799039693784 0.240136067083826 0.454996217806136 0.659702509400204 0.61533973839178 0.588613776563664 0.57065794884687 0.574988463469988 0.575935015651108 0.572704631172516 0.570354632369145 0.562202714071597 0.565116855927211 0.566234519555892 0.567822515697502 0.569177969206189 0.561467843516704 0.56068382801352 0.553655460499918 0.552837273899877 0.553022975253961 0.56171228844179 0.587199031139891 0.612375459990322 0.624089822046769 0.62214718046732 0.608672415397825 0.590136491665816 0.569667115019634 0.55896785023574 0.561464643975799 0.564499088569413 0.559506013015838 0.551087125025238 0.547649282314413 0.548090179051022 0.548667120266881 0.551865637318067 0.553203301379326 0.54784995751993 0.532641131803914 0.529014132234828 0.549671648129187
-9999 -9999 -9999 -9999 -9999 -9999 -9999 -9999 -9999 -9999 0.527968251008469 0.270799549190742 0 0 0 0 0 0 0.21771935871559 0.507224906674611 0.572731478047119 0.6263741476804 0.594594216913784 0.597851895817417 0.590577788995351 0.575174804732253 0.572882397665158 0.561946494835983 0.569446858623784 0.56909836462849 0.570073072769569 0.573155894421655 0.55829300306821 0.57008305533719 0.560882583494494 0.554044396692242 0.542298114142832 0.533140132203345 0.555836139598635 0.586410011866884 0.599646999542387 0.606241211726052 0.608393373810928 0.575951525282175 0.543942166241085 0.529061997366756 0.530011365143872 0.533938609631415 0.530035809636381 0.525561955580752 0.523973959439142 0.524975031797272 0.52143813130005 0.524414984157387 0.52196925509016 0.51819430874966 0.506028502396882 0.502332392744264 0.529572772076714
-9999 -9999 -9999 -9999 -9999 -9999 -9999 -9999 -9999 -9999 -9999 0.388706290243603 0.151018589742844 0 0 0 0 0 0.00634119909638398 0.244500510119084 0.225818222897434 0.315406502507661 0.430894357039477 0.556526088485621 0.61452750241757 0.586330568566857 0.595340760850598 0.589119880464153 0.595950416461765 0.593692955664852 0.593462495074645 0.596385730909934 0.597354000430162 0.60615087021743 0.603713085376155 0.591727938109096 0.567376243732173 0.541105581256991 0.546605336108167 0.555682817598503 0.566417661277253 0.582113526832473 0.578656801107557 0.557811792116207 0.525712717948161 0.509380469429837 0.507752543017742 0.506404384462316 0.506128967981276 0.502278640457072 0.50414346087772 0.513110110271132 0.512050294342 0.506702325711322 0.491687904100651 0.488487339343286 0.488433843019367 0.496278477408468 0.525559651911301
-9999 -9999 -9999 -9999 -9999 -9999 -9999 -9999 -9999 -9999 -9999 0.510297901889087 0.36094891124838 0.0578702869372969 0 0 0 0 0 0 0 0.0412618871706512 0.0796421468492563 0.220507104098779 0.434501845655649 0.584686520841231 0.648800742300488 0.60536395250634 0.62957708152015 0.624461119664325 0.626687828451018 0.630307112704394 0.643979068341198 0.654526397072434 0.660669070274168 0.643105474016704 0.609174618459664 0.557854537982688 0.556663796839753 0.5401874409991 0.539025879669212 0.554911984203845 0.557646055897365 0.542822582887861 0.514045656031542 0.500649818173524 0.501111319953557 0.489257916774672 0.496389181523756 0.491233441310607 0.492914992028258 0.505934947820841 0.514060885846246 0.498775015185255 0.473656443398884 0.475775307367331 0.491424261930138 0.498719343173521 0.547129420908287
-9999 -9999 -9999 -9999 -9999 -9999 -9999 -9999 -9999 -9999 -9999 -9999 0.483164505848489 0.205449309838415 0 0 0 0 0 0 0 0 0 0 0 0.147217295517326 0.424860731091786 0.645764353427331 0.646724673911675 0.619771464908548 0.632055594549226 0.654295594157363 0.677987046880796 0.679049837602593 0.681076666126615 0.675376273527963 0.668869587256924 0.651602383982818 0.602698508354157 0.543981584585025 0.519593531977918 0.529546151896391 0.540023368541529 0.533885753215677 0.52132550746022 0.517171607495018 0.520441666280823 0.519954184228647 0.516051256251977 0.505064032786698 0.503295838501359 0.508064946191635 0.503005576150523 0.50067503055585 0.492334595308223 0.504978541053735 0.531613055320552 0.564481427103622 0.595002488738181
-9999 -9999 -9999 -9999 -9999 -9999 -9999 -9999 -9999 -9999 -9999 -9999 0.529888083451202 0.333963269473387 0.00164258923725213 0 0 0 0 0 0 0 0 0 0 0 0.222521099116694 0.467772011781778 0.603296855847214 0.610963917153252 0.622290029715098 0.652324774767434 0.692358992353881 0.684394853291128 0.687491486554911 0.701617830065678 0.715673627846674 0.712241027944576 0.655322508400988 0.551976853359899 0.499242532102188 0.507166259142442 0.527360097568954 0.528024962168862 0.531324456730987 0.536918662029657 0.545472186701509 0.555246016274251 0.550363132909419 0.53636002218777 0.533668312415822 0.532211369469652 0.517812411547326 0.529274574864436 0.531955150234037 0.550809020929839 0.584535855029803 0.618657677733492 0.617711546815213
-9999 -9999 -9999 -9999 -9999 -9999 -9999 -9999 -9999 -9999 -9999 -9999 0.454208869014388 0.431808591817956 0.197715468899456 0 0 0 0 0 0 0 0 0 0 0 0 0.217263263092668 0.418897821154424 0.628287615802367 0.61603255605393 0.628461034830189 0.652423539132518 0.66183331401591 0.687760134576249 0.711728256544055 0.716449431444626 0.71285617443065 0.675812255977843 0.55077357001662 0.488541219612114 0.482701033608724 0.504648604395687 0.523266988880934 0.540147126783706 0.556413848704311 0.56997644663426 0.577541825093235 0.584676486037932 0.586715320904229 0.588534459164271 0.586779152525645 0.590415054622203 0.588505250217193 0.598629191764451 0.612084691955948 0.620662278820574 0.619091097325614 0.617947114168169
-9999 -9999 -9999 -9999 -9999 -9999 -9999 -9999 -9999 -9999 -9999 -9999 -9999 0.508991810291358 0.383833591486393 0.198024263253602 0 0 0 0 0 0 0 0 0 0 0 0 0.207726281210485 0.463174169030612 0.616625902326371 0.620403050891587 0.617492379107165 0.613591301141463 0.647950218853956 0.670711894355117 0.71326839067524 0.714574866206505 0.642295841376264 0.519907470931445 0.471032819857378 0.473305645734139 0.495723677015667 0.530282814194191 0.557194920629863 0.582328439214638 0.600120604431297 0.606597791455449 0.618290854454234 0.627780541903652 0.632255620629084 0.633636205361011 0.632004332678847 0.629150483960086 0.625723425140335 0.623817192534643 0.621954733974946 0.620173421158246 0.619340654219681
-9999 -9999 -9999 -9999 -9999 -9999 -9999 -9999 -9999 -9999 -9999 -9999 -9999 -9999 0.514425339584526 0.401447123890564 0.252765036090996 0.0838709533234829 0 0 0 0 0 0 0 0 0 0 0.0533688244810836 0.232713489873736 0.430965198757786 0.622994527901184 0.596080244987401 0.589328443708562 0.584576269133303 0.584269197487082 0.601536872108189 0.573438733837593 0.550569311325291 0.49971875177038 0.480291395362896 0.494619067513875 0.520924157049187 0.550291719156436 0.582896628775685 0.610269964380099 0.631164744701405 0.650379234351901 0.645405390380288 0.639936548817004 0.64169866969738 0.638680681887988 0.634120276997342 0.630645307670866 0.627856500545796 0.626168822359138 0.623673019320852 0.622091650162597 0.620571612371644
-9999 -9999 -9999 -9999 -9999 -9999 -9999 -9999 -9999 -9999 -9999 -9999 -9999 -9999 -9999 -9999 0.444299574694407 0.346793680392101 0.14360375008031 0 0 0 0 0 0 0 0 0 0 0.0672202472072015 0.221035675986475 0.451102085199706 0.625878819113656 0.605742000104897 0.55787552697102 0.530471971052452 0.523665011769425 0.4855007598816 0.506689271584433 0.50135218139283 0.50377679349009 0.527081609528646 0.541694168801741 0.561741852199746 0.591661049495428 0.619433584795086 0.64534295719236 0.66849956023064 0.661921387446964 0.646940705950846 0.643979421071073 0.642268417803561 0.638093799161057 0.635370976645554 0.628656675050848 0.630101275850268 0.627483178891549 0.62597046438078 0.624984129405172
-9999 -9999 -9999 -9999 -9999 -9999 -9999 -9999 -9999 -9999 -9999 -9999 -9999 -9999 -9999 -9999 -9999 -9999 0.353564042128878 0.223741093307926 0.0379295262363526 0 0 0 0 0 0 0 0 0 0.05959357895217 0.269212232955542 0.450220178607263 0.602018338835064 0.595385512803214 0.536232936423053 0.541875006853651 0.549376010549632 0.544885902826209 0.544833302373743 0.554553763604202 0.55417314621823 0.559930656084654 0.572368167451023 0.579482922569041 0.602032613658153 0.64516659225471 0.668346745855627 0.663832730538266 0.65044836940746 0.642111363651482 0.636151874831654 0.626971417027752 0.625530858852515 0.62143701244921 0.632201770534789 0.632371673801509 0.630477338213414 0.62949392283262
-9999 -9999 -9999 -9999 -9999 -9999 -9999 -9999 -9999 -9999 -9999 -9999 -9999 -9999 -9999 -9999 -9999 -9999 -9999 -9999 0.292051689673227 0.104748304009143 0 0 0 0 0 0 0 0 0 0 0.20630445417618 0.382966689124283 0.54325059750367 0.637605357071142 0.616666621821069 0.611721291741795 0.602308424489112 0.606538321614674 0.604187647526084 0.597122582578936 0.593260752314993 0.593279179589599 0.595017445941595 0.611010166462665 0.646427131252409 0.667767423973235 0.662634363562718 0.647993016745493 0.639898218837221 0.633422921363079 0.624469615355864 0.618994800275724 0.612608553048331 0.62373778930721 0.640737211789482 0.638977358657203 0.637923689698027
-9999 -9999 -9999 -9999 -9999 -9999 -9999 -9999 -9999 -9999 -9999 -9999 -9999 -9999 -9999 -9999 -9999 -9999 -9999 -9999 -9999 -9999 0.328754347602964 0.0363956914774758 0 0 0 0 0 0 0 0 0 0.0880822875094438 0.273595406970004 0.459218164167499 0.600178918173935 0.641673743452859 0.635168346362691 0.65343587387463 0.653804829324195 0.642069506372946 0.637199364984672 0.62847659032174 0.635330719681954 0.640264822754283 0.656465000467086 0.670644526070438 0.660645790102398 0.641822477883611 0.637671787864324 0.645047016826983 0.650173945564476 0.629527902235323 0.603100079351424 0.608327562115905 0.634666059020263 0.646279337434658 0.621738549670042
-9999 -9999 -9999 -9999 -9999 -9999 -9999 -9999 -9999 -9999 -9999 -9999 -9999 -9999 -9999 -9999 -9999 -9999 -9999 -9999 -9999 -9999 0.502836407531803 0.282601338030773 0.0251993269315139 0 0 0 0 0 0 0 0 0 0.035650446330273 0.244435907869821 0.438889568270457 0.603463469159732 0.644176009188241 0.677966895495855 0.686209368604752 0.67332712209319 0.661971231397153 0.649769717127382 0.648047689876164 0.645287813755188 0.651363938587115 0.656581871632436 0.648028877616148 0.63930386899734 0.642900302805904 0.655881467676714 0.661772644477358 0.64039568553802 0.609053524940821 0.604912054801845 0.621835113375285 0.625703883781612 0.603314266504317
-9999 -9999 -9999 -9999 -9999 -9999 -9999 -9999 -9999 -9999 -9999 -9999 -9999 -9999 -9999 -9999 -9999 -9999 -9999 -9999 -9999 -9999 -9999 -9999 0.272631062545941 0.0606668438208243 0 0 0 0 0 0 0 0 0 0.0672085721659649 0.281729275369778 0.48430562020707 0.637507768472309 0.686276836777537 0.700955172368617 0.686315024208668 0.670817823610825 0.659900119146013 0.639686228182165 0.628298300457041 0.631826465947469 0.629097972380383 0.635820661478747 0.639707391974683 0.649259316997822 0.66702716674411 0.669705339596655 0.645505095358373 0.618456819583319 0.610018085074602 0.613560788446498 0.614855842946921 0.605821452769434
-9999 -9999 -9999 -9999 -9999 -9999 -9999 -9999 -9999 -9999 -9999 -9999 -9999 -9999 -9999 -9999 -9999 -9999 -9999 -9999 -9999 -9999 -9999 -9999 0.399061840384113 0.223015283259309 0 0 0 0 0 0 0 0 0 0 0.182836782365365 0.396309491330406 0.608117921952851 0.638996758852578 0.65834716708169 0.671640986927661 0.677312365152942 0.668078520277738 0.6441865910845 0.626137403365372 0.616343665884947 0.617122756696391 0.635309203159561 0.656538368281149 0.670729813865184 0.676615305367779 0.670799563856897 0.642261509001735 0.613209832625585 0.604949866612076 0.614638784010973 0.625132159638304 0.622566101820548
-9999 -9999 -9999 -9999 -9999 -9999 -9999 -9999 -9999 -9999 -9999 -9999 -9999 -9999 -9999 -9999 -9999 -9999 -9999 -9999 -9999 -9999 -9999 -9999 -9999 0.338074985280132 0.105502707422226 0 0 0 0 0 0 0 0 0 0.116045059927655 0.332353984312921 0.563108322237554 0.551460447457949 0.572711926125778 0.628025122093883 0.688419229597518 0.66984121031222 0.6507300830012 0.634934486455367 0.615283259991688 0.60603635786809 0.639166774652473 0.682942728905585 0.698242751422133 0.683629434664232 0.668741995808668 0.629039220485372 0.594101706119758 0.587855477045342 0.612321494400403 0.641233771721734 0.636834759870236
-9999 -9999 -9999 -9999 -9999 -9999 -9999 -9999 -9999 -9999 -9999 -9999 -9999 -9999 -9999 -9999 -9999 -9999 -9999 -9999 -9999 -9999 -9999 -9999 -9999 0.393670975207606 0.177760027008933 0 0 0 0 0 0 0 0 0 0.0925879445912512 0.299554302728882 0.512459195669566 0.493502043793374 0.503557304984057 0.541036983100003 0.590742916521045 0.633173071034741 0.664365779255424 0.66338599034744 0.626150565704376 0.609438702843146 0.638728448994099 0.684009416304028 0.696309999805707 0.682609507385541 0.652087975444482 0.603605154196318 0.564485650497616 0.561675173767301 0.599156881900907 0.632073141706929 0.637260387253099
-9999 -9999 -9999 -9999 -9999 -9999 -9999 -9999 -9999 -9999 -9999 -9999 -9999 -9999 -9999 -9999 -9999 -9999 -9999 -9999 -9999 -9999 -9999 -9999 -9999 0.380653975902102 0.220511930704803 0 0 0 0 0 0 0 0 0 0.0791287193581733 0.277777798239366 0.459792832660661 0.438441016390074 0.437398094036917 0.447144919484427 0.459395321698714 0.563055711676677 0.664159931718905 0.685969667324212 0.639818266732153 0.589060649938632 0.641621069124814 0.684294541700898 0.690183978783691 0.66692429968316 0.635293212738548 0.586252761975072 0.533329673006514 0.530947166867555 0.582351353130018 0.628005139270121 0.627283364462161
-9999 -9999 -9999 -9999 -9999 -9999 -9999 -9999 -9999 -9999 -9999 -9999 -9999 -9999 -9999 -9999 -9999 -9999 -9999 -9999 -9999 -9999 -9999 -9999 -9999 0.406784320591633 0.208507891000715 0 0 0 0 0 0 0 0 0 0.106022980816737 0.299572665299216 0.415662204876181 0.400575857585981 0.391963589343126 0.386593351907756 0.405671190466856 0.483696730738134 0.574843972202751 0.624133975711248 0.644012342526101 0.652066929228589 0.663509952527834 0.675244454523709 0.668375212925415 0.645793863549619 0.61474539895691 0.572735474746834 0.53716489869765 0.535504336968331 0.565218729309603 0.600594328977834 0.606239297204015
-9999 -9999 -9999 -9999 -9999 -9999 -9999 -9999 -9999 -9999 -9999 -9999 -9999 -9999 -9999 -9999 -9999 -9999 -9999 -9999 -9999 -9999 -9999 -9999 -9999 0.425283452240202 0.177235209436695 0 0 0 0 0 0 0 0 0 0.135467924188592 0.324272049129292 0.396445506241834 0.387149944043463 0.375351956913041 0.357595144802497 0.357257529246278 0.438803332402074 0.510811048158956 0.574161830081959 0.643370491729679 0.697807102973108 0.668217906846543 0.657387506667622 0.642508890220945 0.619220713876093 0.596993113026182 0.564713713773272 0.53747806976136 0.534953504006251 0.551159818594584 0.574004924596014 0.569968255809544
-9999 -9999 -9999 -9999 -9999 -9999 -9999 -9999 -9999 -9999 -9999 -9999 -9999 -9999 -9999 -9999 -9999 -9999 -9999 -9999 -9999 -9999 -9999 -9999 -9999 0.442224646002499 0.137901156585252 0 0 0 0 0 0 0 0 0.00670438376239879 0.176639782333625 0.363367539754794 0.400383885131724 0.394005152403326 0.379795479320897 0.358399125440923 0.37065119141648 0.448862305060206 0.554511657645902 0.61219286245104 0.624844024071731 0.622547674545941 0.623198971011413 0.621563610218908 0.609690223175761 0.59306307791467 0.572314927090376 0.549111728470939 0.529798275719648 0.522340401835056 0.524904641897378 0.529099368004518 0.522545172452929
-9999 -9999 -9999 -9999 -9999 -9999 -9999 -9999 -9999 -9999 -9999 -9999 -9999 -9999 -9999 -9999 -9999 -9999 -9999 -9999 -9999 -9999 -9999 -9999 -9999 0.446170121458942 0.104584084417138 0 0 0 0 0 0 0 0 0.0521184765019354 0.214827374099799 0.399886402036332 0.420771359773763 0.418215438517792 0.402647368349044 0.377983003389444 0.377423851621013 0.475826372040163 0.599234659358661 0.643937093486037 0.608669184641888 0.56269531538922 0.582882402004048 0.58714363486095 0.583189221849 0.57346023475247 0.550777537447341 0.53751249682149 0.521816317034935 0.510607301394172 0.505009256646416 0.493768117614974 0.483139370712609
-9999 -9999 -9999 -9999 -9999 -9999 -9999 -9999 -9999 -9999 -9999 -9999 -9999 -9999 -9999 -9999 -9999 -9999 -9999 -9999 -9999 -9999 -9999 -9999 0.481754246567586 0.41854370733994 0.0902625839827844 0 0 0 0 0 0 0 0 0.106418394189399 0.268391764189353 0.439953699881839 0.441427979796669 0.462844426793522 0.447072993804899 0.401047725878543 0.399252143523064 0.480353338474803 0.579273672593901 0.620828792729571 0.596389320638754 0.569392082483503 0.565455239373247 0.571857264759428 0.56829886334733 0.554478894347042 0.538412463687045 0.528593328615098 0.520637990110709 0.510469849116924 0.502487890432212 0.485664192430991 0.471557800528952
-9999 -9999 -9999 -9999 -9999 -9999 -9999 -9999 -9999 -9999 -9999 -9999 -9999 -9999 -9999 -9999 -9999 -9999 -9999 -9999 -9999 -9999 -9999 -9999 0.476716229901637 0.403500783594142 0.0759231165688032 0 0 0 0 0 0 0 0 0.157027600637545 0.305814426192037 0.440774121617472 0.44636704709978 0.472350774746667 0.458041531951297 0.406625933472692 0.393081380953444 0.459798463852653 0.547264953460992 0.588713112163856 0.573148983413302 0.554271820059717 0.546755842512304 0.551483228189188 0.548422931305067 0.531691636045161 0.521613338159968 0.524159020885045 0.526641864626763 0.522479133928665 0.514088273916386 0.495609773359474 0.487902207302713
