meets/meet004/_saidas_enm/CCSM_Maxent_0k_Aralia_warmingiana3.asc
NCOLS 154 
NROWS 168 
XLLCORNER -112 
YLLCORNER -55.5 
CELLSIZE 0.5 
NODATA_value -9999 
[rows 50 to 74 of 168, columns 56 to 111 of 154]
-9999 -9999 -9999 -9999 -9999 -9999 -9999 -9999 -9999 -9999 -9999 -9999 -9999 0.00281184818595648 0.00826685968786478 0.0179320760071278 0.0581511110067368 0.141439571976662 0.207365855574608 0.264151185750961 0.241197973489761 0.271144568920135 0.243085190653801 0.151902973651886 0.116079486906528 0.0903874412178993 0.0657012090086937 0.0406058505177498 0.0273777060210705 0.0237229913473129 0.0205720961093903 0.0249759797006845 0.0274142120033503 0.0628317221999168 0.190879225730896 0.341050207614899 0.456808269023895 0.518583536148071 0.538902580738068 0.54600191116333 0.551283240318298 0.539232909679413 0.524110376834869 0.399035096168518 0.248318180441856 0.0901525616645813 0.129630699753761 0.112201184034348 0.114167161285877 0.152865409851074 0.129809394478798 0.186759352684021 0.23134945333004 0.251826852560043 0.266091972589493 0.295133322477341
-9999 -9999 -9999 -9999 -9999 -9999 -9999 -9999 -9999 -9999 -9999 -9999 -9999 0.0139342816546559 0.0248523969203234 0.0431315042078495 0.091078408062458 0.165045022964478 0.22958916425705 0.250084489583969 0.268336027860641 0.278738409280777 0.251178532838821 0.175111547112465 0.126857280731201 0.0973396301269531 0.0651291757822037 0.0476236492395401 0.0386797338724136 0.0301445405930281 0.0249267518520355 0.0227673035115004 0.0237608216702938 0.0384020507335663 0.113229833543301 0.253224939107895 0.402389466762543 0.506268560886383 0.525428354740143 0.528492271900177 0.498920261859894 0.468017548322678 0.399254202842712 0.312224060297012 0.226510390639305 0.154905930161476 0.141684263944626 0.142475947737694 0.148785844445229 0.173765167593956 0.194304510951042 0.230656281113625 0.259125173091888 0.272629410028458 0.282896012067795 0.300274252891541
-9999 -9999 -9999 -9999 -9999 -9999 -9999 -9999 -9999 -9999 -9999 0.0209033396095037 0.0273572895675898 0.0378284230828285 0.0666116997599602 0.0821552351117134 0.12336602807045 0.189938053488731 0.219328165054321 0.232306331396103 0.241836592555046 0.224355444312096 0.190441310405731 0.135641202330589 0.0906302481889725 0.0666051134467125 0.0549755245447159 0.0452438741922379 0.0379512049257755 0.0304506290704012 0.0259172096848488 0.0252336133271456 0.0263231322169304 0.0357558205723763 0.0978399068117142 0.223601385951042 0.340715050697327 0.455033123493195 0.5104039311409 0.507328748703003 0.473559588193893 0.419858157634735 0.36288994550705 0.309847325086594 0.276939034461975 0.26070100069046 0.230674728751183 0.236611038446426 0.242639973759651 0.261648625135422 0.28951221704483 0.298414260149002 0.300697356462479 0.290653109550476 0.287745535373688 0.297055274248123
-9999 -9999 -9999 -9999 -9999 -9999 -9999 -9999 -9999 -9999 0.0308425109833479 0.04178337007761 0.0664796978235245 0.0873737186193466 0.0889173224568367 0.102861195802689 0.127163231372833 0.183372765779495 0.22494637966156 0.221174657344818 0.20426718890667 0.166720747947693 0.131888747215271 0.101040899753571 0.0812748819589615 0.0674153342843056 0.054024763405323 0.0445192418992519 0.0371872931718826 0.031995166093111 0.0284741446375847 0.0277315992861986 0.0303510893136263 0.0403984971344471 0.0885767415165901 0.199676215648651 0.317203313112259 0.402051389217377 0.46112585067749 0.480511397123337 0.440152406692505 0.388132929801941 0.346057891845703 0.316615462303162 0.297334223985672 0.302965700626373 0.294821053743362 0.305691689252853 0.308723747730255 0.319933593273163 0.34144201874733 0.331698954105377 0.314515024423599 0.288756817579269 0.291670590639114 0.29539829492569
-9999 -9999 -9999 -9999 -9999 -9999 -9999 -9999 -9999 -9999 0.0699676796793938 0.111610688269138 0.134301215410233 0.136772692203522 0.132782608270645 0.113240502774715 0.139062345027924 0.164077207446098 0.180061414837837 0.162516534328461 0.146483659744263 0.118830285966396 0.108717449009418 0.10072822868824 0.0843391641974449 0.068693570792675 0.0566418692469597 0.0461772754788399 0.0393537469208241 0.0351897664368153 0.0315500795841217 0.0324657000601292 0.0344353802502155 0.0438299737870693 0.0824877098202705 0.176977977156639 0.270391047000885 0.353889942169189 0.398923426866531 0.415736198425293 0.404930502176285 0.357518881559372 0.320866256952286 0.30143329501152 0.302326232194901 0.318505614995956 0.310264825820923 0.335953384637833 0.351800113916397 0.347687900066376 0.358292102813721 0.32781994342804 0.295118749141693 0.271206468343735 0.285492360591888 0.295534402132034
-9999 -9999 -9999 -9999 -9999 -9999 -9999 -9999 0.0510456785559654 0.115982554852962 0.187656477093697 0.196021243929863 0.201655134558678 0.199421286582947 0.152032896876335 0.136472150683403 0.158843457698822 0.165431082248688 0.140345185995102 0.121735490858555 0.119641102850437 0.111321784555912 0.106126576662064 0.0970022231340408 0.0816847532987595 0.0706160366535187 0.0567208491265774 0.048309750854969 0.0416377335786819 0.0375202596187592 0.0357609279453754 0.0359311699867249 0.0392847955226898 0.0476983077824116 0.0685430765151978 0.136285245418549 0.206419333815575 0.267618328332901 0.304007321596146 0.305471479892731 0.295664429664612 0.272546529769897 0.253365159034729 0.248362824320793 0.24711762368679 0.261979311704636 0.268695503473282 0.279251545667648 0.283782541751862 0.291509926319122 0.293731480836868 0.271699130535126 0.245002597570419 0.23379684984684 0.272319108247757 0.310112029314041
-9999 -9999 -9999 -9999 -9999 -9999 -9999 -9999 0.0851293653249741 0.208419069647789 0.320830315351486 0.313797652721405 0.28785964846611 0.225898280739784 0.178294494748116 0.152719005942345 0.175083845853806 0.168079450726509 0.115508072078228 0.10473906993866 0.100088216364384 0.0928070843219757 0.089686393737793 0.0836086273193359 0.0734395459294319 0.0665046721696854 0.0565909706056118 0.0488181225955486 0.0444727167487144 0.0420371666550636 0.0413437373936176 0.0421218574047089 0.0441940128803253 0.0497979745268822 0.0607769340276718 0.0973746255040169 0.135162979364395 0.173335090279579 0.190335258841515 0.189866483211517 0.180681750178337 0.16488479077816 0.154258906841278 0.154292732477188 0.157741412520409 0.168197125196457 0.170385733246803 0.182971805334091 0.188874438405037 0.188921168446541 0.196520775556564 0.18775087594986 0.184606626629829 0.202470943331718 0.258168309926987 0.311921358108521
-9999 -9999 -9999 -9999 -9999 -9999 -9999 0.0638923496007919 0.12241517752409 0.241237342357635 0.364357024431229 0.38129711151123 0.345574408769608 0.276322931051254 0.215078726410866 0.176817342638969 0.186880961060524 0.171712100505829 0.103947915136814 0.0874785557389259 0.0804583951830864 0.0773000046610832 0.0707550421357155 0.0668170750141144 0.0626276433467865 0.0554649159312248 0.0528179630637169 0.0498913154006004 0.0474295616149902 0.0468985214829445 0.0466257408261299 0.0478025153279305 0.049978855997324 0.0533143542706966 0.0555541515350342 0.0609016269445419 0.0824387967586517 0.0954533293843269 0.101279497146606 0.101913675665855 0.0961680561304092 0.0908451527357101 0.0864963233470917 0.089051179587841 0.0925296768546104 0.0940593108534813 0.0940206348896027 0.0958174169063568 0.0963620766997337 0.099086232483387 0.104632444679737 0.111492499709129 0.127489775419235 0.167441129684448 0.239624336361885 0.310912311077118
-9999 -9999 -9999 -9999 -9999 -9999 -9999 0.0909130275249481 0.161040186882019 0.302498340606689 0.420570909976959 0.429601401090622 0.380012422800064 0.305895566940308 0.253172427415848 0.228947207331657 0.229008823633194 0.190855070948601 0.11520241945982 0.0924051776528358 0.0775336101651192 0.0708906054496765 0.064640112221241 0.0613767541944981 0.0588996596634388 0.0539921671152115 0.0536179281771183 0.0521063953638077 0.0515756011009216 0.0523262247443199 0.052588377147913 0.0538464896380901 0.0546546652913094 0.0552140884101391 0.0550534054636955 0.0521533414721489 0.0500427484512329 0.0531867742538452 0.0534838922321796 0.0520898625254631 0.0499665029346943 0.0472315736114979 0.0461154952645302 0.0463553741574287 0.0465771406888962 0.0491503067314625 0.0523625016212463 0.056856457144022 0.059195913374424 0.0601696483790874 0.0648847222328186 0.0764100179076195 0.0918469429016113 0.13164097070694 0.198414415121078 0.277048021554947
-9999 -9999 -9999 -9999 -9999 -9999 0.0820451527833939 0.136027961969376 0.232582211494446 0.363255172967911 0.478953421115875 0.46165531873703 0.374555289745331 0.316875904798508 0.290380775928497 0.278944402933121 0.275430560112 0.221621379256248 0.143563628196716 0.118743725121021 0.100531838834286 0.090223141014576 0.0847767069935799 0.0824028328061104 0.0763788521289825 0.072930596768856 0.0705479755997658 0.0707745477557182 0.071928583085537 0.0695440322160721 0.0700591430068016 0.0683261975646019 0.0677099972963333 0.065621130168438 0.0593400187790394 0.0532948039472103 0.0466270446777344 0.0415828824043274 0.0387036986649036 0.0365176610648632 0.035512275993824 0.0360307805240154 0.037288062274456 0.0407783128321171 0.0413794592022896 0.044363971799612 0.0465648770332336 0.0466789901256561 0.0472435317933559 0.0502680279314518 0.0554766766726971 0.0715601295232773 0.0923922881484032 0.110829338431358 0.161538809537888 0.22883340716362
-9999 -9999 -9999 -9999 -9999 -9999 0.108309589326382 0.172205343842506 0.280173808336258 0.408779710531235 0.50281286239624 0.47785148024559 0.38498729467392 0.34276407957077 0.32823058962822 0.324386805295944 0.302289485931396 0.238952800631523 0.168620139360428 0.143059015274048 0.126833692193031 0.1158417314291 0.108469516038895 0.103824302554131 0.0983767807483673 0.0923447236418724 0.0946383625268936 0.0990415960550308 0.100685738027096 0.0992265865206718 0.0955967307090759 0.0935546383261681 0.089447595179081 0.0853480249643326 0.079567551612854 0.0699109882116318 0.0618476532399654 0.0541026033461094 0.0501701943576336 0.0482394210994244 0.0464268177747726 0.0481074750423431 0.0507317818701267 0.0530810095369816 0.0554706715047359 0.0521939657628536 0.0508871003985405 0.0500694997608662 0.0512946657836437 0.0565082728862762 0.0625081732869148 0.079915814101696 0.0983480960130692 0.109746031463146 0.126879721879959 0.16779750585556
-9999 -9999 -9999 -9999 -9999 -9999 0.125728502869606 0.184463620185852 0.303057342767715 0.430487811565399 0.520643591880798 0.497906863689423 0.412508934736252 0.368256062269211 0.360363125801086 0.33873662352562 0.325034439563751 0.244314640760422 0.181475773453712 0.157065346837044 0.139866814017296 0.130238071084023 0.124596536159515 0.120452344417572 0.114499934017658 0.112078383564949 0.114519737660885 0.122257545590401 0.12992100417614 0.123029597103596 0.120256006717682 0.11423122137785 0.109735928475857 0.104361459612846 0.0960846766829491 0.0871998369693756 0.0787214860320091 0.0727898329496384 0.0687428787350655 0.0658056661486626 0.0660995543003082 0.0672188922762871 0.0688875764608383 0.0692746639251709 0.0652902498841286 0.0568344034254551 0.0557246468961239 0.0572106838226318 0.0603950880467892 0.0664428770542145 0.0756813958287239 0.0935105085372925 0.103215105831623 0.113076440989971 0.121754050254822 0.12648218870163
-9999 -9999 -9999 -9999 -9999 -9999 -9999 0.198045819997787 0.311042994260788 0.452402800321579 0.537234485149384 0.519756615161896 0.442018210887909 0.407042592763901 0.401033490896225 0.37513542175293 0.353042602539062 0.259123682975769 0.196992129087448 0.175586476922035 0.163612201809883 0.153111547231674 0.146057039499283 0.14181961119175 0.139596298336983 0.138709172606468 0.144179448485374 0.151368170976639 0.159678518772125 0.15832507610321 0.150499165058136 0.145251616835594 0.137892991304398 0.132046818733215 0.125530615448952 0.114696577191353 0.1064408197999 0.0982655435800552 0.0943004637956619 0.0937059745192528 0.0930994376540184 0.0932567417621613 0.092424176633358 0.0872973427176476 0.0787237659096718 0.071609802544117 0.073223203420639 0.0756224617362022 0.0809352323412895 0.0900249555706978 0.10168881714344 0.121329352259636 0.12275791913271 0.127997949719429 0.136889100074768 0.14001202583313
-9999 -9999 -9999 -9999 -9999 -9999 -9999 -9999 0.318852007389069 0.475264579057693 0.583588540554047 0.545930683612823 0.469488590955734 0.438698083162308 0.43358251452446 0.399538367986679 0.36247843503952 0.264485388994217 0.209798097610474 0.193304553627968 0.182752266526222 0.173705220222473 0.166820421814919 0.163411393761635 0.162657856941223 0.164099141955376 0.17077262699604 0.179761186242104 0.187309473752975 0.188167080283165 0.180254280567169 0.173890203237534 0.168282404541969 0.161601677536964 0.152738645672798 0.144756749272346 0.136291027069092 0.128252550959587 0.122345477342606 0.118325836956501 0.116180904209614 0.115391366183758 0.111391849815845 0.0915265902876854 0.079102411866188 0.0689662918448448 0.0691160634160042 0.0714866295456886 0.0761392116546631 0.0839570537209511 0.096201203763485 0.1173450127244 0.127215877175331 0.141168206930161 0.158479183912277 0.168338015675545
-9999 -9999 -9999 -9999 -9999 -9999 0.185129344463348 0.270523697137833 0.383825093507767 0.50031054019928 0.57131439447403 0.554135203361511 0.491317093372345 0.473104268312454 0.463800847530365 0.437772631645203 0.358522921800613 0.276840060949326 0.227004215121269 0.21355427801609 0.208235666155815 0.200854405760765 0.194909051060677 0.192260578274727 0.193997800350189 0.196715489029884 0.203242212533951 0.210034504532814 0.216440856456757 0.220681294798851 0.219096794724464 0.212659433484077 0.205351829528809 0.198777854442596 0.191011980175972 0.181628584861755 0.173908993601799 0.164571508765221 0.156614661216736 0.144920453429222 0.131933927536011 0.123684599995613 0.104079946875572 0.0856977328658104 0.0747032836079597 0.067719355225563 0.0688137635588646 0.0727716609835625 0.0783286169171333 0.0860792249441147 0.0970712900161743 0.118416108191013 0.133422940969467 0.148970127105713 0.167442858219147 0.184113562107086
-9999 -9999 -9999 -9999 -9999 0.0776741206645966 0.236807405948639 0.357111275196075 0.45461568236351 0.540347754955292 0.590456902980804 0.57480663061142 0.520613968372345 0.505208373069763 0.491473704576492 0.449947118759155 0.343144625425339 0.283627480268478 0.244404345750809 0.233819097280502 0.231344103813171 0.225710108876228 0.223597317934036 0.222799479961395 0.224218890070915 0.228908210992813 0.233053788542747 0.239383280277252 0.245229557156563 0.248249009251595 0.251326262950897 0.248974442481995 0.244888737797737 0.238102167844772 0.227592930197716 0.217528879642487 0.202727809548378 0.186619162559509 0.168584778904915 0.149749726057053 0.133149117231369 0.125189229846001 0.102762348949909 0.085778072476387 0.0753700882196426 0.0671583712100983 0.0714258998632431 0.0776596888899803 0.08397476375103 0.0899138078093529 0.0971742942929268 0.120106980204582 0.141881614923477 0.157382771372795 0.175413444638252 0.193920582532883
-9999 -9999 -9999 -9999 -9999 0.1643246114254 0.302032381296158 0.425940603017807 0.525436162948608 0.589004158973694 0.627787947654724 0.610006868839264 0.581932365894318 0.558068871498108 0.54111635684967 0.446037471294403 0.359054923057556 0.300538003444672 0.262454032897949 0.260557472705841 0.258575409650803 0.255270272493362 0.253243654966354 0.252912938594818 0.256677001714706 0.258755624294281 0.264422833919525 0.269009917974472 0.273159444332123 0.276209831237793 0.275789022445679 0.273275554180145 0.267051994800568 0.259001433849335 0.247919782996178 0.233730256557465 0.218883782625198 0.20059435069561 0.181347548961639 0.162380754947662 0.145865097641945 0.132847830653191 0.109279081225395 0.0929817631840706 0.0838948264718056 0.0787351280450821 0.0812617316842079 0.0867034867405891 0.0931629091501236 0.100667849183083 0.11119082570076 0.129900723695755 0.151666477322578 0.166516706347466 0.181912899017334 0.196337103843689
-9999 -9999 -9999 -9999 -9999 -9999 0.358958095312119 0.479842841625214 0.571121096611023 0.628193557262421 0.66337639093399 0.630136013031006 0.609623074531555 0.593910753726959 0.570168972015381 0.483784377574921 0.405066609382629 0.331145286560059 0.288614422082901 0.292700588703156 0.288674980401993 0.292903304100037 0.288975030183792 0.290106177330017 0.294629395008087 0.292031407356262 0.299258917570114 0.30190971493721 0.304007589817047 0.305282443761826 0.301379233598709 0.297528117895126 0.289203256368637 0.280059069395065 0.268262326717377 0.252427935600281 0.237779706716537 0.219035968184471 0.199816316366196 0.180719405412674 0.162320628762245 0.148477122187614 0.123731218278408 0.107478134334087 0.100070409476757 0.0932548567652702 0.0967583805322647 0.101016536355019 0.106993116438389 0.11454913020134 0.125263169407845 0.142377868294716 0.164033845067024 0.176613956689835 0.189028397202492 0.19894877076149
-9999 -9999 -9999 -9999 -9999 -9999 0.381743282079697 0.50535637140274 0.590104639530182 0.640578985214233 0.642455756664276 0.597989857196808 0.547794580459595 0.530676543712616 0.545248091220856 0.551837682723999 0.525180637836456 0.367559522390366 0.292975276708603 0.309353828430176 0.341493904590607 0.338889956474304 0.334910213947296 0.334454894065857 0.336653739213943 0.339020758867264 0.337833642959595 0.336683243513107 0.334709405899048 0.331694155931473 0.326879590749741 0.319555997848511 0.310302287340164 0.299734085798264 0.287474125623703 0.272973746061325 0.258113354444504 0.240898489952087 0.222813040018082 0.204775035381317 0.187275484204292 0.173287615180016 0.15031598508358 0.134070515632629 0.125180959701538 0.119916163384914 0.120183385908604 0.122563570737839 0.126687556505203 0.131254762411118 0.138434037566185 0.154410868883133 0.171796336770058 0.189896300435066 0.1981271058321 0.202731639146805
-9999 -9999 -9999 -9999 -9999 -9999 0.408188164234161 0.467918664216995 0.566433668136597 0.611431300640106 0.609142184257507 0.551722943782806 0.469166874885559 0.443094104528427 0.465660959482193 0.505691230297089 0.565121233463287 0.3896484375 0.285716354846954 0.324105471372604 0.386804640293121 0.387973755598068 0.374724984169006 0.373643338680267 0.377711325883865 0.381919205188751 0.377250701189041 0.369934856891632 0.364919185638428 0.359959900379181 0.351851880550385 0.343774616718292 0.3311607837677 0.32048037648201 0.309746026992798 0.29537495970726 0.284049481153488 0.261841714382172 0.244854584336281 0.235201299190521 0.217561468482018 0.205783322453499 0.184212520718575 0.168003261089325 0.159708380699158 0.152545422315598 0.151750043034554 0.150665327906609 0.152085706591606 0.153367802500725 0.155468598008156 0.171534195542336 0.18532957136631 0.197504475712776 0.202855631709099 0.201649680733681
-9999 -9999 -9999 -9999 -9999 -9999 -9999 -9999 0.459401577711105 0.545680642127991 0.563983023166656 0.494051218032837 0.405689775943756 0.382723778486252 0.406908094882965 0.479457378387451 0.578798353672028 0.386210769414902 0.246354922652245 0.315608978271484 0.420721918344498 0.420372545719147 0.391120374202728 0.387629479169846 0.399602264165878 0.410739779472351 0.404436886310577 0.395290195941925 0.387764811515808 0.381653904914856 0.374872922897339 0.359089881181717 0.340988218784332 0.325273841619492 0.314544022083282 0.300903648138046 0.286560505628586 0.271553963422775 0.259098708629608 0.249217614531517 0.240063577890396 0.232088699936867 0.221384838223457 0.207299619913101 0.197687655687332 0.191184103488922 0.187669977545738 0.185741856694221 0.184748992323875 0.182341918349266 0.184178873896599 0.192932039499283 0.202360183000565 0.207709595561028 0.204649612307549 0.196698278188705
-9999 -9999 -9999 -9999 -9999 -9999 -9999 -9999 0.412760615348816 0.482813894748688 0.514344096183777 0.438981205224991 0.339447855949402 0.320167541503906 0.357228815555573 0.440929472446442 0.591353893280029 0.396909862756729 0.234439596533775 0.330125570297241 0.452806651592255 0.444363057613373 0.402973413467407 0.397963047027588 0.416291326284409 0.432250767946243 0.426268547773361 0.41401618719101 0.406435877084732 0.402215093374252 0.386889934539795 0.366145968437195 0.342115253210068 0.325099319219589 0.316230982542038 0.302771896123886 0.293841928243637 0.282531917095184 0.274094820022583 0.268152147531509 0.260156869888306 0.2569460272789 0.250987738370895 0.245708212256432 0.240494534373283 0.233585223555565 0.225551933050156 0.215646177530289 0.207025200128555 0.197698622941971 0.193127185106277 0.196435481309891 0.201522827148438 0.208353534340858 0.211214989423752 0.209577485918999
-9999 -9999 -9999 -9999 -9999 -9999 -9999 -9999 -9999 0.43898993730545 0.443979382514954 0.358953326940536 0.265382766723633 0.257480144500732 0.304940104484558 0.403034389019012 0.569905161857605 0.478550523519516 0.266071826219559 0.3475401699543 0.472036808729172 0.463036298751831 0.412823498249054 0.406110227108002 0.42783460021019 0.446586102247238 0.441370517015457 0.427979201078415 0.418865561485291 0.415297746658325 0.408839404582977 0.381107777357101 0.354746550321579 0.333583861589432 0.321143627166748 0.309006899595261 0.301123857498169 0.292908221483231 0.287557601928711 0.283999741077423 0.280710220336914 0.278994828462601 0.276486396789551 0.273436635732651 0.267956912517548 0.259245246648788 0.246544897556305 0.231136679649353 0.218547463417053 0.206142246723175 0.196547165513039 0.194785311818123 0.196224898099899 0.206911742687225 0.227008610963821 0.246498361229897
-9999 -9999 -9999 -9999 -9999 -9999 -9999 -9999 -9999 -9999 0.354533791542053 0.279696404933929 0.217197895050049 0.223201707005501 0.271142512559891 0.365806430578232 0.537953317165375 0.590512275695801 0.346003919839859 0.403652548789978 0.495927542448044 0.477332144975662 0.43036624789238 0.422731667757034 0.445213943719864 0.461754322052002 0.455292493104935 0.441320359706879 0.431754112243652 0.427977651357651 0.419896632432938 0.401309311389923 0.372175365686417 0.348998039960861 0.335428297519684 0.321973443031311 0.314140111207962 0.306589514017105 0.30267322063446 0.302330642938614 0.301422774791718 0.302680730819702 0.301898062229156 0.299644500017166 0.295124620199203 0.285617262125015 0.271442919969559 0.252381592988968 0.236792847514153 0.220425695180893 0.207362368702888 0.202246978878975 0.201381459832191 0.215149223804474 0.243310689926147 0.270843684673309
-9999 -9999 -9999 -9999 -9999 -9999 -9999 -9999 -9999 -9999 -9999 0.212865859270096 0.202497661113739 0.219204932451248 0.253334611654282 0.323719680309296 0.480212032794952 0.620799660682678 0.471448928117752 0.482177019119263 0.503526151180267 0.480269134044647 0.454370558261871 0.439009308815002 0.461779803037643 0.471790879964828 0.464313954114914 0.453165501356125 0.442875474691391 0.435750752687454 0.426308959722519 0.407130718231201 0.383019596338272 0.365865528583527 0.354242444038391 0.339441984891891 0.332633256912231 0.325711846351624 0.322967916727066 0.322956949472427 0.321662306785583 0.327321022748947 0.329115241765976 0.328851342201233 0.3242147564888 0.312563955783844 0.301212430000305 0.282895267009735 0.264502704143524 0.244374975562096 0.226821556687355 0.2207320779562 0.219598427414894 0.230324193835258 0.252083361148834 0.273396730422974
