meets/meet004/_saidas_enm/CCSM_Maxent_6k_Aralia_warmingiana2.asc
NCOLS 154 
NROWS 168 
XLLCORNER -112 
YLLCORNER -55.5 
CELLSIZE 0.5 
NODATA_value -9999 
[rows 100 to 124 of 168, columns 56 to 111 of 154]
-9999 -9999 -9999 -9999 -9999 -9999 -9999 -9999 -9999 -9999 -9999 -9999 -9999 -9999 -9999 -9999 -9999 -9999 -9999 -9999 -9999 -9999 -9999 -9999 -9999 -9999 -9999 -9999 0.153480932116508 0.316705346107483 0.264877319335938 0.158108681440353 0.125361040234566 0.106923632323742 0.10472247749567 0.108785063028336 0.0982088893651962 0.0960041880607605 0.149245917797089 0.248875677585602 0.388836771249771 0.554465770721436 0.525183141231537 0.100845612585545 0.0652740076184273 0.067889042198658 0.0498427860438824 0.0383850373327732 0.030642619356513 0.0336204394698143 0.0417664609849453 0.0398785769939423 0.0450033433735371 0.0703999623656273 0.130494207143784 0.236776098608971
-9999 -9999 -9999 -9999 -9999 -9999 -9999 -9999 -9999 -9999 -9999 -9999 -9999 -9999 -9999 -9999 -9999 -9999 -9999 -9999 -9999 -9999 -9999 -9999 -9999 -9999 -9999 -9999 0.14117069542408 0.308345168828964 0.23529876768589 0.157271593809128 0.129320859909058 0.115837089717388 0.106778755784035 0.100408174097538 0.0933630988001823 0.093936063349247 0.152834519743919 0.270336478948593 0.412762761116028 0.56081086397171 0.463300496339798 0.0945232510566711 0.0834730789065361 0.0894571095705032 0.0679116398096085 0.0444876030087471 0.0373369157314301 0.0524644702672958 0.0776338651776314 0.0642165392637253 0.0657793134450912 0.0958327576518059 0.155832514166832 0.320427149534225
-9999 -9999 -9999 -9999 -9999 -9999 -9999 -9999 -9999 -9999 -9999 -9999 -9999 -9999 -9999 -9999 -9999 -9999 -9999 -9999 -9999 -9999 -9999 -9999 -9999 -9999 -9999 0.116644635796547 0.124965161085129 0.30776846408844 0.27002426981926 0.167515635490417 0.137076303362846 0.128389462828636 0.107964769005775 0.0958088114857674 0.0938109904527664 0.106164336204529 0.175917744636536 0.298856168985367 0.434235364198685 0.561133980751038 0.465221494436264 0.121310383081436 0.112231098115444 0.138791218400002 0.115974955260754 0.0826691165566444 0.0688928589224815 0.0814493298530579 0.0932850539684296 0.0832320973277092 0.0674001425504684 0.0903772115707397 0.163039013743401 0.289050430059433
-9999 -9999 -9999 -9999 -9999 -9999 -9999 -9999 -9999 -9999 -9999 -9999 -9999 -9999 -9999 -9999 -9999 -9999 -9999 -9999 -9999 -9999 -9999 -9999 -9999 -9999 -9999 0.109209552407265 0.119240626692772 0.300933390855789 0.291699886322021 0.172525733709335 0.145579695701599 0.136715054512024 0.102880321443081 0.0869202166795731 0.0958868712186813 0.120015844702721 0.203062519431114 0.318998903036118 0.4382244348526 0.553627014160156 0.490244150161743 0.162777826189995 0.182079955935478 0.22914431989193 0.195525616407394 0.167417779564857 0.140469089150429 0.143476694822311 0.146867841482162 0.11881435662508 0.0872495919466019 0.10675111413002 0.186452895402908 0.304817318916321
-9999 -9999 -9999 -9999 -9999 -9999 -9999 -9999 -9999 -9999 -9999 -9999 -9999 -9999 -9999 -9999 -9999 -9999 -9999 -9999 -9999 -9999 -9999 -9999 -9999 -9999 -9999 0.112288050353527 0.119916215538979 0.281107395887375 0.319383352994919 0.178151935338974 0.142410352826118 0.130174562335014 0.0956970676779747 0.0790955126285553 0.0988269075751305 0.130133524537086 0.189131915569305 0.324850857257843 0.44853687286377 0.549420475959778 0.512388586997986 0.271321356296539 0.273737221956253 0.361649304628372 0.299395233392715 0.266301989555359 0.255556523799896 0.261407494544983 0.26324737071991 0.21160002052784 0.189019054174423 0.215035781264305 0.286292135715485 0.415665775537491
-9999 -9999 -9999 -9999 -9999 -9999 -9999 -9999 -9999 -9999 -9999 -9999 -9999 -9999 -9999 -9999 -9999 -9999 -9999 -9999 -9999 -9999 -9999 -9999 -9999 -9999 -9999 0.104999773204327 0.114579394459724 0.272373825311661 0.279067814350128 0.164725929498672 0.133466199040413 0.117068260908127 0.0861931294202805 0.0679587721824646 0.0919590145349503 0.111256249248981 0.19204868376255 0.337630569934845 0.455860704183578 0.548215568065643 0.530592381954193 0.389820098876953 0.384555131196976 0.433338075876236 0.371129304170609 0.35942205786705 0.357455551624298 0.353858917951584 0.386779457330704 0.360932141542435 0.343575477600098 0.381843417882919 0.43037360906601 0.521751642227173
-9999 -9999 -9999 -9999 -9999 -9999 -9999 -9999 -9999 -9999 -9999 -9999 -9999 -9999 -9999 -9999 -9999 -9999 -9999 -9999 -9999 -9999 -9999 -9999 -9999 -9999 -9999 0.111020490527153 0.116386666893959 0.247358664870262 0.192438840866089 0.143192172050476 0.121546059846878 0.102516710758209 0.0764411985874176 0.0562439672648907 0.0785307139158249 0.0945177748799324 0.193082600831985 0.332385301589966 0.445703446865082 0.539053618907928 0.54114955663681 0.497609674930573 0.473394244909286 0.456264525651932 0.448547035455704 0.427028268575668 0.434671610593796 0.460121810436249 0.449444830417633 0.481915980577469 0.506599843502045 0.545539796352386 0.558124482631683 0.556061029434204
-9999 -9999 -9999 -9999 -9999 -9999 -9999 -9999 -9999 -9999 -9999 -9999 -9999 -9999 -9999 -9999 -9999 -9999 -9999 -9999 -9999 -9999 -9999 -9999 -9999 -9999 -9999 0.129302859306335 0.126592770218849 0.194793060421944 0.134957253932953 0.124698378145695 0.113654114305973 0.0961296632885933 0.0663877576589584 0.0434710569679737 0.0577404648065567 0.0851573869585991 0.199064910411835 0.331370294094086 0.442394077777863 0.527118921279907 0.556078732013702 0.517947494983673 0.507132172584534 0.505684077739716 0.513777673244476 0.531493365764618 0.551331102848053 0.553191959857941 0.542216241359711 0.557039558887482 0.57276064157486 0.591906905174255 0.599451184272766 0.594173312187195
-9999 -9999 -9999 -9999 -9999 -9999 -9999 -9999 -9999 -9999 -9999 -9999 -9999 -9999 -9999 -9999 -9999 -9999 -9999 -9999 -9999 -9999 -9999 -9999 -9999 -9999 -9999 0.15531213581562 0.162643417716026 0.147392138838768 0.0846271961927414 0.101015649735928 0.108811981976032 0.0926188752055168 0.0593246743083 0.0296242944896221 0.0483185462653637 0.0900673046708107 0.194783583283424 0.329387187957764 0.447530508041382 0.518700063228607 0.562800586223602 0.542125344276428 0.535822510719299 0.538086533546448 0.519486546516418 0.524456024169922 0.544143736362457 0.565818250179291 0.556921660900116 0.568946957588196 0.581571221351624 0.591500639915466 0.599191963672638 0.613012909889221
-9999 -9999 -9999 -9999 -9999 -9999 -9999 -9999 -9999 -9999 -9999 -9999 -9999 -9999 -9999 -9999 -9999 -9999 -9999 -9999 -9999 -9999 -9999 -9999 -9999 -9999 -9999 0.18706488609314 0.188447639346123 0.123058907687664 0.0917438864707947 0.116403326392174 0.121034398674965 0.101750522851944 0.0633549839258194 0.0329742468893528 0.0547584034502506 0.12038080394268 0.215293362736702 0.337805092334747 0.449305295944214 0.51176518201828 0.550311684608459 0.549796581268311 0.543611168861389 0.544714093208313 0.529523015022278 0.521815121173859 0.540925145149231 0.558034956455231 0.569036543369293 0.574589550495148 0.57772970199585 0.586536765098572 0.594028532505035 0.606163203716278
-9999 -9999 -9999 -9999 -9999 -9999 -9999 -9999 -9999 -9999 -9999 -9999 -9999 -9999 -9999 -9999 -9999 -9999 -9999 -9999 -9999 -9999 -9999 -9999 -9999 -9999 0.268898904323578 0.225806251168251 0.179803192615509 0.114304162561893 0.106637164950371 0.152827754616737 0.157307490706444 0.123281247913837 0.0754444971680641 0.0370962806046009 0.0692528560757637 0.150007009506226 0.272217452526093 0.361058503389359 0.455611109733582 0.50018984079361 0.532654941082001 0.541531920433044 0.533888280391693 0.529569566249847 0.520368993282318 0.529408872127533 0.544854164123535 0.556515157222748 0.564686954021454 0.573804140090942 0.57108199596405 0.579925060272217 0.577876448631287 0.578673779964447
-9999 -9999 -9999 -9999 -9999 -9999 -9999 -9999 -9999 -9999 -9999 -9999 -9999 -9999 -9999 -9999 -9999 -9999 -9999 -9999 -9999 -9999 -9999 -9999 -9999 -9999 0.22725784778595 0.185487136244774 0.15806819498539 0.106201134622097 0.141937389969826 0.220724686980247 0.19875106215477 0.145128980278969 0.0971725285053253 0.0747918114066124 0.112052075564861 0.208377301692963 0.310727119445801 0.384538024663925 0.427204996347427 0.471473872661591 0.494301646947861 0.508317232131958 0.504659175872803 0.499971121549606 0.506615996360779 0.516729474067688 0.529977560043335 0.53985196352005 0.544398784637451 0.548443377017975 0.54820728302002 0.551622748374939 0.547257125377655 0.544705092906952
-9999 -9999 -9999 -9999 -9999 -9999 -9999 -9999 -9999 -9999 -9999 -9999 -9999 -9999 -9999 -9999 -9999 -9999 -9999 -9999 -9999 -9999 -9999 -9999 -9999 -9999 0.177105814218521 0.142438367009163 0.133320420980453 0.120810002088547 0.162510767579079 0.266521126031876 0.223739296197891 0.173339441418648 0.134024888277054 0.109740175306797 0.177336692810059 0.260988295078278 0.334012478590012 0.397485971450806 0.432382375001907 0.447510123252869 0.452541589736938 0.456768870353699 0.463505148887634 0.461930930614471 0.481837213039398 0.495826423168182 0.504583537578583 0.510753631591797 0.513579726219177 0.518629968166351 0.517007350921631 0.521124601364136 0.512538313865662 0.507748126983643
-9999 -9999 -9999 -9999 -9999 -9999 -9999 -9999 -9999 -9999 -9999 -9999 -9999 -9999 -9999 -9999 -9999 -9999 -9999 -9999 -9999 -9999 -9999 -9999 -9999 -9999 0.1501744389534 0.108241155743599 0.0975341275334358 0.124735191464424 0.221789360046387 0.280883818864822 0.244445472955704 0.217690080404282 0.195766821503639 0.184690579771996 0.243468627333641 0.310402750968933 0.362579673528671 0.407046765089035 0.44052392244339 0.448971420526505 0.444677591323853 0.447129726409912 0.460188001394272 0.47100156545639 0.470013409852982 0.464640319347382 0.468864530324936 0.473528474569321 0.481072008609772 0.486134767532349 0.486068248748779 0.48616024851799 0.475678503513336 0.467709511518478
-9999 -9999 -9999 -9999 -9999 -9999 -9999 -9999 -9999 -9999 -9999 -9999 -9999 -9999 -9999 -9999 -9999 -9999 -9999 -9999 -9999 -9999 -9999 -9999 -9999 0.227141305804253 0.13754203915596 0.0849877893924713 0.0645841211080551 0.139677569270134 0.253199338912964 0.26563087105751 0.261197358369827 0.271381735801697 0.2281254529953 0.197628945112228 0.271976321935654 0.355442047119141 0.385424852371216 0.4219711124897 0.413014352321625 0.441448301076889 0.437766492366791 0.447946548461914 0.450561046600342 0.442179501056671 0.46761816740036 0.443166345357895 0.435178935527802 0.436238050460815 0.44674688577652 0.454431176185608 0.455226004123688 0.448926389217377 0.437115907669067 0.42622572183609
-9999 -9999 -9999 -9999 -9999 -9999 -9999 -9999 -9999 -9999 -9999 -9999 -9999 -9999 -9999 -9999 -9999 -9999 -9999 -9999 -9999 -9999 -9999 -9999 -9999 0.180892527103424 0.140935823321342 0.0958440452814102 0.0824825093150139 0.16264209151268 0.247124671936035 0.255909770727158 0.281214356422424 0.296921610832214 0.261164158582687 0.243870243430138 0.283118784427643 0.358082592487335 0.402454614639282 0.410400390625 0.402600407600403 0.407792955636978 0.416085928678513 0.422757983207703 0.416700899600983 0.411607474088669 0.434762626886368 0.41689395904541 0.408771425485611 0.4058797955513 0.418733149766922 0.421166300773621 0.421811789274216 0.418125689029694 0.404920399188995 0.3902907371521
-9999 -9999 -9999 -9999 -9999 -9999 -9999 -9999 -9999 -9999 -9999 -9999 -9999 -9999 -9999 -9999 -9999 -9999 -9999 -9999 -9999 -9999 -9999 -9999 -9999 0.160554394125938 0.14215213060379 0.0834834426641464 0.0960555821657181 0.186241284012794 0.231856405735016 0.240601152181625 0.291939049959183 0.324656963348389 0.288791477680206 0.253688633441925 0.283149808645248 0.342738658189774 0.375634700059891 0.370893776416779 0.375018537044525 0.385606050491333 0.389347195625305 0.399107068777084 0.394977986812592 0.383715510368347 0.40799680352211 0.386076003313065 0.378782570362091 0.380971193313599 0.392147362232208 0.391311079263687 0.388856202363968 0.385903179645538 0.371291100978851 0.357694178819656
-9999 -9999 -9999 -9999 -9999 -9999 -9999 -9999 -9999 -9999 -9999 -9999 -9999 -9999 -9999 -9999 -9999 -9999 -9999 -9999 -9999 -9999 -9999 -9999 -9999 0.127076789736748 0.137054696679115 0.0776580646634102 0.0968710854649544 0.182711347937584 0.200954169034958 0.234388709068298 0.287064671516418 0.325676560401917 0.29585936665535 0.265255391597748 0.27477964758873 0.305694162845612 0.329635411500931 0.33217442035675 0.335414737462997 0.359570682048798 0.356954574584961 0.358734875917435 0.37073415517807 0.375353842973709 0.368461072444916 0.360709369182587 0.362353205680847 0.361092299222946 0.362188756465912 0.361886501312256 0.360757648944855 0.3569116294384 0.341571807861328 0.326102942228317
-9999 -9999 -9999 -9999 -9999 -9999 -9999 -9999 -9999 -9999 -9999 -9999 -9999 -9999 -9999 -9999 -9999 -9999 -9999 -9999 -9999 -9999 -9999 -9999 -9999 0.109606921672821 0.113697744905949 0.0721706822514534 0.0871917307376862 0.163673937320709 0.189821124076843 0.238276213407516 0.289739429950714 0.325572699308395 0.282908171415329 0.254836410284042 0.257567584514618 0.269819855690002 0.287429988384247 0.289872765541077 0.297236084938049 0.332878440618515 0.323773503303528 0.323796272277832 0.329423427581787 0.322235226631165 0.336461842060089 0.34014892578125 0.344707876443863 0.341327250003815 0.33611273765564 0.337936133146286 0.335844546556473 0.332033455371857 0.315221011638641 0.300069510936737
-9999 -9999 -9999 -9999 -9999 -9999 -9999 -9999 -9999 -9999 -9999 -9999 -9999 -9999 -9999 -9999 -9999 -9999 -9999 -9999 -9999 -9999 -9999 -9999 -9999 0.10992743074894 0.0982476621866226 0.0713903978466988 0.0790216773748398 0.148030087351799 0.192174792289734 0.234561309218407 0.288020431995392 0.306800961494446 0.270050972700119 0.239908069372177 0.242160737514496 0.248960167169571 0.263476699590683 0.271758675575256 0.280555605888367 0.305136114358902 0.284606724977493 0.283882230520248 0.297189205884933 0.308347314596176 0.312718987464905 0.31444850564003 0.322504639625549 0.321679681539536 0.316423207521439 0.315780788660049 0.313830196857452 0.314195245504379 0.298408567905426 0.283616572618484
-9999 -9999 -9999 -9999 -9999 -9999 -9999 -9999 -9999 -9999 -9999 -9999 -9999 -9999 -9999 -9999 -9999 -9999 -9999 -9999 -9999 -9999 -9999 -9999 -9999 0.101340569555759 0.0893049091100693 0.0657689273357391 0.0701153576374054 0.138988241553307 0.18121200799942 0.223727539181709 0.269622415304184 0.290379911661148 0.258568853139877 0.235315665602684 0.232689753174782 0.234578102827072 0.246211558580399 0.259699195623398 0.268898099660873 0.275699853897095 0.256733387708664 0.264946550130844 0.284352660179138 0.294392287731171 0.302967041730881 0.300519466400146 0.304891258478165 0.299191564321518 0.298318564891815 0.300362884998322 0.297985792160034 0.300274521112442 0.283754587173462 0.270205020904541
-9999 -9999 -9999 -9999 -9999 -9999 -9999 -9999 -9999 -9999 -9999 -9999 -9999 -9999 -9999 -9999 -9999 -9999 -9999 -9999 -9999 -9999 -9999 -9999 -9999 0.0960359498858452 0.082923024892807 0.0606639795005322 0.0644223019480705 0.119941376149654 0.165240332484245 0.203546792268753 0.242172226309776 0.259719908237457 0.25809121131897 0.244923502206802 0.236055076122284 0.223969638347626 0.225308164954185 0.245957463979721 0.253629475831985 0.251886129379272 0.242049336433411 0.249894767999649 0.265329867601395 0.282486885786057 0.284466564655304 0.283677577972412 0.287426084280014 0.284553170204163 0.28174090385437 0.285475075244904 0.288431197404861 0.291558682918549 0.274917244911194 0.260062962770462
-9999 -9999 -9999 -9999 -9999 -9999 -9999 -9999 -9999 -9999 -9999 -9999 -9999 -9999 -9999 -9999 -9999 -9999 -9999 -9999 -9999 -9999 -9999 -9999 -9999 0.103075824677944 0.0882533267140388 0.0601491183042526 0.0556621104478836 0.105225197970867 0.150583922863007 0.182196408510208 0.212632402777672 0.233185008168221 0.230332672595978 0.219895929098129 0.21955643594265 0.210653945803642 0.213218674063683 0.23882982134819 0.243204683065414 0.243375584483147 0.231681987643242 0.234995365142822 0.250187516212463 0.266657829284668 0.270311236381531 0.266556262969971 0.272372543811798 0.269798517227173 0.271169871091843 0.27693048119545 0.278149634599686 0.282135903835297 0.268765389919281 0.255049735307693
-9999 -9999 -9999 -9999 -9999 -9999 -9999 -9999 -9999 -9999 -9999 -9999 -9999 -9999 -9999 -9999 -9999 -9999 -9999 -9999 -9999 -9999 -9999 -9999 -9999 0.110837928950787 0.0866098925471306 0.0610434412956238 0.0446246676146984 0.0851576775312424 0.145519524812698 0.173119097948074 0.196894332766533 0.212808325886726 0.215009137988091 0.215516984462738 0.212339848279953 0.205791965126991 0.213743939995766 0.235080346465111 0.242767095565796 0.242035567760468 0.224306285381317 0.225248977541924 0.234053000807762 0.246784150600433 0.252860009670258 0.251719832420349 0.258704304695129 0.260918378829956 0.267042547464371 0.270279735326767 0.264306545257568 0.275705635547638 0.258781284093857 0.252103745937347
-9999 -9999 -9999 -9999 -9999 -9999 -9999 -9999 -9999 -9999 -9999 -9999 -9999 -9999 -9999 -9999 -9999 -9999 -9999 -9999 -9999 -9999 -9999 -9999 0.0919555947184563 0.115952685475349 0.0890039131045341 0.0578266233205795 0.0392600670456886 0.0643171668052673 0.120143972337246 0.162162154912949 0.191016525030136 0.199679389595985 0.2043127566576 0.205598965287209 0.200374603271484 0.196528375148773 0.204596847295761 0.22791363298893 0.237707197666168 0.236269280314445 0.218695178627968 0.216012939810753 0.222468376159668 0.231962233781815 0.233477488160133 0.236847445368767 0.248969480395317 0.258147686719894 0.265915840864182 0.266151249408722 0.263297945261002 0.261738747358322 0.233404472470284 0.212326258420944
