meets/meet004/_saidas_enm/CCSM_Maha_0k_Cavanillesia_umbellata3.asc
NCOLS 154 
NROWS 168 
XLLCORNER -112 
YLLCORNER -55.5 
CELLSIZE 0.5 
NODATA_value -9999 
[rows 50 to 74 of 168, columns 56 to 111 of 154]
-9999 -9999 -9999 -9999 -9999 -9999 -9999 -9999 -9999 -9999 -9999 -9999 -9999 -99.0968971745545 -55.0777746915911 -24.3203932397056 -13.0166595785217 -13.5423477873228 -18.4636938547891 -14.3674985944719 -10.3776333563133 -4.74285278992655 -4.73659508958137 -2.08441877229838 -3.02756771597087 -4.69359130818076 -6.45113723527874 -11.1484754619253 -17.1807615531984 -27.4029838559855 -38.4786681349607 -32.0171718736526 -20.7462074405085 -9.79369452826902 -3.80379660256277 -0.537182744007903 -2.56421227759471 -2.4598395799776 -2.04354331170262 -2.18025600846533 -3.16477878967098 -3.49855855328185 -4.47864404426803 -9.07522636299311 -14.9520489438437 -33.7376156863739 -26.3388170369881 -22.4616801224034 -18.8997460513071 -11.7712758459835 -9.52689652084026 -4.65132673331718 -1.02701543141046 0.0381704398456062 -1.79520428409798 -1.9747098814983
-9999 -9999 -9999 -9999 -9999 -9999 -9999 -9999 -9999 -9999 -9999 -9999 -9999 -34.3819587997119 -26.7554395472766 -23.5405228046956 -11.9289921167124 -7.87212238156429 -8.55207421957798 -7.00728731663309 -3.52005418536573 -1.00634776801729 -2.10665266579149 -1.88403404592861 -3.27077240779756 -6.32375406880152 -11.2987155829998 -22.0432301470676 -39.0457586253965 -54.6486182406288 -63.1276492537789 -54.6027436848232 -39.1835369400251 -17.257258250763 -6.74255884640621 -1.70387971847931 -0.695504035989759 -2.39475165023087 -3.1219777385538 -3.11011946574426 -3.22251079759 -4.15786331226896 -5.72720590022301 -9.22939458215633 -12.4932570093269 -16.2432764757822 -17.2013182458768 -13.7816268756637 -11.3208147904114 -8.24748267808184 -5.41294084774421 -2.85143658715606 -0.305900779095728 -0.868541158528527 -1.914362827434 -1.20911500737589
-9999 -9999 -9999 -9999 -9999 -9999 -9999 -9999 -9999 -9999 -9999 -35.9294574109623 -22.0003449413027 -15.6166506550659 -8.99471881929527 -14.4557512546301 -12.7998525279779 -5.85589105259546 -2.77141156501681 -1.66412266849702 -0.766084923617151 -0.825982368490648 -3.76889988709471 -6.79572145964747 -10.0970497641054 -16.8363387475534 -29.7149462784451 -47.6735676097799 -64.7316135551901 -85.1390881261759 -98.1930353730091 -79.3569938234147 -52.2030011389555 -27.7716268435214 -8.19204339293333 -1.76321980102488 -0.373927055002574 -1.37909971236889 -3.23893200208435 -4.4660730252714 -4.07774102439091 -5.57253368307201 -6.5219140812999 -7.87686009650368 -9.87473008472153 -10.0015020000845 -10.1439249726439 -7.78119058850818 -5.93529588698222 -4.14792918761037 -2.08420970080658 -1.07959394671186 -0.580015860960192 -3.36023838686456 -2.67881369824026 -1.47829425236736
-9999 -9999 -9999 -9999 -9999 -9999 -9999 -9999 -9999 -9999 -31.1509029262978 -18.2450661941546 -10.3272988662555 -9.01837803502806 -14.044971433595 -19.6872472556698 -16.4163582344397 -6.91213186262312 -2.90218937890132 -1.35663309116225 -2.08809123109013 -5.46108040946454 -10.8436396750949 -14.8462996071618 -23.1262050064491 -36.8855104249223 -54.4665581531432 -73.2739362588058 -96.9273113752378 -118.685797684427 -126.386137737589 -99.6434042847711 -62.5502195282312 -32.5637809434901 -9.02243968755869 -1.52139396517208 -0.137437582907068 -2.00011544171812 -3.82756196717368 -4.56989148652525 -6.13145259323622 -6.3294277669993 -6.56669691607915 -7.69688733612916 -8.36028950059367 -7.60513898831449 -6.7567204488612 -4.82683055159202 -3.66770556025191 -1.3963748951448 -0.776550319968131 -0.405678802284013 -2.62623700834961 -6.06529427305913 -3.34372873168232 -2.19900269020664
-9999 -9999 -9999 -9999 -9999 -9999 -9999 -9999 -9999 -9999 -13.9190183039914 -6.66077006549112 -13.7071087344145 -12.7128568609657 -18.2301434290997 -27.2576091870607 -30.9010770386342 -13.8014073625343 -11.3204864547004 -9.79156084618752 -10.8482390295719 -15.9771016219414 -21.3171858729275 -30.3389540049785 -45.2463354312515 -62.6512350634156 -83.3691609615471 -110.875552427592 -116.56302309644 -107.859337348303 -124.246037587159 -112.572943218554 -72.2110594419464 -37.056464765719 -11.4839725852229 -2.04761711757756 -0.612383999564441 -2.13069533340136 -2.43811066837564 -2.99718901164736 -3.91969621440515 -4.68939217874515 -5.55591924003503 -5.64112662269757 -5.34704719149069 -5.68768521777963 -5.4279132200679 -1.95044770786492 -1.15616517549196 -0.244343182278932 -1.93389890507817 -4.99273309014768 -5.96882172005489 -7.01392151348229 -3.72100190905744 -2.0238806411207
-9999 -9999 -9999 -9999 -9999 -9999 -9999 -9999 -25.7691993597129 -16.4587814323326 -7.92801129028762 -7.01713426140908 -12.0613117469849 -12.9832020535312 -18.8640640109467 -24.9490973113922 -32.036478352528 -27.2191549898217 -22.0640653908011 -23.3073701749372 -27.2451988140104 -32.5466459862936 -41.048231423995 -56.3322301958032 -73.299488841536 -75.8088676173014 -79.4531185962442 -77.4284941972469 -77.7720232695435 -79.8927765856809 -79.2960561908818 -78.1916496414395 -74.3929409609616 -42.1229496434474 -15.3923124456193 -3.95708280044689 -2.22483928760887 -2.12566883560964 -2.2919293848752 -3.51295976284623 -4.62630943160959 -5.21019984640424 -4.88383744278396 -4.93047297447885 -5.90152600509833 -2.99258203752497 -1.86727929002862 0.131032476309741 -0.206905527149746 -4.59806164393152 -5.19313638218255 -6.96683808328343 -8.33509815030697 -9.14470625056214 -3.8053351599353 -2.18951877300546
-9999 -9999 -9999 -9999 -9999 -9999 -9999 -9999 -16.9838734025391 -8.83744395981496 -3.19517888412123 -6.96380243052031 -11.5961525260394 -13.0953527800703 -18.8600099927574 -22.5950085936275 -23.6151826277369 -27.7565035282879 -28.599906407473 -30.8892114101407 -35.6615533932508 -40.1558651983722 -46.9116947383742 -48.1171702459415 -49.0785449398675 -50.4474057998563 -51.5621327261287 -53.9275298029881 -53.6940427204722 -51.4185543456143 -50.0830068606538 -50.0879113533413 -50.8750698855863 -49.0143272890388 -20.9611633470794 -7.339419141589 -4.79777245283862 -3.1780888530603 -3.18393722519571 -4.10606637589817 -5.9035905079927 -6.81125778269498 -6.93890058946583 -4.39224325325768 -2.45225391887259 -0.00357934802595605 -1.4361360854089 -5.61358274990827 -8.56578717928088 -13.661914865913 -18.5189274014068 -21.1381085656111 -19.9034376766808 -14.8235847262678 -5.71073592983926 -1.85039687949322
-9999 -9999 -9999 -9999 -9999 -9999 -9999 -15.1023969260277 -12.9157930274291 -4.51024666322682 -3.25649309472141 -4.26806534935616 -7.90763082872611 -11.0372919453639 -12.8413736749035 -20.1829464401555 -17.5957404921475 -18.5766427114733 -18.8522826143027 -22.1515756332352 -25.9182072527601 -27.714887689243 -30.8920305986917 -31.4883321353877 -32.1188955968365 -33.8178658003379 -33.6076904559249 -33.4927333041766 -33.8407055796287 -33.2514765089481 -32.9410880869403 -33.9206063294182 -34.8215766380919 -34.2079621700751 -30.666718952443 -13.6386280248227 -8.0111658111518 -6.93548750732867 -6.08704248083403 -6.49880060289121 -6.95445098560866 -7.05923031074261 -4.39831092357718 -2.94864705755409 -6.30186682179198 -12.7699048338304 -16.1789040304838 -24.6171503745842 -36.793218893417 -48.5844080221773 -54.8951240108991 -53.8708001086773 -47.4361336216114 -27.7379301411322 -10.8038549145668 -3.35904309911169
-9999 -9999 -9999 -9999 -9999 -9999 -9999 -11.6619333816066 -6.76706032402279 -0.420524710434314 -2.95933061408831 -3.38280494269081 -7.4780792113341 -9.62802662802806 -5.93760199328342 -10.2941644132215 -9.31663486311412 -12.4049562739627 -12.4661340499884 -13.0031934244771 -14.6069618103541 -16.6279229266669 -20.2242414819381 -19.7036758873834 -17.5728516978209 -18.1200153058589 -17.9902728712453 -20.1998578961571 -19.5240180949164 -16.6576659310455 -16.7030092639294 -17.1786063795155 -20.5375324949897 -22.2348468381807 -22.9913997664284 -26.4196845784655 -16.3722063794409 -10.6718102369407 -8.79933563392463 -8.59487447235392 -8.75013144368921 -12.192661990497 -18.6366251559394 -24.4407850246229 -34.6981466639247 -49.0285601230347 -66.0410524396231 -77.1445166525722 -85.1153282846654 -81.4808593051462 -83.8530463979668 -75.0956499939111 -71.606660333242 -43.0464525947816 -18.6612588227704 -5.7483300013159
-9999 -9999 -9999 -9999 -9999 -9999 -21.3341103154942 -9.99915754082403 -3.7875403407504 0.46041483189285 -3.64633500494181 -3.16519941275453 -14.5319654584562 -14.2903227536383 -3.47918762820526 -4.9395327436796 -5.60779428635281 -7.67788510749816 -7.38371948590396 -7.78442690465768 -8.95184129728898 -9.78737240333541 -10.3237211144407 -9.90121977203274 -10.0827037187298 -9.68657546161669 -10.5496936425242 -10.6234913687023 -10.0849123564312 -10.6352181145142 -10.0839167016163 -10.9168994746476 -11.5669986730134 -12.3094930462034 -14.6953481167672 -16.724718836097 -20.0222187516781 -21.8175547526438 -25.8947050111493 -28.8214591014654 -30.6355845692572 -32.16539320809 -32.9705261992665 -36.1956160723342 -43.1595072625811 -47.9900225504715 -52.6921470190755 -54.1057079904819 -57.077570018391 -60.605569255715 -61.2851949886644 -58.8884020029666 -54.4313797503501 -45.1867588413675 -22.6341597208033 -7.56465969958883
-9999 -9999 -9999 -9999 -9999 -9999 -22.6641619813777 -11.7879170005576 -8.14814274909434 -0.352551680353702 -0.00311821135702361 -2.22278219309155 -17.6462200549984 -15.5482696817169 -3.0939525451775 -0.451401948408032 -2.44675031864763 -4.78513957072531 -4.29970834939092 -4.21131695688451 -4.24774275579157 -4.14707512791878 -4.34744474689153 -4.09004944122578 -3.93312018900577 -4.17190760806491 -4.16890947980392 -4.44643302397316 -4.50715949586115 -4.58372228744947 -5.02329616557593 -5.43104410179154 -6.30942063391309 -6.90390444942041 -7.52809885362231 -8.64875914773904 -9.66331343969997 -11.6664298383291 -13.8123658248685 -15.6476588793414 -19.4217573364767 -19.6867175835626 -20.4417616790718 -23.0882540446994 -26.1263169064989 -31.0003914130334 -32.3771000347029 -34.8365395740854 -37.1101530578327 -37.4283566670508 -37.9553971604348 -33.7243208769338 -29.784994475837 -23.6082906457877 -22.6332898194006 -10.3732212777339
-9999 -9999 -9999 -9999 -9999 -9999 -30.0190169320828 -13.3895484655207 -8.9322007191699 -2.76957825483904 -0.762852509644939 -0.785345683320029 -16.085199497115 -11.7670116252882 -1.89998213955969 0.515031501748234 -0.410435249503299 -2.49823649967453 -2.6792686866585 -2.43444086965227 -2.32308658859546 -1.8315241785056 -1.66371705256281 -1.53580390005357 -1.72074210865136 -1.85068071471504 -1.91448149429282 -1.8295882355139 -1.87264392186181 -2.28887436673285 -2.36866690618104 -2.95697318102705 -3.26104891874955 -3.74055665755533 -4.44377813464424 -4.53809154082675 -5.46215682898491 -6.19516877142502 -8.34821560102496 -11.3391809122211 -14.2523640596165 -14.340960516615 -14.7788650634479 -16.6548097007607 -19.248028530898 -20.8820859728663 -23.0785592532672 -23.2733019964398 -23.5449637238946 -24.1157183239028 -22.0993817768268 -18.931726801238 -13.5559524576816 -10.4990300088984 -11.3655518441677 -10.3309798186884
-9999 -9999 -9999 -9999 -9999 -9999 -9999 -30.2412411905826 -11.4436740112995 -6.00165099505194 -0.995821384687696 0.02013003005305 -10.7485665350262 -7.83338604549738 -1.20927646610257 1 0.327292508284918 -1.61150925217889 -1.6851144386477 -1.22608157816723 -0.797235181970334 -0.247295764767775 -0.0403560235931972 -0.00321766980959537 -0.124528728656407 -0.343800919808857 -0.241941994252492 -0.171085672291392 -0.177853444768958 -0.263642292606182 -0.463026047425998 -0.643721752023466 -0.985290565635936 -1.1973652606883 -1.35827917090376 -1.71661735751259 -1.965050838363 -2.53775219718686 -4.12075084181608 -6.19719205695722 -9.47703265474765 -8.99893307753406 -9.74032874742426 -11.0658690974894 -11.8135382759941 -12.9886762780967 -12.7563699154954 -12.6808846475442 -12.2005830420538 -11.266862675746 -9.83788959521624 -7.42536442226731 -5.7204644458432 -5.037215397197 -4.86012055357929 -5.14861304349017
-9999 -9999 -9999 -9999 -9999 -9999 -9999 -9999 -19.5669330358766 -6.51576924493753 -1.87685484496501 0.51456774849691 -7.69764304228632 -3.85932099185765 0.0377691480046728 0.831345408147998 0.0312833377183753 -1.93644099540823 -0.649698750868053 -0.2735239856373 0.222570643508855 0.530505011069524 0.675310507011212 0.684172930974204 0.62088735812247 0.475168718244642 0.64731850687606 0.685924852528954 0.682792057536506 0.526831929195236 0.48715471365759 0.280658881830093 0.137823649362252 -0.0481298407721356 -0.366217047960815 -0.736318525896391 -1.0168317775772 -1.37828897991511 -2.30547567142743 -4.38066444314892 -6.29261730535609 -6.51238387852475 -6.91264066298082 -8.31328020308775 -9.56004797677796 -10.7498891089018 -10.5582307948979 -9.77404448891225 -9.0890473966377 -8.26666346652862 -6.93380331292905 -5.50411901715055 -4.6822607123975 -3.3904080556686 -3.02620286342071 -2.4948819940692
-9999 -9999 -9999 -9999 -9999 -9999 -66.5814420709101 -48.2508184072183 -19.3332533461729 -4.56048283709776 0.0216121940298 0.574921614505415 -5.25431017826763 -2.47515538681641 0.173497845245037 -0.356074274122055 -1.28358511472629 -1.42483756650755 -0.33343418199872 0.261361134453666 0.599562418125613 0.829280503165454 0.900059835429985 0.932741957119067 0.946944712966108 0.973402389722217 1 1 0.968210705987065 0.862030294264289 0.754110095772502 0.715217862091486 0.638617238266121 0.585502219876844 0.539100482989668 0.317949924276333 0.082602598833283 -0.444194731004329 -0.93566538154496 -2.25448908441511 -3.87648780943238 -5.04650115225422 -6.46117798795413 -7.43319910950483 -8.37610749071224 -9.18338985325694 -9.04576618551395 -8.69927782613364 -8.21292491304568 -7.48459425129816 -6.68697553884693 -4.83727177743575 -3.26728546679307 -2.26575522452841 -1.86614395514303 -0.346585505104175
-9999 -9999 -9999 -9999 -9999 -30.9773935737583 -55.9834810578799 -33.3745051784219 -15.7950572645999 -2.12309137481763 0.581039379199157 0.574091764678846 -3.74828658241842 -1.18020940952703 -1.66183189393358 -1.84414677779308 -0.824028963797137 -0.25890913985344 0.105598110152788 0.775612489386462 0.947726939505067 1 0.884773423292059 0.902035758357401 0.851236993029322 0.729914043163538 0.647430357114853 0.632382822036466 0.696599665006416 0.801129391886697 0.804985920440604 0.811449223773582 0.787668364025758 0.735624512692453 0.648904017278362 0.649614228798012 0.220588141986316 -0.283272864051199 -0.864262789743664 -2.12499889061136 -3.37328338161252 -4.20168442856865 -5.53472517925102 -7.23564427865891 -8.46130736120417 -9.23159563779194 -8.96092371442053 -7.86544649170268 -7.03143370206095 -6.39848330802927 -5.68807581434883 -4.11256957968854 -2.98428021194807 -2.62269468595504 -1.94075864637678 -0.782497779756981
-9999 -9999 -9999 -9999 -9999 -36.1215033578045 -47.832466988939 -23.4128446717729 -8.59342779469708 -0.320101848166799 1 0.613122776648185 -0.356406785206633 -1.32643147545251 -4.19885648243895 -1.9277566357609 -0.942394261961073 -0.101798565581564 0.397863901134833 0.792561367333471 0.95981962610071 1 0.927730997282434 0.863691900461973 0.777183064339616 0.673692840691428 0.595171939022917 0.566436980728839 0.5212670988589 0.485913611716195 0.464350715282543 0.488330738487467 0.522298788835927 0.531587133350667 0.478344041578853 0.263656590721322 -0.144309499342206 -0.819166281761812 -1.50973702067724 -2.11284961392476 -2.9771558946539 -3.59644096807067 -4.69520944921506 -5.94244794294229 -6.84544762012308 -7.42436527094363 -7.13237183916322 -6.53759360264442 -5.96552578774681 -5.36603871682861 -4.75565761407116 -3.98362324512099 -3.5445375290111 -3.79763311507274 -3.31147020327422 -2.69716263668924
-9999 -9999 -9999 -9999 -9999 -9999 -35.0887737676108 -17.991547027663 -4.16182332601368 -0.43144508622218 0.761743622149416 0.366074242045673 -0.0528653601439211 -1.68469726470281 -4.75848036945836 -3.03891789374229 -1.86276791491937 -0.736174088951773 -0.225865731728341 0.0535932923469808 -0.619680986285661 0.255574861437267 0.419348028390975 0.359431760660694 0.238660877061562 -0.102839864695485 -0.183282689373387 -0.150867734094226 -0.187997795691324 -0.248039118655015 -0.237635416227486 -0.322564344067256 -0.239752205804742 -0.133269655066057 -0.0782543162361471 -0.292121163861473 -0.743524952971676 -1.31495022352847 -1.65982146141944 -2.41827635723251 -2.74018243656657 -3.07854518718031 -3.86498344670812 -4.73083215743813 -5.27952604174861 -5.86545608443781 -5.65719251389294 -5.40669888571219 -5.07779976589352 -4.71921537974558 -4.56683773536346 -4.22399644956911 -4.36344545388894 -5.07833244776847 -5.32111667727301 -5.02027372236181
-9999 -9999 -9999 -9999 -9999 -9999 -46.1056874872712 -18.439188229838 -4.70680400299669 0.293497811368129 0.151231639867677 -0.838282709189114 -1.96438616182305 -1.45677397808501 -0.935261961228387 -3.44546285261504 -3.19156323061668 -2.93197659862097 -1.54448806955991 -1.37335248335331 -1.36500722225483 -1.23936750707262 -1.004797392687 -0.670458493733572 -0.302516314481823 -0.133984100444944 -0.142116101330578 -0.231520578716722 -0.23468007789378 -0.103963940819408 -0.0483156568926721 -0.0186141664182722 0.00658202389146301 -0.0410685121845953 -0.195484638193749 -0.410338518275375 -0.443010935958007 -0.559359706826641 -0.920547984552584 -1.52677817451942 -2.19488470321941 -2.40483064493594 -2.87631368964011 -3.42990799578179 -3.88839618989348 -4.23361120018575 -4.30622611078973 -4.26892235998009 -4.12401220496141 -3.94305882192876 -3.80109382568877 -3.85351223298903 -4.45856614849894 -4.92008872064797 -4.83705228249293 -5.0181508511888
-9999 -9999 -9999 -9999 -9999 -9999 -62.2959153943642 -32.6862548101512 -14.0186167067082 -1.59964598239669 -1.69277212967674 -4.32039328808783 -8.95971640395475 -7.79629681059572 -3.21816116137425 -1.45371777032202 -4.43364178780683 -3.0589072748859 -1.26721027561882 -0.958565656476982 -1.17483403744774 -0.936933537062798 -0.611755236539606 -0.352206000799802 -0.419704484338256 -0.705259894622797 -0.55147954175792 -0.387548576971307 -0.430275412840408 -0.670417598991741 -0.33863192929884 -0.185033096066779 -0.0571349308317388 0.0780076326679896 0.0959106292563996 0.0339011163832129 -0.0891774383045016 -0.16300239464242 -0.418066359068661 -0.947401234979792 -1.4358618018779 -1.83826472182071 -2.06909816042674 -2.38432701648035 -2.77521120199887 -3.02462624195994 -3.16058042022517 -3.22229445139906 -3.23679026039908 -3.24661366601028 -3.24561477625129 -3.56876217932973 -4.39074696616829 -4.16949603434085 -4.21546817567466 -4.58663913224714
-9999 -9999 -9999 -9999 -9999 -9999 -9999 -9999 -63.0152929201372 -12.0566996948124 -3.10900754168444 -4.28531065295919 -13.1315401148315 -11.8574272935025 -7.64707216292267 -2.12962229356409 -2.99468106278271 -3.67521494488047 -1.7661431640534 -0.735688627936941 -1.16716364854377 -1.21072026005247 -0.976939081457773 -0.608276124130786 -0.359093674206512 -0.442674885307454 -0.450541460207915 -0.358474122714114 -0.308220174971302 -0.356129912094568 -0.485959084222389 -0.541580848647152 -0.49940398400004 -0.692821396350011 -0.347932713521778 -0.134034862365815 -0.0966315028291325 -0.13898158381041 -0.205389270884636 -0.354384486237397 -0.669544824956923 -0.967402531290183 -1.24086767101251 -1.50519592327611 -1.82276843848693 -2.07653272741271 -2.21430132818395 -2.32256354807915 -2.38550502847837 -2.48174791580033 -2.68294944643024 -3.12145466867595 -3.7204445337673 -3.69979010876865 -4.02336758008175 -4.61602391548785
-9999 -9999 -9999 -9999 -9999 -9999 -9999 -9999 -68.1279193782972 -29.5822254892222 -2.6296572579004 -3.76328356338927 -18.3494171297427 -14.713498280539 -7.63455956574469 -4.32733286051847 -1.94643804078393 -3.78006004758114 -1.87069821204116 -0.466650091833914 -1.41639643969453 -1.65445135188537 -2.13568079432426 -1.86330908452363 -0.611071997853724 -0.67636132956795 -0.661746585014506 -0.842738700807887 -0.776384873390078 -0.602839038845758 -0.46442289468848 -0.423087866522065 -0.292297315173507 -0.282435272716219 -0.554554948056155 -0.787266879183098 -0.840350786744291 -0.713924894090675 -0.49967577104619 -0.352899719061381 -0.381688418857951 -0.526198499294433 -0.677488166158614 -0.904674807002591 -1.33077380537831 -1.51530304316346 -1.65062509437314 -1.78239790534831 -2.02247937244235 -2.38378148747555 -2.71017494792345 -3.07317773763765 -3.66158172330096 -4.21105789865246 -4.32540664325961 -4.96049057868928
-9999 -9999 -9999 -9999 -9999 -9999 -9999 -9999 -9999 -45.8698924394642 -7.66120476508501 -7.04368973254294 -30.6279447357683 -20.8329329739251 -7.73519351861523 -4.65287908029024 -2.64189001100494 -2.49198081811007 -0.689590148984083 -0.377481809004808 -1.53124559222863 -2.27624914055336 -2.93877499590679 -2.84129240638886 -1.84721080796502 -1.19306056343063 -1.14757138393202 -1.1989411153457 -1.03064628672881 -0.982504484412123 -0.918116399795676 -0.790941111043596 -0.714735602271876 -0.585242606798283 -0.464356457538373 -0.484133960580926 -0.533336055908267 -0.684293011967115 -0.966179228803937 -0.927849736511136 -0.605592169155477 -0.44836043378498 -0.443848500779926 -0.572533700203621 -0.791723714666786 -1.09024398954363 -1.25803240706076 -1.68574155128624 -2.24111678077015 -2.83515471330362 -3.45449155568939 -3.79321208807766 -4.18331752913831 -4.68043614212883 -5.2810960014009 -4.90593606998628
-9999 -9999 -9999 -9999 -9999 -9999 -9999 -9999 -9999 -9999 -30.5268649209142 -28.8614680957855 -35.8775419532556 -20.5850441252725 -7.22239962005817 -2.28030241810258 -3.38598339579289 -0.0496803539288004 -0.181368334830369 -0.398770498933186 -1.41840760835992 -2.44996556627859 -3.59478476493108 -3.78859238191639 -2.62036490272032 -2.02819090339083 -1.98918771669937 -2.14648901931643 -2.00620211676555 -1.42356301527411 -1.1748190814339 -1.20590982535548 -1.28781303919573 -1.15041223411964 -0.962082052166114 -0.869109669102544 -0.742879306091938 -0.654954953418872 -0.676798743836377 -0.925852805838009 -1.31313234037948 -0.926688064337372 -0.668873390003057 -0.56904806551632 -0.685438239841231 -0.92483032075917 -1.1951613466337 -1.83099740591579 -2.65146917510008 -3.45798319894039 -3.97378346210659 -4.52220485180932 -5.23790738121338 -5.48818257006811 -5.78017383633808 -4.84150446844798
-9999 -9999 -9999 -9999 -9999 -9999 -9999 -9999 -9999 -9999 -9999 -75.1973794712515 -30.8032946301186 -11.98817150336 -5.07976553346627 -0.717025550250583 -1.21885073386529 1 -0.90107889676484 -0.808673126406374 -1.3213888967242 -2.37437023718102 -3.76872047203175 -4.12732869997475 -3.43506204700056 -3.0532424137107 -2.8616314922524 -2.83605679823767 -2.69558618341045 -2.29469842679269 -2.13713997549486 -1.97134898597448 -1.94185933117512 -1.76365267343411 -1.54774184352316 -1.50093985090586 -1.25040423125088 -1.06502536665626 -0.90336200862859 -0.841024891555432 -0.927965347955842 -1.1840741445408 -1.34659875839154 -1.00651745286253 -0.849287400172688 -1.01425685434315 -1.33652632590202 -1.99962042381258 -2.88445695324724 -3.32555729478554 -3.83705898751663 -4.52053039994201 -5.52000996085384 -5.92759855542902 -5.75443000962946 -5.17484105617611
