meets/meet004/_saidas_enm/CCSM_SVM_6k_Aralia_warmingiana3.asc
NCOLS 154 
NROWS 168 
XLLCORNER -112 
YLLCORNER -55.5 
CELLSIZE 0.5 
NODATA_value -9999 
[rows 100 to 124 of 168, columns 55 to 109 of 154]
-9999 -9999 -9999 -9999 -9999 -9999 -9999 -9999 -9999 -9999 -9999 -9999 -9999 -9999 -9999 -9999 -9999 -9999 -9999 -9999 -9999 -9999 -9999 -9999 -9999 -9999 -9999 -9999 -9999 0.125401448964765 0.116966187122022 0.0796782854980215 0.103668736744519 0.11444931987327 0.117708994820718 0.115585713038657 0.102329105075736 0.0774517117291702 0.0548132679720592 0.00951998889855593 -0.0451098254246549 0.400074702995773 0.638138560568459 0.306858351645518 0.124209907388789 0.0940944009969437 0.0855224369216334 0.0605068483027377 0.0301307724810266 0.00928242833417564 -0.00828053935945394 -0.0236914386149872 -0.0325972912409894 -0.0316570670451335 -0.0165475329527647
-9999 -9999 -9999 -9999 -9999 -9999 -9999 -9999 -9999 -9999 -9999 -9999 -9999 -9999 -9999 -9999 -9999 -9999 -9999 -9999 -9999 -9999 -9999 -9999 -9999 -9999 -9999 -9999 -9999 0.125005690392632 0.111164140071827 0.0870323466151989 0.105286642332253 0.11291230325469 0.115963859246628 0.113409513992931 0.102267167409828 0.0772384566848106 0.0554588477651662 0.0109933276274141 -0.00727452257145367 0.47134469968251 0.548670003922693 0.238071800811743 0.0967249003564087 0.105283257080387 0.109115210415663 0.0882574445276348 0.070093720673408 0.0633434465793007 0.0539450706520496 0.0495747922203348 0.0224145248116196 0.00626123731504696 0.0165448972649229
-9999 -9999 -9999 -9999 -9999 -9999 -9999 -9999 -9999 -9999 -9999 -9999 -9999 -9999 -9999 -9999 -9999 -9999 -9999 -9999 -9999 -9999 -9999 -9999 -9999 -9999 -9999 -9999 0.122914161601638 0.124160712759321 0.114774941410046 0.0893395902673676 0.103769345784064 0.110386950250737 0.113306895166826 0.111577604581007 0.101109339334708 0.0759815144576423 0.0492203896876249 -0.000375437939064804 0.0662066906970757 0.506442341634771 0.424889813972467 0.164126112819092 0.0635061070010716 0.0863624561977203 0.119945777399691 0.133158789122846 0.133941609654734 0.129887603336051 0.115105037519091 0.0989523826037833 0.0763225498391327 0.0510572815821164 0.0512490435716924
-9999 -9999 -9999 -9999 -9999 -9999 -9999 -9999 -9999 -9999 -9999 -9999 -9999 -9999 -9999 -9999 -9999 -9999 -9999 -9999 -9999 -9999 -9999 -9999 -9999 -9999 -9999 -9999 0.123096428678853 0.124041764655001 0.115467165272624 0.0934566424596259 0.103149226586516 0.107898519777071 0.111164645711524 0.110886080010988 0.103478057844072 0.0725189202971299 0.0390441209922203 -0.0101320519440043 0.14463442386659 0.462888098242483 0.314552509816788 0.109132652981868 0.046777453157534 0.0822159518368173 0.114113671466269 0.147550327839758 0.18754798692064 0.192247458595853 0.187591323887702 0.17114497892532 0.147966525719635 0.116782660022717 0.113116681431532
-9999 -9999 -9999 -9999 -9999 -9999 -9999 -9999 -9999 -9999 -9999 -9999 -9999 -9999 -9999 -9999 -9999 -9999 -9999 -9999 -9999 -9999 -9999 -9999 -9999 -9999 -9999 -9999 0.123275688909845 0.1241306768535 0.117795652007226 0.0994180851174304 0.103377526505953 0.107261430618155 0.110906197152399 0.111438825752224 0.103159818347014 0.0634780699317446 0.0286455720525057 -0.00440608319144586 0.22969168300229 0.447492240494875 0.261972186082575 0.118791297581338 0.0616493888965983 0.0838217243025896 0.120602816034171 0.140929599963636 0.178936690348411 0.226864468829164 0.253892909988767 0.253462628440683 0.234676373702686 0.222265318093725 0.221812016518592
-9999 -9999 -9999 -9999 -9999 -9999 -9999 -9999 -9999 -9999 -9999 -9999 -9999 -9999 -9999 -9999 -9999 -9999 -9999 -9999 -9999 -9999 -9999 -9999 -9999 -9999 -9999 -9999 0.12348758783058 0.124318934891024 0.116333052039034 0.102043121262666 0.105084785443241 0.107538166387789 0.112504129779259 0.11189710463988 0.10134498088892 0.0611830346109257 0.0423711085108108 0.0275310153409331 0.267006814376363 0.394694979299998 0.219744343814591 0.114209392086274 0.0710356779067358 0.0881629676937582 0.117154769676196 0.132209837261166 0.161857373390044 0.205453945504447 0.249410644674589 0.308015268897899 0.320838612587787 0.32221820787795 0.330863475219666
-9999 -9999 -9999 -9999 -9999 -9999 -9999 -9999 -9999 -9999 -9999 -9999 -9999 -9999 -9999 -9999 -9999 -9999 -9999 -9999 -9999 -9999 -9999 -9999 -9999 -9999 -9999 -9999 0.12426793432937 0.124413628389665 0.115341345107897 0.1044307253206 0.105935606239534 0.109220762276028 0.114667817998381 0.111831619296997 0.0945103051331422 0.0617267677273374 0.0612035031386722 0.0561892235860104 0.303635774601649 0.339100335428029 0.188664538706968 0.113052266982127 0.0796951473086375 0.0880511408767022 0.102720708115372 0.128461244339793 0.152292763341695 0.180703954034447 0.217664318217623 0.262876972611773 0.324914923622208 0.39425933487684 0.41974089271262
-9999 -9999 -9999 -9999 -9999 -9999 -9999 -9999 -9999 -9999 -9999 -9999 -9999 -9999 -9999 -9999 -9999 -9999 -9999 -9999 -9999 -9999 -9999 -9999 -9999 -9999 -9999 -9999 0.127598527447427 0.12423532893721 0.115775042850021 0.108408778064258 0.107660232223061 0.110312604557396 0.11599161155345 0.11179607577611 0.0924439274166915 0.0660770551732988 0.0729242438626476 0.0757631034019873 0.319334969551248 0.289163135282991 0.153419100023336 0.110740899210374 0.0923329947522506 0.0983084826551563 0.108197692619389 0.131784761158112 0.1503677869148 0.173138625595628 0.192402605610694 0.218448768319653 0.277079736150778 0.35101630659052 0.443512086564474
-9999 -9999 -9999 -9999 -9999 -9999 -9999 -9999 -9999 -9999 -9999 -9999 -9999 -9999 -9999 -9999 -9999 -9999 -9999 -9999 -9999 -9999 -9999 -9999 -9999 -9999 -9999 -9999 0.135034608750673 0.122841054811037 0.116035193257769 0.113045279953625 0.110331900011627 0.111305928609488 0.116175031613735 0.110445173978009 0.0955780305404765 0.0738368716449563 0.0776519145214948 0.0976681020651531 0.320727060092574 0.233770857451275 0.130162151382817 0.11014994207905 0.102921679873725 0.114007314131214 0.132638619136323 0.140558698629932 0.160028240653247 0.173469433813644 0.177988211111451 0.189065793241739 0.239352075085893 0.31581765594285 0.399206578001539
-9999 -9999 -9999 -9999 -9999 -9999 -9999 -9999 -9999 -9999 -9999 -9999 -9999 -9999 -9999 -9999 -9999 -9999 -9999 -9999 -9999 -9999 -9999 -9999 -9999 -9999 -9999 -9999 0.142735138115857 0.120391065792998 0.116681351908928 0.114730984117529 0.112567205785293 0.110724414771237 0.113061297598544 0.105067399768595 0.0911921124655968 0.0765225828173339 0.0771968692755188 0.13909551577242 0.298736016134166 0.184530501960996 0.108797145148517 0.100169967364514 0.101923058541778 0.11057353286649 0.126059368442948 0.13621207024677 0.150247186336274 0.162528303677799 0.16794847238364 0.181448111293738 0.21983735413529 0.283150170939167 0.354590304585877
-9999 -9999 -9999 -9999 -9999 -9999 -9999 -9999 -9999 -9999 -9999 -9999 -9999 -9999 -9999 -9999 -9999 -9999 -9999 -9999 -9999 -9999 -9999 -9999 -9999 -9999 -9999 0.135076107583923 0.144028209811275 0.11906030185372 0.116857774403536 0.117192655533895 0.114676987647598 0.111159434918649 0.104082185013638 0.0941788702156169 0.0868994916708219 0.0831234247352385 0.0896087075536972 0.167269992133661 0.208572965655833 0.11616955039574 0.0874429304432342 0.0846701996909124 0.090730702757387 0.0959180665199481 0.104320102354357 0.111962605179338 0.122246496310672 0.128925759030664 0.150535502226073 0.177264773787978 0.203224367684621 0.255214053313677 0.307389382549935
-9999 -9999 -9999 -9999 -9999 -9999 -9999 -9999 -9999 -9999 -9999 -9999 -9999 -9999 -9999 -9999 -9999 -9999 -9999 -9999 -9999 -9999 -9999 -9999 -9999 -9999 -9999 0.139418470635653 0.134365529444663 0.117527445425252 0.117489859493109 0.118329559452295 0.117208458318892 0.109633533646112 0.0868364096858905 0.0745209313543572 0.0773966861440938 0.077555501146591 0.107562571854869 0.169264981467416 0.115674462311753 0.0766675053290445 0.0725069309679283 0.0744739157117745 0.0788019306504341 0.0798815277844738 0.0839512085781126 0.0896246937102981 0.101050227982623 0.11208010595046 0.128772499900366 0.155792442430904 0.19418387842059 0.245158286970969 0.303020529642532
-9999 -9999 -9999 -9999 -9999 -9999 -9999 -9999 -9999 -9999 -9999 -9999 -9999 -9999 -9999 -9999 -9999 -9999 -9999 -9999 -9999 -9999 -9999 -9999 -9999 -9999 -9999 0.142616252934732 0.123109991669168 0.116413465847837 0.117459901252093 0.120585462509953 0.11698694568478 0.104383467408071 0.0606812360822054 0.0365900781521628 0.0661185419986455 0.0732780085048108 0.150432690921007 0.124327674999068 0.0874352526349328 0.075624578951645 0.0724117742774119 0.0728640595405712 0.0732997433406513 0.0739137924456442 0.0757372530826504 0.0792261060684008 0.0906864547208624 0.105619432421458 0.118266246122634 0.139236315142564 0.178508494255079 0.240250734707087 0.29579990846595
-9999 -9999 -9999 -9999 -9999 -9999 -9999 -9999 -9999 -9999 -9999 -9999 -9999 -9999 -9999 -9999 -9999 -9999 -9999 -9999 -9999 -9999 -9999 -9999 -9999 -9999 -9999 0.138106763052415 0.118257073091538 0.112859527479028 0.114851713196104 0.116667124021559 0.111038028286285 0.0803469779722151 0.0220343178239811 0.0347855501480325 0.0770451792797546 0.125194786877916 0.129412469166207 0.092100088704942 0.0890642859365721 0.0955462769122829 0.0905045291541026 0.0830394386010204 0.0787181324642336 0.0770481527819327 0.0743331745679702 0.0717245253569188 0.0842322180608312 0.100716079066577 0.113546286560267 0.130107446183617 0.171831128139645 0.220476072397624 0.271990582768814
-9999 -9999 -9999 -9999 -9999 -9999 -9999 -9999 -9999 -9999 -9999 -9999 -9999 -9999 -9999 -9999 -9999 -9999 -9999 -9999 -9999 -9999 -9999 -9999 -9999 -9999 0.176737706158298 0.126056348641331 0.113168214258863 0.109016546995741 0.109990438546086 0.110320778181558 0.0957783118241232 0.0575956679191778 0.0469764764232349 0.0872778891205845 0.151635615630978 0.13674736311502 0.099860551130629 0.0896874535047259 0.102682605593005 0.119187030945384 0.101396868193974 0.0939950440449583 0.0903070607712278 0.0883158557312091 0.0946489337241546 0.0707546993896728 0.0760493423723035 0.0959683596892623 0.109292818193545 0.118511839676245 0.149115018198835 0.195074630781882 0.237637422521864
-9999 -9999 -9999 -9999 -9999 -9999 -9999 -9999 -9999 -9999 -9999 -9999 -9999 -9999 -9999 -9999 -9999 -9999 -9999 -9999 -9999 -9999 -9999 -9999 -9999 -9999 0.153592630729747 0.119997575302964 0.111684248546922 0.109186732614995 0.105848362256709 0.0986062676028264 0.0835838958458237 0.0665131546801042 0.0753726681946064 0.115342961684184 0.141310368631127 0.127398296848876 0.108614272111715 0.10329988065468 0.106051360975292 0.114006912051519 0.104088275784403 0.0967495382930048 0.0925233242806076 0.0945328650847755 0.0932418020969579 0.068509099623345 0.0666111887252773 0.0811939744614345 0.0962822565130283 0.103866982058307 0.13388030987941 0.17064928093326 0.207512034864287
-9999 -9999 -9999 -9999 -9999 -9999 -9999 -9999 -9999 -9999 -9999 -9999 -9999 -9999 -9999 -9999 -9999 -9999 -9999 -9999 -9999 -9999 -9999 -9999 -9999 -9999 0.143846913226056 0.117442243152899 0.111914206870928 0.109868123277583 0.0984303774132271 0.0874799730743375 0.0735244738464886 0.0728806216490958 0.0802543518261547 0.10077320773221 0.109988008847143 0.108677940229695 0.103371046744448 0.103254492487731 0.108355392502482 0.109021104306711 0.100559172739088 0.0916160662080641 0.0878428388553466 0.0882096669602069 0.0905174426304768 0.0653941371486103 0.0614790634842086 0.0716821829288071 0.0812081444630927 0.08650864125477 0.113313198517439 0.143861026879364 0.170494370169967
-9999 -9999 -9999 -9999 -9999 -9999 -9999 -9999 -9999 -9999 -9999 -9999 -9999 -9999 -9999 -9999 -9999 -9999 -9999 -9999 -9999 -9999 -9999 -9999 -9999 -9999 0.141544697231828 0.115826084501225 0.106528576760858 0.100435699175228 0.0853984483032869 0.0695535709792205 0.0679508354660254 0.0754552896052511 0.0782058802559588 0.0902073606716972 0.093422930955119 0.0909402344818567 0.0870771641182747 0.0886277583724825 0.0953308448946694 0.100326906214448 0.0925110389544144 0.0850100036598871 0.0807568174261336 0.0754514405071967 0.0688348360570145 0.0596505241062814 0.0586667500745597 0.0636583684400262 0.0703568759572722 0.0792223126518964 0.101147767887406 0.122539551550088 0.136686582401518
-9999 -9999 -9999 -9999 -9999 -9999 -9999 -9999 -9999 -9999 -9999 -9999 -9999 -9999 -9999 -9999 -9999 -9999 -9999 -9999 -9999 -9999 -9999 -9999 -9999 -9999 0.137393089658987 0.113420789837476 0.0997281893427696 0.08869150615217 0.0696804975557955 0.057062513300422 0.0616246855486292 0.0736876556126293 0.0792831806830893 0.08645816652328 0.0854676325684862 0.0825796977350763 0.0762973213679267 0.0760212387533725 0.0834203881311971 0.0886546811203472 0.084404478275816 0.0794148287802889 0.0775455792283153 0.071658368060091 0.0668294217417515 0.0591733036280419 0.0559431001417171 0.0573048839383775 0.0603428515683641 0.0704489935219226 0.0852871630313323 0.101722410934933 0.108641246228441
-9999 -9999 -9999 -9999 -9999 -9999 -9999 -9999 -9999 -9999 -9999 -9999 -9999 -9999 -9999 -9999 -9999 -9999 -9999 -9999 -9999 -9999 -9999 -9999 -9999 -9999 0.133757130368349 0.110667560176023 0.0923210878479955 0.0767128561834677 0.0595327047595878 0.0556913441040428 0.0610973338101086 0.0695474319128748 0.0775063022440959 0.0828571260000416 0.0837140002862325 0.0765281356422582 0.0710422789875425 0.0701576490817691 0.0727562963926384 0.0763557912576518 0.0748718654203344 0.0768887146493512 0.0781786085061851 0.0720806669181162 0.0637305594957934 0.0571864876849976 0.0538550277383447 0.0525777735864141 0.0552484779405971 0.0649736749850087 0.0778386407344149 0.0880072973600692 0.0894388182309628
-9999 -9999 -9999 -9999 -9999 -9999 -9999 -9999 -9999 -9999 -9999 -9999 -9999 -9999 -9999 -9999 -9999 -9999 -9999 -9999 -9999 -9999 -9999 -9999 -9999 -9999 0.132739485534556 0.106178065479757 0.0882436771987553 0.072150001924517 0.0550758348639314 0.0538689271197984 0.0571616239969597 0.0658530313031598 0.0727140862957252 0.0756317485042178 0.0750562541732206 0.0697738010659945 0.0656165849215584 0.0647194170903357 0.0647244921925214 0.0667539248060383 0.0685647599411308 0.0758393154475935 0.0771741545340178 0.0682546203129412 0.0610925324330123 0.0541205467649569 0.0500291208741594 0.0481805497477382 0.0517326311621225 0.0591560323776703 0.0671806302345707 0.075719960736692 0.075090272164465
-9999 -9999 -9999 -9999 -9999 -9999 -9999 -9999 -9999 -9999 -9999 -9999 -9999 -9999 -9999 -9999 -9999 -9999 -9999 -9999 -9999 -9999 -9999 -9999 -9999 -9999 0.130402638448946 0.102244212303575 0.0860193377382984 0.0738928198109892 0.0550555763587148 0.051410681800833 0.0564614212906631 0.0631901426241144 0.0670944776945792 0.0666170904806996 0.0640971253880645 0.0622108663749711 0.061409870084375 0.0613120763658209 0.0597451069482478 0.0600296777937151 0.064252251747822 0.0725814345943485 0.0737738745741686 0.0668873802173212 0.057563502095016 0.0519727178433135 0.049381885397573 0.0476768178859469 0.0492857880352573 0.0541779714021869 0.0621275591124784 0.0677591645202072 0.066222881303638
-9999 -9999 -9999 -9999 -9999 -9999 -9999 -9999 -9999 -9999 -9999 -9999 -9999 -9999 -9999 -9999 -9999 -9999 -9999 -9999 -9999 -9999 -9999 -9999 -9999 -9999 0.128148089769288 0.096871623965704 0.0780225932210655 0.0740998262571878 0.0582216068098645 0.0526193000081414 0.0554713433114755 0.0640997360230561 0.0651984695376484 0.062405189031979 0.0600651025003277 0.058109871400761 0.0583696524510213 0.0588141967728249 0.0556105830061879 0.0557264282812485 0.0600879122967304 0.0685375801464535 0.0704755400088951 0.0621833499992645 0.0543716186833708 0.0501216634610911 0.0489026337121267 0.0483490298434352 0.050141397722393 0.0541709074074885 0.0604674000373949 0.0660514629058188 0.0653120864249613
-9999 -9999 -9999 -9999 -9999 -9999 -9999 -9999 -9999 -9999 -9999 -9999 -9999 -9999 -9999 -9999 -9999 -9999 -9999 -9999 -9999 -9999 -9999 -9999 -9999 -9999 0.124561763927497 0.0935243123688531 0.070334440739584 0.0692704447415519 0.0580081585699049 0.0579489314118332 0.060810527416613 0.0633792771036237 0.064432098081813 0.0595932333413564 0.0540528184974347 0.0542856850111033 0.0541635941938544 0.0535762031031499 0.0528577166593264 0.0529813571987185 0.0563462726804111 0.0643961019316861 0.0657238495240093 0.0586367132386955 0.0514513533490559 0.0478306496005851 0.0484806733527565 0.0484209546231905 0.0504273413316544 0.057877877792635 0.059015921261289 0.0655428535362972 0.0594668523987353
-9999 -9999 -9999 -9999 -9999 -9999 -9999 -9999 -9999 -9999 -9999 -9999 -9999 -9999 -9999 -9999 -9999 -9999 -9999 -9999 -9999 -9999 -9999 -9999 -9999 0.11615515609917 0.119238312401904 0.0866734926539904 0.0653755820333584 0.0666079373671877 0.0550014809283065 0.0528778091753359 0.0580088015401301 0.0637417973011391 0.0632963834529908 0.0578485075871394 0.0528625296374693 0.0528414731478993 0.053669093207303 0.0534560379121964 0.0517015581488193 0.0528026642261142 0.0544551951582327 0.060031345138196 0.06135641795046 0.0550392985366308 0.0480768199662493 0.0453893935513786 0.0451425075286696 0.0433184215659915 0.0417028365132898 0.0439988451224801 0.0470792218844364 0.0504631796161971 0.0386888308629453
