meets/meet004/_saidas_enm/CCSM_Maha_0k_Aralia_warmingiana5.asc
NCOLS 154 
NROWS 168 
XLLCORNER -112 
YLLCORNER -55.5 
CELLSIZE 0.5 
NODATA_value -9999 
[rows 100 to 124 of 168, columns 56 to 111 of 154]
-9999 -9999 -9999 -9999 -9999 -9999 -9999 -9999 -9999 -9999 -9999 -9999 -9999 -9999 -9999 -9999 -9999 -9999 -9999 -9999 -9999 -9999 -9999 -9999 -9999 -9999 -9999 -9999 -200.051929675081 -124.626776000262 -115.410763318802 -157.001424988522 -201.752977595477 -228.086091871411 -222.656202758262 -184.998329169939 -150.324560839358 -111.180258846094 -64.8363818508067 -21.9957397004316 -2.47347472013345 -2.52025427324562 -3.12608080173892 -4.94850994633149 -6.74804004583504 -6.13741134887023 -4.04247472777624 -2.2051155205922 -1.0164097479395 -0.125603505286481 0.207405426845781 0.345440612430297 0.467022336686173 0.658981045108357 0.795506048434294 0.255710067973724
-9999 -9999 -9999 -9999 -9999 -9999 -9999 -9999 -9999 -9999 -9999 -9999 -9999 -9999 -9999 -9999 -9999 -9999 -9999 -9999 -9999 -9999 -9999 -9999 -9999 -9999 -9999 -9999 -209.789642434699 -127.824396922521 -129.160037265764 -163.155161537935 -194.200259709589 -213.04246763667 -206.769074793566 -175.129510119142 -138.611059475939 -101.348770689158 -56.9108060607239 -17.1987608007043 -3.25114738214062 -4.29552589587812 -3.88699301210745 -6.21606615484791 -7.26928444697706 -6.60033374488148 -4.39103991352104 -3.68871391141597 -2.43868606916611 -0.247473568183203 0.00992533587543665 0.393207852592094 0.556658367840372 0.486967607701967 0.444365399748897 -0.225672432935491
-9999 -9999 -9999 -9999 -9999 -9999 -9999 -9999 -9999 -9999 -9999 -9999 -9999 -9999 -9999 -9999 -9999 -9999 -9999 -9999 -9999 -9999 -9999 -9999 -9999 -9999 -9999 -192.145372552987 -220.604394695182 -132.208555478918 -127.071492370513 -158.957091383941 -181.279368753387 -193.778307918768 -192.135986835328 -157.790978682425 -127.199408201002 -91.6930439899497 -45.4438919142266 -12.729692581888 -3.87695622051392 -5.17635663634893 -5.2875195091033 -7.07321649065336 -7.77334474661403 -6.64361030780251 -4.66027163883605 -3.31832114960528 -2.06272899948539 -0.70819731123118 0.0936498845601882 0.319085366178471 0.342458294430379 0.408585680600042 0.00200879800358822 -0.555157533451661
-9999 -9999 -9999 -9999 -9999 -9999 -9999 -9999 -9999 -9999 -9999 -9999 -9999 -9999 -9999 -9999 -9999 -9999 -9999 -9999 -9999 -9999 -9999 -9999 -9999 -9999 -9999 -197.586165085747 -218.518242426633 -130.837644832874 -127.235546123183 -157.329011565697 -171.718207956503 -180.170289344215 -179.77576716569 -148.39087991883 -115.560343581873 -81.1115492543235 -35.8683707001463 -9.84156212814342 -3.95746443430536 -6.40003751144407 -6.76331777744668 -8.09836106163366 -8.34052902120384 -7.37637865818646 -5.21622284834134 -3.43110462188337 -2.25257808852277 -1.48659416572839 -0.726181725476743 -0.148674673826442 0.0438593420250321 0.191160213864276 -0.218055691608761 -0.981978419258098
-9999 -9999 -9999 -9999 -9999 -9999 -9999 -9999 -9999 -9999 -9999 -9999 -9999 -9999 -9999 -9999 -9999 -9999 -9999 -9999 -9999 -9999 -9999 -9999 -9999 -9999 -9999 -198.267657805628 -206.349531739528 -128.305974327955 -128.294859635435 -158.184600635762 -171.604101870062 -174.253372605153 -171.572637417954 -142.060762144143 -107.088020355726 -65.4495013421097 -25.50220871495 -7.78568785204986 -4.62222650549198 -7.99016355925712 -7.93661675676707 -8.62322819171335 -8.99551803262972 -8.22267365276922 -6.06894735913289 -4.36730552337751 -3.22385182588737 -2.47259285907204 -1.73088073983118 -1.09589516287886 -0.563421847730142 -0.195615057316061 -0.551814623938857 -1.65783630582292
-9999 -9999 -9999 -9999 -9999 -9999 -9999 -9999 -9999 -9999 -9999 -9999 -9999 -9999 -9999 -9999 -9999 -9999 -9999 -9999 -9999 -9999 -9999 -9999 -9999 -9999 -9999 -186.11292951529 -193.210200384927 -126.831229602221 -134.906530670971 -166.054515981469 -178.418714693634 -177.446443229085 -171.664862530096 -144.794589533197 -103.280323115934 -55.3873375904664 -20.6118692298023 -7.56430491890995 -5.53979451788637 -9.10639124839579 -9.345003568809 -9.28808613675322 -9.31050264272887 -8.50573938487855 -6.79819040131035 -5.62199339422316 -4.66508450233579 -4.30096307126588 -3.48277550486459 -2.55968362520855 -1.65908187579822 -1.04735770765366 -1.02005437423666 -1.48555077585312
-9999 -9999 -9999 -9999 -9999 -9999 -9999 -9999 -9999 -9999 -9999 -9999 -9999 -9999 -9999 -9999 -9999 -9999 -9999 -9999 -9999 -9999 -9999 -9999 -9999 -9999 -9999 -164.255811557805 -170.576520386717 -128.091464365251 -149.271703383326 -177.938402923001 -189.842203892614 -185.403793597786 -176.98821765914 -154.62345646425 -105.039992983721 -52.6864222349654 -20.8464349857881 -6.36728547041836 -5.26635652883775 -10.1735703459662 -10.4719330514721 -9.72015038873785 -9.28477843486895 -8.60815417113785 -7.70246862725666 -7.17255397246165 -6.83422824083352 -6.58888963221261 -5.80930693573871 -4.24234032391059 -3.00284753682707 -2.02757998847799 -1.57819576159487 -1.06073983598935
-9999 -9999 -9999 -9999 -9999 -9999 -9999 -9999 -9999 -9999 -9999 -9999 -9999 -9999 -9999 -9999 -9999 -9999 -9999 -9999 -9999 -9999 -9999 -9999 -9999 -9999 -9999 -136.13815245527 -150.290575301799 -133.755547614171 -166.326843183601 -191.704296320466 -199.139374060922 -191.549352021907 -180.983648379469 -163.375593591204 -110.260759603413 -53.8447041113903 -23.7269760415579 -6.39617487509818 -5.59375090990536 -11.2122555636532 -12.1696909232804 -10.9384819936249 -9.83612570470906 -9.05750661762693 -8.35344899397145 -8.0709953175376 -8.27992888675019 -8.43171292400255 -8.3112336298311 -6.68806228296746 -4.92292381746615 -3.27603930321569 -1.88853906721399 -0.714270652762343
-9999 -9999 -9999 -9999 -9999 -9999 -9999 -9999 -9999 -9999 -9999 -9999 -9999 -9999 -9999 -9999 -9999 -9999 -9999 -9999 -9999 -9999 -9999 -9999 -9999 -9999 -9999 -111.690531552189 -125.936251879885 -139.485438972676 -185.825137178062 -200.95481230398 -205.370386522468 -192.161692546981 -180.426500328548 -174.58137319968 -113.525652363729 -57.724589865857 -25.6811475805562 -7.45557445171275 -6.73468447999615 -12.4924423763558 -13.3445792467702 -12.8875227373423 -11.7369136370482 -10.5158890014228 -9.29400834638599 -8.80752713474409 -9.03800788731616 -9.87757135286003 -9.72356471785894 -7.88731192883571 -5.79477162659623 -3.78352070455214 -2.44360961316114 -1.05314907633805
-9999 -9999 -9999 -9999 -9999 -9999 -9999 -9999 -9999 -9999 -9999 -9999 -9999 -9999 -9999 -9999 -9999 -9999 -9999 -9999 -9999 -9999 -9999 -9999 -9999 -9999 -9999 -96.7679480502463 -116.106449009601 -142.029978792136 -181.512600901982 -194.226169739657 -191.33596860922 -175.581932125816 -165.351191921435 -160.300899451193 -105.304160193452 -59.5164594212877 -26.5053801406618 -9.06132138430016 -7.89249764058464 -13.9509618464689 -14.5817652658997 -14.4929899058743 -13.457393142392 -12.3697384305659 -11.3151661038081 -10.8354889082639 -9.91435179968943 -10.0234286322594 -9.81122155610599 -8.67220334297837 -6.96146095829256 -5.079717526029 -3.75845288641485 -2.19190657470679
-9999 -9999 -9999 -9999 -9999 -9999 -9999 -9999 -9999 -9999 -9999 -9999 -9999 -9999 -9999 -9999 -9999 -9999 -9999 -9999 -9999 -9999 -9999 -9999 -9999 -9999 -65.1130923827334 -90.1551008206201 -109.245758519814 -139.325544293964 -173.534422006285 -176.082263553842 -170.859325965953 -148.924419135401 -140.754387126639 -145.160557652148 -89.7085711819809 -55.670782149002 -29.3961971138365 -10.7413121810561 -10.8349403227726 -16.0745811820262 -16.5342046642529 -16.0369193841044 -15.4185192066222 -14.4535741000783 -13.1971864257371 -12.2853353633786 -11.4755321102876 -10.8469195074149 -9.88814609386975 -8.79014822742597 -7.81832154208973 -6.18397483441776 -4.75912866847179 -3.24718425880786
-9999 -9999 -9999 -9999 -9999 -9999 -9999 -9999 -9999 -9999 -9999 -9999 -9999 -9999 -9999 -9999 -9999 -9999 -9999 -9999 -9999 -9999 -9999 -9999 -9999 -9999 -65.2513072487042 -85.0568790770262 -107.510636409357 -132.817919141277 -149.708705003607 -152.398795357248 -145.808804010304 -119.912859708365 -104.92423315553 -93.442486836174 -63.6636619439646 -37.8383411720167 -23.0095178784041 -13.218250104384 -13.7072758031097 -17.9794922294041 -18.8421774084556 -18.3134480407722 -17.5982061038775 -16.518659782568 -15.0866917434723 -13.7105834050206 -12.4632864581123 -11.250810132051 -10.1180628542744 -8.97831631640778 -7.899744078557 -6.35713221580784 -5.21272480672526 -3.91729192315242
-9999 -9999 -9999 -9999 -9999 -9999 -9999 -9999 -9999 -9999 -9999 -9999 -9999 -9999 -9999 -9999 -9999 -9999 -9999 -9999 -9999 -9999 -9999 -9999 -9999 -9999 -64.7795366501994 -88.5093818713586 -113.611802990634 -127.653063286706 -130.514734240051 -125.149588772161 -122.739961480322 -91.1961416587666 -68.5865757082894 -59.663279613217 -41.2806985375226 -23.4669264561241 -17.7602493102537 -16.8480087848525 -18.7631570234129 -20.3088022594932 -20.8274829019475 -21.0778975918925 -20.8199578963884 -20.2422295089495 -17.6790666855899 -14.9243063715382 -12.7702478203865 -11.6800923124592 -10.6472988168671 -9.33775265937489 -7.89623821536699 -6.4562094503523 -5.90152184713873 -4.78257750897187
-9999 -9999 -9999 -9999 -9999 -9999 -9999 -9999 -9999 -9999 -9999 -9999 -9999 -9999 -9999 -9999 -9999 -9999 -9999 -9999 -9999 -9999 -9999 -9999 -9999 -9999 -67.5033202336651 -102.178014891626 -126.796728259297 -125.083918355781 -106.679974667842 -94.3903023685009 -77.308033097088 -54.3142103647447 -38.7129672030122 -38.9235081663228 -30.0363404707963 -19.7443373517608 -19.4363541375508 -22.0328412264354 -23.3201717761421 -23.4059799658304 -22.5219969153792 -22.1307786464017 -22.4682666731082 -22.4240735215088 -19.8514445140354 -16.1370163569287 -13.5640509670174 -12.2984387727643 -11.4506861333192 -10.3096510532443 -9.12543995704429 -7.74160824272632 -6.96029376540971 -5.95184941345034
-9999 -9999 -9999 -9999 -9999 -9999 -9999 -9999 -9999 -9999 -9999 -9999 -9999 -9999 -9999 -9999 -9999 -9999 -9999 -9999 -9999 -9999 -9999 -9999 -9999 -37.6526932534879 -73.2756005279591 -123.728167596394 -144.609872017479 -116.763978888904 -90.9496109657104 -66.5139842915067 -44.1681876877317 -26.7595573297606 -26.5018662450872 -48.166909688874 -32.9002762340368 -22.1292107848056 -25.2031126677796 -27.4895244483281 -29.9471880472146 -26.8771993298704 -24.9475100567554 -24.0725020340325 -25.2542462500712 -26.7209207725079 -22.514139604313 -17.5091361838221 -14.5169302160423 -13.3802956075873 -12.6216617338816 -11.3672094877333 -10.6313025478731 -9.27786405491498 -8.38494125959318 -7.50712989974392
-9999 -9999 -9999 -9999 -9999 -9999 -9999 -9999 -9999 -9999 -9999 -9999 -9999 -9999 -9999 -9999 -9999 -9999 -9999 -9999 -9999 -9999 -9999 -9999 -9999 -47.9467480715059 -80.2886687479752 -121.048042585509 -132.874516680021 -104.194900569766 -73.3731748747508 -45.9407716055638 -26.2666414240646 -15.2161504354234 -26.5222905785604 -40.3266925907123 -35.6943398176324 -29.2862323104168 -30.5835656460135 -31.058563244534 -31.2366338290153 -28.4716193364832 -26.5823894892717 -25.6248219415621 -26.8890400771496 -27.8943269520863 -24.4399687057782 -19.5630040600894 -16.1497134532455 -14.4620362307177 -13.5769602625924 -12.2434125287173 -11.3188962154467 -9.98733486202875 -9.05445391444366 -8.3057683567266
-9999 -9999 -9999 -9999 -9999 -9999 -9999 -9999 -9999 -9999 -9999 -9999 -9999 -9999 -9999 -9999 -9999 -9999 -9999 -9999 -9999 -9999 -9999 -9999 -9999 -51.5761407750524 -82.5684425576679 -117.987270229947 -121.08727736097 -89.3122947666481 -61.1217204345629 -34.8706401572795 -16.9164866418671 -17.4348208147225 -29.9016492302951 -42.3553805251003 -37.4045103462967 -31.8423325833975 -31.6036199696417 -30.4019429882418 -31.0144824381854 -28.2877880570637 -26.5297290088196 -25.7167484826408 -26.989918004335 -28.8973937128358 -25.0542755218525 -20.8028319474906 -17.4755160142273 -15.5780903462433 -14.1297724794156 -12.6973602954497 -11.7973145659229 -10.571843146549 -9.84599171913515 -9.03068459040641
-9999 -9999 -9999 -9999 -9999 -9999 -9999 -9999 -9999 -9999 -9999 -9999 -9999 -9999 -9999 -9999 -9999 -9999 -9999 -9999 -9999 -9999 -9999 -9999 -9999 -45.5186674752167 -78.1090223773668 -109.136077769337 -107.233920412227 -78.7768499284037 -50.3452766729739 -28.0558266058472 -17.849910564447 -20.8993245824162 -31.7111704776875 -39.6220145183263 -36.1950118857057 -29.3816139378117 -27.4356481274125 -27.9975273285626 -28.4977584040108 -26.8740401198672 -25.4537718288423 -25.0105764691899 -25.8600056126758 -26.0901715368252 -24.6993259662986 -21.1607572771223 -18.0653558273426 -16.0840770698308 -14.6580471754825 -13.1959173632458 -12.1698453829012 -10.9537684088472 -10.3440255532525 -9.98382343989819
-9999 -9999 -9999 -9999 -9999 -9999 -9999 -9999 -9999 -9999 -9999 -9999 -9999 -9999 -9999 -9999 -9999 -9999 -9999 -9999 -9999 -9999 -9999 -9999 -9999 -39.2618190914086 -73.5131999447447 -105.084499513574 -100.453992544282 -71.2630757779194 -44.6059353623318 -24.5084727332321 -20.8037265413887 -25.1834688612151 -34.5832675233487 -41.3347370217466 -36.8371754257295 -31.0319956151377 -28.8793334199785 -28.4423593001453 -28.5587777965474 -26.5496185581407 -25.6020359389248 -25.5610225529222 -26.3293763692804 -26.0410308602879 -24.468570592832 -21.2503198580853 -18.4286868797722 -16.6271323790871 -15.1206025991858 -13.5517684231285 -12.5494036928878 -11.4585451249294 -11.0876215265172 -10.670644296457
-9999 -9999 -9999 -9999 -9999 -9999 -9999 -9999 -9999 -9999 -9999 -9999 -9999 -9999 -9999 -9999 -9999 -9999 -9999 -9999 -9999 -9999 -9999 -9999 -9999 -40.2292529271251 -72.473069223246 -102.233363425688 -96.1088125941292 -66.0932456016246 -38.5595094401901 -24.9399161402983 -24.8603168177777 -30.1221306632425 -37.7489395047025 -42.1185161499183 -37.9240022860696 -33.7671153548644 -31.8468476358855 -30.3462716634937 -29.167133590308 -27.5495587627357 -27.7169367139334 -28.0010627291041 -27.2485527421066 -25.9232294600431 -24.7929225131402 -21.9288586398885 -19.2868175561778 -17.22574537356 -15.5330247192805 -14.1159232254461 -13.1227956251523 -11.9868638348009 -11.3807657271545 -10.9270926281731
-9999 -9999 -9999 -9999 -9999 -9999 -9999 -9999 -9999 -9999 -9999 -9999 -9999 -9999 -9999 -9999 -9999 -9999 -9999 -9999 -9999 -9999 -9999 -9999 -9999 -38.8449964441327 -70.0024419190756 -104.482705760566 -97.4189932727793 -61.8311194989489 -36.8864828794915 -26.9136636217123 -27.7238653406198 -32.447754312492 -37.2967997839343 -40.9335913217414 -37.581941699318 -35.0092074017962 -33.6361858902542 -31.9673509206893 -30.4139609350226 -28.6516045505505 -29.5231857099513 -29.8339475684331 -28.2562527477151 -26.2232924077209 -24.9727074388753 -22.706959523426 -20.264612579023 -18.0852495740902 -16.2395619808509 -14.7217408520851 -13.7016631615905 -12.5564266784947 -11.9631922484708 -11.3331273530576
-9999 -9999 -9999 -9999 -9999 -9999 -9999 -9999 -9999 -9999 -9999 -9999 -9999 -9999 -9999 -9999 -9999 -9999 -9999 -9999 -9999 -9999 -9999 -9999 -9999 -38.0672261049778 -68.7404494245416 -108.293897923786 -101.208543255877 -64.2505156833763 -39.351251157297 -30.1283995080029 -29.4658178938251 -31.7900374184305 -34.7481082844026 -36.0117730542737 -35.9842913201958 -35.1066730268855 -34.424106974342 -33.4036610828932 -31.5359018547431 -29.7215401253773 -30.2907026212631 -30.5758736971631 -28.9454553509386 -26.8059011579643 -25.6120709450836 -23.5558914686999 -21.0602779469139 -19.0069444134963 -17.2480098544247 -15.451016990049 -14.1416278854254 -13.0301426300844 -12.4648724934718 -12.0934355404202
-9999 -9999 -9999 -9999 -9999 -9999 -9999 -9999 -9999 -9999 -9999 -9999 -9999 -9999 -9999 -9999 -9999 -9999 -9999 -9999 -9999 -9999 -9999 -9999 -9999 -36.9819690120385 -65.2372784457358 -106.820220501498 -106.011768930649 -68.3245611644072 -42.6450497528357 -33.180004560457 -31.6207899353337 -32.4332394179687 -34.3205096151371 -35.8487023406792 -36.5220547552309 -36.3244531075876 -35.7990507112882 -34.9086437342665 -32.9490465653354 -30.6947229938994 -30.9739760500471 -31.2039558783213 -29.8657573938829 -27.876922388588 -26.483330556108 -24.6396561379245 -21.9819156347156 -19.6097832071013 -17.7295232182344 -15.8536198926864 -14.5510521167647 -13.4541430228239 -12.9113717517562 -12.4655584877254
-9999 -9999 -9999 -9999 -9999 -9999 -9999 -9999 -9999 -9999 -9999 -9999 -9999 -9999 -9999 -9999 -9999 -9999 -9999 -9999 -9999 -9999 -9999 -9999 -9999 -37.4444973632411 -63.7987667655285 -102.544717517139 -107.192637140386 -74.4936822458681 -47.5946013058741 -37.0478392249913 -34.5309357775144 -33.6501420669532 -35.3393067245638 -37.408108484855 -37.7740344399789 -37.9364119838611 -37.2512479660388 -35.6632375143016 -33.9166753708531 -31.606375650754 -31.5994762211811 -31.7590584075196 -30.960017012093 -29.6117912203812 -27.951568844365 -26.0089891593688 -23.0627082392555 -20.3133842176485 -17.8844280423071 -16.4720996991959 -15.3443611791598 -14.363785902009 -13.9976046395873 -12.9741446709265
-9999 -9999 -9999 -9999 -9999 -9999 -9999 -9999 -9999 -9999 -9999 -9999 -9999 -9999 -9999 -9999 -9999 -9999 -9999 -9999 -9999 -9999 -9999 -9999 -45.2330935429356 -40.0672019091709 -63.1709715724653 -100.428294690961 -111.226969396815 -82.963237262396 -53.8550980842122 -41.48398909052 -37.3967808683514 -34.995938758501 -36.0194906203645 -37.8348507554919 -37.9679929382449 -37.6894403870194 -36.7568489973497 -35.3633941893154 -34.0611872358096 -32.4681628520536 -32.3692616616596 -32.3332409809241 -31.7847168238584 -30.8006007592406 -29.3369817826195 -27.7563303305287 -25.0024823227845 -22.0754582296367 -19.5321541212902 -18.0191608322873 -16.9290890002045 -16.2759506818913 -17.2262292129268 -17.9475566017731
