meets/meet004/_saidas_enm/CCSM_Maxent_6k_Cavanillesia_umbellata5.asc
NCOLS 154 
NROWS 168 
XLLCORNER -112 
YLLCORNER -55.5 
CELLSIZE 0.5 
NODATA_value -9999 
[rows 50 to 74 of 168, columns 56 to 111 of 154]
-9999 -9999 -9999 -9999 -9999 -9999 -9999 -9999 -9999 -9999 -9999 -9999 -9999 0.00626991409808397 0.100018173456192 0.17654313147068 0.162467047572136 0.14864256978035 0.364519119262695 0.412415444850922 0.431301862001419 0.471112549304962 0.483357697725296 0.218879401683807 0.475838869810104 0.467496603727341 0.470222651958466 0.458944588899612 0.443410754203796 0.422115087509155 0.410277009010315 0.43728044629097 0.459650278091431 0.208124369382858 0.191408842802048 0.388316035270691 0.376646906137466 0.137939929962158 0.135208919644356 0.139725640416145 0.142536371946335 0.147276893258095 0.155200392007828 0.176184505224228 0.0687969252467155 0.0505143702030182 0.0607277043163776 0.0606278739869595 0.19558322429657 0.245684698224068 0.23597925901413 0.262584954500198 0.433085292577744 0.423325061798096 0.398325502872467 0.235737755894661
-9999 -9999 -9999 -9999 -9999 -9999 -9999 -9999 -9999 -9999 -9999 -9999 -9999 0.0220825579017401 0.120882995426655 0.152528613805771 0.158859521150589 0.379694044589996 0.384969830513 0.434941649436951 0.459653794765472 0.456802636384964 0.501478016376495 0.513701140880585 0.486931383609772 0.465667098760605 0.438116103410721 0.398978382349014 0.34735968708992 0.294408887624741 0.280982613563538 0.333340406417847 0.349261522293091 0.209474712610245 0.222978621721268 0.196653038263321 0.434191703796387 0.165739044547081 0.158935695886612 0.155542567372322 0.156402841210365 0.157217472791672 0.164848670363426 0.126829415559769 0.0663722679018974 0.0615340657532215 0.0626442432403564 0.0658764839172363 0.210129946470261 0.25153785943985 0.262821525335312 0.438844382762909 0.435744255781174 0.417694568634033 0.390604645013809 0.235924914479256
-9999 -9999 -9999 -9999 -9999 -9999 -9999 -9999 -9999 -9999 -9999 0.010941063053906 0.0154665494337678 0.0621165819466114 0.0956662893295288 0.127546265721321 0.145406976342201 0.385134756565094 0.403885066509247 0.422219008207321 0.439797550439835 0.455220073461533 0.465179651975632 0.461528450250626 0.434649050235748 0.397192150354385 0.345480918884277 0.287223041057587 0.222531646490097 0.169896855950356 0.156644329428673 0.219919130206108 0.27776837348938 0.186153829097748 0.22107569873333 0.216553211212158 0.205976709723473 0.19973911345005 0.189793542027473 0.18321792781353 0.178332760930061 0.17969799041748 0.179723605513573 0.139980047941208 0.148148074746132 0.15160171687603 0.152293533086777 0.159594759345055 0.446859836578369 0.456942051649094 0.463267117738724 0.450673699378967 0.426584035158157 0.401801258325577 0.371371418237686 0.22999070584774
-9999 -9999 -9999 -9999 -9999 -9999 -9999 -9999 -9999 -9999 0.0152518572285771 0.0249616373330355 0.0545890629291534 0.0586928278207779 0.0613664798438549 0.0771119669079781 0.108391270041466 0.156252190470695 0.183715775609016 0.191895931959152 0.195542082190514 0.190140813589096 0.16875047981739 0.154203549027443 0.13260617852211 0.10662167519331 0.0793778151273727 0.0542277954518795 0.0352810844779015 0.0830075964331627 0.0815720036625862 0.106591776013374 0.211755931377411 0.403016954660416 0.211354359984398 0.226883441209793 0.224761456251144 0.223000049591064 0.219817399978638 0.214963018894196 0.212507784366608 0.213790372014046 0.209322512149811 0.164208874106407 0.167666435241699 0.173557206988335 0.434843748807907 0.479231894016266 0.552435219287872 0.550122380256653 0.538942098617554 0.514778673648834 0.412995934486389 0.382777988910675 0.353188395500183 0.226094767451286
-9999 -9999 -9999 -9999 -9999 -9999 -9999 -9999 -9999 -9999 0.0834466144442558 0.0630015507340431 0.0863829106092453 0.060675136744976 0.0393637977540493 0.0388476476073265 0.0766756534576416 0.144718587398529 0.179396390914917 0.182058647274971 0.18029922246933 0.158063188195229 0.127726867794991 0.106024831533432 0.0804274827241898 0.0583202578127384 0.0362130180001259 0.0216388814151287 0.0127445105463266 0.00862820446491241 0.0321274362504482 0.0537552759051323 0.146494016051292 0.0976966246962547 0.193925738334656 0.22486212849617 0.230327114462852 0.230253174901009 0.230621814727783 0.23416168987751 0.235785260796547 0.240408405661583 0.183460086584091 0.180625423789024 0.447773069143295 0.561456620693207 0.563282310962677 0.561598360538483 0.550056338310242 0.534660279750824 0.513287246227264 0.493178397417068 0.46752667427063 0.368531286716461 0.338895231485367 0.374541878700256
-9999 -9999 -9999 -9999 -9999 -9999 -9999 -9999 0.0120583456009626 0.0616392903029919 0.191377967596054 0.0764762461185455 0.0893449410796165 0.0715763717889786 0.0389001742005348 0.0290808659046888 0.054714098572731 0.110696367919445 0.144136786460876 0.137166991829872 0.111443758010864 0.0979351326823235 0.0825249999761581 0.0633115470409393 0.0412397086620331 0.0234671477228403 0.0132530676200986 0.00672824867069721 0.00497340969741344 0.00504805287346244 0.00375321111641824 0.00817272998392582 0.027836924418807 0.0712468400597572 0.167958423495293 0.21402545273304 0.229183331131935 0.51973831653595 0.521394610404968 0.525332450866699 0.528836607933044 0.522484064102173 0.440244823694229 0.436678856611252 0.473990201950073 0.477396279573441 0.549385726451874 0.537565588951111 0.520677983760834 0.503341555595398 0.485095679759979 0.465310245752335 0.446065366268158 0.348460823297501 0.316909670829773 0.36507859826088
-9999 -9999 -9999 -9999 -9999 -9999 -9999 -9999 0.0310536306351423 0.146503388881683 0.288296103477478 0.294741064310074 0.10086153447628 0.208610668778419 0.0485272705554962 0.0390444695949554 0.0358697921037674 0.0707707405090332 0.0901508703827858 0.0747739672660828 0.0530543103814125 0.0454172603785992 0.0394479818642139 0.0281400885432959 0.014753277413547 0.00704912003129721 0.00635568285360932 0.00550663564354181 0.00422082561999559 0.00490333558991551 0.00537463324144483 0.00546145252883434 0.0155884837731719 0.0476311556994915 0.100039452314377 0.189084842801094 0.217521727085114 0.517905235290527 0.522276520729065 0.517771601676941 0.438522756099701 0.429024964570999 0.419759511947632 0.449453294277191 0.446630388498306 0.444132030010223 0.435233116149902 0.495868057012558 0.47675085067749 0.452889889478683 0.434499144554138 0.411526769399643 0.388987451791763 0.301470458507538 0.272805958986282 0.341223269701004
-9999 -9999 -9999 -9999 -9999 -9999 -9999 0.0382997654378414 0.0806256979703903 0.219717487692833 0.318426012992859 0.343428939580917 0.339000999927521 0.274567246437073 0.191415011882782 0.155038759112358 0.0501779280602932 0.0497161224484444 0.0473616309463978 0.0345281511545181 0.024473063647747 0.021638372913003 0.0180447064340115 0.0168203189969063 0.0157461632043123 0.0105071906000376 0.0106107788160443 0.010861880145967 0.010941568762064 0.0113749355077744 0.0113364700227976 0.011848502792418 0.0120227374136448 0.0283561628311872 0.0644827708601952 0.102712243795395 0.138151690363884 0.153082951903343 0.401780724525452 0.406043499708176 0.386251628398895 0.379660248756409 0.404329538345337 0.394441962242126 0.398332267999649 0.384868085384369 0.361494153738022 0.337817996740341 0.315713077783585 0.355943739414215 0.277637273073196 0.253738284111023 0.235715702176094 0.22320981323719 0.213754042983055 0.308878183364868
-9999 -9999 -9999 -9999 -9999 -9999 -9999 0.0872639194130898 0.177292093634605 0.323504120111465 0.345003336668015 0.355768412351608 0.356052309274673 0.309517979621887 0.263082355260849 0.21178537607193 0.0709130093455315 0.0717147216200829 0.0502242967486382 0.0404707826673985 0.0329424291849136 0.0285293012857437 0.023420937359333 0.0235966648906469 0.0251514259725809 0.0235499255359173 0.0238625071942806 0.0213126484304667 0.0218538530170918 0.0250812191516161 0.0248115658760071 0.024950910359621 0.0220242366194725 0.0208329316228628 0.0395732410252094 0.0668611973524094 0.0909522622823715 0.10834851115942 0.115551441907883 0.323258250951767 0.322327166795731 0.310245156288147 0.327247142791748 0.305705398321152 0.275895297527313 0.249418318271637 0.220782428979874 0.19608049094677 0.172152727842331 0.167534604668617 0.17139245569706 0.175238206982613 0.165405541658401 0.164719179272652 0.171911686658859 0.276352435350418
-9999 -9999 -9999 -9999 -9999 -9999 0.142944484949112 0.213760048151016 0.316440671682358 0.371641486883163 0.337235897779465 0.359877020120621 0.374788969755173 0.297183573246002 0.277317076921463 0.261464059352875 0.102210879325867 0.101263418793678 0.0694950446486473 0.0574328564107418 0.0478127300739288 0.0436100140213966 0.0406834557652473 0.0407710522413254 0.0394339747726917 0.0390379875898361 0.121992938220501 0.121762298047543 0.1249835267663 0.121279992163181 0.122479982674122 0.118572480976582 0.115201711654663 0.110673449933529 0.102555520832539 0.127446606755257 0.170002490282059 0.199654296040535 0.214340582489967 0.241982191801071 0.232609152793884 0.214368879795074 0.188964873552322 0.160584926605225 0.164516746997833 0.181449398398399 0.199916645884514 0.216874152421951 0.226032704114914 0.229065984487534 0.234298422932625 0.228806927800179 0.223408475518227 0.224161639809608 0.218981802463531 0.247908964753151
-9999 -9999 -9999 -9999 -9999 -9999 0.289586424827576 0.357808023691177 0.412076413631439 0.42878782749176 0.373813301324844 0.388016432523727 0.399296492338181 0.363704681396484 0.32512304186821 0.33725717663765 0.34070497751236 0.127166256308556 0.0904772207140923 0.0843684673309326 0.0720712170004845 0.0668872445821762 0.0624964945018291 0.193215429782867 0.194721281528473 0.189844936132431 0.188129916787148 0.182638138532639 0.181691855192184 0.181152492761612 0.174854099750519 0.171717435121536 0.162979513406754 0.176971301436424 0.17333772778511 0.165324568748474 0.166496217250824 0.164277955889702 0.167634695768356 0.18036188185215 0.18695542216301 0.205122798681259 0.218707472085953 0.232132986187935 0.136990815401077 0.254721313714981 0.28173890709877 0.286957383155823 0.289523601531982 0.293826103210449 0.165162235498428 0.166227921843529 0.161379545927048 0.15986368060112 0.160081803798676 0.286288499832153
-9999 -9999 -9999 -9999 -9999 -9999 0.391534507274628 0.43130749464035 0.458943635225296 0.46826183795929 0.413802444934845 0.414486020803452 0.4262575507164 0.385438561439514 0.402937382459641 0.368951082229614 0.387392282485962 0.151397734880447 0.108018212020397 0.100848160684109 0.0884342789649963 0.247399747371674 0.241390570998192 0.244304031133652 0.24331896007061 0.244916692376137 0.235419705510139 0.257001370191574 0.255299717187881 0.246832817792892 0.244903981685638 0.235028326511383 0.230292901396751 0.223536401987076 0.217358008027077 0.216351881623268 0.212104022502899 0.216945737600327 0.220659837126732 0.230522841215134 0.243403315544128 0.140422105789185 0.152521803975105 0.160129204392433 0.165141671895981 0.171658590435982 0.183393701910973 0.187403738498688 0.18835860490799 0.187621638178825 0.188270181417465 0.186775863170624 0.187145471572876 0.189081192016602 0.186539277434349 0.187696039676666
-9999 -9999 -9999 -9999 -9999 -9999 -9999 0.47327521443367 0.473838150501251 0.484388172626495 0.438469588756561 0.430792510509491 0.446047604084015 0.430669844150543 0.433567196130753 0.443966567516327 0.45918270945549 0.425497859716415 0.335503846406937 0.329147130250931 0.322758227586746 0.315905630588531 0.340462744235992 0.341228485107422 0.344030231237411 0.326454550027847 0.322914838790894 0.313460946083069 0.307229161262512 0.303192615509033 0.29552897810936 0.291388541460037 0.283099859952927 0.278476029634476 0.277407377958298 0.272395938634872 0.274808585643768 0.274941265583038 0.277976781129837 0.289189964532852 0.168618053197861 0.177916541695595 0.184375211596489 0.20032973587513 0.205151200294495 0.206069737672806 0.208586394786835 0.20844529569149 0.208037331700325 0.20836965739727 0.207606375217438 0.208871394395828 0.208803370594978 0.210701316595078 0.212834283709526 0.213230133056641
-9999 -9999 -9999 -9999 -9999 -9999 -9999 -9999 0.471050500869751 0.491737306118011 0.421219766139984 0.436440676450729 0.46278315782547 0.447014600038528 0.451319336891174 0.463788360357285 0.484485268592834 0.479259639978409 0.388416826725006 0.384040892124176 0.380868911743164 0.377331018447876 0.375017106533051 0.374844521284103 0.374692112207413 0.375832170248032 0.37001034617424 0.365472346544266 0.359298139810562 0.352539002895355 0.349273502826691 0.342982470989227 0.339690834283829 0.335153579711914 0.316577553749084 0.314760804176331 0.313763290643692 0.316621422767639 0.318133473396301 0.187678202986717 0.193139955401421 0.20771524310112 0.214015886187553 0.218066051602364 0.219152212142944 0.219635054469109 0.218863800168037 0.21914504468441 0.218316406011581 0.217360123991966 0.21753017604351 0.218860447406769 0.22131872177124 0.225295290350914 0.228036031126976 0.232196003198624
-9999 -9999 -9999 -9999 -9999 -9999 0.493905454874039 0.480358302593231 0.469966202974319 0.480242997407913 0.431916236877441 0.436064481735229 0.475115925073624 0.470453083515167 0.475329279899597 0.478534609079361 0.496445029973984 0.419385582208633 0.404658734798431 0.401401191949844 0.401276558637619 0.40155953168869 0.401861220598221 0.402392655611038 0.403004616498947 0.401243090629578 0.399388194084167 0.395759403705597 0.392089664936066 0.388768643140793 0.385041922330856 0.382773965597153 0.378960609436035 0.376448601484299 0.37532764673233 0.372070878744125 0.372521281242371 0.356246739625931 0.356294065713882 0.212952151894569 0.225617364048958 0.229072540998459 0.231237381696701 0.232001468539238 0.229289591312408 0.22547447681427 0.223189681768417 0.221139281988144 0.2194934040308 0.218071475625038 0.217821851372719 0.220057025551796 0.224056243896484 0.230247065424919 0.237360417842865 0.403621882200241
-9999 -9999 -9999 -9999 -9999 0.405594736337662 0.505864977836609 0.479279428720474 0.479446262121201 0.456861972808838 0.412011861801147 0.43386122584343 0.479209065437317 0.484485536813736 0.463183909654617 0.46781462430954 0.404068976640701 0.413256734609604 0.412913501262665 0.405690640211105 0.408436983823776 0.409701853990555 0.416441589593887 0.418550997972488 0.416049182415009 0.415885329246521 0.41369304060936 0.414177000522614 0.413551419973373 0.409857481718063 0.410542279481888 0.407660335302353 0.407050311565399 0.406144618988037 0.403635263442993 0.403914958238602 0.400664001703262 0.4002406001091 0.398346900939941 0.397391706705093 0.239822790026665 0.239238545298576 0.23818464577198 0.234527796506882 0.22761557996273 0.220100685954094 0.217929273843765 0.214966043829918 0.213136658072472 0.21117028594017 0.209676563739777 0.213930755853653 0.218224436044693 0.225305333733559 0.389888733625412 0.404667556285858
-9999 -9999 -9999 -9999 -9999 0.514789462089539 0.508836984634399 0.491190820932388 0.479591101408005 0.440978616476059 0.422360509634018 0.42740797996521 0.45211935043335 0.456317722797394 0.45054304599762 0.453339248895645 0.379791766405106 0.38821068406105 0.38967376947403 0.394128918647766 0.396575838327408 0.404648691415787 0.416325986385345 0.421585202217102 0.423720896244049 0.422704935073853 0.422731459140778 0.42302542924881 0.423106998205185 0.423475354909897 0.423004925251007 0.422766298055649 0.422237575054169 0.422035127878189 0.422204822301865 0.421135812997818 0.419384390115738 0.416437268257141 0.413216650485992 0.40978342294693 0.246194317936897 0.241941869258881 0.236415207386017 0.230539411306381 0.223071232438087 0.215451508760452 0.210706874728203 0.207397326827049 0.20530503988266 0.203297391533852 0.203291267156601 0.205627933144569 0.210294350981712 0.365700751543045 0.375227212905884 0.386595398187637
-9999 -9999 -9999 -9999 -9999 -9999 0.523973762989044 0.51989072561264 0.476351231336594 0.440657466650009 0.417920619249344 0.412374407052994 0.421274304389954 0.425696432590485 0.429497003555298 0.431762516498566 0.375229984521866 0.372406482696533 0.370839625597 0.380882263183594 0.378465831279755 0.394725739955902 0.401296615600586 0.40918704867363 0.416979789733887 0.415774643421173 0.420315980911255 0.420208603143692 0.423440605401993 0.428424328565598 0.430293291807175 0.432174265384674 0.43157771229744 0.432034552097321 0.432952970266342 0.431810081005096 0.428872883319855 0.424140125513077 0.41891473531723 0.413122534751892 0.405396908521652 0.24047489464283 0.232307702302933 0.225377082824707 0.218153104186058 0.209512054920197 0.204581692814827 0.200019642710686 0.197230964899063 0.193591102957726 0.193412870168686 0.192998066544533 0.337380319833755 0.344689190387726 0.352085947990417 0.361388653516769
-9999 -9999 -9999 -9999 -9999 -9999 0.546770513057709 0.531259179115295 0.501469671726227 0.431328058242798 0.381680935621262 0.379199892282486 0.403981298208237 0.410874664783478 0.417859464883804 0.43272191286087 0.455955535173416 0.356809616088867 0.197870478034019 0.214899525046349 0.386510610580444 0.387846916913986 0.385924726724625 0.391432076692581 0.403908163309097 0.412686616182327 0.409300208091736 0.404888898134232 0.40679943561554 0.41395628452301 0.422355264425278 0.424465954303741 0.42696338891983 0.431191742420197 0.432649254798889 0.431512326002121 0.427611380815506 0.42255112528801 0.417075902223587 0.410903841257095 0.403439104557037 0.238393306732178 0.230826854705811 0.223922744393349 0.216920927166939 0.209441766142845 0.202843382954597 0.194412067532539 0.187433153390884 0.180333778262138 0.176614388823509 0.310836374759674 0.316582590341568 0.321456432342529 0.322702825069427 0.325196921825409
-9999 -9999 -9999 -9999 -9999 -9999 0.571270406246185 0.556936800479889 0.540408253669739 0.450392514467239 0.352340787649155 0.342342257499695 0.38171848654747 0.392940282821655 0.403199017047882 0.42396080493927 0.453247398138046 0.353463798761368 0.186014384031296 0.211599424481392 0.392168313264847 0.385994106531143 0.370229452848434 0.374049603939056 0.393137097358704 0.40693336725235 0.400676757097244 0.388909310102463 0.389526575803757 0.399529755115509 0.408313930034637 0.408922642469406 0.407518714666367 0.410801500082016 0.415936648845673 0.420595228672028 0.419106185436249 0.4150750041008 0.411760658025742 0.405545681715012 0.399515181779861 0.390812307596207 0.382350444793701 0.374191731214523 0.215620756149292 0.208232924342155 0.197956711053848 0.18801985681057 0.179533109068871 0.169073089957237 0.162990912795067 0.29168426990509 0.298253923654556 0.299034893512726 0.293064385652542 0.290483176708221
-9999 -9999 -9999 -9999 -9999 -9999 -9999 -9999 0.526284337043762 0.485860407352448 0.338460713624954 0.317778408527374 0.356890469789505 0.360492140054703 0.37432387471199 0.395152539014816 0.440067708492279 0.364355772733688 0.18189737200737 0.204238742589951 0.387438654899597 0.374288141727448 0.348917603492737 0.349523335695267 0.371872335672379 0.389847218990326 0.38399612903595 0.371485680341721 0.37082976102829 0.379206031560898 0.386288553476334 0.230927810072899 0.227601155638695 0.229204937815666 0.234105318784714 0.238595202565193 0.238445043563843 0.393118411302567 0.392072349786758 0.390020847320557 0.387873440980911 0.381521642208099 0.374638676643372 0.367280632257462 0.358873039484024 0.349786043167114 0.336023181676865 0.321652084589005 0.30756539106369 0.291758418083191 0.282661944627762 0.281163513660431 0.284052342176437 0.282997071743011 0.274418413639069 0.265913844108582
-9999 -9999 -9999 -9999 -9999 -9999 -9999 -9999 0.518995821475983 0.466422587633133 0.339106857776642 0.311727821826935 0.338082551956177 0.330529779195786 0.350470095872879 0.367985665798187 0.428677171468735 0.369918376207352 0.179911538958549 0.205665364861488 0.384321063756943 0.365358918905258 0.330313384532928 0.190739288926125 0.355979889631271 0.37459334731102 0.369821190834045 0.354559779167175 0.353139042854309 0.362238973379135 0.217787936329842 0.21539169549942 0.209178104996681 0.209754347801208 0.214971020817757 0.219046995043755 0.219936013221741 0.219542250037193 0.219776481389999 0.369141489267349 0.36924159526825 0.365355551242828 0.361136585474014 0.356436401605606 0.350528568029404 0.344082146883011 0.331241816282272 0.317032247781754 0.302094668149948 0.284033268690109 0.273274779319763 0.266706496477127 0.2665054500103 0.264082461595535 0.254715710878372 0.306993454694748
-9999 -9999 -9999 -9999 -9999 -9999 -9999 -9999 -9999 0.467588990926743 0.385533899068832 0.344180047512054 0.323606312274933 0.303986251354218 0.322557002305984 0.34560164809227 0.403873771429062 0.383661478757858 0.179465964436531 0.19866444170475 0.374419331550598 0.352525502443314 0.319223165512085 0.181661233305931 0.338418632745743 0.358184903860092 0.354109883308411 0.342197984457016 0.198343276977539 0.202607870101929 0.205315038561821 0.201115220785141 0.19491246342659 0.194499462842941 0.197914317250252 0.201106175780296 0.201719656586647 0.200966089963913 0.202260926365852 0.203599914908409 0.349077522754669 0.347363859415054 0.344949394464493 0.343283653259277 0.342099964618683 0.337710618972778 0.325806051492691 0.310212671756744 0.294295132160187 0.277146816253662 0.261296272277832 0.251032084226608 0.24199615418911 0.23962590098381 0.299863249063492 0.2894107401371
-9999 -9999 -9999 -9999 -9999 -9999 -9999 -9999 -9999 -9999 0.402990818023682 0.373877644538879 0.317511945962906 0.291858971118927 0.305837094783783 0.32467520236969 0.381573677062988 0.448354601860046 0.185587182641029 0.342466324567795 0.367150813341141 0.34587037563324 0.1827602237463 0.095039077103138 0.32771161198616 0.343467384576797 0.340604573488235 0.330067962408066 0.19014436006546 0.193542897701263 0.194585740566254 0.190317392349243 0.183200120925903 0.181526735424995 0.183677643537521 0.185292750597 0.18551604449749 0.184586703777313 0.185657560825348 0.187442377209663 0.188983306288719 0.327090203762054 0.327037513256073 0.328177750110626 0.32902717590332 0.327025800943375 0.317048519849777 0.301735401153564 0.285379439592361 0.265554845333099 0.248682007193565 0.237009644508362 0.22673511505127 0.22423991560936 0.281357795000076 0.267538487911224
-9999 -9999 -9999 -9999 -9999 -9999 -9999 -9999 -9999 -9999 -9999 0.357330709695816 0.316963523626328 0.269537568092346 0.271809756755829 0.305975586175919 0.3536756336689 0.407850831747055 0.202337801456451 0.352574467658997 0.357008337974548 0.337233453989029 0.183505311608315 0.178337156772614 0.186480596661568 0.192439123988152 0.325918942689896 0.320778161287308 0.183693706989288 0.18503749370575 0.184459760785103 0.180868715047836 0.175347506999969 0.172858357429504 0.172235444188118 0.171072989702225 0.172095492482185 0.170565500855446 0.172089159488678 0.17420457303524 0.174830675125122 0.309810161590576 0.308978915214539 0.311829149723053 0.317032694816589 0.31567570567131 0.307181984186172 0.292986184358597 0.277541220188141 0.259149253368378 0.242584824562073 0.232569620013237 0.223513454198837 0.218201979994774 0.265572190284729 0.259807944297791
