meets/meet004/_saidas_enm/CCSM_Maxent_21k_Aralia_warmingiana2.asc
NCOLS 154 
NROWS 168 
XLLCORNER -112 
YLLCORNER -55.5 
CELLSIZE 0.5 
NODATA_value -9999 
[rows 50 to 74 of 168, columns 56 to 111 of 154]
-9999 -9999 -9999 -9999 -9999 -9999 -9999 -9999 -9999 -9999 -9999 -9999 -9999 0.00258744135499001 0.00274835689924657 0.00749694742262363 0.0316432975232601 0.0826486721634865 0.157136678695679 0.232792988419533 0.264903277158737 0.325284540653229 0.373426139354706 0.383971631526947 0.318541467189789 0.254490882158279 0.161719024181366 0.0701622664928436 0.0483263246715069 0.0362134799361229 0.0280447416007519 0.036288820207119 0.0509040951728821 0.0655895173549652 0.135459542274475 0.258868873119354 0.338627308607101 0.417099624872208 0.439996540546417 0.443277150392532 0.460980981588364 0.461309939622879 0.473346889019012 0.457856595516205 0.375691682100296 0.186748087406158 0.266824275255203 0.253471344709396 0.26290437579155 0.316661328077316 0.331301867961884 0.326884835958481 0.326608657836914 0.343569159507751 0.374157726764679 0.387964457273483
-9999 -9999 -9999 -9999 -9999 -9999 -9999 -9999 -9999 -9999 -9999 -9999 -9999 0.00233862968161702 0.00367761985398829 0.0121138021349907 0.0438490174710751 0.104207322001457 0.166311010718346 0.208072304725647 0.226515546441078 0.272990167140961 0.331215232610703 0.342725366353989 0.28362113237381 0.213802203536034 0.130979433655739 0.062847688794136 0.0326113700866699 0.0173135958611965 0.0144583731889725 0.0216531399637461 0.0364619717001915 0.0817157253623009 0.172560647130013 0.282048255205154 0.375844031572342 0.449767827987671 0.475861310958862 0.475710541009903 0.483759641647339 0.474189966917038 0.46180722117424 0.421070665121078 0.3691546022892 0.321323543787003 0.3165582716465 0.346109837293625 0.357758551836014 0.368420422077179 0.372321128845215 0.346020728349686 0.34294605255127 0.351951122283936 0.373040914535522 0.390834093093872
-9999 -9999 -9999 -9999 -9999 -9999 -9999 -9999 -9999 -9999 -9999 0.00461935205385089 0.00412908289581537 0.00415834644809365 0.00588375562801957 0.0158817134797573 0.0449766851961613 0.111826606094837 0.173385500907898 0.200866967439651 0.203490391373634 0.245217934250832 0.272570312023163 0.265704870223999 0.211985766887665 0.145965307950974 0.0945827513933182 0.0421118214726448 0.0226795934140682 0.0137210059911013 0.00992608908563852 0.020738773047924 0.0459899194538593 0.106764324009418 0.231852024793625 0.327258914709091 0.396003842353821 0.47463595867157 0.495405852794647 0.493037164211273 0.498217076063156 0.473540395498276 0.458036720752716 0.429203689098358 0.404868960380554 0.41472315788269 0.401283323764801 0.442324250936508 0.444611072540283 0.398284703493118 0.370000898838043 0.357637733221054 0.356177061796188 0.365061730146408 0.384915858507156 0.400618612766266
-9999 -9999 -9999 -9999 -9999 -9999 -9999 -9999 -9999 -9999 0.0106744673103094 0.00602345308288932 0.00604618899524212 0.00666725775226951 0.00800635199993849 0.0120607707649469 0.0320699959993362 0.0781280323863029 0.121080502867699 0.150080978870392 0.173434779047966 0.176204741001129 0.170084580779076 0.144599333405495 0.11061505228281 0.0740011408925056 0.042152926325798 0.0218904092907906 0.0141669968143106 0.0121137965470552 0.0108809173107147 0.0156042296439409 0.0449847877025604 0.11484257876873 0.243689596652985 0.351081520318985 0.403088867664337 0.462994754314423 0.488519102334976 0.492673993110657 0.496421188116074 0.483293443918228 0.472710788249969 0.452486395835876 0.4294673204422 0.436500608921051 0.422090888023376 0.420894384384155 0.397973269224167 0.359763979911804 0.347600817680359 0.333569973707199 0.349971145391464 0.359869629144669 0.372496604919434 0.395005345344543
-9999 -9999 -9999 -9999 -9999 -9999 -9999 -9999 -9999 -9999 0.0101139973849058 0.00918454583734274 0.0126700075343251 0.00889825075864792 0.0107662016525865 0.0106853097677231 0.0144979609176517 0.0424183383584023 0.0743644014000893 0.0951012074947357 0.11064487695694 0.0920624583959579 0.0786872357130051 0.0619729831814766 0.0425521954894066 0.0310498476028442 0.0178274549543858 0.0158621165901423 0.015004656277597 0.013619489967823 0.0121278511360288 0.0145266987383366 0.03196020424366 0.0929240062832832 0.220415279269218 0.356025516986847 0.412462681531906 0.444553703069687 0.471895337104797 0.481740981340408 0.490788578987122 0.480333536863327 0.469859749078751 0.451891124248505 0.429723978042603 0.415155351161957 0.375794142484665 0.356437623500824 0.327461987733841 0.300302535295486 0.300279140472412 0.29925525188446 0.318531304597855 0.333484411239624 0.349234610795975 0.365524142980576
-9999 -9999 -9999 -9999 -9999 -9999 -9999 -9999 0.0198584832251072 0.0229706279933453 0.0298957861959934 0.0247513242065907 0.0241742823272943 0.0173102058470249 0.0120869148522615 0.0127290496602654 0.0150987552478909 0.0253027975559235 0.0426056496798992 0.0450624562799931 0.048869039863348 0.0447092801332474 0.0381418578326702 0.0318248458206654 0.0218880232423544 0.017363216727972 0.0165810789912939 0.0159791447222233 0.014715077355504 0.0140759414061904 0.0135108502581716 0.0145981116220355 0.0209758374840021 0.0719408914446831 0.178126186132431 0.308521807193756 0.390231788158417 0.431358158588409 0.442683100700378 0.450973987579346 0.456186830997467 0.452758282423019 0.44882744550705 0.43104749917984 0.393521010875702 0.363491743803024 0.316295981407166 0.279523581266403 0.249208077788353 0.228064253926277 0.227413058280945 0.233061075210571 0.247546598315239 0.259323686361313 0.27831956744194 0.29412454366684
-9999 -9999 -9999 -9999 -9999 -9999 -9999 -9999 0.0197095852345228 0.0456641018390656 0.0949017629027367 0.0790692493319511 0.0449298769235611 0.0251990389078856 0.0136829931288958 0.014452981762588 0.017323661595583 0.0214057248085737 0.0263676792383194 0.0274648871272802 0.02365418151021 0.0204796921461821 0.0201587602496147 0.0188351273536682 0.0175935849547386 0.0168061573058367 0.0167047306895256 0.0164051540195942 0.0162514448165894 0.0156805329024792 0.0156618729233742 0.0168791450560093 0.0183020494878292 0.0488736107945442 0.136619836091995 0.247055009007454 0.323443472385406 0.385500729084015 0.402693659067154 0.406350612640381 0.409902006387711 0.400822073221207 0.383310049772263 0.359916508197784 0.314090967178345 0.268740713596344 0.218897774815559 0.175290912389755 0.148623809218407 0.125972419977188 0.118553310632706 0.120031908154488 0.130389422178268 0.145730599761009 0.161931455135345 0.178520306944847
-9999 -9999 -9999 -9999 -9999 -9999 -9999 0.0227245036512613 0.0298301689326763 0.102057360112667 0.192439585924149 0.148943513631821 0.0676365867257118 0.0384973883628845 0.0211663004010916 0.0163345541805029 0.0194580238312483 0.0231847390532494 0.0264646895229816 0.0239745508879423 0.0216039549559355 0.0205203108489513 0.0198098327964544 0.0193558763712645 0.0185903739184141 0.0182172507047653 0.0178644675761461 0.0181373693048954 0.0176673512905836 0.0177561230957508 0.0179022047668695 0.0185753665864468 0.0202721040695906 0.0328527167439461 0.089389830827713 0.165064677596092 0.239072069525719 0.298396736383438 0.316288083791733 0.299018144607544 0.277787357568741 0.241847038269043 0.20487941801548 0.183147102594376 0.14915132522583 0.12383709102869 0.11240953207016 0.0964766517281532 0.0944252163171768 0.0831346586346626 0.0812099948525429 0.0829310119152069 0.0884048864245415 0.0997623428702354 0.115254297852516 0.12912705540657
-9999 -9999 -9999 -9999 -9999 -9999 -9999 0.0307330228388309 0.0760536193847656 0.20584537088871 0.299584001302719 0.20808832347393 0.082907110452652 0.0568765439093113 0.0401817187666893 0.0327203124761581 0.0358624644577503 0.0392934903502464 0.0392889864742756 0.0290463026612997 0.0228653065860271 0.0213591456413269 0.0208283364772797 0.0205265004187822 0.0197437070310116 0.0194159522652626 0.0194093286991119 0.0197597574442625 0.0200339797884226 0.020215829834342 0.0207260102033615 0.0216232743114233 0.0226509012281895 0.0283740144222975 0.0527577288448811 0.0938942134380341 0.138391971588135 0.175406560301781 0.180003628134727 0.16384993493557 0.142241030931473 0.111333355307579 0.0993372872471809 0.0911558866500854 0.0774246081709862 0.0686063468456268 0.0564680658280849 0.0540190227329731 0.0506489016115665 0.0412442237138748 0.0391052290797234 0.0445894375443459 0.0585370399057865 0.0707016512751579 0.0796438530087471 0.0915383771061897
-9999 -9999 -9999 -9999 -9999 -9999 0.0836416706442833 0.0987410023808479 0.191452324390411 0.299679905176163 0.369643956422806 0.242260426282883 0.0962212979793549 0.0704814866185188 0.0586844645440578 0.0532601289451122 0.0591360665857792 0.0619065500795841 0.0644913166761398 0.046227041631937 0.0301062203943729 0.0243735145777464 0.0221048872917891 0.0217792671173811 0.0212918240576982 0.0209215600043535 0.0210778340697289 0.0219155326485634 0.0220630448311567 0.0225451309233904 0.0232840981334448 0.0238085836172104 0.0250167585909367 0.0275100208818913 0.0453881733119488 0.064158521592617 0.0760774537920952 0.085800401866436 0.0884333327412605 0.0828817710280418 0.0773253068327904 0.0700528174638748 0.0561961606144905 0.0512946844100952 0.03926732391119 0.0330606289207935 0.0281756445765495 0.0201117638498545 0.0193573776632547 0.0215417537838221 0.0255751926451921 0.0299963094294071 0.0460795760154724 0.0567446425557137 0.0589898973703384 0.0714893341064453
-9999 -9999 -9999 -9999 -9999 -9999 0.14115796983242 0.184669613838196 0.283836394548416 0.346019446849823 0.375045299530029 0.255826354026794 0.108053170144558 0.0915470272302628 0.0851921513676643 0.0838353782892227 0.085358165204525 0.0873788073658943 0.0865932330489159 0.0713125020265579 0.053509559482336 0.0441124923527241 0.0367242768406868 0.0370496362447739 0.0372298620641232 0.0355929508805275 0.0370066054165363 0.037253737449646 0.037893995642662 0.0385234691202641 0.036786712706089 0.0362028069794178 0.0336837917566299 0.0311268270015717 0.0353439748287201 0.0476912595331669 0.0549853406846523 0.05985202267766 0.0587103925645351 0.0518529824912548 0.0457792095839977 0.0348532646894455 0.0273264180868864 0.0227422025054693 0.0150919565930963 0.0155880935490131 0.0175725761801004 0.0225327201187611 0.0310542825609446 0.0407592542469501 0.0511798858642578 0.0643169805407524 0.0809561684727669 0.0917935818433762 0.0971785560250282 0.0996751561760902
-9999 -9999 -9999 -9999 -9999 -9999 0.187830209732056 0.230269223451614 0.313102096319199 0.359018206596375 0.366703510284424 0.257082104682922 0.123126305639744 0.105735212564468 0.100967064499855 0.100531578063965 0.109978727996349 0.114062212407589 0.113915525376797 0.0936888828873634 0.0738353878259659 0.0665416717529297 0.0587393380701542 0.0590474978089333 0.0573039129376411 0.0578019954264164 0.0567892864346504 0.0599255338311195 0.060082733631134 0.0583353713154793 0.0598740130662918 0.0553429462015629 0.0550430342555046 0.0506246872246265 0.0427083671092987 0.0407082661986351 0.0399116687476635 0.0402957126498222 0.0387711822986603 0.0314127542078495 0.0250547248870134 0.0228251572698355 0.0245217923074961 0.0284746065735817 0.0294031910598278 0.0360548011958599 0.0386800020933151 0.0457027927041054 0.059015728533268 0.0675281062722206 0.0864089503884315 0.0925895795226097 0.104082822799683 0.114278219640255 0.119353502988815 0.119404017925262
-9999 -9999 -9999 -9999 -9999 -9999 -9999 0.233212828636169 0.305490374565125 0.353726387023926 0.363152921199799 0.272017776966095 0.135297104716301 0.123357579112053 0.12262699753046 0.124893069267273 0.132385984063148 0.135059654712677 0.132753074169159 0.118939027190208 0.103479593992233 0.0943624600768089 0.0867341756820679 0.0869001671671867 0.0883184671401978 0.087992861866951 0.0903768464922905 0.0907230600714684 0.0914952009916306 0.0925748199224472 0.0902512744069099 0.0894071087241173 0.0851569995284081 0.0801603496074677 0.0734356716275215 0.065369725227356 0.0581720359623432 0.0509800463914871 0.0485074184834957 0.0479433014988899 0.0489617623388767 0.0500793941318989 0.0530765987932682 0.0611476339399815 0.0652929097414017 0.0711939707398415 0.0743311569094658 0.0780356004834175 0.0968188866972923 0.111574426293373 0.129402682185173 0.143860965967178 0.157616019248962 0.165894329547882 0.175268292427063 0.175040379166603
-9999 -9999 -9999 -9999 -9999 -9999 -9999 -9999 0.274257212877274 0.331204533576965 0.393552303314209 0.291266232728958 0.156655788421631 0.135878399014473 0.138874560594559 0.143822625279427 0.160853564739227 0.156914085149765 0.146201074123383 0.129197597503662 0.11498885601759 0.108915507793427 0.104339599609375 0.106808230280876 0.106117658317089 0.109133154153824 0.113751843571663 0.120432920753956 0.122247114777565 0.12368319183588 0.125102788209915 0.119981072843075 0.116695217788219 0.110943503677845 0.103091344237328 0.100805789232254 0.0919976308941841 0.0871105343103409 0.0881096720695496 0.08309206366539 0.0877928584814072 0.0895210132002831 0.0945930182933807 0.106150262057781 0.109332233667374 0.124004811048508 0.1232018917799 0.122078530490398 0.136406764388084 0.15202434360981 0.16949762403965 0.182490438222885 0.194332137703896 0.210732489824295 0.229888081550598 0.248624712228775
-9999 -9999 -9999 -9999 -9999 -9999 0.204343795776367 0.195477977395058 0.251991868019104 0.299496829509735 0.32768502831459 0.280519872903824 0.197868719696999 0.171294271945953 0.196720957756042 0.225863188505173 0.218446612358093 0.185370951890945 0.160255327820778 0.145740449428558 0.134330466389656 0.127570673823357 0.124575689435005 0.132094457745552 0.141616269946098 0.14958930015564 0.163796603679657 0.175864949822426 0.187118694186211 0.192509919404984 0.191861093044281 0.189871549606323 0.183681353926659 0.17662025988102 0.166489794850349 0.157529667019844 0.15028515458107 0.144257470965385 0.145927548408508 0.140402287244797 0.13879232108593 0.137269079685211 0.140960842370987 0.156788110733032 0.169298633933067 0.180326402187347 0.182841405272484 0.18003948032856 0.17784757912159 0.184590414166451 0.194449707865715 0.207969889044762 0.222411289811134 0.237966686487198 0.24967248737812 0.256821751594543
-9999 -9999 -9999 -9999 -9999 0.329209297895432 0.191160559654236 0.209731206297874 0.248169094324112 0.276507049798965 0.290551096200943 0.282893270254135 0.245417475700378 0.244903221726418 0.28385654091835 0.340638637542725 0.291247874498367 0.227862387895584 0.185578629374504 0.161579772830009 0.154094681143761 0.155062258243561 0.146944046020508 0.158061638474464 0.180127903819084 0.198971956968307 0.216394662857056 0.234284639358521 0.252130538225174 0.26839479804039 0.269076734781265 0.267623335123062 0.261165499687195 0.250905841588974 0.231945440173149 0.218200355768204 0.217234402894974 0.211183503270149 0.213772758841515 0.198226511478424 0.199305608868599 0.201145097613335 0.196885406970978 0.212162166833878 0.22507132589817 0.244073808193207 0.232653319835663 0.212738811969757 0.2107053399086 0.222885861992836 0.238928586244583 0.237445637583733 0.247123897075653 0.260630071163177 0.26432341337204 0.256806403398514
-9999 -9999 -9999 -9999 -9999 0.403042078018188 0.231815278530121 0.243832841515541 0.270276010036469 0.282698422670364 0.282206892967224 0.293979972600937 0.314430385828018 0.332296550273895 0.350728034973145 0.370164960622787 0.331756263971329 0.268386989831924 0.219559162855148 0.221263527870178 0.220488220453262 0.21684393286705 0.210303381085396 0.219786763191223 0.240480214357376 0.259419173002243 0.278636962175369 0.296612292528152 0.31661382317543 0.336620777845383 0.34894672036171 0.351493030786514 0.34259444475174 0.33125239610672 0.311909168958664 0.295893251895905 0.288988441228867 0.284701019525528 0.285946935415268 0.276259750127792 0.268510937690735 0.263709008693695 0.263688743114471 0.26500803232193 0.269220292568207 0.267670810222626 0.263154208660126 0.253744751214981 0.255177646875381 0.265796035528183 0.27177307009697 0.279630541801453 0.281641095876694 0.281093865633011 0.283218204975128 0.279625117778778
-9999 -9999 -9999 -9999 -9999 -9999 0.293945968151093 0.293123871088028 0.311418950557709 0.293120086193085 0.273638874292374 0.283148109912872 0.336490124464035 0.351295560598373 0.341080874204636 0.379440605640411 0.336093962192535 0.291125655174255 0.272825092077255 0.27320984005928 0.288910388946533 0.288306504487991 0.291320085525513 0.304661065340042 0.322413682937622 0.345031917095184 0.358650237321854 0.378134310245514 0.386695802211761 0.397781699895859 0.413976520299911 0.412119328975677 0.409923046827316 0.401376068592072 0.384177297353745 0.3690245449543 0.363884210586548 0.357149809598923 0.349783629179001 0.331636071205139 0.316510796546936 0.309883862733841 0.302129834890366 0.300910800695419 0.297278076410294 0.297680497169495 0.299655646085739 0.298975467681885 0.304536908864975 0.312843590974808 0.311087101697922 0.321110159158707 0.318631768226624 0.318452030420303 0.327677249908447 0.328586488962173
-9999 -9999 -9999 -9999 -9999 -9999 0.34988597035408 0.346545785665512 0.354267716407776 0.313259780406952 0.279352128505707 0.238327160477638 0.232368737459183 0.24496403336525 0.253141731023788 0.269821465015411 0.292307615280151 0.303009808063507 0.290051490068436 0.309125185012817 0.340815991163254 0.3457932472229 0.357314854860306 0.376076519489288 0.393024653196335 0.412187308073044 0.43130350112915 0.451684206724167 0.457863479852676 0.460343271493912 0.458906590938568 0.459452539682388 0.457539677619934 0.45033586025238 0.438611507415771 0.425839573144913 0.419664353132248 0.411264270544052 0.400106012821198 0.379366874694824 0.359392404556274 0.348108291625977 0.338436543941498 0.335785299539566 0.333322644233704 0.333239704370499 0.339960545301437 0.349047631025314 0.360546171665192 0.374537080526352 0.380951851606369 0.377011954784393 0.366614133119583 0.363769471645355 0.372667551040649 0.376520603895187
-9999 -9999 -9999 -9999 -9999 -9999 0.445063203573227 0.345665752887726 0.35732501745224 0.305263966321945 0.282628774642944 0.240449279546738 0.18282425403595 0.158293411135674 0.165752559900284 0.178061679005623 0.24029478430748 0.298671960830688 0.291137665510178 0.327973067760468 0.371316820383072 0.395017892122269 0.406978517770767 0.428508311510086 0.445575773715973 0.461259424686432 0.481189042329788 0.503668546676636 0.509405791759491 0.50913679599762 0.505905747413635 0.501762747764587 0.499244064092636 0.494715869426727 0.485856503248215 0.475909262895584 0.469926655292511 0.461752533912659 0.448990732431412 0.423177421092987 0.402069956064224 0.390582829713821 0.377239882946014 0.37321749329567 0.368370622396469 0.369356632232666 0.380670249462128 0.395640820264816 0.410905629396439 0.425947308540344 0.417429029941559 0.420839011669159 0.413673162460327 0.407898008823395 0.409148663282394 0.395091474056244
-9999 -9999 -9999 -9999 -9999 -9999 -9999 -9999 0.239233314990997 0.26448991894722 0.285829484462738 0.231326088309288 0.163843661546707 0.139646932482719 0.132262587547302 0.150728449225426 0.211371824145317 0.270048528909683 0.252529293298721 0.329250514507294 0.412010908126831 0.433083415031433 0.453515529632568 0.470976501703262 0.476323634386063 0.496375858783722 0.514176487922668 0.530586183071136 0.536962747573853 0.539640545845032 0.543273985385895 0.53942745923996 0.540476739406586 0.536817193031311 0.530210554599762 0.524856328964233 0.517257213592529 0.50812029838562 0.494487524032593 0.472669929265976 0.451541513204575 0.434887826442719 0.42215234041214 0.415864646434784 0.40906149148941 0.412215232849121 0.419484674930573 0.434341698884964 0.448556989431381 0.437214255332947 0.427942335605621 0.422036677598953 0.415029019117355 0.402752131223679 0.387743562459946 0.369862824678421
-9999 -9999 -9999 -9999 -9999 -9999 -9999 -9999 0.256134659051895 0.230797529220581 0.268656998872757 0.207042053341866 0.140531271696091 0.126121819019318 0.124161563813686 0.132860615849495 0.196383208036423 0.26429408788681 0.198832452297211 0.338429003953934 0.440201580524445 0.470237225294113 0.481971621513367 0.49849408864975 0.511180460453033 0.518849611282349 0.53198117017746 0.54989618062973 0.551952302455902 0.557036936283112 0.564158976078033 0.559033572673798 0.563536942005157 0.566194295883179 0.563235461711884 0.564316391944885 0.557176768779755 0.549632549285889 0.53749680519104 0.516070544719696 0.497734040021896 0.483026534318924 0.473258882761002 0.467445701360703 0.457315772771835 0.460984855890274 0.469504356384277 0.477916598320007 0.464354991912842 0.4507055580616 0.431311786174774 0.420008093118668 0.407724380493164 0.389848858118057 0.371255040168762 0.34814065694809
-9999 -9999 -9999 -9999 -9999 -9999 -9999 -9999 -9999 0.20622044801712 0.227500304579735 0.16744501888752 0.104776374995708 0.113620512187481 0.129069983959198 0.128779470920563 0.196363255381584 0.301568359136581 0.234799861907959 0.350957602262497 0.460623770952225 0.490029394626617 0.488816738128662 0.50839751958847 0.531111121177673 0.547648191452026 0.561759173870087 0.571201145648956 0.574644148349762 0.575291931629181 0.574795842170715 0.571313977241516 0.570705056190491 0.57903254032135 0.58442360162735 0.59270316362381 0.588656783103943 0.584607720375061 0.573923587799072 0.556594967842102 0.540148794651031 0.524803996086121 0.516702473163605 0.506037354469299 0.494111627340317 0.495255976915359 0.503187417984009 0.498110175132751 0.479438096284866 0.451977849006653 0.430173516273499 0.41620135307312 0.403365403413773 0.384890019893646 0.361127972602844 0.339762300252914
-9999 -9999 -9999 -9999 -9999 -9999 -9999 -9999 -9999 -9999 0.189477890729904 0.13503161072731 0.0993804037570953 0.105088971555233 0.131253108382225 0.132241994142532 0.207187592983246 0.325743794441223 0.304047882556915 0.38160252571106 0.4699726998806 0.497069150209427 0.496761232614517 0.513569116592407 0.541414797306061 0.563148260116577 0.574711382389069 0.586077034473419 0.589004039764404 0.592158913612366 0.591606140136719 0.586241841316223 0.589642524719238 0.595377743244171 0.598629355430603 0.608874082565308 0.609176635742188 0.608973026275635 0.602731049060822 0.588768124580383 0.577114105224609 0.560963034629822 0.545755207538605 0.534734785556793 0.521719038486481 0.521956384181976 0.532974302768707 0.51745730638504 0.490047603845596 0.463340550661087 0.43763130903244 0.419848561286926 0.403152644634247 0.385394632816315 0.369752556085587 0.35121488571167
-9999 -9999 -9999 -9999 -9999 -9999 -9999 -9999 -9999 -9999 -9999 0.109692148864269 0.0990467369556427 0.0947600901126862 0.121264338493347 0.141740649938583 0.206552729010582 0.316183835268021 0.386408001184464 0.413486212491989 0.454043000936508 0.479769349098206 0.501078307628632 0.521990656852722 0.542394936084747 0.569285750389099 0.578801393508911 0.589816391468048 0.595300555229187 0.59991180896759 0.603663921356201 0.600070357322693 0.602102816104889 0.610959410667419 0.61844003200531 0.624642610549927 0.625525832176208 0.625093579292297 0.622168958187103 0.616187453269958 0.608974874019623 0.5941521525383 0.579648196697235 0.565975248813629 0.553824305534363 0.555999040603638 0.558239936828613 0.537209331989288 0.507445752620697 0.476805597543716 0.447793275117874 0.426148444414139 0.406408846378326 0.392144769430161 0.383887529373169 0.370099484920502
