meets/meet004/_saidas_enm/CCSM_Maha_0k_Aralia_warmingiana4.asc
NCOLS 154 
NROWS 168 
XLLCORNER -112 
YLLCORNER -55.5 
CELLSIZE 0.5 
NODATA_value -9999 
[rows 50 to 74 of 168, columns 56 to 111 of 154]
-9999 -9999 -9999 -9999 -9999 -9999 -9999 -9999 -9999 -9999 -9999 -9999 -9999 -448.366730200967 -249.067002300743 -114.110384163463 -65.4913980987453 -68.5796335867882 -71.5228206853059 -56.1492414998097 -36.3595626871697 -21.1121554763996 -20.8650950900666 -32.8088411847834 -44.9752928107072 -57.8173597714374 -76.7552946569322 -105.783630492419 -135.241113741341 -168.82992521574 -194.305393319501 -168.141414355774 -134.0153497553 -87.6457548774176 -41.2171994216863 -17.8599847679618 -7.08885777656563 -5.5672295924024 -4.54185622948457 -4.07090255948589 -3.60050116603506 -2.54841551279132 -2.54853480087399 -4.55167305490157 -11.6528872836581 -30.6925069657339 -27.5162445554141 -30.0217395903192 -32.6742451767068 -30.6498633299182 -33.2649662904775 -38.2243523342702 -29.3417344157529 -27.3783586710574 -28.5836608401446 -24.6255657352717
-9999 -9999 -9999 -9999 -9999 -9999 -9999 -9999 -9999 -9999 -9999 -9999 -9999 -202.806785530132 -148.935626200645 -95.8440999429709 -61.4152358157808 -54.693322951046 -54.3582593849078 -49.2343429299885 -40.53358617287 -37.9485484656776 -36.0046228814867 -46.3073350038346 -60.3401210657 -79.0456576548218 -102.214214180618 -133.683313692672 -171.726035080693 -213.350554116363 -236.684395568758 -217.340449116292 -173.780522880421 -116.99114872267 -62.1560333985759 -29.5001350301576 -12.21503141719 -5.66672927104659 -4.61748366029261 -3.31564951407564 -2.74236828128263 -2.63659739393858 -3.47593834905291 -5.53629150322505 -9.8544964547683 -15.2219176212529 -18.3938831261371 -18.8633066400116 -22.0018937093705 -27.2576764695076 -33.0536161778364 -34.1550069821631 -28.8258618685603 -28.1145169646209 -26.5207269833943 -22.4581224392048
-9999 -9999 -9999 -9999 -9999 -9999 -9999 -9999 -9999 -9999 -9999 -191.353572835834 -129.22186553743 -102.645504137876 -108.397303297122 -91.7903049089354 -67.5480244589288 -47.9038748015808 -42.5130721698329 -51.7434911333492 -51.0784406322447 -55.9639316321554 -65.2662930584617 -78.7992870556395 -96.1665761786105 -115.064519885947 -147.47110496554 -185.560692875884 -228.283980060542 -273.204589690927 -297.054256783043 -260.988811785663 -203.40004246266 -136.304535758513 -74.8800556698011 -35.6766349271539 -17.6263349916858 -8.83635328732131 -6.02211188163685 -4.70852754545948 -2.86950756802089 -3.39484419316821 -4.28494150990418 -5.78516293737393 -7.78224774924254 -8.99259162426608 -13.0362782500397 -13.4572412804988 -18.0106649993321 -29.5305822156015 -33.4783990519656 -28.8855010050951 -29.0840402586082 -30.2028313629151 -25.7799275571128 -19.6128746492332
-9999 -9999 -9999 -9999 -9999 -9999 -9999 -9999 -9999 -9999 -175.435935714893 -114.708704252634 -84.1395069040266 -80.2360357686038 -79.9676720445047 -89.826592608273 -89.8470340787312 -68.1209833444591 -59.7736509524429 -67.0854198051666 -72.4045893275854 -82.121553054876 -96.1646457842478 -113.046802079464 -133.898283126858 -161.410359369742 -199.660434461604 -244.154151126764 -289.402019765189 -325.490389576506 -335.1147896937 -289.239824088412 -218.71996579139 -144.823856287877 -84.7888740265817 -42.509538469831 -22.3520904479842 -13.8178338100519 -11.2590748442641 -9.71324600130382 -6.70569857854142 -6.28265425376294 -6.50198793284517 -7.82889670271662 -10.9095616623246 -13.6459898329646 -18.6832625431436 -23.0346556487699 -31.2866095250216 -32.2645822757278 -26.5996721760585 -26.108039969177 -30.174217222879 -31.4490579666142 -22.026353831939 -15.0589455646085
-9999 -9999 -9999 -9999 -9999 -9999 -9999 -9999 -9999 -9999 -89.0980489842222 -59.7038350333135 -78.7561837571999 -67.9349270870835 -63.1741441455093 -75.4973083147176 -102.669420859303 -107.963076776792 -98.0960157297859 -101.321960702882 -107.06690917799 -119.922700105886 -136.101893977006 -154.508382585587 -182.057774631178 -215.384157721875 -258.972379535598 -306.54035927987 -319.413372584628 -309.992272410689 -330.832153316374 -302.874253043712 -231.763150087682 -155.163709657244 -93.6346066899581 -50.696648567582 -30.6909578434917 -20.7978225118522 -16.8107812950531 -16.0437129524145 -14.6106102895868 -13.8614610441547 -13.3840989816205 -15.348804107047 -20.4602478898495 -24.831416860067 -34.5752733657934 -33.2636017941826 -26.9034320158768 -25.2923118677967 -23.6280851300543 -28.1920362993181 -33.5146247564444 -33.2616077953615 -22.0305831938328 -13.8304267638767
-9999 -9999 -9999 -9999 -9999 -9999 -9999 -9999 -150.705800769614 -76.3027597129646 -28.1090741610447 -33.7393491057295 -66.9698428072877 -66.0787961179553 -54.1113207932568 -66.7232488635459 -101.932271309939 -132.948814681777 -141.337586002 -147.027989635717 -153.701552770657 -165.489125429742 -175.323457758365 -194.534215327876 -229.573017496879 -236.897495136784 -247.068804920233 -245.72109431185 -250.078193650971 -257.444496607497 -255.436059912923 -249.685007384465 -234.95460294547 -166.36113209602 -106.376085091353 -65.9170909666156 -43.4823341320431 -31.67272544105 -26.2444112453535 -25.7886093568569 -26.224669570783 -28.4452423994364 -28.4884837242874 -31.6511887388481 -38.6097859241243 -32.8100031989686 -27.8524888329478 -25.8696058441498 -27.427053992899 -31.1417763518406 -33.7555156349154 -37.3729087289954 -40.9786401022413 -41.4221409491913 -25.5649401403234 -15.7520739073972
-9999 -9999 -9999 -9999 -9999 -9999 -9999 -9999 -98.0538755046226 -34.0061184432061 -8.53361854941601 -24.3398500184878 -56.5892601579224 -56.6088129647548 -47.6774860107624 -60.3948449315681 -89.4491807666653 -133.79227749158 -154.285190668792 -161.512835108762 -170.072025260835 -175.474070656836 -180.958266789025 -179.816947447979 -183.48925850174 -185.854136087754 -189.608750938475 -196.812900973758 -198.049806320661 -194.778498092944 -191.619071881244 -189.774041261444 -188.292301167494 -181.560433421078 -124.181281310746 -87.2962110335584 -66.1582699979056 -51.2968452451909 -44.6226352458737 -44.3367514456 -46.1280675204525 -50.091217735401 -51.6037006714589 -45.1649035960911 -40.7604054466446 -37.9748694273983 -41.5821351918346 -46.1060780053024 -53.0960955750274 -59.7218081390291 -62.6014040005955 -64.3268492539045 -61.9060117930606 -51.8886397079038 -31.1236863326803 -18.3553885991771
-9999 -9999 -9999 -9999 -9999 -9999 -9999 -107.96930706072 -57.7801912207845 -18.4740488293033 -4.00206332714326 -17.5919120693004 -44.3555667911265 -51.7803685175994 -47.9388013011207 -55.4605896859274 -80.4188182148948 -114.571145916262 -125.319275432075 -134.935834966175 -143.4621023263 -144.72329154002 -148.82778188082 -148.962639801848 -151.14745382584 -156.337957217493 -155.389537828195 -153.44729160987 -154.106128579086 -154.468290482483 -155.668891162256 -154.06386504838 -152.547411525946 -149.454891539545 -144.228071521584 -111.832485523252 -92.5075776723429 -81.2283811505885 -74.4059899437405 -72.5561452846837 -69.1331861033717 -67.2557109940863 -65.4247683263105 -63.6599210312419 -66.692747475587 -74.4580411986547 -85.3592226152532 -95.800302112806 -107.660081069508 -113.822889363323 -112.824337484425 -105.836103796587 -92.981645534448 -66.8156272980104 -38.45326125221 -21.5869046777181
-9999 -9999 -9999 -9999 -9999 -9999 -9999 -79.2195076744075 -34.4099885935535 -7.3534389770941 -3.42188497281752 -15.9831182147829 -49.2171702450999 -63.4943398835974 -56.0930595419948 -52.9153687281859 -74.234680822129 -93.8833682572434 -101.602039309173 -106.010316022315 -111.328541759955 -115.182277228622 -120.803108262021 -118.980450514598 -115.885756935764 -118.520952950144 -117.32960259446 -121.062406821503 -120.482391707269 -116.437512049635 -117.903341708329 -119.080684963113 -123.57785321466 -126.155690296164 -128.438736005973 -136.787059088953 -118.065191855118 -104.638014807441 -98.7335074949689 -97.8279766473787 -96.3988458583379 -101.368258403566 -106.867640294019 -118.089996085889 -133.625244343946 -149.058910352317 -166.212925823666 -170.521667492457 -171.103656552333 -159.914863556877 -152.334614907824 -134.255730849672 -119.467668889649 -84.9634354899627 -51.1263711037547 -28.2952136757248
-9999 -9999 -9999 -9999 -9999 -9999 -100.173361616017 -60.0026102183102 -21.1532097509364 -4.07113441436077 -0.892437672462472 -16.0179492765255 -71.5243405657715 -93.4704712669383 -66.8095724634186 -53.6360944108055 -62.1716124254639 -74.1117060654569 -79.4430790772575 -83.3158534307726 -88.7848355896244 -90.5097872466477 -91.0905621752976 -89.7359345258613 -91.3427739550157 -91.747003070351 -93.0662983671629 -92.1931297706486 -91.1104701661477 -93.9611397981868 -94.2529072341384 -97.473741045894 -99.8300283293389 -102.487655155711 -108.630141658385 -113.494290753175 -121.370257900815 -126.232279271334 -132.940484541433 -137.430758682678 -138.426080405079 -142.623690251892 -142.892793978654 -140.30569456203 -146.561755401199 -149.622275609694 -153.321060937874 -150.848396705315 -149.280936964903 -145.989356146577 -138.979272591068 -125.577339319057 -110.195080968966 -93.3590181275917 -61.8027534683472 -36.8987131956971
-9999 -9999 -9999 -9999 -9999 -9999 -80.1224393453998 -45.4587269450577 -15.4932613766602 -1.67280603319068 -1.73347688054568 -20.3372132303619 -79.7045696514105 -88.1795642251539 -62.8503682443591 -48.4255433808164 -53.6954850044419 -61.344545465231 -63.5646625459629 -64.6584489675349 -66.4619717090359 -67.2494551395145 -68.0105686367089 -67.3018824705873 -67.6264232705965 -69.5276525017459 -69.002334811776 -68.7909425965888 -68.7285420331866 -69.6936422355505 -72.2172382753736 -74.2170238312822 -77.7098200448724 -80.6554850892033 -84.2536638612615 -88.8931126192775 -92.2830984488845 -96.9699608779648 -99.3972397662472 -100.629221429498 -105.168333378778 -106.824896862967 -108.662470175072 -112.360514101212 -117.129028671763 -124.857718497461 -125.415515669684 -127.15477698816 -126.463552931885 -120.953903213478 -115.525724499945 -102.745225433243 -91.4384704334244 -78.7459183475026 -71.4085109335728 -50.4160126049191
-9999 -9999 -9999 -9999 -9999 -9999 -72.181647572405 -40.7612704132685 -13.8879307368112 -1.05384785737088 -3.50231024266039 -21.3898161273553 -68.6243497427732 -71.7082625852493 -53.5437521245511 -45.0733894741874 -47.8622187539563 -51.3078756220967 -51.7673270307288 -52.470343493974 -53.8654877615788 -53.4758945267062 -53.0366011341484 -52.4524234104558 -53.9878624823477 -54.5173561790578 -55.1402466326135 -54.2067278478433 -53.5722622228513 -56.0544058714757 -57.1348215178182 -59.9393994521445 -62.0087954844808 -64.5431378797816 -68.3985390783592 -71.0524623306872 -73.978167047348 -75.4060442018702 -77.8492917606952 -81.5984679744533 -84.8824092754637 -87.7359965291388 -89.4316162339884 -94.5407088203617 -101.052780382397 -105.233418447985 -107.773948315927 -106.162099399642 -104.003610850949 -100.855434534552 -93.7770070351959 -84.5064883940025 -72.7984878979782 -64.0622952782052 -62.4113802933347 -59.1264340878942
-9999 -9999 -9999 -9999 -9999 -9999 -9999 -35.1593025917193 -12.4708545879534 -0.848130537270696 -3.94997445193895 -17.2149501963152 -52.2725259981615 -53.5436768787671 -44.0469243654144 -41.2820533779676 -42.8153678369128 -42.4502107017523 -42.2776655711705 -41.4777969901107 -40.9702256745247 -40.4419980157425 -40.49092392657 -40.2528698862379 -40.1860587317836 -40.859756649771 -40.547660608622 -40.6680961923521 -40.4500945938258 -41.2424403276601 -43.1935573808803 -44.7423244446707 -47.2577238556262 -48.8329137852741 -50.2346055309365 -52.8024598526056 -54.2421705196459 -56.4951758524387 -58.7104366491693 -61.080057240232 -63.9528290355814 -66.3780357071832 -71.5222143409735 -76.5531855999196 -79.2421569527524 -82.969772682088 -81.5326526787059 -80.3750538213854 -77.6625312964164 -73.2199106399638 -67.9693567894671 -59.8242401705933 -53.26364014563 -48.1920905445085 -46.3212345198039 -45.7167190972058
-9999 -9999 -9999 -9999 -9999 -9999 -9999 -9999 -11.453536824389 -1.31518680509474 -2.25244566793086 -14.5703419542852 -42.2161438932944 -39.6747891232569 -35.8685267137926 -37.4314232417797 -37.8878781809542 -36.6497073579972 -35.9928353249983 -34.8851371986464 -33.7819842900694 -33.2145298762827 -32.7183234041708 -32.4249330290252 -32.3631866728487 -31.9246216137919 -31.9749940336269 -31.6161296679029 -31.5103702686512 -32.6264527305458 -33.4844011264014 -35.4064759578708 -36.8025949057761 -38.2043073559194 -39.9957038906332 -41.3634394390454 -42.9939459840955 -44.3488242281596 -45.8846200368169 -48.0395154303285 -51.1663442862041 -55.4736863564879 -59.7378484479703 -67.0759791742651 -73.0706458748913 -77.1838616665261 -76.9445391585898 -74.8187738159932 -72.4288206134843 -69.1453726765519 -62.9143790373188 -54.8538270478626 -46.2580001478 -38.7116674348306 -34.9459234603877 -33.1626343683834
-9999 -9999 -9999 -9999 -9999 -9999 -31.1033989275017 -19.9754153006932 -6.77471734654535 -4.09178315293747 -5.89694432557378 -17.2308520649671 -36.2420827459461 -34.3413232787429 -30.8835689926312 -31.2059928203765 -33.3962566054875 -33.2786371683427 -32.2242792034282 -30.3120342836943 -28.5109302517023 -27.3497196597405 -26.6076304684791 -26.0330932768414 -25.0654441396222 -24.5672568142113 -23.8552856617556 -23.5628659955567 -23.2953654858685 -23.4456701657887 -24.3218705604806 -25.4803712335449 -27.011984180614 -27.9844823687076 -28.8768429771954 -30.0648217283686 -30.6172277191014 -31.8274304541514 -32.759450403515 -35.4342061403502 -41.7433717935263 -48.1997440836807 -56.3067016211119 -63.3019701256607 -66.5034921176206 -69.2929401313845 -67.9294747199375 -65.7466660159595 -63.0452682987535 -59.3256778785578 -55.6529464159999 -47.7335495612119 -40.0713327985358 -32.8912786466956 -27.7850614711671 -24.6464868424113
-9999 -9999 -9999 -9999 -9999 -43.2412026124575 -19.3763892279417 -12.7762649475851 -7.85958401439189 -8.55483194039351 -10.0512896253467 -21.1167078740496 -33.9977724722439 -31.1501098334626 -28.5828019141102 -27.0390826975702 -30.4129579323931 -29.5997902421422 -28.5125261168522 -26.2292861659049 -23.8437559679847 -22.7251850439749 -21.3598925947371 -20.0326541807855 -18.9014728858653 -17.7586618087278 -17.4984865361002 -16.8317616767502 -16.480298653875 -17.0285628160231 -17.1744033318063 -17.8643422883505 -18.5606638271359 -19.1979328521662 -20.4511785932954 -21.1571918913689 -22.5684755940622 -24.442843307819 -26.9869369367912 -30.8504324982899 -37.5891309749473 -44.4390632071448 -51.2700240968707 -56.9280407537435 -59.9295521221877 -62.8784105434579 -60.6154881606727 -57.1422491561447 -54.3813366372701 -51.9328256130255 -49.1158118513416 -42.631867892406 -35.3507130344624 -28.5362017974924 -23.4644393809329 -19.60628167515
-9999 -9999 -9999 -9999 -9999 -19.6818213082598 -14.4630680588488 -8.94120100992314 -9.40575587670386 -11.3722283856505 -16.3600821789442 -25.6244628431873 -31.3560618152183 -26.7786172481994 -25.7776279066345 -27.4578635050913 -29.1961709838536 -27.2102209573512 -25.5735694115975 -22.2856571904541 -20.3725185026013 -19.0095419862532 -17.6053289759908 -16.2314959297063 -14.8625708269386 -14.205807238883 -13.6424624909747 -13.2694070857759 -13.0413247755399 -12.9484061569904 -13.177471078823 -13.4736404650794 -14.0527822038576 -14.5299198623066 -15.1420577011924 -16.3247752270972 -17.8463230884112 -20.4540276304943 -23.164452317002 -25.9679010099381 -32.2442035194999 -38.4797810443935 -45.4487646222116 -49.5598029403913 -51.4733664545172 -52.7489525196757 -51.0704175235187 -48.762511038471 -46.4111742924902 -43.6492405987277 -41.0089181760542 -36.5773205407853 -30.8756240702568 -25.4336899535041 -21.3078247018039 -18.4954492337198
-9999 -9999 -9999 -9999 -9999 -9999 -8.25644817258762 -7.47598338661084 -9.39666074546434 -18.0768278102029 -21.9210531042181 -29.2171597361504 -30.9536069792229 -25.5225349657366 -26.0520326000526 -29.3542727200885 -29.4304197891593 -25.7458617504087 -23.6696352646464 -20.2694350341926 -19.274984201799 -16.9338515873283 -15.6591430247948 -14.0913203061145 -12.6652221978372 -12.4173485435518 -11.6871419219283 -11.561404997184 -11.2587833701839 -10.9749083100642 -11.2958392539633 -10.9462002589274 -11.3729120354039 -11.517822809671 -11.766859051278 -12.9351241033342 -14.4387595982011 -17.1540460221408 -19.7094077651798 -21.647006996654 -26.8456675552594 -31.9214352865062 -37.986369760842 -40.9603881688547 -41.863240802876 -43.3801534404616 -41.6111252411142 -40.0039723930879 -38.1281719620328 -35.8438408697389 -34.0214846161327 -31.2529946454587 -27.2121392181258 -23.3099691557307 -20.6509411755975 -18.9582170185874
-9999 -9999 -9999 -9999 -9999 -9999 -10.2143387926499 -7.94716479973642 -10.9233629413101 -18.3384583839533 -27.5628640192184 -33.9417404172408 -41.3692659140957 -41.0620593387168 -33.1953862776622 -31.0494247598513 -27.2271105645746 -25.8338874159115 -21.7904635281197 -18.7546401599694 -15.9519771293421 -14.9323835941984 -13.4863805255058 -12.3643017670895 -11.5864380920007 -10.9239862556089 -9.84275076389688 -8.82973022213688 -8.6062425513529 -9.10085053698652 -10.0448769057648 -10.4550163217865 -10.5110729624964 -10.5435141192415 -10.6913664600705 -11.4392338178607 -13.0686386457126 -15.4259278798837 -17.4428560598464 -18.8907750195847 -21.0005261236694 -25.3941812410519 -29.8115949285815 -31.9353836455645 -32.8789397057287 -33.4756271402623 -32.795432966073 -31.8247828405566 -30.6941822193304 -29.3200987151813 -28.0943689328402 -26.2961696595026 -25.3060841183504 -22.774702946164 -21.3897331024756 -20.8250216942545
-9999 -9999 -9999 -9999 -9999 -9999 -12.8297822102825 -10.7874773329818 -13.3700689305567 -19.8733264893225 -31.5066451388413 -42.7972803790812 -57.4073386117894 -56.8950292901147 -44.0203648313272 -34.11524882466 -29.2374122593814 -27.1142912036623 -20.5475891513274 -16.6858320309399 -13.1029733851435 -10.9902612044883 -9.52185784455203 -8.37791014208635 -7.58382621439253 -7.31549541197872 -6.11441489768689 -5.19206854074886 -4.96442919953926 -5.38732424193199 -6.50142250291789 -6.74949734086817 -7.67814854186098 -8.835961019002 -10.4060659805736 -11.1108921284038 -11.9494868603595 -14.2911220539526 -15.6483588562936 -15.8111127980626 -17.3692590427685 -18.9362482747534 -22.1332137737741 -23.7146521719744 -23.96173858066 -25.0042746164728 -24.3452641027034 -24.2953210275439 -23.7917979013025 -22.8423002699883 -22.8371846130586 -21.2798301842284 -21.3632582272055 -21.4702276466287 -21.1988832828153 -22.5732285558731
-9999 -9999 -9999 -9999 -9999 -9999 -9999 -9999 -29.6822982676307 -24.9128296364873 -24.2894228921531 -43.7979024178967 -78.5674840895589 -75.4514155691316 -54.7750994634646 -37.4326465341789 -30.6112211513008 -32.6851748169415 -24.4885304040751 -15.7426508834281 -10.3690444945595 -8.62336617458665 -7.92457829374737 -6.72218781159055 -5.43358972398224 -4.61863368133695 -3.8373191381612 -3.01781056300358 -2.77366580823007 -3.03044135115328 -3.6054691606102 -4.01331095034851 -4.51653811636308 -5.49776054578355 -6.95077547608434 -8.93722381110572 -9.81052281595223 -10.6772916331891 -11.6726032792429 -12.7780249213236 -14.0008428949662 -14.9802801930132 -15.9847435708015 -17.0486834631013 -17.7172448309019 -18.1974919258131 -18.2184131675225 -18.0992274400347 -18.0143121375262 -17.9512190033385 -17.817112609382 -17.508538632204 -17.8127059457589 -18.5996117881283 -19.8070461386067 -21.7749307227801
-9999 -9999 -9999 -9999 -9999 -9999 -9999 -9999 -21.9498935735683 -24.8199713510971 -19.8077427773949 -46.0579246045627 -96.8709242090908 -91.2421123621638 -67.1447870487592 -42.1330116754867 -27.850748199365 -31.5359215336863 -24.655819762912 -14.0079845365176 -8.68127404807822 -7.03206549745588 -6.39721841150928 -5.31032751872819 -4.18300490121211 -3.17812203045962 -2.48931298309684 -1.91776746258085 -1.54414475750499 -1.40860616993982 -1.83072630428373 -1.99333173472472 -2.49677217196089 -3.17412705769397 -4.0960394232176 -5.81003116274512 -7.00109234146708 -8.19740383490721 -8.59796958981991 -8.93891512624548 -9.95089518262695 -10.332360985639 -11.2139544377551 -11.8677916152052 -12.1472721352393 -12.854449050358 -13.020604264926 -13.6173216420594 -14.2526425814214 -14.7419004165353 -15.5046444975807 -15.4054667063672 -15.9434939479009 -16.7159278230807 -17.8526540261715 -20.0918001348003
-9999 -9999 -9999 -9999 -9999 -9999 -9999 -9999 -9999 -24.6201580328902 -16.8955726384056 -48.52494499084 -118.206283093938 -113.120172856244 -75.5159786710215 -44.0115077121345 -22.6797944258358 -23.1570410702629 -18.8301843481292 -12.4375431027652 -7.47316902214983 -5.89951011295858 -5.70369272046691 -4.5729794664128 -3.31323708645574 -2.47216447638343 -1.96927860063312 -1.55281723451719 -1.19872577626666 -0.839157287612187 -0.778365668383789 -0.929760758359171 -1.16334555520112 -1.69666691744976 -2.44778169509823 -3.57010227706416 -4.50426078585625 -5.50826386138637 -6.67858796942166 -7.23031864479729 -7.34825184477456 -7.65490787446816 -7.93053224245278 -8.28928023136575 -8.93579880473022 -9.47555012857083 -10.1230822167382 -11.0293586882605 -12.1539805442789 -13.4760439726386 -14.5676437466686 -15.0112044339197 -15.2277785443952 -15.5527339226739 -16.2246135815106 -17.6760208225219
-9999 -9999 -9999 -9999 -9999 -9999 -9999 -9999 -9999 -9999 -19.4962927329007 -57.7001865253877 -121.13122415155 -116.143251286696 -77.6531305626689 -43.5705916144247 -15.1123929124735 -13.5772036377739 -12.4719477002246 -9.08589412951928 -6.58802809576881 -5.23359082018024 -4.85728796733958 -4.09795700967897 -2.66261866898846 -1.82848201791373 -1.48768817873211 -1.31668826028635 -1.03856337141785 -0.598527970405685 -0.344309028335147 -0.329931085850625 -0.553928671855692 -0.829020539650096 -1.16620728987763 -1.90728714379747 -2.48944955780761 -3.2461602894285 -3.94752657954876 -4.63995921109863 -5.60073528412791 -5.72895523684729 -5.85803475709751 -5.96115702709208 -6.09100960987723 -6.55695933561354 -7.31140784498796 -8.68102341073326 -10.167558360475 -11.6350837838889 -13.2156422683077 -14.0680466958633 -14.710286200851 -14.489586389736 -13.9222120387394 -14.5125919208921
-9999 -9999 -9999 -9999 -9999 -9999 -9999 -9999 -9999 -9999 -9999 -70.8345853371517 -105.242075314075 -97.6328994641827 -69.999111811399 -38.7108652002308 -10.5655159790779 -5.57900314477663 -7.47391147903907 -7.10313050284309 -6.30257820907998 -4.89607178593742 -4.03747695789774 -3.3588976861072 -2.41020070046722 -1.70965832551602 -1.44152964853976 -1.24461310362317 -1.02029717554728 -0.69949218989889 -0.504025257640926 -0.462170727584321 -0.507781202596174 -0.536311215967803 -0.580394564303826 -1.04214467385061 -1.34436525806253 -1.64224863090346 -2.0740265301914 -2.60071408533021 -3.19522448399704 -3.86227625981302 -4.55070851864039 -4.38848093524258 -4.29323792008447 -4.5743939250721 -5.1920059396355 -6.28785070191997 -7.76295782063559 -9.55220645293393 -11.479853241625 -12.5430281568759 -13.2077442611998 -13.0365671800635 -12.0162510229086 -11.4709092300765
