meets/meet004/_saidas_enm/CCSM_Gower_6k_Cavanillesia_umbellata4.asc
NCOLS 154 
NROWS 168 
XLLCORNER -112 
YLLCORNER -55.5 
CELLSIZE 0.5 
NODATA_value -9999 
[rows 52 to 77 of 168, columns 58 to 115 of 154]
-9999 -9999 -9999 -9999 -9999 -9999 -9999 -9999 -9999 0 0 0 0 0.0175005123099178 0.224498658458747 0.425499145483913 0.509335998729481 0.504986574592561 0.477584576049385 0.414200093045002 0.340846172218156 0.242630834708391 0.0999204881847962 0 0 0 0 0 0 0 0 0 0.340345698748465 0.505111119061897 0.492870474387758 0.48599744801358 0.463746413587974 0.426810861123928 0.437088903863855 0.418644365286688 0.386662912854868 0.35121681007556 0.306688423880295 0.328895222770151 0.426281994497148 0.504898900478997 0.612439449139718 0.720543266244645 0.699069320577682 0.632564365180012 0.554520653247692 0.488589284008729 0.414658197929034 0.494776436042858 0.59459256529406 0.662895682565682 0.692719769542663 0.696067191992473
-9999 -9999 -9999 -9999 -9999 -9999 -9999 -9999 0 0 0 0 0 0 0.0440366779633821 0.250253591758851 0.353923491614737 0.361358769420238 0.326946250987088 0.2268009860377 0.104423103609868 0 0 0 0 0 0 0 0 0 0 0 0.226606556957322 0.512225201108737 0.499657269464399 0.48721672496415 0.467708293755027 0.446527591311518 0.428505810069681 0.395863344347322 0.37787543968666 0.385510549151413 0.415297023100462 0.476814934712822 0.55295345676359 0.636414992668361 0.716510994008005 0.674901273783858 0.61318714579216 0.544237396444652 0.475680037364451 0.411142660685395 0.347671164084643 0.46391997732135 0.594213769896517 0.681149630862652 0.714062051958326 0.726145343338057
-9999 -9999 -9999 -9999 -9999 -9999 -9999 -9999 0 0 0 0 0 0 0 0.0514939570893355 0.154791531615079 0.144652343088766 0.107166955018136 0 0 0 0 0 0 0 0 0 0 0 0 0 0.102704586936366 0.427152677703097 0.508001827331619 0.512364347066127 0.502511021463747 0.491087334342251 0.492815599925689 0.461020888647951 0.463091559675831 0.485491259098165 0.530335733393819 0.61342235126755 0.670921806439063 0.666677021801395 0.608596748894589 0.539271083375901 0.488343242771005 0.42018048484784 0.355875487764906 0.305387589485989 0.247972958844504 0.407389933182045 0.567710781808932 0.681780831843243 0.728182348074697 0.746788395708499
-9999 -9999 -9999 -9999 -9999 -9999 0 0 0 0 0 0 0 0 0 0 0 0 0 0 0 0 0 0 0 0 0 0 0 0 0 0 0 0.282773669574808 0.485160947693557 0.522773416582831 0.530329853987169 0.528307338099472 0.533640556895824 0.524349097565107 0.532161149172859 0.571337271551646 0.624418809604148 0.650478913463556 0.586326543199444 0.512127970375297 0.447104291930799 0.386026215151776 0.325346680922974 0.271339683617493 0.213511208546362 0.169572854702633 0.13804788870937 0.333921758940424 0.530973273558838 0.668311629768972 0.721972752665821 0.748790975544239
-9999 -9999 -9999 -9999 -9999 -9999 0 0 0 0.0657560296009372 0.214922109837598 0.0166183623615486 0 0 0 0 0 0 0 0 0 0 0 0 0 0 0 0 0 0 0 0 0 0.1039506087766 0.306413447885072 0.463711296163216 0.536056976832377 0.537862132837851 0.551557642587834 0.555737775770116 0.571263250679537 0.539149309473801 0.484303206561335 0.435696590583659 0.353784870188827 0.281053058244033 0.213162896965663 0.140766903467124 0.0981068142237832 0.0566484597812061 0.0281624674440329 0.016902936513821 0 0.237248463228975 0.45926682107912 0.629982501012971 0.707424530681189 0.742406419373418
-9999 -9999 -9999 -9999 -9999 0 0 0 0.0960108103861467 0.290471983905446 0.34364628013602 0.145326972348806 0 0 0 0 0 0 0 0 0 0 0 0 0 0 0 0 0 0 0 0 0 0 0.0978020415906713 0.259461779936839 0.344372752163549 0.374788357247148 0.391549168552441 0.35646528340542 0.315492590213251 0.266914420893118 0.202040940132725 0.142282088766842 0.053602678488982 0 0 0 0 0 0 0 0 0.146797122517171 0.381173288082168 0.579132010635741 0.67012735078141 0.723099527423398
-9999 -9999 -9999 -9999 -9999 0 0 0.0164530340554175 0.387475743950996 0.479976619629351 0.446043554520496 0.238598020985808 0.0150084686294499 0 0 0 0 0 0 0 0 0 0 0 0 0 0 0 0 0 0 0 0 0 0 0 0.0601858870589019 0.0688968185622953 0.0709634971981205 0.011957899549175 0 0 0 0 0 0 0 0 0 0 0 0 0 0.0273762228750573 0.282979394842618 0.498031377642976 0.607184899195958 0.67228171567804
-9999 -9999 -9999 -9999 0 0 0 0.282932414672369 0.55166236974816 0.577603399868884 0.496738363885596 0.300574141883553 0.103344205496284 0 0 0 0 0 0 0 0 0 0 0 0 0 0 0 0 0 0 0 0 0 0 0 0 0 0 0 0 0 0 0 0 0 0 0 0 0 0 0 0 0 0.16764906161645 0.389536146652355 0.506754351570911 0.599016652092186
-9999 -9999 -9999 -9999 0 0 0.260878591153949 0.522586778376438 0.674113115707133 0.654572681218155 0.53731245764783 0.373926600530811 0.210798776997179 0.0705010267960836 0 0 0 0 0 0 0 0 0 0 0 0 0 0 0 0 0 0 0 0 0 0 0 0 0 0 0 0 0 0 0 0 0 0 0 0 0 0.0060333110730002 0.00742805357956378 0 0.0215363184000319 0.236062887212883 0.358344116169438 0.450342275338969
-9999 -9999 -9999 -9999 0 0.200462241832145 0.509355946197672 0.655595136108299 0.717935472872912 0.691082240307196 0.583934760524251 0.418126354989658 0.276373967943775 0.141429264020284 0.0988333610604998 0.0332441059865047 0.004507054013415 0 0 0 0 0 0 0 0 0 0 0 0 0 0 0 0 0 0 0 0 0 0 0 0 0 0 0.0120371972887672 0.0322504903475765 0.0701872770603763 0.0886685877917903 0.0983897425739132 0.123195422083748 0.122987153303536 0.142382931552663 0.154267119205134 0.135512306081315 0.136374107930468 0.101109206186797 0.0757749249524724 0.185209097194017 0.285719356173094
-9999 -9999 -9999 -9999 -9999 0.493545084222623 0.659868100926978 0.743499231068638 0.726580268948022 0.701451422572956 0.59842927445775 0.476316630170919 0.357422167732896 0.258024321383759 0.206362517322124 0.149175605849807 0.123188390020048 0.0941084127278164 0.0526279147655041 0.0323670430629395 0.0144361783389967 0.0164180233552957 0.0194712855663493 0.00841433791803903 0.00671706705401232 0 0 0 0 0 0 0 0 0 0 0 0 0 0 0.0350091539751262 0.0781628342428342 0.119676098629619 0.173629756983846 0.205667914008809 0.242690308013085 0.259638853285532 0.271907934211779 0.289583400366884 0.297483400269164 0.309261508492634 0.308973867163642 0.309891102621321 0.30766807278196 0.289816430988421 0.270409281742674 0.23766889086719 0.211412137532006 0.178229624353701
-9999 -9999 -9999 -9999 -9999 -9999 0.713998996234234 0.764612162114661 0.677597550803823 0.71629019107977 0.616099424832682 0.493212716272896 0.392054392096459 0.312538076130747 0.282530016048533 0.232581342398843 0.207857952996132 0.183948861608007 0.156353397848292 0.146927140886426 0.14314104786684 0.145649399950356 0.142774782080949 0.147550899898426 0.138952930269358 0.138670450774358 0.13658237671068 0.120738688340155 0.116852799863383 0.0946266907843211 0.0822510067647545 0.0684921008536219 0.0545054757733207 0.0518475053132155 0.0478528442766634 0.0622157595740861 0.0739242952524419 0.103398816203739 0.147693186974563 0.179973426532847 0.234404816363522 0.275929451746928 0.314376063077955 0.355968101540015 0.371917772273074 0.397882068669616 0.409209404546022 0.415731594166861 0.431369803336162 0.431536248834056 0.439095811286398 0.440666590941658 0.429332383130311 0.430276948672028 0.40134624724159 0.386929319710218 0.359689035756597 0.327788078782966
-9999 -9999 -9999 -9999 0.57451494454573 0.682401603632309 0.748643958149637 0.765253190302259 0.701905596328991 0.712283046182639 0.616838426471863 0.524957022806238 0.449335356029679 0.380096184152588 0.339537086232189 0.306228070716479 0.28855320303488 0.278263573230907 0.266420381013621 0.266222660328958 0.264175880937219 0.269478056966784 0.280174050281573 0.281892941001016 0.286131479991409 0.283960966202231 0.283510914125451 0.279235868251171 0.267379808853498 0.257466918121776 0.240677043137702 0.231014089904072 0.226274553779671 0.217006967106178 0.223926143740729 0.229456263367027 0.243379225828089 0.278424562604116 0.308720264015323 0.353490121986946 0.392940059931451 0.426521183050073 0.466336682584886 0.4930441736447 0.51745333787149 0.531374446795805 0.540619357011378 0.554169213901013 0.557451111539227 0.565287299203892 0.565473834987518 0.564684090461394 0.563057697902859 0.553143536651452 0.54509817013116 0.52709517574803 0.51464344046034 0.505213409653141
-9999 -9999 -9999 0.591729179771115 0.67480266709336 0.699297332698308 0.745825292137964 0.746099595389978 0.681933893493852 0.710111701399575 0.622572552609413 0.537235700329351 0.452333617412635 0.411854159128367 0.382858838015685 0.363532106174323 0.355799556438787 0.333989236828266 0.341752335915967 0.341661293133813 0.358711653711529 0.370770627159002 0.376507677037473 0.391521652372819 0.394278641140112 0.407237954915607 0.413643538650916 0.403698619076223 0.404417278798765 0.393619945000663 0.387604275410353 0.381471551697641 0.367731928627613 0.367339712708994 0.366235460463155 0.378534604172715 0.390175198888171 0.414807210413024 0.444095614141196 0.472525507624499 0.515953638692007 0.543726242572253 0.575978469489938 0.585643275574548 0.578658152157295 0.570388583240436 0.567290396622741 0.569224621044881 0.571618915118136 0.583749818132442 0.596750797558845 0.608290345666589 0.620310424814152 0.628107356424905 0.631069687730792 0.629263217156912 0.620220633593159 0.591671647306231
-9999 -9999 -9999 0.633592348277866 0.712693506376295 0.695470066879859 0.730190143921419 0.707492128888201 0.667453792134689 0.683527679101224 0.643007847807935 0.566671491760133 0.503825375861472 0.459660980800119 0.424793578605837 0.399858292486411 0.391684468697693 0.400367249689009 0.40292975806053 0.409553218301557 0.424517905510456 0.437870075101347 0.460029678193758 0.474861940155963 0.488428491241485 0.499794909045326 0.507619573003705 0.51361095681116 0.513090772665998 0.511016101193923 0.504538632629498 0.500113596805718 0.497359633173618 0.492366701017247 0.495909667884423 0.498777251217098 0.507340578009409 0.529230093965251 0.54941827957665 0.579229454858685 0.607400096790825 0.614898231704263 0.596426479354623 0.579559439977036 0.570778076680255 0.563783469741049 0.560661444721257 0.561957150207188 0.564045763746693 0.57115204231494 0.578681885290895 0.586055048039125 0.592874506913309 0.59589900137219 0.594607804652961 0.587855754110096 0.57607295436607 0.558285733578857
-9999 -9999 -9999 -9999 0.713858517398424 0.726058408830009 0.72147215927762 0.685692372985864 0.640024502249191 0.662575047717661 0.671342075177596 0.595372383691935 0.526998268791074 0.486540962063892 0.471115739599728 0.441815216783053 0.441309370035218 0.45292019131199 0.448035836964206 0.466628151547636 0.483655789916359 0.505032130296944 0.529954672269277 0.545783392619565 0.566976027600525 0.582345023849722 0.597434324618587 0.609040771721747 0.610489072042809 0.616146856949349 0.611569889228463 0.611946369250716 0.611734743949154 0.605491433708411 0.610401683163984 0.610603914657223 0.616121850896211 0.633768564356185 0.644402706546956 0.664676752324345 0.637527021570861 0.616132094989151 0.598994435569578 0.581258306496609 0.575332085911076 0.567829871003119 0.563951822139749 0.563372838386983 0.561134811421084 0.564954296378345 0.566611564062825 0.568305208797074 0.570489072547909 0.568958155599586 0.562600052991483 0.552403945188503 0.537859890536275 0.518412148566226
-9999 -9999 -9999 -9999 0.697121667131809 0.713637630103593 0.697802112356276 0.678003556902134 0.625125961558969 0.661821540817334 0.697879446433681 0.624843605001597 0.550788252822795 0.502799698611911 0.48793539791461 0.476713173275562 0.479803778254987 0.48405817617504 0.490347154643078 0.501090955356992 0.524507193920508 0.547045811273706 0.574233933438838 0.597905867334914 0.620023787489516 0.642543234524521 0.65864084939217 0.672827182855815 0.681626749645666 0.686634384589698 0.689347858521456 0.690704645566212 0.69152914421549 0.690897950035735 0.692133195643308 0.693190310681427 0.696275870677576 0.704093884655548 0.696329396851526 0.674420701520745 0.650896150196581 0.630884860110483 0.614554750422801 0.599850697947676 0.590701393181412 0.582641060140424 0.57717859641057 0.57336285901181 0.568792283326682 0.566085684757971 0.561548832420761 0.557487014704235 0.552419817338588 0.543971260161928 0.53482631912577 0.521433775511243 0.50544341826092 0.486237363403354
-9999 -9999 -9999 -9999 0.568546312194318 0.67907398553933 0.675165171587082 0.695689232695529 0.626241503622069 0.631270189497968 0.590259902797461 0.613350918783967 0.579047797128743 0.514694050421866 0.525606191593691 0.518379008219714 0.531638683359243 0.533206042194347 0.525043147347956 0.547669304434872 0.567125161881292 0.596185874261894 0.630388146108276 0.645378993039284 0.675022795436794 0.692515698114346 0.709824210362681 0.727740123759346 0.731206370403509 0.743314546966987 0.74301868280986 0.746859712358738 0.753311555066626 0.748934080266256 0.754743563368471 0.750962833425776 0.749227161531633 0.730416339820215 0.708754513151281 0.69086580745054 0.669615995129796 0.651764928297212 0.636774416380214 0.621593104610163 0.612668199997695 0.602250808456298 0.594452838196372 0.58777370082544 0.57917212770048 0.5720831912984 0.561817851913729 0.551441339638765 0.539727585268154 0.524860222989278 0.512596915598432 0.496486737065942 0.479661235701649 0.460678090395956
-9999 -9999 -9999 -9999 -9999 -9999 0.67096796012834 0.70026421164981 0.642352541690752 0.551229759094637 0.49073478454561 0.501227143265711 0.58185258141764 0.555292000277815 0.55037218637478 0.558312963467258 0.571216751513822 0.567331510352919 0.570444932753032 0.581898817954433 0.605009107958588 0.633291087601931 0.658884491171548 0.683754996861716 0.693966107984315 0.680591896176843 0.683910098946555 0.700096316248237 0.715304054239237 0.719042587563042 0.719084045873693 0.727357153235489 0.740771091118009 0.753981796302862 0.759766052073735 0.764351302575968 0.76038590576311 0.743545737923921 0.725414056624292 0.708068285596399 0.691302114025016 0.675407454260172 0.660442595106303 0.64657625248932 0.634894669107189 0.623987242886042 0.613835330073227 0.602952675634852 0.59171527057149 0.58024941462256 0.566756673177332 0.551984274779473 0.534632625090833 0.515816110459085 0.499077394783224 0.480323776908931 0.463060096594492 0.44583176544143
-9999 -9999 -9999 -9999 -9999 -9999 0.552455145476227 0.713567587420235 0.624303440306323 0.506173261607204 0.40136889889631 0.400125447017047 0.489589506301229 0.587011100442506 0.600421886432844 0.605152396612286 0.622820826994146 0.631040617010395 0.612578135937152 0.630919815009485 0.615062511285964 0.614345909213137 0.648003746803788 0.671894646719148 0.667691719422827 0.650147215346839 0.653088345652391 0.671518497005568 0.684521325604986 0.688189592719145 0.68467403147364 0.692846063355608 0.708895203357004 0.722007871488485 0.729903795198834 0.734481314547565 0.741661526722527 0.749867179770024 0.742316830212024 0.728131926407968 0.71203198605559 0.697756628540799 0.68436182843755 0.670090473464954 0.658151413631473 0.644888655313273 0.632151388911857 0.618198487518536 0.603941002255278 0.589914720297896 0.573433227493271 0.554978623147902 0.533274238063041 0.511212326072025 0.492814029144044 0.472977123575468 0.456552622667393 0.441387455809801
-9999 -9999 -9999 -9999 -9999 -9999 -9999 0.732152560750346 0.669658684996342 0.499100409140232 0.335774256941329 0.305229619085151 0.399303084696628 0.567006592996741 0.626433606290444 0.648496084116197 0.628540300806817 0.644909738133413 0.653820139857502 0.625781410623254 0.590532001818795 0.588159000108304 0.617847864044133 0.642794844723445 0.639265871381403 0.62665901188948 0.629134263300695 0.643641424736247 0.656415297926469 0.657865575036105 0.655403093536904 0.66250150823738 0.67563284440282 0.688336654014436 0.695608578036941 0.70128449894111 0.709793238145065 0.718192237573775 0.727256841518809 0.731035346153176 0.731770183927527 0.717866576730378 0.703377195728461 0.690296303476847 0.67662138390242 0.662871569769011 0.647939219866393 0.630608112038377 0.613539834383551 0.597027857225703 0.580044333343381 0.559822426726588 0.534972289102655 0.511142703827244 0.493120926581622 0.47597443115832 0.461209457698467 0.448091206358969
-9999 -9999 -9999 -9999 -9999 -9999 -9999 -9999 0.721178122837316 0.519384649103308 0.306812459692406 0.253249583132649 0.337897435554163 0.506646720332264 0.674010698763008 0.625685344806199 0.604232965009854 0.620098517133065 0.628847733658852 0.605481717757355 0.568623348878511 0.565241576075655 0.593905138382842 0.61563301326202 0.614935313028196 0.604598019894679 0.608187178811943 0.621525161228712 0.631638756968722 0.633255420140003 0.628737880618053 0.633793788989752 0.645383284794107 0.655295402932991 0.66237199582923 0.666632748828513 0.675458623274321 0.686247053114713 0.695460307190214 0.701158403204023 0.705804155178071 0.713200676507105 0.721466764014871 0.707711171342754 0.694148771627526 0.679252131606334 0.662892325441649 0.643753879159475 0.624371595012456 0.606222602893278 0.58679586456166 0.565974472099578 0.541707783951993 0.518770536334758 0.502724438245493 0.48736568496076 0.474854610616891 0.464517321384001
-9999 -9999 -9999 -9999 -9999 -9999 -9999 -9999 -9999 0.561404749308534 0.320381472745622 0.235148652308437 0.300528066257395 0.453339666559315 0.67009492147125 0.607831638233765 0.578497810896349 0.600854366759947 0.605151548663572 0.586592143646495 0.557222439184645 0.551791434780771 0.570083888470941 0.584689311412708 0.588916595999092 0.587099260555174 0.591657097675617 0.601131754104948 0.608340087311637 0.610763064071233 0.609363215072923 0.612370222288069 0.617557998783642 0.621106096339265 0.629154944136311 0.633641795966702 0.642604825647811 0.653093364667366 0.660861817866961 0.670498148926488 0.674860499050635 0.684410853240599 0.698994112503195 0.705199608070004 0.699150245434249 0.687712928657846 0.674839823410686 0.657039378748101 0.636379054572568 0.616157282231592 0.594396439546286 0.573792600107077 0.553063688593057 0.533461152806755 0.519238684056421 0.507216310523478 0.496505998861638 0.486635566056845
-9999 -9999 -9999 -9999 -9999 -9999 -9999 -9999 -9999 0.602177999884943 0.361477685990614 0.258122241719767 0.284062384355271 0.407224519125592 0.59717594342551 0.625946857308183 0.593602443979727 0.597736392552852 0.595653428599018 0.579105584514042 0.553224312638495 0.544899513578994 0.554305886465465 0.562215382298916 0.567520022869251 0.570029193677319 0.575804934788006 0.583761019134371 0.588805699668223 0.593662672159423 0.594629310543472 0.59736737337359 0.600162880544664 0.600372421822022 0.606701247991582 0.610241136392278 0.618302842427687 0.62871442010023 0.635338180423665 0.64724756205634 0.653844907605312 0.663063637914543 0.67449484458576 0.677989949448492 0.67455918046032 0.664898415214848 0.65419732974375 0.642724129608112 0.633146567784798 0.630173642071337 0.608425889383646 0.588820918853967 0.571560023710035 0.554557984268698 0.542143380315007 0.531086194918935 0.521461699734613 0.513118490591399
-9999 -9999 -9999 -9999 -9999 -9999 -9999 -9999 -9999 0.647064850629461 0.415429577119702 0.297503184512285 0.294620058748358 0.352229638666473 0.499765240338889 0.673001790505016 0.640783133116981 0.627206386909578 0.598390954197098 0.582555735420911 0.563214096656928 0.548433425922729 0.547287098489518 0.544906177542355 0.551111584782814 0.556998127663218 0.562493382732702 0.567372409794052 0.570775180368253 0.576591268955841 0.582745301434324 0.585507054430776 0.585598560529879 0.586600057687498 0.589046612387007 0.593370135286613 0.600561915096088 0.60724979307604 0.618705673973048 0.631678562017918 0.641924025881803 0.649392253659562 0.651813245674107 0.647535648320219 0.644434968412549 0.639381728535768 0.632951100532039 0.626039809881167 0.620933311293311 0.616796032297205 0.616565985797798 0.608593059968016 0.592939630216446 0.579800198855303 0.567573740117094 0.556967914690603 0.547920466318698 0.53971741633132
-9999 -9999 -9999 -9999 -9999 -9999 -9999 -9999 -9999 -9999 0.495068148116479 0.375525292081069 0.32530375658977 0.338761517447782 0.409882890329975 0.535830994509129 0.656520545150902 0.686090718591754 0.641744680785842 0.608984681587014 0.582205415449614 0.55869215744359 0.548103496868792 0.541812463985905 0.544593222734714 0.549773385498876 0.553475405748523 0.555362313260884 0.55610201319393 0.561590981505527 0.566670681878646 0.569852410045522 0.571162113170527 0.570937378721751 0.571413013001717 0.573395480273102 0.580334734007404 0.588594662038574 0.601406536342176 0.620259849888328 0.635450479584806 0.641303156064166 0.636192765921221 0.625851569802146 0.61927828850758 0.613760508140455 0.609108027776767 0.608138134826485 0.606521269024164 0.601960857969955 0.598951618695976 0.597976628795705 0.599403774792849 0.604421438893921 0.594742569383139 0.584732587979793 0.576156098232357 0.568764032069181
