meets/meet004/_saidas_enm/CCSM_Gower_0k_Aralia_warmingiana3.asc
NCOLS 154 
NROWS 168 
XLLCORNER -112 
YLLCORNER -55.5 
CELLSIZE 0.5 
NODATA_value -9999 
[rows 54 to 80 of 168, columns 60 to 119 of 154]
-9999 -9999 -9999 -9999 -9999 -9999 0 0 0 0 0 0 0 0 0 0 0 0 0 0 0 0 0 0 0 0 0 0 0 0 0 0 0 0 0 0 0 0 0 0 0 0 0 0 0 0 0.0328803674894337 0.118890271377197 0.0835628515170811 0.0508218374898065 0.301736202491792 0.476419917114664 0.578220789214823 0.534897332003699 0.428917061401936 0.280127782081117 0.190025166197376 0.041487694765481 0 0
-9999 -9999 -9999 -9999 0 0 0 0 0 0 0 0 0 0 0 0 0 0 0 0 0 0 0 0 0 0 0 0 0 0 0 0 0 0 0 0 0 0 0 0 0 0 0 0 0 0.0866290077529606 0.0187930899527636 0 0 0 0.221222687704908 0.441272408291845 0.566882403386 0.603595443527912 0.500081139255599 0.396006103839904 0.315861572782069 0.162546421868265 0.0183547210227069 0
-9999 -9999 -9999 -9999 0 0 0.115539595795606 0 0 0 0 0 0 0 0 0 0 0 0 0 0 0 0 0 0 0 0 0 0 0 0 0 0 0 0 0 0 0 0 0 0 0 0 0 0 0 0 0 0 0 0.13340343618556 0.385173524668404 0.525896685756461 0.629027323761576 0.542586227525937 0.469820418034448 0.384894455390398 0.219457506168043 0.0594002407183362 0
-9999 -9999 -9999 0 0 0 0.309589712536241 0.0904968473985827 0 0 0 0 0 0 0 0 0 0 0 0 0 0 0 0 0 0 0 0 0 0 0 0 0 0 0 0 0 0 0 0 0 0 0 0 0 0 0 0 0 0 0.0345935971393563 0.315194527028455 0.474257309542334 0.596340955617191 0.540225320117032 0.463700319012246 0.389045116552867 0.222784371985288 0.044263418150346 0
-9999 -9999 -9999 0 0 0.279306000933461 0.514529191252142 0.252473939551098 0 0 0 0 0 0 0 0 0 0 0 0 0 0 0 0 0 0 0 0 0 0 0 0 0 0 0 0 0 0 0 0 0 0 0 0 0 0 0 0 0 0 0 0.20729489166313 0.400579696787122 0.536382370316635 0.438774256312082 0.351512817188306 0.279775918077388 0.138277811222461 0.0310268279626824 0
-9999 -9999 0 0 0.183380371712556 0.473702325475152 0.621298574923286 0.205446314891602 0 0 0 0 0 0 0 0 0 0 0 0 0 0 0 0 0 0 0 0 0 0 0 0 0 0 0 0 0 0 0 0 0 0 0 0 0 0 0 0 0 0 0 0.0950544688070745 0.298388566954508 0.376114531316313 0.260363364203424 0.171458920294465 0.0723825216142053 0.025012621661982 0 0
-9999 -9999 0 0.056407853333132 0.211810599344565 0.494304407228445 0.500206626299583 0.0553254554429276 0 0 0 0 0 0 0 0 0 0 0 0 0 0 0 0 0 0 0 0 0 0 0 0 0 0 0 0 0 0 0 0 0 0 0 0 0 0 0 0 0 0 0 0 0.147775338358396 0.294850205573626 0.178724661831177 0.102438544700486 0.0492487140704745 0.0186115317173715 0 0
-9999 -9999 0 0.055735459094009 0.218608777169132 0.499811562202751 0.3767348792281 0 0 0 0 0 0 0 0 0 0 0 0 0 0 0 0 0 0 0 0 0 0 0 0 0 0 0 0 0 0 0 0 0 0 0 0 0 0 0 0 0 0 0 0 0 0 0.137498035330096 0.157636168034239 0.141541725067475 0.164048097391287 0.127792764191918 0.132698015220203 0.133850697879471
-9999 -9999 -9999 0.073970816770173 0.243575332357412 0.516365804725377 0.337419079617152 0 0 0 0 0 0 0 0 0 0 0 0 0 0 0 0 0 0 0 0 0 0 0 0 0 0 0 0 0 0 0 0 0.0223194707848207 0.0628856602915451 0.0825601981526161 0.110184363010665 0.116437988140956 0.121101738772267 0.128511482021766 0.126007520882452 0.12841918260045 0.118682696493925 0.11521459663838 0.105859524317 0.0797687344959851 0.0528361366255927 0.0109113301773414 0 0.00380274772349742 0.0232746170941964 0.0106970394252779 0 0
-9999 -9999 -9999 -9999 0.270724383374644 0.438635845353269 0.370764864378105 0 0 0 0 0 0 0 0 0 0 0 0 0 0 0 0 0 0 0 0 0 0 0 0 0 0.0104152683129789 0.0695577716767561 0.0739116236076364 0.0871689763344665 0.120007803994809 0.134961413090408 0.173451968459865 0.202879789564795 0.227078695750906 0.179695936304767 0.166474903605679 0.148094702623283 0.150464665593665 0.180104036854524 0.206778784343928 0.280024282347086 0.28480680890864 0.283075091916608 0.260221483729793 0.255004445574746 0.215163332496322 0.191760678487118 0.156752135753626 0.116525367188709 0.0895897152933471 0.0529499838897531 0.0309118003699357 0
-9999 -9999 0.0299873441099109 0.164933177106827 0.308551222894173 0.273161375087862 0.220911238136055 0 0 0 0 0 0 0 0 0 0 0 0 0 0.0216749164322991 0.0406197079695529 0.0631031507670552 0.0767899934713385 0.091636653306396 0.104152839467468 0.106262355887927 0.0998237449002649 0.0905193600244137 0.0957781426583409 0.108596998566696 0.145405558700838 0.197621926713899 0.247121667791 0.256014224997474 0.27981033922365 0.296915593744659 0.30928897843655 0.238509703311224 0.180634567569208 0.136174798121403 0.0972640301487196 0.0822828533007431 0.0750698380284546 0.0821770062692666 0.109655387952367 0.144159835989247 0.200823755210731 0.263948618691381 0.327786297798939 0.3927101721475 0.374872167890825 0.257983279372515 0.200074135327563 0.168483084679991 0.170668476987511 0.184355736592272 0.145440623936833 0.0217931533699518 0
-9999 0.066868629175909 0.00282434440315271 0 0.119732410343468 0.167623018993152 0.119874156506107 0 0 0 0 0 0 0 0 0 0 0 0 0.0605900746835517 0.152606680663405 0.223626510951559 0.248574252476597 0.266365897290731 0.283978691799651 0.290775420298217 0.283092778283154 0.292237490275796 0.280647240077143 0.277245332173794 0.274774363038604 0.270696242559369 0.34817844716245 0.394129309735586 0.400100119428548 0.387595959702532 0.301650113479483 0.241415638336953 0.171502054600032 0.1203407559023 0.0829181946010629 0.0449178147436623 0.0450959538725244 0.0437325093691465 0.0523885163630831 0.0767455118413289 0.0997888122165482 0.149319781606934 0.202577421573115 0.247598296887903 0.294650865161829 0.326775892660033 0.280152796109818 0.190096039278695 0.173062319534205 0.194608986956852 0.214796141919593 0.128215412288115 0.00513811648932216 0
-9999 0.146420548721687 0 0 0.0614847431100942 0.0535352847888858 0 0 0 0 0 0 0 0 0 0 0.0165178575150897 0.0812316511676966 0.126500372709028 0.202003133840896 0.283562625122256 0.354048822798119 0.398198583455555 0.422865334058184 0.449497353515763 0.468019824868447 0.481002939565273 0.477813234005405 0.468267463752588 0.460199188795049 0.443504409139459 0.450637993224533 0.49781987106102 0.497434177788823 0.44239077840613 0.366354002198366 0.288069563629418 0.22515263709555 0.163311541344278 0.116437241754944 0.086182739887657 0.0601951559906051 0.0552375764233057 0.0547093777117633 0.0615974672130075 0.0791178068148517 0.0975028013592598 0.128091038787237 0.158541688029867 0.187419401153577 0.213997370512611 0.228644941355627 0.231055066602334 0.217078723996869 0.188207488659663 0.144865007828081 0.0865860468754008 0.0208768056910853 0 0
-9999 -9999 0.111079224014802 0.031603818224721 0.0811991329303852 0 0 0 0 0 0 0 0 0 0 0.0500591686003901 0.189770856905581 0.20414683610058 0.252948372295462 0.328776315800445 0.402299216560621 0.478070044700069 0.521179638664017 0.555157027649674 0.58750058366067 0.614358094164477 0.621338404498937 0.618851982794694 0.607976854378512 0.604372595909719 0.595660159822967 0.591611734325585 0.589748243135231 0.517609410178429 0.44833401796789 0.377042479485822 0.298190586819117 0.24721183214507 0.189292388343366 0.148059204353241 0.122109580285103 0.0938064468243041 0.0941983529078007 0.0907074737607541 0.0928977429335123 0.102748901537451 0.106344202602943 0.122741553136441 0.132719935467319 0.140916537842387 0.15047269804893 0.147281092638371 0.133964966033403 0.109330980404242 0.072039788613308 0.0234421387024294 0 0 0 0
-9999 -9999 0.127562635127868 0.0391430464752315 0.0104919780009955 0 0 0 0 0 0 0 0 0 0.00740608066023696 0.139552275984781 0.300536311197864 0.346441222869159 0.370392989151416 0.420826273818567 0.492024120610976 0.569382922672465 0.618693689773515 0.637550144025585 0.63468005553643 0.635446182443662 0.637195954701638 0.635914157226751 0.635370895824079 0.635552695899777 0.636615691636501 0.637811508369705 0.610812191066264 0.546856357132872 0.482227869848897 0.417748630765975 0.352311586170561 0.300010585715302 0.250864396843258 0.212696890094052 0.186943283845528 0.164997579615559 0.155556853564519 0.148610075317548 0.144979664649203 0.14386263514444 0.13961813031551 0.13666218677797 0.127467098391164 0.117939829112429 0.10424112443653 0.081341760477431 0.0571113409474747 0.0210853904165165 0 0 0 0 0 0
-9999 -9999 0.0298739441852485 0.00935467349605235 0 0 0 0 0 0 0 0 0 0 0 0.138655939956326 0.369728449788923 0.431083276287451 0.435642499918704 0.469325974067123 0.545565398344238 0.629631412554708 0.647758325217208 0.63627604631861 0.631436314421106 0.63225184817244 0.634197750629727 0.630572657120323 0.6277444895898 0.627469650651834 0.629194612546538 0.631976153704706 0.631675648873701 0.593808908383176 0.536447331555203 0.480187885323033 0.417764177453585 0.375293477129721 0.327669827197596 0.2921725936011 0.268700722870771 0.24184032202016 0.230675468313195 0.215468994050606 0.203750030486083 0.194682684049137 0.178431601934902 0.162037749406116 0.136585489785761 0.109002038405565 0.0762568276274614 0.0345603523465652 0 0 0 0 0 0 0 0
-9999 -9999 -9999 -9999 0 0 0.0884073422010845 0 0 0 0 0 0 0 0 0.140142607062127 0.412589987968252 0.466710340465945 0.425500561981845 0.461417371992793 0.563240727924911 0.653099183437878 0.645857979720066 0.632245645581622 0.625722017218278 0.626136093625984 0.626758919297078 0.621010187021089 0.615061688544274 0.614037191647109 0.618022249306393 0.623158850033388 0.624661588070858 0.626193628002881 0.603708391274435 0.551113687979081 0.498865546261695 0.454363023422963 0.414024033081861 0.378921685350654 0.349371318876361 0.323368576958889 0.302026861542561 0.282471719644056 0.263175041427064 0.241886184748609 0.218141987873648 0.190511507763433 0.155983998806597 0.117056518144733 0.0697015667967967 0.017937833954186 0 0 0 0 0 0 0 0
-9999 -9999 -9999 -9999 0 0.00189965914216894 0.235922573660061 0.0732179901728219 0 0 0 0 0 0 0 0.154958416261787 0.438181006931387 0.479575889227875 0.477509313556686 0.51679342873128 0.560700553310315 0.651265141736187 0.642632632494754 0.62680084025571 0.619698659886764 0.620498152454948 0.619394946819129 0.611280033087329 0.601761801006514 0.600018901504341 0.606006119832572 0.612707484505215 0.616007690585226 0.619208227447266 0.622234022354194 0.624773876352906 0.580993126007782 0.542393162231564 0.500927684817403 0.46533976220985 0.434265690794068 0.401926637229769 0.376379283703534 0.347429148926709 0.318973398815874 0.288853764463602 0.25607966275769 0.221677952414763 0.179491626918429 0.131152181577603 0.0736663608044815 0.0135105259901103 0 0 0 0 0 0 0 0
-9999 -9999 -9999 -9999 -9999 0.045740913445624 0.296100907008681 0.107121170873331 0 0 0 0 0 0 0 0.189570327775494 0.434448496948705 0.502863116147639 0.505098536512561 0.567204617673078 0.619056862202719 0.646667310880582 0.639247515085271 0.623108587659519 0.615124997747105 0.615172907414112 0.613416077035551 0.602140173305235 0.589666264111393 0.586494743967317 0.592528367656047 0.600396389755636 0.604645185854146 0.607996509837794 0.613279833919999 0.618371305451732 0.624036195810459 0.620893958869748 0.582779958637066 0.545932365665931 0.507891046197824 0.47390611663857 0.438779023762918 0.405025869404779 0.368675899992887 0.326950145116993 0.285821383045314 0.244879181224952 0.202017870374893 0.14966271562446 0.0851351522542179 0.0215156449961172 0 0 0 0 0 0 0 0
-9999 -9999 -9999 -9999 -9999 -9999 0.343425781709242 0.119639858437274 0 0 0.0374079066843321 0 0 0.0220034340092402 0.138897325333291 0.275835791656487 0.427835621561092 0.491290375769077 0.545172261193152 0.609742224180728 0.629913471434089 0.643706322353578 0.636083552120813 0.620671611115408 0.612197588763495 0.610864887267413 0.60691854233013 0.594094678684693 0.580094240596416 0.575455643747366 0.580868887154255 0.58743338132285 0.591846325066178 0.596005768209837 0.602257088577446 0.609648110054893 0.617262111107537 0.623846268201966 0.629673923099053 0.618196479013721 0.578494255085969 0.540291768289642 0.501047653423458 0.458780744263013 0.41515090882211 0.366285596772883 0.317582358941988 0.272247310981753 0.223553789830614 0.169845295923749 0.108130776120767 0.0477008013815434 0.00178029107706934 0 0 0 0 0 0 0
-9999 -9999 -9999 -9999 -9999 -9999 -9999 0.115781027609651 0.0930203471785427 0 0.0498433567771304 0.133574340025698 0.142621080405928 0.227026334352516 0.297361614055216 0.336055398152464 0.401974034187507 0.481679569041638 0.572023153401866 0.622180979508579 0.632470649910603 0.639474230473788 0.632154959426216 0.620181392558351 0.61106914499952 0.606058093265977 0.599201599658153 0.586854772281931 0.574334450598175 0.569620046682267 0.572188425469327 0.57565278632357 0.582378398135721 0.585489803054766 0.593749237152624 0.603851681994338 0.610997066616567 0.622300753676097 0.629226694912838 0.638469838526171 0.636753005344757 0.597442817056232 0.553132943588131 0.507751255565066 0.460122293848007 0.404822985131472 0.35022923692096 0.300062796674525 0.245872096340297 0.193437005704404 0.140592259849993 0.0900431119768961 0.0491735909211102 0.0132507667512968 0 0 0 0 0 0
-9999 -9999 -9999 -9999 -9999 -9999 -9999 0.136071573891024 0.131001230273312 0 0.0262744242341697 0.224552687686691 0.251847338132136 0.358708102544177 0.404864405203919 0.374507796872746 0.379576889789023 0.449363945362691 0.559145514526063 0.627407838626097 0.632788265336968 0.634439010024299 0.626163042813675 0.616245100095842 0.607402344413927 0.601242202131341 0.59342368668766 0.581459872859151 0.571323385062085 0.568200929550204 0.572198813026593 0.57759592256794 0.582469455020694 0.587048599680283 0.597034578402915 0.609861136967122 0.621516446761295 0.631840124471596 0.639574755221526 0.649776306057447 0.660631695518552 0.645033389791021 0.603819809202305 0.55665854367084 0.507434880472207 0.452794880866057 0.39585604438534 0.342873321678392 0.286633438361465 0.236047626216755 0.190661403743137 0.145883574977982 0.110352527335935 0.0782263338361607 0.0494618524205415 0.0234084542126082 0 0 0 0
-9999 -9999 -9999 -9999 -9999 -9999 -9999 0.0616690131215256 0.248655964970354 0.0544666396433331 0.0453900391581679 0.135849308070338 0.378334277553021 0.486017418518886 0.509419293070197 0.405591896538642 0.309625992327364 0.411204210778211 0.531374522961628 0.61066732634219 0.631963423615261 0.627319505177552 0.623771409347267 0.613974737974046 0.602415112055008 0.595383840844999 0.587600245274681 0.573710755138483 0.567575465995658 0.566578923533662 0.573068715694682 0.587127942936849 0.585600087971274 0.592378963640897 0.603647852027115 0.617811575101027 0.641096314913892 0.640754103006697 0.650701775383967 0.662061927408185 0.669453704603594 0.673212113313393 0.645102135300296 0.602659637639425 0.554570105301926 0.501250149029576 0.451420035458432 0.395091795133589 0.339986820012176 0.292057548112788 0.248879732614139 0.211656039358577 0.176023938247067 0.145535976954173 0.119301978058506 0.0951851789038316 0.0748284757033127 0.046701926702615 0.0197381403793988 0
-9999 -9999 -9999 -9999 -9999 -9999 -9999 -9999 0.194932918628531 0.185039417963707 0.0976298274978218 0.115457699015046 0.229421336490352 0.284707851545263 0.33099889123777 0.472286384363897 0.396696491032054 0.409928078413977 0.476468313062242 0.545325680569186 0.619822161199573 0.627520890347362 0.630181299629871 0.613335229472476 0.594837941558876 0.583191500756631 0.574283838882984 0.560710174690053 0.553944338719977 0.553811510594082 0.561820538258265 0.574687848557086 0.577059305779799 0.58307259637771 0.593750563223764 0.607110180998159 0.623776328643433 0.625176830873628 0.631053678732374 0.643890047371254 0.659960532415567 0.674939780595151 0.669581775520147 0.640997404909657 0.59629547151063 0.54876004903069 0.501230586114333 0.451690288711382 0.401547168496361 0.357138314450478 0.317145108352963 0.279859228346962 0.247944599354411 0.217686599482412 0.192330599769507 0.171083848703328 0.149245675729327 0.128415964558281 0.106857631961256 0.0855506374805893
-9999 -9999 -9999 -9999 -9999 -9999 -9999 -9999 0.0994376950573114 0.334559557020375 0.188288720022522 0.0840110483684591 0.0383829081464457 0.0687050241210097 0.082683180506695 0.30754153074921 0.520011066623198 0.424693025755278 0.394325578011668 0.461288549744982 0.601387121694083 0.626592848552816 0.630062600587222 0.612325276581367 0.582347014452065 0.567039954266801 0.555580268483493 0.541561928434821 0.532467511542237 0.531999408429683 0.540570911269243 0.551189867949551 0.557337312744496 0.56235074570256 0.571868400300781 0.582274743574914 0.588820230723831 0.593901735333767 0.591573375423116 0.608408661303522 0.63745860234041 0.661804626830463 0.663867828679023 0.659508749017833 0.630628517316613 0.587439171357988 0.547275210808226 0.504741287288082 0.463532330219483 0.423481342266352 0.382981055041298 0.347837638143656 0.318017018416412 0.290543818962515 0.266178143250354 0.2425399229626 0.221050125346788 0.204112268307391 0.190619557242321 0.175063541619973
-9999 -9999 -9999 -9999 -9999 -9999 -9999 -9999 -9999 0.144078147577766 0.249873745194489 0 0 0 0 0.00956307609948692 0.251877522652496 0.350356335261359 0.424189826877907 0.505289060031167 0.594960183919815 0.626208542374182 0.602995523739564 0.542190588971982 0.538903745600658 0.546953291667893 0.535818714325835 0.522201510797128 0.513511246166941 0.511901025072954 0.518722449089705 0.529848742051843 0.535235243024067 0.541239914159565 0.550507162324112 0.561124129897708 0.567586737600351 0.564806850466401 0.562363343378393 0.583731432722622 0.622627993812352 0.66171436843994 0.659236627606746 0.648885841839368 0.641437934509671 0.626404741404496 0.591512662623211 0.55684886103833 0.521815436955526 0.486811422023451 0.452387816762141 0.420739813462097 0.394212629949256 0.369202284924209 0.346005331453113 0.3233229733419 0.301757774291181 0.286231815598212 0.272012167331655 0.259932520614584
-9999 -9999 -9999 -9999 -9999 -9999 -9999 -9999 -9999 0 0.325465617798578 0 0 0 0 0 0 0 0.0586968439722124 0.165371477452574 0.290877684078935 0.57226745708218 0.565830096795953 0.436918632282939 0.39759032565764 0.454774896671216 0.512837043191723 0.480234332170041 0.488483464263609 0.486546316727615 0.492393121232675 0.505973230416524 0.506485635712231 0.515556988948152 0.526976692973637 0.540761865513458 0.554432995935207 0.551186110747986 0.542105617602377 0.567976823527479 0.618291955065752 0.669042792472185 0.654586426525923 0.629860892031557 0.61718004867795 0.620224490982209 0.626063548883289 0.603037422148342 0.573747333135782 0.543941094094578 0.512987250396311 0.489299151152476 0.463646727929145 0.444097156927034 0.423333000955409 0.399318291716038 0.381419519826626 0.364569501572224 0.350613369660652 0.34099450448075
