meets/meet004/_saidas_enm/CCSM_Gower_0k_Cavanillesia_umbellata4.asc
NCOLS 154 
NROWS 168 
XLLCORNER -112 
YLLCORNER -55.5 
CELLSIZE 0.5 
NODATA_value -9999 
[rows 52 to 77 of 168, columns 58 to 115 of 154]
-9999 -9999 -9999 -9999 -9999 -9999 -9999 -9999 -9999 0 0 0 0 0 0 0 0.118974837298546 0.141921209242509 0.121109293058966 0.0321331895403307 0 0 0 0 0 0 0 0 0 0 0 0 0 0.260386795550101 0.523953651678202 0.571930411361398 0.584932653224736 0.59434113380352 0.630750014295334 0.62407259793226 0.615340127642913 0.596285690286153 0.567780327708501 0.556993900241703 0.516134446587683 0.526817608442989 0.480781014456054 0.380473577482593 0.359896214150101 0.433603255635474 0.443496092069688 0.368282987946777 0.460189975118283 0.572201051244905 0.638045732091079 0.669269226936394 0.641523797914182 0.588436265921134
-9999 -9999 -9999 -9999 -9999 -9999 -9999 -9999 0 0 0 0 0 0 0 0 0 0 0 0 0 0 0 0 0 0 0 0 0 0 0 0 0 0.169342292784309 0.444938836726568 0.503722179233705 0.524877684220142 0.534148016096265 0.575163578293332 0.583507601669038 0.58474504670344 0.567732681607855 0.528773211083571 0.500735440655362 0.454686247939891 0.419628185999502 0.355537054076536 0.370853468344008 0.44885639628852 0.433444838343797 0.356460420808181 0.288698258050983 0.449381361825707 0.585524960273837 0.669437236019393 0.704953843661403 0.676906779790924 0.628536237213849
-9999 -9999 -9999 -9999 -9999 -9999 -9999 -9999 0 0 0.0941013806641168 0 0 0 0 0 0 0 0 0 0 0 0 0 0 0 0 0 0 0 0 0 0 0.0819872295668279 0.328743840972617 0.433887986900395 0.454304086507623 0.463442084300885 0.487886137407046 0.50280387190928 0.510506174592893 0.491412101566743 0.442540513687392 0.393830189533305 0.322327925541787 0.344827294905431 0.425661297137926 0.420881277539536 0.362506723833711 0.290050508938595 0.22779497572257 0.198922967973796 0.418796404814511 0.577013309937679 0.675401045530998 0.729339428949128 0.703055052146947 0.660371274835076
-9999 -9999 -9999 -9999 -9999 -9999 0 0 0 0.09770164765998 0.199393293340604 0.0618270510317077 0 0 0 0 0 0 0 0 0 0 0 0 0 0 0 0 0 0 0 0 0 0 0.201111061922224 0.370675686285773 0.387965341413778 0.380816262898781 0.376811267082959 0.365091649826733 0.375404689034816 0.352824407836794 0.298029737714903 0.348233991101651 0.41654709694301 0.373386429967219 0.296993325276647 0.230498804215099 0.170679058169944 0.123562286343144 0.0782030815861366 0.0875503400451635 0.349187546331374 0.544004024544834 0.664659193565526 0.731543197228161 0.721127094101597 0.69433103307082
-9999 -9999 -9999 -9999 -9999 -9999 0 0 0.255993027493997 0.339974345937771 0.361763566265904 0.0782710083291082 0 0 0 0 0 0 0 0 0 0 0 0 0 0 0 0 0 0 0 0 0 0 0.00328781386259047 0.198027726417476 0.296787783052967 0.284620211004339 0.265571493400919 0.24219749230511 0.237668949325667 0.304410013817439 0.299412280380151 0.24970666178323 0.158769285775076 0.0825234618285232 0.0127679334400284 0 0 0 0 0 0.271745897509933 0.491187913471299 0.624641968890575 0.716423178322763 0.731153061619798 0.713611269953942
-9999 -9999 -9999 -9999 -9999 0 0 0.103855002633959 0.425492924574387 0.502010358426358 0.44568512886119 0.161393218054507 0 0 0 0 0 0 0 0 0 0 0 0 0 0 0 0 0 0 0 0 0 0 0 0 0.0624738512737023 0.103121274115167 0.128599787464522 0.0927281832037821 0.0514397952370101 0.00243035094635835 0 0 0 0 0 0 0 0 0 0 0.18461241910818 0.430272029813334 0.57501461183325 0.69051720032543 0.726685777897709 0.71203181282383
-9999 -9999 -9999 -9999 -9999 0 0.0686755329833201 0.399670652494436 0.61329557150934 0.618949784122575 0.451765582693428 0.250944155375998 0 0 0 0 0 0 0 0 0 0 0 0 0 0 0 0 0 0 0 0 0 0 0 0 0 0 0 0 0 0 0 0 0 0 0 0 0 0 0 0 0.0631638912265312 0.336905598224741 0.505692553230301 0.634830246464337 0.689871733665412 0.681963635238196
-9999 -9999 -9999 -9999 0 0.112995338878163 0.406360372655528 0.581607477589295 0.672278982726717 0.637662048137837 0.340364825257868 0.195079087494523 0.0787901840958724 0 0 0 0 0 0 0 0 0 0 0 0 0 0 0 0 0 0 0 0 0 0 0 0 0 0 0 0 0 0 0 0 0 0 0 0 0 0 0 0 0.237928628368949 0.415941947712221 0.552046560681126 0.614347545734231 0.627192997566983
-9999 -9999 -9999 -9999 0.225251612938932 0.432454267006052 0.561913031010341 0.674782292258753 0.696735779178305 0.591038663452464 0.279885888792136 0.199142317433358 0.21177339110228 0.07270011769519 0.0179133094109271 0 0 0 0 0 0 0 0 0 0 0 0 0 0 0 0 0 0 0 0 0 0 0 0 0 0 0 0 0 0 0 0 0 0 0 0 0 0 0.110431029521803 0.284419471717288 0.429026545857346 0.495347971440593 0.535433958742999
-9999 -9999 -9999 -9999 0.427305315279739 0.497095743394123 0.564736282981243 0.676910286041289 0.689117231479082 0.559387033933263 0.303267449125067 0.242000112224707 0.255900429404698 0.16485710790011 0.153479827307522 0.130896728781918 0.133989340626015 0.110992846525895 0.0780678265737001 0.0660403045164565 0.067965893023158 0.0817642981857102 0.0721863281899831 0.075661813459771 0.0552317233732841 0.0552160134437422 0.0523024947964229 0.0231762854258249 0.0174857000906355 0 0 0 0 0 0 0 0 0 0 0 0 0 0 0.0172470587799759 0.0211648159709612 0.0483923681426436 0.0582187046435086 0.05081648508014 0.0705269107752334 0.0609704858257352 0.0743783870253898 0.0868647886436322 0.0615550448230687 0.0614582417334156 0.141516940388965 0.275356637792157 0.344477559836349 0.393774741904203
-9999 -9999 -9999 -9999 -9999 0.504668803532868 0.574825900236688 0.683189616934691 0.677700598025895 0.567452490050076 0.342661993427656 0.300647753504749 0.294499853950772 0.291490437661064 0.28001186396135 0.256756754497296 0.257746928913563 0.257732415931034 0.242760404222517 0.24048500795135 0.238214474277422 0.247100010426295 0.253681872430826 0.245377454056625 0.240963412710493 0.225521599299487 0.217232666427263 0.202605525076784 0.178159228907516 0.159542214308536 0.129571409202092 0.11207084692922 0.0983339349194455 0.0757277951638468 0.0714642699045641 0.0621174603006671 0.0657635105197666 0.0858889775915183 0.0957488286087392 0.127033133443258 0.148664808712132 0.173788726508972 0.209561208595222 0.226910805926116 0.251270622673716 0.256785256798036 0.260897891924529 0.267432025666928 0.265223957665226 0.267350633270063 0.25876470792031 0.255706433493641 0.24745685025446 0.224449209585284 0.200699237340662 0.163728686103875 0.134076867376319 0.157460124979922
-9999 -9999 -9999 -9999 -9999 -9999 0.585708606607521 0.696658782447276 0.687477106091445 0.570458525854496 0.372501662008303 0.352459604652732 0.33407078045287 0.315178567055046 0.326540940364331 0.344217074242708 0.346219940640918 0.349178195182837 0.344194930722973 0.348994463816386 0.360201029841285 0.36922361456834 0.369317272580796 0.373771215045888 0.361710814659517 0.355822747287159 0.347927834409682 0.323546846661795 0.312030570597357 0.283559465288654 0.264346969550849 0.245864237444857 0.225972474277338 0.21794253081499 0.208857777797689 0.2154448764454 0.219284233607053 0.230974964698594 0.259933227441471 0.273119768252962 0.30706189392921 0.333012228829139 0.354351549790158 0.384575435617117 0.389180128488746 0.406293678718519 0.410061379806425 0.406322468509115 0.414826524167017 0.405519754171817 0.404361073604561 0.402884475626075 0.383191460069349 0.378666961411056 0.343844225248248 0.323207063328562 0.292335480785864 0.25686231026198
-9999 -9999 -9999 -9999 0.53039928054559 0.562826728816258 0.63601480030765 0.658264094103326 0.642425669046108 0.544788414002846 0.387331205410783 0.369028332536713 0.366300567822728 0.371487324375257 0.373641986926712 0.395223608909422 0.421789892011086 0.43587026969728 0.445101737752755 0.459261468203481 0.468935870334209 0.47884637397274 0.490026310399638 0.490986888817196 0.490488808623274 0.482548840211938 0.475272735338363 0.463234459305738 0.443507665854852 0.426685386127091 0.404363677706223 0.391519886628672 0.38278158670926 0.37047898508408 0.372679175863732 0.371830588655823 0.379542696935222 0.400100690949445 0.414685975013429 0.441257143329664 0.462976146888103 0.482900751289284 0.507800515409426 0.514342367872707 0.508120754058836 0.505125222004638 0.508076796273685 0.519488441753692 0.533817980262228 0.554570858868646 0.547873024692784 0.543195747742519 0.534568872090397 0.519063961147739 0.504982463796752 0.482445442785075 0.46679931620697 0.453188413783172
-9999 -9999 -9999 0.541985358264838 0.568770471694052 0.572536816278716 0.61125981248617 0.626011434661551 0.611303474195533 0.513596782688724 0.392890324384496 0.383973784241727 0.402640340412879 0.438647226597925 0.420904297214358 0.43564704937581 0.458194293907892 0.485737200397958 0.507504403330939 0.518467828365241 0.544289556378368 0.559867450794172 0.567412311077112 0.578652331029107 0.57625657913913 0.58002680395519 0.578434024215993 0.561345180802606 0.552680903647625 0.537596978629935 0.52449230070946 0.515604962339232 0.499737627464371 0.496993233225795 0.494270336427601 0.499619627407605 0.50524103959219 0.516193480040968 0.533178547035489 0.54847993989052 0.545173077844813 0.523926025897997 0.508384608377539 0.492603225469354 0.492677205829921 0.492110973601121 0.495705773477856 0.505821121629047 0.515390898248499 0.535960881935414 0.558078534765373 0.576438506942455 0.59529954500208 0.608176873244455 0.614430995373856 0.615266277038663 0.607151622645934 0.591393378178243
-9999 -9999 -9999 0.604299024625159 0.551520283713464 0.571082256626595 0.59303844609721 0.590457435167874 0.549392993606193 0.478499524704 0.427194422414923 0.438084763361715 0.442445323294006 0.450886471413338 0.441788229607901 0.470161126215175 0.501645628799175 0.537543201333933 0.5546012518016 0.572654384415588 0.594903222504479 0.610892079650534 0.631472180089026 0.642447076895964 0.650242913350024 0.653291173855843 0.653141269844172 0.650293985150092 0.641195244669353 0.63260505705064 0.619394799253429 0.611433480547057 0.605719068176267 0.597660239093371 0.59809414042283 0.596660724657207 0.601168495733694 0.614031596237433 0.592661428035498 0.56744115655018 0.541771595375725 0.522304914433372 0.509740359014301 0.49894783499541 0.496888975011828 0.496669616517261 0.499530208393788 0.506806324816195 0.514441528457815 0.527144682719663 0.539790697241205 0.551783478629921 0.562821187014703 0.568841047905348 0.569807147433474 0.564100858938853 0.552110767745066 0.534110834882273
-9999 -9999 -9999 -9999 0.608594393546365 0.583336779569561 0.599390324735039 0.534742208692332 0.514066295305511 0.467031322075009 0.431159942214665 0.455429292951788 0.450389801537262 0.459270225324893 0.445602844636952 0.505711658455462 0.550279659774014 0.577384960748611 0.586210377513436 0.612628081889849 0.637402940632364 0.660796499646672 0.682042014831632 0.692877117377699 0.703219156891521 0.70915570741873 0.713934675404455 0.714846342832797 0.710192390274579 0.708235357796741 0.699675675633893 0.696838807346461 0.693601308034113 0.686794887394055 0.68832224309767 0.68365218870102 0.656844826190087 0.628326251738083 0.596718443637111 0.576283592418324 0.552561321591889 0.535437370002098 0.524660610525495 0.512906449427041 0.513069206220287 0.511619460172682 0.512529068882306 0.516620209723566 0.518113321713437 0.524923065942835 0.529067042212514 0.532471053464835 0.536439682828998 0.535114223787145 0.529584097677999 0.519353716791614 0.50386685642433 0.483684476022885
-9999 -9999 -9999 -9999 0.613671736678086 0.585784597990272 0.576482238272018 0.541056399893908 0.506618206966586 0.487137212988498 0.439929497191177 0.411925883315889 0.414879305256547 0.405756985881018 0.449449376444962 0.524115601129567 0.575480316576038 0.59775887408075 0.615357710896732 0.636068960497913 0.664903289146096 0.686701340049737 0.706879271856278 0.721662356360175 0.733026292477389 0.741649127815086 0.746285388927659 0.749590148191991 0.750001963190557 0.749536179854343 0.747312767313432 0.745854792495027 0.744330215241761 0.73537269039398 0.716505104165966 0.694101846206472 0.670115854401431 0.644643326378646 0.618412864707813 0.597447990816121 0.577747724224833 0.56228110348062 0.55158574930259 0.542471799312022 0.538551109221507 0.535666144178918 0.534158451332528 0.533694554118854 0.53193183079313 0.530704241042819 0.526885563144037 0.52292893204926 0.517239923027567 0.507729922539452 0.497667140797187 0.482705729303568 0.464885555265976 0.443937760603138
-9999 -9999 -9999 -9999 0.565076461913457 0.576112980992008 0.566218564329926 0.550942304026645 0.534090744520741 0.508247922495695 0.47695184089625 0.438066005254783 0.408756323187897 0.395730077796582 0.425970105972938 0.511127711867351 0.571996466182749 0.617088779102892 0.636585600789626 0.66445616822933 0.688471327917817 0.705010662419312 0.725188081481266 0.741554933443627 0.73631717358588 0.726026138520813 0.730869706189409 0.748001072593635 0.765317986681893 0.767454198727791 0.766274653506966 0.766702269937221 0.764521128840278 0.746874194466818 0.731429710517926 0.710548979373595 0.690455641149302 0.669327593601115 0.644649558273683 0.627625163546409 0.608535207209088 0.594306129000707 0.584897421603525 0.574130420750547 0.569654985329652 0.563432345498827 0.558565513851543 0.554799886596774 0.548050886968889 0.541242595444753 0.530672389134851 0.519217108693085 0.505618173323552 0.48830181899239 0.473849177163873 0.455104221717254 0.435366584341583 0.413435254412453
-9999 -9999 -9999 -9999 -9999 -9999 0.500333121257436 0.55798066181475 0.601610831550582 0.565388276882866 0.490280175800691 0.476191997579637 0.451162243582411 0.426853696800952 0.418292160831162 0.460768354133734 0.532720532719871 0.617546713384032 0.667367687431071 0.684215351585717 0.665512917222181 0.664965735480921 0.689451759641451 0.708643670693491 0.703634044290313 0.691020245464643 0.695060550440984 0.712339660851234 0.728467250238864 0.733363293111851 0.734565487481311 0.742858212645117 0.755645347257515 0.76412320830636 0.748926440781613 0.732139853203944 0.714016695377571 0.695593157871111 0.676544740482804 0.659218010420693 0.643150320125132 0.629079532050693 0.617234257558921 0.606811049582157 0.598256215669974 0.590417530362472 0.582682450309962 0.574148804840906 0.564542427534611 0.553067616277655 0.53872850067517 0.522562097068649 0.502895803662513 0.481398563587237 0.461709188308604 0.439507655200738 0.418681134525329 0.397470776837354
-9999 -9999 -9999 -9999 -9999 -9999 0.545165688153584 0.573692504935873 0.647000197963162 0.531081160332162 0.420907913342 0.416267514747448 0.491426940069241 0.455889006557491 0.439603610079704 0.46677598784334 0.525649286350055 0.62211038934678 0.689296231486115 0.665847074510473 0.628949470027609 0.627096645056066 0.657649757392195 0.67926985645851 0.674683234300011 0.658361366428386 0.661570917395664 0.680254632918415 0.694318389839726 0.698819332320854 0.697161541283386 0.705702870832402 0.721010262768555 0.733974923993227 0.74062990092719 0.744529977950366 0.739422424222742 0.72384331028735 0.706059705122122 0.692538421878339 0.677341561717315 0.663538760100991 0.651264195530981 0.638301074866928 0.628060409482292 0.616455738071411 0.605049240922709 0.592975775207662 0.579838265347488 0.566010897338926 0.548491110467182 0.528415961235633 0.504542364371173 0.479559922960598 0.457887820214892 0.434242943723354 0.413840612984457 0.394013876352715
-9999 -9999 -9999 -9999 -9999 -9999 -9999 0.587926777503994 0.665202784263938 0.521943054600946 0.35605511493116 0.321953327198601 0.413100095217388 0.493517489091034 0.48670493661383 0.517433235513905 0.567801714310496 0.632771808272415 0.662071073148792 0.635914241764133 0.603654291287678 0.600546284449452 0.627296782174932 0.64997409673902 0.64588307165483 0.633258644571362 0.635904902031919 0.650708488777968 0.663677048831665 0.666167179595969 0.664658266259212 0.671965384695418 0.685293120216397 0.697933940670515 0.704811450129293 0.709829664971138 0.717773180997396 0.72586571708566 0.73440861623174 0.720036673233213 0.706685619442401 0.693778178795493 0.679990681347229 0.666900284987823 0.65307336659271 0.639543403142574 0.624972505491408 0.608246722401329 0.591760244080675 0.575348548500466 0.557846155727347 0.536103300854991 0.509305300690273 0.482884412050798 0.461621057522708 0.440364858913131 0.421657673803325 0.404063045708637
-9999 -9999 -9999 -9999 -9999 -9999 -9999 -9999 0.632135549511971 0.542182110045875 0.327102009259988 0.270516663561811 0.352319752944587 0.518382362650996 0.552454526289207 0.580219750007953 0.608740141253058 0.624601935869406 0.634501162517653 0.613348670424745 0.580963405639622 0.577835751903647 0.602943210131323 0.62246713993484 0.621394293790432 0.611385005235545 0.614443754026805 0.627064400742471 0.636627174656448 0.638783429737648 0.635317721962625 0.640690402918573 0.652263665378843 0.662024483596745 0.669139958791601 0.673708015790361 0.682191225561625 0.692418890107186 0.701610069869001 0.707381565080063 0.71243294906435 0.719091765891092 0.705184369028042 0.691802319045181 0.677387918220623 0.660956948212498 0.643602028650405 0.624014351629454 0.604491642114264 0.586319072658863 0.566789923986663 0.544485033589598 0.518855277475043 0.493758987015044 0.474688410374136 0.455602338210433 0.439535310404615 0.425136741494184
-9999 -9999 -9999 -9999 -9999 -9999 -9999 -9999 -9999 0.583505627769423 0.341404800073191 0.253034156461993 0.315085937786566 0.465846821232395 0.61831015121392 0.612069015924176 0.58318267585666 0.604956052315074 0.610157772943555 0.594243443892206 0.567415034012529 0.562120577989972 0.580365648230074 0.593633872573497 0.597220467948329 0.594840587173834 0.598816492888469 0.607494446675551 0.613777853357424 0.61627600935002 0.614445088274264 0.617265909777387 0.622531850936606 0.625839450387725 0.634097330286698 0.638707822381632 0.647641165056776 0.658325905996499 0.666371836945712 0.67603281833096 0.68114960018428 0.691086569201656 0.705821628208464 0.711821910838901 0.696300488250741 0.679937675149915 0.661485019441395 0.63946207691234 0.617578154300052 0.597468919596954 0.575746558863502 0.554282562111797 0.532336382306656 0.511343553780695 0.494370629734256 0.479452046143918 0.465795809622383 0.452505708630777
-9999 -9999 -9999 -9999 -9999 -9999 -9999 -9999 -9999 0.589052226024761 0.382911047190129 0.277344847676883 0.300703546728865 0.42158133678609 0.609636252393517 0.63067276180833 0.597860758132603 0.60196946615216 0.599686712150061 0.585719867939636 0.561807874652647 0.554302365881048 0.563886151075104 0.571683574278525 0.577184327403544 0.579169144155852 0.584336765617378 0.591477847140807 0.595623792510596 0.599715481601115 0.59972239079999 0.601788014732524 0.603965771564833 0.603831665147324 0.610045979840446 0.613993779071222 0.622137691999729 0.632630214018124 0.64008910206367 0.652683842141172 0.660369845290422 0.670153275054049 0.68173653501806 0.685571317046422 0.681888232927185 0.672311727902676 0.661995024161024 0.650755298626325 0.635867675652315 0.614629533163247 0.592085756731446 0.571808416659723 0.553129867388328 0.534533841133015 0.519777960532025 0.506436100189972 0.494490343408626 0.48367048700925
-9999 -9999 -9999 -9999 -9999 -9999 -9999 -9999 -9999 0.593098274439499 0.438477416269483 0.31790409495631 0.312371384223606 0.367511518330087 0.513293150847885 0.677261093913018 0.64536838569748 0.631494213493985 0.60397336035704 0.589324450715962 0.570541564445152 0.55644187532533 0.556536553899116 0.554999064390143 0.561384272906186 0.566911213235423 0.57188253821563 0.57687283569592 0.579758740210615 0.584799737016085 0.589766721535515 0.591518596762387 0.590510611254975 0.590654131183179 0.592734871391248 0.597414944906829 0.604466631850498 0.611549466821882 0.62321932193991 0.63737023930388 0.649614739423368 0.657815821322443 0.660078415094828 0.656327356055391 0.65329936249937 0.647872212241778 0.641312051047227 0.63483339013497 0.630200771769672 0.626084507171047 0.613472477984691 0.594260012977432 0.576952170890888 0.561848842959319 0.547050995317425 0.534389485273089 0.523494626239073 0.513479030515875
-9999 -9999 -9999 -9999 -9999 -9999 -9999 -9999 -9999 -9999 0.518053549308934 0.397495723252928 0.344214543795672 0.355081658223131 0.424549058625761 0.547961433706666 0.609869663666367 0.686029766136911 0.648742808708843 0.616556868440161 0.589904744447318 0.566945161728016 0.557081741543122 0.551593904847945 0.554527557548579 0.560131699264675 0.563631160175186 0.565871132010511 0.566464476219936 0.571585019736653 0.575881107432665 0.578120039095321 0.578132033813717 0.5770018098329 0.57714723033634 0.578884856964178 0.585581990506528 0.594015198211215 0.607448574125643 0.627271209098632 0.644008231600212 0.650582624767659 0.645667701877473 0.635232218937954 0.628509835489834 0.622744107469892 0.618407136104074 0.617905792621315 0.616579884208831 0.612554570812001 0.60970493725335 0.609338183385195 0.604316370066346 0.589370312333946 0.576577322404406 0.564353306831054 0.553823076817808 0.544999398860153
