meets/meet004/_saidas_enm/CCSM_Maha_6k_Aralia_warmingiana4.asc
NCOLS 154 
NROWS 168 
XLLCORNER -112 
YLLCORNER -55.5 
CELLSIZE 0.5 
NODATA_value -9999 
[rows 100 to 124 of 168, columns 56 to 111 of 154]
-9999 -9999 -9999 -9999 -9999 -9999 -9999 -9999 -9999 -9999 -9999 -9999 -9999 -9999 -9999 -9999 -9999 -9999 -9999 -9999 -9999 -9999 -9999 -9999 -9999 -9999 -9999 -9999 -125.162234303074 -104.396462163355 -149.98541267402 -217.514897108976 -282.833506358363 -313.211595677821 -289.587742623044 -235.555539963879 -173.490824081816 -113.548535713406 -57.5613655990634 -20.7203737444148 -2.4419621465527 -3.91703714084904 -6.35574419926309 -7.90944329024184 -10.606045554248 -10.5453005936338 -8.68051947954179 -7.05254676996226 -6.84707476831744 -6.99167813640458 -7.38987154462599 -8.67505866013019 -9.94418083775819 -10.6753762911794 -11.4691605397276 -10.0825205925513
-9999 -9999 -9999 -9999 -9999 -9999 -9999 -9999 -9999 -9999 -9999 -9999 -9999 -9999 -9999 -9999 -9999 -9999 -9999 -9999 -9999 -9999 -9999 -9999 -9999 -9999 -9999 -9999 -130.223422104451 -117.038710612302 -169.039262672631 -224.427491433154 -268.491512963274 -289.779714706053 -265.373232782173 -222.771457260313 -159.631640898786 -102.401055517972 -49.9580625021905 -16.6983379127608 -1.18423550619717 -4.03808468612529 -5.26513410209055 -7.83310466283575 -10.2118191383768 -9.9246463890674 -6.84169444652517 -5.36569630429179 -5.39286504131447 -4.91387266921269 -4.79255729321279 -6.03806974287053 -7.70660969208561 -8.68344718144545 -9.8387173600528 -8.74681187341172
-9999 -9999 -9999 -9999 -9999 -9999 -9999 -9999 -9999 -9999 -9999 -9999 -9999 -9999 -9999 -9999 -9999 -9999 -9999 -9999 -9999 -9999 -9999 -9999 -9999 -9999 -9999 -174.510148978605 -147.405936153256 -127.704548382143 -162.909348372205 -216.841811053534 -250.131569552434 -265.340501283634 -244.825486165267 -200.154062311794 -146.8200446629 -90.7117175197105 -41.1521966267595 -12.1152729102061 -0.73133859938984 -5.29597613638866 -5.05327478278168 -7.09690262766225 -9.84073133106521 -9.03153223865935 -6.23944907579498 -3.92539563420891 -3.35726672203239 -3.34614117580457 -3.71600906679726 -4.49997739576867 -6.08409309988987 -6.76962176053501 -7.034879100117 -7.88217354078985
-9999 -9999 -9999 -9999 -9999 -9999 -9999 -9999 -9999 -9999 -9999 -9999 -9999 -9999 -9999 -9999 -9999 -9999 -9999 -9999 -9999 -9999 -9999 -9999 -9999 -9999 -9999 -182.938315062037 -155.953349136667 -128.053310635993 -163.744606216297 -213.14880536767 -236.339321446094 -250.07812431739 -229.852218761041 -188.743883831452 -132.748243343274 -77.0329016042112 -32.0248842032376 -9.68471069376134 -1.75420699872598 -6.47702400207365 -6.36415143615313 -7.75513341280533 -10.1132279215076 -9.95946811633728 -7.57836589023225 -4.42000459605549 -2.84614888715045 -2.47183100970171 -2.60838378253054 -3.14665306923273 -4.30021507875753 -4.81289422561732 -4.72711940780964 -5.24451093161004
-9999 -9999 -9999 -9999 -9999 -9999 -9999 -9999 -9999 -9999 -9999 -9999 -9999 -9999 -9999 -9999 -9999 -9999 -9999 -9999 -9999 -9999 -9999 -9999 -9999 -9999 -9999 -186.897602177198 -158.854807623469 -136.098802975822 -172.539445879907 -217.398329308878 -237.531801862988 -243.715551221971 -223.886402224667 -178.978298986443 -121.75206318548 -60.9575319480747 -22.1920669089785 -5.0291457576533 -2.43155509061508 -7.57391814927082 -8.72123504892114 -9.24027392912337 -10.3310020623099 -11.1675016863142 -8.50921694446875 -5.7869851530593 -3.84265467229872 -2.45664827259753 -2.15295849041712 -1.99018064818982 -2.49622713144993 -2.83724917353016 -3.24650546191312 -4.10379892925896
-9999 -9999 -9999 -9999 -9999 -9999 -9999 -9999 -9999 -9999 -9999 -9999 -9999 -9999 -9999 -9999 -9999 -9999 -9999 -9999 -9999 -9999 -9999 -9999 -9999 -9999 -9999 -192.200278380789 -158.495434245208 -140.025497149318 -184.449546437408 -235.005455678148 -248.649174814992 -249.670134936542 -226.941628165794 -178.468616587746 -112.925267649446 -50.3327237058709 -16.6285051158237 -2.81716231694471 -3.97938077787593 -9.05727313636066 -11.3239742314573 -10.339763649826 -10.5871798230416 -10.243707833368 -7.73460827271556 -6.23616173877414 -4.46399343406528 -2.7888198789958 -2.21657285230336 -1.79407120844682 -1.84022666892461 -2.12909164167531 -2.68305937796641 -3.54535760850833
-9999 -9999 -9999 -9999 -9999 -9999 -9999 -9999 -9999 -9999 -9999 -9999 -9999 -9999 -9999 -9999 -9999 -9999 -9999 -9999 -9999 -9999 -9999 -9999 -9999 -9999 -9999 -179.021681821509 -157.37074247277 -150.027877605939 -205.055598324442 -254.358562290798 -271.46147315843 -262.946502926792 -235.1413211056 -183.043548977854 -108.414597367024 -44.7956782475499 -13.6658766647327 -2.21837152039302 -5.73275284896651 -10.7292199381582 -13.1664190864383 -11.3378952379365 -10.3004557825732 -8.39308736863289 -7.32171023900332 -5.7572236178787 -4.58995485216906 -3.71531128572138 -2.74662252774114 -2.28365455611245 -2.04431721656429 -2.16946902096651 -2.62351686280174 -3.36458848998154
-9999 -9999 -9999 -9999 -9999 -9999 -9999 -9999 -9999 -9999 -9999 -9999 -9999 -9999 -9999 -9999 -9999 -9999 -9999 -9999 -9999 -9999 -9999 -9999 -9999 -9999 -9999 -157.415642711181 -151.701500392919 -162.290553014253 -229.136676525316 -274.115549283333 -287.819403195984 -272.260194274115 -240.860761516121 -186.188021945961 -107.269601349149 -41.8897460974028 -12.1784067129152 -3.10980250056388 -7.95373805921733 -12.4179091351259 -14.6784809168997 -13.0392850925654 -11.5751699879034 -9.47899321792623 -8.31326997006562 -6.91716956475403 -5.68962587756414 -5.07026130024025 -4.54810332763804 -3.95319832956632 -3.49219011799088 -3.29056110296532 -3.31425233688428 -2.57560662956289
-9999 -9999 -9999 -9999 -9999 -9999 -9999 -9999 -9999 -9999 -9999 -9999 -9999 -9999 -9999 -9999 -9999 -9999 -9999 -9999 -9999 -9999 -9999 -9999 -9999 -9999 -9999 -136.038785456803 -132.40921185899 -174.000169214086 -254.174500890233 -285.091514467567 -297.427125917439 -272.356245809289 -236.631500399532 -192.019066562307 -105.709772684213 -39.1891650379602 -11.8096060556744 -4.93980343537895 -11.0721646330002 -14.5212761064538 -16.2665095831736 -15.8376468249149 -14.1633159029344 -12.9260774511389 -10.6754289422845 -9.21758502006813 -7.94397021133021 -7.09954658721204 -7.07550923164362 -6.20604962755206 -5.18930478298998 -3.96878068498439 -2.82559803349917 -1.61055828037429
-9999 -9999 -9999 -9999 -9999 -9999 -9999 -9999 -9999 -9999 -9999 -9999 -9999 -9999 -9999 -9999 -9999 -9999 -9999 -9999 -9999 -9999 -9999 -9999 -9999 -9999 -9999 -121.959606559256 -129.404462256397 -177.362228895905 -245.420601049654 -273.043176040606 -275.596018388877 -245.492333263631 -212.551478434978 -170.406318981285 -95.2458996376506 -34.6791337859871 -8.84061627980311 -5.22217775157886 -13.3739141984595 -16.4632323764029 -17.9756586246485 -18.2006819323596 -16.5240007641394 -15.1945643180156 -13.151151909282 -11.6944313090173 -10.4263417601224 -9.13293534888443 -7.93540741994261 -6.73154441339174 -5.64795078806604 -4.28117091194944 -3.10223367455219 -1.81300998663737
-9999 -9999 -9999 -9999 -9999 -9999 -9999 -9999 -9999 -9999 -9999 -9999 -9999 -9999 -9999 -9999 -9999 -9999 -9999 -9999 -9999 -9999 -9999 -9999 -9999 -9999 -114.029660977535 -112.142274447334 -129.042251427776 -173.870992150812 -227.312462890611 -244.386038485574 -243.091004518773 -206.673037732806 -175.056396278695 -146.51077968688 -76.5797092355998 -29.2426037222107 -8.87974106826136 -6.46746140947793 -15.9539855070783 -18.7153994785208 -19.5256171598824 -19.9635591046639 -18.2561330449393 -16.8732468326789 -15.2182339454373 -13.3505533769857 -11.5698431656056 -9.84754342364059 -8.50254110991411 -7.26522336107509 -6.43327526884039 -5.11720636824044 -3.83229906098437 -2.60058165905851
-9999 -9999 -9999 -9999 -9999 -9999 -9999 -9999 -9999 -9999 -9999 -9999 -9999 -9999 -9999 -9999 -9999 -9999 -9999 -9999 -9999 -9999 -9999 -9999 -9999 -9999 -102.859119712979 -112.023562105647 -134.906377971046 -166.242496156506 -192.282299685564 -210.163877879385 -203.802665894111 -165.35925489125 -127.746824597894 -93.4329720046359 -48.7598540557326 -16.3614466131347 -8.04677114130026 -10.1249802985813 -18.1647674131544 -22.1179620103748 -22.0345755827483 -22.0244977392896 -21.4186530162603 -19.5044047161045 -17.2210170414205 -14.9132856025053 -12.8415279837978 -11.00102010311 -9.40513810226939 -8.08935148408324 -7.06707163516523 -5.77550653664982 -4.70486185404175 -3.41967731524201
-9999 -9999 -9999 -9999 -9999 -9999 -9999 -9999 -9999 -9999 -9999 -9999 -9999 -9999 -9999 -9999 -9999 -9999 -9999 -9999 -9999 -9999 -9999 -9999 -9999 -9999 -95.2420241448246 -121.032017700012 -147.526584824681 -161.116972799043 -163.382596144357 -173.199552883054 -168.1055734786 -127.599557898001 -83.5325333232566 -54.7748297034426 -27.2182494215736 -9.61173207155476 -9.93462458411627 -15.2718556090615 -22.4251069267048 -24.9915908970727 -25.7594599044803 -25.1040134042492 -23.9355148759531 -23.016052441249 -19.575149199274 -16.3455569907792 -13.8669324615602 -12.0435619460546 -10.4307318924013 -8.92049607216613 -7.66691366284586 -6.42171339806723 -5.56437895364746 -4.41733201450224
-9999 -9999 -9999 -9999 -9999 -9999 -9999 -9999 -9999 -9999 -9999 -9999 -9999 -9999 -9999 -9999 -9999 -9999 -9999 -9999 -9999 -9999 -9999 -9999 -9999 -9999 -93.5827907307694 -143.282236927649 -172.645816052012 -163.686167901356 -143.005260149553 -132.534704241998 -114.658023186263 -78.6948512293304 -50.3666898957796 -31.8600839505958 -15.1254495329133 -10.5449038080883 -15.3430596865526 -21.4425502396803 -25.2442726137317 -27.1939842088909 -27.3179869087594 -26.8825656687492 -25.9303790306558 -24.6618187675887 -21.5164941145903 -17.9226690483066 -15.2621453365625 -13.4523939794634 -11.8660998853722 -10.0242330375728 -8.89633188134059 -7.7216205327039 -6.8857694024794 -5.85371478937298
-9999 -9999 -9999 -9999 -9999 -9999 -9999 -9999 -9999 -9999 -9999 -9999 -9999 -9999 -9999 -9999 -9999 -9999 -9999 -9999 -9999 -9999 -9999 -9999 -9999 -48.9960367479962 -96.7337382494629 -175.73912257467 -203.80468033095 -160.826859120456 -123.636076195616 -96.867040715531 -72.4719109898832 -44.6510717989573 -32.0497774903052 -26.3746216367259 -15.3688678782113 -15.285227374242 -23.5110526634412 -27.2844592983747 -29.9586761356562 -29.0386855029306 -27.9893976498932 -26.7050908413703 -26.4104076932983 -25.8022454118902 -23.6822885244923 -19.4405097552535 -16.736471883016 -14.9684677784585 -13.6242265881175 -11.7297530936579 -10.4096588025558 -8.8407883017417 -7.37555051002111 -6.31232086700557
-9999 -9999 -9999 -9999 -9999 -9999 -9999 -9999 -9999 -9999 -9999 -9999 -9999 -9999 -9999 -9999 -9999 -9999 -9999 -9999 -9999 -9999 -9999 -9999 -9999 -64.2561908284777 -104.907017229705 -166.365016258846 -183.700315705253 -147.770842652766 -105.511840228602 -73.5603975796344 -47.4173805264759 -29.204402634232 -24.4760564014635 -21.9818357770197 -20.5782936112835 -22.195912517089 -28.0168825983027 -30.2630137880559 -31.4994918070861 -30.1700345103434 -28.6586255572447 -27.2421253978955 -26.4820768195595 -25.8572607559542 -24.0778759126209 -21.8349733195609 -18.7647340985775 -16.7354048283797 -15.0015933082374 -12.6669754710774 -10.7745490711267 -8.90326416007889 -7.41975784457383 -6.19678571852115
-9999 -9999 -9999 -9999 -9999 -9999 -9999 -9999 -9999 -9999 -9999 -9999 -9999 -9999 -9999 -9999 -9999 -9999 -9999 -9999 -9999 -9999 -9999 -9999 -9999 -69.0588185004655 -107.53150769623 -158.327318249716 -165.406856215996 -128.88424314516 -90.9073075042657 -58.4974036065403 -33.7056190595856 -24.9766226829222 -21.7258820809516 -27.412920369606 -25.8983650349736 -26.127693485259 -28.9629362161764 -29.8252953240707 -31.4586460110843 -29.5190941591058 -28.5481686896123 -27.443953734998 -26.8118097493758 -26.2542608237777 -24.4307377462156 -23.6409463979328 -21.0026705623967 -18.1815248619504 -15.6176704575997 -13.3332134162953 -11.3775948946544 -9.49057427701758 -7.8238683117978 -6.49595899002832
-9999 -9999 -9999 -9999 -9999 -9999 -9999 -9999 -9999 -9999 -9999 -9999 -9999 -9999 -9999 -9999 -9999 -9999 -9999 -9999 -9999 -9999 -9999 -9999 -9999 -65.0338297851197 -105.093848043534 -149.917392211657 -150.788826362395 -115.54683413444 -78.06259986864 -48.7994017885436 -28.9889517545102 -23.2541885275238 -25.2294511854896 -29.681052655636 -30.0212774701764 -28.5774599886111 -27.7822994316039 -27.6878170871713 -28.2259053776195 -27.8809319458519 -27.9776881162093 -27.7821655566146 -27.6189425445252 -26.8748107959437 -25.4065461540008 -23.8768430309572 -21.6693531247019 -18.8543566887571 -16.4406218252289 -13.9504632943922 -11.898945717334 -10.1535195858313 -8.62209567855428 -7.41352476753784
-9999 -9999 -9999 -9999 -9999 -9999 -9999 -9999 -9999 -9999 -9999 -9999 -9999 -9999 -9999 -9999 -9999 -9999 -9999 -9999 -9999 -9999 -9999 -9999 -9999 -62.0060930014189 -102.085263509252 -147.972959610112 -142.626026404271 -103.994237536225 -69.8162295166827 -41.9403235627095 -28.8357490086261 -24.4732240109338 -28.6850459630917 -33.7370803291211 -34.3408605908228 -35.1490224019243 -33.5284793526104 -30.15011417799 -28.8737780633021 -27.8873418913293 -28.5816030208093 -28.8665810210326 -29.0204483162042 -28.3459502716641 -25.8979736002507 -24.0533064594882 -22.3630947381822 -19.8610718970388 -17.6415129356245 -15.1633101715683 -12.9437660643329 -11.1875156550392 -9.67516580063208 -8.68008101990871
-9999 -9999 -9999 -9999 -9999 -9999 -9999 -9999 -9999 -9999 -9999 -9999 -9999 -9999 -9999 -9999 -9999 -9999 -9999 -9999 -9999 -9999 -9999 -9999 -9999 -67.776794975077 -104.363464782229 -145.040710069164 -136.438842331512 -95.0254724375959 -60.0698262288346 -39.3237779167931 -29.034208091343 -27.2403276945374 -31.3770851359287 -36.2865851613453 -37.7675912953233 -38.487560553336 -37.3036033917953 -34.0244679136726 -31.2525120875436 -29.8061180698072 -31.1721307029639 -31.7501136498472 -30.3794353353408 -28.1209980523805 -26.3672668814756 -24.844049583517 -22.9819389135959 -21.1015127891968 -18.6595840399183 -16.2303229178463 -14.1899894236809 -12.5575367378626 -10.9676309622858 -9.63291579650224
-9999 -9999 -9999 -9999 -9999 -9999 -9999 -9999 -9999 -9999 -9999 -9999 -9999 -9999 -9999 -9999 -9999 -9999 -9999 -9999 -9999 -9999 -9999 -9999 -9999 -69.1897966396213 -103.97262843323 -148.403347509961 -137.40711562947 -89.2492965380354 -55.7376620538627 -38.9169280520797 -31.1667444752337 -30.2071406222633 -34.1145085870182 -37.984347105057 -39.2727778636585 -40.5826325312275 -39.9366191394924 -37.2443120880323 -34.1006763136759 -31.7458449015898 -33.1820836611296 -33.403561444394 -30.9643739476049 -28.3090543913101 -26.433339004663 -25.3351457013751 -23.8067332676413 -22.7196122477247 -20.2637982112241 -17.902899108937 -15.7256193427161 -14.0279655936678 -12.0974170059028 -10.6904548846574
-9999 -9999 -9999 -9999 -9999 -9999 -9999 -9999 -9999 -9999 -9999 -9999 -9999 -9999 -9999 -9999 -9999 -9999 -9999 -9999 -9999 -9999 -9999 -9999 -9999 -70.4183554467419 -104.99832320689 -153.411884418839 -142.136960896439 -91.2384197420957 -57.4064602382066 -41.5980512035712 -34.2664473560465 -32.6815860338203 -35.4120061458312 -38.8292008606217 -40.9529424793794 -41.8323719362742 -41.5424339027646 -39.5834759976897 -37.1671328128971 -33.930671627822 -33.9955976041997 -33.8672130840166 -31.743535542816 -28.8879275535292 -27.365892455046 -26.2972286152039 -24.8879696682252 -24.0840702933995 -22.0937458036474 -19.3581095200335 -17.0344750235893 -14.9999390735183 -13.2966178917027 -11.9256609711603
-9999 -9999 -9999 -9999 -9999 -9999 -9999 -9999 -9999 -9999 -9999 -9999 -9999 -9999 -9999 -9999 -9999 -9999 -9999 -9999 -9999 -9999 -9999 -9999 -9999 -70.1289411099233 -103.011670356847 -153.042942111477 -148.262929821726 -95.9713839231189 -60.0741046508096 -44.3035151797222 -37.8831519158138 -35.309833510429 -37.7552634026198 -41.1065521615717 -42.5180663770842 -43.496481231675 -43.2881384046233 -41.2974230783671 -38.9007942658735 -35.4500549406632 -34.7921211912673 -34.5833564827559 -32.7375049594245 -30.2392305772586 -28.5603498338511 -27.5864570898516 -26.0228286869387 -25.2599274306108 -23.3676604659506 -20.6156301151718 -18.0717912544604 -16.2639277243617 -14.5217772587759 -13.3102203692913
-9999 -9999 -9999 -9999 -9999 -9999 -9999 -9999 -9999 -9999 -9999 -9999 -9999 -9999 -9999 -9999 -9999 -9999 -9999 -9999 -9999 -9999 -9999 -9999 -9999 -71.1459708355423 -104.32525843313 -151.793215562539 -152.316645024372 -103.74649196078 -65.3199768681524 -47.9870805184271 -41.2270076591001 -37.8204675784784 -39.8544539607613 -42.8212840595074 -43.8773384023733 -45.0816303677422 -44.3389128328303 -41.8930331910202 -39.6414515879832 -36.4171539379778 -35.6200830169315 -35.2358733442002 -34.1002957181841 -32.3059118173514 -30.453582568084 -29.0207486579153 -27.3342646543356 -26.1794755867876 -23.966278428072 -21.6964767100939 -19.761063898247 -17.8534186962406 -16.1427265574971 -14.6668908283881
-9999 -9999 -9999 -9999 -9999 -9999 -9999 -9999 -9999 -9999 -9999 -9999 -9999 -9999 -9999 -9999 -9999 -9999 -9999 -9999 -9999 -9999 -9999 -9999 -76.5981168733518 -72.6152670031945 -105.370413130027 -153.548534728345 -161.302365015629 -116.456425749101 -73.6036992091969 -52.9865374555296 -44.725305672087 -39.5708520202727 -40.4482293365599 -43.4566685767202 -44.1130437057437 -44.5841504429857 -43.5570805562581 -41.1775572921723 -39.3594854780045 -36.9268870859952 -36.5995287367613 -36.2145571526432 -35.3109518959235 -33.9923861854054 -32.4388336664447 -30.8338565358962 -28.8449715112942 -27.1491012429442 -25.7408376581682 -23.5170178936453 -21.6891994999283 -20.1174431924222 -19.457881229965 -18.9204910184177
