meets/meet004/_saidas_enm/CCSM_Maha_6k_Cavanillesia_umbellata4.asc
NCOLS 154 
NROWS 168 
XLLCORNER -112 
YLLCORNER -55.5 
CELLSIZE 0.5 
NODATA_value -9999 
[rows 75 to 99 of 168, columns 56 to 111 of 154]
-9999 -9999 -9999 -9999 -9999 -9999 -9999 -9999 -9999 -9999 -9999 -20.8922688652153 -3.75384456798873 -7.85473613370817 -9.66233447646438 -7.76173292263612 -4.9455460620073 -4.80214367930492 -2.74156375920339 -2.29905085467559 -2.76224444328401 -4.2445929315674 -6.66627765454868 -8.00662920207523 -7.8407852900781 -7.83385462337144 -7.61331949159804 -7.46546483282692 -7.40883125653073 -7.04141754428851 -7.09610787138616 -7.01411247787651 -7.20916660892714 -7.29739018549298 -7.0493231796592 -7.06767818014898 -6.60918342846818 -6.44451368242186 -6.02324601694575 -5.37878248720455 -5.03229955227824 -4.3697804691173 -3.9598844911948 -3.49067670841114 -3.17561561829633 -3.45066505670378 -3.85968316359375 -4.57618793686407 -5.44257462498074 -6.41133236595786 -7.50287948574659 -8.2232831734261 -8.90174600272529 -9.1607643440288 -9.51349706069181 -11.2887416428639
-9999 -9999 -9999 -9999 -9999 -9999 -9999 -9999 -9999 -9999 -9999 -23.8827303392881 -2.56991608749379 -6.39676820648071 -6.98191030720681 -5.569586296832 -5.3941495642746 -4.32524184988065 -3.80760802147933 -1.76498628440831 -1.55663637221471 -2.78039340659995 -4.84574503546245 -6.40677613690475 -7.02932585921749 -7.48199016653336 -7.61864412086951 -7.44645005475752 -7.40276494451391 -7.30588055292675 -7.56395717013607 -7.52750323863271 -7.73779455285188 -7.86574825017634 -7.49645462533451 -7.61165809390934 -7.32083826967285 -7.0841400473019 -6.81736313888864 -6.22979449425235 -5.96503575257126 -5.44965767794548 -5.14222917241523 -4.7015950560575 -3.93010477752976 -3.64806801236437 -3.87056961836592 -4.43646227151497 -5.20393372659322 -6.08479189205557 -7.06277715081918 -7.76962089660003 -8.43853567440528 -9.11083689562496 -10.8293885071183 -12.7556607733896
-9999 -9999 -9999 -9999 -9999 -9999 -9999 -9999 -9999 -9999 -9999 -9999 -6.4390145245644 -2.61192487904792 -4.33757790523061 -4.79471552440188 -4.35594797753295 -4.12422063237031 -3.47913327933385 -2.34639143917049 -1.85906827820528 -1.71002773350824 -2.97326623100893 -4.5770465840146 -5.62097843817819 -6.82217550326533 -7.01252104509333 -6.80429360208874 -6.91473086628057 -7.07525249182123 -7.46853378682524 -7.50776818811749 -7.66962033704772 -7.82817337295395 -7.67110270418135 -7.78672655334491 -7.69996190302855 -7.62442923279425 -7.40846723976956 -6.90263122733801 -6.61811309639968 -6.2439171995883 -6.13380992677266 -5.83566787477643 -5.1792116515949 -4.82937626212184 -4.72181644721466 -5.0317840659354 -5.55712799378896 -6.19568883658802 -7.06042591238176 -7.79099362833603 -8.80821236377014 -10.3572570307384 -12.0304216505788 -13.8017835162589
-9999 -9999 -9999 -9999 -9999 -9999 -9999 -9999 -9999 -9999 -9999 -9999 -22.5543652658665 -5.40235527424156 -2.80243631220211 -9.59773543269543 -7.94039134405197 -5.11759300560428 -4.19272865810693 -2.89474652439806 -3.33354241766757 -2.88959421668733 -1.45111175570331 -3.02796792636169 -4.40135235852842 -6.67705665119772 -6.13455684678781 -5.73149446577296 -5.81693839344533 -6.2531148911975 -7.01496978386365 -7.02497860638325 -7.13159085742668 -7.37228300404058 -7.35805638701424 -7.74800231137911 -7.92620704735972 -8.19897053113196 -8.14449021291169 -7.40883030970417 -7.07055953365776 -6.89632490646362 -6.96536159135792 -6.85914473101008 -6.23280682082985 -6.25615152737155 -6.18523124494736 -6.21940740361281 -6.64899529182035 -7.12158692718646 -7.97392137909832 -9.03979592196493 -10.3769858541737 -11.830955884509 -13.3000963890297 -14.9427109312132
-9999 -9999 -9999 -9999 -9999 -9999 -9999 -9999 -9999 -9999 -9999 -9999 -9999 -19.0011136014095 -3.12373528017632 -9.64335582516612 -12.9766540583256 -11.6231414859615 -9.27752251374496 -5.49469783388076 -5.51212629620373 -2.71956696550459 -2.35975461343652 -2.57374047708981 -4.10214897348801 -4.90932400707864 -4.17544680193467 -3.95783275580628 -4.33091813233584 -4.73896960021123 -5.57973400709345 -5.88204205960307 -6.25611667577355 -6.7375857165863 -7.09366420377105 -7.78212605572946 -8.1110535077499 -8.44638243090307 -8.5591432445775 -8.23909035710618 -7.92377229967093 -7.4405302759867 -7.32297358225697 -7.27673899287462 -7.17635733510796 -7.43941804070126 -7.56994509657607 -7.83609164889686 -8.39709076103097 -8.87169665979734 -9.70096631207488 -10.6197654002558 -11.9251929920805 -13.2154335662069 -14.4108988468891 -15.6942480886003
-9999 -9999 -9999 -9999 -9999 -9999 -9999 -9999 -9999 -9999 -9999 -9999 -9999 -27.009821022771 -5.96007028139855 -15.342517583135 -17.1318544396798 -24.4106308950083 -25.4689251072192 -17.3394136910354 -11.3035099882539 -6.63892988139442 -3.08227726609722 -4.43535922134597 -5.37033764662919 -4.22311677215568 -3.55837321473248 -2.70164626323528 -3.4443654578331 -3.3763793948488 -4.22429326861539 -4.5675908704332 -4.92790424867462 -5.57796865732193 -6.35525676215841 -7.5609788709435 -7.58501775913316 -8.12616357523912 -8.49854437229477 -8.80751465113852 -9.11043360967351 -8.28212962320846 -7.54084738056405 -7.89064681340294 -7.9946947750582 -8.40455077237437 -8.87583924330599 -9.43251657780912 -10.2229261065796 -10.8329575933159 -11.5971117162309 -12.4198121972017 -13.4129518779626 -14.2784723575789 -15.0808563071191 -16.402757568058
-9999 -9999 -9999 -9999 -9999 -9999 -9999 -9999 -9999 -9999 -9999 -9999 -9999 -9999 -14.5112516462874 -7.17611803011567 -13.0668764307186 -25.5785946360472 -31.6833122084115 -27.2716423967035 -13.5911563741304 -2.88484050946665 -4.47851868530748 -8.38746765194081 -8.50619557221042 -9.47671283203949 -6.41948653654486 -4.36521954295411 -4.10479514904404 -2.43303193879747 -2.96601136745744 -2.7061638232791 -3.56113129027279 -4.36843038498778 -5.01145376524946 -5.88865825256426 -6.22619356193429 -6.87434028621442 -7.49434830465383 -8.01867581814804 -8.54463097180698 -8.61505727891971 -8.72582568121504 -9.12494402946639 -8.92672595060166 -9.38256147928308 -9.94251398413764 -10.8350977617749 -11.84215646788 -12.5056881299063 -13.414204963672 -14.0031054506583 -14.6815667265989 -14.9964857185145 -14.7595043605177 -15.1786687668221
-9999 -9999 -9999 -9999 -9999 -9999 -9999 -9999 -9999 -9999 -9999 -9999 -9999 -9999 -23.656347716259 -15.1507652972989 -9.91383150569167 -21.518513900488 -33.2900888893816 -31.6049544943924 -20.7639817584846 -9.72795521655765 -4.01953301609373 -6.364329978019 -9.06364400755441 -20.2724413831233 -11.8889917025311 -7.3490831590204 -4.99759003648033 -1.69806447668086 -1.75750380938989 -2.38107593826115 -2.54178387143921 -3.05906788313307 -3.72741500439736 -4.4351508919085 -4.69480903888572 -5.10969909876733 -6.33012266758892 -7.01900414559989 -8.65463000675046 -9.40438970941108 -10.0359482477483 -9.97684432173011 -9.7120079474386 -10.2836891881823 -10.9176114236334 -11.8509949257899 -12.8412799732547 -13.4110132203619 -14.829625244548 -14.780889859141 -15.2913226544631 -15.2478313081115 -14.2496485117874 -13.3645465896507
-9999 -9999 -9999 -9999 -9999 -9999 -9999 -9999 -9999 -9999 -9999 -9999 -9999 -9999 -9999 -25.9149969045022 -9.31694360525253 -14.8198057499519 -30.550294944924 -36.3273142857428 -36.7730291359347 -27.19674379521 -20.6748234147459 -14.329186322878 -10.1687000869757 -10.3657476665119 -10.4667262423753 -13.5966226137669 -15.2792953572323 -7.8413142593706 -3.7582708254659 -1.91521954993532 -2.07212995705365 -3.52064618151408 -3.68688202685762 -3.87812944570514 -4.31953940263583 -4.88283913824891 -5.30964447687859 -5.59439481185037 -6.20161725770628 -8.00389585937041 -10.0842395084854 -11.5882937548232 -10.9555478999111 -10.825060953904 -11.4347589439003 -12.1614549183214 -12.7641769046677 -12.9234945366675 -13.2642422963381 -13.7352188251181 -14.3186356365824 -14.3034109516503 -13.823606678444 -13.6557599476397
-9999 -9999 -9999 -9999 -9999 -9999 -9999 -9999 -9999 -9999 -9999 -9999 -9999 -9999 -9999 -29.80686842752 -18.3576050383238 -9.44350681214314 -25.9187810539099 -35.9216417542077 -52.668747326126 -47.121517006948 -55.0839774195958 -46.4736681764055 -31.5896607232263 -29.3741523800598 -16.9567032875166 -16.7659621395038 -12.2036569851668 -10.9842068735287 -9.38539046478378 -5.2943440861623 -2.9855058486804 -4.11311609026772 -4.3826585755217 -4.17613220000545 -4.69551656063983 -5.10410363879453 -5.12059073008406 -4.82835469976864 -4.91724646927234 -6.81410767708492 -9.80106382296514 -12.259636766499 -11.462627331814 -11.1699203265694 -11.8829849172743 -12.2171561382534 -12.5088755356378 -12.185920455115 -11.781088039265 -12.0400083837966 -12.5818050587299 -12.4835267047981 -12.4541634581363 -12.8996023499854
-9999 -9999 -9999 -9999 -9999 -9999 -9999 -9999 -9999 -9999 -9999 -9999 -9999 -9999 -9999 -34.6045936963362 -38.8272096186533 -9.68845781850235 -12.0318627722573 -25.3761062887692 -46.3619130817327 -55.873107086108 -68.0417025692045 -68.8696675184625 -55.7111639670769 -47.4438557440772 -32.8485228915264 -24.4178199890928 -12.3718490626868 -4.54228299854756 -8.24836518630566 -7.56493165400059 -6.51754910401975 -7.17020988944596 -5.91987256939652 -5.07823178530044 -5.78349508229857 -5.77936462600247 -5.72036934100952 -5.13693066925217 -5.26370863178821 -6.45144077038648 -9.7470869333982 -12.3807082885401 -13.0132510075651 -11.5571571068344 -11.7706992857803 -12.024267086622 -11.8995582193033 -11.2784771198099 -10.7861536052247 -10.2807272795405 -9.92910954450109 -9.79173392080612 -9.96035752480261 -9.84891484064341
-9999 -9999 -9999 -9999 -9999 -9999 -9999 -9999 -9999 -9999 -9999 -9999 -9999 -9999 -9999 -9999 -51.9354482901467 -33.2087033889412 -10.4254573852061 -12.022047609198 -37.2836706203832 -48.3058581284966 -68.9664244072509 -77.0442885691841 -71.9775768742826 -77.8343438804644 -57.2672823141086 -51.1812008443686 -31.5280035172978 -10.4772300531771 -4.1649510049248 -11.1108196392185 -12.8779822612053 -11.5309838747807 -8.18481392520234 -5.99462781199308 -7.17153587458729 -6.85098172336359 -6.46442454310717 -5.39705811448172 -5.36534623856317 -6.89636322547023 -10.2741809793518 -12.4115102869719 -12.3183726112802 -11.1076786664984 -10.7638040975424 -10.8261762207502 -10.6155020777243 -9.93449762503917 -9.54538581414449 -9.05292413439238 -8.36353117581182 -8.30392435692643 -8.77650956988707 -8.74548242472349
-9999 -9999 -9999 -9999 -9999 -9999 -9999 -9999 -9999 -9999 -9999 -9999 -9999 -9999 -9999 -9999 -9999 -47.0828992509934 -45.8058420010489 -13.7687315210613 -9.04392304077563 -19.2830348580801 -34.1932337661691 -49.9306697245106 -59.7460476748771 -68.3264202305231 -68.7110697570231 -66.3873949423167 -49.2628942417085 -24.5662987369699 -9.48729351669811 -7.67007925220243 -14.0082824408823 -13.9930983349696 -11.1981777691367 -8.92088073130423 -8.16653738616064 -7.67214934045246 -8.01390169558653 -7.07758829858409 -7.97535654224169 -8.68477973346923 -10.4709319701071 -11.2845017116371 -10.6734631411583 -9.36055329722402 -9.18635504834077 -8.82225407971779 -8.72698683490204 -8.79976498604824 -8.72451713916864 -8.67177959780143 -8.645212516671 -8.7658598749006 -9.11066371400277 -9.46314614518791
-9999 -9999 -9999 -9999 -9999 -9999 -9999 -9999 -9999 -9999 -9999 -9999 -9999 -9999 -9999 -9999 -9999 -9999 -9999 -60.090016270609 -23.9349578883691 -15.8418465492452 -15.3410689656832 -25.5261076898371 -38.1456828203767 -51.8780423522316 -65.5575696372951 -74.4203375167516 -64.9943595251925 -42.0920810992605 -20.8635979203329 -9.20904227092053 -9.36153000620196 -16.4779564216088 -13.7532449983931 -11.9552984535118 -9.26435051381193 -9.1871624862637 -8.77030787285472 -8.14849111895686 -9.97605849739774 -8.85766321674211 -9.14882582607378 -9.47967805591895 -8.24375893375945 -8.15035992685403 -8.21767233176624 -7.92326427601057 -8.13316342989969 -8.58997349866267 -9.01415747029811 -9.21992534114043 -9.53936677318978 -9.61114566165733 -9.76393248455939 -9.93507430751596
-9999 -9999 -9999 -9999 -9999 -9999 -9999 -9999 -9999 -9999 -9999 -9999 -9999 -9999 -9999 -9999 -9999 -9999 -9999 -9999 -9999 -62.1044725422465 -33.4182834522972 -22.90501725298 -23.9650997920914 -38.469730285839 -51.5363791709233 -67.7470136023996 -74.8986070203146 -60.1069960492625 -44.1956840133854 -22.1866953641127 -9.01660038396143 -8.44483347381842 -13.6697614765744 -13.2352701655251 -11.500524226279 -8.48013985123036 -10.0016892792226 -7.3478348909643 -6.38689418297295 -6.77385349450234 -7.3872507682833 -6.78132947367809 -7.19401670483045 -7.43002009508161 -7.56589562518478 -7.92714161958135 -8.17086130702905 -8.44021203540641 -9.03792569553238 -9.5727801376629 -9.91972398735815 -10.0921614130847 -9.90319571558169 -9.63247141397296
-9999 -9999 -9999 -9999 -9999 -9999 -9999 -9999 -9999 -9999 -9999 -9999 -9999 -9999 -9999 -9999 -9999 -9999 -9999 -9999 -9999 -9999 -9999 -48.9122302403147 -26.2056455408574 -21.70940552468 -30.5300421403075 -49.4698794428592 -65.6532460211072 -68.734540218605 -63.3297371058158 -40.7026457668983 -21.4773901823303 -9.8694113838689 -6.00000779415854 -9.35430681890874 -11.3186944969286 -10.1587436402021 -7.62609298038856 -5.31196133960142 -4.11523709733594 -4.52746514975138 -4.8748249084678 -5.43730171955237 -6.10505508902851 -6.69911308153414 -7.11664953093224 -7.45170883730063 -7.79500833269898 -8.18783901862102 -8.84888342027814 -9.4320668182897 -9.93134152941255 -10.1698505501186 -10.0384722873657 -9.64302153201996
-9999 -9999 -9999 -9999 -9999 -9999 -9999 -9999 -9999 -9999 -9999 -9999 -9999 -9999 -9999 -9999 -9999 -9999 -9999 -9999 -9999 -9999 -9999 -9999 -9999 -27.5715762383467 -15.5100071089881 -26.3089130140654 -46.6597563817538 -59.2497933325689 -64.9592856384629 -62.7137562207068 -51.2043858954682 -34.063679570405 -15.4912860288508 -6.63379097602337 -5.04882611050365 -10.2344990454754 -8.94601315738423 -7.63292987468577 -4.90623044148824 -4.25814947803464 -3.83032118376407 -4.31980443091538 -5.19413803954267 -5.89245429865981 -6.41964787116627 -6.49993569789449 -7.04503874425586 -7.79129857302779 -8.50554041614532 -9.25405841592405 -9.71270693845598 -10.0028540917355 -10.1245566733904 -10.0077161651223
-9999 -9999 -9999 -9999 -9999 -9999 -9999 -9999 -9999 -9999 -9999 -9999 -9999 -9999 -9999 -9999 -9999 -9999 -9999 -9999 -9999 -9999 -9999 -9999 -9999 -48.9855656573104 -28.5359800711632 -14.8955648387004 -25.3324864519416 -44.0560069534556 -61.6087549810453 -71.9551302754152 -74.1027980027875 -61.6153214404946 -37.3095697659202 -20.2440407446308 -9.20045119932947 -6.03327910599264 -9.75063684472455 -9.10736032748541 -8.02101136913037 -4.86223148836335 -3.48188460119382 -3.86544914488797 -4.55419254188428 -5.16440180183538 -5.72055719543004 -5.81375274978763 -6.47405085898303 -7.55913863605662 -8.46450932785926 -9.15806135535819 -9.41051987730874 -9.71087567693322 -9.88412728916014 -9.98571436581265
-9999 -9999 -9999 -9999 -9999 -9999 -9999 -9999 -9999 -9999 -9999 -9999 -9999 -9999 -9999 -9999 -9999 -9999 -9999 -9999 -9999 -9999 -9999 -9999 -9999 -9999 -9999 -24.9216166996683 -14.9019118170068 -30.4712991641761 -62.6071124658991 -75.9436564530986 -80.7453857235099 -76.5244724949755 -61.5348054757635 -46.6396910940522 -24.2744025299508 -12.5464884889731 -8.57783764253086 -11.0948272300347 -13.0763513722192 -6.49615356850889 -3.21934647595421 -3.62093547755495 -4.14385548530704 -4.62037679213222 -5.10477496895287 -5.44220829882754 -6.26273207364067 -7.62958411751736 -9.15155176621686 -9.2238282243307 -9.00531547311992 -9.19008902885456 -9.45708603479293 -9.70472264493241
-9999 -9999 -9999 -9999 -9999 -9999 -9999 -9999 -9999 -9999 -9999 -9999 -9999 -9999 -9999 -9999 -9999 -9999 -9999 -9999 -9999 -9999 -9999 -9999 -9999 -9999 -9999 -35.8742285598743 -15.8694589213886 -22.5935018115729 -48.3165873087472 -70.8296818115049 -82.186631036879 -83.9062642990947 -72.3103603596101 -55.6892546662083 -36.8332948465512 -22.2342626528149 -12.9156757982526 -13.43032938007 -12.5083371472422 -7.88626889686251 -3.04913526749623 -3.05073882484832 -3.74406715833965 -4.35570804029942 -4.94670350428571 -5.44888148169565 -6.30173221988116 -7.52063035021062 -8.5291099821965 -8.68427239884672 -8.68805660846876 -8.90173253067367 -9.03515058738175 -9.0647370766003
-9999 -9999 -9999 -9999 -9999 -9999 -9999 -9999 -9999 -9999 -9999 -9999 -9999 -9999 -9999 -9999 -9999 -9999 -9999 -9999 -9999 -9999 -9999 -9999 -9999 -9999 -9999 -9999 -18.1408490779438 -17.158055687669 -35.9729367679427 -60.8959906097999 -80.0479502338792 -88.0565961302196 -76.602960898662 -58.9157096521489 -40.6372897633468 -26.5113525460121 -14.2505376525166 -12.1280192070959 -10.7662024979811 -9.26535119378572 -3.32660736604342 -2.90420499347702 -3.5523363919376 -4.13926645780174 -4.91852386846132 -5.64177621290319 -6.48710020496875 -7.06538140493424 -7.57416758970826 -8.01052570412117 -8.55024217707078 -8.76165849847256 -8.6472616149883 -8.48799879277816
-9999 -9999 -9999 -9999 -9999 -9999 -9999 -9999 -9999 -9999 -9999 -9999 -9999 -9999 -9999 -9999 -9999 -9999 -9999 -9999 -9999 -9999 -9999 -9999 -9999 -9999 -9999 -9999 -21.1994803723923 -15.9318116045919 -30.0368539361086 -55.2226177783445 -78.1173043098352 -89.0047216455592 -78.4261895154923 -57.7700780153572 -41.1341753653492 -26.7338136402493 -15.8606103448017 -11.7711428879733 -10.3941452690019 -8.86951985400613 -3.89480039301123 -3.04237059426935 -3.95602232517926 -4.36713523116771 -4.84293471497302 -5.37962729009653 -5.97193384112179 -6.38682718646079 -6.87827139629237 -7.25829883030123 -7.90803934898914 -8.24093837085032 -8.08625820156636 -7.83824808289933
-9999 -9999 -9999 -9999 -9999 -9999 -9999 -9999 -9999 -9999 -9999 -9999 -9999 -9999 -9999 -9999 -9999 -9999 -9999 -9999 -9999 -9999 -9999 -9999 -9999 -9999 -9999 -9999 -21.1235363566699 -14.3329205923854 -28.358385532923 -53.4987293014632 -82.3483294268984 -94.6923544002607 -80.3444118280759 -57.9021128103132 -40.2041384542266 -27.8844823048028 -17.2437622159402 -11.5784778258399 -11.9354458568649 -8.07316228323261 -4.17986664500245 -3.52172396035642 -4.5810488885146 -5.84607256787197 -5.00039961949221 -5.09948980701843 -5.54541543269632 -5.82109843427346 -6.37792330684804 -6.64141907447868 -7.31676301401397 -7.50471614618791 -7.1728936195655 -7.26276951580546
-9999 -9999 -9999 -9999 -9999 -9999 -9999 -9999 -9999 -9999 -9999 -9999 -9999 -9999 -9999 -9999 -9999 -9999 -9999 -9999 -9999 -9999 -9999 -9999 -9999 -9999 -9999 -9999 -22.2514422702463 -13.988816110405 -26.8796395598696 -54.5525801375817 -83.5214622638652 -96.6297150089143 -83.7274183504283 -60.159973958704 -41.1027541437992 -27.6685632593407 -16.963172902303 -11.6524605012281 -10.7456484211576 -8.25596573238085 -4.23419108986809 -3.79939078085297 -5.33658290269183 -6.01957331028524 -5.46555756530666 -4.77122411123459 -4.77174055750632 -5.0581071350946 -5.47234667772288 -5.80403989472745 -6.00911909233191 -6.12262351274176 -6.12119961313196 -6.57383734918983
-9999 -9999 -9999 -9999 -9999 -9999 -9999 -9999 -9999 -9999 -9999 -9999 -9999 -9999 -9999 -9999 -9999 -9999 -9999 -9999 -9999 -9999 -9999 -9999 -9999 -9999 -9999 -9999 -23.4260788089289 -14.0224959556539 -28.1856423494378 -57.3038063236972 -87.0855102268396 -99.3444703231816 -84.5213503658474 -63.8059400265411 -41.3030350750398 -26.3313910049435 -16.1073894957182 -11.617908928996 -11.0766616384002 -8.51109774630295 -4.05624163505117 -4.01018723062634 -5.62647589569691 -6.82023768239265 -5.76436359385097 -4.66392329477148 -4.25945372314644 -4.31134584042159 -4.84859451107505 -4.9393003890343 -4.88468688483652 -5.108283321949 -5.48323468993375 -6.16555332602969
