meets/meet004/_saidas_enm/CCSM_SVM_6k_Cavanillesia_umbellata4.asc
NCOLS 154 
NROWS 168 
XLLCORNER -112 
YLLCORNER -55.5 
CELLSIZE 0.5 
NODATA_value -9999 
[rows 100 to 124 of 168, columns 56 to 111 of 154]
-9999 -9999 -9999 -9999 -9999 -9999 -9999 -9999 -9999 -9999 -9999 -9999 -9999 -9999 -9999 -9999 -9999 -9999 -9999 -9999 -9999 -9999 -9999 -9999 -9999 -9999 -9999 -9999 0.0734428882563478 0.084424465225 0.0784877040977753 0.0851389608520149 0.0938583092851008 0.0975408922588845 0.0904733147002116 0.0652576958299762 0.0320350422798224 0.0225013931252505 0.0236946222057806 0.00173406333303444 -0.0166925422641751 -0.00734616113775294 -0.0339634475136364 -0.0673373690129167 -0.0672139503082431 -0.0728952771574305 -0.0999240675140431 -0.0882363902646975 -0.0488548022349782 -0.0321137599342107 -0.0358994161531649 0.00843546536276069 0.0444297587778651 0.0682308438205754 0.088606478487828 0.10742573411523
-9999 -9999 -9999 -9999 -9999 -9999 -9999 -9999 -9999 -9999 -9999 -9999 -9999 -9999 -9999 -9999 -9999 -9999 -9999 -9999 -9999 -9999 -9999 -9999 -9999 -9999 -9999 -9999 0.0692040785026501 0.0851952971926584 0.0804212264154038 0.0865079960914283 0.0926631382971068 0.0950051238777048 0.0863780291106785 0.0640911408188496 0.032536511418856 0.0271714055481256 0.0236606656679665 -0.00820419038380588 -0.0261059538465914 -0.0346198007471961 -0.0620275549993201 -0.0821714781601281 -0.0630545679943115 -0.0619087938736071 -0.0854025688633903 -0.033599848994382 0.0146119596763101 -0.0309474396212034 -0.0779383930598505 -0.0381623513795625 0.00651382228941644 0.0341272822080168 0.0760950466443616 0.078301471565114
-9999 -9999 -9999 -9999 -9999 -9999 -9999 -9999 -9999 -9999 -9999 -9999 -9999 -9999 -9999 -9999 -9999 -9999 -9999 -9999 -9999 -9999 -9999 -9999 -9999 -9999 -9999 0.0700471375677235 0.0580347777362679 0.0824907380300432 0.0815396866193828 0.0860199727006329 0.0905390588041506 0.0916084928674392 0.0834053906688333 0.0615571069964259 0.0324332944724302 0.0256390304436936 0.0138807732593377 -0.0191109659586693 -0.0341799312548285 -0.0443858538259597 -0.0750556288575578 -0.09497411673251 -0.0767953138454019 -0.0627529314074443 -0.0668485720031511 -0.0309766017262762 0.00370428436355102 -0.0205760524000858 -0.0459017434990062 -0.0389417378820605 -0.00327100372446854 0.0149042236151109 0.0265184736644439 0.0217821389932724
-9999 -9999 -9999 -9999 -9999 -9999 -9999 -9999 -9999 -9999 -9999 -9999 -9999 -9999 -9999 -9999 -9999 -9999 -9999 -9999 -9999 -9999 -9999 -9999 -9999 -9999 -9999 0.0700068287782533 0.05382830639556 0.0831134195395448 0.0816595178043066 0.0852815754735193 0.0885669674488444 0.0895158284313234 0.081220276360396 0.062331248994147 0.0303131605632714 0.020601736111277 0.0041649019664356 -0.0257826531575157 -0.0320681462022536 -0.0447000000371591 -0.0706528121096242 -0.0954195319498117 -0.0754877188280001 -0.0600534406215887 -0.0573806260514276 -0.0382456536558758 -0.0191622906233703 -0.0264974397408882 -0.0409519953817659 -0.0315355464345942 -0.0170071679113633 -0.00810905574336485 -0.017297135299194 -0.0164809933494585
-9999 -9999 -9999 -9999 -9999 -9999 -9999 -9999 -9999 -9999 -9999 -9999 -9999 -9999 -9999 -9999 -9999 -9999 -9999 -9999 -9999 -9999 -9999 -9999 -9999 -9999 -9999 0.0683523174161504 0.0527040828733418 0.0820381783096225 0.0827663671825569 0.0844008264171498 0.0877170564389948 0.0891627628018861 0.0802101482759678 0.0594768260747562 0.0234387862331061 0.0152250495286311 0.00500272178737726 -0.0238249619843305 -0.0299954538116987 -0.0385693259849495 -0.0674613529525854 -0.0835786789314296 -0.0714753881051481 -0.0472287880581003 -0.0570502686572534 -0.0481598339684465 -0.0263915343148266 -0.0153025412978869 -0.0259807364668643 -0.0192949593526707 -0.0254508912326892 -0.029469504931504 -0.0290064745171618 -0.0317895904457688
-9999 -9999 -9999 -9999 -9999 -9999 -9999 -9999 -9999 -9999 -9999 -9999 -9999 -9999 -9999 -9999 -9999 -9999 -9999 -9999 -9999 -9999 -9999 -9999 -9999 -9999 -9999 0.065831887476715 0.0538974589413078 0.0849822436205371 0.080798665329171 0.0845257700162261 0.0876245176511393 0.0907618861086504 0.0783806584757325 0.0548874365954086 0.0220017057207761 0.0205776847259291 0.0126665380889453 -0.0174086898684356 -0.0250656410944245 -0.0310372518334179 -0.05106247875172 -0.0718937320127578 -0.0665143416895216 -0.0577891568081492 -0.0652889508509473 -0.0535123696836677 -0.0339061895032338 -0.00512925339831705 0.00640555143356142 0.0104650371430754 0.00370456318631784 -0.0012650604308162 -0.00272240132336105 -0.00467935950809145
-9999 -9999 -9999 -9999 -9999 -9999 -9999 -9999 -9999 -9999 -9999 -9999 -9999 -9999 -9999 -9999 -9999 -9999 -9999 -9999 -9999 -9999 -9999 -9999 -9999 -9999 -9999 0.069351810005382 0.0592510999654592 0.0867144136138172 0.0795094599027484 0.0845588064088134 0.0893670759731244 0.0932815089802862 0.0758409125455485 0.0483324208537183 0.0258373844173695 0.0256145708120218 0.0170007081961995 -0.0154297794521555 -0.0220432799402029 -0.0189270518171931 -0.0390888087622841 -0.0594729979535651 -0.0667103823632106 -0.0690057385477065 -0.0650242725094626 -0.049792810703459 -0.0229437620883889 0.00143822803839061 0.0409041392425833 0.0371333410193094 0.0506454405265463 0.0498837482573807 0.0447839711374952 0.0449174108665265
-9999 -9999 -9999 -9999 -9999 -9999 -9999 -9999 -9999 -9999 -9999 -9999 -9999 -9999 -9999 -9999 -9999 -9999 -9999 -9999 -9999 -9999 -9999 -9999 -9999 -9999 -9999 0.090538286108484 0.0729002551344921 0.0870998278423503 0.0822265101277023 0.0865824425252247 0.0910456814105253 0.0949811172014149 0.0744784040630897 0.0518498662787069 0.0340382480995562 0.0280361916316836 0.0194040920907219 -0.0114453610498297 -0.0168046963283351 -0.00821025122219221 -0.0222282850124843 -0.043473809356135 -0.0552540505233935 -0.0637055710287041 -0.063423062294782 -0.0530147325142059 -0.0275345846389329 0.0072471725472531 0.0504881179243766 0.0384435949854519 0.0419532720524259 0.0731776184460795 0.115053121925698 0.121270529003579
-9999 -9999 -9999 -9999 -9999 -9999 -9999 -9999 -9999 -9999 -9999 -9999 -9999 -9999 -9999 -9999 -9999 -9999 -9999 -9999 -9999 -9999 -9999 -9999 -9999 -9999 -9999 0.121080414869378 0.0966489679963263 0.0868115406371523 0.0876043327620685 0.0894616866084396 0.0926107633618326 0.095083039552806 0.0718761561330911 0.0603783193573355 0.0415027629971582 0.0240786496998656 0.0266856384101469 -0.00899296804169714 -0.00886814764822258 0.00264768207350469 -0.00589196339022147 -0.0207418018813412 -0.0314833500742593 -0.0363087352466361 -0.0519017040338121 -0.052862618968663 -0.0429434403123188 -0.00513576634331919 0.0207309741098607 0.0249482977617598 0.0308751260018011 0.0565545804238982 0.0965260977163008 0.150846361962381
-9999 -9999 -9999 -9999 -9999 -9999 -9999 -9999 -9999 -9999 -9999 -9999 -9999 -9999 -9999 -9999 -9999 -9999 -9999 -9999 -9999 -9999 -9999 -9999 -9999 -9999 -9999 0.132612814406189 0.0965572540107399 0.0875765003270506 0.0891795562862281 0.0909056079171583 0.0917145846489747 0.0903048379377149 0.0629458245542321 0.0550739923913821 0.0410433689245038 0.022564278638643 0.0236039435746025 -0.0105022270054919 -0.00563937573742473 0.00902029803819021 0.00528571063831434 -0.00593036860922047 -0.0169546896115382 -0.0243207365925908 -0.0397943545159471 -0.0459165092406564 -0.0424370308987108 -0.0236425380108627 -0.00593784518735058 0.00701248863751247 0.0181530864555026 0.0440146825834441 0.0824627034960119 0.129294076748316
-9999 -9999 -9999 -9999 -9999 -9999 -9999 -9999 -9999 -9999 -9999 -9999 -9999 -9999 -9999 -9999 -9999 -9999 -9999 -9999 -9999 -9999 -9999 -9999 -9999 -9999 0.0383293378992334 0.116752203942208 0.0898519069050275 0.0880985246012346 0.0922269502447693 0.0922227161336987 0.0918537849023335 0.0829269182703175 0.0492723635999298 0.0502593003451022 0.040352194907082 0.0337049504728508 0.0417345932918144 0.000296147671909885 0.00432179603802219 0.0135237082555372 0.00995284947246189 0.00072660206983749 -0.0141043202527615 -0.0240659163011768 -0.0345732742816615 -0.0383520734066847 -0.032847780358827 -0.0252256710738606 -0.015944916796631 -0.00183685001151412 0.0111402739504811 0.0341375685397284 0.0656416214920941 0.105069685656578
-9999 -9999 -9999 -9999 -9999 -9999 -9999 -9999 -9999 -9999 -9999 -9999 -9999 -9999 -9999 -9999 -9999 -9999 -9999 -9999 -9999 -9999 -9999 -9999 -9999 -9999 0.037064154480149 0.0882669544368314 0.0837590504721894 0.0902980969900868 0.0941479149458455 0.0956709832523639 0.092083873548514 0.0753410827150505 0.0400814192231781 0.0365790850136121 0.033950802686019 0.0319711260818693 0.0470357155562935 0.028692293858596 0.0220348054104486 0.0225925531495326 0.018291389954103 0.0102283903689045 -0.000661636642238062 -0.0123775137696781 -0.0222916802649955 -0.0270368880059701 -0.0251835218238053 -0.0195504132938158 -0.0126952444552118 -0.00293157661526455 0.0107410817931315 0.0310590352401952 0.0582204266728337 0.09207012790685
-9999 -9999 -9999 -9999 -9999 -9999 -9999 -9999 -9999 -9999 -9999 -9999 -9999 -9999 -9999 -9999 -9999 -9999 -9999 -9999 -9999 -9999 -9999 -9999 -9999 -9999 0.0469452536826335 0.0689572558702208 0.0836668380217544 0.0911511183102616 0.0987320928439324 0.0963450203467908 0.090493563963634 0.0681845870277201 0.0363249642799484 0.0347245229794959 0.027295530070797 0.0347489636330355 0.0450185721836418 0.0534881718830905 0.0488725777554018 0.0392170282427012 0.0317052781955751 0.0226375838954985 0.0120015871763182 0.00347425734673579 -0.00685214398149414 -0.0146536745962274 -0.0168638957013152 -0.0142519956537703 -0.00840544937730253 -0.00176881633487275 0.0108369768959538 0.0282139843405474 0.0495510197318869 0.0767166162423683
-9999 -9999 -9999 -9999 -9999 -9999 -9999 -9999 -9999 -9999 -9999 -9999 -9999 -9999 -9999 -9999 -9999 -9999 -9999 -9999 -9999 -9999 -9999 -9999 -9999 -9999 0.0592515457109858 0.0653749238150594 0.0807436277794753 0.0880474304961728 0.0932780455728204 0.0910501138356826 0.0775611718603352 0.0511221383456246 0.0323133697918739 0.0336410947867336 0.0442904126309624 0.0486228743705351 0.0530846836228521 0.0612931265760012 0.068751920481687 0.0593716480334937 0.0463686173062375 0.0360994678448643 0.0288175730601918 0.0216945978081735 0.00374150672557488 -0.0108319407787115 -0.0149857892568397 -0.0141731838867342 -0.00873912891595552 -0.000606063961822889 0.0101231266948389 0.0234402028497939 0.0397945393062289 0.0586039018560321
-9999 -9999 -9999 -9999 -9999 -9999 -9999 -9999 -9999 -9999 -9999 -9999 -9999 -9999 -9999 -9999 -9999 -9999 -9999 -9999 -9999 -9999 -9999 -9999 -9999 0.240624366900382 0.0655192887566978 0.072268090990759 0.0791681372820238 0.0835126706848035 0.0866408557213643 0.0780989484501998 0.0568440795127662 0.0354890663696201 0.0439637684947566 0.0947945668784778 0.0927804047120335 0.0633727199175757 0.0574981563466425 0.0703902939066008 0.0864317088438551 0.0665508494431087 0.0568224888600095 0.0525237051454416 0.0485130227359405 0.0616600538231398 0.0229304303508659 -0.0055528537903769 -0.0114034697566996 -0.0115447037491683 -0.00789126435937698 -0.000885373324413463 0.00945636525241411 0.0195417530168605 0.0319008263617937 0.0415776185161779
-9999 -9999 -9999 -9999 -9999 -9999 -9999 -9999 -9999 -9999 -9999 -9999 -9999 -9999 -9999 -9999 -9999 -9999 -9999 -9999 -9999 -9999 -9999 -9999 -9999 0.136282691867195 0.0700611201585274 0.0773870580585489 0.0805010964588714 0.0810052084466256 0.0773740315866712 0.0665433376022477 0.045342115677413 0.0396124229972517 0.066449070489854 0.0847919613446902 0.0832395250107746 0.0734650522837758 0.0677869739305297 0.0687560914536544 0.0757456675387446 0.0651135382156769 0.0573339852216241 0.0532534558918966 0.0566432558989225 0.0587817680184142 0.0256370093377752 0.000449255049359942 -0.00576953769654254 -0.00687190171657037 -0.00349497361790241 0.00174487410581103 0.00921781363412588 0.0166925537590418 0.0249189199365888 0.0314177975187266
-9999 -9999 -9999 -9999 -9999 -9999 -9999 -9999 -9999 -9999 -9999 -9999 -9999 -9999 -9999 -9999 -9999 -9999 -9999 -9999 -9999 -9999 -9999 -9999 -9999 0.101483280563425 0.071297169366706 0.0805114230825256 0.0820524940937996 0.0757762468702128 0.0697106433219959 0.0563389191607577 0.0436313013533083 0.0484415538700523 0.0614859965602279 0.0612186466025978 0.0632807958767283 0.0642305203867692 0.064574994530472 0.0680878566610988 0.0676556158663398 0.0606754941491196 0.0517641418002696 0.0477409423452452 0.048445879263379 0.0543722531297969 0.0250094462284939 0.00441761006527597 -0.000551284205016322 -0.00193469820181774 0.000591648078407114 0.00404411452257714 0.0099529019558191 0.0153599234818751 0.021387773466979 0.0248023518932167
-9999 -9999 -9999 -9999 -9999 -9999 -9999 -9999 -9999 -9999 -9999 -9999 -9999 -9999 -9999 -9999 -9999 -9999 -9999 -9999 -9999 -9999 -9999 -9999 -9999 0.0477411729607594 0.0624308185131717 0.0741235672990578 0.0734639968961363 0.0668408171238106 0.056873879164876 0.0498248036145949 0.047102403629913 0.0514455938383312 0.0557477862633088 0.0522779788555142 0.0517697826149479 0.0537345001477684 0.0564832518853176 0.0580254741314552 0.0594241334043719 0.0545944859431989 0.04795182818431 0.0423397236571301 0.034693374640716 0.0278640789332498 0.0167967995915732 0.00782567510436283 0.00387617354790137 0.00247478514167593 0.00386929847531342 0.00723926079680676 0.0118903257619817 0.0149509320402249 0.0186105355309737 0.0207211951459351
-9999 -9999 -9999 -9999 -9999 -9999 -9999 -9999 -9999 -9999 -9999 -9999 -9999 -9999 -9999 -9999 -9999 -9999 -9999 -9999 -9999 -9999 -9999 -9999 -9999 0.0291157567162992 0.0516032710968548 0.0672054783819059 0.0649950641220061 0.0571812036985663 0.0472409111018298 0.0430979967207757 0.0486464418477602 0.0534169087514446 0.0507847032389601 0.0472559253489254 0.0473607727032154 0.0485127720086172 0.0504973129645888 0.049917895712479 0.0509311928595759 0.0497239923360261 0.0459802165098696 0.0419880822268916 0.0333408791568688 0.0278025509953746 0.0191065847183865 0.0117741302690981 0.00797931649186229 0.00662207701387652 0.00765562576547257 0.0100916147205396 0.0139424865889995 0.0162321018214882 0.0192072400549961 0.0196727478508685
-9999 -9999 -9999 -9999 -9999 -9999 -9999 -9999 -9999 -9999 -9999 -9999 -9999 -9999 -9999 -9999 -9999 -9999 -9999 -9999 -9999 -9999 -9999 -9999 -9999 0.0232165869233237 0.0459686172595159 0.0607516287886878 0.0576783528334302 0.0514636912596935 0.0443650314985049 0.0419139849347498 0.0465077559036586 0.0489935422156147 0.0472041043779039 0.0452129522603214 0.0451403809828231 0.046040311405227 0.0472294448432203 0.0463216546022185 0.0459896943473044 0.0457107792119811 0.0469477044169834 0.0455565155908891 0.0376181674464868 0.0292615359692832 0.02209848987756 0.0166346685305048 0.0126915753779295 0.0108472839754515 0.0116889347787578 0.0138067758549593 0.0168648155448862 0.0179772057546213 0.0196657775256721 0.0204649491030902
-9999 -9999 -9999 -9999 -9999 -9999 -9999 -9999 -9999 -9999 -9999 -9999 -9999 -9999 -9999 -9999 -9999 -9999 -9999 -9999 -9999 -9999 -9999 -9999 -9999 0.0244579683557066 0.0441646205359716 0.0588899528136625 0.0558310151758614 0.0498956860490332 0.0425518629710998 0.039932797787356 0.0443988338551601 0.0455600586324976 0.0444771709433419 0.0436649260201689 0.0439258846853438 0.0451436660994337 0.0464589107792669 0.0444018488812657 0.0439377688470691 0.0451823418553291 0.0496002808108065 0.0475099614711855 0.0374374503743317 0.0312094267638353 0.0248364916545363 0.0202871311489133 0.0169910789754117 0.0157031781171262 0.0156739596506887 0.0166736352586106 0.0194100128698353 0.0203680598861008 0.0219919900415579 0.0219553166599638
-9999 -9999 -9999 -9999 -9999 -9999 -9999 -9999 -9999 -9999 -9999 -9999 -9999 -9999 -9999 -9999 -9999 -9999 -9999 -9999 -9999 -9999 -9999 -9999 -9999 0.0270050998968846 0.0428660905328361 0.0588798702868963 0.0579931974725456 0.0509155266563999 0.042634454461378 0.0422515315062581 0.0451392269508886 0.0457156304127136 0.0452150278736348 0.0458004145312804 0.0460506658214174 0.0473722189511797 0.0476304220162281 0.0447925459476207 0.0437565611766568 0.04601055046693 0.0499644312930902 0.0475764798278441 0.0403635805832972 0.0327525422922136 0.027940121628727 0.0245915474500038 0.0213687463948006 0.019843766736363 0.0197994500598712 0.0201214409132738 0.0215561577011993 0.0220475811123609 0.0232977530702651 0.0241765014885167
-9999 -9999 -9999 -9999 -9999 -9999 -9999 -9999 -9999 -9999 -9999 -9999 -9999 -9999 -9999 -9999 -9999 -9999 -9999 -9999 -9999 -9999 -9999 -9999 -9999 0.0321291081367405 0.0414308035802504 0.0552503957759555 0.0589633555732193 0.0530367952601652 0.0454086668278759 0.0446477229113008 0.0493427732084831 0.0480865608275886 0.0469729683012813 0.0474494618245089 0.0466617099434979 0.0477419198771639 0.0478656497792651 0.0432365187274033 0.0427318884316981 0.0450206401874305 0.049291383634685 0.0481678887465121 0.040705533194996 0.0349556693496024 0.0312586614171135 0.0288911168326014 0.0257856364319518 0.0241458416660754 0.0231802903259056 0.0225275126762199 0.0238887525757074 0.0245190747227392 0.0257367907619902 0.0266827156063741
-9999 -9999 -9999 -9999 -9999 -9999 -9999 -9999 -9999 -9999 -9999 -9999 -9999 -9999 -9999 -9999 -9999 -9999 -9999 -9999 -9999 -9999 -9999 -9999 -9999 0.0386254691154742 0.0409520964349396 0.0518913761261449 0.057048856845745 0.0528530272705189 0.050232211965542 0.0503577798342502 0.0515637763651544 0.0507345371680254 0.0479127503393791 0.0449808450947219 0.0457779062940514 0.0462377173119973 0.0450102638837147 0.0423362420267914 0.0413218494529272 0.0432453778863709 0.0480964063633461 0.0473955424667831 0.0421104111693238 0.0374262215554672 0.0345659719014011 0.0328999205719905 0.0296857207469015 0.0273000219433214 0.0255676504451021 0.0247563256795239 0.0269642231493293 0.0261470533312934 0.0271448444311369 0.0283261360102557
-9999 -9999 -9999 -9999 -9999 -9999 -9999 -9999 -9999 -9999 -9999 -9999 -9999 -9999 -9999 -9999 -9999 -9999 -9999 -9999 -9999 -9999 -9999 -9999 0.100375518794292 0.040507386188109 0.0421170638781161 0.0504819740652978 0.0566863241828023 0.0513606081636724 0.0490203759850824 0.0504829501191049 0.0541282607959367 0.0521305761182381 0.0486127298105322 0.0460879075512726 0.0465733396999746 0.047283074583727 0.0462221066884848 0.0425603009868677 0.0408257699487694 0.0423663039143604 0.0464347870255186 0.0468557051599592 0.04281253794903 0.0387910661448624 0.0372241972582623 0.0356840640500397 0.0319998256072634 0.028409322579934 0.0261954844185704 0.0263141110053713 0.0277853033037869 0.0274894278716646 0.033510461153464 0.0400159405487646
