meets/meet004/_saidas_enm/CCSM_Gower_21k_Cavanillesia_umbellata2.asc
NCOLS 154 
NROWS 168 
XLLCORNER -112 
YLLCORNER -55.5 
CELLSIZE 0.5 
NODATA_value -9999 
[rows 52 to 77 of 168, columns 59 to 117 of 154]
-9999 -9999 -9999 -9999 -9999 -9999 -9999 -9999 0 0 0 0 0 0 0.300563000564884 0.47563675483541 0.576053787596106 0.60559640503858 0.604700407342426 0.620558747470465 0.579139334817765 0.48527796555942 0.402907147607525 0.214853944124439 0.029706085485354 0 0 0 0 0.0861247066893447 0.379626859118382 0.533171871943785 0.588145333629397 0.626802009918423 0.670345791959589 0.677038150450681 0.675731485372383 0.66986518192282 0.653861703755953 0.65014596927286 0.642921151381634 0.624411396716506 0.630987396646788 0.629120486824211 0.632919903497858 0.643071758889418 0.65514120342775 0.666287487292519 0.692906490273862 0.709662341939461 0.709242981289621 0.708862979944527 0.694201734582497 0.669116064583444 0.632970067512995 0.595742705641672 0.545433710067979 0.483945862423826 0.400500310102729
-9999 -9999 -9999 -9999 -9999 -9999 -9999 0 0 0 0 0 0 0 0.107874972508293 0.294227700665805 0.411240416626856 0.483008630797036 0.464454039418106 0.420915637328517 0.352136109196031 0.240189560713425 0.10479612064368 0 0 0 0 0 0 0 0.234072704809974 0.546831003446919 0.657477305703343 0.683516983329465 0.70464671066998 0.697919607539961 0.679837948000625 0.669781499732267 0.650491477609069 0.644535328727614 0.638870739224357 0.623887795513222 0.630158697737776 0.632153072191263 0.644472439364628 0.656868949460909 0.669503887385829 0.694849925360488 0.691893456389997 0.693797804909279 0.693236392092433 0.68949036790363 0.676045765445298 0.655795780156542 0.623702190886065 0.58675742329866 0.544726571082551 0.475349508332665 0.388992287551362
-9999 -9999 -9999 -9999 -9999 -9999 -9999 0 0 0 0 0 0 0 0 0.0911147845059986 0.212974166757987 0.272707610224973 0.200241093814525 0.166651318908704 0.0708812592351454 0 0 0 0 0 0 0 0 0 0.0812679143388032 0.427487761423333 0.680981087617363 0.726139998370584 0.732725118204319 0.71991253799953 0.69811191806727 0.683513571937874 0.665139845822077 0.657281332026321 0.654250381476178 0.647639897126711 0.654098956559939 0.656360930106294 0.675273355548656 0.689814713212475 0.659095098766151 0.652570674762923 0.640200717260672 0.649270777677182 0.653073518265818 0.649285196120285 0.63467002860665 0.618557826256803 0.592684963140986 0.56092734657677 0.51830437038235 0.451579103964855 0.370854521649545
-9999 -9999 -9999 -9999 -9999 0 0 0 0 0 0 0 0 0 0 0 0 0 0 0 0 0 0 0 0 0 0 0 0 0 0 0.3121046314759 0.585749256969611 0.721399136740929 0.739097344292791 0.746053338164503 0.72274219527416 0.706366906720993 0.694980479206234 0.695011209345707 0.693150706238046 0.689946252458841 0.697161751242904 0.655801524681102 0.615209795623463 0.577927851358445 0.550025160411045 0.545527580694428 0.543225456783467 0.560918169418503 0.568897431574393 0.56946802832065 0.577075649156472 0.569711302564974 0.544199989553357 0.510958859866882 0.477848882302256 0.409859082248799 0.323703152524891
-9999 -9999 -9999 -9999 -9999 0 0 0.0894681506987753 0.165268429194552 0.15820401680667 0 0 0 0 0 0 0 0 0 0 0 0 0 0 0 0 0 0 0 0 0 0.185283581140756 0.453709151398971 0.610899355344383 0.709136135407195 0.710184206677919 0.699159920263186 0.704433406391299 0.697557420800439 0.688269191201486 0.662994071759819 0.626020530479011 0.582097221520278 0.525774687813479 0.474670020738123 0.428961998098716 0.405628322113728 0.398311807566361 0.405723002176271 0.427602888343784 0.440927529145661 0.449554671611055 0.462394983389166 0.47915644881873 0.47113041986899 0.444458577096082 0.39486194843657 0.325430421918983 0.241421426545773
-9999 -9999 -9999 -9999 0 0 0 0.280624667972691 0.378721615015215 0.324612688022701 0 0 0 0 0 0 0 0 0 0 0 0 0 0 0 0 0 0 0 0 0 0.065962417765173 0.318092371500991 0.499137053572932 0.632323950332281 0.657825440227102 0.636370267266971 0.608682195457858 0.567563082323622 0.537611299290943 0.503878675245069 0.461287276141766 0.404915291071291 0.387140461901175 0.39665513190058 0.351161760366764 0.288523209923949 0.265421502976436 0.255439863252572 0.248735307488998 0.283026209175998 0.330205518617973 0.350103650292859 0.372620932998387 0.365348599121435 0.335907394533613 0.305073434448078 0.2419596567207 0.143871800953772
-9999 -9999 -9999 -9999 0 0 0.288467591863593 0.460914017760888 0.414705041766154 0.398490105526742 0.161359193328442 0 0 0 0 0 0 0 0 0 0 0 0 0 0 0 0 0 0 0 0 0 0.157267484994939 0.335617784862282 0.48650103199306 0.54090302578926 0.52248194763142 0.485032350377607 0.437462013427869 0.375589043413496 0.312923240589685 0.316669189635581 0.28530386415338 0.172622592595722 0.0839524221414292 0.000722503639069449 0 0 0 0 0.00661292972628247 0.0625005291951883 0.130702405386886 0.17388647238149 0.210274252681971 0.203859023905812 0.142734563562105 0.0823064950439943 0
-9999 -9999 -9999 0 0 0.257876739945305 0.490807914496657 0.476365338893856 0.434594218234709 0.406918450680235 0.236163634170197 0.0884176972691373 0 0 0 0 0 0 0 0 0 0 0 0 0 0 0 0 0 0 0 0 0.0161043248698586 0.147924640248907 0.270326563605533 0.319715330530299 0.340268076612621 0.300383993449474 0.264733793899971 0.206490811158216 0.133145925151631 0.0236101481916429 0 0 0 0 0 0 0 0 0 0 0 0 0 0 0 0 0
-9999 -9999 -9999 0.0222625939669161 0.247075316866772 0.495306518747464 0.55974271721687 0.512367176626398 0.470186470671206 0.384779772341771 0.235532884610684 0.262920810389801 0.162282156312233 0.110020826110119 0.0748009544061254 0.0528856011805812 0 0 0 0 0 0 0 0 0 0 0 0 0 0 0 0 0 0 0.0380875222350996 0.0560164668856287 0.0412275751673977 0.0146359232712969 0 0 0 0 0 0 0 0 0 0 0 0 0 0 0.00846860828894647 0.00655611025928649 0 0 0 0 0
-9999 -9999 -9999 0.238931687960859 0.422510363014494 0.629216558285214 0.587830958957559 0.554017553453202 0.514664308200345 0.378168173402909 0.247807478433216 0.314323378371719 0.266307575709267 0.243165444961852 0.209153128273482 0.191624040021291 0.111920179337712 0.00992414776935724 0 0 0 0 0 0 0 0 0 0 0 0 0 0 0 0 0 0 0 0 0 0 0 0 0 0 0 0 0 0.0281689916953494 0.0403728803491763 0.093828974119742 0.128822416007497 0.131733353626361 0.158546629712138 0.140961146018824 0.145751790333161 0.120515042443587 0.0619115572574459 0.0429761165261239 0
-9999 -9999 -9999 -9999 0.609083608813531 0.644287213735261 0.613627079939914 0.592369471097965 0.555831571013681 0.41512135095598 0.294475957546794 0.327201895736043 0.391048268768275 0.369062387213523 0.328244328283885 0.300100953705158 0.248819193940894 0.185078635302089 0.149445903739649 0.113569498642132 0.125376216394818 0.142993926054488 0.136828448517588 0.14792690172023 0.140237192511476 0.139237622186611 0.136310854268484 0.111071844907588 0.0960238733808897 0.057669743764864 0.0352791988775271 0.00701914651271685 0 0 0 0 0 0 0 0 0 0.0506179108112171 0.086581099870763 0.138946740437661 0.168410178230342 0.189468575166342 0.222943509731531 0.24799050604289 0.277625391630263 0.297174327128989 0.30958768456413 0.32765309487482 0.330118663984966 0.32691451247485 0.315297758313315 0.297056871962139 0.273096583292568 0.240756624647723 0.207319640398178
-9999 -9999 -9999 -9999 -9999 0.629534759646674 0.625935475538628 0.622966919680912 0.587276426043766 0.438546776430147 0.344971765474311 0.381728143754524 0.413541997341275 0.434845462270879 0.406061660511569 0.377761657210397 0.314628080117725 0.264870410683358 0.247448600977062 0.239812531041256 0.249624701757835 0.259408038715044 0.273491492722386 0.272250439662788 0.285253193061544 0.282686140425768 0.270723593164717 0.269108831968955 0.237783213883555 0.215663268174238 0.189781647602651 0.150562929231365 0.129645167543278 0.096258642372632 0.0743126179422665 0.0672938590067218 0.0550130803279052 0.0733473937131225 0.0855436499012334 0.122377364078263 0.159460264126721 0.199889859049637 0.251135576614686 0.278510545640369 0.322879411595407 0.344259361485177 0.36819134786412 0.399789171024986 0.413633599119591 0.440733514971905 0.456337393036655 0.462879595153938 0.474104392553624 0.456554525309968 0.459108014288852 0.440535608652204 0.419792751891165 0.406178099280357 0.377432332172635
-9999 -9999 -9999 0.552532116172931 0.572259986172572 0.629133705904071 0.609072639589799 0.606464266796776 0.596613825171986 0.503887324010364 0.456302482646864 0.485027471586927 0.515484652981333 0.501726241502675 0.454344091715576 0.420798547849031 0.400469160420018 0.369403670010732 0.35782668177698 0.349715497170528 0.366064465685471 0.391096714170122 0.401844167603245 0.418363556598163 0.422574018031371 0.4257290779173 0.427627515294973 0.414938424406471 0.40194643425525 0.375330199775165 0.35833738934029 0.333577443031881 0.299892544988527 0.275983139423729 0.246511786481416 0.241284183504844 0.239271191343259 0.237795298620939 0.261843431317221 0.284534115851737 0.316625241980048 0.362152053647238 0.395342692079409 0.438177942060986 0.46684551948718 0.487055761256026 0.520563988746983 0.537097293604566 0.559816872227337 0.574170054953082 0.580920643379124 0.591517386640642 0.594522141994893 0.596583698908409 0.589788189595054 0.5823298594693 0.577737372557735 0.565442130459808 0.55930074770477
-9999 -9999 0.551405204015209 0.560539697471578 0.597476255492265 0.607218416145138 0.596540221428738 0.581128394003005 0.602823771705322 0.574905662295871 0.56181409279778 0.584367855055036 0.592697265636914 0.554474745493136 0.496091460031371 0.441076988387247 0.426173444828106 0.417243747933915 0.42228637393255 0.425916555958415 0.446799101665723 0.471450000930083 0.492721501893601 0.504201232496434 0.521716994385345 0.532256980806995 0.530312688880703 0.529175017121069 0.517935398925452 0.502606081060902 0.488935333504271 0.452556266418377 0.437176242988343 0.415416144710361 0.388923669478263 0.381478712829776 0.362218377499049 0.369688918191001 0.384224200494177 0.409228412135291 0.433677203316793 0.469007296467118 0.503243842978409 0.528075161229849 0.564267822405089 0.58130679232106 0.567743921824572 0.562139213013654 0.573437286774901 0.580359824626254 0.596107658298903 0.611746163590732 0.622054399437289 0.630590493753988 0.639844834662254 0.637408088970672 0.637182841853365 0.625877061163867 0.611218373169118
-9999 -9999 0.592943929962895 0.593073080498743 0.630452249549082 0.623142001534399 0.602900458327869 0.609950746376616 0.617309707715112 0.639175439949256 0.647174609477182 0.639712290908297 0.627372470935857 0.5897538182017 0.534548749323659 0.485477429145481 0.498742861002322 0.475574438545206 0.467791691854636 0.478493489537178 0.500818750527759 0.529855170134671 0.551414325539104 0.573485931724327 0.588120975666645 0.599520264237359 0.607529295954845 0.6077562532179 0.602296480562662 0.589330617989427 0.578902221617944 0.561304429683093 0.540157775036604 0.521095908520604 0.49779379246653 0.490692289880528 0.481054305889991 0.474215647634842 0.484740983330558 0.49731758038475 0.518613193941516 0.547735066827634 0.572165038270012 0.591539060269355 0.572305822719873 0.564054979560492 0.555415901904051 0.549753341654103 0.553921397574268 0.56052900580581 0.570776861586056 0.58104057260496 0.589007239756882 0.593817790689031 0.595147254452623 0.588815608562276 0.580678154131343 0.570310556757277 0.554418454174388
-9999 -9999 -9999 0.643920586481628 0.677933237639542 0.64788865902227 0.621457079544539 0.574407138593739 0.596168862926589 0.633636122666026 0.675370924081956 0.640903864261736 0.62473230797648 0.584914723137536 0.549101294866968 0.541882458767401 0.541203777343696 0.499845519219256 0.509609710661364 0.518376222083652 0.542676524920176 0.572533010565672 0.59661612137456 0.619539146232301 0.64221617058371 0.658878043188647 0.665683033187638 0.672805400516849 0.673895438887617 0.664830786140625 0.658978913083338 0.644484160299253 0.62596419827452 0.614098144478519 0.592105295066337 0.583099171679293 0.571956476145646 0.561342903998189 0.569762395633644 0.574393008676458 0.586502726814564 0.611909229842702 0.598809295417846 0.583445388278778 0.564950168387862 0.558274969774214 0.548836398991928 0.54295233071605 0.546324333897869 0.546997908841233 0.551335919903873 0.559137818959089 0.561038924162275 0.560192747624513 0.557615950316425 0.548261272060088 0.540944097139033 0.525076777772958 0.508440392114108
-9999 -9999 -9999 0.706468570516793 0.69553980809484 0.692414170915308 0.614188035518912 0.554836571720134 0.515015701876123 0.516109955787316 0.556392911952591 0.596512717398143 0.566923960744642 0.548141725445648 0.55090267744367 0.567991307087331 0.570380770145953 0.54490168400061 0.535396171323527 0.543545402197275 0.569350145958771 0.600914373400325 0.625926599590089 0.654321649612207 0.679368414375562 0.693811060240363 0.70644150226027 0.708487320393241 0.707125601713241 0.705687335320654 0.702918875446593 0.697926284500546 0.691112247022847 0.677894930212131 0.661795628476009 0.654442278652936 0.642107386113948 0.630934391690881 0.629941411003873 0.63024487391074 0.640221835560541 0.626666473379023 0.605906546502105 0.588619737061311 0.574804655554318 0.566917911250461 0.55819155360961 0.550532668816297 0.548260266408358 0.543926489668793 0.54206809819964 0.542925178119323 0.537885751439092 0.535798491125643 0.527790148569347 0.515319455894285 0.505816519258967 0.488995160418296 0.4756773605749
-9999 -9999 -9999 0.611980740692845 0.665713594357652 0.678363600309703 0.595416511924485 0.482919066255381 0.417746200454425 0.377805586554009 0.41202026199229 0.504121844292936 0.501219956088098 0.501435288167623 0.535964263910275 0.563134914492577 0.597884544631859 0.564480852888824 0.57315579540671 0.569352873398906 0.596113345623144 0.631694897607436 0.650238929707917 0.680303536789642 0.699007502047319 0.699318011509197 0.709396696460802 0.719985460027125 0.723761811044119 0.727097634702397 0.734644551581368 0.732686874507695 0.731385846554196 0.736593922614712 0.721797350469929 0.71491046358092 0.707792953156367 0.692318445500413 0.696980665133037 0.679535086661835 0.660543711345209 0.633605453751235 0.619023244535032 0.60479880478186 0.590690794645458 0.582419591756119 0.570947716522185 0.562586251672435 0.555988964603391 0.546829753286065 0.539075649152573 0.53340423272386 0.521203541659758 0.51583592686571 0.50469736419702 0.490143071136455 0.481264143010873 0.461839751088383 0.447079806621305
-9999 -9999 -9999 -9999 -9999 0.563708172397387 0.580529930059211 0.445492825179883 0.339996008989944 0.275645809870783 0.293920115733653 0.387119933997919 0.494316245513767 0.480117634057915 0.494603428874204 0.528241803554683 0.602163909347187 0.609867410816475 0.592873562724789 0.590752600820661 0.618773691623544 0.645515675055681 0.670278726290673 0.685189663993298 0.673162330649353 0.673399594035799 0.681598709463563 0.69098246349527 0.69294160117927 0.694157698293683 0.704395111689173 0.719037802833828 0.734782803972828 0.744495981695538 0.754012713849731 0.752544042813239 0.744324795959955 0.736761729145302 0.717372757419927 0.69692323726142 0.679072441761002 0.658414464496692 0.641340027990042 0.625716031698285 0.612661609972003 0.602077805300145 0.589335889043712 0.578240591031307 0.566529623824364 0.555397006237323 0.54240425052286 0.528433704463363 0.514374019459574 0.50294849257373 0.489436565126123 0.473979915265624 0.461951758138802 0.445840297829702 0.433432716819587
-9999 -9999 -9999 -9999 -9999 0.620591545269085 0.584526883069538 0.430902460044125 0.300198643258696 0.187105722742817 0.188693877903136 0.289273728963167 0.450198257841946 0.47832090850868 0.484243538630059 0.509194561216522 0.599296067480647 0.637401251649979 0.634816612282564 0.621495472334625 0.625801404747873 0.649712810040833 0.66585060346926 0.663476608629357 0.649590412774104 0.649702463297824 0.659077317923562 0.664889187729825 0.666725824096984 0.663824678100199 0.67263835510185 0.688276499898656 0.702686298802016 0.715018836092694 0.724516620721728 0.736210651386542 0.747318238979387 0.750334751976198 0.733223400456869 0.714963142693204 0.700272378320395 0.679694218046073 0.665121862836072 0.651683361312124 0.636204352845024 0.62393443888317 0.608706528075758 0.594544773333458 0.579875510116826 0.565719703677943 0.548876360415961 0.531586487534471 0.512418580987532 0.4972450720266 0.483993453272129 0.467672949035277 0.455364451185148 0.438038360573528 0.426573792768668
-9999 -9999 -9999 -9999 -9999 -9999 0.591835731242457 0.483698263429665 0.295664730428629 0.121455357929238 0.0920573244536088 0.19656649103883 0.381937187614282 0.506543603771995 0.508933989441608 0.523169857117192 0.609725591373577 0.641204142412209 0.62514077498747 0.602244168343244 0.603328386104339 0.622625810976578 0.640331723853965 0.638573365425592 0.63163375785893 0.632522872297937 0.637242750759333 0.642020124190404 0.640573343818546 0.638105880764194 0.644855131774819 0.656977516975898 0.670777901664348 0.681018661311399 0.691167611302765 0.704235493616842 0.715522599906193 0.727470377575991 0.734421528461935 0.736304669953491 0.72056385651235 0.705155819902535 0.690320502183436 0.674509390234431 0.660659987697895 0.644504113942249 0.625898977928059 0.608761958586595 0.592269159283515 0.576730584476539 0.559469260597887 0.5369796592298 0.518526573154755 0.503585155726181 0.489077765617979 0.475248502810701 0.461795271365477 0.448560022872221 0.434376914714798
-9999 -9999 -9999 -9999 -9999 -9999 -9999 0.54057337373965 0.323012514465391 0.0952899126676336 0.0401399541035435 0.13452881742852 0.319402055848752 0.569460266608206 0.553828621271935 0.555849549429202 0.600912737924118 0.613817813029969 0.603712965718528 0.580536117789628 0.584927657802676 0.604303356451697 0.619696472602295 0.621151030719928 0.614663672797454 0.616532365963222 0.622289573043824 0.624693135803688 0.623103125251935 0.617304396974654 0.621112022333424 0.630549419399706 0.639971116344783 0.649865424500213 0.657676510012118 0.670333770009797 0.683662946083388 0.695688535547476 0.704711288760582 0.71175021631992 0.722351432603492 0.727813140046159 0.714481292835958 0.700087087104091 0.683427032960002 0.665880673322205 0.645706010898874 0.625757310825249 0.607595414545637 0.58916745181401 0.569477189046821 0.549929807068308 0.53020115417915 0.515609866482221 0.505120567759154 0.491350593299237 0.478549910621788 0.463439944122151 0.449483434843652
-9999 -9999 -9999 -9999 -9999 -9999 -9999 -9999 0.371602469644134 0.112564918893157 0.0241507404434377 0.0963659739533508 0.26305682962761 0.502114011158161 0.612819853480276 0.576469594945395 0.591504178346018 0.591860758075415 0.586392511678764 0.569390802667141 0.569488324673903 0.588117098562704 0.598412731116639 0.603435958311295 0.601838528986649 0.605207489483684 0.608245476983568 0.610197332200319 0.608668466696124 0.603688914535438 0.604879866900097 0.607561513985839 0.610554270902598 0.620131906708092 0.627321176272392 0.639608627609599 0.652345820983327 0.663400847662748 0.675287985968526 0.681261925267729 0.693094684904649 0.709090242872239 0.715890125707236 0.710424545074421 0.698930459183346 0.685904091822941 0.663560919215707 0.642363116847195 0.622436537889875 0.601569019625104 0.582835448307464 0.566782359982981 0.550484397533227 0.537842773059867 0.527539478944492 0.51736089208725 0.503289790980246 0.491982571541406 0.475563307241829
-9999 -9999 -9999 -9999 -9999 -9999 -9999 -9999 0.419145067166852 0.158065560740783 0.0496286865701833 0.0811503890736337 0.214674759638604 0.417414373740802 0.637782980682236 0.6091235246528 0.607184951432681 0.597206342918056 0.584349773892814 0.567284736862311 0.563791862047933 0.575014059797222 0.584112073495904 0.592563387663005 0.592233371926872 0.595862109132807 0.598621055045793 0.598061057349962 0.598589704747437 0.595627580183271 0.596062057028049 0.596018860624588 0.594845737246399 0.601993246298766 0.607314301327808 0.618192136911699 0.63102976673579 0.640066823717615 0.654194007953276 0.66277827735184 0.673462539150272 0.684756576217497 0.687614398869688 0.684514759598207 0.674492457320593 0.664161519523594 0.65338884322459 0.642763443614287 0.638315049580247 0.621473528554145 0.60317328589357 0.589770443813459 0.575532482762098 0.564694097699822 0.554982254291999 0.543905212195335 0.531284445445145 0.518893934740311 0.50206606010488
-9999 -9999 -9999 -9999 -9999 -9999 -9999 -9999 0.468409958633637 0.216453071159185 0.0916881974013358 0.0927332184576571 0.157955172177234 0.310399920412606 0.504559386939077 0.638374765054218 0.642279406487453 0.607791816158898 0.601324958450216 0.577400917311811 0.562515117245491 0.568807334387837 0.573388309072942 0.58057628009186 0.582530635632772 0.585760742297569 0.587198275736088 0.587198653437989 0.58885400121626 0.590906608155211 0.591116966264029 0.587290560900778 0.587359176746284 0.588835573941654 0.594525054805196 0.603272505992384 0.610445980749878 0.624664776946014 0.640167822038576 0.653048458894925 0.661970525937402 0.663094968430796 0.658585730054018 0.654548619054578 0.648335635031035 0.640963345484004 0.634424791785558 0.628748332793371 0.622848852793892 0.620705545373437 0.618653656380251 0.612310328688582 0.599848374827895 0.589322095276039 0.579646789013587 0.569949104353676 0.557819197824088 0.548106031190303 0.532825403981096
-9999 -9999 -9999 -9999 -9999 -9999 -9999 -9999 -9999 0.306231882379033 0.176715215683891 0.12499121757371 0.139298386370617 0.209456785220507 0.336203809977972 0.458920985174957 0.568950378507952 0.643890930430028 0.62761656032076 0.60729683131422 0.577582651235174 0.568120840891416 0.566703572252459 0.570700438750079 0.577136507251482 0.580962291435572 0.581740986856595 0.57886093181725 0.583288431548558 0.584591754911279 0.585142066582305 0.582102069874783 0.579208401959454 0.577443791159928 0.579435441382021 0.586684349348276 0.594313021489595 0.607749735433604 0.628492983416682 0.645594336016824 0.652631884912195 0.646986325681385 0.635740121490553 0.628338625077446 0.621064039624871 0.615519105175124 0.614600254254978 0.612008230732094 0.606494885895959 0.601865930583304 0.600306073753634 0.602551449130188 0.607600283057089 0.606484954312892 0.603419445558726 0.593824339739643 0.573185714142883 0.564705266985285 0.560747443947509
