meets/meet004/_saidas_enm/CCSM_SVM_21k_Cavanillesia_umbellata5.asc
NCOLS 154 
NROWS 168 
XLLCORNER -112 
YLLCORNER -55.5 
CELLSIZE 0.5 
NODATA_value -9999 
[rows 75 to 99 of 168, columns 55 to 109 of 154]
-9999 -9999 -9999 -9999 -9999 -9999 -9999 -9999 -9999 -9999 -9999 -9999 0.0620812418302505 0.149134657023971 0.193788568761591 0.232897460098737 0.298846612206701 0.289777148257389 0.421889213072107 0.595503055439095 0.543127552454593 0.490694316118168 0.469249509162295 0.430180579063376 0.384723468416466 0.332047900304524 0.300494422975954 0.281582975716101 0.259334108167421 0.242340783398111 0.223832802998494 0.202269420321116 0.188908241049408 0.171130348322458 0.154553380416483 0.140730266815026 0.126253088562466 0.129253587155386 0.128650699366283 0.139196601462077 0.150268742082646 0.152974037822122 0.159182472537812 0.158511164172205 0.15357618638331 0.14441994871877 0.133040542256742 0.110870401722885 0.0852723473909263 0.0547315726537723 0.0179606884021476 -0.0120866753595791 -0.0398104674347771 -0.0624327776675546 -0.0779968254228612
-9999 -9999 -9999 -9999 -9999 -9999 -9999 -9999 -9999 -9999 -9999 -9999 0.0468338342248355 0.108948870992804 0.19580854025475 0.260243217945561 0.320403806221871 0.370012719832305 0.39180237067836 0.41142312661173 0.404301010774383 0.494140605155976 0.477334485555032 0.446543933322244 0.412626964514445 0.333180885700339 0.302344538282811 0.281854804299945 0.259657212742598 0.237903991796983 0.218211724441988 0.19320436533657 0.177412492358419 0.15733053995714 0.143215077492759 0.124277223690297 0.11117885810497 0.104269863832622 0.10355135671924 0.110892838844166 0.112120023550951 0.123314694354578 0.141050904460819 0.146149706358754 0.138874188707288 0.119427897367046 0.0920013216974881 0.0708776172774696 0.0479062173013153 0.0184124353176399 -0.0120187599046478 -0.0342634489815137 -0.0576593715598179 -0.0703071814772278 -0.0759321165573425
-9999 -9999 -9999 -9999 -9999 -9999 -9999 -9999 -9999 -9999 -9999 -9999 -9999 0.0415223657511777 0.145839712612076 0.221759771995123 0.288068230454237 0.434890846568417 0.565317156078167 0.522620298601456 0.342202916837592 0.365544519279126 0.450910846963072 0.469708760991701 0.447714540843083 0.380869420720424 0.312477770717044 0.278387910207456 0.265965889483861 0.24610367972439 0.221362570901285 0.193995153109783 0.179095581232125 0.159478097491123 0.145367589431795 0.126735328938832 0.107262205554307 0.0924659767415138 0.0837323566879081 0.087141464453597 0.091759459915477 0.106543184808468 0.143199803427675 0.170351348513624 0.162220843389635 0.11617581925754 0.0662924093866447 0.0329288021473531 0.00428559150171953 -0.0209415584423235 -0.0385374972702432 -0.0519886688668894 -0.0689986242474466 -0.0787710651554146 -0.0823488572770129
-9999 -9999 -9999 -9999 -9999 -9999 -9999 -9999 -9999 -9999 -9999 -9999 -9999 0.0446848505505811 0.0637680430176721 0.179127806950606 0.219371817955316 0.35214241421756 0.56090251554371 0.678063906119475 0.574746435179839 0.390166707510459 0.328545809984824 0.463095979130725 0.508604456767332 0.382068544177669 0.331456502138163 0.296661995429425 0.282240894321088 0.262644187067342 0.233787214579093 0.202573502611111 0.191295629813643 0.171000954169088 0.14986178551034 0.129077377965713 0.109867806626698 0.0839364936336716 0.0620204630856299 0.0574680827580015 0.058372357415529 0.0785561873444691 0.125478091108023 0.189600858259834 0.190712734628598 0.118544633528397 0.0494499284097125 0.00226644206564303 -0.0347546039659395 -0.0591061114524302 -0.0678337837134061 -0.0668899344735632 -0.0848780733631936 -0.0968205813990557 -0.0998361561668654
-9999 -9999 -9999 -9999 -9999 -9999 -9999 -9999 -9999 -9999 -9999 -9999 -9999 -9999 0.0329398233440946 0.131083099758379 0.197583449796397 0.239058337212098 0.27894486414617 0.352596812132532 0.475024882861949 0.533316564502135 0.47165211410499 0.486706289758817 0.635737279884701 0.578961008931611 0.416284191297259 0.355075095317683 0.328300357190541 0.289463256655746 0.255729733813494 0.229669080880694 0.204944184528489 0.183862327808867 0.161674264343944 0.140801539441581 0.110654558900606 0.0907555113498424 0.0641917679280756 0.0498568596654503 0.0382985440123985 0.0404038597049665 0.0816913334640174 0.138884579099405 0.156087360614636 0.119541075584601 0.0516695123284619 -0.0148763053642333 -0.0670579315258974 -0.0936337440644594 -0.0985460287395507 -0.0990675585377594 -0.108760790353343 -0.118735183736835 -0.122904446713994
-9999 -9999 -9999 -9999 -9999 -9999 -9999 -9999 -9999 -9999 -9999 -9999 -9999 -9999 0.0545715080544344 0.0910498978247561 0.15199415544206 0.175436681050775 0.14640105634466 0.144968538354183 0.219778483442004 0.325628253329522 0.682765385353564 0.726171753856702 0.725792513770439 0.811360484186698 0.638155546068974 0.556662103871196 0.466576239547942 0.395228658259609 0.293968910343901 0.263972535466198 0.241310665189554 0.198403406288829 0.174048636905492 0.152683786410435 0.119917904843381 0.10949630182234 0.0815670466234326 0.0596504740019309 0.0291063684672246 0.000775172742933317 0.0250299522005915 0.0759974834596018 0.0949521285517986 0.0868969628931323 0.0625403063313223 -0.0317250650535681 -0.0954872837635383 -0.121207974655127 -0.12574378911057 -0.125867772881098 -0.132445728011007 -0.137557983443356 -0.140027903519964
-9999 -9999 -9999 -9999 -9999 -9999 -9999 -9999 -9999 -9999 -9999 -9999 -9999 -9999 -9999 0.0346994450846868 0.187964407977499 0.200767451231178 0.133625070943618 0.120168561745334 0.144141285030154 0.235388875238161 0.54877225868958 0.895995579546759 0.841539027162351 0.789666930249483 0.763049558620708 0.862784069369061 0.880077866802038 0.738214443536189 0.530151429729733 0.374865990596169 0.263967628876367 0.224745899997388 0.188585835196744 0.160387563259431 0.145155115031676 0.144265411989111 0.139390077142117 0.120957088901151 0.0763888645676549 0.0232094857421676 0.0184314016062291 0.0190781720956495 0.0230796477886213 0.0366335033166551 0.00619487934988194 -0.05003122592369 -0.104897516976941 -0.127873787953247 -0.134712051878198 -0.139718660343366 -0.143170577831991 -0.145625154288655 -0.143541303527063
-9999 -9999 -9999 -9999 -9999 -9999 -9999 -9999 -9999 -9999 -9999 -9999 -9999 -9999 -9999 0.0509018562498013 0.0749776889220933 0.190871815995462 0.126755025509211 0.0988220196734851 0.119102319336347 0.151336253542145 0.184902184045632 0.178300702231056 0.220250248198485 0.467311657197938 0.487933862517912 0.730042267041611 0.782924263097608 0.950650375647851 0.74211426086687 0.517884820178578 0.395645524240038 0.26293157263078 0.19078044676015 0.16169450679072 0.159986533553764 0.179837880078944 0.206343173966261 0.203002272141218 0.152940272017093 0.0585724490096655 0.0447338294950968 0.00252360611006747 -0.0184257447452676 -0.0111527582340208 -0.0236153011969721 -0.0608506762277108 -0.103854472425586 -0.121925501618681 -0.129166477309426 -0.141002399829552 -0.141775534939372 -0.145180386819563 -0.144215997144754
-9999 -9999 -9999 -9999 -9999 -9999 -9999 -9999 -9999 -9999 -9999 -9999 -9999 -9999 -9999 -9999 0.0329640167360979 0.0828500057271091 0.133155453863096 0.0745977052019777 0.101583647370447 0.110284181897084 0.102505928400187 0.0759273073651496 0.0667490755704017 0.0706006756526575 0.0956829335555506 0.210633802575607 0.351898629117933 0.615202760885393 0.813809471296348 0.59939638186023 0.482109195452623 0.30990205956464 0.220873114837067 0.166112716769449 0.167011516664111 0.18863431013093 0.208486950454988 0.231261751083835 0.250938878028805 0.241935540187945 0.136705024752287 0.0172678905513674 -0.0352166468375312 -0.0401889237003545 -0.040109077764172 -0.0606900177883479 -0.0838714672939504 -0.0969136422403903 -0.101623252497145 -0.109849849676368 -0.121126834494793 -0.133967032374572 -0.137381496860186
-9999 -9999 -9999 -9999 -9999 -9999 -9999 -9999 -9999 -9999 -9999 -9999 -9999 -9999 -9999 -9999 0.0793651000553841 0.0152570448260839 0.113243074008987 0.0333487237582779 0.0771847424733052 0.101019175518816 0.0965695520490216 0.0966490822697227 0.0969184838873019 0.0885756639712933 0.096705690737243 0.0787379016237585 0.0828678753486362 0.12230106859593 0.754397360418686 0.897190523137025 0.588197716125714 0.445695228904888 0.323169704062628 0.206550541301912 0.170594459871524 0.176407806765722 0.187505582096658 0.223309814537642 0.289731493058706 0.373922310612263 0.237182058405962 0.0405647319370269 -0.0435276720690218 -0.0526517903063959 -0.0432441124407868 -0.0547355450223442 -0.0608684552520859 -0.0624418869175338 -0.0591998860340313 -0.0553640019923362 -0.0728059658355272 -0.100006478930173 -0.109043380917174
-9999 -9999 -9999 -9999 -9999 -9999 -9999 -9999 -9999 -9999 -9999 -9999 -9999 -9999 -9999 -9999 0.195682839181875 0.0507901623003031 0.0537108455403425 0.0763330842181472 0.0353597574288795 0.0499617141315168 0.0828533091123068 0.0961033238156082 0.0992234787122392 0.0987131601091417 0.0956435757685175 0.088634602408552 0.0849426172567645 0.0971792999789954 0.331486233556071 0.760894512639543 0.622557420294035 0.530461949742976 0.520046305629594 0.328072298122456 0.198970663873211 0.16882179558552 0.171025777150738 0.191703177941443 0.241243521068391 0.30167974211421 0.231061729442655 0.0562156036621506 -0.0254747984633997 -0.0509867483476883 -0.0550985062023424 -0.0486364745029896 -0.034972301821885 -0.0158739354539064 -0.00278384698770373 -0.00399879006336595 -0.000311433522304894 -0.0096483817304967 -0.0167062497667836
-9999 -9999 -9999 -9999 -9999 -9999 -9999 -9999 -9999 -9999 -9999 -9999 -9999 -9999 -9999 -9999 -9999 0.094070757339655 0.0388002201040579 0.0619829310101664 0.0684671903396408 -0.00754089003877828 0.0229603533797503 0.0727557143708896 0.0908624919152001 0.0966876582276987 0.0988805849348318 0.100675077367715 0.100688791629605 0.102907747303647 0.150394269621453 0.34172787693076 0.612595058766492 0.60672413519533 0.685382130994145 0.538566544269822 0.311044019363967 0.229682047218952 0.179143104649449 0.184379185102752 0.230311499043832 0.291983095859524 0.183349549802884 0.0333378074478607 -0.0215155602999805 -0.0421995944833515 -0.0469187042502187 -0.0199197711293547 0.0150147363288894 0.0599979956958854 0.0901822749612896 0.0886615756826321 0.112602242574411 0.116620676517834 0.109406422387432
-9999 -9999 -9999 -9999 -9999 -9999 -9999 -9999 -9999 -9999 -9999 -9999 -9999 -9999 -9999 -9999 -9999 -9999 0.111061490763619 0.045522989175697 0.0586083861212428 0.0832471008511703 0.0423618366820615 0.0362052018504139 0.0594935862352715 0.0802894568600342 0.0914528667785506 0.0990556624603448 0.101717418456776 0.103355754078789 0.113860067750042 0.160797168201761 0.422702521574864 0.77082045963993 0.812688115955496 0.689059382472979 0.493136475090331 0.322475836585546 0.208172126299009 0.164390760466211 0.146196852328969 0.110013683892297 0.0806306587516306 0.0256046890767809 -0.00442557970272106 -0.00754909236790591 0.002850262029582 0.0314951974424385 0.0850550801156255 0.147534560167072 0.201995403975545 0.255585640533953 0.218036441063281 0.175670662272219 0.161825056902532
-9999 -9999 -9999 -9999 -9999 -9999 -9999 -9999 -9999 -9999 -9999 -9999 -9999 -9999 -9999 -9999 -9999 -9999 -9999 -9999 0.05684228575728 0.0617048511604876 0.0725601792213463 0.122116030453988 0.0921141392112425 0.0743607574107712 0.0800655921314987 0.0919234424029308 0.0996433183723054 0.101507945109849 0.105584343976061 0.119583872774364 0.214279041265926 0.494395386511844 0.837508033164077 0.856836186367109 0.70101995046377 0.607888530846198 0.360528065930234 0.221388731723226 0.138343529398684 0.0595295362906585 0.059134970955908 0.0406068214292186 0.0265405884676658 0.0384780154246108 0.044127391955018 0.0627576480519177 0.109055575607984 0.168939268001315 0.239761133335922 0.314184060130585 0.26787373198424 0.192029161571942 0.165392022675023
-9999 -9999 -9999 -9999 -9999 -9999 -9999 -9999 -9999 -9999 -9999 -9999 -9999 -9999 -9999 -9999 -9999 -9999 -9999 -9999 -9999 -9999 0.0658641799742187 0.0650613781451369 0.0922393784853613 0.115798044925228 0.0765497594186799 0.0792978954600693 0.0920056390332858 0.0976306087600154 0.101120634480406 0.104897757936096 0.129275018821198 0.208942141172464 0.475980152645046 0.906388701223759 0.934563687321693 0.73071585362366 0.500762737989776 0.387247143460282 0.216934374626412 0.148642971997682 0.112970888733541 0.0904865981876569 0.0882166408464175 0.0763603505008682 0.0758593506293195 0.0837163623269453 0.0870796963306535 0.124317044673671 0.222617005468351 0.280487428469786 0.252541697807928 0.188575708182177 0.148792811194072
-9999 -9999 -9999 -9999 -9999 -9999 -9999 -9999 -9999 -9999 -9999 -9999 -9999 -9999 -9999 -9999 -9999 -9999 -9999 -9999 -9999 -9999 -9999 -9999 0.0673722340785244 0.0772589960075857 0.121522148716038 0.0816579573243465 0.0756557598712441 0.0863981920909351 0.0938972239813536 0.0976933728978872 0.106448014391267 0.125558943668988 0.201397522715888 0.440814432190928 0.839238652171498 0.942489093453865 0.582171612395129 0.446688164343079 0.298328942684237 0.194822265191792 0.168120549093289 0.161462357821582 0.152824549741428 0.138368899946053 0.126889459245515 0.119962577970614 0.115210282994453 0.141105039783354 0.216173820376781 0.260174018388473 0.229566367986023 0.16781068273754 0.125536756628066
-9999 -9999 -9999 -9999 -9999 -9999 -9999 -9999 -9999 -9999 -9999 -9999 -9999 -9999 -9999 -9999 -9999 -9999 -9999 -9999 -9999 -9999 -9999 -9999 -9999 -9999 0.0480783540663186 0.0904691961892568 0.0633440326152582 0.0572654598725349 0.0798246866802755 0.0895725341311009 0.0948272047484428 0.0997784203044864 0.108176185198345 0.161355701341164 0.261348343472984 0.668365891239746 0.884847987680045 0.587386761418224 0.256677184402585 0.174654113857962 0.199901058353368 0.245081160285415 0.249064088071743 0.225944696263482 0.212543534040307 0.186657638238434 0.196190306820475 0.200830279396641 0.230791623749286 0.255206558541586 0.212303382232622 0.138742395310117 0.109559392268999
-9999 -9999 -9999 -9999 -9999 -9999 -9999 -9999 -9999 -9999 -9999 -9999 -9999 -9999 -9999 -9999 -9999 -9999 -9999 -9999 -9999 -9999 -9999 -9999 -9999 -9999 0.0686543510598098 0.0519292467686605 0.0882187174652108 0.0638843509378897 0.0618189782508459 0.0723782270390748 0.0824795183419114 0.0887025976707755 0.0904259598839051 0.105416532505787 0.150900191354602 0.31277874552276 0.564554601076466 0.681721706211757 0.320878591605803 0.134050235176841 0.189036750401496 0.305300682857742 0.347437230223466 0.314127012557963 0.288187365982159 0.245179217471203 0.230993579037856 0.211693223006066 0.215007464241243 0.215506055188523 0.173749711120364 0.127317366290866 0.116553561133119
-9999 -9999 -9999 -9999 -9999 -9999 -9999 -9999 -9999 -9999 -9999 -9999 -9999 -9999 -9999 -9999 -9999 -9999 -9999 -9999 -9999 -9999 -9999 -9999 -9999 -9999 -9999 -9999 0.0499712151184835 0.080131478315852 0.0686204439553024 0.0777065210570572 0.0793170200962136 0.0841933185579839 0.0817095903058426 0.0783579159828983 0.0675671378616282 0.121491775779368 0.257629247929056 0.423717244705268 0.293242262739994 0.135562578292575 0.144234922299856 0.341529892270823 0.427101904910941 0.374656033051841 0.326890797091357 0.285159007612472 0.217763327263571 0.178406516988465 0.173086381212014 0.153686348123551 0.144584030779795 0.12612240336675 0.127154132175907
-9999 -9999 -9999 -9999 -9999 -9999 -9999 -9999 -9999 -9999 -9999 -9999 -9999 -9999 -9999 -9999 -9999 -9999 -9999 -9999 -9999 -9999 -9999 -9999 -9999 -9999 -9999 -9999 0.0519973872797361 0.0682079635935113 0.0798841875827805 0.071600095336006 0.0780002343787974 0.0851357184588928 0.0851090014465977 0.076303778760672 0.0590243143626169 0.0534240043017172 0.108683334105113 0.240689957717358 0.243261033126128 0.117651218006548 0.0803371671414128 0.197070379094542 0.268442435260046 0.318402267494267 0.358658230958932 0.317658993257186 0.236672362066914 0.177181839514757 0.140336935721361 0.12475657881796 0.138134852266339 0.160140451983852 0.18047916508295
-9999 -9999 -9999 -9999 -9999 -9999 -9999 -9999 -9999 -9999 -9999 -9999 -9999 -9999 -9999 -9999 -9999 -9999 -9999 -9999 -9999 -9999 -9999 -9999 -9999 -9999 -9999 -9999 -9999 0.0600047280658725 0.0804945657223598 0.0660072948545341 0.0729664875634739 0.088674571261278 0.0918532242596625 0.0826869714196724 0.0619297296093015 0.0361319163973686 0.0472266902140901 0.1120894118067 0.176432099883923 0.0872041168393844 0.0209571704141448 0.07252997046188 0.127372007784094 0.201536902622143 0.411322444456404 0.331934699384127 0.258547141547001 0.196419313136306 0.135378455337523 0.108181109367342 0.146163228447635 0.225700235318494 0.256880585814543
-9999 -9999 -9999 -9999 -9999 -9999 -9999 -9999 -9999 -9999 -9999 -9999 -9999 -9999 -9999 -9999 -9999 -9999 -9999 -9999 -9999 -9999 -9999 -9999 -9999 -9999 -9999 -9999 -9999 0.0527631450024614 0.0782188547947071 0.0695299397534127 0.0745864286207266 0.0939322826553934 0.0972261115789261 0.0885798524705727 0.0637868222882405 0.0253601006883787 0.0134616584453698 0.0523496638026044 0.110010087912442 0.068387058559335 -0.0317831711271383 0.00758499246124994 0.0527052871578651 0.0598054357608889 0.118195611101034 0.208052418825795 0.291152658795 0.262391995636549 0.153025459289399 0.118206984605464 0.150095794432823 0.238570828606242 0.257629604217983
-9999 -9999 -9999 -9999 -9999 -9999 -9999 -9999 -9999 -9999 -9999 -9999 -9999 -9999 -9999 -9999 -9999 -9999 -9999 -9999 -9999 -9999 -9999 -9999 -9999 -9999 -9999 -9999 -9999 0.0510231212329814 0.0758840563243782 0.0701395427100037 0.0775166994792618 0.0985437178417835 0.100637463386865 0.0920784726288594 0.0658650942335451 0.0198708086039488 -0.00262151449800335 0.0162957867349509 0.0536175555778992 0.0341292714605323 -0.0538947077448076 -0.0427748608085489 -0.00980951112548517 -0.0270874588259822 -0.0343148362732997 0.0497856514201035 0.290554919347125 0.32654084920755 0.180246900430316 0.109302124226525 0.164113384407821 0.253566327787152 0.258347810384183
-9999 -9999 -9999 -9999 -9999 -9999 -9999 -9999 -9999 -9999 -9999 -9999 -9999 -9999 -9999 -9999 -9999 -9999 -9999 -9999 -9999 -9999 -9999 -9999 -9999 -9999 -9999 -9999 -9999 0.0488085308325282 0.0747844982549182 0.0649653095979433 0.0816341825286762 0.0985233747583172 0.10058060716372 0.0936416249396194 0.0668632744619193 0.0162033435421236 -0.0136470253243762 -0.00249634610259364 0.0321017295464159 0.0136066170532517 -0.0794060929816574 -0.0761097279542824 -0.0474429915737617 -0.0555102410398948 -0.0672016075785115 -0.0447071889303542 0.0651849787034868 0.159093634986884 0.19413785181808 0.20454922251239 0.220497734047147 0.236555440712626 0.204664612597198
-9999 -9999 -9999 -9999 -9999 -9999 -9999 -9999 -9999 -9999 -9999 -9999 -9999 -9999 -9999 -9999 -9999 -9999 -9999 -9999 -9999 -9999 -9999 -9999 -9999 -9999 -9999 -9999 -9999 0.0483379957158062 0.0713252375979937 0.0595343257729813 0.0842968859113671 0.0987260608866085 0.100435628063043 0.0931103904389147 0.0706994252884859 0.0146139811793393 -0.018798699875797 -0.00571882323162942 0.023911560478881 -0.00553049224406776 -0.0987035701742696 -0.106285752407963 -0.0809387544241925 -0.0802738803876905 -0.0836237043161484 -0.0832990861616025 -0.0183329547643969 0.0676013933319567 0.207583328879216 0.374859262281255 0.243936021420937 0.202904639607875 0.157746391765689
