meets/meet004/_saidas_enm/CCSM_Gower_6k_Cavanillesia_umbellata1.asc
NCOLS 154 
NROWS 168 
XLLCORNER -112 
YLLCORNER -55.5 
CELLSIZE 0.5 
NODATA_value -9999 
[rows 104 to 129 of 168, columns 59 to 117 of 154]
-9999 -9999 -9999 -9999 -9999 -9999 -9999 -9999 -9999 -9999 -9999 -9999 -9999 -9999 -9999 -9999 -9999 -9999 -9999 -9999 -9999 -9999 -9999 -9999 0.2392092895958 0.364410884081182 0.129707597449598 0 0 0 0 0 0 0 0.0753379146323266 0.292381496118584 0.388554629782959 0.377760146661753 0.387311032224286 0.388590592622723 0.383895458318154 0.363015894285038 0.34688329711914 0.393304540227809 0.443482300321369 0.47877054888116 0.500543424734749 0.496625906851555 0.518676630837272 0.518213977222514 0.516721455381488 0.515957660976819 0.505513335612177 0.513666533726086 0.521843664405959 0.520410782007389 0.512097606848266 0.499863970228317 0.48822992757383
-9999 -9999 -9999 -9999 -9999 -9999 -9999 -9999 -9999 -9999 -9999 -9999 -9999 -9999 -9999 -9999 -9999 -9999 -9999 -9999 -9999 -9999 -9999 -9999 0.250520778581847 0.408177840144612 0.0776609192381296 0 0 0 0 0 0 0 0.128626717219068 0.348353736326625 0.356726236775415 0.361226711011368 0.368016264791875 0.36331063599314 0.363675255674591 0.3577929637129 0.359488336447257 0.408760114538363 0.438889807289009 0.469413939442335 0.50432835364287 0.501079667790306 0.506941610671845 0.501006206331143 0.495644159720487 0.498501733692913 0.489692629693628 0.502172119036661 0.516831647570231 0.521856462569576 0.517063806258245 0.514293899706596 0.512128194459311
-9999 -9999 -9999 -9999 -9999 -9999 -9999 -9999 -9999 -9999 -9999 -9999 -9999 -9999 -9999 -9999 -9999 -9999 -9999 -9999 -9999 -9999 -9999 -9999 0.333705628523265 0.374611997410647 0.00211598522760992 0 0 0 0 0 0 0 0.181563965688673 0.335330010877077 0.356361105167419 0.368012681306062 0.350005025188623 0.351013392500014 0.358248834300941 0.372868688527298 0.410665889082585 0.424386288369932 0.459462983285132 0.489397248077345 0.509034366386513 0.537391513476192 0.523337082118438 0.50452723710548 0.495483414785457 0.489827650319788 0.498819128150617 0.503068118471494 0.507741111953006 0.514396412997169 0.515744699534231 0.521657963051875 0.530206624421552
-9999 -9999 -9999 -9999 -9999 -9999 -9999 -9999 -9999 -9999 -9999 -9999 -9999 -9999 -9999 -9999 -9999 -9999 -9999 -9999 -9999 -9999 -9999 -9999 0.456048828780759 0.298514050699936 0 0 0 0 0 0 0 0 0.192749932445713 0.343498310824054 0.351642294260159 0.357085225264875 0.344811914337713 0.339559164044347 0.342151944011535 0.357311240834353 0.398491251996911 0.411249101398616 0.444082022268466 0.479704686843572 0.511319222537074 0.541501131795278 0.525188208504016 0.507123088631936 0.495596166606923 0.492196078478769 0.500703913706507 0.499676733094599 0.501877121365287 0.506897201044094 0.508198518320681 0.519116119775883 0.533826712982285
-9999 -9999 -9999 -9999 -9999 -9999 -9999 -9999 -9999 -9999 -9999 -9999 -9999 -9999 -9999 -9999 -9999 -9999 -9999 -9999 -9999 -9999 -9999 -9999 0.456043238430051 0.239563358908109 0 0 0 0 0 0 0 0 0.170770718248894 0.35870009755008 0.356396044154094 0.343783325927807 0.328824832292141 0.320101987915635 0.319904256287751 0.326987911868179 0.336301519477251 0.376690476146636 0.404530961371092 0.442671024729681 0.496308512393851 0.518819842288147 0.514582498296162 0.498151447954713 0.491058321733209 0.498472041953322 0.501733397987867 0.499244283145977 0.49550837120451 0.498097823649158 0.502575645135508 0.513026369581959 0.532879904837892
-9999 -9999 -9999 -9999 -9999 -9999 -9999 -9999 -9999 -9999 -9999 -9999 -9999 -9999 -9999 -9999 -9999 -9999 -9999 -9999 -9999 -9999 -9999 -9999 0.390090867877945 0.176838213918212 0 0 0 0 0 0 0 0.0269224545604814 0.218043734035798 0.415830204065357 0.377602729249263 0.342568140292363 0.326289772042867 0.31772703269321 0.309824422622924 0.316424435600262 0.326412890376863 0.358362737957133 0.389601263603566 0.426469957388432 0.469724806836594 0.49167160973374 0.497486711336441 0.487807204229557 0.488604785786175 0.498064292460481 0.501517492967646 0.495755887688865 0.489137829300827 0.491480917095845 0.498281861241971 0.511349170239938 0.529651824028751
-9999 -9999 -9999 -9999 -9999 -9999 -9999 -9999 -9999 -9999 -9999 -9999 -9999 -9999 -9999 -9999 -9999 -9999 -9999 -9999 -9999 -9999 -9999 0.428739169574632 0.324886472908641 0.128861924262413 0 0 0 0 0 0 0 0.11326739574113 0.317075818644434 0.487782119828867 0.407799100432355 0.350417510002002 0.335668650286385 0.336487732757879 0.324873399275362 0.339441804883978 0.351206644770633 0.381149868277378 0.410858757408294 0.442273129822825 0.461517856435493 0.473123871111659 0.488121911072901 0.485890423264624 0.494991453376015 0.503863908285205 0.506137885996692 0.496942789382715 0.484833934858033 0.486016357194616 0.498612309826565 0.513851979116898 0.53511638392998
-9999 -9999 -9999 -9999 -9999 -9999 -9999 -9999 -9999 -9999 -9999 -9999 -9999 -9999 -9999 -9999 -9999 -9999 -9999 -9999 -9999 -9999 -9999 0.387909755417478 0.230110682682499 0.0499440977966287 0 0 0 0 0 0 0 0.21203232422663 0.457392412164795 0.476792208749228 0.432870446994979 0.387578769807155 0.360763289506793 0.358472418219332 0.350468318711562 0.36393365059802 0.378833784607592 0.401375958076205 0.420265919593407 0.443004160928634 0.464351753805227 0.475990403798617 0.483470674469539 0.485356355896883 0.491338857479695 0.500819353142334 0.50246762863458 0.49489034788344 0.485766409059174 0.489027893075356 0.501738901198222 0.481055129772295 0.445804034540792
-9999 -9999 -9999 -9999 -9999 -9999 -9999 -9999 -9999 -9999 -9999 -9999 -9999 -9999 -9999 -9999 -9999 -9999 -9999 -9999 -9999 -9999 -9999 0.330064043337152 0.111204392083527 0 0 0 0 0 0 0 0.114967202197899 0.323993222228358 0.470077524225881 0.445574672091128 0.452178524517551 0.42927966622893 0.409907597888272 0.398950962034037 0.390657112101976 0.397660139251616 0.399205005581836 0.414800591802361 0.427231832068558 0.438413331657545 0.461330875265047 0.476930812861202 0.483359458427707 0.484344917026223 0.493355208157569 0.501907580994696 0.504351134374108 0.501321681064305 0.493552299877273 0.49458860763581 0.44904825357009 0.402914858143677 0.371023244021433
-9999 -9999 -9999 -9999 -9999 -9999 -9999 -9999 -9999 -9999 -9999 -9999 -9999 -9999 -9999 -9999 -9999 -9999 -9999 -9999 -9999 -9999 -9999 0.25975028819807 0 0 0 0 0 0 0 0.0917190632903817 0.255256644232848 0.428964749254966 0.46291375214121 0.442053641316792 0.461597333031555 0.481377790773235 0.468412611120933 0.446525063721334 0.437105231354241 0.454376353155516 0.467430224081684 0.450334437121964 0.428412718625507 0.430078399620273 0.449514586760652 0.471784799252402 0.481552485706608 0.489090732058716 0.498231564458956 0.505843784196771 0.511597710577382 0.512325158197378 0.466780907006734 0.426315877440349 0.370984579911417 0.324902484216228 0.283856681760591
-9999 -9999 -9999 -9999 -9999 -9999 -9999 -9999 -9999 -9999 -9999 -9999 -9999 -9999 -9999 -9999 -9999 -9999 -9999 -9999 -9999 -9999 0.540734777962341 0.190133191527473 0 0 0 0 0 0.0185181584468757 0.128300878401898 0.238756300552471 0.385053403547352 0.524315925059698 0.476677409221583 0.449237122573434 0.493360583386289 0.548205833751004 0.497387653550045 0.486258370468616 0.4910218469669 0.511482911049737 0.551161825601646 0.49399191679752 0.438916299487697 0.422465028047733 0.439337487052335 0.46551817843729 0.481655766886998 0.493195487075628 0.504334880706315 0.512144704090377 0.51435897467458 0.470644596780683 0.40792822072058 0.36151371410551 0.301495968471574 0.252201487791586 0.223764955448616
-9999 -9999 -9999 -9999 -9999 -9999 -9999 -9999 -9999 -9999 -9999 -9999 -9999 -9999 -9999 -9999 -9999 -9999 -9999 -9999 -9999 -9999 0.401980188340619 0.127463916586689 0 0 0 0 0.0106243989889642 0.138734337843509 0.261543993193154 0.353783415049011 0.462364889768531 0.573041591571209 0.521217834205083 0.492980093981952 0.503984211023206 0.539344129299252 0.511830893118486 0.500120061482295 0.502568350182246 0.538584686270214 0.561196865693813 0.507022751029178 0.450288619696214 0.431555435683322 0.437221054734976 0.469394870178545 0.48091936055247 0.491213819421156 0.503937881670912 0.513851211227081 0.470314950282577 0.414171051782872 0.353902156810929 0.308362781361316 0.252184164261773 0.201531920549523 0.160754758338805
-9999 -9999 -9999 -9999 -9999 -9999 -9999 -9999 -9999 -9999 -9999 -9999 -9999 -9999 -9999 -9999 -9999 -9999 -9999 -9999 -9999 -9999 0.340642915680204 0.0932972455922579 0 0 0 0 0.0763991105127189 0.242342705384334 0.365595078926516 0.43085276349821 0.504814521839791 0.533351324754974 0.52888713375263 0.507379435849186 0.533404501564557 0.534663584901207 0.510377277694856 0.487340967128986 0.491605315246203 0.531131163761252 0.567754591061496 0.506741447392874 0.446731498100478 0.431008826115236 0.443920893388527 0.473912621935381 0.480119091381493 0.488170672076283 0.50168015762722 0.484174687957561 0.432376359251478 0.372394397221666 0.306800316136197 0.259719313910369 0.20037760438187 0.152419462465391 0.113658190042711
-9999 -9999 -9999 -9999 -9999 -9999 -9999 -9999 -9999 -9999 -9999 -9999 -9999 -9999 -9999 -9999 -9999 -9999 -9999 -9999 -9999 -9999 0.313188775609049 0.0772875029278614 0 0 0 0 0.129263903821179 0.317851704985454 0.436480617826929 0.475699757571489 0.499094044334906 0.520163505318603 0.514129187340844 0.496721637115411 0.525650734137137 0.544531690170681 0.507732921128291 0.470273208147587 0.456966317526708 0.471704938711432 0.482925856644359 0.462685560883917 0.439087282953621 0.437348780407874 0.447405961323099 0.464843075306488 0.474966934654158 0.487075405233931 0.503450143655465 0.461908926786043 0.39956765090512 0.336610763401544 0.273405237216456 0.228216265724934 0.172501869011237 0.124369320156934 0.0829176282346762
-9999 -9999 -9999 -9999 -9999 -9999 -9999 -9999 -9999 -9999 -9999 -9999 -9999 -9999 -9999 -9999 -9999 -9999 -9999 -9999 -9999 -9999 0.310521169231052 0.0674050377637164 0 0 0 0 0.175587713223731 0.3810154232409 0.48305383828053 0.497291957616538 0.486924538696782 0.467170135510309 0.426603894494499 0.441553370779731 0.512697375870502 0.537580194733133 0.508583999008828 0.448913073070649 0.429703157463019 0.432585943817771 0.423361027482566 0.436834550193739 0.434327133977877 0.439752019571893 0.451085689326287 0.457131669800641 0.471469580482513 0.484936448148605 0.503433378061126 0.433865340530595 0.377078361666481 0.315647534868853 0.251265431361861 0.206250615742513 0.144847489854875 0.102863036624469 0.0672401685085485
-9999 -9999 -9999 -9999 -9999 -9999 -9999 -9999 -9999 -9999 -9999 -9999 -9999 -9999 -9999 -9999 -9999 -9999 -9999 -9999 -9999 -9999 0.268198811277092 0.0379244147867023 0 0 0 0.0158286898757467 0.207094567817028 0.39709909097536 0.495401870909799 0.501799087455684 0.469508671433145 0.42905227098253 0.393469577822001 0.396459356350987 0.439995037652338 0.495877899832397 0.483452885022111 0.415699790778098 0.39084985244605 0.401810327749369 0.422831311490454 0.425136900666075 0.42455983146858 0.436097759914303 0.446166203213511 0.452257873131977 0.464914361077835 0.479185209382354 0.499290736545382 0.431289892900684 0.363718405261939 0.299486857456071 0.239089249494507 0.19610747981591 0.142846412940154 0.0986905765961472 0.0617183979914964
-9999 -9999 -9999 -9999 -9999 -9999 -9999 -9999 -9999 -9999 -9999 -9999 -9999 -9999 -9999 -9999 -9999 -9999 -9999 -9999 -9999 -9999 0.248913341460236 0.0148822495684966 0 0 0 0.0315834573834685 0.220822517366123 0.400843224599937 0.48963213254186 0.480757046758219 0.446448529553105 0.410628602820391 0.371566935174893 0.365571003763891 0.396252407225793 0.439296139193976 0.460867837705381 0.393547065428353 0.381304598075509 0.408706106287898 0.421485712567752 0.43149566825923 0.427821443466397 0.435478328795235 0.437514132681807 0.44625579035883 0.462015449036926 0.475900688671661 0.493928987046476 0.421205557629036 0.362262559249289 0.301849887348758 0.237977781864362 0.193848809544847 0.140388731297622 0.0991801546125879 0.0690289275723781
-9999 -9999 -9999 -9999 -9999 -9999 -9999 -9999 -9999 -9999 -9999 -9999 -9999 -9999 -9999 -9999 -9999 -9999 -9999 -9999 -9999 -9999 0.233606204450961 0 0 0 0 0.0174278967388336 0.210523330321407 0.383567471540334 0.456010422686147 0.449312036421057 0.404970858542294 0.375396345133079 0.351951757221802 0.344178308728094 0.351963754272538 0.383928842163174 0.442456911452367 0.392015637169931 0.383907616573591 0.400527951754936 0.425593027217388 0.424848046113237 0.420347315914012 0.42646432619644 0.431993644805572 0.440773952936718 0.457291774827491 0.475207028203614 0.472591540590948 0.432539308956867 0.363935493360169 0.301633552447476 0.244811956219675 0.200139677834735 0.15396795170269 0.111846667693331 0.0764741120299185
-9999 -9999 -9999 -9999 -9999 -9999 -9999 -9999 -9999 -9999 -9999 -9999 -9999 -9999 -9999 -9999 -9999 -9999 -9999 -9999 -9999 -9999 0.221027402133937 0 0 0 0 0 0.186960744390842 0.354784114990456 0.423201050437352 0.412081380815578 0.365989036133112 0.342407889900407 0.322626877039239 0.315555588364307 0.324629654961741 0.350119715705132 0.423669764447474 0.397697253926106 0.386042478246559 0.408979859007668 0.427044083008295 0.424562007156395 0.412372524200925 0.41697384796618 0.421711984100503 0.433540942786879 0.45128815627471 0.457768006318058 0.44722331205941 0.435131444092185 0.376398057445003 0.320453098776555 0.255969732124282 0.210180797419109 0.16218959852545 0.122646005539063 0.0890793650921937
-9999 -9999 -9999 -9999 -9999 -9999 -9999 -9999 -9999 -9999 -9999 -9999 -9999 -9999 -9999 -9999 -9999 -9999 -9999 -9999 -9999 -9999 0.204253487868244 0 0 0 0 0 0.150210481500064 0.322570923226933 0.397900488764346 0.379167391060659 0.332899929968027 0.316592157866229 0.293855644535904 0.29575321588916 0.317917291564848 0.342111200674079 0.409235485834269 0.406976434475047 0.396392481145343 0.413841497420895 0.43220660624816 0.42428607874881 0.406899773474981 0.410202979504554 0.417354593333789 0.426652075256703 0.442920559004849 0.428974792731899 0.421819373387663 0.417143649859179 0.396044028203544 0.335423390256713 0.270071754900069 0.225677573566177 0.171959232454211 0.130210697245745 0.0950102052407608
-9999 -9999 -9999 -9999 -9999 -9999 -9999 -9999 -9999 -9999 -9999 -9999 -9999 -9999 -9999 -9999 -9999 -9999 -9999 -9999 -9999 0.301066566452023 0.175492977053495 0 0 0 0 0 0.107262998843652 0.292007242176395 0.386264142440407 0.377415011041691 0.334013310317082 0.321137651247346 0.307292014413386 0.313498531893341 0.342070994341883 0.371147767949521 0.416947968234339 0.421701105661428 0.406266776302479 0.421407643769688 0.438713448594366 0.424876586018103 0.411966822414263 0.420461603515112 0.43513623388175 0.437368588724072 0.428540372499455 0.415942323562523 0.412611682882563 0.416209987491778 0.416105345234836 0.353602300736928 0.288910131152857 0.243768443691983 0.190078724064055 0.13969671067917 -9999
-9999 -9999 -9999 -9999 -9999 -9999 -9999 -9999 -9999 -9999 -9999 -9999 -9999 -9999 -9999 -9999 -9999 -9999 -9999 -9999 -9999 0.28256930827259 0.14923522665474 0 0 0 0 0 0.0603436331454497 0.269423345382029 0.353508010552259 0.374997281073806 0.355130246116416 0.342748219749805 0.343071964487173 0.355424579165212 0.382698982340444 0.419944312716767 0.431455212693956 0.441757588144048 0.433820838625185 0.439740284062817 0.431997879288907 0.422368257373097 0.415616133480354 0.41481541140489 0.419525388674857 0.427299923388023 0.415186509366165 0.410237077448404 0.415880717085771 0.424653706346427 0.438997704450807 0.379927119902317 0.308137073342454 0.259415273408877 0.192028248832086 0.141813779923939 -9999
-9999 -9999 -9999 -9999 -9999 -9999 -9999 -9999 -9999 -9999 -9999 -9999 -9999 -9999 -9999 -9999 -9999 -9999 -9999 -9999 -9999 0.250147759621839 0.0849685876410955 0 0 0 0 0 0.0362484808396751 0.243735184689381 0.346558735689811 0.368216172107574 0.35238697455559 0.349429758292014 0.354960585121888 0.36855146026021 0.394389784037901 0.42126251838879 0.422252837098495 0.417365919542406 0.414469280278931 0.40674804327427 0.40019376263713 0.389518576133384 0.383138820159989 0.382958621215491 0.38766016812548 0.39432461087039 0.387263454839661 -9999 -9999 -9999 0.251355505084468 0.20193408517059 0.227936963485924 0.196681458501521 -9999 -9999 -9999
-9999 -9999 -9999 -9999 -9999 -9999 -9999 -9999 -9999 -9999 -9999 -9999 -9999 -9999 -9999 -9999 -9999 -9999 -9999 -9999 0.349342309519488 0.194117387758498 0.0130683576441227 0 0 0 0 0 0.0241859110754065 0.228347299962946 0.343675897102031 0.347496168766166 0.335083803911794 0.339260404195014 0.346002252235517 0.359709958112513 0.383752372031743 0.39732768342857 0.395790763955925 0.385395643737938 0.376437494590181 0.369148475656625 0.365684165134345 0.351702899480187 0.346897261942833 0.345392372434022 0.343720459120214 0.350077080240366 0.346335797266357 0.347637058455235 -9999 -9999 -9999 -9999 -9999 -9999 -9999 -9999 -9999
-9999 -9999 -9999 -9999 -9999 -9999 -9999 -9999 -9999 -9999 -9999 -9999 -9999 -9999 -9999 -9999 -9999 -9999 -9999 -9999 0.292433261771286 0.112184421430799 0 0 0 0 0 0 0.0205047700733072 0.210660283140449 0.319856744514142 0.328814045221824 0.312381884779795 0.316784729444809 0.325336197486889 0.3380937504558 0.359853274232115 0.370975431936924 0.360195433361547 0.339260320431822 0.326208842421922 0.317869965361326 0.31243055119439 0.30053869081557 0.293052104234333 0.291282439275374 0.292601123208203 0.298529044311318 0.300208245022836 0.313543680253869 -9999 -9999 -9999 -9999 -9999 -9999 -9999 -9999 -9999
-9999 -9999 -9999 -9999 -9999 -9999 -9999 -9999 -9999 -9999 -9999 -9999 -9999 -9999 -9999 -9999 -9999 -9999 -9999 0.327250772768137 0.228925852330605 0.0174905516065054 0 0 0 0 0 0 0.0154755442579605 0.204819727046668 0.307096427359892 0.304357873558208 0.286239141243759 0.295795516301158 0.303821956655315 0.315300780734016 0.333250813979627 0.346627125648393 0.323148721725863 0.294015213416805 0.275385525630702 0.267456669395311 0.254947139238133 0.246848243722831 0.235581340520078 0.233731849239073 0.239535382001956 0.245654785762153 0.258662623148983 0.276938997790916 0.329788462435227 -9999 -9999 -9999 -9999 -9999 -9999 -9999 -9999
