meets/meet004/_saidas_enm/CCSM_SVM_21k_Aralia_warmingiana1.asc
NCOLS 154 
NROWS 168 
XLLCORNER -112 
YLLCORNER -55.5 
CELLSIZE 0.5 
NODATA_value -9999 
[rows 100 to 124 of 168, columns 56 to 111 of 154]
-9999 -9999 -9999 -9999 -9999 -9999 -9999 -9999 -9999 -9999 -9999 -9999 -9999 -9999 -9999 -9999 -9999 -9999 -9999 -9999 -9999 -9999 -9999 -9999 -9999 -9999 -9999 -9999 0.07834139864826 0.0447428535393714 0.0277021674465683 0.070033108968813 0.0851461760316399 0.0894892104091623 0.0879850130393606 0.0815445797747334 0.0698362943533602 0.0558889428982962 0.00922726515015376 0.0203703171598201 0.318865326580621 0.570776885719355 0.500703096806987 0.341672720381351 0.305679746200185 0.329388159201719 0.362317965610387 0.403071123489167 0.500478089060496 0.595542248215791 0.682602256714424 0.745047990311213 0.787216321928046 0.831022368768745 0.869776791164937 0.892034464815827
-9999 -9999 -9999 -9999 -9999 -9999 -9999 -9999 -9999 -9999 -9999 -9999 -9999 -9999 -9999 -9999 -9999 -9999 -9999 -9999 -9999 -9999 -9999 -9999 -9999 -9999 -9999 -9999 0.0785087485872821 0.0367349310933983 0.0418615374790725 0.0719074151177954 0.0821758515179639 0.086605545384778 0.0858986531129399 0.0806818774812765 0.0657282522533578 0.0480738250872022 -0.00294597340826802 0.0470612740213713 0.342093734483429 0.45746671754879 0.321632848022811 0.196191745012612 0.209797043027967 0.259460170234172 0.273288279093288 0.317187191086431 0.440483755358172 0.54947420474988 0.693672371964351 0.753509610630622 0.798823568006389 0.851871084724594 0.89181346907279 0.909071859633609
-9999 -9999 -9999 -9999 -9999 -9999 -9999 -9999 -9999 -9999 -9999 -9999 -9999 -9999 -9999 -9999 -9999 -9999 -9999 -9999 -9999 -9999 -9999 -9999 -9999 -9999 -9999 0.113288443554398 0.0813186262696488 0.0410195367676338 0.0361129259384987 0.0683092687107923 0.0789462421434934 0.0841874612192057 0.0842626619466348 0.0779464553061741 0.0607943916997467 0.033359915142966 -0.0151174197450609 0.0965084062947763 0.339319430084187 0.332128586531429 0.174347194251468 0.0803639811633597 0.128169234912315 0.195911134789062 0.222478810476186 0.277849184309525 0.383515787243498 0.486568018585129 0.619961342807285 0.706986160628907 0.766058396591307 0.83141033899437 0.893056463597817 0.926172770779696
-9999 -9999 -9999 -9999 -9999 -9999 -9999 -9999 -9999 -9999 -9999 -9999 -9999 -9999 -9999 -9999 -9999 -9999 -9999 -9999 -9999 -9999 -9999 -9999 -9999 -9999 -9999 0.111313595238412 0.0844511549189486 0.0418849406996004 0.036408667268759 0.0668084172690145 0.0767164236914364 0.0826872244388515 0.0839738243712497 0.0774762940814421 0.0555749712591418 0.0187254768545501 -0.0178850397557024 0.138502142972305 0.305294454701971 0.230215935068132 0.0871218418416186 0.0225627058062152 0.0845142433948722 0.161089160213747 0.19650207919263 0.247272205387776 0.337520874158336 0.43778453618535 0.556857611167577 0.663669502946438 0.718815906059513 0.805540988480281 0.893329229887987 0.937591770060402
-9999 -9999 -9999 -9999 -9999 -9999 -9999 -9999 -9999 -9999 -9999 -9999 -9999 -9999 -9999 -9999 -9999 -9999 -9999 -9999 -9999 -9999 -9999 -9999 -9999 -9999 -9999 0.113252408923938 0.0880759922854942 0.0500453430137864 0.0407817262646624 0.0669564856317047 0.0776187871609392 0.0839207055702944 0.085313179613118 0.0771467262628844 0.0504502331455884 0.006195332024994 -0.00319837259994404 0.186191338776899 0.300462864796555 0.196795069413433 0.0872862462580127 0.0389189917532183 0.0783136228472803 0.145650095180759 0.182057948791351 0.233400750483228 0.304144989903559 0.399305671045457 0.522909168611373 0.619743341267884 0.724313662038506 0.811830759407657 0.885390976381566 0.938894220813427
-9999 -9999 -9999 -9999 -9999 -9999 -9999 -9999 -9999 -9999 -9999 -9999 -9999 -9999 -9999 -9999 -9999 -9999 -9999 -9999 -9999 -9999 -9999 -9999 -9999 -9999 -9999 0.119632136599908 0.0919620966094771 0.0481244660905938 0.0487999200658815 0.071612535527554 0.0807042370879756 0.0860896051262843 0.0869096901565435 0.077562042554387 0.0504041276616522 0.00695299169224106 0.0224055768620959 0.210568048690742 0.263586353750693 0.158885920903304 0.0844122931870164 0.0472847904960217 0.0667097744531728 0.113337970027649 0.143698763987177 0.201101799827644 0.26924689491287 0.348072828734702 0.459747743489648 0.566770710137899 0.686856804350918 0.790935773372439 0.872686115057699 0.930389445289277
-9999 -9999 -9999 -9999 -9999 -9999 -9999 -9999 -9999 -9999 -9999 -9999 -9999 -9999 -9999 -9999 -9999 -9999 -9999 -9999 -9999 -9999 -9999 -9999 -9999 -9999 -9999 0.132768601840836 0.090815235717682 0.0497615777460549 0.0598660316622968 0.0771003636134364 0.0844126393499008 0.089111240571188 0.0884787736474694 0.0786014244386629 0.0557205413987734 0.0120982843587785 0.0481725900802114 0.238614031943721 0.219524092837331 0.124313183134236 0.0694032871019157 0.0392881343385277 0.0541957267995435 0.0703677149529961 0.114505465752999 0.17097995608533 0.225455952461547 0.295110301080209 0.366084845765472 0.477279462995073 0.615003411989868 0.736316178106411 0.827662413464446 0.884088430993472
-9999 -9999 -9999 -9999 -9999 -9999 -9999 -9999 -9999 -9999 -9999 -9999 -9999 -9999 -9999 -9999 -9999 -9999 -9999 -9999 -9999 -9999 -9999 -9999 -9999 -9999 -9999 0.143312987717073 0.0838340918871732 0.0563869717391249 0.0695877938046137 0.0807502723576726 0.0864896888611452 0.0902654237287741 0.09012200021579 0.0803539566139233 0.0592934465240272 0.0154302433863789 0.0734011605701844 0.252579126832484 0.1803308520283 0.0913173786295716 0.0534170204820196 0.0387642574585141 0.0513931313020528 0.0720855341264751 0.116136420663605 0.159338114161392 0.204830732512074 0.255799598422098 0.308686919801411 0.405118901355205 0.53278260558768 0.663302117581506 0.775640974492111 0.842930099080715
-9999 -9999 -9999 -9999 -9999 -9999 -9999 -9999 -9999 -9999 -9999 -9999 -9999 -9999 -9999 -9999 -9999 -9999 -9999 -9999 -9999 -9999 -9999 -9999 -9999 -9999 -9999 0.142719690873821 0.0771576109282399 0.0627020064428068 0.0760837560994376 0.0812259902763656 0.0863225905594987 0.0900069067614759 0.089779627485679 0.0821338953341749 0.060343376662303 0.0180700188641788 0.106395506338807 0.249901677534962 0.134398389432069 0.0616783890171097 0.0457379297464197 0.0435164381511537 0.0639756797750646 0.0983517792573766 0.125156498553677 0.171804984574697 0.200496393826513 0.224732474982383 0.264149324548521 0.346878684263047 0.47157116052885 0.589257449393135 0.701490752413675 0.789773091584945
-9999 -9999 -9999 -9999 -9999 -9999 -9999 -9999 -9999 -9999 -9999 -9999 -9999 -9999 -9999 -9999 -9999 -9999 -9999 -9999 -9999 -9999 -9999 -9999 -9999 -9999 -9999 0.126829207085761 0.074353358722032 0.0668497282238172 0.0749838018837127 0.077620180136632 0.0807952143112429 0.0857933841125466 0.0864362341701662 0.077864922514376 0.051838144918158 0.0201605990250405 0.146506424162906 0.211760075881096 0.092102207480608 0.0320779568368683 0.0296293233394272 0.0359584752502005 0.0539490034730494 0.0839910041076037 0.112782345512597 0.146338205023347 0.171992104131466 0.198031493570767 0.240687631451989 0.315633680093063 0.418041457541624 0.524963727417403 0.632641278128696 0.725681966306877
-9999 -9999 -9999 -9999 -9999 -9999 -9999 -9999 -9999 -9999 -9999 -9999 -9999 -9999 -9999 -9999 -9999 -9999 -9999 -9999 -9999 -9999 -9999 -9999 -9999 -9999 0.122582218902618 0.110856708341232 0.0730724451186376 0.0676911292006919 0.073021119556099 0.0695172406552034 0.0698419814563057 0.0734335608107384 0.0766451768146817 0.0708520014016515 0.0429261539623846 0.0541949277030275 0.162539476278715 0.134224131980801 0.0234990338445951 -0.0030331927651413 0.00555989591756967 0.0168653033717235 0.0284510451196437 0.0488912345845257 0.0678378284363089 0.0975452038991755 0.126263664843664 0.172745545187222 0.224387717931243 0.286744388281457 0.372094899418182 0.463504410765559 0.562131617578834 0.641530151183088
-9999 -9999 -9999 -9999 -9999 -9999 -9999 -9999 -9999 -9999 -9999 -9999 -9999 -9999 -9999 -9999 -9999 -9999 -9999 -9999 -9999 -9999 -9999 -9999 -9999 -9999 0.11650998263189 0.0941170000323156 0.0707598366689618 0.0683285591476917 0.0670890177369202 0.0612233557837172 0.0555464173327045 0.0522807405000542 0.0549746939625634 0.0442220536197221 0.0276388335863967 0.0939138599277595 0.137608591943917 0.0554551114499028 -0.0112931540841327 -0.0284934779697932 -0.0242440545216008 -0.0159217904008806 -0.00646510363561525 0.0086778359227766 0.0324502140103627 0.0687868059659227 0.103755113268666 0.14707347494178 0.200276195375085 0.26879867856377 0.350725979488597 0.437465607780363 0.508452655152781 0.583868050455606
-9999 -9999 -9999 -9999 -9999 -9999 -9999 -9999 -9999 -9999 -9999 -9999 -9999 -9999 -9999 -9999 -9999 -9999 -9999 -9999 -9999 -9999 -9999 -9999 -9999 -9999 0.109487142545174 0.0813880879374608 0.0710945635491896 0.0686725384663146 0.067943951726908 0.0519527492877759 0.0410977665009668 0.0235636929324291 0.013001185265459 0.012732686776541 0.0496807005419415 0.113442210554618 0.0729820567692525 0.0202840216635847 -0.015212398505223 -0.0288325005209139 -0.0324421404975347 -0.0310393064167881 -0.0255373995945389 -0.0171873136363249 0.0055423075244655 0.0484612766710114 0.0898304637110088 0.128346655525677 0.170556700076852 0.238573525237138 0.329019596900935 0.397882001271379 0.451601315792982 0.519977766827787
-9999 -9999 -9999 -9999 -9999 -9999 -9999 -9999 -9999 -9999 -9999 -9999 -9999 -9999 -9999 -9999 -9999 -9999 -9999 -9999 -9999 -9999 -9999 -9999 -9999 -9999 0.0968215379282869 0.0793713843494645 0.0758304097425025 0.0672268282362714 0.0528586658408731 0.035704743408098 0.0108302167053561 -0.00976412046294628 0.012195537521746 0.0657779827587136 0.11077356566187 0.0887824157194123 0.0322552276826222 0.0167150708005355 0.0143249273557249 -0.00218417167077917 -0.0162538827819682 -0.0218258926164892 -0.0201887436700703 -0.0170864309733292 -0.00779406929675741 0.0286244764145558 0.0707202088077923 0.10827561393894 0.14642935020295 0.20059592054197 0.269411595528342 0.330610090674376 0.377839965314631 0.427008459762734
-9999 -9999 -9999 -9999 -9999 -9999 -9999 -9999 -9999 -9999 -9999 -9999 -9999 -9999 -9999 -9999 -9999 -9999 -9999 -9999 -9999 -9999 -9999 -9999 -9999 0.159203604961481 0.0850079520184032 0.0822713203677503 0.0816950560063232 0.0634324016203636 0.0445154843505881 0.0182436500054967 -0.00582341949905307 0.0127796479710022 0.0846247925052681 0.145703596756246 0.127292287251283 0.0516276492382613 0.0177793684782659 0.0324292183177344 0.0563840268594384 0.0219458154928973 0.00615739296721812 0.00123183517762337 0.00469183052095279 0.0184030777853239 -0.0092653267363757 0.0120089986224756 0.0535556783518736 0.0881394232678991 0.116730900572153 0.158193395031985 0.203672278081398 0.250501980854151 0.295192496661521 0.329689117638832
-9999 -9999 -9999 -9999 -9999 -9999 -9999 -9999 -9999 -9999 -9999 -9999 -9999 -9999 -9999 -9999 -9999 -9999 -9999 -9999 -9999 -9999 -9999 -9999 -9999 0.115684084977648 0.0784339010991547 0.0800748673879786 0.0783041105612085 0.0589681881856087 0.0339270714159329 0.0114865595615944 0.00865526444913284 0.0549145765472384 0.107234755092517 0.124824519824918 0.106564925072659 0.0605502451227795 0.038610135142216 0.0385336365593987 0.0457707516602442 0.0287466765461904 0.0154360977790133 0.0112246481391467 0.020050887655665 0.0210409777862006 -0.00923135439020051 -0.00206550287469986 0.0302014366575787 0.0620930143653496 0.087271488118796 0.121178021002047 0.154154097494025 0.187720707349428 0.218475721925918 0.239937673444028
-9999 -9999 -9999 -9999 -9999 -9999 -9999 -9999 -9999 -9999 -9999 -9999 -9999 -9999 -9999 -9999 -9999 -9999 -9999 -9999 -9999 -9999 -9999 -9999 -9999 0.10088114111131 0.0752119884620828 0.0794810623126392 0.0773372915508921 0.053085477588054 0.0286752647174843 0.010759439807028 0.0181832602856714 0.0514386162725867 0.0851492779418482 0.0967329684927279 0.0852470720290488 0.0607722632049137 0.0468164111185059 0.045824529364173 0.0399367614703025 0.0275336686486031 0.0143776849459449 0.00896576143994732 0.0135267169037608 0.022253551124031 -0.0118045185131028 -0.00872943927867631 0.015440551375353 0.0402173401562125 0.0599337510372304 0.0868864065706051 0.111160055137417 0.134046890621642 0.152077571745588 0.166666781262415
-9999 -9999 -9999 -9999 -9999 -9999 -9999 -9999 -9999 -9999 -9999 -9999 -9999 -9999 -9999 -9999 -9999 -9999 -9999 -9999 -9999 -9999 -9999 -9999 -9999 0.0959093791018649 0.0752342424199177 0.0781359346020818 0.0740634923954741 0.0497975283178136 0.0250707369776886 0.0134693133734688 0.0159071266130815 0.0340679501573511 0.0677317066486377 0.0795168033427562 0.0702536262374732 0.0496685909761964 0.0404932024698852 0.0430653161180898 0.0444185357177438 0.0270547509377617 0.0104301504202846 0.00136259122456095 -0.00304777502820014 -0.00875055240765876 -0.0163528525660424 -0.00972657418423561 0.00638237002109004 0.0249829233135511 0.0416672980978274 0.0625837668639455 0.0789499873540901 0.0938433052228267 0.104187940874725 0.106604097348372
-9999 -9999 -9999 -9999 -9999 -9999 -9999 -9999 -9999 -9999 -9999 -9999 -9999 -9999 -9999 -9999 -9999 -9999 -9999 -9999 -9999 -9999 -9999 -9999 -9999 0.0917852002698619 0.0748478045340574 0.07871945353519 0.0744845540455327 0.0491783308795704 0.0256689277447406 0.0158138984689921 0.0139021252606153 0.0311875212149944 0.0625961924261558 0.0738761674607936 0.0654556954885532 0.047487328268512 0.0393828722951053 0.0434637416233874 0.0456386084047427 0.0278088170521619 0.00955578082989778 0.000819884884530386 -0.00495456549250761 -0.00821447764057359 -0.0123555060599799 -0.00896717447379658 0.000567841603099861 0.0128193631280373 0.026853289504951 0.0397151865251689 0.0517582917712363 0.0609824470206305 0.0644599399520384 0.0652851565616737
-9999 -9999 -9999 -9999 -9999 -9999 -9999 -9999 -9999 -9999 -9999 -9999 -9999 -9999 -9999 -9999 -9999 -9999 -9999 -9999 -9999 -9999 -9999 -9999 -9999 0.0865975385840652 0.0739486552311246 0.0790725013013939 0.0745875590645 0.0504404271873574 0.0274039413286629 0.017697512618059 0.0177684011801706 0.0350238271536479 0.0605351735825784 0.0718028781179076 0.063079882831871 0.0510830907688973 0.0441192376152769 0.0421922653234663 0.0395604401747506 0.0257099466551591 0.0131430689366189 0.00629268609735278 0.000461668598012888 -0.00421930856111574 -0.00753703434592701 -0.00670325769111657 -0.00259742131847812 0.00623534470399395 0.0167766216544189 0.026349826422306 0.0333197697416507 0.0385776464479465 0.0422678407683859 0.0427918356966989
-9999 -9999 -9999 -9999 -9999 -9999 -9999 -9999 -9999 -9999 -9999 -9999 -9999 -9999 -9999 -9999 -9999 -9999 -9999 -9999 -9999 -9999 -9999 -9999 -9999 0.0830296670330508 0.0715058549575107 0.0801389838603764 0.0769895956389776 0.0538910657135704 0.0300566579941531 0.0198759809064983 0.0193868130484058 0.0323589474543445 0.0521516058770533 0.0636147418831913 0.057149316567782 0.0491760344879913 0.0437648392054564 0.0405008524579601 0.0370464436166587 0.0268313663294333 0.0179480822023396 0.0120509538897942 0.00502028186955955 -7.92129867468461e-05 -0.00412468394407461 -0.00503690562367909 -0.00362047921456166 0.00186818627409702 0.00917432208712954 0.0135097500905972 0.0184611935035835 0.0216530525329862 0.0228034205722282 0.0244852700070718
-9999 -9999 -9999 -9999 -9999 -9999 -9999 -9999 -9999 -9999 -9999 -9999 -9999 -9999 -9999 -9999 -9999 -9999 -9999 -9999 -9999 -9999 -9999 -9999 -9999 0.0792174607131433 0.0696036316609088 0.0800021867383144 0.0789242480765058 0.0588509236968271 0.0352709174166292 0.0250721523513884 0.0209470880792061 0.0248291609080724 0.0363463936732926 0.0433856524500574 0.0451333278758564 0.0428704226605396 0.0405704616205694 0.0385339099994836 0.0347105058962457 0.028005630852295 0.0218440617432921 0.0161411379606808 0.00962494993229046 0.00358468219632546 -0.000308735975395991 -0.00192065807686859 -0.00210254008473271 0.00120644104018369 0.00502542952477536 0.00828133751031096 0.00938988374785887 0.00981661848953908 0.0115689232443414 0.0105490885653404
-9999 -9999 -9999 -9999 -9999 -9999 -9999 -9999 -9999 -9999 -9999 -9999 -9999 -9999 -9999 -9999 -9999 -9999 -9999 -9999 -9999 -9999 -9999 -9999 -9999 0.0754354821952685 0.0664741229381316 0.0793516567222461 0.0811880679985374 0.0643410468975011 0.0421969356410664 0.0323443031073881 0.0263910917611287 0.0258360799041877 0.0326735386327717 0.0384748198879477 0.0417301959727899 0.0414456387197559 0.0406558138249769 0.0401142733591255 0.0365980732153598 0.0310517918453312 0.0252800360376398 0.0200562083950473 0.0137406600028823 0.00811897974301268 0.00360124482553809 0.00137727786267616 0.00138413894112471 0.00300433654021304 0.00501602845179139 0.00642163791235478 0.00696665832403354 0.0115065225182743 0.0115071332497354 0.0136953921659494
-9999 -9999 -9999 -9999 -9999 -9999 -9999 -9999 -9999 -9999 -9999 -9999 -9999 -9999 -9999 -9999 -9999 -9999 -9999 -9999 -9999 -9999 -9999 -9999 -9999 0.0746782643332425 0.0653795956671636 0.0793687437938606 0.0829509348089394 0.0692797257345438 0.0510399210421466 0.0418347849972874 0.0339556688115688 0.0300939823445233 0.0340032514154495 0.0394936311508483 0.0418009381198979 0.0428665463591552 0.0426657769372243 0.0414780969612066 0.0398253744842864 0.0342736997981195 0.0286106593043889 0.0241784064855066 0.0189720492745173 0.0143894058615661 0.00821139315978114 0.00550447962618883 0.00384976760895844 0.00517965550138239 0.00738078775372503 0.00632106470116051 0.0118770232456702 0.0115312923101349 0.0132684638700737 0.025580514275181
-9999 -9999 -9999 -9999 -9999 -9999 -9999 -9999 -9999 -9999 -9999 -9999 -9999 -9999 -9999 -9999 -9999 -9999 -9999 -9999 -9999 -9999 -9999 -9999 0.0831167693414592 0.0728292169985078 0.0638536161672026 0.0795504228295797 0.0845332349636995 0.0734216996461122 0.0563793931397645 0.0475901121452409 0.0405164323016747 0.0348524244996598 0.0352369582649456 0.0396526426868085 0.0414163868199374 0.0421285570431612 0.0421800504821188 0.0424558597669847 0.0430942242117036 0.0385637031505757 0.0334541254105903 0.0294643330814717 0.0250406623639104 0.0197918058684142 0.0134331832418787 0.00899212507824027 0.00543218731112605 0.0025085576736637 0.00162801795376205 0.00386647278842611 0.0109204529981073 0.0126085272321281 0.00904141987199081 0.0147268834823023
