meets/meet004/_saidas_enm/CCSM_SVM_6k_Aralia_warmingiana1.asc
NCOLS 154 
NROWS 168 
XLLCORNER -112 
YLLCORNER -55.5 
CELLSIZE 0.5 
NODATA_value -9999 
[rows 100 to 124 of 168, columns 55 to 109 of 154]
-9999 -9999 -9999 -9999 -9999 -9999 -9999 -9999 -9999 -9999 -9999 -9999 -9999 -9999 -9999 -9999 -9999 -9999 -9999 -9999 -9999 -9999 -9999 -9999 -9999 -9999 -9999 -9999 -9999 0.114567457902665 0.101334354143932 0.00130894363709205 0.0235603816840728 0.0504152628044058 0.0611343892214669 0.0556193859406121 0.0390405949351708 0.0251520432515568 0.0150522247727232 0.000232280216934611 0.155973149293909 0.628398661264809 0.740675262882803 0.347594229080934 0.0773541332374331 0.0357894543609995 0.0283972569698077 -0.0271523062611113 -0.0809762818032609 -0.0926029928401438 -0.0930862022164879 -0.0954883039214205 -0.0892223047554276 -0.0759548124766058 -0.0492955401617907
-9999 -9999 -9999 -9999 -9999 -9999 -9999 -9999 -9999 -9999 -9999 -9999 -9999 -9999 -9999 -9999 -9999 -9999 -9999 -9999 -9999 -9999 -9999 -9999 -9999 -9999 -9999 -9999 -9999 0.111885811883879 0.0834694078389628 0.00280375833340069 0.0271118305759656 0.0455483813208428 0.0539384613770614 0.0495491088934028 0.0397477132273477 0.0253659881676521 0.0163825430997185 0.00802844312695011 0.208733382163919 0.657662786329392 0.624463467071124 0.249076484898905 0.0293463816299537 0.0483065895507236 0.0601377827070466 -0.00427159363244156 -0.0383379311031206 -0.0300097621592467 -0.0314221896163979 -0.023347612280618 -0.0411589044499285 -0.0438413461100022 -0.0194551254719699
-9999 -9999 -9999 -9999 -9999 -9999 -9999 -9999 -9999 -9999 -9999 -9999 -9999 -9999 -9999 -9999 -9999 -9999 -9999 -9999 -9999 -9999 -9999 -9999 -9999 -9999 -9999 -9999 0.10563701393339 0.104967827666678 0.0836463330391184 0.00919836440941896 0.0262998036884772 0.0398853964332849 0.0455789835625834 0.044621947109835 0.0384183930850202 0.0241051578662562 0.0104436933082912 0.0216219592990072 0.295062117273258 0.64568563217304 0.482349654846868 0.149987933096407 -0.0150182208768356 0.0183906508918254 0.0725308000615352 0.0600055207046354 0.0337293657616384 0.0353881233583792 0.0324128747051872 0.0277901461579788 0.0122886900299728 -0.00213668878217266 0.0136248556247645
-9999 -9999 -9999 -9999 -9999 -9999 -9999 -9999 -9999 -9999 -9999 -9999 -9999 -9999 -9999 -9999 -9999 -9999 -9999 -9999 -9999 -9999 -9999 -9999 -9999 -9999 -9999 -9999 0.104817720244922 0.104944245833338 0.084467802447119 0.0169623260737519 0.0292467806871465 0.0371358592170297 0.0401699284124966 0.0438912405546892 0.0433362859740191 0.0209210033896199 0.00575272295561446 0.0455327651871357 0.377621072009021 0.576132290081719 0.360437001217384 0.0793986012109299 -0.032855391932919 0.019978206678724 0.0742924238241097 0.104820608512305 0.116464047137046 0.11010283733584 0.114410723129406 0.108013359087276 0.0888726021862995 0.0623619420722643 0.0745829610193134
-9999 -9999 -9999 -9999 -9999 -9999 -9999 -9999 -9999 -9999 -9999 -9999 -9999 -9999 -9999 -9999 -9999 -9999 -9999 -9999 -9999 -9999 -9999 -9999 -9999 -9999 -9999 -9999 0.10557626484953 0.107819665155064 0.0847263182734782 0.0277034909429615 0.0349429582395833 0.0402565983345501 0.040939830673083 0.0462962693858967 0.045883599177883 0.0163179759544598 0.00604158789699433 0.092544741669326 0.463013847677958 0.554112657891739 0.300027911720461 0.101124655847643 -0.0019361435449185 0.0294533267398658 0.0927647365480635 0.106841787251392 0.135017539668667 0.177135096983424 0.202701137144719 0.210961534959128 0.190914462782236 0.184662619293449 0.195607853073083
-9999 -9999 -9999 -9999 -9999 -9999 -9999 -9999 -9999 -9999 -9999 -9999 -9999 -9999 -9999 -9999 -9999 -9999 -9999 -9999 -9999 -9999 -9999 -9999 -9999 -9999 -9999 -9999 0.106644505084695 0.111780116832124 0.0758023317113556 0.0365869035649909 0.0447923956817154 0.0467246780555544 0.0464939523775613 0.0502843046100712 0.04995738094063 0.021928028252734 0.0212822621859874 0.130378630961206 0.48737880418817 0.492489007464209 0.248102010962691 0.0924195502173329 0.0142525017527228 0.0368310197145093 0.0826825446566499 0.0898053807781975 0.120143198128025 0.167825205565124 0.215664508638294 0.286741598233155 0.303080103780134 0.310306840028998 0.331028836615933
-9999 -9999 -9999 -9999 -9999 -9999 -9999 -9999 -9999 -9999 -9999 -9999 -9999 -9999 -9999 -9999 -9999 -9999 -9999 -9999 -9999 -9999 -9999 -9999 -9999 -9999 -9999 -9999 0.119152659208236 0.11449044416322 0.0658871811294163 0.0476312536738099 0.0545953279712795 0.0554947092255891 0.053888158113793 0.0555497772963078 0.055762761251892 0.0363688456772934 0.037364949900637 0.150766726380725 0.499365534152647 0.418481303582406 0.204157256135731 0.0850528429521378 0.0246020939131547 0.0331936656270206 0.0494414914813625 0.0838564713673596 0.110584892792037 0.146746608025562 0.202011029539544 0.26754679274524 0.337995978082638 0.414917009293525 0.449318094889476
-9999 -9999 -9999 -9999 -9999 -9999 -9999 -9999 -9999 -9999 -9999 -9999 -9999 -9999 -9999 -9999 -9999 -9999 -9999 -9999 -9999 -9999 -9999 -9999 -9999 -9999 -9999 -9999 0.145675724238499 0.115390578932115 0.0633418418500429 0.0592234897146013 0.0624580717362953 0.0599726211398391 0.0575504297285792 0.0615753423816972 0.0650363961583868 0.0510269651521956 0.0482424716602955 0.168620650589256 0.491857250301513 0.356474227882531 0.143944447759234 0.0718460342703425 0.0406013203499932 0.0479437702117759 0.0591292967569561 0.0934938256864795 0.119000806665681 0.15501135859676 0.197367471042629 0.256615916572487 0.330902097172347 0.410295576972941 0.511388742963552
-9999 -9999 -9999 -9999 -9999 -9999 -9999 -9999 -9999 -9999 -9999 -9999 -9999 -9999 -9999 -9999 -9999 -9999 -9999 -9999 -9999 -9999 -9999 -9999 -9999 -9999 -9999 -9999 0.175445324701477 0.11342977144836 0.0641328882087249 0.0696547283325273 0.0674755962705813 0.0617588398515171 0.0572118418255475 0.0647725938485136 0.0744886659426771 0.060156675933668 0.053497285646323 0.185602186310931 0.467806084867378 0.279401626357851 0.0984747651368995 0.060489033765536 0.0494614697260246 0.0703906310954304 0.102869746156834 0.111136563790888 0.140533773491176 0.166084257854157 0.198694746227698 0.241475952842642 0.313820889053552 0.4076705955112 0.502540909140358
-9999 -9999 -9999 -9999 -9999 -9999 -9999 -9999 -9999 -9999 -9999 -9999 -9999 -9999 -9999 -9999 -9999 -9999 -9999 -9999 -9999 -9999 -9999 -9999 -9999 -9999 -9999 -9999 0.18930508630983 0.101587344465152 0.0665151154573519 0.0711346186510051 0.0677001857239001 0.0551330572436278 0.0455579854888863 0.0582512737738498 0.0710160666359568 0.057539962212413 0.0521984763429628 0.225347908468559 0.402640411723653 0.202521872261769 0.0496059156400949 0.0274872232794323 0.0344305472102296 0.052667178650122 0.0826543791514395 0.100075543615028 0.126798910418223 0.156983853023728 0.191425628099157 0.237520067698977 0.305370817917768 0.387659217801954 0.479135847731066
-9999 -9999 -9999 -9999 -9999 -9999 -9999 -9999 -9999 -9999 -9999 -9999 -9999 -9999 -9999 -9999 -9999 -9999 -9999 -9999 -9999 -9999 -9999 -9999 -9999 -9999 -9999 0.162540763924994 0.180146407639552 0.0910682295569377 0.0679537052673421 0.074090179330606 0.0668023898179037 0.049120962089164 0.0249054874725685 0.0417525290783 0.0669830643842027 0.0482532683850891 0.0706136698962555 0.231858746782139 0.261729116457228 0.0742170860861454 -0.00569430252216396 -0.0192574303267004 -0.00398139341026604 0.0103276872114029 0.0303306798820665 0.0530855288466078 0.0844683053831844 0.115760726133891 0.173523187085127 0.232438023995285 0.28996948160311 0.364111050568634 0.441307635903274
-9999 -9999 -9999 -9999 -9999 -9999 -9999 -9999 -9999 -9999 -9999 -9999 -9999 -9999 -9999 -9999 -9999 -9999 -9999 -9999 -9999 -9999 -9999 -9999 -9999 -9999 -9999 0.171401509430278 0.141965960357317 0.0745584384551124 0.0705044901081012 0.0750197627376064 0.0683328815988205 0.0428060122598219 0.00541771872035679 0.0112626635754191 0.0373986206856843 0.0365211750773255 0.149363650554648 0.229104734968894 0.0940100471377374 -0.0248857488639426 -0.0601518558760283 -0.0595102563806245 -0.0490341657545516 -0.04333747454088 -0.0242681143081125 0.00378245523822934 0.0463526173314727 0.0903750622457779 0.147045640449048 0.211608301222348 0.281739067113783 0.354474965425166 0.432024228481554
-9999 -9999 -9999 -9999 -9999 -9999 -9999 -9999 -9999 -9999 -9999 -9999 -9999 -9999 -9999 -9999 -9999 -9999 -9999 -9999 -9999 -9999 -9999 -9999 -9999 -9999 -9999 0.169243131823692 0.0968483951681692 0.0674513071093878 0.0722747765035361 0.0811468222969256 0.067208646206055 0.0376367742850029 -0.00776493433439451 -0.0113363427452203 0.02425746402535 0.0916788996653465 0.22060150341804 0.120047429092949 -0.00583553868216857 -0.0735607992653046 -0.0877026299474141 -0.0858908159554872 -0.0800598284860341 -0.0708079884762598 -0.0584944009543633 -0.0251827469026289 0.0261855169949684 0.0781384030102381 0.131174684505777 0.190098012308345 0.25994102839978 0.343362354946705 0.416043996412544
-9999 -9999 -9999 -9999 -9999 -9999 -9999 -9999 -9999 -9999 -9999 -9999 -9999 -9999 -9999 -9999 -9999 -9999 -9999 -9999 -9999 -9999 -9999 -9999 -9999 -9999 -9999 0.145465417505232 0.0752951402706578 0.0672034702423201 0.0697112037871792 0.0711560601878802 0.0595813079216566 0.0246972707191199 0.00414375158957786 0.0388158997450062 0.102890885914191 0.194071003959846 0.148594276442348 0.0064401462459972 -0.0432352854182017 -0.0454775966530786 -0.0598503877406484 -0.0719602667120486 -0.0744070260049666 -0.0654897060183416 -0.0530661282481015 -0.032713386375462 0.0158673692956776 0.0688030714356558 0.118400819097933 0.170765102545445 0.244178415996928 0.311417979251004 0.375685869459885
-9999 -9999 -9999 -9999 -9999 -9999 -9999 -9999 -9999 -9999 -9999 -9999 -9999 -9999 -9999 -9999 -9999 -9999 -9999 -9999 -9999 -9999 -9999 -9999 -9999 -9999 0.26953944864563 0.10686964062797 0.0721025352042117 0.0708392416242641 0.063228888966539 0.0602395384486317 0.0464590571493915 0.0393691206096646 0.0711292500046178 0.131366940135482 0.209112805129859 0.163475883840489 0.0301047064610941 -0.0465704064927003 -0.0252892601415124 0.0240150982063125 -0.0287654609549119 -0.0405827620377337 -0.0405634360773798 -0.0287186415621293 0.00222419910908173 -0.0253129322876469 0.00714029773058589 0.060730238764957 0.1085383356255 0.146168222474981 0.206444220183591 0.270676297390362 0.323990673029953
-9999 -9999 -9999 -9999 -9999 -9999 -9999 -9999 -9999 -9999 -9999 -9999 -9999 -9999 -9999 -9999 -9999 -9999 -9999 -9999 -9999 -9999 -9999 -9999 -9999 -9999 0.196329449610431 0.0837786179659192 0.0688600786137323 0.0690024714107434 0.0584511754160744 0.0466128678709883 0.0423520522727168 0.0611738001060837 0.10386094172187 0.14355549354479 0.15835585697318 0.108978348829266 0.0240284516470711 -0.0164671929503515 -0.00984065160834247 0.0199161994746195 -0.00789936948405101 -0.0229759183898999 -0.025822300005932 -0.00258250931956988 0.0126602386973564 -0.0198830885299273 -0.00378829841672451 0.0410559241231592 0.087920000747281 0.124974393170334 0.178209390063605 0.229844256362776 0.278368059016726
-9999 -9999 -9999 -9999 -9999 -9999 -9999 -9999 -9999 -9999 -9999 -9999 -9999 -9999 -9999 -9999 -9999 -9999 -9999 -9999 -9999 -9999 -9999 -9999 -9999 -9999 0.162021046270687 0.07415775544676 0.0693865138774262 0.069236993150182 0.0504518315783777 0.037805995454518 0.0361298337467924 0.059283117245427 0.0726503216921205 0.0812766297268837 0.0949298569676324 0.0770589792284819 0.0269866321620043 0.00521448257504348 0.0247719016269989 0.0217434291725395 -0.00311211136303197 -0.0246612963463966 -0.0267569656722885 -0.00499291181429606 0.0190159582778737 -0.0206605472244671 -0.0108774539807703 0.0271883995613781 0.0677594189433015 0.0988833307119338 0.14474349539957 0.188449524744665 0.226938809125045
-9999 -9999 -9999 -9999 -9999 -9999 -9999 -9999 -9999 -9999 -9999 -9999 -9999 -9999 -9999 -9999 -9999 -9999 -9999 -9999 -9999 -9999 -9999 -9999 -9999 -9999 0.145520906151721 0.0724523374822588 0.0645801115689807 0.0606643868522427 0.0402544840894321 0.023977155399835 0.0302611049568657 0.0371780482267796 0.0275862341391787 0.0415282667120119 0.0598262955760582 0.049210430051943 0.0206066805883642 0.00813304072655979 0.0232067158495964 0.0352841074759437 0.00110456769633605 -0.0269224098520839 -0.0376496497636846 -0.0344810463135706 -0.0314543842983122 -0.0327199698895847 -0.0124739895678935 0.0190016239209212 0.0526428832850364 0.0829104077472349 0.122602173545612 0.156590174374246 0.182480610461194
-9999 -9999 -9999 -9999 -9999 -9999 -9999 -9999 -9999 -9999 -9999 -9999 -9999 -9999 -9999 -9999 -9999 -9999 -9999 -9999 -9999 -9999 -9999 -9999 -9999 -9999 0.136579656269706 0.0722583665110915 0.0624423538004861 0.0547835096343968 0.0306163852531627 0.0162177481289384 0.0236367814422023 0.015477417789433 0.00529931868752542 0.0394411223339571 0.0532396955476263 0.0450865369843849 0.0233085593461875 0.011234821104152 0.0294341844931106 0.0373822030230388 0.00567871300927697 -0.0289246255120252 -0.0397018611174781 -0.041235930842098 -0.041149421441485 -0.0336028309890328 -0.0144010316216224 0.0112007906882795 0.0378488614985634 0.0654504485043846 0.0959345442028023 0.124900458616613 0.143702454686074
-9999 -9999 -9999 -9999 -9999 -9999 -9999 -9999 -9999 -9999 -9999 -9999 -9999 -9999 -9999 -9999 -9999 -9999 -9999 -9999 -9999 -9999 -9999 -9999 -9999 -9999 0.125788391431484 0.0716092000547754 0.060788299135941 0.0497512867029337 0.0268205492100043 0.0189272884570599 0.0197312194122418 0.00682352118109186 0.0102227523827486 0.0410523973689075 0.0590562421254645 0.0421212514468924 0.024571727485494 0.0149813103296969 0.0197400379802842 0.023324099629327 -0.0034006108127449 -0.029844575470471 -0.03881851992787 -0.0400430248824885 -0.0372763522814114 -0.0310871642841326 -0.0164131084726633 0.00326727062933496 0.0276467693248316 0.0544052329962701 0.0807052196949581 0.101080366477189 0.112862061260005
-9999 -9999 -9999 -9999 -9999 -9999 -9999 -9999 -9999 -9999 -9999 -9999 -9999 -9999 -9999 -9999 -9999 -9999 -9999 -9999 -9999 -9999 -9999 -9999 -9999 -9999 0.122683156537698 0.0679384392407512 0.0619584029241716 0.0506476395626659 0.0263449305893736 0.018873191107136 0.0132155980521883 0.000940540973739745 0.00809386517108107 0.0332707569367695 0.0447067575377364 0.032973570529737 0.0195240823420427 0.0101897247239945 0.01231791722261 0.0116598501828231 -0.00866440486662734 -0.0269686804025085 -0.0340699432243119 -0.035925982187769 -0.0340880989407196 -0.0298844620382507 -0.0193404058010263 -0.00407485037924471 0.0185663652533732 0.0414773801094355 0.0607760986857321 0.0786436236559322 0.0873614156090965
-9999 -9999 -9999 -9999 -9999 -9999 -9999 -9999 -9999 -9999 -9999 -9999 -9999 -9999 -9999 -9999 -9999 -9999 -9999 -9999 -9999 -9999 -9999 -9999 -9999 -9999 0.118813220699778 0.0649030497129109 0.0624040027136216 0.0539572938788983 0.0286923099010453 0.0162489964533346 0.00835820089359685 -0.0041461517971404 -0.00545519557222884 0.00668223292079717 0.0106955927628131 0.0105058773025278 0.00497299458401429 0.00233350715089686 0.00438536885663438 0.002674811322743 -0.0103215374115236 -0.0229075299313798 -0.0297565851434611 -0.0323198264536727 -0.0313311709861183 -0.028320225992316 -0.0200821904686883 -0.00669318094868965 0.0113864190685851 0.0294129053951783 0.0488728542277923 0.0626327058735854 0.0690145696474295
-9999 -9999 -9999 -9999 -9999 -9999 -9999 -9999 -9999 -9999 -9999 -9999 -9999 -9999 -9999 -9999 -9999 -9999 -9999 -9999 -9999 -9999 -9999 -9999 -9999 -9999 0.116788333265845 0.0615611329286496 0.0595853652987819 0.0574114793799144 0.0327356826376697 0.0184968535582259 0.00717380054583949 -0.00561582848972453 -0.00949426924187879 -0.001853351846688 0.00191325298883943 0.00387694783970483 0.00185359158186654 0.000506056776570285 0.00540281228810607 0.00200915920310507 -0.00862708786571531 -0.0193985828475502 -0.0254666715814168 -0.02817487747854 -0.0287541400240651 -0.0277266516732033 -0.02008895690291 -0.00754845270779381 0.00945529289307229 0.0258394842131181 0.0423090907149235 0.0548572116462496 0.0596260679082236
-9999 -9999 -9999 -9999 -9999 -9999 -9999 -9999 -9999 -9999 -9999 -9999 -9999 -9999 -9999 -9999 -9999 -9999 -9999 -9999 -9999 -9999 -9999 -9999 -9999 -9999 0.113843639499165 0.0617968040175902 0.0590132070442216 0.0596203944287949 0.0364733109800013 0.0237022877528649 0.0124133266662157 -0.00366682522448275 -0.00960542473998249 -0.00365610180604403 0.00376455968657163 0.00335439137957882 0.00238277757839639 0.0025755424094952 0.00531265833309241 0.00427292536079987 -0.00578994878040684 -0.0167631992542492 -0.0216989391971234 -0.0239425862435608 -0.0252958926424871 -0.0267205866989733 -0.0201076896932275 -0.00845157440717081 0.00821588875931406 0.0293861737971882 0.0370709756986699 0.0480706579421736 0.0443347552374634
-9999 -9999 -9999 -9999 -9999 -9999 -9999 -9999 -9999 -9999 -9999 -9999 -9999 -9999 -9999 -9999 -9999 -9999 -9999 -9999 -9999 -9999 -9999 -9999 -9999 0.0998923553940684 0.106109134281558 0.0587977917784697 0.0593042197311794 0.0632119075484647 0.0414781725762942 0.0229433573263853 0.012608220311506 -0.000936925049160875 -0.00928035058847199 -0.00650416287104627 0.000199543294610416 -2.17402270391576e-05 -0.000852453120655683 -0.00132442442418718 0.00227091108590149 0.00636158337546411 -0.00433857080636468 -0.0140499381453021 -0.0183291510788491 -0.020408669454035 -0.0223748343582558 -0.0251266235661041 -0.021682183169645 -0.0150750742343545 -0.00558031139857051 0.00743952996969133 0.0159572340308653 0.0219801889507727 0.00618829353442246
