meets/meet004/_saidas_enm/CCSM_Maxent_21k_Cavanillesia_umbellata5.asc
NCOLS 154 
NROWS 168 
XLLCORNER -112 
YLLCORNER -55.5 
CELLSIZE 0.5 
NODATA_value -9999 
[rows 75 to 99 of 168, columns 56 to 111 of 154]
-9999 -9999 -9999 -9999 -9999 -9999 -9999 -9999 -9999 -9999 -9999 0.0813928991556168 0.235574275255203 0.234863772988319 0.269069254398346 0.301284343004227 0.310093104839325 0.337023884057999 0.358905911445618 0.378948599100113 0.382095366716385 0.381740510463715 0.254662930965424 0.253929227590561 0.254647433757782 0.409350752830505 0.414955109357834 0.415689408779144 0.419477760791779 0.422194272279739 0.422249019145966 0.42396667599678 0.42206859588623 0.418762266635895 0.412599116563797 0.405385851860046 0.402869313955307 0.399056196212769 0.397901505231857 0.397381842136383 0.395958572626114 0.397921979427338 0.398593902587891 0.398944020271301 0.399056971073151 0.394624620676041 0.384644061326981 0.370602577924728 0.354783594608307 0.33538943529129 0.315474629402161 0.296160399913788 0.277088701725006 0.260574758052826 0.248883619904518 0.250190138816833
-9999 -9999 -9999 -9999 -9999 -9999 -9999 -9999 -9999 -9999 -9999 0.0843557342886925 0.260849207639694 0.261880815029144 0.27269572019577 0.289011389017105 0.33014976978302 0.356178045272827 0.374296873807907 0.36287721991539 0.149210706353188 0.384678333997726 0.380700677633286 0.257556676864624 0.255680024623871 0.255272209644318 0.414206117391586 0.415802896022797 0.419309556484222 0.420603334903717 0.420466840267181 0.422311067581177 0.420951753854752 0.417610496282578 0.408855408430099 0.40056499838829 0.396333754062653 0.391157418489456 0.387997359037399 0.38305589556694 0.3797587454319 0.384122520685196 0.384079724550247 0.383586645126343 0.38170537352562 0.371446162462234 0.363202154636383 0.352803200483322 0.338655471801758 0.322220683097839 0.306179940700531 0.287761569023132 0.269015580415726 0.25895744562149 0.264586091041565 0.270041286945343
-9999 -9999 -9999 -9999 -9999 -9999 -9999 -9999 -9999 -9999 -9999 -9999 0.251726090908051 0.258932590484619 0.268324792385101 0.277548491954803 0.301837593317032 0.340520888566971 0.369079530239105 0.385941684246063 0.37016037106514 0.38144713640213 0.386638045310974 0.388164758682251 0.25691094994545 0.252527832984924 0.255005806684494 0.418154537677765 0.423742681741714 0.425500154495239 0.422970056533813 0.42674332857132 0.42481455206871 0.421520888805389 0.413492321968079 0.403349488973618 0.395846307277679 0.388661533594131 0.383617043495178 0.37805712223053 0.374069720506668 0.378002762794495 0.379291027784348 0.375688076019287 0.366598933935165 0.354466319084167 0.343708634376526 0.332471996545792 0.320227414369583 0.307205647230148 0.293008893728256 0.276238709688187 0.27210521697998 0.272997200489044 0.278487205505371 0.283422887325287
-9999 -9999 -9999 -9999 -9999 -9999 -9999 -9999 -9999 -9999 -9999 -9999 0.0985138937830925 0.278112202882767 0.259942263364792 0.256763249635696 0.261805206537247 0.271966755390167 0.298285901546478 0.34945747256279 0.383179545402527 0.365720212459564 0.383027136325836 0.38858363032341 0.225213214755058 0.242551311850548 0.253402531147003 0.263682007789612 0.429124355316162 0.43361034989357 0.267482936382294 0.272527009248734 0.271371096372604 0.26773664355278 0.261947393417358 0.256077349185944 0.246549874544144 0.238499999046326 0.233383700251579 0.227991461753845 0.373685002326965 0.376541078090668 0.38052237033844 0.37486144900322 0.358550786972046 0.341222167015076 0.326713740825653 0.313519656658173 0.30134055018425 0.29044446349144 0.281557083129883 0.279199928045273 0.160660102963448 0.162432506680489 0.164449691772461 0.287668883800507
-9999 -9999 -9999 -9999 -9999 -9999 -9999 -9999 -9999 -9999 -9999 -9999 -9999 0.0983476191759109 0.254586219787598 0.232896223664284 0.229000359773636 0.225604876875877 0.2446608543396 0.275936335325241 0.302952378988266 0.339855879545212 0.353170394897461 0.361996084451675 0.391522765159607 0.238606557250023 0.249815747141838 0.237998872995377 0.246429353952408 0.24800942838192 0.274010211229324 0.276729434728622 0.276238977909088 0.274412274360657 0.270902633666992 0.260624796152115 0.254235357046127 0.244206517934799 0.236374601721764 0.22797130048275 0.223307147622108 0.372167736291885 0.375321209430695 0.368403643369675 0.35207062959671 0.331920921802521 0.312172144651413 0.170926302671432 0.162146955728531 0.163518011569977 0.1651691198349 0.166839420795441 0.166978165507317 0.167365044355392 0.169447660446167 0.159373730421066
-9999 -9999 -9999 -9999 -9999 -9999 -9999 -9999 -9999 -9999 -9999 -9999 -9999 0.319548159837723 0.256156712770462 0.201961502432823 0.207459077239037 0.189460217952728 0.193340256810188 0.223951175808907 0.246973350644112 0.308502107858658 0.367869228124619 0.376235783100128 0.383236050605774 0.381318747997284 0.401167899370193 0.389133304357529 0.250272035598755 0.253709375858307 0.254411339759827 0.262401103973389 0.28668886423111 0.284894019365311 0.283258646726608 0.269045293331146 0.268815249204636 0.255900830030441 0.244479775428772 0.229922920465469 0.217355981469154 0.218527317047119 0.368204653263092 0.360055893659592 0.343374639749527 0.32659500837326 0.178201004862785 0.166092619299889 0.160949006676674 0.162774384021759 0.164802640676498 0.166771546006203 0.169151946902275 0.171480104327202 0.165310353040695 0.139387220144272
-9999 -9999 -9999 -9999 -9999 -9999 -9999 -9999 -9999 -9999 -9999 -9999 -9999 -9999 0.289168536663055 0.221224904060364 0.20256370306015 0.185224175453186 0.181854695081711 0.203260645270348 0.235614091157913 0.288881599903107 0.358080804347992 0.386601686477661 0.384463638067245 0.387594193220139 0.394282609224319 0.409466534852982 0.394267022609711 0.412129193544388 0.431188464164734 0.435800433158875 0.440077692270279 0.440427511930466 0.469153583049774 0.464352130889893 0.462992191314697 0.451558619737625 0.431406795978546 0.24810291826725 0.225047782063484 0.218254908919334 0.212380900979042 0.208210870623589 0.343130886554718 0.328434646129608 0.183661356568336 0.171896621584892 0.16590279340744 0.166563883423805 0.167116969823837 0.16998565196991 0.170602977275848 0.169151335954666 0.146252274513245 0.127650380134583
-9999 -9999 -9999 -9999 -9999 -9999 -9999 -9999 -9999 -9999 -9999 -9999 -9999 -9999 0.316417425870895 0.249550148844719 0.222084879875183 0.202281579375267 0.188212379813194 0.191253513097763 0.215481087565422 0.255480974912643 0.289553165435791 0.302885472774506 0.330051064491272 0.371149301528931 0.394237190485001 0.404760628938675 0.416346430778503 0.399422466754913 0.183441758155823 0.444322139024734 0.456673145294189 0.46565043926239 0.497248232364655 0.498421669006348 0.49759778380394 0.495386838912964 0.477658808231354 0.43636828660965 0.236895591020584 0.226401895284653 0.211800336837769 0.20328825712204 0.201252117753029 0.195271700620651 0.187215477228165 0.177663832902908 0.17257285118103 0.173599421977997 0.170136526226997 0.173041045665741 0.17028845846653 0.151824429631233 0.132301554083824 0.123054631054401
-9999 -9999 -9999 -9999 -9999 -9999 -9999 -9999 -9999 -9999 -9999 -9999 -9999 -9999 -9999 0.11417219042778 0.232009470462799 0.213965103030205 0.18888333439827 0.19567546248436 0.195286303758621 0.215940281748772 0.235430344939232 0.257037222385406 0.285919398069382 0.309107661247253 0.335252165794373 0.356887310743332 0.397743165493011 0.42264723777771 0.427353054285049 0.411197990179062 0.185687586665154 0.475098580121994 0.472868800163269 0.439664751291275 0.434267044067383 0.432267725467682 0.49974462389946 0.488063633441925 0.458153188228607 0.408524721860886 0.219194188714027 0.200859740376472 0.198309615254402 0.196753904223442 0.191884070634842 0.187151908874512 0.184356585144997 0.186499550938606 0.186778232455254 0.185890913009644 0.167792648077011 0.14784936606884 0.130512848496437 0.115969903767109
-9999 -9999 -9999 -9999 -9999 -9999 -9999 -9999 -9999 -9999 -9999 -9999 -9999 -9999 -9999 0.450855612754822 0.096453070640564 0.221673890948296 0.163338020443916 0.187193900346756 0.187548011541367 0.2094546854496 0.216192007064819 0.228266850113869 0.26127365231514 0.277033150196075 0.307031393051147 0.325990319252014 0.343541443347931 0.361411660909653 0.39401713013649 0.37631019949913 0.166708141565323 0.189382493495941 0.475744724273682 0.448466360569 0.434725672006607 0.432982802391052 0.435650259256363 0.438858151435852 0.443744689226151 0.456248044967651 0.229814052581787 0.198248580098152 0.195670127868652 0.198319479823112 0.195197463035583 0.194715917110443 0.195071846246719 0.200486838817596 0.20488253235817 0.203884944319725 0.173962101340294 0.154481753706932 0.134521126747131 0.118163153529167
-9999 -9999 -9999 -9999 -9999 -9999 -9999 -9999 -9999 -9999 -9999 -9999 -9999 -9999 -9999 0.517127931118011 0.125821977853775 0.0842137634754181 0.0539588108658791 0.148417264223099 0.166125014424324 0.202935397624969 0.216275930404663 0.227933987975121 0.230979949235916 0.250855892896652 0.269851744174957 0.292925000190735 0.298057407140732 0.303985029459 0.345217108726501 0.348708033561707 0.361474126577377 0.39523783326149 0.433351278305054 0.502070486545563 0.503089606761932 0.433066487312317 0.433673650026321 0.444612115621567 0.443203002214432 0.482685714960098 0.235912874341011 0.199693456292152 0.191480174660683 0.194387927651405 0.198486462235451 0.20252850651741 0.207567378878593 0.214879557490349 0.362276256084442 0.369360625743866 0.333558291196823 0.307929426431656 0.280785173177719 0.258173495531082
-9999 -9999 -9999 -9999 -9999 -9999 -9999 -9999 -9999 -9999 -9999 -9999 -9999 -9999 -9999 -9999 0.462636083364487 0.114912316203117 0.0832337960600853 0.0512985475361347 0.0659624561667442 0.131761372089386 0.149410858750343 0.170493721961975 0.190663352608681 0.187435299158096 0.226002037525177 0.224774122238159 0.227002859115601 0.242061257362366 0.271210819482803 0.335258841514587 0.330006778240204 0.348511576652527 0.381792545318604 0.450926572084427 0.463969439268112 0.492452591657639 0.41878679394722 0.427118390798569 0.431443125009537 0.456946730613708 0.22110190987587 0.195251017808914 0.191983759403229 0.196798324584961 0.209662407636642 0.219187557697296 0.376989930868149 0.39258798956871 0.395990163087845 0.411842912435532 0.383453518152237 0.357197940349579 0.32665479183197 0.30484002828598
-9999 -9999 -9999 -9999 -9999 -9999 -9999 -9999 -9999 -9999 -9999 -9999 -9999 -9999 -9999 -9999 -9999 0.439087718725204 0.120954446494579 0.0966777130961418 0.0544257946312428 0.0457729212939739 0.159136921167374 0.164901286363602 0.175614953041077 0.173710808157921 0.194126605987549 0.198820322751999 0.187293529510498 0.19838647544384 0.222936272621155 0.284281551837921 0.354276746511459 0.378268480300903 0.379226744174957 0.388314247131348 0.410722464323044 0.424290359020233 0.436062157154083 0.437558352947235 0.255336761474609 0.237798616290092 0.207845941185951 0.19834791123867 0.205406367778778 0.217203840613365 0.231164649128914 0.403070360422134 0.423329830169678 0.440422117710114 0.460681110620499 0.459934145212173 0.428380578756332 0.398197114467621 0.360480010509491 0.331537544727325
-9999 -9999 -9999 -9999 -9999 -9999 -9999 -9999 -9999 -9999 -9999 -9999 -9999 -9999 -9999 -9999 -9999 -9999 -9999 0.13635316491127 0.119309097528458 0.0849303528666496 0.0679990351200104 0.0568987652659416 0.159102857112885 0.170548215508461 0.177755743265152 0.161153137683868 0.164426550269127 0.184834003448486 0.198700755834579 0.252741813659668 0.308724284172058 0.363029360771179 0.3713718354702 0.362413823604584 0.380773991346359 0.23288032412529 0.233645632863045 0.229321509599686 0.205707922577858 0.214081346988678 0.208332538604736 0.206181719899178 0.221665382385254 0.231726661324501 0.243534475564957 0.422575652599335 0.446731060743332 0.469617575407028 0.496405184268951 0.49215966463089 0.471619606018066 0.432265728712082 0.385823279619217 0.354198575019836
-9999 -9999 -9999 -9999 -9999 -9999 -9999 -9999 -9999 -9999 -9999 -9999 -9999 -9999 -9999 -9999 -9999 -9999 -9999 -9999 -9999 0.117534279823303 0.0940788015723228 0.071725957095623 0.0572130791842937 0.159254401922226 0.171300649642944 0.163127109408379 0.164919421076775 0.162593141198158 0.199507594108582 0.232055842876434 0.280405342578888 0.321199029684067 0.361844718456268 0.379552781581879 0.369805663824081 0.360334753990173 0.21950800716877 0.223303899168968 0.233330249786377 0.232832938432693 0.228563129901886 0.232130602002144 0.232045143842697 0.240364909172058 0.248334601521492 0.410703629255295 0.432708352804184 0.471968352794647 0.496255069971085 0.49536606669426 0.484699636697769 0.455545485019684 0.405315011739731 0.363178104162216
-9999 -9999 -9999 -9999 -9999 -9999 -9999 -9999 -9999 -9999 -9999 -9999 -9999 -9999 -9999 -9999 -9999 -9999 -9999 -9999 -9999 -9999 -9999 0.102889500558376 0.0765128210186958 0.0590706877410412 0.0530456565320492 0.131357878446579 0.130082413554192 0.13758872449398 0.162641987204552 0.21418996155262 0.240890711545944 0.275460064411163 0.303291916847229 0.348383396863937 0.370144844055176 0.355450063943863 0.35993355512619 0.374258905649185 0.39453449845314 0.404838621616364 0.413001030683517 0.413084000349045 0.40629780292511 0.40079054236412 0.404894441366196 0.411994367837906 0.431124091148376 0.464470356702805 0.489147007465363 0.488898605108261 0.47815215587616 0.467412322759628 0.446654111146927 0.402333915233612
-9999 -9999 -9999 -9999 -9999 -9999 -9999 -9999 -9999 -9999 -9999 -9999 -9999 -9999 -9999 -9999 -9999 -9999 -9999 -9999 -9999 -9999 -9999 -9999 -9999 0.108613006770611 0.075948029756546 0.0463067293167114 0.113503128290176 0.118792727589607 0.154347166419029 0.176803603768349 0.212570294737816 0.230957880616188 0.246094912290573 0.269631206989288 0.300605297088623 0.340152829885483 0.356578499078751 0.349508106708527 0.373439013957977 0.406550139188766 0.436477810144424 0.450434178113937 0.436388611793518 0.423522889614105 0.414731472730637 0.42653214931488 0.43857142329216 0.463913977146149 0.482749432325363 0.48257178068161 0.469558715820312 0.461922019720078 0.459323287010193 0.450437903404236
-9999 -9999 -9999 -9999 -9999 -9999 -9999 -9999 -9999 -9999 -9999 -9999 -9999 -9999 -9999 -9999 -9999 -9999 -9999 -9999 -9999 -9999 -9999 -9999 -9999 0.151693850755692 0.100569404661655 0.0711759403347969 0.0419039875268936 0.102173522114754 0.114565551280975 0.124342888593674 0.15164390206337 0.184163346886635 0.217654004693031 0.22932043671608 0.268664509057999 0.293771505355835 0.319214791059494 0.314237534999847 0.332592397928238 0.386532008647919 0.442599594593048 0.472701281309128 0.461021453142166 0.43879833817482 0.425606697797775 0.420283645391464 0.427946150302887 0.446745038032532 0.462958663702011 0.465280473232269 0.460488229990005 0.456264108419418 0.456652462482452 0.452047437429428
-9999 -9999 -9999 -9999 -9999 -9999 -9999 -9999 -9999 -9999 -9999 -9999 -9999 -9999 -9999 -9999 -9999 -9999 -9999 -9999 -9999 -9999 -9999 -9999 -9999 -9999 -9999 0.0966539680957794 0.0650730803608894 0.0153675926849246 0.0290665067732334 0.0424596928060055 0.0508468225598335 0.120789535343647 0.153835386037827 0.166309252381325 0.218395486474037 0.250256925821304 0.264304786920547 0.266323059797287 0.281877964735031 0.354406028985977 0.437431216239929 0.484916597604752 0.47023943066597 0.444447100162506 0.434940546751022 0.417023211717606 0.411366879940033 0.425593614578247 0.434348702430725 0.450391858816147 0.453442543745041 0.451330572366714 0.455595701932907 0.447515368461609
-9999 -9999 -9999 -9999 -9999 -9999 -9999 -9999 -9999 -9999 -9999 -9999 -9999 -9999 -9999 -9999 -9999 -9999 -9999 -9999 -9999 -9999 -9999 -9999 -9999 -9999 -9999 0.127886369824409 0.0813875123858452 0.0169189814478159 0.0319986417889595 0.0340277664363384 0.0423093512654305 0.0967114046216011 0.114087879657745 0.127830728888512 0.166958630084991 0.205641403794289 0.227929249405861 0.233799427747726 0.250357836484909 0.313816130161285 0.396197617053986 0.452770531177521 0.464535862207413 0.454701125621796 0.447195559740067 0.429396480321884 0.420328885316849 0.417856454849243 0.419174015522003 0.438284784555435 0.44636070728302 0.450011998414993 0.451101988554001 0.434117764234543
-9999 -9999 -9999 -9999 -9999 -9999 -9999 -9999 -9999 -9999 -9999 -9999 -9999 -9999 -9999 -9999 -9999 -9999 -9999 -9999 -9999 -9999 -9999 -9999 -9999 -9999 -9999 -9999 0.101990684866905 0.0223960131406784 0.0495637468993664 0.0380940698087215 0.0846481993794441 0.0966239124536514 0.103621654212475 0.112415060400963 0.1424919962883 0.179899349808693 0.201652079820633 0.210138216614723 0.226569384336472 0.157117411494255 0.197884082794189 0.245227068662643 0.437221109867096 0.469744443893433 0.457897633314133 0.446378141641617 0.438262134790421 0.427114218473434 0.423576146364212 0.432050466537476 0.37275630235672 0.451062262058258 0.44076144695282 0.415952205657959
-9999 -9999 -9999 -9999 -9999 -9999 -9999 -9999 -9999 -9999 -9999 -9999 -9999 -9999 -9999 -9999 -9999 -9999 -9999 -9999 -9999 -9999 -9999 -9999 -9999 -9999 -9999 -9999 0.118709489703178 0.0272686332464218 0.0614402033388615 0.0823859497904778 0.0912140384316444 0.0995321199297905 0.100829839706421 0.104225434362888 0.126227989792824 0.159209221601486 0.185423493385315 0.191056087613106 0.111396037042141 0.134714260697365 0.169587180018425 0.208459317684174 0.234887152910233 0.411877334117889 0.443900614976883 0.463730543851852 0.464087575674057 0.438723772764206 0.425677448511124 0.435917019844055 0.444390743970871 0.445913344621658 0.417772829532623 0.381424576044083
-9999 -9999 -9999 -9999 -9999 -9999 -9999 -9999 -9999 -9999 -9999 -9999 -9999 -9999 -9999 -9999 -9999 -9999 -9999 -9999 -9999 -9999 -9999 -9999 -9999 -9999 -9999 -9999 0.12582103908062 0.0306915938854218 0.0640883445739746 0.0911676809191704 0.0976233407855034 0.105432257056236 0.100362330675125 0.0976912379264832 0.115636259317398 0.132925033569336 0.154486089944839 0.0927455648779869 0.0962044969201088 0.119917497038841 0.148969724774361 0.180126994848251 0.193657889962196 0.202353715896606 0.249370664358139 0.467177450656891 0.480175614356995 0.447323501110077 0.411754757165909 0.436657667160034 0.453119397163391 0.441084682941437 0.405783712863922 0.365100085735321
-9999 -9999 -9999 -9999 -9999 -9999 -9999 -9999 -9999 -9999 -9999 -9999 -9999 -9999 -9999 -9999 -9999 -9999 -9999 -9999 -9999 -9999 -9999 -9999 -9999 -9999 -9999 -9999 0.138230338692665 0.0645622387528419 0.0706893503665924 0.0931923240423203 0.0962403491139412 0.0986241325736046 0.0963641703128815 0.0964885056018829 0.110858500003815 0.12475498765707 0.145304650068283 0.0882135480642319 0.0910301432013512 0.10929699242115 0.138092070817947 0.163883626461029 0.172281846404076 0.179091021418571 0.213920071721077 0.255569994449615 0.441243201494217 0.447267115116119 0.443463534116745 0.444091737270355 0.443921387195587 0.42353755235672 0.389182329177856 0.351597249507904
-9999 -9999 -9999 -9999 -9999 -9999 -9999 -9999 -9999 -9999 -9999 -9999 -9999 -9999 -9999 -9999 -9999 -9999 -9999 -9999 -9999 -9999 -9999 -9999 -9999 -9999 -9999 -9999 0.147129744291306 0.0704956129193306 0.130222544074059 0.0903605371713638 0.092458076775074 0.09422867000103 0.0910563692450523 0.092384472489357 0.107016004621983 0.123309873044491 0.161059886217117 0.0852577537298203 0.0856661796569824 0.106735430657864 0.13742795586586 0.164668872952461 0.168710380792618 0.169843569397926 0.192250594496727 0.224518239498138 0.251603186130524 0.438726454973221 0.463282287120819 0.441549181938171 0.42823600769043 0.404026865959167 0.369621932506561 0.336727499961853
