meets/meet004/_saidas_enm/CCSM_Gower_6k_Cavanillesia_umbellata5.asc
NCOLS 154 
NROWS 168 
XLLCORNER -112 
YLLCORNER -55.5 
CELLSIZE 0.5 
NODATA_value -9999 
[rows 78 to 103 of 168, columns 59 to 117 of 154]
-9999 -9999 -9999 -9999 -9999 -9999 -9999 -9999 -9999 0.547417789778696 0.421148535482126 0.33004415644922 0.265470775350461 0.237837213265693 0.289634050166008 0.381273142285221 0.512042433361654 0.680593749781976 0.636918311784704 0.590415243425182 0.552207149336848 0.537557243166709 0.524642733643843 0.528250578260335 0.532813004194469 0.53435225399565 0.532375194375182 0.528120945312694 0.532833750495497 0.533866664816418 0.535343172773881 0.53829053060671 0.537671033484474 0.535500718926543 0.531691069381861 0.537203550167957 0.548204622060177 0.563442491383883 0.588562893658698 0.615354680096408 0.622460860140414 0.609538495748018 0.592478373361197 0.582625429061642 0.572536514627049 0.567254019800272 0.570472822460654 0.575007964887793 0.567644758669893 0.559910256531156 0.558218291669634 0.559068417738297 0.559841731892419 0.567316978358245 0.572961698796472 0.566813433585144 0.545871857678433 0.537654436443651 0.562422909078633
-9999 -9999 -9999 -9999 -9999 -9999 -9999 -9999 -9999 -9999 0.537311591861859 0.369665920161822 0.203326717671594 0.0942250035212063 0.0544753105534762 0.0994242673493155 0.222546853405395 0.410932014809426 0.630859728426776 0.61044654176821 0.556121858272608 0.536002527941125 0.526792930576534 0.533273320606993 0.535090570841961 0.535287723569313 0.535447281484499 0.528888684185919 0.529444936523807 0.526207884887521 0.52408006881291 0.523255874853855 0.51651533878201 0.516389855094575 0.513130045394737 0.516909141296085 0.52319074404214 0.53645442009808 0.565496251495054 0.592960240575313 0.604770243405121 0.602969514565434 0.590147330426653 0.57068433352968 0.550424350535104 0.540318135760594 0.543466669845824 0.547784792368448 0.544233277102629 0.536690550724335 0.533825675154991 0.533599854811671 0.534901968105335 0.541137551783654 0.545249845853041 0.541978594253847 0.526411827313392 0.524272946544899 0.547460772866925
-9999 -9999 -9999 -9999 -9999 -9999 -9999 -9999 -9999 -9999 0.616293827678995 0.418431137736035 0.121473149248761 0 0 0 0 0.0524561141919409 0.382585760489142 0.598918816644468 0.590595811378556 0.579743356398324 0.542379437936756 0.55299626318689 0.546797016969161 0.538819624150524 0.543815584908582 0.536437194381468 0.537717806963157 0.53302700543296 0.52701447592449 0.514474405701405 0.498224142443418 0.507103182078283 0.504712328053658 0.505270843624385 0.498471840704186 0.49868571620752 0.526228002512761 0.568577510115227 0.582744161895567 0.590569360994761 0.594363521603587 0.560098390060973 0.526814431288509 0.512259958103103 0.514446241026068 0.520289405277048 0.517415351041188 0.514093679643736 0.513382018650868 0.514021381928029 0.511492973640825 0.517759488167951 0.518720481978638 0.517115472689953 0.505459446361011 0.502528559833848 0.532035332243782
-9999 -9999 -9999 -9999 -9999 -9999 -9999 -9999 -9999 -9999 -9999 0.533660988551325 0.301479963870551 0.0605582843467938 0 0 0 0 0.159811038280925 0.305110133811779 0.290697975470573 0.371526420973759 0.476615743639921 0.583029418045065 0.566435682237305 0.543002078437936 0.5588952507812 0.562893181057835 0.569354658680542 0.555227945701937 0.544459851856895 0.533795750187446 0.520734382000327 0.524921614223734 0.519805324919709 0.514938997109292 0.507407083954566 0.497384608795118 0.511823154165078 0.527985528547797 0.543618809386702 0.567504122362593 0.566120394684705 0.544014875133616 0.511349761296148 0.495306583842976 0.494693247743469 0.494427066414512 0.495485504972455 0.492583411796416 0.495708307671989 0.506051533218858 0.506700703838324 0.503617929240598 0.492159055639008 0.491255397060256 0.493706478225443 0.503120520956537 0.534748068272248
-9999 -9999 -9999 -9999 -9999 -9999 -9999 -9999 -9999 -9999 -9999 0.605592755273101 0.51040785589602 0.20873956583131 0 0 0 0 0 0.032975006700123 0 0.0785984248721567 0.141209915929173 0.270634116997605 0.457378425031448 0.589969113649674 0.624320719260303 0.611775631897752 0.595601869794242 0.587496179069558 0.57861084756562 0.561971314392661 0.547445684647995 0.562587170306508 0.558034734695112 0.533746964946239 0.519350540854126 0.489852947110707 0.493921359610039 0.493085472281314 0.515006265418689 0.541252222247523 0.546395544610463 0.530758994657457 0.502029516992736 0.488772756370473 0.489731361213162 0.4793038931106 0.487703127383489 0.482992208228053 0.485826655889221 0.501468235248538 0.512367587398138 0.497481550601744 0.475192479187317 0.479440441491917 0.499733970217686 0.512323705828083 0.559992016073042
-9999 -9999 -9999 -9999 -9999 -9999 -9999 -9999 -9999 -9999 -9999 -9999 0.629945492340824 0.355949353008788 0.0198019458003666 0 0 0 0 0 0 0 0 0 0.0136789009592706 0.154147467577034 0.414213923374573 0.62981430183188 0.631102493397179 0.606423462415551 0.588058925679456 0.586572178995651 0.592914040571618 0.579787728642165 0.560894463300885 0.553917147482254 0.560353316559957 0.559610925076745 0.524468338980043 0.484506939673472 0.477476584063013 0.508452446056103 0.527989049132214 0.522196053209177 0.509094826977051 0.506060460415058 0.511120923309042 0.512265364714886 0.508752324407338 0.498649881687561 0.497695551840235 0.50408063462112 0.500738091187481 0.500113438923777 0.494089090310478 0.508530401853909 0.538111232271758 0.572298249569823 0.604059426169714
-9999 -9999 -9999 -9999 -9999 -9999 -9999 -9999 -9999 -9999 -9999 -9999 0.541886455172464 0.479713309328413 0.148715006317359 0 0 0 0 0 0 0 0 0 0 0 0.212498070703468 0.471633583878034 0.660709718441668 0.604403836844117 0.577920386747034 0.578764416193901 0.617003509620925 0.592217984027393 0.572787917474905 0.582381262629899 0.614705498232335 0.63197154720715 0.566340440410901 0.487052573677288 0.455457466032277 0.486963553185601 0.517048833056345 0.518645040883988 0.521554678169491 0.526162368760415 0.536856646867724 0.548560578291769 0.542115519840637 0.527808241975369 0.526203232686684 0.525127191206656 0.513695979339771 0.527804595655794 0.531919027222863 0.552294032330854 0.587722359240321 0.604336853931065 0.603531280964315
-9999 -9999 -9999 -9999 -9999 -9999 -9999 -9999 -9999 -9999 -9999 -9999 0.463865628523603 0.574762579836555 0.346425803771078 0.102045257696531 0 0 0 0 0 0 0 0 0 0 0.109794035894456 0.377531829760671 0.561587354607623 0.595531100322932 0.538783663895408 0.542045108152297 0.566793643075761 0.558247606361657 0.57741949467909 0.595490895739564 0.639716501719773 0.659882194590643 0.578628668224198 0.480907645047707 0.444272192133952 0.44916806770644 0.496937243103842 0.51623645820212 0.532132651255881 0.548267363903895 0.561469253907763 0.568346208536819 0.572219211222977 0.572065216321844 0.573582431803308 0.573392863052665 0.579004337275156 0.581391665604179 0.59390481316995 0.606834642382163 0.605388197373343 0.60419663056245 0.60338077828098
-9999 -9999 -9999 -9999 -9999 -9999 -9999 -9999 -9999 -9999 -9999 -9999 -9999 0.592674532474133 0.527811737637662 0.342825174287165 0.112106345116099 0 0 0 0 0 0 0 0 0 0 0.152355833088886 0.42014832408738 0.608894980306289 0.540366669531486 0.528321995829937 0.527525212135272 0.515920360015535 0.548540712136844 0.570202558316899 0.61231565417792 0.646247052922516 0.553465255325299 0.459439498478234 0.43277157445999 0.448394167810486 0.494433227437241 0.529435632122133 0.554726001752063 0.575663860804843 0.590249722801256 0.594678927735686 0.600670810100121 0.605864265012708 0.611750334597355 0.61459126927825 0.612231777307359 0.610415601613405 0.608463290425269 0.607175756842033 0.605679169669484 0.604549905951853 0.604041942832086
-9999 -9999 -9999 -9999 -9999 -9999 -9999 -9999 -9999 -9999 -9999 -9999 -9999 -9999 0.612473754894183 0.540994745809855 0.396827790426653 0.226549584830729 0 0 0 0 0 0 0 0 0 0 0.22320424833916 0.430963608472885 0.52864662647875 0.56746256229289 0.512769436962308 0.502355296786468 0.505852745934455 0.504111062529295 0.523948801308218 0.498218861566792 0.485388217394146 0.452966401086924 0.454221237961274 0.482181467930877 0.528887301099183 0.555262455402672 0.584365746758096 0.606515757132525 0.62070477034844 0.632010126433601 0.622522586902736 0.615388756368633 0.618154994728759 0.614886203566144 0.612421043022594 0.610513335160219 0.609066589799739 0.60795573366363 0.606438647490279 0.605518573182748 0.604717735171581
-9999 -9999 -9999 -9999 -9999 -9999 -9999 -9999 -9999 -9999 -9999 -9999 -9999 -9999 -9999 -9999 0.527826917573304 0.493454892075932 0.284848643819272 0.0757184005059938 0 0 0 0 0 0 0 0 0 0.234213312750826 0.350566240071492 0.495089960367874 0.556782861285984 0.538439401033487 0.492053060901025 0.476901974392093 0.479858636626595 0.442926825946022 0.472366204311402 0.477863848348884 0.487240170532652 0.531274760274549 0.55235513961752 0.565873384389474 0.589538736484844 0.609401035531248 0.624670769006192 0.63500082491508 0.627671325077594 0.610447927921656 0.613060827168158 0.616337750136249 0.614069865421693 0.61244057913131 0.610813883373995 0.609795996014799 0.608429769192378 0.60769444428284 0.607312635485727
-9999 -9999 -9999 -9999 -9999 -9999 -9999 -9999 -9999 -9999 -9999 -9999 -9999 -9999 -9999 -9999 -9999 -9999 0.492936195554294 0.364759943774875 0.172790293528849 0 0 0 0 0 0 0 0 0 0.224921282306968 0.328641398447496 0.434264585487624 0.57843093351889 0.545523697026622 0.485993632178714 0.505642013810065 0.526735721079757 0.529746197961777 0.52248034040085 0.55443831971113 0.560014775158832 0.565578629490358 0.574626913758741 0.573989914915888 0.587826397416582 0.616299921234079 0.626365191325593 0.617347044650062 0.60018253754862 0.596055640822904 0.605818521948976 0.609053226528984 0.614477129452037 0.613477348892668 0.612437242136027 0.611037013738908 0.610227367252767 0.609953073307635
-9999 -9999 -9999 -9999 -9999 -9999 -9999 -9999 -9999 -9999 -9999 -9999 -9999 -9999 -9999 -9999 -9999 -9999 -9999 -9999 0.428925077055619 0.238963063411359 0.00174452175471285 0 0 0 0 0 0 0 0 0.150344996042304 0.299880902218895 0.428355567383523 0.581698983608933 0.59764264238363 0.597375461306833 0.602441043563987 0.594667877353123 0.598615491077442 0.592095724475629 0.585510636926008 0.580362451781398 0.58143116484398 0.576384939667697 0.585686149917146 0.606488842653107 0.615536612736251 0.601899057566436 0.583031942071257 0.581750097693918 0.589751632685079 0.59813507339547 0.604453738368188 0.608875221323906 0.615993926990268 0.615620980775596 0.614965315310031 0.614849222767992
-9999 -9999 -9999 -9999 -9999 -9999 -9999 -9999 -9999 -9999 -9999 -9999 -9999 -9999 -9999 -9999 -9999 -9999 -9999 -9999 -9999 -9999 0.470882191571434 0.172271555855963 0 0 0 0 0 0 0 0 0.0170343990230973 0.26404500680111 0.427082025680447 0.558664666033239 0.639849653207357 0.619188087452482 0.611453928785396 0.630369147689666 0.630051322944696 0.610793542180964 0.600006842599286 0.594253723121522 0.601561760227808 0.60001989554424 0.606702310283856 0.613281110053351 0.591572947334577 0.565956628219564 0.56511899490995 0.588677394431215 0.60961889264791 0.606470591632729 0.600327968147707 0.611964610817614 0.619928087627231 0.620104689986443 0.619764420265617
-9999 -9999 -9999 -9999 -9999 -9999 -9999 -9999 -9999 -9999 -9999 -9999 -9999 -9999 -9999 -9999 -9999 -9999 -9999 -9999 -9999 -9999 0.640444306902449 0.426465307946969 0.165943784509148 0 0 0 0 0 0 0 0 0 0.19994763715636 0.428548708361513 0.637053931550428 0.608695714452594 0.601261426981083 0.63348498756717 0.63733394621556 0.621488890570469 0.609214482379917 0.592103718369398 0.597738980048156 0.595130112504599 0.596231388928564 0.595170317087968 0.574268586959419 0.559919285951061 0.564847246477991 0.589840035745585 0.613927519610532 0.614043032397734 0.604506643224727 0.609404847453225 0.627548185921817 0.62680979786704 0.613382530280514
-9999 -9999 -9999 -9999 -9999 -9999 -9999 -9999 -9999 -9999 -9999 -9999 -9999 -9999 -9999 -9999 -9999 -9999 -9999 -9999 -9999 -9999 -9999 -9999 0.426255433462753 0.213075212726484 0 0 0 0 0 0 0 0 0 0.232598354454604 0.466554919578807 0.551501272161237 0.574379696971625 0.626830751814209 0.638470104434549 0.617867891807555 0.603263379096075 0.595541798033712 0.57753598676939 0.567640553186649 0.575773535596224 0.568642447724139 0.563288620173434 0.557566565457531 0.568053308997958 0.600565115899832 0.62194877764343 0.615966204791854 0.613424692447843 0.61458929236841 0.622071209953256 0.625236295078642 0.61687448183762
-9999 -9999 -9999 -9999 -9999 -9999 -9999 -9999 -9999 -9999 -9999 -9999 -9999 -9999 -9999 -9999 -9999 -9999 -9999 -9999 -9999 -9999 -9999 -9999 0.55201151610453 0.382294685862836 0.128202704550077 0 0 0 0 0 0 0 0 0.120044473301362 0.353048845924525 0.536343898894417 0.537235612633184 0.575617455331499 0.592836570336413 0.604255402912563 0.600203676388678 0.587595514955366 0.57453733205891 0.562537570342368 0.550083231052127 0.55124062317922 0.570874198729068 0.583431519202455 0.596802286856738 0.612480259899682 0.622059295780382 0.615184067709711 0.608370430443835 0.610264955666729 0.622828497474832 0.634852507676553 0.632408400212554
-9999 -9999 -9999 -9999 -9999 -9999 -9999 -9999 -9999 -9999 -9999 -9999 -9999 -9999 -9999 -9999 -9999 -9999 -9999 -9999 -9999 -9999 -9999 -9999 -9999 0.497772431174815 0.265095264597533 0.0093887701702392 0 0 0 0 0 0 0 0.0578379792026554 0.276692618526871 0.510800436311473 0.50202536773253 0.508198209567132 0.524345369995763 0.572412846432624 0.615504615694196 0.593067335240368 0.580473896065121 0.571218924664375 0.545713305644509 0.542609281805123 0.576556807361497 0.618813248458013 0.63447953733142 0.629641361929495 0.623009139029274 0.606537473536519 0.592337069533101 0.595587410251101 0.621652511877947 0.650035463447908 0.646125600938025
-9999 -9999 -9999 -9999 -9999 -9999 -9999 -9999 -9999 -9999 -9999 -9999 -9999 -9999 -9999 -9999 -9999 -9999 -9999 -9999 -9999 -9999 -9999 -9999 -9999 0.552356891050071 0.340825121361672 0.0808383658784902 0 0 0 0 0 0 0 0.0482639560883059 0.251692995715473 0.477538053092465 0.464676745004014 0.468881077208875 0.482111810653484 0.499469297710621 0.538057291889083 0.57814069314368 0.593633491010843 0.59562773239173 0.561090884106506 0.550131890558176 0.575968606026696 0.625407291826471 0.640419474719911 0.639757728540197 0.620309254565061 0.588504467699826 0.569162690739532 0.573766618475856 0.610700785412841 0.644606225469665 0.650150118578221
-9999 -9999 -9999 -9999 -9999 -9999 -9999 -9999 -9999 -9999 -9999 -9999 -9999 -9999 -9999 -9999 -9999 -9999 -9999 -9999 -9999 -9999 -9999 -9999 -9999 0.533078048686651 0.387329097166464 0.127144599335291 0 0 0 0 0 0 0 0.0490067080637501 0.238915231943668 0.43233389037586 0.443359732094157 0.445825901478275 0.447090671430087 0.44759072015246 0.434390163145712 0.523553615707408 0.58978396093194 0.61063228633003 0.576898509519595 0.531052083310173 0.582820574115419 0.630493622429128 0.643795394193392 0.638500854347397 0.619795569200376 0.581856016786359 0.543029488702325 0.546500533467185 0.599247692561797 0.643046291723915 0.645026850461822
-9999 -9999 -9999 -9999 -9999 -9999 -9999 -9999 -9999 -9999 -9999 -9999 -9999 -9999 -9999 -9999 -9999 -9999 -9999 -9999 -9999 -9999 -9999 -9999 -9999 0.534344760157551 0.374591187755203 0.0874012717174794 0 0 0 0 0 0 0 0.0785563495871824 0.26790636435967 0.413758155375279 0.415320791915802 0.425728771068913 0.427396522201315 0.40797924178991 0.407141845639291 0.455235292008532 0.517321678348664 0.559842845108571 0.579543501898435 0.586460499597405 0.606298708605373 0.628014907129636 0.630347815646805 0.623478784377161 0.6104502381774 0.580198929630913 0.555883011562498 0.556781995451198 0.588230089051925 0.621664993392387 0.629622866594461
-9999 -9999 -9999 -9999 -9999 -9999 -9999 -9999 -9999 -9999 -9999 -9999 -9999 -9999 -9999 -9999 -9999 -9999 -9999 -9999 -9999 -9999 -9999 -9999 -9999 0.537376706801483 0.342960509519993 0.0363459503846456 0 0 0 0 0 0 0 0.114410601786641 0.299006460221004 0.384734834646895 0.396447190326509 0.419238573696149 0.424762244911285 0.391931789341374 0.372314464293988 0.413987119097543 0.469930965776091 0.516689859180968 0.579269374720849 0.628294606521407 0.617531749596798 0.613988856900536 0.611426667767616 0.606542325073581 0.605535631133119 0.584107238340473 0.563423319327919 0.560278854768405 0.577025048155671 0.599515220176956 0.596986760777899
-9999 -9999 -9999 -9999 -9999 -9999 -9999 -9999 -9999 -9999 -9999 -9999 -9999 -9999 -9999 -9999 -9999 -9999 -9999 -9999 -9999 -9999 -9999 -9999 -9999 0.527973503056894 0.302785533364429 0 0 0 0 0 0 0 0 0.157288902584856 0.341898380211919 0.397753201410064 0.398050439322986 0.415776833332963 0.416786486649699 0.392828532486451 0.387063826973907 0.437452568647882 0.511114259345681 0.553917901893201 0.566437413906876 0.563831622274617 0.584985155967946 0.596358350770781 0.596931661178404 0.593618208566873 0.589331247918629 0.574763498940592 0.555683374799102 0.547134993073194 0.551792600521745 0.553624687505327 0.548408313015733
-9999 -9999 -9999 -9999 -9999 -9999 -9999 -9999 -9999 -9999 -9999 -9999 -9999 -9999 -9999 -9999 -9999 -9999 -9999 -9999 -9999 -9999 -9999 -9999 -9999 0.514606725411852 0.269363073036262 0 0 0 0 0 0 0 0.00301766842940032 0.205575526775977 0.379258769348798 0.403243049867765 0.406478844152473 0.428777722909204 0.429822204864637 0.400861500244813 0.395431878927674 0.468522857744444 0.550037086249233 0.582922026031931 0.559305285397469 0.526080263702404 0.558116741618365 0.578508827285306 0.583057922226007 0.590880417508191 0.577861423091471 0.561916766801175 0.544282313814151 0.530215064365028 0.524887539995983 0.511666739628836 0.502121177922736
-9999 -9999 -9999 -9999 -9999 -9999 -9999 -9999 -9999 -9999 -9999 -9999 -9999 -9999 -9999 -9999 -9999 -9999 -9999 -9999 -9999 -9999 -9999 -9999 0.407714463317557 0.494344220668135 0.254408158824076 0 0 0 0 0 0 0 0.0595859963194648 0.261647406629186 0.430367094736542 0.418323473218041 0.41901438790988 0.446357635460402 0.444553713152156 0.405021196468672 0.406940417916575 0.46201644053633 0.535688567252222 0.566784861037223 0.555234872380221 0.541730770257921 0.551993651038988 0.576199796181265 0.580204219707672 0.575703688182738 0.563122998348039 0.551513468471539 0.538328376889193 0.525153595589783 0.514238652280622 0.494945975410548 0.480173100256129
-9999 -9999 -9999 -9999 -9999 -9999 -9999 -9999 -9999 -9999 -9999 -9999 -9999 -9999 -9999 -9999 -9999 -9999 -9999 -9999 -9999 -9999 -9999 -9999 0.401922748634573 0.487437848935251 0.242758573360989 0 0 0 0 0 0 0 0.114415356626339 0.310893627428536 0.44178389336207 0.4096386944019 0.415313373541495 0.445136621343487 0.434717451761336 0.390508341620481 0.385132786421175 0.425893987066197 0.49354516001805 0.531265833078349 0.53233055839418 0.528050910829827 0.54493299325551 0.563574345652644 0.567556567212457 0.55373407709257 0.544765514025386 0.539775462819743 0.535596277646433 0.526425406710429 0.512512685770182 0.493180402325415 0.481769559554087
