meets/meet004/_saidas_enm/CCSM_Maxent_21k_Cavanillesia_umbellata3.asc
NCOLS 154 
NROWS 168 
XLLCORNER -112 
YLLCORNER -55.5 
CELLSIZE 0.5 
NODATA_value -9999 
[rows 50 to 74 of 168, columns 56 to 111 of 154]
-9999 -9999 -9999 -9999 -9999 -9999 -9999 -9999 -9999 -9999 -9999 -9999 -9999 0.00622383411973715 0.0255744718015194 0.0528641901910305 0.0423604026436806 0.128564059734344 0.185813277959824 0.227621749043465 0.217736005783081 0.260223180055618 0.283451318740845 0.298234224319458 0.275789827108383 0.245745241641998 0.247805669903755 0.240851983428001 0.219046071171761 0.0559250190854073 0.0403951779007912 0.0593934468924999 0.239178135991096 0.247321128845215 0.26326784491539 0.169289514422417 0.195063143968582 0.210795551538467 0.237311393022537 0.296878486871719 0.339783698320389 0.340278923511505 0.341731280088425 0.353443831205368 0.341107487678528 0.2732994556427 0.256672859191895 0.262245833873749 0.267758756875992 0.320412039756775 0.354313910007477 0.3467156291008 0.358603626489639 0.382161229848862 0.419174790382385 0.444817990064621
-9999 -9999 -9999 -9999 -9999 -9999 -9999 -9999 -9999 -9999 -9999 -9999 -9999 0.0129079557955265 0.036720085889101 0.0470914095640182 0.0481465272605419 0.0565347634255886 0.225859761238098 0.239808797836304 0.261565566062927 0.32086980342865 0.358958691358566 0.37656170129776 0.363521009683609 0.330723017454147 0.301257699728012 0.0778937190771103 0.0560670644044876 0.0538387969136238 0.0548752211034298 0.0601882599294186 0.0913871005177498 0.3205885887146 0.321435749530792 0.269855499267578 0.242074891924858 0.248458102345467 0.26570537686348 0.304171741008759 0.353927493095398 0.362925589084625 0.353043407201767 0.358234852552414 0.352434098720551 0.347705006599426 0.347667306661606 0.371360093355179 0.374459475278854 0.363129079341888 0.363511830568314 0.359217613935471 0.372235476970673 0.390196621417999 0.41705709695816 0.443995356559753
-9999 -9999 -9999 -9999 -9999 -9999 -9999 -9999 -9999 -9999 -9999 0.0101143978536129 0.0173364952206612 0.0248665660619736 0.0311405211687088 0.0443363226950169 0.0507845245301723 0.0741277858614922 0.0829419121146202 0.266825526952744 0.239955097436905 0.340556740760803 0.381684333086014 0.400416314601898 0.1177162155509 0.0794656723737717 0.0766805559396744 0.0636526197195053 0.0591028369963169 0.0619825758039951 0.0631221979856491 0.0781358629465103 0.0908696949481964 0.123354002833366 0.387321084737778 0.373749792575836 0.328691422939301 0.337499111890793 0.327407985925674 0.321694016456604 0.32365670800209 0.324367880821228 0.323930829763412 0.328827947378159 0.32426193356514 0.331218421459198 0.3368901014328 0.338429898023605 0.348616063594818 0.364522039890289 0.370096683502197 0.372942268848419 0.386258184909821 0.403984814882278 0.429573565721512 0.453691333532333
-9999 -9999 -9999 -9999 -9999 -9999 -9999 -9999 -9999 -9999 0.0200159922242165 0.0182239376008511 0.0211183670908213 0.0222389679402113 0.0227592196315527 0.0326224826276302 0.0518397577106953 0.0711546242237091 0.0793624073266983 0.0798023566603661 0.0807688906788826 0.0851543843746185 0.0886072292923927 0.087439276278019 0.0785419046878815 0.0696571543812752 0.065177209675312 0.0604980699717999 0.0617694370448589 0.0625727847218513 0.0640862584114075 0.0831355154514313 0.0995851084589958 0.140230536460876 0.422662645578384 0.40730145573616 0.389779150485992 0.35997200012207 0.339778393507004 0.327128082513809 0.323730647563934 0.317186236381531 0.321129888296127 0.324417918920517 0.323543816804886 0.327686876058578 0.335686653852463 0.345793426036835 0.359912723302841 0.365492939949036 0.369487851858139 0.370597630739212 0.39439645409584 0.412052392959595 0.429527580738068 0.457007706165314
-9999 -9999 -9999 -9999 -9999 -9999 -9999 -9999 -9999 -9999 0.0242513231933117 0.02356824465096 0.01968595944345 0.0193460807204247 0.0201211161911488 0.0227619558572769 0.0426969304680824 0.0720645785331726 0.0843677073717117 0.0829943865537643 0.083611287176609 0.0791432783007622 0.0714753344655037 0.0635766535997391 0.0618478059768677 0.0595820508897305 0.0610255226492882 0.0594879761338234 0.0594297498464584 0.0598554313182831 0.0618619695305824 0.0784085616469383 0.0997788980603218 0.116568513214588 0.158508017659187 0.441583395004272 0.42951837182045 0.3943752348423 0.367071628570557 0.350237995386124 0.340355455875397 0.342753469944 0.339975565671921 0.345806181430817 0.349157184362411 0.351050436496735 0.353854268789291 0.361653447151184 0.352669507265091 0.340023875236511 0.349181622266769 0.303020119667053 0.383260488510132 0.40257003903389 0.420695602893829 0.441974490880966
-9999 -9999 -9999 -9999 -9999 -9999 -9999 -9999 0.0274666137993336 0.0467825494706631 0.0529464706778526 0.0348169021308422 0.0205868501216173 0.0192414075136185 0.0213511846959591 0.0267771352082491 0.0425838008522987 0.0674511045217514 0.0777952969074249 0.0763100758194923 0.0717405751347542 0.0676590576767921 0.0627852752804756 0.0574134066700935 0.0565702021121979 0.054724607616663 0.054085660725832 0.052531436085701 0.0515644215047359 0.0533691421151161 0.0564663782715797 0.0696418508887291 0.0918247923254967 0.111599035561085 0.151288405060768 0.446048408746719 0.438612312078476 0.422849535942078 0.409352153539658 0.39214888215065 0.38128736615181 0.38480070233345 0.392435908317566 0.399113535881042 0.379420161247253 0.36560520529747 0.338297724723816 0.273799896240234 0.262574583292007 0.256431341171265 0.265289008617401 0.276898890733719 0.281814396381378 0.295558154582977 0.326929330825806 0.344902485609055
-9999 -9999 -9999 -9999 -9999 -9999 -9999 -9999 0.0420601665973663 0.070914626121521 0.0754092186689377 0.0457303486764431 0.0235175807029009 0.0213501267135143 0.0262171532958746 0.0332304090261459 0.0460851714015007 0.0724636763334274 0.0842279866337776 0.0785596892237663 0.0693784430623055 0.0677443221211433 0.0664406195282936 0.0604572035372257 0.0572751685976982 0.0531556457281113 0.0515200048685074 0.0470376163721085 0.0458873584866524 0.0463713370263577 0.0491379126906395 0.066772572696209 0.0796908959746361 0.0992406532168388 0.117406859993935 0.156889915466309 0.442935883998871 0.429759740829468 0.419254958629608 0.411660879850388 0.409006774425507 0.406895816326141 0.401484966278076 0.383451461791992 0.305355608463287 0.280164927244186 0.255409896373749 0.231988579034805 0.20550374686718 0.195883318781853 0.0589414797723293 0.0578460544347763 0.0627438724040985 0.0676555186510086 0.0783234164118767 0.0842477381229401
-9999 -9999 -9999 -9999 -9999 -9999 -9999 0.0435603708028793 0.057260163128376 0.114168524742126 0.116284154355526 0.0562701597809792 0.0258102361112833 0.0241147242486477 0.028123265132308 0.0388984084129333 0.0504851602017879 0.0741498917341232 0.0854867175221443 0.0805389806628227 0.0711568519473076 0.0690690502524376 0.068888932466507 0.0665432214736938 0.0572201535105705 0.0543905682861805 0.053461592644453 0.0541967414319515 0.0528407618403435 0.0507258288562298 0.0493201538920403 0.0662585124373436 0.0733880177140236 0.0828925296664238 0.100833721458912 0.111297145485878 0.354373812675476 0.415458202362061 0.407281786203384 0.321503311395645 0.30164435505867 0.278214514255524 0.257548123598099 0.245128750801086 0.218565300107002 0.20328851044178 0.187670812010765 0.0532032661139965 0.0581529289484024 0.0582208707928658 0.0629815831780434 0.0640971884131432 0.0665701925754547 0.0686410218477249 0.0702548548579216 0.0723893195390701
-9999 -9999 -9999 -9999 -9999 -9999 -9999 0.0571488179266453 0.0964954122900963 0.123271204531193 0.321504354476929 0.250667989253998 0.0273267310112715 0.026231462135911 0.0314343608915806 0.0442346446216106 0.0593385100364685 0.0773241221904755 0.0867946967482567 0.0829034149646759 0.076858289539814 0.0726189687848091 0.0722562149167061 0.0719160065054893 0.0700943544507027 0.0641322210431099 0.0637521669268608 0.0635859817266464 0.0686351358890533 0.0690173208713531 0.0690646916627884 0.0700943470001221 0.0760314092040062 0.0783703625202179 0.0814533457159996 0.0903766080737114 0.0963485836982727 0.0988515615463257 0.304097414016724 0.278819531202316 0.244893416762352 0.216693133115768 0.180796831846237 0.050483725965023 0.050670750439167 0.0517496503889561 0.0530848130583763 0.0566201917827129 0.0610590688884258 0.0626637563109398 0.0726980343461037 0.0801845118403435 0.0892288759350777 0.0907494053244591 0.0881142988801003 0.0852457955479622
-9999 -9999 -9999 -9999 -9999 -9999 0.0862376391887665 0.110265806317329 0.11833693087101 0.115609601140022 0.317364126443863 0.259942352771759 0.103549420833588 0.0273594241589308 0.035372469574213 0.0484648123383522 0.0653970018029213 0.0799879729747772 0.0879946351051331 0.0837942808866501 0.0785633474588394 0.0778232887387276 0.0755213722586632 0.0752527117729187 0.0741686075925827 0.0729765221476555 0.0732797011733055 0.0743361189961433 0.074476458132267 0.0745403170585632 0.0771692395210266 0.0775489956140518 0.0783089473843575 0.0802718102931976 0.0784887000918388 0.0757958069443703 0.0734716281294823 0.0696612894535065 0.0675446018576622 0.0618580915033817 0.0553207397460938 0.0547297596931458 0.0535289607942104 0.0547438487410545 0.055070485919714 0.0569576881825924 0.0588705502450466 0.0607506781816483 0.0699360072612762 0.0782475844025612 0.0956622287631035 0.103940658271313 0.116315349936485 0.120519086718559 0.111839935183525 0.104678280651569
-9999 -9999 -9999 -9999 -9999 -9999 0.0885262489318848 0.105122454464436 0.108369864523411 0.338466107845306 0.324442535638809 0.25714847445488 0.105608783662319 0.0298727564513683 0.0387657769024372 0.0569368302822113 0.0705271735787392 0.0815295651555061 0.0876214504241943 0.0842918455600739 0.080144390463829 0.0793042406439781 0.079473689198494 0.0791721045970917 0.0782474875450134 0.077697865664959 0.078195609152317 0.079348161816597 0.0798320323228836 0.0803413316607475 0.0810131430625916 0.0818360075354576 0.0825875997543335 0.0822666808962822 0.0809463635087013 0.0784884169697762 0.0759857594966888 0.0678886473178864 0.064444288611412 0.0621092356741428 0.0600374452769756 0.059000201523304 0.0584760271012783 0.0592930391430855 0.0615009441971779 0.0641400441527367 0.0628074035048485 0.0684586614370346 0.0775106772780418 0.0858210697770119 0.0955453887581825 0.109292678534985 0.118092805147171 0.122160710394382 0.115763105452061 0.109525121748447
-9999 -9999 -9999 -9999 -9999 -9999 0.087063156068325 0.0996543318033218 0.306319922208786 0.331401437520981 0.335182368755341 0.213360726833344 0.112217009067535 0.0326741561293602 0.0419852212071419 0.0589743629097939 0.0745648667216301 0.0829902589321136 0.0877237617969513 0.0850669741630554 0.0818481147289276 0.0811422392725945 0.0811593309044838 0.0808115750551224 0.0798926502466202 0.0792989432811737 0.0798564478754997 0.0808721110224724 0.0814208835363388 0.0823713839054108 0.0829159691929817 0.0838417112827301 0.084833100438118 0.0843901932239532 0.0828559696674347 0.0815465673804283 0.0794233679771423 0.0715106055140495 0.0681935399770737 0.0656862705945969 0.0681921020150185 0.0707966312766075 0.0722209736704826 0.0748900398612022 0.074538342654705 0.0751031190156937 0.0749185234308243 0.0762776136398315 0.0848403722047806 0.0899724066257477 0.104966834187508 0.108512863516808 0.108834035694599 0.112090580165386 0.112982206046581 0.107280269265175
-9999 -9999 -9999 -9999 -9999 -9999 -9999 0.278394609689713 0.277086406946182 0.32194110751152 0.334632515907288 0.227644592523575 0.143303692340851 0.134430229663849 0.047967042773962 0.0622566528618336 0.0763786435127258 0.0852126926183701 0.0878147780895233 0.0848607420921326 0.0823952630162239 0.081622377038002 0.0818122252821922 0.0822563171386719 0.0799110680818558 0.0799913108348846 0.0802619084715843 0.0812591016292572 0.0817448645830154 0.0824506729841232 0.0834901183843613 0.0843575447797775 0.0854711905121803 0.0846837610006332 0.0831676349043846 0.0817685499787331 0.0792721807956696 0.0796335637569427 0.0769252628087997 0.0767242014408112 0.080877959728241 0.0823026895523071 0.0844737663865089 0.0870733857154846 0.0854923352599144 0.0852906927466393 0.0809196978807449 0.0786371156573296 0.0863868519663811 0.0910934805870056 0.103802785277367 0.107175000011921 0.113971680402756 0.115746237337589 0.116797842085361 0.115281693637371
-9999 -9999 -9999 -9999 -9999 -9999 -9999 -9999 0.258732974529266 0.313054651021957 0.354327589273453 0.244375422596931 0.16109374165535 0.155670136213303 0.187614813446999 0.0696229711174965 0.0837040022015572 0.0915660038590431 0.0920925289392471 0.0847715139389038 0.0820093974471092 0.0832636654376984 0.0859212130308151 0.086938388645649 0.084651954472065 0.0825494974851608 0.0860377550125122 0.0888436660170555 0.090170606970787 0.0925528109073639 0.0934470742940903 0.0941429808735847 0.0944313108921051 0.0941583514213562 0.0943348258733749 0.0958674997091293 0.0943899601697922 0.0949103459715843 0.0977866500616074 0.0894624814391136 0.093061089515686 0.0950448513031006 0.0966651067137718 0.0992432534694672 0.0972874388098717 0.0977657437324524 0.0927043482661247 0.0855974182486534 0.0888331308960915 0.100141495466232 0.103740647435188 0.108157925307751 0.112748138606548 0.115921288728714 0.120878480374813 0.124955125153065
-9999 -9999 -9999 -9999 -9999 -9999 0.215760871767998 0.206070750951767 0.23800902068615 0.289428025484085 0.315870374441147 0.24138131737709 0.196693196892738 0.198041588068008 0.248212471604347 0.303634524345398 0.323552548885345 0.0975223183631897 0.0925752446055412 0.0876499488949776 0.0853118970990181 0.0856017097830772 0.0857885181903839 0.0878675952553749 0.0897334292531013 0.0920897126197815 0.0963065847754478 0.100676685571671 0.104986175894737 0.107323423027992 0.108623862266541 0.109278164803982 0.109483659267426 0.108127310872078 0.106294192373753 0.10610493272543 0.105990029871464 0.107533045113087 0.11005425453186 0.109974160790443 0.111661091446877 0.107251703739166 0.107809297740459 0.111356317996979 0.139890089631081 0.140121608972549 0.13269816339016 0.0999020487070084 0.0964757725596428 0.307307690382004 0.370248138904572 0.375587612390518 0.381516844034195 0.387345612049103 0.38751682639122 0.393311142921448
-9999 -9999 -9999 -9999 -9999 0.257995277643204 0.156507015228271 0.19814969599247 0.239589482545853 0.262030690908432 0.273471742868423 0.245605334639549 0.238130733370781 0.263187915086746 0.32808792591095 0.396214872598648 0.381930530071259 0.341041594743729 0.3114173412323 0.0955318883061409 0.0931651964783669 0.093068890273571 0.0887772217392921 0.0913288816809654 0.0984752401709557 0.103563584387302 0.337738335132599 0.347506016492844 0.359162718057632 0.373959630727768 0.373813390731812 0.37640705704689 0.374310314655304 0.122845761477947 0.119563534855843 0.114806301891804 0.11762360483408 0.11907834559679 0.122020900249481 0.120623052120209 0.121659249067307 0.121599562466145 0.117466911673546 0.150062367320061 0.153251528739929 0.436206459999084 0.415087312459946 0.375787645578384 0.366679817438126 0.379029542207718 0.389892488718033 0.379697650671005 0.37544721364975 0.376524031162262 0.361651957035065 0.348058193922043
-9999 -9999 -9999 -9999 -9999 0.265170097351074 0.205609515309334 0.222195029258728 0.255947560071945 0.261192172765732 0.231416150927544 0.256208777427673 0.288348287343979 0.387428224086761 0.376881748437881 0.407569289207458 0.410769462585449 0.381706327199936 0.352031707763672 0.350997358560562 0.117238275706768 0.116061985492706 0.111629515886307 0.344922751188278 0.353765368461609 0.363182038068771 0.371221989393234 0.380176365375519 0.392739295959473 0.405089050531387 0.414377480745316 0.417685180902481 0.413561671972275 0.405974090099335 0.394120067358017 0.386003822088242 0.38620513677597 0.390435934066772 0.135492756962776 0.166201025247574 0.1654072701931 0.163180142641068 0.166663452982903 0.451122105121613 0.440208941698074 0.432651340961456 0.416806310415268 0.39828222990036 0.392645806074142 0.391156792640686 0.388647079467773 0.383746147155762 0.37394905090332 0.366137385368347 0.358489632606506 0.348064303398132
-9999 -9999 -9999 -9999 -9999 -9999 0.246612533926964 0.257267415523529 0.282512158155441 0.217696607112885 0.220198556780815 0.2313501983881 0.348368406295776 0.395552396774292 0.361362427473068 0.353602766990662 0.398161113262177 0.403135985136032 0.400337129831314 0.394278287887573 0.413041561841965 0.402457058429718 0.403287380933762 0.404446721076965 0.405338019132614 0.477647602558136 0.478158622980118 0.486329287290573 0.487412512302399 0.491081386804581 0.503119051456451 0.499878525733948 0.501004934310913 0.494200140237808 0.483055889606476 0.475127249956131 0.473742514848709 0.476136714220047 0.482023894786835 0.473637759685516 0.468160778284073 0.46245676279068 0.459103465080261 0.448798984289169 0.438483119010925 0.434020578861237 0.419926524162292 0.404264003038406 0.395296186208725 0.381995379924774 0.374722808599472 0.369097679853439 0.363851398229599 0.360662758350372 0.355342596769333 0.351111501455307
-9999 -9999 -9999 -9999 -9999 -9999 0.282049715518951 0.28943994641304 0.310041874647141 0.272557824850082 0.208600088953972 0.186720088124275 0.195554539561272 0.228365138173103 0.268916428089142 0.314575016498566 0.360037595033646 0.384994238615036 0.431232750415802 0.432147562503815 0.431679725646973 0.498735308647156 0.506187081336975 0.509393632411957 0.515091300010681 0.517497479915619 0.522712171077728 0.530900001525879 0.531621038913727 0.528501331806183 0.523773014545441 0.524600982666016 0.524024367332458 0.518289089202881 0.510184288024902 0.501643359661102 0.500971257686615 0.500028729438782 0.494037985801697 0.484010308980942 0.474464118480682 0.468472957611084 0.463603228330612 0.451726675033569 0.43755429983139 0.422153502702713 0.405020862817764 0.389548897743225 0.378650069236755 0.365254521369934 0.354005306959152 0.345736622810364 0.337445139884949 0.331404983997345 0.322822421789169 0.312641650438309
-9999 -9999 -9999 -9999 -9999 -9999 0.320069402456284 0.278433322906494 0.300414144992828 0.255919426679611 0.224975228309631 0.165565997362137 0.138371527194977 0.145899564027786 0.180199891328812 0.220499560236931 0.305182486772537 0.362850278615952 0.395712047815323 0.451388478279114 0.507666349411011 0.519670307636261 0.542083621025085 0.546113073825836 0.540220677852631 0.540402770042419 0.544621288776398 0.555096209049225 0.553247451782227 0.545735955238342 0.541530191898346 0.536301016807556 0.537485539913177 0.532127261161804 0.523318290710449 0.516491532325745 0.509659886360168 0.510645568370819 0.503339946269989 0.487163752317429 0.479432970285416 0.469097137451172 0.461600601673126 0.442500382661819 0.423113435506821 0.412620842456818 0.395537465810776 0.379494100809097 0.366992086172104 0.349433362483978 0.338747709989548 0.327406525611877 0.3159019947052 0.305315941572189 0.291398614645004 0.28039538860321
-9999 -9999 -9999 -9999 -9999 -9999 -9999 -9999 0.157043606042862 0.179216057062149 0.222151651978493 0.180655971169472 0.114694677293301 0.109910771250725 0.138739675283432 0.185850098729134 0.276852279901505 0.374112784862518 0.399454921483994 0.463659137487411 0.524515509605408 0.550628066062927 0.544614255428314 0.548025727272034 0.560902118682861 0.559464454650879 0.559030115604401 0.557086408138275 0.554521322250366 0.549523830413818 0.544005870819092 0.544143974781036 0.542788147926331 0.53723818063736 0.529659390449524 0.520380198955536 0.51148384809494 0.502461850643158 0.492487609386444 0.483703702688217 0.474322408437729 0.464187413454056 0.453694492578506 0.44238206744194 0.421811580657959 0.407874971628189 0.39278581738472 0.376740336418152 0.362854421138763 0.346707671880722 0.331072598695755 0.316088557243347 0.300934553146362 0.287656784057617 0.271018087863922 0.255995988845825
-9999 -9999 -9999 -9999 -9999 -9999 -9999 -9999 0.155971378087997 0.153660237789154 0.203800544142723 0.158314913511276 0.0872168987989426 0.0946690291166306 0.12479156255722 0.163850083947182 0.255790263414383 0.363644570112228 0.375227779150009 0.442269921302795 0.534425795078278 0.535207211971283 0.510973870754242 0.515872001647949 0.540302217006683 0.558562099933624 0.548356592655182 0.521139442920685 0.517202734947205 0.525039970874786 0.528862535953522 0.529138624668121 0.52267462015152 0.529032409191132 0.51931369304657 0.508538901805878 0.496620774269104 0.489619165658951 0.479871839284897 0.469339817762375 0.463307470083237 0.452248007059097 0.443185299634933 0.433522790670395 0.419885069131851 0.408849447965622 0.387332320213318 0.371379971504211 0.357211828231812 0.338922500610352 0.3249531686306 0.307449102401733 0.289594709873199 0.272103548049927 0.251600414514542 0.235662296414375
-9999 -9999 -9999 -9999 -9999 -9999 -9999 -9999 -9999 0.126317128539085 0.189290151000023 0.142186522483826 0.0678893849253654 0.0823138281702995 0.112562648952007 0.154424518346786 0.247343689203262 0.329076915979385 0.326892107725143 0.39148610830307 0.49463763833046 0.493662089109421 0.479687750339508 0.486451804637909 0.508042752742767 0.518557131290436 0.506311297416687 0.491354554891586 0.489035248756409 0.48966121673584 0.4926438331604 0.487815469503403 0.479981333017349 0.482291847467422 0.490195572376251 0.499993592500687 0.494124293327332 0.482713401317596 0.472646415233612 0.466284513473511 0.457637071609497 0.449670195579529 0.439215242862701 0.428591996431351 0.420747995376587 0.408272176980972 0.393807649612427 0.369002848863602 0.352310985326767 0.335722088813782 0.317680448293686 0.299915552139282 0.280809342861176 0.262679547071457 0.240403667092323 0.220681354403496
-9999 -9999 -9999 -9999 -9999 -9999 -9999 -9999 -9999 -9999 0.143557831645012 0.0877849832177162 0.0637602582573891 0.0960062593221664 0.139616847038269 0.15314593911171 0.241288378834724 0.293416172266006 0.270762056112289 0.323736190795898 0.432469129562378 0.449059009552002 0.441221058368683 0.457416474819183 0.480983167886734 0.488202661275864 0.482446759939194 0.465660363435745 0.464001536369324 0.465761244297028 0.464655488729477 0.459759116172791 0.446232110261917 0.442541807889938 0.44461989402771 0.445247024297714 0.45038640499115 0.454230636358261 0.465420722961426 0.460556656122208 0.451521515846252 0.444479405879974 0.438550800085068 0.429650276899338 0.418697893619537 0.406594187021255 0.391399532556534 0.373109430074692 0.355542480945587 0.328042149543762 0.309645891189575 0.279634088277817 0.245929718017578 0.223624780774117 0.212884306907654 0.200458973646164
-9999 -9999 -9999 -9999 -9999 -9999 -9999 -9999 -9999 -9999 -9999 0.0706275552511215 0.0637239515781403 0.0759249404072762 0.142012238502502 0.188696578145027 0.222841009497643 0.260174870491028 0.238520190119743 0.274026215076447 0.370181977748871 0.402442842721939 0.406165719032288 0.421788394451141 0.451420426368713 0.45788636803627 0.458883136510849 0.449150383472443 0.44994455575943 0.446836411952972 0.445028126239777 0.439640730619431 0.424703776836395 0.417103290557861 0.407187610864639 0.399829775094986 0.402630299329758 0.403013080358505 0.41209352016449 0.422005861997604 0.431247711181641 0.440403759479523 0.433461755514145 0.423848986625671 0.41376057267189 0.401644110679626 0.386143207550049 0.368469536304474 0.349896937608719 0.325519442558289 0.279936134815216 0.251396834850311 0.22665624320507 0.206349313259125 0.186670884490013 0.172147080302238
