meets/meet004/_saidas_enm/CCSM_Maha_6k_Cavanillesia_umbellata1.asc
NCOLS 154 
NROWS 168 
XLLCORNER -112 
YLLCORNER -55.5 
CELLSIZE 0.5 
NODATA_value -9999 
[rows 100 to 124 of 168, columns 56 to 111 of 154]
-9999 -9999 -9999 -9999 -9999 -9999 -9999 -9999 -9999 -9999 -9999 -9999 -9999 -9999 -9999 -9999 -9999 -9999 -9999 -9999 -9999 -9999 -9999 -9999 -9999 -9999 -9999 -9999 -29.8184062187632 -16.9067638507524 -33.7179401392593 -63.9374999242975 -88.8905969055742 -99.781744049759 -87.6222848388295 -65.0630823316102 -44.5242769230038 -28.5144666755076 -16.3767826556819 -12.09230383837 -9.7601711139112 -7.5615524280302 -5.81979633804694 -5.94746837764881 -7.4010322319301 -8.14983552971442 -6.84413006247312 -5.37711069201148 -5.09507191016429 -5.35899913894357 -5.56237532885113 -5.54188654633398 -5.76981101525348 -6.23047889387639 -6.90784516174954 -8.20237558585019
-9999 -9999 -9999 -9999 -9999 -9999 -9999 -9999 -9999 -9999 -9999 -9999 -9999 -9999 -9999 -9999 -9999 -9999 -9999 -9999 -9999 -9999 -9999 -9999 -9999 -9999 -9999 -9999 -31.934159614692 -19.8347253455488 -41.1325026953926 -67.6116525605671 -86.0132761149918 -92.7373805503023 -79.8355335042071 -61.0331324472584 -40.1827944367556 -25.4973751575312 -15.0102251861466 -12.427967582221 -10.5218168073323 -9.30119396881586 -7.0776646243721 -6.42267263568196 -6.99467397600326 -7.24396873077601 -5.47662884490946 -4.33737390197503 -4.29099928044733 -4.97943628935547 -5.51881673651002 -5.41820756164856 -5.7684095586072 -6.33016421382956 -6.83374008950157 -8.60860166717587
-9999 -9999 -9999 -9999 -9999 -9999 -9999 -9999 -9999 -9999 -9999 -9999 -9999 -9999 -9999 -9999 -9999 -9999 -9999 -9999 -9999 -9999 -9999 -9999 -9999 -9999 -9999 -75.9401877179398 -37.6537744099531 -22.2254058524348 -40.6887183890927 -67.6820707693257 -81.1939776967787 -83.9246220522289 -73.1349499969963 -54.1615375972297 -35.9288736194871 -21.4106094641726 -12.5923842163311 -11.1015682444669 -11.5491275035829 -10.8306617210743 -8.6929467855079 -7.91007201688265 -8.70811540062488 -7.56391706894201 -5.34560368936081 -3.91088555484684 -3.71977648074113 -4.48782563833139 -5.03095755630174 -5.0864780321758 -5.16070956515755 -5.56558555235597 -6.20582332094713 -7.42572734041555
-9999 -9999 -9999 -9999 -9999 -9999 -9999 -9999 -9999 -9999 -9999 -9999 -9999 -9999 -9999 -9999 -9999 -9999 -9999 -9999 -9999 -9999 -9999 -9999 -9999 -9999 -9999 -78.1340038375346 -39.3909852250848 -22.8538769106436 -44.5369163524347 -70.258650270696 -79.8205367134678 -79.0849178798872 -68.2937331442492 -50.8384651582612 -31.8948489172046 -18.1862638734424 -11.5052845913655 -10.2244824530023 -14.3660049101392 -12.7075123863092 -10.3505442606158 -9.93060230843045 -11.3002936976724 -10.6494534759526 -7.46435352250717 -4.5597797786745 -3.98266182147079 -4.50302154205801 -4.99645822479038 -4.85544848103082 -4.76298140726531 -5.0773811076589 -5.81736755839351 -6.79229404144947
-9999 -9999 -9999 -9999 -9999 -9999 -9999 -9999 -9999 -9999 -9999 -9999 -9999 -9999 -9999 -9999 -9999 -9999 -9999 -9999 -9999 -9999 -9999 -9999 -9999 -9999 -9999 -75.8362336077828 -39.0464798311162 -25.5480095572077 -49.4756921088 -75.4633891439222 -83.6828604591311 -79.146097986796 -66.2248533481386 -47.8999403192126 -28.7681162995616 -16.4573043515809 -12.7754895895937 -9.68853520389959 -15.1139594431453 -13.8352800311982 -12.9110260832214 -12.5185343862648 -13.1004362302545 -13.3226866750087 -10.5637116392393 -7.52018149428001 -5.44269523822551 -4.96163085096744 -5.37105194593782 -4.9398293094492 -5.13230445476083 -5.54002097155642 -6.15914177518603 -7.50115614338159
-9999 -9999 -9999 -9999 -9999 -9999 -9999 -9999 -9999 -9999 -9999 -9999 -9999 -9999 -9999 -9999 -9999 -9999 -9999 -9999 -9999 -9999 -9999 -9999 -9999 -9999 -9999 -74.3421667763332 -38.9496206328523 -29.1833651083163 -60.2073620575708 -85.9348513961784 -91.6670535680127 -83.9113031576188 -67.0900763169919 -47.7385118562066 -27.319617218875 -15.9955564281782 -12.738701665546 -11.2756566643274 -16.7395698674891 -15.7678547995312 -15.1484844120985 -14.7519054210132 -14.8507662649761 -14.3576105986419 -11.5339355071652 -9.85516897411201 -7.98854705165431 -6.45110938402906 -5.83624072609233 -5.45507622020517 -5.61017244174503 -6.23092956435392 -6.94094000577446 -8.29724326594674
-9999 -9999 -9999 -9999 -9999 -9999 -9999 -9999 -9999 -9999 -9999 -9999 -9999 -9999 -9999 -9999 -9999 -9999 -9999 -9999 -9999 -9999 -9999 -9999 -9999 -9999 -9999 -65.6789968513707 -36.4088503792288 -35.954041937051 -74.3326934394881 -99.3709997631346 -103.195600785627 -90.9481709350103 -69.182443023366 -49.0778877688137 -27.0838107912297 -15.9560180485003 -11.4695229207261 -13.1759426338901 -18.1326754796181 -18.3375971177659 -17.4211131299474 -16.7509728430936 -15.628454272236 -13.4841018759623 -12.3306346814826 -10.6917931217465 -9.25438257935941 -8.37474325279454 -6.9460249481209 -6.4669528659281 -6.17953607799691 -6.64799779131192 -7.59802380867015 -8.28863428754691
-9999 -9999 -9999 -9999 -9999 -9999 -9999 -9999 -9999 -9999 -9999 -9999 -9999 -9999 -9999 -9999 -9999 -9999 -9999 -9999 -9999 -9999 -9999 -9999 -9999 -9999 -9999 -55.9242609693873 -33.2202423623591 -44.186699120821 -87.5346870653661 -111.8977422827 -110.939216086956 -95.546015665895 -71.1601655002931 -51.1333102721281 -27.5320268940147 -15.224715972781 -11.5692076531774 -14.1880612174537 -20.196510211428 -21.1387045137931 -19.9516216915209 -19.6311281280676 -18.2727023630957 -15.9017551017709 -14.8791504510007 -13.2591504088314 -11.6337202069184 -10.7377217186819 -9.58939651219286 -9.29989398803751 -8.96065101150403 -8.51827533722553 -8.20800973221524 -8.7499179894583
-9999 -9999 -9999 -9999 -9999 -9999 -9999 -9999 -9999 -9999 -9999 -9999 -9999 -9999 -9999 -9999 -9999 -9999 -9999 -9999 -9999 -9999 -9999 -9999 -9999 -9999 -9999 -48.6842101612826 -28.6027639087549 -52.7716748279566 -101.07194643038 -119.231043886956 -115.072283271673 -95.5482937634292 -69.9765515851749 -53.5999883761194 -25.9441137074029 -13.548587254279 -13.2069805133197 -15.7019369087778 -22.9818450083865 -24.5440548945645 -23.6701594176136 -23.2036976268885 -22.4256769597158 -21.2595393079969 -18.9687123638054 -17.8007350513589 -16.004112824855 -14.2257678833672 -13.8516722795848 -13.1166512081695 -13.1729686108371 -12.5262267404325 -11.5334461188154 -10.8404418438418
-9999 -9999 -9999 -9999 -9999 -9999 -9999 -9999 -9999 -9999 -9999 -9999 -9999 -9999 -9999 -9999 -9999 -9999 -9999 -9999 -9999 -9999 -9999 -9999 -9999 -9999 -9999 -39.4221933405836 -29.1042639702095 -56.7813812291268 -97.8435106530043 -113.571666536893 -103.704353264882 -83.3638645580876 -61.6151541883401 -46.5080232745063 -22.9463215069419 -15.0057439575129 -13.827565842998 -17.9349075826716 -25.4019377694454 -27.4595546997981 -26.9179155888599 -26.8727353760112 -26.4009835030492 -25.587834581989 -23.9698648205996 -22.6072580547613 -20.7011431512443 -19.1778818593756 -18.7040210792826 -18.0167072008167 -18.0559279810267 -17.1463091891503 -16.1411878298935 -15.3990671545231
-9999 -9999 -9999 -9999 -9999 -9999 -9999 -9999 -9999 -9999 -9999 -9999 -9999 -9999 -9999 -9999 -9999 -9999 -9999 -9999 -9999 -9999 -9999 -9999 -9999 -9999 -58.0925200151408 -31.7217895699408 -31.0317161818461 -60.0104189786051 -94.1970582646591 -100.460804397932 -87.4323014090153 -66.5001719320435 -49.0378571952048 -38.7746360882179 -19.8749317003198 -16.895449459067 -15.9558036735934 -21.734524000586 -28.3382633811922 -30.2708944353163 -29.3793854746442 -29.6293449220699 -29.2865548231166 -28.7627762169309 -27.0490346299388 -26.2156503557425 -24.7562826246981 -23.9790087306441 -23.4114916545888 -22.3449688513533 -22.6984022641613 -21.5295454653039 -20.8530355726684 -20.4053235107873
-9999 -9999 -9999 -9999 -9999 -9999 -9999 -9999 -9999 -9999 -9999 -9999 -9999 -9999 -9999 -9999 -9999 -9999 -9999 -9999 -9999 -9999 -9999 -9999 -9999 -9999 -43.0310879767318 -27.528801228494 -38.2753054720284 -65.6751650262495 -87.6546965315029 -86.8854063206827 -70.6459118989767 -51.3519575318076 -36.4929442413767 -27.7589702453721 -19.6960161952005 -17.9533351762319 -20.4035297511245 -27.3601581336731 -32.6063964661399 -34.3770440715238 -33.8834960542126 -34.0306140296658 -34.2839149565063 -33.609623607342 -32.3422953493042 -31.3071025380506 -29.7846035556193 -28.8086421627815 -28.2393417038485 -27.685773699511 -27.6043405261426 -26.7868831601704 -26.5268967041253 -26.2457878315571
-9999 -9999 -9999 -9999 -9999 -9999 -9999 -9999 -9999 -9999 -9999 -9999 -9999 -9999 -9999 -9999 -9999 -9999 -9999 -9999 -9999 -9999 -9999 -9999 -9999 -9999 -29.6844622129977 -32.5235069921687 -53.6493582636525 -75.2730714893804 -92.7110609321974 -72.6764729710685 -57.8244235303464 -39.7443127529151 -27.1774002097675 -22.8332979267556 -20.2938108500678 -22.2391453952007 -28.4461590028202 -33.7978093854597 -37.4687112430946 -37.9462481320088 -38.7790160370752 -38.9419193608399 -39.1399925523069 -40.059782524865 -37.5556573064081 -35.886929782954 -34.4948169256155 -33.865479222989 -33.4950852976714 -32.6897137441062 -32.7013158608981 -31.7993844492737 -32.1466527721316 -32.2206336706867
-9999 -9999 -9999 -9999 -9999 -9999 -9999 -9999 -9999 -9999 -9999 -9999 -9999 -9999 -9999 -9999 -9999 -9999 -9999 -9999 -9999 -9999 -9999 -9999 -9999 -9999 -24.5972760625559 -48.7406005239867 -75.1053762634364 -85.7104127868858 -78.9158853879881 -61.3598919671844 -42.3774443950917 -28.8641268638998 -22.924337650534 -23.0683380014674 -22.257777785483 -28.2574905877445 -35.7433442416881 -39.7326436296732 -39.8865965097657 -40.7605092146639 -41.8799570519071 -41.9744125502812 -41.4219643753392 -40.7736172893117 -40.6210241492673 -40.8476287464374 -39.9774861354985 -39.7559649204627 -39.051466470693 -38.4007625749261 -38.4539090986833 -37.9204752392836 -38.5120696976564 -38.8895196194137
-9999 -9999 -9999 -9999 -9999 -9999 -9999 -9999 -9999 -9999 -9999 -9999 -9999 -9999 -9999 -9999 -9999 -9999 -9999 -9999 -9999 -9999 -9999 -9999 -9999 -18.5681520355796 -30.1374271394122 -73.6330660278812 -100.102787394407 -89.2849308170934 -73.7099454299591 -53.0329695708167 -32.1759703138317 -25.8992956778348 -25.406318693245 -26.4807645926933 -29.0824853562974 -36.2742360943877 -42.9766208789655 -42.9779073468413 -41.5482610775573 -43.4282546404647 -44.2967040359086 -43.5036896274482 -42.799119891158 -40.3486623797108 -42.2640083878883 -44.75940836256 -45.5883659192967 -46.1694335138046 -45.1639504591628 -44.1881325517805 -44.5701398232932 -44.4237408694436 -45.3919009614193 -45.867095143743
-9999 -9999 -9999 -9999 -9999 -9999 -9999 -9999 -9999 -9999 -9999 -9999 -9999 -9999 -9999 -9999 -9999 -9999 -9999 -9999 -9999 -9999 -9999 -9999 -9999 -18.705862264017 -38.5422877173035 -79.1040700798474 -101.586040376198 -91.1594082901765 -66.8457898935989 -49.2108904140606 -34.4040770217515 -30.9589514503549 -29.4355765684203 -34.6105371163526 -37.9787748203472 -42.7019446421271 -45.9635497899158 -46.1275352902856 -45.0744072302504 -46.8901152471748 -47.2773324882949 -46.6636519143049 -45.1121722169342 -43.9784716119564 -46.5099202899352 -49.7056466862171 -50.5515408506369 -51.6168231076544 -50.6304111542037 -50.7795684672714 -51.2355093426581 -50.4832407218135 -51.2709433977805 -51.9651265978054
-9999 -9999 -9999 -9999 -9999 -9999 -9999 -9999 -9999 -9999 -9999 -9999 -9999 -9999 -9999 -9999 -9999 -9999 -9999 -9999 -9999 -9999 -9999 -9999 -9999 -20.2702210640536 -45.7459950472469 -85.7737143185591 -106.336513630946 -86.6637763187152 -63.8967226997177 -49.2719576506053 -39.6306538230172 -35.365126830926 -38.5658555362763 -45.3489135947616 -46.301664566432 -48.468190217083 -50.3813540502975 -49.7908750051652 -49.3326717334062 -50.4278766880196 -51.7365476319753 -51.0723320709182 -49.6057319179348 -47.7646681481429 -50.9942447850627 -55.1684585187937 -56.0205134997474 -56.3051466186667 -54.9001146424232 -55.589253738442 -56.7622832757358 -56.3393616511663 -57.1437101252533 -57.3445933248016
-9999 -9999 -9999 -9999 -9999 -9999 -9999 -9999 -9999 -9999 -9999 -9999 -9999 -9999 -9999 -9999 -9999 -9999 -9999 -9999 -9999 -9999 -9999 -9999 -9999 -21.9699332265956 -49.2217395272468 -87.3068626438521 -106.337559342522 -89.606841989249 -64.8612262181059 -53.4445514576537 -44.7786873830123 -42.8696953493536 -45.9204120576423 -51.3693752658388 -53.4065442371476 -54.0997054339412 -53.6874957773498 -52.0973801112175 -51.2801485948967 -52.9339863657866 -55.0307354235595 -55.7364906542174 -56.5490829353141 -56.8089505792312 -57.8873884895354 -58.8369533688945 -58.1078263854902 -58.9603736026108 -59.546335279259 -60.2000278494932 -61.2007197308619 -60.6945309595972 -61.6633343672048 -62.3595878187747
-9999 -9999 -9999 -9999 -9999 -9999 -9999 -9999 -9999 -9999 -9999 -9999 -9999 -9999 -9999 -9999 -9999 -9999 -9999 -9999 -9999 -9999 -9999 -9999 -9999 -23.5863897113241 -52.1726524184011 -92.3450190488817 -111.406342678007 -92.6638470571038 -66.300222350803 -55.8565430152258 -49.4022686833092 -47.8578854275507 -52.1294433257909 -57.2628592066482 -58.1824051652741 -59.5090003405928 -59.1726515491532 -55.5341311990627 -53.9727508755288 -55.4043383973288 -59.0585522359009 -60.3571057551716 -62.4328320849072 -63.8521007860141 -61.7524439474166 -61.4591624852549 -60.5714394754088 -62.3308354583093 -63.5148933643761 -63.9865543193832 -65.3020315619037 -65.0991681001285 -66.5513491008141 -66.806411602649
-9999 -9999 -9999 -9999 -9999 -9999 -9999 -9999 -9999 -9999 -9999 -9999 -9999 -9999 -9999 -9999 -9999 -9999 -9999 -9999 -9999 -9999 -9999 -9999 -9999 -25.8916094745913 -55.0986261876987 -95.0676012947682 -113.769560910947 -99.4430751372545 -70.0307293731924 -58.8714263323414 -52.6000201327247 -53.2829060582556 -56.390275183446 -59.3797253022899 -62.0453775381049 -63.4185883831548 -62.9236375318263 -60.1817339650562 -58.5156589789712 -60.7794729662336 -66.0394983228633 -67.8146510020318 -67.3513141475982 -65.4544621238314 -65.1730378924536 -65.3098730625638 -63.7652577409771 -64.8348742315113 -66.5757372488369 -67.7299236354112 -69.2599295502623 -68.6732768453022 -69.3205183781297 -69.8096739348463
-9999 -9999 -9999 -9999 -9999 -9999 -9999 -9999 -9999 -9999 -9999 -9999 -9999 -9999 -9999 -9999 -9999 -9999 -9999 -9999 -9999 -9999 -9999 -9999 -9999 -27.0015738882118 -58.0058340475347 -101.158248312515 -120.563849855383 -107.208362949919 -76.9798884356349 -65.0155791793028 -58.3713769427871 -59.1634916491293 -61.415297125149 -63.8466663549021 -65.7190369732026 -67.4061402298554 -67.5770565645865 -64.9194544420062 -63.1760032205724 -65.4382423453213 -71.5626133333676 -72.3832404014006 -69.8480608070716 -67.307888658477 -66.1726829407352 -67.3964313689788 -66.6118109061595 -68.8692117373316 -69.4303027409412 -70.2071281327743 -72.1498261418798 -71.7751628934228 -72.6705302679048 -72.3895958980747
-9999 -9999 -9999 -9999 -9999 -9999 -9999 -9999 -9999 -9999 -9999 -9999 -9999 -9999 -9999 -9999 -9999 -9999 -9999 -9999 -9999 -9999 -9999 -9999 -9999 -28.2034862289972 -60.090904923909 -106.741507287917 -129.021106037302 -117.463934257067 -85.8417860186623 -71.9576204803768 -65.3526760005116 -65.8752466765327 -67.7903936065785 -70.5524501577993 -71.7972207405388 -72.8564528227543 -72.3791408950848 -69.1070621130259 -67.362727006979 -69.5080405274376 -74.177036187616 -74.7867777128187 -72.7367148692341 -69.3874222112623 -69.4361189729585 -70.1956550522579 -69.677504783242 -71.004174650215 -72.5446009144513 -73.0469521149224 -73.8954156471386 -73.2095998946484 -74.051333368151 -74.6415834247988
-9999 -9999 -9999 -9999 -9999 -9999 -9999 -9999 -9999 -9999 -9999 -9999 -9999 -9999 -9999 -9999 -9999 -9999 -9999 -9999 -9999 -9999 -9999 -9999 -9999 -29.1201323825691 -62.0199848713615 -110.298260559044 -137.064465470804 -125.463869378985 -96.9264004507485 -80.580275875498 -73.4989978852361 -72.1680304804505 -73.7694324750092 -75.8838772426556 -75.9154985557439 -76.6879852736618 -75.7388394933006 -71.2664048047519 -69.8350674397788 -71.3953259517472 -76.0291179464929 -77.2447222671959 -75.5854352003021 -72.6430703593401 -72.014647808262 -73.5357956051741 -72.2418699698968 -73.8815446344937 -74.1430210855713 -73.9025241865559 -75.4325196473878 -75.4826736900973 -76.3154245607897 -76.9064808684991
-9999 -9999 -9999 -9999 -9999 -9999 -9999 -9999 -9999 -9999 -9999 -9999 -9999 -9999 -9999 -9999 -9999 -9999 -9999 -9999 -9999 -9999 -9999 -9999 -9999 -30.0909159230959 -64.656685779326 -113.532660654664 -143.669103305179 -134.2543827113 -108.654484118044 -90.8996407239513 -79.6789678678708 -77.9511124160587 -77.7200181104626 -77.7059784343679 -78.4135490768427 -78.9215186062657 -76.8755742219962 -72.8243173128413 -70.7686347738611 -72.185475233417 -77.4850799622167 -78.9198201629357 -78.4929815986904 -76.3547839883584 -75.8466123743771 -76.4820463839698 -74.9590574263054 -75.2596694549564 -74.1046970273924 -74.78367913654 -77.7466288840121 -76.340890610777 -76.6477971455917 -77.6274854390962
-9999 -9999 -9999 -9999 -9999 -9999 -9999 -9999 -9999 -9999 -9999 -9999 -9999 -9999 -9999 -9999 -9999 -9999 -9999 -9999 -9999 -9999 -9999 -9999 -24.0524001243471 -34.4257150237829 -69.6987799716851 -117.157458121991 -148.752714570294 -141.358942611092 -119.043152615133 -97.9160632973276 -85.9512126299231 -82.5004560615055 -81.6513531152337 -81.2029860200355 -81.7552421318417 -81.7412812785805 -79.3554911224877 -74.6628554793479 -71.5678563929885 -74.0179914346177 -78.8999438118221 -80.6554420514976 -80.4464786135327 -79.2238397139175 -79.7151384748488 -79.7318694625983 -77.0011506996682 -75.6720602201871 -74.6965968056104 -76.0081750443665 -78.1260771583714 -74.5005408979682 -70.0700735764602 -68.0898221789997
