meets/meet004/_saidas_enm/CCSM_Maxent_21k_Cavanillesia_umbellata2.asc
NCOLS 154 
NROWS 168 
XLLCORNER -112 
YLLCORNER -55.5 
CELLSIZE 0.5 
NODATA_value -9999 
[rows 100 to 124 of 168, columns 56 to 111 of 154]
-9999 -9999 -9999 -9999 -9999 -9999 -9999 -9999 -9999 -9999 -9999 -9999 -9999 -9999 -9999 -9999 -9999 -9999 -9999 -9999 -9999 -9999 -9999 -9999 -9999 -9999 -9999 -9999 0.130933910608292 0.0631901994347572 0.13864928483963 0.105578027665615 0.110145509243011 0.111937396228313 0.104721352458 0.105993583798409 0.115989699959755 0.108067318797112 0.0901491120457649 0.0859224945306778 0.0833141282200813 0.0924819260835648 0.108842924237251 0.117916241288185 0.112034820020199 0.115460738539696 0.152785941958427 0.214121639728546 0.352856874465942 0.358363330364227 0.349324434995651 0.345400542020798 0.337333649396896 0.316239416599274 0.289699345827103 0.180436044931412
-9999 -9999 -9999 -9999 -9999 -9999 -9999 -9999 -9999 -9999 -9999 -9999 -9999 -9999 -9999 -9999 -9999 -9999 -9999 -9999 -9999 -9999 -9999 -9999 -9999 -9999 -9999 -9999 0.134210705757141 0.180722787976265 0.134227648377419 0.100827507674694 0.0960922762751579 0.0989305153489113 0.102969087660313 0.109749600291252 0.119453206658363 0.108076095581055 0.0901381969451904 0.0877616330981255 0.087514154613018 0.100872352719307 0.120437704026699 0.12898288667202 0.118251331150532 0.116392776370049 0.16459858417511 0.340427279472351 0.38000950217247 0.341032654047012 0.2067911028862 0.217893347144127 0.216681256890297 0.207519799470901 0.193999290466309 0.171402141451836
-9999 -9999 -9999 -9999 -9999 -9999 -9999 -9999 -9999 -9999 -9999 -9999 -9999 -9999 -9999 -9999 -9999 -9999 -9999 -9999 -9999 -9999 -9999 -9999 -9999 -9999 -9999 0.187465757131577 0.13347427546978 0.174638032913208 0.128419071435928 0.0950854644179344 0.0952425003051758 0.100704096257687 0.107575111091137 0.115758664906025 0.125378116965294 0.110810935497284 0.0910733714699745 0.0904975757002831 0.0932547897100449 0.109737440943718 0.14043340086937 0.148331627249718 0.126524180173874 0.122735999524593 0.162949085235596 0.223778262734413 0.353152722120285 0.32647642493248 0.210227251052856 0.207132816314697 0.211059853434563 0.203861892223358 0.188085854053497 0.172467827796936
-9999 -9999 -9999 -9999 -9999 -9999 -9999 -9999 -9999 -9999 -9999 -9999 -9999 -9999 -9999 -9999 -9999 -9999 -9999 -9999 -9999 -9999 -9999 -9999 -9999 -9999 -9999 0.183344125747681 0.124570265412331 0.162570402026176 0.116223499178886 0.0901409387588501 0.0927572622895241 0.101773776113987 0.112797074019909 0.120658814907074 0.120488166809082 0.12225591391325 0.0828874707221985 0.0835682302713394 0.0918705761432648 0.112099297344685 0.143979355692863 0.151212468743324 0.125048920512199 0.116453118622303 0.148060694336891 0.198178723454475 0.318277984857559 0.211799338459969 0.198405966162682 0.194719165563583 0.199633300304413 0.19471363723278 0.179324641823769 0.168138086795807
-9999 -9999 -9999 -9999 -9999 -9999 -9999 -9999 -9999 -9999 -9999 -9999 -9999 -9999 -9999 -9999 -9999 -9999 -9999 -9999 -9999 -9999 -9999 -9999 -9999 -9999 -9999 0.169309541583061 0.109095253050327 0.144324034452438 0.106781974434853 0.0858613178133965 0.0939408242702484 0.104196585714817 0.114096321165562 0.117899373173714 0.108265906572342 0.0610018894076347 0.0635621249675751 0.0722884982824326 0.0830240696668625 0.100451201200485 0.119504898786545 0.124313868582249 0.114474646747112 0.107730247080326 0.133641317486763 0.167353540658951 0.190331131219864 0.188758462667465 0.175931721925735 0.178258806467056 0.174528956413269 0.169715017080307 0.164604768157005 0.15839022397995
-9999 -9999 -9999 -9999 -9999 -9999 -9999 -9999 -9999 -9999 -9999 -9999 -9999 -9999 -9999 -9999 -9999 -9999 -9999 -9999 -9999 -9999 -9999 -9999 -9999 -9999 -9999 0.158395066857338 0.0998785346746445 0.152632981538773 0.0929500535130501 0.0826237425208092 0.0942176356911659 0.103905193507671 0.107994101941586 0.104545526206493 0.090268686413765 0.0498246774077415 0.0523385666310787 0.0640290975570679 0.0769819468259811 0.0924502909183502 0.102666437625885 0.111941300332546 0.113153181970119 0.113106906414032 0.138958647847176 0.161075085401535 0.178839802742004 0.185231924057007 0.17454095184803 0.172948852181435 0.162783816456795 0.15772633254528 0.157824993133545 0.154427051544189
-9999 -9999 -9999 -9999 -9999 -9999 -9999 -9999 -9999 -9999 -9999 -9999 -9999 -9999 -9999 -9999 -9999 -9999 -9999 -9999 -9999 -9999 -9999 -9999 -9999 -9999 -9999 0.149274051189423 0.242772445082664 0.142399206757545 0.0808873251080513 0.078661784529686 0.0951867699623108 0.103610873222351 0.0977455154061317 0.083162248134613 0.0478107519447803 0.0445382297039032 0.0498850494623184 0.0636791437864304 0.0780850574374199 0.0872687101364136 0.0981228724122047 0.108229607343674 0.118253387510777 0.139427334070206 0.14913147687912 0.16942323744297 0.187140718102455 0.192436948418617 0.197693228721619 0.180189281702042 0.164239406585693 0.156772777438164 0.155521735548973 0.157432541251183
-9999 -9999 -9999 -9999 -9999 -9999 -9999 -9999 -9999 -9999 -9999 -9999 -9999 -9999 -9999 -9999 -9999 -9999 -9999 -9999 -9999 -9999 -9999 -9999 -9999 -9999 -9999 0.345571607351303 0.267585664987564 0.12964491546154 0.0468211024999619 0.045984398573637 0.092212401330471 0.0994221046566963 0.0875129103660583 0.0708305910229683 0.04223557934165 0.043022133409977 0.0505188144743443 0.0646250396966934 0.0761724263429642 0.0822360217571259 0.0897148847579956 0.0986185222864151 0.10886300355196 0.128526255488396 0.138894259929657 0.155878752470016 0.174193784594536 0.186365097761154 0.195107698440552 0.179979577660561 0.162050738930702 0.154138281941414 0.154633417725563 0.156855493783951
-9999 -9999 -9999 -9999 -9999 -9999 -9999 -9999 -9999 -9999 -9999 -9999 -9999 -9999 -9999 -9999 -9999 -9999 -9999 -9999 -9999 -9999 -9999 -9999 -9999 -9999 -9999 0.379428178071976 0.258851051330566 0.11666713654995 0.0407870560884476 0.0400454588234425 0.0860520899295807 0.095191054046154 0.0812117233872414 0.0638909563422203 0.040825579315424 0.0450158938765526 0.0550793968141079 0.0683022364974022 0.0737779438495636 0.0798180997371674 0.085178442299366 0.0893328115344048 0.0910927504301071 0.0946042910218239 0.112731948494911 0.125991925597191 0.143531695008278 0.16468620300293 0.174174427986145 0.166564673185349 0.152933910489082 0.14817076921463 0.150668516755104 0.15200562775135
-9999 -9999 -9999 -9999 -9999 -9999 -9999 -9999 -9999 -9999 -9999 -9999 -9999 -9999 -9999 -9999 -9999 -9999 -9999 -9999 -9999 -9999 -9999 -9999 -9999 -9999 -9999 0.361741065979004 0.248129263520241 0.107998542487621 0.0360787808895111 0.0344471149146557 0.0494780391454697 0.0872889310121536 0.0760525017976761 0.0660851299762726 0.0470073260366917 0.058014128357172 0.0708450078964233 0.0785973817110062 0.0778642371296883 0.0804955959320068 0.0840359330177307 0.0870433002710342 0.0882560908794403 0.0884226784110069 0.0988490283489227 0.111570544540882 0.127198919653893 0.144359916448593 0.152355745434761 0.151357755064964 0.14408740401268 0.142202392220497 0.14500880241394 0.145266309380531
-9999 -9999 -9999 -9999 -9999 -9999 -9999 -9999 -9999 -9999 -9999 -9999 -9999 -9999 -9999 -9999 -9999 -9999 -9999 -9999 -9999 -9999 -9999 -9999 -9999 -9999 0.436730891466141 0.338630616664886 0.227207124233246 0.0599341951310635 0.0309975128620863 0.0292207337915897 0.0431068129837513 0.0507254973053932 0.0771825760602951 0.0718275681138039 0.0892315432429314 0.0826294794678688 0.100940182805061 0.0947221219539642 0.0846778303384781 0.0819116905331612 0.0839536711573601 0.0855635106563568 0.0863029435276985 0.0888943150639534 0.0984005257487297 0.109327718615532 0.121094301342964 0.129492104053497 0.134584680199623 0.137564197182655 0.135544836521149 0.136411175131798 0.138307809829712 0.137983605265617
-9999 -9999 -9999 -9999 -9999 -9999 -9999 -9999 -9999 -9999 -9999 -9999 -9999 -9999 -9999 -9999 -9999 -9999 -9999 -9999 -9999 -9999 -9999 -9999 -9999 -9999 0.409767031669617 0.320933908224106 0.162194222211838 0.044636070728302 0.0253795739263296 0.0252921096980572 0.0378576368093491 0.0470020361244678 0.0497477687895298 0.0843572914600372 0.109146513044834 0.0946646332740784 0.111123576760292 0.107866324484348 0.0972302556037903 0.0900701731443405 0.0858316197991371 0.0845556706190109 0.0881146267056465 0.0927611440420151 0.0997254028916359 0.105585299432278 0.113508738577366 0.120511651039124 0.124297983944416 0.126739248633385 0.126466602087021 0.127315327525139 0.128470256924629 0.12636524438858
-9999 -9999 -9999 -9999 -9999 -9999 -9999 -9999 -9999 -9999 -9999 -9999 -9999 -9999 -9999 -9999 -9999 -9999 -9999 -9999 -9999 -9999 -9999 -9999 -9999 -9999 0.368180692195892 0.244866147637367 0.0647462233901024 0.0321796908974648 0.0234548524022102 0.0253220684826374 0.0372424460947514 0.0481185019016266 0.0597502067685127 0.0638532415032387 0.0857224762439728 0.100488007068634 0.111713856458664 0.117816507816315 0.112452462315559 0.105905413627625 0.0983638688921928 0.0958190262317657 0.0987106338143349 0.0988475307822227 0.103599891066551 0.103374034166336 0.105876699090004 0.111585833132267 0.116597764194012 0.117849163711071 0.116709195077419 0.117995724081993 0.118033662438393 0.115305177867413
-9999 -9999 -9999 -9999 -9999 -9999 -9999 -9999 -9999 -9999 -9999 -9999 -9999 -9999 -9999 -9999 -9999 -9999 -9999 -9999 -9999 -9999 -9999 -9999 -9999 -9999 0.308246791362762 0.154147684574127 0.042673334479332 0.025342358276248 0.0261339731514454 0.0310541223734617 0.0475150533020496 0.0647978931665421 0.135127410292625 0.16026508808136 0.173864677548409 0.113943196833134 0.118959560990334 0.129121586680412 0.135322421789169 0.127000913023949 0.115802608430386 0.11348832398653 0.120926402509212 0.125157907605171 0.115297421813011 0.102564737200737 0.0993997678160667 0.102638624608517 0.107130207121372 0.109281845390797 0.109388820827007 0.11039212346077 0.109562419354916 0.106902495026588
-9999 -9999 -9999 -9999 -9999 -9999 -9999 -9999 -9999 -9999 -9999 -9999 -9999 -9999 -9999 -9999 -9999 -9999 -9999 -9999 -9999 -9999 -9999 -9999 -9999 0.42062321305275 0.264289438724518 0.0905548259615898 0.0277360007166862 0.0250485725700855 0.0279943756759167 0.0399771295487881 0.0647768676280975 0.143370419740677 0.193308249115944 0.267311960458755 0.230434894561768 0.130843475461006 0.127743422985077 0.143766328692436 0.166991084814072 0.141055405139923 0.129841417074203 0.131326973438263 0.144748702645302 0.164985835552216 0.131381377577782 0.102304235100746 0.0925338566303253 0.0939481183886528 0.0986739546060562 0.1016725897789 0.102226592600346 0.102722682058811 0.100494675338268 0.0996871888637543
-9999 -9999 -9999 -9999 -9999 -9999 -9999 -9999 -9999 -9999 -9999 -9999 -9999 -9999 -9999 -9999 -9999 -9999 -9999 -9999 -9999 -9999 -9999 -9999 -9999 0.385232508182526 0.176240742206573 0.03782769292593 0.0220941044390202 0.0236443113535643 0.032356895506382 0.047851026058197 0.0775220543146133 0.171247214078903 0.227869048714638 0.270689398050308 0.256368219852448 0.152279436588287 0.143887117505074 0.145655736327171 0.153513208031654 0.13972170650959 0.131752178072929 0.134343504905701 0.152551040053368 0.163077682256699 0.132272899150848 0.102264940738678 0.0903112590312958 0.0886313170194626 0.0926390290260315 0.0932336896657944 0.0927644670009613 0.0934821218252182 0.0914865285158157 0.0892852544784546
-9999 -9999 -9999 -9999 -9999 -9999 -9999 -9999 -9999 -9999 -9999 -9999 -9999 -9999 -9999 -9999 -9999 -9999 -9999 -9999 -9999 -9999 -9999 -9999 -9999 0.345527172088623 0.134831368923187 0.0270243231207132 0.0191267356276512 0.0246690753847361 0.0342474319040775 0.0541562847793102 0.0840587168931961 0.182458907365799 0.231290489435196 0.240857377648354 0.232806071639061 0.153131067752838 0.142510935664177 0.140902265906334 0.139507532119751 0.129928082227707 0.12139056622982 0.123016998171806 0.139105826616287 0.158581644296646 0.123411200940609 0.0948370471596718 0.0846799314022064 0.0835178568959236 0.0866897702217102 0.0856892392039299 0.084067702293396 0.0839138776063919 0.0816279277205467 0.0757723227143288
-9999 -9999 -9999 -9999 -9999 -9999 -9999 -9999 -9999 -9999 -9999 -9999 -9999 -9999 -9999 -9999 -9999 -9999 -9999 -9999 -9999 -9999 -9999 -9999 -9999 0.339137762784958 0.131954669952393 0.0284542348235846 0.0205721464008093 0.0263208914548159 0.0409357771277428 0.0582765862345695 0.0837300270795822 0.11615464836359 0.222963139414787 0.216586425900459 0.203545436263084 0.125844269990921 0.115764670073986 0.123529762029648 0.130198016762733 0.11824432015419 0.106371246278286 0.102999776601791 0.107071101665497 0.108226202428341 0.0981823727488518 0.086508996784687 0.0811216682195663 0.0787935554981232 0.0785749927163124 0.0776224210858345 0.0764564797282219 0.0768991410732269 0.0748968571424484 0.068998321890831
-9999 -9999 -9999 -9999 -9999 -9999 -9999 -9999 -9999 -9999 -9999 -9999 -9999 -9999 -9999 -9999 -9999 -9999 -9999 -9999 -9999 -9999 -9999 -9999 -9999 0.302896648645401 0.134141817688942 0.0306696575134993 0.0222435370087624 0.0291702207177877 0.0458681546151638 0.0611019134521484 0.0837576389312744 0.1152488514781 0.211548954248428 0.197213381528854 0.183702260255814 0.108051091432571 0.0968040153384209 0.11082399636507 0.120059572160244 0.107163645327091 0.0915537923574448 0.0856949090957642 0.0847509652376175 0.0798429921269417 0.0809892490506172 0.0779546126723289 0.0757874548435211 0.0733879581093788 0.0715370327234268 0.0713635385036469 0.0701532438397408 0.0702399536967278 0.0680401250720024 0.0634051710367203
-9999 -9999 -9999 -9999 -9999 -9999 -9999 -9999 -9999 -9999 -9999 -9999 -9999 -9999 -9999 -9999 -9999 -9999 -9999 -9999 -9999 -9999 -9999 -9999 -9999 0.277524173259735 0.133534833788872 0.0348011143505573 0.0252945926040411 0.0294725857675076 0.0436613522469997 0.0592754706740379 0.0861126482486725 0.114905290305614 0.194635659456253 0.186927124857903 0.170942708849907 0.104064255952835 0.0955412611365318 0.0992287620902061 0.103212244808674 0.0926340445876122 0.0786175131797791 0.0730366706848145 0.072586826980114 0.0734149217605591 0.0722502768039703 0.0704695731401443 0.0702299252152443 0.0681419894099236 0.0660918802022934 0.0650812387466431 0.0640085116028786 0.0647290572524071 0.0632585436105728 0.0579533204436302
-9999 -9999 -9999 -9999 -9999 -9999 -9999 -9999 -9999 -9999 -9999 -9999 -9999 -9999 -9999 -9999 -9999 -9999 -9999 -9999 -9999 -9999 -9999 -9999 -9999 0.285315603017807 0.131055399775505 0.0331021547317505 0.0243361052125692 0.0279869884252548 0.039698239415884 0.0547063164412975 0.0802414193749428 0.103680811822414 0.114533133804798 0.169155836105347 0.156211093068123 0.0955541655421257 0.087747685611248 0.0892526656389236 0.0904487818479538 0.0826528891921043 0.0706411600112915 0.0674713999032974 0.0691841244697571 0.0692675113677979 0.0687106475234032 0.0665546432137489 0.0659231618046761 0.063177116215229 0.0617482960224152 0.0615864917635918 0.060231652110815 0.0602960810065269 0.0585578233003616 0.0574904382228851
-9999 -9999 -9999 -9999 -9999 -9999 -9999 -9999 -9999 -9999 -9999 -9999 -9999 -9999 -9999 -9999 -9999 -9999 -9999 -9999 -9999 -9999 -9999 -9999 -9999 0.28180268406868 0.130515187978745 0.0308862719684839 0.0208144579082727 0.0250426754355431 0.0357741080224514 0.0480714030563831 0.0651983246207237 0.0803650319576263 0.090195469558239 0.0896568298339844 0.0871656909584999 0.0802264660596848 0.0751042515039444 0.0782375261187553 0.0786490812897682 0.0742258355021477 0.0682951956987381 0.0664829090237617 0.0659390836954117 0.0666789785027504 0.0646409094333649 0.0625980570912361 0.0618903748691082 0.0595267973840237 0.0579631887376308 0.0575531907379627 0.0576480254530907 0.0582580231130123 0.0562543384730816 0.0545071102678776
-9999 -9999 -9999 -9999 -9999 -9999 -9999 -9999 -9999 -9999 -9999 -9999 -9999 -9999 -9999 -9999 -9999 -9999 -9999 -9999 -9999 -9999 -9999 -9999 -9999 0.286379933357239 0.13323050737381 0.0318380296230316 0.0189501997083426 0.0224737506359816 0.0319891795516014 0.0415584780275822 0.0524499639868736 0.0638200491666794 0.0701387822628021 0.0711373835802078 0.0740243196487427 0.0703809335827827 0.068669006228447 0.0759158059954643 0.0762655362486839 0.0739034041762352 0.0678373649716377 0.0665128082036972 0.0671413689851761 0.0662566274404526 0.0634955987334251 0.0596722327172756 0.0575766526162624 0.0553063079714775 0.054262787103653 0.054348062723875 0.0538361966609955 0.0509136877954006 0.0491494163870811 0.0464757792651653
-9999 -9999 -9999 -9999 -9999 -9999 -9999 -9999 -9999 -9999 -9999 -9999 -9999 -9999 -9999 -9999 -9999 -9999 -9999 -9999 -9999 -9999 -9999 -9999 -9999 0.264833688735962 0.143474563956261 0.0359399914741516 0.0190990567207336 0.0209984295070171 0.029900936409831 0.0392657592892647 0.0480379834771156 0.0533610135316849 0.0622633285820484 0.0686847344040871 0.0689964890480042 0.0684561431407928 0.0701718553900719 0.0774074420332909 0.0814070105552673 0.0782808139920235 0.070661686360836 0.068595252931118 0.0681230276823044 0.0673091411590576 0.0629069358110428 0.0571593269705772 0.0553535558283329 0.052651934325695 0.0514668151736259 0.0519753508269787 0.0468408837914467 0.0467096045613289 0.0442368052899837 0.0378604717552662
-9999 -9999 -9999 -9999 -9999 -9999 -9999 -9999 -9999 -9999 -9999 -9999 -9999 -9999 -9999 -9999 -9999 -9999 -9999 -9999 -9999 -9999 -9999 -9999 0.331597954034805 0.282619714736938 0.144486933946609 0.0595249012112617 0.0205967295914888 0.0211824625730515 0.0270998142659664 0.0363781861960888 0.0457151159644127 0.0512562654912472 0.0546792857348919 0.061139203608036 0.0631084516644478 0.0637775287032127 0.0671864449977875 0.0785532295703888 0.0862526744604111 0.0838643088936806 0.0763505473732948 0.073465883731842 0.0722924694418907 0.0705094039440155 0.064000204205513 0.0581633485853672 0.0565956607460976 0.0555938705801964 0.0544433146715164 0.0508690029382706 0.044598825275898 0.0431709624826908 0.044194545596838 0.0407429002225399
