meets/meet004/_saidas_enm/CCSM_Maha_21k_Cavanillesia_umbellata4.asc
NCOLS 154 
NROWS 168 
XLLCORNER -112 
YLLCORNER -55.5 
CELLSIZE 0.5 
NODATA_value -9999 
[rows 75 to 99 of 168, columns 56 to 111 of 154]
-9999 -9999 -9999 -9999 -9999 -9999 -9999 -9999 -9999 -9999 -9999 -61.6967439938524 -40.4617404486755 -26.4908823547104 -17.8820968403349 -7.77646910575926 -1.76268179447749 -1.69351159818299 -1.36315226139396 -1.48329918504555 -0.858520260890482 -0.192510700439811 -0.145424201300633 -0.34323110602194 -0.463250047806942 -0.688717869789609 -0.554289825381022 -0.564379277583454 -0.480986006789311 -0.422723521102501 -0.484583196103518 -0.442954078987417 -0.514899872939214 -0.712272347649601 -0.929923370223744 -1.20098517103919 -1.29740662901714 -1.46299144090897 -1.55183264241595 -1.66920336030553 -1.82416133215311 -1.33554735147257 -1.01025834431965 -0.743828042769899 -0.567983931355215 -0.603482761434441 -0.860613046654264 -1.60172509448086 -2.66346232196967 -3.04396899139173 -3.67286205459466 -3.62479694889357 -3.56030719994793 -3.55392567444502 -3.55551810505854 -3.69653035949206
-9999 -9999 -9999 -9999 -9999 -9999 -9999 -9999 -9999 -9999 -9999 -59.4719779215282 -36.0937030363329 -20.9762074706071 -16.9590129292318 -10.2521653341859 -2.98895828432442 0.183631736277136 -0.420518813736086 -1.16128997593173 -1.4522831840254 -1.41770912159064 -0.401241712229127 -0.0371179381718083 -0.33078454737967 -0.399634135622861 -0.448377938670192 -0.468684479127523 -0.44492913765808 -0.474274157131223 -0.599683924183553 -0.592760353649689 -0.75031812156267 -0.940335063871953 -1.20679613033325 -1.58950255802029 -1.71985571857549 -1.98403566554532 -2.14102962144897 -2.20899169030999 -2.15945295697725 -1.99494207283662 -1.50386123027428 -1.04829117266628 -0.715317725655528 -0.651191233998211 -0.925083133117956 -1.52384563928708 -2.33407667843716 -2.76659171879601 -3.12000698904005 -3.35271072098569 -3.57173238369992 -3.79247605024248 -3.75243398286995 -3.61990654732205
-9999 -9999 -9999 -9999 -9999 -9999 -9999 -9999 -9999 -9999 -9999 -9999 -52.6404552471382 -26.2753690821139 -17.6710762826487 -11.8906798485677 -6.28287747056245 -2.0827051106445 -0.267869626220694 -0.548887628176348 -1.44249379925299 -1.11848211572801 -1.50845338482864 -0.586468226063324 -0.32908524213386 -0.470854668654934 -0.547455813068965 -0.50289523735391 -0.490380589076537 -0.576544518539417 -0.636306178162812 -0.651674043214351 -0.749952729140461 -0.882839882033631 -1.14337370522537 -1.53091956111356 -1.80620889083477 -2.14175052906153 -2.33979425257014 -2.2868063079875 -2.33619623845205 -2.28919621476264 -2.44992933009971 -1.96793779219883 -1.50517416104457 -1.28409027432177 -1.33400587916844 -1.78349029512671 -2.40340324723991 -2.8503944259004 -3.19156835860899 -3.41113410804106 -3.67786032320128 -3.84442720169367 -3.75027778460191 -3.61756201604441
-9999 -9999 -9999 -9999 -9999 -9999 -9999 -9999 -9999 -9999 -9999 -9999 -75.9158743137018 -46.337394993242 -16.6870795927935 -13.2908861685506 -13.686006597228 -12.166821729965 -8.88648533917893 -3.78655727312204 -0.243727494615144 -2.29978389053163 -1.25906824413661 -0.676669602801633 -1.01448810295927 -0.75758273616488 -0.977144250240723 -1.07561058893091 -0.996134615448716 -1.07949987695815 -0.799423017345212 -0.836689182063895 -0.893879807097168 -0.931459256816834 -1.08063370664625 -1.35683292364201 -1.67641805126729 -2.13079135259833 -2.4470580280005 -2.5811243372958 -2.51687843962061 -2.5501628577948 -2.84307673269857 -2.6214757499704 -2.6241664227576 -2.47229267627696 -2.3234383203004 -2.5789553271508 -3.01960262874395 -3.57902974900983 -3.6516631485033 -3.89689150410326 -4.10552249370561 -4.06577426233852 -3.88714134153273 -3.77013420815319
-9999 -9999 -9999 -9999 -9999 -9999 -9999 -9999 -9999 -9999 -9999 -9999 -9999 -73.741024713652 -21.8027541494627 -18.9236561884842 -24.9856395436201 -29.4462763594148 -25.3728830015136 -18.6194502262069 -7.82001859774843 -1.06349322271396 -1.03140833150676 -0.944783229699284 -0.0340147775579727 -0.365424984023307 -0.938290397773014 -1.55459460285158 -1.93769175233564 -1.97023859115832 -1.63614701741482 -1.58936296916447 -1.46616807013051 -1.2806043783741 -1.30777311779283 -1.37303404644984 -1.57394361986521 -1.95596983702542 -2.32870249467881 -2.69791529954932 -2.88958709839797 -2.80266565239547 -2.97914959002407 -2.92695313644423 -2.82935962682746 -3.10732027701849 -3.03661924504904 -3.30089602438856 -3.65719130292573 -3.9978509935495 -4.42348977710775 -4.31684199110567 -4.31098901599889 -4.16075734943185 -3.84562821407308 -3.47814044953999
-9999 -9999 -9999 -9999 -9999 -9999 -9999 -9999 -9999 -9999 -9999 -9999 -9999 -58.2018295420606 -30.1018261513954 -26.3748005912375 -35.6894575622854 -49.8916473484492 -50.2795597580322 -37.7616771494289 -24.5022157272109 -8.07335548078782 -2.01611059365883 -0.277238714335497 0.251430581474548 -0.370255228927657 -0.0967312023942628 -0.859394871491398 -1.37608022115513 -2.48187461524666 -2.50011743759998 -2.3109777645779 -2.15985308639026 -1.83908474201317 -1.56829866970401 -1.59468467967079 -1.45465786135016 -1.75887537474665 -2.12899563720628 -2.64583485764292 -3.2568367647439 -3.21467074029075 -3.05092775089802 -3.27617724574885 -3.21773493868069 -3.4150675298045 -3.62706183601358 -4.05803916778506 -4.38464595839303 -4.59031727015818 -4.7884267566731 -4.84867966265737 -4.70052118857346 -4.24225830225995 -3.96102504253943 -4.07149108061992
-9999 -9999 -9999 -9999 -9999 -9999 -9999 -9999 -9999 -9999 -9999 -9999 -9999 -9999 -49.7378550770962 -26.9074530494652 -38.2532633038416 -54.6879435861603 -59.9251152035565 -52.0025787302766 -33.2531482674626 -16.0419945262827 -2.77821398006229 0.667924494367112 -0.323055989497881 -0.789748679351718 0.628656412393557 -0.110549845663555 0.446548514260037 -1.04487446456311 -2.31054339436985 -1.60915564029239 -2.1513053559629 -2.43665432731166 -1.68565367162613 -1.35915338535368 -0.98116092927852 -0.921436873651795 -1.29670370082563 -1.89241809001753 -2.76062618538015 -2.96776402668765 -3.18994821928507 -3.46320545694721 -3.80309270439514 -3.92566209043006 -3.96493437318989 -4.40622284984941 -4.71634903242388 -4.86078967814878 -4.99251308437356 -4.68582812291142 -5.00410229964371 -5.16320411332871 -4.28404855583245 -3.98332582544651
-9999 -9999 -9999 -9999 -9999 -9999 -9999 -9999 -9999 -9999 -9999 -9999 -9999 -9999 -61.8386574854327 -46.588309216049 -41.9102117226614 -52.1865461414946 -63.7180055106621 -61.6262679150762 -49.3919507168448 -30.8061342923597 -16.9237556916187 -11.2249294444042 -3.5169526471211 -2.79856947227192 -0.501869177116805 -1.59083243207558 -0.142912804937533 -2.80521758096573 -1.89762309246786 -1.76249538435408 -1.38441486074115 -1.63387176216793 -1.80299864248006 -1.18447140271398 -0.572752445149838 -0.200311530512855 -0.210424331547381 -0.72277067910772 -2.03120544547045 -2.33362197551123 -3.03046134806274 -3.57385147276174 -3.90792540375622 -4.27060198489215 -4.11696035374028 -4.45349585338554 -4.58350738005348 -4.51897464463091 -4.97825844219185 -4.72661528097351 -5.38150608911891 -5.5088174024061 -4.51754102411369 -3.6156266930761
-9999 -9999 -9999 -9999 -9999 -9999 -9999 -9999 -9999 -9999 -9999 -9999 -9999 -9999 -9999 -69.413146371043 -48.6389006524312 -45.0275704315278 -61.3216187904204 -69.8802838685544 -75.7385672426092 -63.6561023381235 -52.5841548729807 -40.751843398135 -26.3411486772715 -17.2638944459353 -9.59994142212976 -6.66895076860915 -1.24935563180522 -0.74659412282781 -1.16040873043289 -0.757054218425424 -0.149506753432396 -1.45328297675773 -1.56991792915412 -1.63457231900789 -0.870850328642979 -0.516187347848946 -0.0712738283678434 0.17413174768198 0.0571995475401195 -0.845937489487602 -2.5778844613672 -3.61015338617898 -3.88189229220121 -4.10383325041756 -3.9809403845874 -3.92412544434683 -3.95892581835484 -3.64946723153455 -3.68052441897388 -3.9459292782796 -4.5533862254905 -4.70032611557381 -4.34540722813622 -4.23322825254283
-9999 -9999 -9999 -9999 -9999 -9999 -9999 -9999 -9999 -9999 -9999 -9999 -9999 -9999 -9999 -63.2986634673729 -63.7257499294075 -35.6364086884769 -50.2553560864275 -69.6028929419774 -94.6781329612099 -87.7587436172382 -96.3065661681906 -87.552199845952 -63.7685284184479 -57.7471029766358 -32.4647842991515 -23.7642179087441 -10.4349110834774 -1.84480521929665 -0.827066155570871 -1.64172159835222 -0.414038549743083 -1.16772443886027 -1.28051327867389 -1.50776628922181 -1.30834415705605 -1.14285490239695 -0.87632540927291 -0.673578426062112 -0.20695180918337 0.155236094259205 -1.90993935950541 -3.60220422885042 -3.78592703751321 -3.68875839070165 -3.9574820194335 -3.92999794567206 -3.70706079237432 -3.19787703683401 -2.87055217968226 -2.98362954350124 -3.41895160812172 -3.57418391564649 -3.56894969824717 -3.87541997589963
-9999 -9999 -9999 -9999 -9999 -9999 -9999 -9999 -9999 -9999 -9999 -9999 -9999 -9999 -9999 -33.1474663452381 -89.3485399113959 -43.6713608949743 -39.2398692978505 -50.747966115278 -72.3075324891839 -89.4169295118906 -104.912884675283 -107.07543123998 -92.7681229190056 -82.0389830414319 -63.7571112984492 -49.1565849960164 -28.338571143807 -10.0814695442844 -3.1297058088198 -4.41917697088317 -2.1787632541908 -0.976504944044693 -1.56382758203587 -1.5012446163954 -1.42260463254112 -1.70859389555841 -1.83186969773783 -2.70601856363813 -2.37242488495179 -0.102413333394379 -1.30105196469937 -3.05716162151456 -3.62053013583227 -3.73508188345877 -3.94873447480565 -3.92451003064322 -3.50295676305604 -2.89913780104498 -2.58666340227873 -2.50595606959257 -2.57289330989912 -2.24061692208879 -1.90583548691908 -1.70958976543255
-9999 -9999 -9999 -9999 -9999 -9999 -9999 -9999 -9999 -9999 -9999 -9999 -9999 -9999 -9999 -9999 -45.3590502224366 -79.937863166635 -44.4810623626322 -35.0372340738398 -49.3842008709165 -66.9368274228122 -92.2416862691396 -106.339182423967 -104.186964045848 -110.159712716373 -94.827915483901 -89.1486076003143 -63.398952803454 -29.6632619614824 -10.3299806785581 -6.1906155078066 -3.83572280569946 -2.09660034244519 -0.408339612858488 -1.72134542550049 -1.51117310575399 -0.918352752792902 -0.659035884892815 -1.04393849982221 -1.50179022454255 -0.0344024654098392 -1.93445759685688 -3.19458566262367 -3.54541280633902 -3.51662512672702 -3.20254450400063 -3.26644438907977 -3.01773531452173 -2.38714521467384 -2.20229230461934 -1.73673182714407 -1.04587986506157 -0.756557463158451 -0.621099364166138 -0.524305049060745
-9999 -9999 -9999 -9999 -9999 -9999 -9999 -9999 -9999 -9999 -9999 -9999 -9999 -9999 -9999 -9999 -9999 -38.5661573878139 -76.0789651519563 -54.0523743286473 -31.7165442552253 -40.1270217489792 -57.0348400383066 -75.5850173387316 -88.2785826242115 -101.241351963591 -108.937628380846 -111.292124221104 -91.9414704170465 -52.5319772035302 -23.5055069815528 -8.20252559749403 -3.66985363449388 -3.81081551184524 -0.894120564880789 -0.512932333204226 -0.746537421797973 -1.31771945123704 -1.14981582110749 -0.611700686594347 -0.843336277580311 -1.16178695470324 -2.2151107392009 -2.77506803039251 -2.64467871982696 -2.39628294606859 -2.04240518960738 -1.45159628228274 -1.08249919448771 -0.827441531832021 -0.30798814909083 -0.230122665702061 -0.0307093649722394 0.0228329049891924 -0.0254113930592947 -0.127495588868342
-9999 -9999 -9999 -9999 -9999 -9999 -9999 -9999 -9999 -9999 -9999 -9999 -9999 -9999 -9999 -9999 -9999 -9999 -9999 -81.6040958938452 -76.4028498428469 -58.7283516973346 -54.3765897196854 -64.4432811669306 -76.0834071310137 -87.1055321951693 -105.119048554572 -117.758063500418 -105.405813929772 -76.8468007584364 -42.5966385369927 -19.0658081861278 -5.13184431311185 -2.21220893032592 -3.90672368079648 -1.08213730057685 -0.640049588864073 -0.250471546395693 -0.674658028425403 -1.47701249328679 -2.25726212932829 -1.92896124643812 -2.07926736165171 -2.15303239308081 -1.81009911691892 -1.61395725345253 -1.31241081191449 -0.777192417349789 -0.483614946817734 -0.04788297897745 0.316212258423529 0.274511266254341 0.125750598859073 0.03294402466874 -0.0592758853275888 -0.024236205593229
-9999 -9999 -9999 -9999 -9999 -9999 -9999 -9999 -9999 -9999 -9999 -9999 -9999 -9999 -9999 -9999 -9999 -9999 -9999 -9999 -9999 -93.6024811959069 -102.348761046756 -83.8082361189334 -73.1591381773866 -78.6872317986368 -90.2152933671706 -106.073341072382 -109.981611215455 -93.909888002223 -75.4827945164226 -41.0531083319488 -16.2297771011701 -4.12283610100208 -0.802781536809598 -2.35650666763651 -0.787790099462048 -0.513628583309303 -0.353009331192718 -1.42553565460794 -1.38515328971729 -1.34846494625735 -1.34348930267739 -1.25843025421607 -1.25009893363821 -1.12881593289535 -0.978228993991657 -0.928369787063464 -0.637931206246398 0.0980944498667831 0.385934069425293 0.341316542413334 0.138918027386211 -0.0684469168148689 -0.155799364503435 -0.322773570895698
-9999 -9999 -9999 -9999 -9999 -9999 -9999 -9999 -9999 -9999 -9999 -9999 -9999 -9999 -9999 -9999 -9999 -9999 -9999 -9999 -9999 -9999 -9999 -89.2013269693311 -78.0341776202344 -68.7194350923037 -71.1913608055804 -84.0288887726155 -98.2196694553477 -98.8147269932983 -92.5326968175374 -68.1268218000922 -40.6791100461928 -20.7818129030617 -7.57435439848773 -0.897844525834335 -2.32017439176244 -1.06837913269407 0.0147827434504604 -0.738465710442295 -1.13348310715714 -0.8195539155557 -0.702661903414413 -0.619954554717598 -0.644323472152306 -0.660931818567667 -0.673065530172666 -0.663183759330824 -0.47846897206771 0.128354774637943 0.398617835311408 0.367914878741007 0.163220150703669 -0.0369856312925174 -0.126948774718586 -0.267337875326569
-9999 -9999 -9999 -9999 -9999 -9999 -9999 -9999 -9999 -9999 -9999 -9999 -9999 -9999 -9999 -9999 -9999 -9999 -9999 -9999 -9999 -9999 -9999 -9999 -9999 -94.3148308853376 -67.9503977631227 -58.8475038962337 -74.6346451683649 -88.7141065399769 -94.0407842133516 -90.0241461020063 -83.2136011609612 -61.1696489993068 -32.7113921542047 -15.7948555464974 -5.53725988531807 -2.71622011747895 -1.70399032276198 -0.809114477065467 -1.24709338618712 -0.708006849607829 -0.302601713282245 -0.0751701699902392 -0.130554786301038 -0.210558315649621 -0.234118235365848 -0.0926907372427537 -0.0263284877434142 0.245933698123148 0.414794660904039 0.324020174615152 0.150038491183855 0.0338413802865822 0.0547271605407522 -0.0639398373530182
-9999 -9999 -9999 -9999 -9999 -9999 -9999 -9999 -9999 -9999 -9999 -9999 -9999 -9999 -9999 -9999 -9999 -9999 -9999 -9999 -9999 -9999 -9999 -9999 -9999 -83.9967527953958 -90.0612640043081 -53.9672905817725 -55.0136551536081 -72.0892519100772 -87.3794543293456 -98.9398865958655 -103.88346362317 -91.05830534005 -64.1095436529016 -40.4313078316933 -22.1135500514424 -10.2485426106772 -6.39218725523386 -1.94799215163694 -2.56569180834518 -1.48178530588149 -0.121880601953841 0.124447598264745 0.131482508102543 0.0146686299317074 -0.105538716559531 -0.0147389045269632 0.0213561472285927 0.13663434763851 0.259007034226773 0.0978759239105002 0.0956468725749878 0.116195171168576 0.184036995209222 0.00940877685885166
-9999 -9999 -9999 -9999 -9999 -9999 -9999 -9999 -9999 -9999 -9999 -9999 -9999 -9999 -9999 -9999 -9999 -9999 -9999 -9999 -9999 -9999 -9999 -9999 -9999 -9999 -9999 -78.5234844140724 -51.5916139459178 -53.2738920008993 -78.8849670720635 -96.9124183238348 -105.360982027236 -102.32293556376 -86.2239260791375 -68.6183284416434 -43.8038738115179 -26.719200467202 -14.6832688551172 -5.83312740547583 -5.21103347010131 -2.88741469357566 -0.275544419511533 -0.411003026400217 0.0540399414385174 -0.00904274088962009 -0.0473947773389909 -0.21780754492438 -0.269801252746133 -0.235868705502101 -0.253948864955926 -0.0742198229974609 0.0562227605463572 0.197340118905191 0.30445455600057 0.0418237828798904
-9999 -9999 -9999 -9999 -9999 -9999 -9999 -9999 -9999 -9999 -9999 -9999 -9999 -9999 -9999 -9999 -9999 -9999 -9999 -9999 -9999 -9999 -9999 -9999 -9999 -9999 -9999 -74.892409189399 -60.165068658186 -44.6040060583522 -62.1542301727789 -88.9397762006796 -106.020842048128 -109.51717547522 -97.1078272518855 -77.418210399502 -55.4862206794013 -37.2554834496927 -20.5147190455206 -10.9943088654141 -9.0913195350152 -4.84070506400097 -1.04285666525979 -0.439016268048393 -0.410959758648805 -0.163796536118269 -0.0978746338766299 -0.25504491299224 -0.417830691584346 -0.59501104197538 -0.462871171161993 -0.147477925013759 0.127975084031308 0.333010309221272 0.393044386676599 0.158865422192066
-9999 -9999 -9999 -9999 -9999 -9999 -9999 -9999 -9999 -9999 -9999 -9999 -9999 -9999 -9999 -9999 -9999 -9999 -9999 -9999 -9999 -9999 -9999 -9999 -9999 -9999 -9999 -9999 -54.9395048652537 -37.5799680632057 -48.6317848128559 -79.2160046808381 -107.661943497961 -117.523824244677 -102.787680634199 -80.9449142802182 -61.0977200496599 -44.01958518967 -25.0190796776094 -14.544174695245 -12.7812922966426 -8.01554885276675 -3.70835586206512 -1.46840488300931 -0.677254018500733 -0.492365368655473 -0.503262590666996 -0.603154445583748 -0.721419242934476 -0.826999780164562 -0.761970864186304 -0.235954156699768 0.232798993716393 0.472601755175207 0.484402081625752 0.294923085277384
-9999 -9999 -9999 -9999 -9999 -9999 -9999 -9999 -9999 -9999 -9999 -9999 -9999 -9999 -9999 -9999 -9999 -9999 -9999 -9999 -9999 -9999 -9999 -9999 -9999 -9999 -9999 -9999 -53.6897906687991 -34.6596444030771 -43.4742946271586 -75.5475244054341 -109.368548890374 -123.2006538096 -108.754698486813 -83.2030406958301 -64.2693406828844 -47.8891597494216 -27.0627191876744 -15.6996699674559 -14.7050178765223 -10.964647347892 -6.68657639392092 -3.17970596254092 -2.18209690667314 -1.94441996856732 -1.52578684481266 -0.97121204393922 -0.815056338559931 -0.972911796660576 -0.922371433312955 -0.406006567637078 0.0861503248935819 0.406074394147475 0.45551677541251 0.0732545081446467
-9999 -9999 -9999 -9999 -9999 -9999 -9999 -9999 -9999 -9999 -9999 -9999 -9999 -9999 -9999 -9999 -9999 -9999 -9999 -9999 -9999 -9999 -9999 -9999 -9999 -9999 -9999 -9999 -55.255595182831 -33.0722106450621 -39.804938746409 -75.6713921952695 -117.522458677882 -133.742304093822 -113.74500072026 -85.294300573294 -65.9660818804973 -48.9907867875666 -27.821163344867 -16.9553324695122 -18.7999629588488 -14.3458086143062 -10.0269174910884 -5.74697415261084 -5.10334982644388 -4.53440430910274 -2.39887609353984 -1.88739331494124 -0.753272900711821 -0.993384457223061 -1.33082331797888 -0.63273854339734 -0.175317505862136 0.151999806358613 0.0879619121901691 -0.569559575421707
-9999 -9999 -9999 -9999 -9999 -9999 -9999 -9999 -9999 -9999 -9999 -9999 -9999 -9999 -9999 -9999 -9999 -9999 -9999 -9999 -9999 -9999 -9999 -9999 -9999 -9999 -9999 -9999 -53.5301261021658 -34.4740548434685 -42.7074207917161 -80.3684834246875 -121.132617351354 -137.805836368295 -121.189725459928 -92.4554841317929 -68.7172035696831 -48.7332241258932 -25.7920878212947 -15.8439054442299 -19.4606259056347 -17.0215446261846 -12.6303163686986 -8.8841958160232 -8.7479646646288 -7.79013811049321 -4.44560273687356 -1.98700891454944 -1.29882617091854 -1.28498078931508 -1.09690205531539 -0.794848889111878 -0.498648049079668 -0.435193772128983 -0.770429814655764 -1.22324556263493
-9999 -9999 -9999 -9999 -9999 -9999 -9999 -9999 -9999 -9999 -9999 -9999 -9999 -9999 -9999 -9999 -9999 -9999 -9999 -9999 -9999 -9999 -9999 -9999 -9999 -9999 -9999 -9999 -52.312064091696 -36.8044619111601 -46.5007062150109 -86.8812977357971 -127.901102453264 -143.558379378122 -125.143821177804 -100.944215536554 -70.0503716812641 -46.1553150756324 -22.4633340341128 -16.0552062780207 -23.9671115571072 -19.8129929590871 -14.5386891927441 -11.7119033106045 -11.7942140940591 -11.2031444106685 -6.62531565328778 -3.4213216204495 -1.79273102890228 -1.71258910455765 -1.88328492118298 -1.31699718873117 -1.04734585774912 -1.23500063709186 -1.40276221889528 -0.936759878352657
