meets/meet004/_saidas_enm/CCSM_Gower_6k_Cavanillesia_umbellata4.asc
NCOLS 154 
NROWS 168 
XLLCORNER -112 
YLLCORNER -55.5 
CELLSIZE 0.5 
NODATA_value -9999 
[rows 104 to 129 of 168, columns 58 to 115 of 154]
-9999 -9999 -9999 -9999 -9999 -9999 -9999 -9999 -9999 -9999 -9999 -9999 -9999 -9999 -9999 -9999 -9999 -9999 -9999 -9999 -9999 -9999 -9999 -9999 -9999 0.253790842304228 0.376961891881904 0.270932386838299 0 0 0 0 0 0 0.0356528086927865 0.225041061993262 0.406477391102179 0.417891161621141 0.407286155475835 0.416669393093279 0.417926493200469 0.413313773203235 0.392800710892034 0.376951291316956 0.422557696265892 0.47185467956512 0.506523508876499 0.527914202588799 0.524065449410057 0.545729114149832 0.545274581554564 0.543808258144878 0.543057870723423 0.532796875969723 0.540806959929374 0.548840556363525 0.547432825537351 0.539265572630511
-9999 -9999 -9999 -9999 -9999 -9999 -9999 -9999 -9999 -9999 -9999 -9999 -9999 -9999 -9999 -9999 -9999 -9999 -9999 -9999 -9999 -9999 -9999 -9999 -9999 0.264918879262738 0.420019026555873 0.227001819412791 0 0 0 0 0 0 0.0639856933089326 0.270020058069626 0.382563605818306 0.386621456564387 0.391042933386683 0.397713309240503 0.393090278960333 0.393448498424764 0.387669459104237 0.389335072738958 0.43774197685647 0.467342799164402 0.49733113722852 0.531632694144111 0.528441032899773 0.534200080330218 0.528368860919224 0.523100935014953 0.525908349617205 0.517253872974083 0.529514308206331 0.543916516115701 0.5488531298793 0.544144599691861
-9999 -9999 -9999 -9999 -9999 -9999 -9999 -9999 -9999 -9999 -9999 -9999 -9999 -9999 -9999 -9999 -9999 -9999 -9999 -9999 -9999 -9999 -9999 -9999 -9999 0.346754620399742 0.47471009489284 0.163237292429522 0 0 0 0 0 0 0.0873803085895628 0.314486705650153 0.365600801421348 0.386262734159325 0.397709788656086 0.380018223284806 0.381008890592721 0.388117327736144 0.402480557746612 0.439614299090532 0.453093862412329 0.487554851507948 0.516963676229995 0.536256101629754 0.564115492002841 0.550307759919315 0.531828086579255 0.522943011656818 0.517386523565509 0.526220172808426 0.530394580045742 0.534985547860685 0.541524027534025 0.542848647420926
-9999 -9999 -9999 -9999 -9999 -9999 -9999 -9999 -9999 -9999 -9999 -9999 -9999 -9999 -9999 -9999 -9999 -9999 -9999 -9999 -9999 -9999 -9999 -9999 -9999 0.467113633768113 0.411568082956817 0.104678426861986 0 0 0 0 0 0 0.103699921735016 0.287769295911959 0.373625722129614 0.381626753157907 0.386974143681877 0.374916267788765 0.369755719709212 0.372302988270079 0.387196191970465 0.427653365004045 0.440187274204401 0.472443874514338 0.50744124979292 0.538500851401073 0.568152973653367 0.552126393241018 0.534378372783908 0.523053784330796 0.51971337839484 0.528071874476618 0.527062724100512 0.529224488667716 0.534156450230479 0.535434925314485
-9999 -9999 -9999 -9999 -9999 -9999 -9999 -9999 -9999 -9999 -9999 -9999 -9999 -9999 -9999 -9999 -9999 -9999 -9999 -9999 -9999 -9999 -9999 -9999 -9999 0.542190957633794 0.362632553309446 0.0536143873778906 0 0 0 0 0 0 0.134041499209714 0.268239389306578 0.388560669902373 0.386297059857391 0.373905734325924 0.359209809088049 0.35064007794125 0.350445817122525 0.357405132368856 0.366555257003832 0.406235261027357 0.433587058568605 0.471057644400139 0.523753626218835 0.545869811791355 0.541706846453394 0.525564212490442 0.518595592842438 0.525879179060607 0.529083288085562 0.526637865002473 0.52296753001258 0.525511529459345 0.529910751158718
-9999 -9999 -9999 -9999 -9999 -9999 -9999 -9999 -9999 -9999 -9999 -9999 -9999 -9999 -9999 -9999 -9999 -9999 -9999 -9999 -9999 -9999 -9999 -9999 -9999 0.487541256392449 0.31056381418204 0.0404622603735812 0 0 0 0 0 0 0.184175463914525 0.310241851889261 0.444687964176079 0.407131501231802 0.372711879003083 0.356719247083327 0.348306810618874 0.340542916098098 0.34702707818329 0.356840204305083 0.388229232026542 0.418919423741224 0.455140956515665 0.497636547926696 0.519198115718378 0.524911144081086 0.515401542630103 0.516185124133203 0.525478586848014 0.528871172874437 0.523210701807669 0.516708811065234 0.51901077033333 0.52569233661619
-9999 -9999 -9999 -9999 -9999 -9999 -9999 -9999 -9999 -9999 -9999 -9999 -9999 -9999 -9999 -9999 -9999 -9999 -9999 -9999 -9999 -9999 -9999 -9999 0.519574013895483 0.433460081331058 0.27021858714452 0.0408224124773955 0 0 0 0 0 3.61411871319106e-05 0.244913315417866 0.39811480950352 0.515376898539184 0.436797831556922 0.380423467698235 0.365933496648755 0.366738201658358 0.355327736092503 0.369640420569555 0.381198750680925 0.410616376864014 0.439803781973262 0.470666733794693 0.489573655200789 0.500975947981391 0.515710725383011 0.513518407172474 0.522459685710425 0.531176401256635 0.533410463539545 0.524376769660647 0.512480463445244 0.5136421305677 0.526016984793502
-9999 -9999 -9999 -9999 -9999 -9999 -9999 -9999 -9999 -9999 -9999 -9999 -9999 -9999 -9999 -9999 -9999 -9999 -9999 -9999 -9999 -9999 -9999 -9999 0.485733230006533 0.354785796916513 0.203607133430923 0.0464459889079785 0 0 0 0 0 0.127879886361772 0.339778779707673 0.528369474667248 0.504579894807993 0.461429097489924 0.416932431043293 0.390587646380468 0.388336987056735 0.380473384555862 0.393702357708263 0.408340947714204 0.430487435459741 0.449045819008553 0.471384933015764 0.492357808798858 0.503792164044686 0.511141132544886 0.512993714359181 0.518871204308227 0.528185287588909 0.529804630685577 0.522360354935802 0.513396569804613 0.516600804564727 0.529088694697346
-9999 -9999 -9999 -9999 -9999 -9999 -9999 -9999 -9999 -9999 -9999 -9999 -9999 -9999 -9999 -9999 -9999 -9999 -9999 -9999 -9999 -9999 -9999 -9999 0.437758031762249 0.25531455417625 0.117900335987706 0.0336883041076699 0 0 0 0 0.101837368334371 0.258490595167131 0.432718585450028 0.497983074021456 0.473910323659182 0.480398257799106 0.457901346168919 0.438869318280861 0.428105005690685 0.419956738792666 0.426836840889614 0.42835458997882 0.443676424831977 0.455889457909753 0.466874687172097 0.489389956135316 0.504716065983836 0.5110318686928 0.512000029407479 0.520852161718586 0.529254413635261 0.531655075002191 0.528678798083079 0.521045793861521 0.526024277432651 0.490865788816049
-9999 -9999 -9999 -9999 -9999 -9999 -9999 -9999 -9999 -9999 -9999 -9999 -9999 -9999 -9999 -9999 -9999 -9999 -9999 -9999 -9999 -9999 -9999 -9999 0.379389915211944 0.129576716061722 0 0 0.0139585581739808 0.0215265600382312 0.0496496740827208 0.129058758795812 0.238867749504539 0.375659698639399 0.51976086967019 0.490945048566374 0.470451097999151 0.489651736733752 0.509084985510192 0.49634738535428 0.474844032940637 0.465589548124729 0.482557507663155 0.495382242283388 0.47858653991108 0.457049616210317 0.458686059288439 0.47778108049053 0.499660381025848 0.509256614000521 0.516662540527182 0.525642922699194 0.533121524147034 0.538774451104338 0.539489129740992 0.506674898648623 0.471123843722374 0.423313725500274
-9999 -9999 -9999 -9999 -9999 -9999 -9999 -9999 -9999 -9999 -9999 -9999 -9999 -9999 -9999 -9999 -9999 -9999 -9999 -9999 -9999 -9999 -9999 0.61234401045737 0.32160010147883 0 0 0 0.0400343764842439 0.101995314898941 0.177081725951411 0.269745030255759 0.361962606496456 0.483365466013499 0.598743683183328 0.504467110371491 0.477508486668527 0.520857442595211 0.574677431258784 0.524813825068987 0.513879895751006 0.518559758322479 0.538661666667836 0.577533534462825 0.521477694128394 0.467368826342056 0.451206326224179 0.467782620746213 0.493503759026596 0.509358082272826 0.520695244241713 0.531639106637156 0.539311843168563 0.548912979814389 0.510119475976748 0.455245943440746 0.415127587253602 0.362700661399174
-9999 -9999 -9999 -9999 -9999 -9999 -9999 -9999 -9999 -9999 -9999 -9999 -9999 -9999 -9999 -9999 -9999 -9999 -9999 -9999 -9999 -9999 -9999 0.497396871587336 0.26903858349068 0.00662790036401106 0 0 0.0709808030457373 0.170418912030846 0.27855150569726 0.380878886779496 0.457444306368109 0.547427409146304 0.580462366349558 0.548225711442125 0.520483631971219 0.53129459230492 0.56603383330464 0.539003540561759 0.52749827068696 0.529903584254727 0.565287720878549 0.587229471261061 0.534279796420232 0.478541526724605 0.460137168744037 0.465703338442493 0.497312402690015 0.50863460217513 0.518748361059105 0.531249076177814 0.540988395762008 0.509825587771404 0.460641931428947 0.408548541413143 0.368737446346573 0.318662853994798
-9999 -9999 -9999 -9999 -9999 -9999 -9999 -9999 -9999 -9999 -9999 -9999 -9999 -9999 -9999 -9999 -9999 -9999 -9999 -9999 -9999 -9999 -9999 0.446539654258 0.240199831520236 0.0160827768546054 0 0 0.0995986843502373 0.225936775971123 0.364939715240096 0.467235548378407 0.521324779875028 0.539572330988456 0.54007021099034 0.555760390770322 0.534630220304882 0.560198464633441 0.56143544711539 0.537575440640029 0.514943489450418 0.519132984906663 0.557965031026319 0.59355810934745 0.534003430543496 0.475046843750089 0.459600153885285 0.47228557395073 0.501750853758607 0.507848380233716 0.515758630478114 0.529030982259938 0.522249423559664 0.476351771323427 0.424532300405755 0.367363844545667 0.325398523690462 0.272352974072943
-9999 -9999 -9999 -9999 -9999 -9999 -9999 -9999 -9999 -9999 -9999 -9999 -9999 -9999 -9999 -9999 -9999 -9999 -9999 -9999 -9999 -9999 -9999 0.423749711603225 0.226686633296025 0.0187580409802883 0 0 0.122008784898709 0.270557882383272 0.427620453604836 0.505295076385277 0.558473160475687 0.538126844966079 0.536026266708503 0.541261492524642 0.524159499308054 0.552580800101129 0.551448291640061 0.534977500810589 0.498175323077657 0.485102010050552 0.499581922287411 0.510605877978342 0.490720862780105 0.467536808512811 0.465828822129928 0.475709468031433 0.492840506069462 0.502786659988155 0.514682588998085 0.530769899491627 0.502331404840084 0.448019488992662 0.393570945600587 0.337632369489022 0.29723795132237 0.247434856353101
-9999 -9999 -9999 -9999 -9999 -9999 -9999 -9999 -9999 -9999 -9999 -9999 -9999 -9999 -9999 -9999 -9999 -9999 -9999 -9999 -9999 -9999 -9999 0.421535306190325 0.218345230594786 0.00709191258570985 0 0.00691954296868991 0.135282800836465 0.309525761668171 0.465675048031999 0.510731613136092 0.561978168964841 0.513185981997969 0.525174074804272 0.517805288632999 0.522357965967805 0.555206901907889 0.544373864930047 0.53581363960963 0.477190125249103 0.458317403805915 0.461149588234244 0.45208659806359 0.465323618266087 0.46286021505544 0.468189876922167 0.479324605287075 0.485264459874365 0.499350695332308 0.512581177306602 0.530753428185962 0.47763620489969 0.428580882792365 0.375141653221864 0.3178415987257 0.277602858479889 0.222714608936299
-9999 -9999 -9999 -9999 -9999 -9999 -9999 -9999 -9999 -9999 -9999 -9999 -9999 -9999 -9999 -9999 -9999 -9999 -9999 -9999 -9999 -9999 -9999 0.386403114532317 0.193461788654925 0 0 0.0194700024418922 0.174811650617829 0.335679901173273 0.493350701117645 0.531779427073206 0.533512851602025 0.493465528880313 0.515720544226478 0.490342027485154 0.492820395091791 0.528897654865895 0.550314878090272 0.511123655357958 0.444559840050331 0.420146095940238 0.430914180585146 0.451566180245661 0.453831299112536 0.453264359286239 0.464599760962917 0.474491471558305 0.480476213596912 0.492910540552329 0.506930890787611 0.528066467864834 0.475414557484668 0.417033210980895 0.360934402243611 0.306957310683974 0.268535910049402 0.220925846434988
-9999 -9999 -9999 -9999 -9999 -9999 -9999 -9999 -9999 -9999 -9999 -9999 -9999 -9999 -9999 -9999 -9999 -9999 -9999 -9999 -9999 -9999 -9999 0.370394062707805 0.17401279733534 0 0 0.0248030674875963 0.188109634275096 0.347075602593191 0.493510422989957 0.526761714132858 0.521594328303693 0.495303558427693 0.504565947854236 0.472185900029535 0.467215591347277 0.492648845258541 0.528318732098184 0.488935046334575 0.422795964389829 0.410768390669734 0.437688916619899 0.450244200797073 0.460078450425368 0.45646871978151 0.463991202799405 0.465991271953742 0.47457948616873 0.490062513494123 0.503704023699103 0.526186475786149 0.466715550318586 0.415774851188913 0.363011800232384 0.305963769854234 0.266516884866521 0.218728925002342
-9999 -9999 -9999 -9999 -9999 -9999 -9999 -9999 -9999 -9999 -9999 -9999 -9999 -9999 -9999 -9999 -9999 -9999 -9999 -9999 -9999 -9999 -9999 0.357687462765281 0.152383804058745 0 0 0.00784848652817483 0.176161478644138 0.338526149522305 0.468249978327571 0.484162894157313 0.511072481148754 0.499875978343274 0.475360277496257 0.455925959312838 0.449474417634842 0.455935904230707 0.482433264354012 0.470847289481223 0.421291417492187 0.413325718043221 0.429654314304486 0.454279419214758 0.453547514861493 0.449125786568882 0.455135424168724 0.460567685924175 0.469193872156804 0.485421754556711 0.503022539144095 0.527510215526946 0.476492335933459 0.417220850972871 0.362821614873233 0.312072837788743 0.272140291550621 0.230867389085827
-9999 -9999 -9999 -9999 -9999 -9999 -9999 -9999 -9999 -9999 -9999 -9999 -9999 -9999 -9999 -9999 -9999 -9999 -9999 -9999 -9999 -9999 -9999 0.347245679386609 0.140115089016972 0 0 0 0.154921271472544 0.318966622953124 0.427935891903511 0.451929429116402 0.475575811558745 0.467562117978718 0.448004776136206 0.43158436931993 0.425714425370515 0.433246894311999 0.45440643604607 0.474622110387207 0.426873304085361 0.415423106209657 0.437957864122327 0.455705004433333 0.453266496783921 0.441290977419135 0.445811533545737 0.450466500555975 0.462087823981378 0.479523518306636 0.49728474095531 0.518044998586648 0.481888493942542 0.427992862169864 0.379366343238555 0.322046772818113 0.281116047580578 0.238216718553071
-9999 -9999 -9999 -9999 -9999 -9999 -9999 -9999 -9999 -9999 -9999 -9999 -9999 -9999 -9999 -9999 -9999 -9999 -9999 -9999 -9999 -9999 -9999 0.333321493700207 0.123181082117662 0 0 0 0.127692386679928 0.288238070143135 0.412553452704318 0.427072971515869 0.460172877528839 0.440112128212751 0.426574891567791 0.407701095716794 0.409276287735629 0.427674897647864 0.447758491589075 0.490267964741887 0.435989605962901 0.425591434152095 0.442734165559795 0.460776909226672 0.452995411783811 0.435914290603409 0.439159515024949 0.446185595640045 0.455319877645144 0.477469131564151 0.485886094494283 0.513842097459513 0.493295808260328 0.44497384742669 0.392527096519106 0.334652569900874 0.294968614595455 0.246949793576199
-9999 -9999 -9999 -9999 -9999 -9999 -9999 -9999 -9999 -9999 -9999 -9999 -9999 -9999 -9999 -9999 -9999 -9999 -9999 -9999 -9999 -9999 0.407503259894978 0.309447120272687 0.101089773449068 0 0 0 0.0831325782406889 0.251987778147024 0.396479092932024 0.415640879502881 0.447005011663105 0.441036355824403 0.430348148833355 0.418854754079523 0.424006843239389 0.447725115930514 0.47183843266262 0.499273996886081 0.450455813067567 0.435292404513175 0.450167502350845 0.467169536117021 0.453575553801671 0.440892396969066 0.449238068064753 0.463655112722738 0.477915491374166 0.490059495850337 0.50153773266622 0.506209815899914 0.509192619306866 0.462313837032079 0.408289360961621 0.351492192995164 0.311140042019898 0.26314680574304
-9999 -9999 -9999 -9999 -9999 -9999 -9999 -9999 -9999 -9999 -9999 -9999 -9999 -9999 -9999 -9999 -9999 -9999 -9999 -9999 -9999 -9999 0.398332200695613 0.287414895634947 0.0709489167876258 0 0 0 0.0249155531564554 0.212384974871238 0.381744064060089 0.383459720287594 0.409905344546935 0.433320500034175 0.444026345775996 0.421712756005809 0.436656630974768 0.481413775881602 0.512288176579933 0.515330879471447 0.474390003286 0.462362806771379 0.471123781093116 0.474644491245287 0.464142336459021 0.454471416800643 0.46546318429119 0.488194214785109 0.518381834436792 0.508344210299968 0.504241394115655 0.508919671628582 0.51618987754326 0.484559154143059 0.431043205586059 0.368539020848071 0.325126741909388 0.264889485784361
-9999 -9999 -9999 -9999 -9999 -9999 -9999 -9999 -9999 -9999 -9999 -9999 -9999 -9999 -9999 -9999 -9999 -9999 -9999 -9999 -9999 -9999 0.371418764958249 0.233169936774583 0.0305622488917002 0 0 0 0.00988899494360174 0.192047198295067 0.366095625548259 0.376632426956901 0.397909707556909 0.417290147567094 0.425001107586457 0.415970808556818 0.43630155488928 0.491104829563904 0.513380834405768 0.514201151064761 0.476613378080502 0.462158864345507 0.468531625080932 0.475493580765576 0.466117384316965 0.462841983457566 0.476913256431737 0.485526335397612 0.491050804469532 0.485197481154007 -9999 -9999 -9999 0.261254279342096 0.212634386061726 0.238215544411225 0.207466947559619 -9999
-9999 -9999 -9999 -9999 -9999 -9999 -9999 -9999 -9999 -9999 -9999 -9999 -9999 -9999 -9999 -9999 -9999 -9999 -9999 -9999 -9999 0.453761103781269 0.324907420644358 0.172481762037323 0 0 0 0 0.00551576989816915 0.181865654485469 0.353321996158125 0.384440831723521 0.403303368618931 0.429036828944774 0.441284187720616 0.449182744595343 0.462357095795661 0.482286979987782 0.493540192120294 0.492266167506737 0.483649164954345 0.470869167398671 0.470181125538739 0.467309396113128 0.455719669462436 0.451731446545029 0.45048222345814 0.449094352322978 0.454371043941471 0.451265369379749 0.452345558662551 -9999 -9999 -9999 -9999 -9999 -9999 -9999
-9999 -9999 -9999 -9999 -9999 -9999 -9999 -9999 -9999 -9999 -9999 -9999 -9999 -9999 -9999 -9999 -9999 -9999 -9999 -9999 -9999 0.406520362262577 0.256141758654976 0.0869580807992253 0 0 0 0 0.0138514457991715 0.178758547201149 0.338639835359279 0.426177862927843 0.427777591339903 0.423079903855479 0.426734747065774 0.433833401978587 0.444423567972612 0.462475897246968 0.471695575261332 0.462759528992423 0.445391948799234 0.434557792834604 0.427635611716432 0.423120302308862 0.413248755963229 0.407034069273928 0.40556505356889 0.406659705637069 0.411580529296155 0.412974449769431 0.424044321322648 -9999 -9999 -9999 -9999 -9999 -9999 -9999
-9999 -9999 -9999 -9999 -9999 -9999 -9999 -9999 -9999 -9999 -9999 -9999 -9999 -9999 -9999 -9999 -9999 -9999 -9999 -9999 0.435422709119688 0.353802257978293 0.176214363169787 0 0 0 0 0 0.0102970824864396 0.174513574200537 0.333791534224941 0.418692395407149 0.416419095863413 0.401378563930768 0.40931140170974 0.415974226147844 0.425502907134385 0.440403400366318 0.451507203839072 0.432017557555003 0.407833555361708 0.39236887443485 0.385787055501378 0.375402775601102 0.368679805444966 0.35932704199209 0.357791761698284 0.362609329413697 0.36768910464668 0.378487034115247 0.3936584264425 0.437529269435863 -9999 -9999 -9999 -9999 -9999 -9999
