meets/meet004/_saidas_enm/CCSM_Maxent_21k_Aralia_warmingiana5.asc
NCOLS 154 
NROWS 168 
XLLCORNER -112 
YLLCORNER -55.5 
CELLSIZE 0.5 
NODATA_value -9999 
[rows 75 to 99 of 168, columns 56 to 111 of 154]
-9999 -9999 -9999 -9999 -9999 -9999 -9999 -9999 -9999 -9999 -9999 0.0882811993360519 0.0889912992715836 0.0828661918640137 0.084634430706501 0.103973515331745 0.131083697080612 0.207226291298866 0.278212606906891 0.283643901348114 0.32007971405983 0.343932718038559 0.37645822763443 0.4086953997612 0.447401136159897 0.476531594991684 0.489719212055206 0.51038646697998 0.523803353309631 0.53917670249939 0.558822870254517 0.568676590919495 0.581140875816345 0.602962911128998 0.620163261890411 0.636488318443298 0.644371867179871 0.649475038051605 0.64608895778656 0.63607782125473 0.626245617866516 0.609347224235535 0.595054507255554 0.586503446102142 0.580745100975037 0.587607860565186 0.59993702173233 0.594168841838837 0.562472641468048 0.531355500221252 0.500316321849823 0.482709765434265 0.466089069843292 0.453563004732132 0.444155216217041 0.434284090995789
-9999 -9999 -9999 -9999 -9999 -9999 -9999 -9999 -9999 -9999 -9999 0.119915664196014 0.125723332166672 0.117527551949024 0.101302355527878 0.12050598859787 0.122057013213634 0.161889061331749 0.216755211353302 0.242346718907356 0.2679403424263 0.313165634870529 0.349673360586166 0.380122721195221 0.427362471818924 0.459906876087189 0.471095740795135 0.48968842625618 0.506587982177734 0.522848010063171 0.546048045158386 0.56141608953476 0.585943341255188 0.605636119842529 0.623948752880096 0.645181179046631 0.655077159404755 0.66846227645874 0.673299729824066 0.670340776443481 0.671492576599121 0.66203510761261 0.656316757202148 0.641533851623535 0.615524291992188 0.618108570575714 0.624228715896606 0.620888948440552 0.593061804771423 0.56315404176712 0.535370767116547 0.511910080909729 0.486263811588287 0.466874241828918 0.452301561832428 0.437411546707153
-9999 -9999 -9999 -9999 -9999 -9999 -9999 -9999 -9999 -9999 -9999 -9999 0.132390394806862 0.144247755408287 0.149224951863289 0.152445331215858 0.133682042360306 0.11438837647438 0.128791570663452 0.169162198901176 0.220911845564842 0.273506790399551 0.316483914852142 0.341621875762939 0.394325375556946 0.43902200460434 0.459462523460388 0.462502002716064 0.474134415388107 0.491873919963837 0.519894361495972 0.534117877483368 0.559280753135681 0.580040156841278 0.602834343910217 0.629281997680664 0.646648287773132 0.664830267429352 0.677351236343384 0.683834671974182 0.690981090068817 0.686482608318329 0.671175479888916 0.666460573673248 0.669795095920563 0.655089616775513 0.651100099086761 0.640330135822296 0.616946160793304 0.588889002799988 0.557398974895477 0.534355342388153 0.511262118816376 0.492711126804352 0.4778793156147 0.464370608329773
-9999 -9999 -9999 -9999 -9999 -9999 -9999 -9999 -9999 -9999 -9999 -9999 0.130881115794182 0.149826213717461 0.210319966077805 0.234680086374283 0.149916440248489 0.0921890735626221 0.0757656171917915 0.0870179161429405 0.1539086997509 0.203586205840111 0.285552173852921 0.320808291435242 0.392584323883057 0.42529296875 0.43061038851738 0.425621151924133 0.432689428329468 0.446865737438202 0.484836608171463 0.491260498762131 0.511627614498138 0.539423882961273 0.567596256732941 0.599010109901428 0.622752845287323 0.646746754646301 0.667496383190155 0.67996871471405 0.692989945411682 0.68958580493927 0.664075970649719 0.65512216091156 0.660380780696869 0.661856710910797 0.657597959041595 0.647509872913361 0.631260514259338 0.60365903377533 0.576596915721893 0.558295249938965 0.539364278316498 0.524714171886444 0.511388063430786 0.465964317321777
-9999 -9999 -9999 -9999 -9999 -9999 -9999 -9999 -9999 -9999 -9999 -9999 -9999 0.126424670219421 0.232127472758293 0.202872395515442 0.133997574448586 0.0770329162478447 0.0567677356302738 0.0431861318647861 0.0508352592587471 0.0971977561712265 0.19266140460968 0.298267215490341 0.354333311319351 0.410159081220627 0.41453555226326 0.388550043106079 0.384569823741913 0.402147591114044 0.420019000768661 0.440351814031601 0.463829159736633 0.494438886642456 0.524351060390472 0.561241984367371 0.59333348274231 0.62081253528595 0.644420266151428 0.662630796432495 0.685675621032715 0.698305726051331 0.675318717956543 0.662875950336456 0.659362435340881 0.657115519046783 0.65941596031189 0.656534850597382 0.642734169960022 0.624308466911316 0.604377090930939 0.586393356323242 0.567335844039917 0.553897142410278 0.508304357528687 0.469553768634796
-9999 -9999 -9999 -9999 -9999 -9999 -9999 -9999 -9999 -9999 -9999 -9999 -9999 0.24083112180233 0.233151793479919 0.151335537433624 0.107994258403778 0.0708388388156891 0.0566718503832817 0.0365081168711185 0.0372193083167076 0.0345422588288784 0.0989659875631332 0.184684827923775 0.223721832036972 0.340663194656372 0.355718493461609 0.3443523645401 0.337137430906296 0.364049404859543 0.367447108030319 0.383249878883362 0.41744801402092 0.451076805591583 0.480309098958969 0.520941495895386 0.564050674438477 0.601278603076935 0.627773702144623 0.646161139011383 0.663842618465424 0.690029084682465 0.690582394599915 0.675820648670197 0.664084315299988 0.653387188911438 0.662590384483337 0.654323637485504 0.635168552398682 0.620199501514435 0.6044802069664 0.595696270465851 0.588115572929382 0.550108015537262 0.505283892154694 0.461026251316071
-9999 -9999 -9999 -9999 -9999 -9999 -9999 -9999 -9999 -9999 -9999 -9999 -9999 -9999 0.242961972951889 0.185849890112877 0.0874503254890442 0.0559057071805 0.0426998659968376 0.0255618896335363 0.0267390143126249 0.0210621990263462 0.0188269801437855 0.0284797381609678 0.0682422071695328 0.133963838219643 0.190430581569672 0.257605493068695 0.280500799417496 0.302569806575775 0.316796153783798 0.347349375486374 0.349828392267227 0.368970513343811 0.428541421890259 0.468442499637604 0.507665157318115 0.561436653137207 0.609536409378052 0.639605820178986 0.651843190193176 0.671935319900513 0.692325592041016 0.694574356079102 0.6798996925354 0.67054545879364 0.670442819595337 0.661107242107391 0.637382924556732 0.619769155979156 0.604000270366669 0.595908939838409 0.543949842453003 0.511975586414337 0.496223151683807 0.462517201900482
-9999 -9999 -9999 -9999 -9999 -9999 -9999 -9999 -9999 -9999 -9999 -9999 -9999 -9999 0.230097144842148 0.159578561782837 0.0882506892085075 0.0477556176483631 0.0348872169852257 0.0234984923154116 0.0213088784366846 0.0128833949565887 0.0061772670596838 0.00533190835267305 0.0100291641429067 0.0239867214113474 0.0387469828128815 0.0978945195674896 0.174894094467163 0.214977458119392 0.250110328197479 0.310545980930328 0.320594996213913 0.302826195955276 0.361329138278961 0.37106528878212 0.412199467420578 0.451397240161896 0.529872119426727 0.615954339504242 0.642404139041901 0.661031246185303 0.669901132583618 0.685642242431641 0.689689815044403 0.67989706993103 0.678308308124542 0.672145903110504 0.644566595554352 0.630295753479004 0.595343708992004 0.57594096660614 0.509874880313873 0.481285363435745 0.484421938657761 0.483415454626083
-9999 -9999 -9999 -9999 -9999 -9999 -9999 -9999 -9999 -9999 -9999 -9999 -9999 -9999 -9999 0.167516767978668 0.10870873183012 0.0579254664480686 0.0305962860584259 0.0213486142456532 0.0183096267282963 0.0124915922060609 0.00480503682047129 0.00275609572418034 0.00250755064189434 0.00258506159298122 0.00305174151435494 0.00413576513528824 0.0124068083241582 0.0612679235637188 0.194323495030403 0.286145091056824 0.313250094652176 0.265163719654083 0.299029886722565 0.327385306358337 0.363917499780655 0.390182375907898 0.448113143444061 0.51954311132431 0.609374642372131 0.641914665699005 0.655970454216003 0.6662957072258 0.683618307113647 0.693490624427795 0.691412270069122 0.683033049106598 0.681737065315247 0.674691259860992 0.652137517929077 0.603904366493225 0.539655804634094 0.507131993770599 0.493728220462799 0.466206133365631
-9999 -9999 -9999 -9999 -9999 -9999 -9999 -9999 -9999 -9999 -9999 -9999 -9999 -9999 -9999 0.320036083459854 0.146444141864777 0.0943285375833511 0.0453265644609928 0.0250479895621538 0.0202364828437567 0.0175776015967131 0.00723108695819974 0.00373819191008806 0.00184915435966104 0.000436665257439017 0.000754036591388285 0.000474286731332541 0.0018951561069116 0.0108603266999125 0.0714930817484856 0.152642503380775 0.268418222665787 0.309413492679596 0.309283316135406 0.325608462095261 0.331993788480759 0.343033522367477 0.364098280668259 0.389638870954514 0.452944278717041 0.597440004348755 0.63402271270752 0.618857443332672 0.647410035133362 0.674778699874878 0.683705031871796 0.696095645427704 0.694272816181183 0.692284405231476 0.670543074607849 0.634250044822693 0.581931054592133 0.553004503250122 0.525997757911682 0.493153661489487
-9999 -9999 -9999 -9999 -9999 -9999 -9999 -9999 -9999 -9999 -9999 -9999 -9999 -9999 -9999 0.295043975114822 0.144102931022644 0.108421586453915 0.0610322132706642 0.0384957529604435 0.0251544136554003 0.0210199151188135 0.0266425702720881 0.0142962858080864 0.00885285064578056 0.00502618169412017 0.00315277231857181 0.00162761728279293 0.00223125540651381 0.00743543496355414 0.0206123534590006 0.0592654533684254 0.182879790663719 0.313879460096359 0.37138643860817 0.363884270191193 0.35445898771286 0.320818066596985 0.305397301912308 0.290775388479233 0.313244968652725 0.488497167825699 0.59252005815506 0.561437964439392 0.574329197406769 0.639434039592743 0.680403769016266 0.704800844192505 0.70764946937561 0.709053695201874 0.671663045883179 0.64279979467392 0.611298024654388 0.580817937850952 0.550756752490997 0.526429891586304
-9999 -9999 -9999 -9999 -9999 -9999 -9999 -9999 -9999 -9999 -9999 -9999 -9999 -9999 -9999 -9999 0.448882073163986 0.102929875254631 0.0855187699198723 0.0625807717442513 0.0370286218822002 0.0315307937562466 0.0351087301969528 0.032728299498558 0.0285736862570047 0.0267165340483189 0.0136071033775806 0.00904908869415522 0.00466013560071588 0.00517690321430564 0.0104309739544988 0.0235121585428715 0.0781445428729057 0.205229714512825 0.342733204364777 0.410338431596756 0.439149618148804 0.39934715628624 0.381194770336151 0.354911625385284 0.328204333782196 0.528526246547699 0.56699800491333 0.512291073799133 0.542827069759369 0.611278533935547 0.671598076820374 0.70402604341507 0.714204490184784 0.698259055614471 0.667466461658478 0.639845192432404 0.60192596912384 0.577440857887268 0.542085945606232 0.520267605781555
-9999 -9999 -9999 -9999 -9999 -9999 -9999 -9999 -9999 -9999 -9999 -9999 -9999 -9999 -9999 -9999 -9999 0.420980036258698 0.14007580280304 0.0777601525187492 0.0601226985454559 0.0440593026578426 0.0310932658612728 0.0243708379566669 0.0240695085376501 0.0219149086624384 0.0145260291174054 0.00959395803511143 0.00609301589429379 0.00484303198754787 0.00516996951773763 0.0111322831362486 0.0266766455024481 0.0767770037055016 0.200497388839722 0.382909506559372 0.438246935606003 0.474131047725677 0.490954369306564 0.521141111850739 0.548974514007568 0.556499719619751 0.532056927680969 0.517012059688568 0.559769988059998 0.617537200450897 0.649353563785553 0.669197261333466 0.678679347038269 0.683463573455811 0.658579111099243 0.626853227615356 0.595380246639252 0.567917108535767 0.532355010509491 0.500959455966949
-9999 -9999 -9999 -9999 -9999 -9999 -9999 -9999 -9999 -9999 -9999 -9999 -9999 -9999 -9999 -9999 -9999 -9999 -9999 0.114960871636868 0.0772009566426277 0.0598679818212986 0.0446954034268856 0.0294715873897076 0.0234453268349171 0.0276645887643099 0.0238808561116457 0.0156916491687298 0.00979920756071806 0.00649647600948811 0.00412800116464496 0.00605914322659373 0.0117538776248693 0.0280585289001465 0.0761256441473961 0.200772896409035 0.342662483453751 0.43520587682724 0.464847028255463 0.491144418716431 0.469027906656265 0.518317878246307 0.522631645202637 0.54461944103241 0.579902291297913 0.601566135883331 0.627819001674652 0.636868238449097 0.647808790206909 0.662820935249329 0.653398633003235 0.621200799942017 0.55642157793045 0.533152341842651 0.529467165470123 0.500981390476227
-9999 -9999 -9999 -9999 -9999 -9999 -9999 -9999 -9999 -9999 -9999 -9999 -9999 -9999 -9999 -9999 -9999 -9999 -9999 -9999 -9999 0.127726569771767 0.0625627264380455 0.0441007167100906 0.0298540778458118 0.0227813217788935 0.0252238716930151 0.0258420649915934 0.0179839488118887 0.00878382381051779 0.00581921543926001 0.00439490936696529 0.00433321762830019 0.00935501791536808 0.0278509296476841 0.0687989890575409 0.164068937301636 0.334418565034866 0.420404344797134 0.472020596265793 0.505068421363831 0.527295053005219 0.54535710811615 0.563256680965424 0.580778062343597 0.594612538814545 0.615953683853149 0.630003213882446 0.639473497867584 0.645075619220734 0.628666162490845 0.583518207073212 0.544696390628815 0.527602553367615 0.531238973140717 0.52804708480835
-9999 -9999 -9999 -9999 -9999 -9999 -9999 -9999 -9999 -9999 -9999 -9999 -9999 -9999 -9999 -9999 -9999 -9999 -9999 -9999 -9999 -9999 -9999 0.14091631770134 0.0728313699364662 0.0380202122032642 0.0265473406761885 0.0247254874557257 0.0232786852866411 0.0168739631772041 0.0112618524581194 0.00697362376376987 0.00502060819417238 0.00615992350503802 0.0123668061569333 0.0262000728398561 0.0675498023629189 0.166831597685814 0.292998731136322 0.426328599452972 0.527043402194977 0.551066339015961 0.569611430168152 0.576192438602448 0.574910163879395 0.589813947677612 0.610931217670441 0.622038960456848 0.629833877086639 0.634875595569611 0.611969530582428 0.586601793766022 0.552756190299988 0.534941136837006 0.535262644290924 0.54856139421463
-9999 -9999 -9999 -9999 -9999 -9999 -9999 -9999 -9999 -9999 -9999 -9999 -9999 -9999 -9999 -9999 -9999 -9999 -9999 -9999 -9999 -9999 -9999 -9999 -9999 0.0743741244077682 0.0448422506451607 0.0361569412052631 0.0255584139376879 0.0283016003668308 0.0299393888562918 0.0184866823256016 0.0125691397115588 0.0106013529002666 0.00965583696961403 0.0160125382244587 0.0327842049300671 0.0769370496273041 0.170521408319473 0.320073306560516 0.496283799409866 0.572435975074768 0.592460036277771 0.596411049365997 0.601152658462524 0.604151725769043 0.602054417133331 0.612080812454224 0.618194937705994 0.622111737728119 0.597416341304779 0.56905072927475 0.554828464984894 0.53628796339035 0.517018735408783 0.507384657859802
-9999 -9999 -9999 -9999 -9999 -9999 -9999 -9999 -9999 -9999 -9999 -9999 -9999 -9999 -9999 -9999 -9999 -9999 -9999 -9999 -9999 -9999 -9999 -9999 -9999 0.162891745567322 0.0753233954310417 0.0608312785625458 0.0487970262765884 0.0398821532726288 0.0411139018833637 0.0379220955073833 0.0306785553693771 0.0235438998788595 0.0148939387872815 0.0140744419768453 0.0265008304268122 0.0525144301354885 0.109478637576103 0.221692651510239 0.410296827554703 0.55976402759552 0.627297937870026 0.629266738891602 0.626126766204834 0.63173919916153 0.62378990650177 0.620613574981689 0.614298403263092 0.617281258106232 0.603848874568939 0.564493834972382 0.535998523235321 0.529314994812012 0.533673107624054 0.513105452060699
-9999 -9999 -9999 -9999 -9999 -9999 -9999 -9999 -9999 -9999 -9999 -9999 -9999 -9999 -9999 -9999 -9999 -9999 -9999 -9999 -9999 -9999 -9999 -9999 -9999 -9999 -9999 0.082146905362606 0.0719611570239067 0.0560639947652817 0.0180697198957205 0.0326993577182293 0.0514535494148731 0.046445656567812 0.0311244875192642 0.0234841872006655 0.0248085539788008 0.0402446575462818 0.0894304141402245 0.186973243951797 0.327961683273315 0.535410344600677 0.672974765300751 0.673053920269012 0.652102053165436 0.649857640266418 0.642324507236481 0.627921104431152 0.617833495140076 0.618867576122284 0.619895815849304 0.557980835437775 0.516029596328735 0.511216998100281 0.529049038887024 0.539087235927582
-9999 -9999 -9999 -9999 -9999 -9999 -9999 -9999 -9999 -9999 -9999 -9999 -9999 -9999 -9999 -9999 -9999 -9999 -9999 -9999 -9999 -9999 -9999 -9999 -9999 -9999 -9999 0.100776761770248 0.0725965052843094 0.079899787902832 0.0307782273739576 0.0396446920931339 0.0826219394803047 0.0827252119779587 0.0617600306868553 0.0422027930617332 0.0320292189717293 0.0340900346636772 0.0687648206949234 0.16632279753685 0.330545872449875 0.510492742061615 0.633571684360504 0.635211944580078 0.648267209529877 0.666110515594482 0.655752837657928 0.642117381095886 0.627664804458618 0.615953862667084 0.58405464887619 0.525744736194611 0.496084213256836 0.505983352661133 0.543593287467957 0.587085127830505
-9999 -9999 -9999 -9999 -9999 -9999 -9999 -9999 -9999 -9999 -9999 -9999 -9999 -9999 -9999 -9999 -9999 -9999 -9999 -9999 -9999 -9999 -9999 -9999 -9999 -9999 -9999 -9999 0.0750825852155685 0.110087096691132 0.10634708404541 0.110437639057636 0.149297848343849 0.142407655715942 0.0991689711809158 0.0710955858230591 0.0444464720785618 0.0319730080664158 0.0570288114249706 0.150594517588615 0.352687120437622 0.495515108108521 0.583446860313416 0.593092978000641 0.623699069023132 0.684666395187378 0.671193599700928 0.657437980175018 0.639356315135956 0.602560818195343 0.537957608699799 0.509609341621399 0.486118495464325 0.509217977523804 0.564876437187195 0.616612732410431
-9999 -9999 -9999 -9999 -9999 -9999 -9999 -9999 -9999 -9999 -9999 -9999 -9999 -9999 -9999 -9999 -9999 -9999 -9999 -9999 -9999 -9999 -9999 -9999 -9999 -9999 -9999 -9999 0.0698979124426842 0.118481829762459 0.147716477513313 0.177793309092522 0.124303407967091 0.112918078899384 0.137719988822937 0.0914651080965996 0.0524735562503338 0.0354845076799393 0.0492000058293343 0.139010637998581 0.304635405540466 0.450500547885895 0.505838751792908 0.559015214443207 0.613142013549805 0.65790331363678 0.660541355609894 0.654692530632019 0.609952926635742 0.581691384315491 0.549516499042511 0.524610996246338 0.511782348155975 0.540674924850464 0.600726544857025 0.602623879909515
-9999 -9999 -9999 -9999 -9999 -9999 -9999 -9999 -9999 -9999 -9999 -9999 -9999 -9999 -9999 -9999 -9999 -9999 -9999 -9999 -9999 -9999 -9999 -9999 -9999 -9999 -9999 -9999 0.0630227699875832 0.124411195516586 0.135186836123466 0.173741921782494 0.0863433852791786 0.078742116689682 0.119825519621372 0.104624353349209 0.0552949421107769 0.0304524060338736 0.0396079085767269 0.127577722072601 0.247852921485901 0.354481637477875 0.409836143255234 0.454117923974991 0.487392753362656 0.518570959568024 0.667609512805939 0.62372499704361 0.587480664253235 0.585441589355469 0.571219027042389 0.56294459104538 0.553167462348938 0.601292312145233 0.602219223976135 0.599546492099762
-9999 -9999 -9999 -9999 -9999 -9999 -9999 -9999 -9999 -9999 -9999 -9999 -9999 -9999 -9999 -9999 -9999 -9999 -9999 -9999 -9999 -9999 -9999 -9999 -9999 -9999 -9999 -9999 0.0618145242333412 0.118499733507633 0.198099330067635 0.142814457416534 0.0839133933186531 0.0782089233398438 0.111058913171291 0.0926829054951668 0.0459686331450939 0.0285901315510273 0.0413280241191387 0.120423957705498 0.198915585875511 0.303214281797409 0.380092740058899 0.421105533838272 0.426551550626755 0.439849197864532 0.588685870170593 0.662507653236389 0.629691004753113 0.617482125759125 0.626480162143707 0.622134983539581 0.620269477367401 0.617302477359772 0.606801450252533 0.600023627281189
-9999 -9999 -9999 -9999 -9999 -9999 -9999 -9999 -9999 -9999 -9999 -9999 -9999 -9999 -9999 -9999 -9999 -9999 -9999 -9999 -9999 -9999 -9999 -9999 -9999 -9999 -9999 -9999 0.0644920989871025 0.118523888289928 0.215769067406654 0.117229275405407 0.0825390666723251 0.0813129842281342 0.115665011107922 0.0811622068285942 0.0424652881920338 0.0258675310760736 0.044855147600174 0.124655164778233 0.198498904705048 0.327443718910217 0.442085981369019 0.462421774864197 0.465801119804382 0.468531578779221 0.526860356330872 0.63354080915451 0.656619191169739 0.668167412281036 0.630805492401123 0.645011842250824 0.619784414768219 0.611514508724213 0.609178066253662 0.616957187652588
