meets/meet004/_saidas_enm/CCSM_Gower_0k_Cavanillesia_umbellata1.asc
NCOLS 154 
NROWS 168 
XLLCORNER -112 
YLLCORNER -55.5 
CELLSIZE 0.5 
NODATA_value -9999 
[rows 78 to 103 of 168, columns 59 to 117 of 154]
-9999 -9999 -9999 -9999 -9999 -9999 -9999 -9999 -9999 0.534556286025232 0.390049364567291 0.283947631598176 0.207375509563246 0.173870316496627 0.229697813908763 0.332862069005209 0.478755047022792 0.644868741496076 0.639414650896379 0.590455214052569 0.551404478783826 0.536331569565424 0.523604563738036 0.527499044926719 0.532496343874288 0.5338048281225 0.532989713081727 0.52837405537322 0.53347092403373 0.534677278936277 0.535547426080604 0.537743462975662 0.536461342944501 0.533390935511123 0.52973910750462 0.534699291777699 0.545834334032756 0.562516467830612 0.588814266541103 0.617485856253974 0.625392526644879 0.612287143110151 0.593668267340559 0.583987181105422 0.572929350997155 0.567885999302764 0.571907785063479 0.576829399387012 0.569655489918224 0.562799100824556 0.561522578957868 0.563334642045334 0.563412564695128 0.549920724013079 0.537490934375961 0.526467091886242 0.515772374437489 0.505999453692048 0.498071953534344
-9999 -9999 -9999 -9999 -9999 -9999 -9999 -9999 -9999 -9999 0.521331737048275 0.329170122551332 0.139079274668472 0.0170333721041626 0 0.0196918482942239 0.15270762978219 0.363354386518138 0.576078749931574 0.613545875529412 0.558165236696194 0.537086789200469 0.526885372981279 0.53283920667759 0.535177687133706 0.535005679814692 0.535316803172224 0.529120060330461 0.530537456951054 0.528416417294793 0.5264849184417 0.525753887335891 0.519229639487167 0.518739981747177 0.514992295495181 0.518005623118827 0.52460179664708 0.537740263434758 0.56744495807076 0.59618775511462 0.608498572918059 0.605820210392232 0.592038933130466 0.572239051079168 0.550869899489539 0.54096796029899 0.545066316234094 0.5499660931749 0.54724136414082 0.541085063496086 0.539165338953522 0.539897137949147 0.542236770239989 0.548826544686433 0.553346088186176 0.550451015594352 0.536018654464986 0.535364796285788 0.535540040566786
-9999 -9999 -9999 -9999 -9999 -9999 -9999 -9999 -9999 -9999 0.562806094804767 0.383587007278357 0.0490843523931758 0 0 0 0 0 0.335976552012924 0.430012529212342 0.479939929813941 0.537641986064398 0.544353586502257 0.554227369732849 0.548814130467725 0.540099220952661 0.544176843862705 0.537066568101954 0.53985260033976 0.536071894825633 0.53060579914477 0.525070721362011 0.509335891121332 0.518305484092376 0.514571235912179 0.513986871761422 0.512861913179479 0.510691472611655 0.539451505892 0.572222122411454 0.586479957873482 0.593428937552479 0.596952796308131 0.561819112408876 0.527272645412332 0.513039551690484 0.51645666137625 0.52301047298293 0.521368468590856 0.519719425208793 0.519949920135537 0.521713635063609 0.520257460007256 0.526682010161403 0.527998685234331 0.526649246862544 0.5151915629027 0.513889733699568 0.542955369526577
-9999 -9999 -9999 -9999 -9999 -9999 -9999 -9999 -9999 -9999 -9999 0.513732491675736 0.250230768945185 0 0 0 0 0 0.0901441477529964 0.0492552670255394 0.0496100352598912 0.177723599190801 0.327852266066205 0.472889658501572 0.570308939381874 0.546426889008227 0.562220334838272 0.565331155569601 0.572044066928021 0.563521784224935 0.555763277348537 0.548049696154876 0.53985426410103 0.546347028467257 0.548256130534019 0.544053981491981 0.532500055341737 0.519543962385603 0.529664622192368 0.543235666910304 0.554489860068636 0.570106563259128 0.567929843334253 0.545585921676948 0.512390300850189 0.496821206828352 0.497412993914007 0.498453868560985 0.501221215479911 0.499991183974671 0.504076869727794 0.514803266618557 0.516709809052596 0.51385825021707 0.502564254769889 0.501807883300118 0.505182631064311 0.515872297225493 0.540007395899663
-9999 -9999 -9999 -9999 -9999 -9999 -9999 -9999 -9999 -9999 -9999 0.602517099316776 0.486361944568232 0.145981110405837 0 0 0 0 0 0 0 0 0 0.086091387895553 0.328168788812639 0.493218786665322 0.60520570059629 0.616159233705164 0.60134310312598 0.597187337105954 0.590796908507386 0.582853569313498 0.575959947884804 0.59056045211346 0.598704369494527 0.593070002732738 0.575023512445601 0.539180696749862 0.541411672631595 0.527445420621163 0.526179682239432 0.542989046297402 0.546494207348853 0.531582299028754 0.503274040924093 0.49142191756157 0.494100317243357 0.485034866026821 0.495174339134104 0.491820836321515 0.495153350145772 0.511450019769241 0.522741967510243 0.50847329489354 0.487278640072171 0.492855439868322 0.513565300251875 0.526138856097494 0.538789020070025
-9999 -9999 -9999 -9999 -9999 -9999 -9999 -9999 -9999 -9999 -9999 -9999 0.623465288768282 0.317286470965335 0 0 0 0 0 0 0 0 0 0 0 0 0.275361880130076 0.537968825107752 0.642654700052721 0.618257944694354 0.603893240437684 0.612367358696951 0.630131069430529 0.628642193001914 0.629929046289393 0.633711706619802 0.642012793706966 0.635125102782155 0.588988705511204 0.531954597608376 0.506782657479721 0.517507006664305 0.528684282859299 0.52381432563972 0.512285483890165 0.510393915307558 0.517133556249958 0.519260355079848 0.517579828215286 0.508315621517777 0.507948698166875 0.51517850877581 0.512826206302987 0.513257888361792 0.508360671053709 0.523806134815005 0.540722306644125 0.539212954880202 0.537950588948932
-9999 -9999 -9999 -9999 -9999 -9999 -9999 -9999 -9999 -9999 -9999 -9999 0.537324118759428 0.459015310501047 0.0897342106909838 0 0 0 0 0 0 0 0 0 0 0 0.017572997506351 0.332274489035054 0.574621690222158 0.620522557039981 0.594272637910957 0.610520245154934 0.657835450313357 0.645803576742832 0.649746975815612 0.64298841637736 0.633966953064549 0.640764859108078 0.636258181600797 0.540064793892531 0.488025412919229 0.496566395390736 0.516821537020973 0.520728816373274 0.52579202586347 0.533995904705303 0.546344468834533 0.558892812297827 0.553539212475158 0.540391914954584 0.53839028216487 0.539157148128807 0.528024409543201 0.544359473657521 0.543778888394199 0.542190105735429 0.54019767750928 0.538850138864065 0.537852963640301
-9999 -9999 -9999 -9999 -9999 -9999 -9999 -9999 -9999 -9999 -9999 -9999 0.459338080432999 0.528554542581049 0.310367882589555 0.0427186010850878 0 0 0 0 0 0 0 0 0 0 0 0.215979544891337 0.447163574964967 0.61248504813251 0.558241641732989 0.57364011146317 0.602624636918679 0.623684919278948 0.649142163046307 0.623314285349279 0.602472327897295 0.59769916616012 0.636196313153074 0.540622281899692 0.47816788335643 0.474332529683658 0.497366024653532 0.519592595407348 0.539658964124233 0.558190193115248 0.572879295727873 0.573231462498383 0.566709017530078 0.560832449406068 0.556925854824185 0.552534745383126 0.54902447623578 0.546214366418358 0.543749626169702 0.542238987694325 0.540560697516257 0.539117340712034 0.538028744901027
-9999 -9999 -9999 -9999 -9999 -9999 -9999 -9999 -9999 -9999 -9999 -9999 -9999 0.587398285975387 0.416333541238082 0.308186605304742 0.0542860466210039 0 0 0 0 0 0 0 0 0 0 0.0792769625028235 0.318908254927426 0.507506089837763 0.559550381944473 0.554832722871938 0.5559630566826 0.575522603670709 0.623706098175514 0.649660865262209 0.627303256082252 0.603479496518799 0.63666380535164 0.514429176296029 0.465387381205123 0.470557455361522 0.494555419941581 0.532612295236659 0.563183417292658 0.587096940827703 0.579424404723915 0.572787363978235 0.566569576714476 0.560440070409708 0.556658116846444 0.552388706248425 0.54939216187941 0.547254264646804 0.544754817187378 0.543276315115132 0.541543802602583 0.540010827130206 0.539380567353886
-9999 -9999 -9999 -9999 -9999 -9999 -9999 -9999 -9999 -9999 -9999 -9999 -9999 -9999 0.602661840354625 0.365669898026242 0.368296685054381 0.176633077860821 0 0 0 0 0 0 0 0 0 0 0.156619287088878 0.282032020964017 0.410422075396687 0.58592254873033 0.535594651304351 0.545267247402882 0.562948220072895 0.5760964733273 0.597334957730617 0.573058934467998 0.54927486435794 0.498386550220359 0.480680290856103 0.498281605278699 0.529822807494676 0.560887662060824 0.593724418251319 0.589707992140339 0.580789762492073 0.572898235615142 0.566267607504592 0.560687048396559 0.557197126027889 0.553378922246218 0.55051242203782 0.548131134964937 0.546250357725314 0.544867618891466 0.542995482494612 0.541697015415163 0.540595317115576
-9999 -9999 -9999 -9999 -9999 -9999 -9999 -9999 -9999 -9999 -9999 -9999 -9999 -9999 -9999 -9999 0.290201061894135 0.266578044364415 0.239603481477113 0.0108247605444065 0 0 0 0 0 0 0 0 0 0.109168240723488 0.185303934936453 0.372696869216264 0.568441466367398 0.556620882292519 0.529988031786972 0.518745356975896 0.522222746012298 0.489567463653453 0.510709006095811 0.50596280711841 0.510547237307691 0.537946441850629 0.559693849358621 0.580139867342328 0.600797779365837 0.593081662255148 0.583707222025143 0.576151633219887 0.569723568013639 0.563255235538593 0.559164931513522 0.555485062289434 0.552876558188525 0.551001673145863 0.548929756488989 0.547738860579264 0.545973335549078 0.54492774911451 0.544405720862877
-9999 -9999 -9999 -9999 -9999 -9999 -9999 -9999 -9999 -9999 -9999 -9999 -9999 -9999 -9999 -9999 -9999 -9999 0.345437168273983 0.333560654027111 0.119472154194051 0 0 0 0 0 0 0 0 0 0.022493386045238 0.160521913841184 0.299007099473318 0.47858439992955 0.558154486238756 0.517065725982788 0.534724376178388 0.552919909337726 0.552115160809483 0.555749711295103 0.568102370836691 0.573526725926182 0.582292852866354 0.593825705395249 0.600281743160334 0.598883479547115 0.588059108363917 0.579958970566417 0.573652410673438 0.567101365143232 0.563095680703096 0.558434440314824 0.555744002508375 0.553966057574343 0.552621331648982 0.551358777418475 0.549660843968603 0.54859989545461 0.548233710974343
-9999 -9999 -9999 -9999 -9999 -9999 -9999 -9999 -9999 -9999 -9999 -9999 -9999 -9999 -9999 -9999 -9999 -9999 -9999 -9999 0.40574612741552 0.193326830751699 0 0 0 0 0 0 0 0 0 0.0570438771638061 0.124102717702957 0.289805383033324 0.481242342088011 0.605899707630494 0.600294314259758 0.609007882031862 0.606350351613651 0.615512100754526 0.618011445870429 0.616272423141258 0.615297840917596 0.616288189653146 0.612765599606639 0.605634424711634 0.597639283479862 0.588751791404238 0.580876631206785 0.573372618929256 0.568080113194433 0.564634556218235 0.561263372210155 0.559001147790992 0.556894296395102 0.555952397458493 0.555590787080527 0.554957107842367 0.554915124958297
-9999 -9999 -9999 -9999 -9999 -9999 -9999 -9999 -9999 -9999 -9999 -9999 -9999 -9999 -9999 -9999 -9999 -9999 -9999 -9999 -9999 -9999 0.437668761953984 0.119519982976725 0 0 0 0 0 0 0 0 0 0.161817049730278 0.283963537355759 0.44881858872764 0.65125446737963 0.631084355097088 0.631727727038999 0.657618731990481 0.663572635870269 0.650309971168189 0.640474909159981 0.631402821656138 0.621560816029198 0.614569768837065 0.604755532623243 0.598026087992043 0.589708721040612 0.581527597361017 0.57642364715947 0.569912050319435 0.567385304701164 0.564325549324365 0.563038780335021 0.562168615561943 0.560948800027721 0.561614231224736 0.561321797278997
-9999 -9999 -9999 -9999 -9999 -9999 -9999 -9999 -9999 -9999 -9999 -9999 -9999 -9999 -9999 -9999 -9999 -9999 -9999 -9999 -9999 -9999 0.28699376371131 0.384472007728361 0.109804876670345 0 0 0 0 0 0 0 0 0 0.127788331429594 0.373094281109008 0.589251371562312 0.626582309989762 0.631875921516806 0.675333817959193 0.672801009261301 0.662097687153794 0.649086638943243 0.641619870263833 0.631928179902164 0.625046465726201 0.616507807351634 0.608217310498864 0.600800877951267 0.592619172669996 0.586956423982057 0.581059788828598 0.57636631527231 0.573568481519038 0.571205666078261 0.570341179050234 0.570293942094396 0.570053238133513 0.570052270484656
-9999 -9999 -9999 -9999 -9999 -9999 -9999 -9999 -9999 -9999 -9999 -9999 -9999 -9999 -9999 -9999 -9999 -9999 -9999 -9999 -9999 -9999 -9999 -9999 0.326980832067173 0.160699475938021 0 0 0 0 0 0 0 0 0 0.163795447280287 0.423523576060996 0.576921593642113 0.613078645539051 0.678778555164612 0.678829025314361 0.667125380045038 0.656984640546808 0.649690573313565 0.64148569693379 0.635108252332934 0.625058618788431 0.618837765419174 0.610272952348066 0.594398468629953 0.596797273849544 0.590078334220518 0.586790098051099 0.582621139949898 0.581176618044145 0.580109374582045 0.577823709523131 0.578701278117601 0.577560979782043
-9999 -9999 -9999 -9999 -9999 -9999 -9999 -9999 -9999 -9999 -9999 -9999 -9999 -9999 -9999 -9999 -9999 -9999 -9999 -9999 -9999 -9999 -9999 -9999 0.205769719846171 0.332965701702027 0.0688502878797703 0 0 0 0 0 0 0 0 0.0477072017522784 0.302882384929815 0.557640659786127 0.584628156487985 0.631870257297295 0.658807623592351 0.673760967208345 0.663064520722622 0.656962201216934 0.649494223777906 0.633430460781656 0.618980851030486 0.611941018839347 0.615758481917914 0.61460729707749 0.609568052466741 0.604361571474601 0.599842985812207 0.596782446361433 0.594021611214801 0.592522320636817 0.590800446609345 0.589589064974331 0.587945612517302
-9999 -9999 -9999 -9999 -9999 -9999 -9999 -9999 -9999 -9999 -9999 -9999 -9999 -9999 -9999 -9999 -9999 -9999 -9999 -9999 -9999 -9999 -9999 -9999 -9999 0.255725025420296 0.221735033580583 0 0 0 0 0 0 0 0 0 0.219738621660678 0.478442742716238 0.547497071449889 0.555201182002474 0.583557266018884 0.639419968326939 0.666942388619236 0.661748790939415 0.653384618502699 0.63911178854704 0.615371143431823 0.603586984510767 0.623937301129697 0.626089891865713 0.620888938029853 0.615272456371082 0.61206749267091 0.609224633802928 0.601132746728954 0.604798858995374 0.601599847305854 0.599795044927679 0.596990190194386
-9999 -9999 -9999 -9999 -9999 -9999 -9999 -9999 -9999 -9999 -9999 -9999 -9999 -9999 -9999 -9999 -9999 -9999 -9999 -9999 -9999 -9999 -9999 -9999 -9999 0.211212735378089 0.305320061345568 0.0174583027775567 0 0 0 0 0 0 0 0 0.191813816213256 0.440403791221508 0.505937210791175 0.509110643441671 0.528743538356846 0.56416235295617 0.607276302879788 0.643272331172003 0.662237932628053 0.655814417384388 0.627001063839094 0.60454981100188 0.625939412818437 0.639819940634599 0.635634509218509 0.630909126702972 0.626911095884426 0.6004974871714 0.575018884464499 0.580183711373816 0.613937037506713 0.610912862671196 0.607744476941464
-9999 -9999 -9999 -9999 -9999 -9999 -9999 -9999 -9999 -9999 -9999 -9999 -9999 -9999 -9999 -9999 -9999 -9999 -9999 -9999 -9999 -9999 -9999 -9999 -9999 0.1597104135731 0.35459905237674 0.0646573537740958 0 0 0 0 0 0 0 0 0.174976409447971 0.412388764710107 0.466263159541441 0.471179318131677 0.479419543758183 0.48669606766432 0.48743375381521 0.582922745452068 0.647729915627931 0.635074302463774 0.637274038306662 0.584082663662885 0.631625077509911 0.650889295705604 0.647539178265217 0.645154923876444 0.631643572920557 0.589223006859514 0.546196266099847 0.550454983025073 0.604151965636303 0.622688036679031 0.619745859749644
-9999 -9999 -9999 -9999 -9999 -9999 -9999 -9999 -9999 -9999 -9999 -9999 -9999 -9999 -9999 -9999 -9999 -9999 -9999 -9999 -9999 -9999 -9999 -9999 -9999 0.161811521158175 0.337168418472953 0.0159989804452342 0 0 0 0 0 0 0 0.00665410744782369 0.206275531324924 0.438342045886197 0.433317358868488 0.44194844041186 0.443576622787227 0.435001469218862 0.445970519291805 0.511808624313792 0.58676043788603 0.628414755184898 0.640610148002051 0.642851444983475 0.650314458775713 0.657206119195466 0.653021567628401 0.639351650903863 0.618122752737939 0.583126985565418 0.554558074280715 0.556383092412513 0.590341595258728 0.625399115634922 0.633772980598435
-9999 -9999 -9999 -9999 -9999 -9999 -9999 -9999 -9999 -9999 -9999 -9999 -9999 -9999 -9999 -9999 -9999 -9999 -9999 -9999 -9999 -9999 -9999 -9999 -9999 0.14862744813992 0.298951797141718 0 0 0 0 0 0 0 0 0.0416600018636499 0.237640156018078 0.407275655540415 0.412678144348101 0.42654687435177 0.425819426731775 0.406561134065673 0.402110188722918 0.46478484366203 0.522426492777082 0.575461952760484 0.635598816487343 0.675857440296059 0.653922116603978 0.636849568632322 0.62723850280171 0.616093932107418 0.605992254867205 0.579290632810195 0.55898995035968 0.557016985456468 0.575815627947822 0.601175847641264 0.599819485875804
-9999 -9999 -9999 -9999 -9999 -9999 -9999 -9999 -9999 -9999 -9999 -9999 -9999 -9999 -9999 -9999 -9999 -9999 -9999 -9999 -9999 -9999 -9999 -9999 -9999 0.154503890036739 0.249871927430337 0 0 0 0 0 0 0 0 0.0857231264753029 0.285055902392514 0.421096776375429 0.413114561727444 0.422532474369995 0.418604206029363 0.399672394517133 0.405328926872618 0.472834376650641 0.560370744232329 0.606614943325335 0.614313257548333 0.608601416483822 0.613434215680293 0.610770110721579 0.604585129805024 0.596869348152908 0.585309200443769 0.566900251713456 0.54835672410005 0.541172218990319 0.547346948990661 0.552475557096941 0.54917759831445
-9999 -9999 -9999 -9999 -9999 -9999 -9999 -9999 -9999 -9999 -9999 -9999 -9999 -9999 -9999 -9999 -9999 -9999 -9999 -9999 -9999 -9999 -9999 -9999 -9999 0.132200218946733 0.210553652596938 0 0 0 0 0 0 0 0 0.135966466924599 0.325574587531533 0.42904366809183 0.422334230815566 0.431995436548478 0.42549102585336 0.401263718181283 0.401612596121485 0.486412460358565 0.59345264305425 0.629131778494206 0.593234504548056 0.551174495783626 0.575395455979393 0.585985129262547 0.586149422591651 0.582590992280474 0.567751370878392 0.552502049295628 0.535971301259602 0.524168834771914 0.520541451257919 0.510399418517913 0.502525860279038
-9999 -9999 -9999 -9999 -9999 -9999 -9999 -9999 -9999 -9999 -9999 -9999 -9999 -9999 -9999 -9999 -9999 -9999 -9999 -9999 -9999 -9999 -9999 -9999 0.1834780014202 0.131133585975196 0.193709461013095 0 0 0 0 0 0 0 0 0.197495892347632 0.383790065468176 0.445233984975641 0.434162165648853 0.450139777053348 0.441005343734916 0.404442270097226 0.407445487171614 0.473817915524615 0.559699480550612 0.59342522608503 0.578240324678099 0.55967247642538 0.562536284342019 0.576798343198041 0.577007820237374 0.566607215051024 0.552830450174043 0.541619258845464 0.530147112960733 0.518978411535363 0.510322629536211 0.494762878173814 0.482115476924124
-9999 -9999 -9999 -9999 -9999 -9999 -9999 -9999 -9999 -9999 -9999 -9999 -9999 -9999 -9999 -9999 -9999 -9999 -9999 -9999 -9999 -9999 -9999 -9999 0.185241873127135 0.156381027464771 0.18025240162717 0 0 0 0 0 0 0 0.0374235946612886 0.254268489855945 0.424280184656659 0.438228526174914 0.431618658611591 0.447405193433282 0.435648544371343 0.394323402033366 0.389915330538729 0.444793728147213 0.519227335817716 0.555515376919274 0.553381795062667 0.549030419432854 0.551143140282764 0.56102114690735 0.559027960905623 0.543815423722158 0.534471996391859 0.531476586197277 0.529470346068661 0.523391346332175 0.513878855260494 0.49695597149124 0.488139828501965
