meets/meet004/_saidas_enm/CCSM_SVM_21k_Aralia_warmingiana3.asc
NCOLS 154 
NROWS 168 
XLLCORNER -112 
YLLCORNER -55.5 
CELLSIZE 0.5 
NODATA_value -9999 
[rows 50 to 74 of 168, columns 56 to 111 of 154]
-9999 -9999 -9999 -9999 -9999 -9999 -9999 -9999 -9999 -9999 -9999 -9999 -9999 0.123757529775992 0.123757324751824 0.123269017481519 0.111486231619577 0.107791887681796 0.0870833947490002 0.0797300864217507 0.102383417090716 0.102440872529468 0.106326354007254 0.0901306705108802 0.0822659611359333 0.0905294332180354 0.0957367298200299 0.0997377604590407 0.109961618080135 0.119700782297492 0.12235853724147 0.11996595126801 0.110480518504479 0.100312739145267 0.110712020982031 0.209800231603615 0.367357205312656 0.587980713481489 0.618232684479309 0.575113858137227 0.576834869521888 0.539856755579642 0.529126530998967 0.442872621783236 0.318479190026721 0.195924027355045 0.173326935437431 0.151653623600195 0.134314092760085 0.121344963313709 0.120641805428789 0.0594417462647865 0.0236782125715387 -0.000388860198165697 -0.0131671915732323 -0.00776225759432991
-9999 -9999 -9999 -9999 -9999 -9999 -9999 -9999 -9999 -9999 -9999 -9999 -9999 0.123757529757671 0.123754509334672 0.123002723371109 0.114875601713021 0.111693997904832 0.100803989388382 0.0720821813766628 0.0511717667482748 0.0365898735738813 0.0404907941026933 0.0406073296929534 0.057179581219851 0.077546384158157 0.0925046948484787 0.105352982584345 0.116300616131836 0.121603498282955 0.122831965587657 0.120571454697031 0.112242063623974 0.0985613725340746 0.11335753485092 0.231066328249467 0.441688551384221 0.637599854027544 0.666554023431818 0.616177562259205 0.604244432252292 0.531261989165279 0.492491154133889 0.414300321183528 0.331954340061471 0.276401161343631 0.251066807668267 0.261227943235271 0.228277786715219 0.165721016867037 0.109860732023412 0.0529247320110582 0.00990187661813718 -0.0118212274420807 -0.0194277990168872 -0.0135129600191937
-9999 -9999 -9999 -9999 -9999 -9999 -9999 -9999 -9999 -9999 -9999 0.123757529706033 0.123757528137293 0.123757522633825 0.123751013907564 0.122926005294673 0.117987685018744 0.114495632699925 0.108966274298092 0.0737266531695206 0.0560769699677397 0.0377041712663325 0.021460399641997 0.0345691788053834 0.0634409482691278 0.0779696192251521 0.0840630847984452 0.109487196480971 0.119795325041685 0.122621114378752 0.123218576420214 0.120717924136167 0.111121827810594 0.0979773468561839 0.115877025394199 0.251918717836491 0.434826251252068 0.617398504194741 0.622443276063887 0.567950309833594 0.539014162265538 0.448188842644877 0.430184689143049 0.371159958019441 0.291954013454371 0.292555174468566 0.25639670292662 0.252980741200412 0.231314929642684 0.155383642155188 0.0812123137251913 0.02945834875189 -0.00847097376709016 -0.0211882503448682 -0.0174654109503988 -0.00827443977736153
-9999 -9999 -9999 -9999 -9999 -9999 -9999 -9999 -9999 -9999 0.123757516984716 0.12375751799497 0.123757224388712 0.123757422909669 0.123756794871067 0.123684482580723 0.121290823866463 0.106900559145053 0.0987755171205373 0.0923117798803487 0.0827626333249618 0.0816703165746934 0.0833137384320758 0.0837796832644997 0.0846771421429592 0.0955620305391947 0.112203132972309 0.121381871175527 0.123017968113768 0.123426820110664 0.123490733841818 0.122052937659409 0.109996854385467 0.088826684077849 0.105504679457752 0.177417462410201 0.306673758054008 0.467404268333159 0.520465573401955 0.49618197933363 0.466775301008799 0.412932401833237 0.388705706234033 0.349250196524598 0.277565740202296 0.258195786384155 0.222185610313839 0.196994170897073 0.146608428837346 0.068372456740544 0.0149124556229335 -0.0125830446909398 -0.0229879974062303 -0.0192036974140157 -0.00771282373323767 0.0144898204806334
-9999 -9999 -9999 -9999 -9999 -9999 -9999 -9999 -9999 -9999 0.123753346399916 0.123715830873026 0.123713433319885 0.123753573234154 0.123757288129142 0.123755078627108 0.123497301188962 0.116442394612744 0.10497580300722 0.0996099339520471 0.0970903250104456 0.0983934172413872 0.104120705433677 0.109300667430399 0.11564457699689 0.120291972715064 0.122914952343191 0.123525322179656 0.123661352525942 0.123713502815934 0.123712310739261 0.123369217710607 0.117191366260775 0.0903291275864243 0.0957759769014531 0.0949924437560777 0.148232740841949 0.255244406469652 0.377086150697756 0.4108343207346 0.41505648732111 0.386350786228141 0.361469123788994 0.323027662797238 0.250771664331335 0.20862665887046 0.128182234931487 0.0719642608455889 0.0268747735069649 -0.00391163050415111 -0.016384775876635 -0.00714400026962081 0.00234885978112404 0.0171907165470842 0.0342526269840865 0.0458334157387718
-9999 -9999 -9999 -9999 -9999 -9999 -9999 -9999 0.123757197413977 0.123599267158549 0.121134380855884 0.122460308971365 0.123501124702857 0.12371089420547 0.123752544274957 0.123756593443226 0.123748332392869 0.123142258727259 0.120486934488679 0.11775142883466 0.115576285825029 0.117163068249895 0.120128913252246 0.122107525006135 0.123143094520147 0.123571985628809 0.123694072250156 0.12374390895215 0.123754135846144 0.123754175314748 0.123751202045196 0.123671170955295 0.121573198163078 0.0992017355255448 0.081789851014675 0.0578087784660561 0.0183810808396274 0.0818888075205049 0.168596096073977 0.25267516313156 0.289844844024973 0.282982730206326 0.276701510273078 0.222632040049934 0.131474597656287 0.0666787405347046 0.0185140095032112 0.0131538768891046 0.028775268958038 0.0459830557230792 0.0544600442583165 0.0622170879720247 0.0690429632159534 0.0712894425606605 0.0706184089669997 0.0738860030771977
-9999 -9999 -9999 -9999 -9999 -9999 -9999 -9999 0.123687876165789 0.119126727901748 0.118470643676411 0.120120173364091 0.123118438659059 0.123613671513459 0.123711966025187 0.123733120177809 0.123751116285487 0.123743775111318 0.123657152043463 0.123503895461918 0.123507167743428 0.123599963943669 0.123635930012149 0.123705305337811 0.123744207652158 0.123753187079488 0.123756224694193 0.123757299139137 0.12375742778413 0.123757415964613 0.123757117379146 0.123747953369637 0.123176588979563 0.112506080832534 0.0779927656067473 0.0671171688049789 0.0113982772532438 -0.0241091997747791 0.0101629602612841 0.0341632209671532 0.0659122668783689 0.0592497721123083 0.047200495094109 0.0170795872090209 -0.00181767231598584 0.0204369047478996 0.0601167558613974 0.0901349694809183 0.105164483176944 0.110841388719665 0.112113824638687 0.110982176257213 0.108074640264925 0.106524567953826 0.105537354513916 0.104853596259712
-9999 -9999 -9999 -9999 -9999 -9999 -9999 0.123689691458921 0.12178569996916 0.114094212513243 0.172994599312853 0.126511802612067 0.122978716334587 0.123558687816665 0.123583113875321 0.12361250978145 0.123670496703699 0.123738882386433 0.123737521918788 0.123754542462767 0.123756133779337 0.123756414490488 0.123756512316797 0.123756874764339 0.123757258457685 0.123757346926005 0.123757328853492 0.123757272836259 0.123757319257503 0.123757353541583 0.123757407258357 0.123755632597894 0.123670847402149 0.120543783316054 0.0930750802631384 0.0724392659115181 0.0517957374987452 -0.00296639607230192 -0.022107189237781 -0.0104517352715515 0.00707343524204007 0.0352011006328154 0.0624498619345362 0.0803964328987764 0.0994606587674416 0.111107468786391 0.11325463388243 0.110808001499561 0.10907144218609 0.108837893115413 0.109695316875182 0.110450651428956 0.112039723365581 0.114695837045303 0.116928654195661 0.118226777038577
-9999 -9999 -9999 -9999 -9999 -9999 -9999 0.122961510562864 0.113132198724949 0.166289360879915 0.316165339290612 0.118650469226915 0.12244457413622 0.123556277333747 0.123199394363828 0.122473699377365 0.122786749976858 0.123354721083706 0.123517520857854 0.123691366405843 0.12374052291271 0.123752198351212 0.123755491753818 0.123754896953706 0.123754871009916 0.123755512696145 0.123755232021842 0.123755967759599 0.123755982174917 0.123755110407936 0.123755401327038 0.123755682375031 0.123745217311599 0.123208011367805 0.115367893880136 0.0956906358663122 0.0845987618630488 0.0752380753447967 0.0713112764127394 0.0817454420923061 0.09472049799275 0.107133545457332 0.115027434983043 0.119420658746259 0.118589010768473 0.115704121024994 0.114064220437745 0.112486715311121 0.113467749434841 0.11600513432846 0.116095666922322 0.113974660246278 0.109573085190008 0.107510680841107 0.108656366955251 0.111612630067368
-9999 -9999 -9999 -9999 -9999 -9999 0.123697889376945 0.118129002329994 0.117558641912928 0.323033000970706 0.433533923677014 0.100136343653573 0.121795938661775 0.123659209532488 0.123050717060075 0.121010559192752 0.120206560129297 0.121221405402103 0.121817583865636 0.12311367140749 0.123566445377249 0.123636391620924 0.123694713813226 0.123692390346363 0.123704052830419 0.123710873653069 0.123714179635213 0.12370453189594 0.123714911017821 0.123737293938481 0.123743568207353 0.123751080814593 0.123752665123308 0.123692123702342 0.122607355835968 0.11891640951376 0.112568051038167 0.109901657711852 0.110846615725876 0.114281372507663 0.118862208414717 0.120814454566692 0.120568301665552 0.119688005827478 0.119689685354987 0.120701635003935 0.121750401734076 0.122664633565012 0.122642280077768 0.122511401635244 0.120780118401019 0.119190181929263 0.114784340716593 0.113394837231852 0.115421415531844 0.113931487649625
-9999 -9999 -9999 -9999 -9999 -9999 0.123117858116435 0.10838060395353 0.139497213343639 0.258296114963893 0.247082305191725 0.0516721558952851 0.120982347152722 0.123598183781889 0.122987739502375 0.119705980889071 0.118001029553394 0.118487626790042 0.119039816042136 0.120967296901172 0.122073382618907 0.122460126271167 0.122826975310839 0.122665551494365 0.122678845431073 0.122900043132072 0.122821141650146 0.122899758446954 0.122990522207727 0.123166898331586 0.123404314170507 0.123508014255797 0.123615016789198 0.123664054245309 0.123603332656154 0.123149158796889 0.12232967595312 0.121777334772301 0.121707574450975 0.121092532056042 0.120166610159236 0.120640570975811 0.121326216864896 0.121975885858972 0.123034305957242 0.122778878238878 0.122394547591463 0.121135517219034 0.118729479948919 0.11456664976564 0.109392463928952 0.102665215918371 0.0956275198825463 0.0933825097094712 0.0954875964477593 0.100431204899215
-9999 -9999 -9999 -9999 -9999 -9999 0.118600781564579 0.0933337163888206 0.137695158712793 0.085157157245246 0.0871872441740287 0.0244398089371966 0.119052892787235 0.123409544646014 0.122509095515987 0.119128947778276 0.116973647650692 0.117120988443142 0.117248349018779 0.118716956193609 0.119862567566229 0.119109589438413 0.119184733520825 0.118659010917967 0.119300300327179 0.119951052785215 0.120012933229748 0.120090596984723 0.120445529275867 0.121052848258342 0.121544995844967 0.122028302998207 0.122386503403571 0.122663556033624 0.123019679555195 0.12311049247871 0.122750922547095 0.122103208337293 0.121412313908229 0.121070536555068 0.121525619974651 0.121463588886674 0.120305757263004 0.118625682802701 0.117428730234204 0.113775392949537 0.112502215727086 0.107824236684058 0.100228602824595 0.0950413631132699 0.0856015288065869 0.0830140067581102 0.0778757580289698 0.0773032835077839 0.081648040833771 0.0887195764838588
-9999 -9999 -9999 -9999 -9999 -9999 -9999 0.0758126877506285 0.151790508637563 0.00969600760262018 0.049674639818046 0.00751016160722962 0.112161275218688 0.122418788770166 0.121555358408133 0.11776599094959 0.115960209578228 0.115738720734453 0.115546438701024 0.116762538670695 0.116333780014994 0.114662411680391 0.113248800320853 0.111981950336754 0.112789501358247 0.114371626553489 0.114463839272585 0.114638717349588 0.114764405631009 0.114877734493134 0.115764694446945 0.11615828634099 0.117149589440492 0.117122713438337 0.117027478602637 0.117196975377751 0.11655001747221 0.116049123233038 0.114136279664329 0.111371314684006 0.108697728970426 0.10527314198991 0.102157710410724 0.0964783079816634 0.0929320111915298 0.0891747006312238 0.087863003694224 0.086783318303173 0.0774385019419607 0.0721549170103296 0.0673568323319245 0.0656779860870366 0.065865371439307 0.0677971060482799 0.071348150891657 0.07617088070469
-9999 -9999 -9999 -9999 -9999 -9999 -9999 -9999 0.144386042360872 -0.0112266737995154 0.205310018617228 0.00425898190151414 0.102733488621123 0.119651537714655 0.117371784899954 0.114528670464015 0.111591944335797 0.112464578911088 0.113370060546033 0.114958120393372 0.113702372051187 0.111546834204984 0.108187275054206 0.106350645117292 0.107933652469435 0.109469752409999 0.109441202991519 0.109589087622351 0.109260158513161 0.108497316877959 0.108211658486764 0.108764308706938 0.109486190260774 0.108577431170781 0.106872387526727 0.103584168698962 0.102259336745788 0.0987610622152834 0.0942047003448198 0.090433985415426 0.0836149639700377 0.080219152243694 0.0762636005592671 0.0714097860986466 0.0714541370172685 0.0680249797370885 0.0694042887553555 0.0739266442683914 0.0710057545560626 0.0674460101314167 0.0647096486624239 0.0616480770870798 0.0590639563012134 0.0562425204306693 0.0543690092750681 0.0516267200542511
-9999 -9999 -9999 -9999 -9999 -9999 0.077581918263176 0.115462074358501 0.092438146004531 -0.0399610113482893 0.0238575994316443 0.00543298908017775 0.0721947066671943 0.0986629145389872 0.0935095353970916 0.0911476158298156 0.0992845106760012 0.107944506142468 0.111912877622651 0.113645455844488 0.11265677496846 0.110351455512638 0.108308924957673 0.1056348608527 0.104068094785787 0.102823051283668 0.101486637748318 0.101164786252167 0.100835271158271 0.0994272496753151 0.0995772548468881 0.100122281467185 0.101228485092635 0.10025435530692 0.0986730866285151 0.0956871954656711 0.0902071417874837 0.0838813582414264 0.0781788577641295 0.0715527779690899 0.0669393420498874 0.0647218342868022 0.0639047408543747 0.0615842249928817 0.0615597383711993 0.0608490133986717 0.061883421904434 0.0644112860306 0.0663098934429916 0.0640482167560338 0.0597393001650762 0.053200305693669 0.0454502981995205 0.0375826585473947 0.0307996129734787 0.0272270582159549
-9999 -9999 -9999 -9999 -9999 0.0461327275911577 0.103227488852006 0.114737638307434 0.0279271428431901 -0.05102846104837 -0.00869945552313567 0.0102379095806421 0.0264733287737131 0.0497877710792229 0.07374693411439 0.101985733062023 0.0911098664024527 0.0985327820723763 0.108274314497206 0.111522628445032 0.109985224128563 0.107911859552994 0.107750804702967 0.103735208398401 0.0967795337998489 0.0896423452065413 0.0850564196094791 0.0798923617797841 0.0752583954480698 0.076284365468355 0.0757995096386967 0.0765557334925476 0.0804974831384428 0.0822522148606843 0.0862821571300331 0.0876976984336653 0.0826275465032938 0.0773034880083741 0.0720807949736255 0.0655651964180249 0.0618606041917975 0.0591063975820934 0.0580304644012797 0.0544116006181217 0.0509667513493477 0.0451861132037956 0.0467102486279127 0.0540627868041618 0.0548804608472254 0.050747384985482 0.0461070648272946 0.0427616776324015 0.0372000347324692 0.028654663541527 0.0220874807994511 0.0222817896701031
-9999 -9999 -9999 -9999 -9999 0.0646667873260139 0.123319550747471 0.106557897852817 -0.00289224147709677 -0.0447878639275563 0.00905277343568001 0.0255517495965237 0.0378855536281925 0.0770435906301652 0.127172523384895 0.13893567271787 0.105790309924903 0.0974341607373506 0.102762358724915 0.098890098631073 0.0959432647014259 0.0938248324311042 0.0923549202990463 0.0863832376959454 0.0755544800146026 0.064880859635003 0.0559556312917207 0.0482709789923092 0.0407990552731239 0.0372077218018287 0.0380412628633102 0.0414748916146098 0.0449005528736792 0.0470526024206765 0.0522077070440459 0.0576134098357394 0.0567473334777995 0.0561311559271815 0.0531191609973395 0.0497171508431913 0.0479263123249835 0.0431470154929904 0.0398086473207998 0.0362446851712834 0.0340137117190621 0.0359158154505723 0.0375914734576449 0.0415088637140543 0.0421793143154804 0.0419874804765993 0.0434335497929213 0.042925677005429 0.0425961203461139 0.0399998925970488 0.0369483571743798 0.0338945207747589
-9999 -9999 -9999 -9999 -9999 -9999 0.166716817802512 0.110632412213902 -0.0146462492084622 -0.0180516152184358 0.0421056796178995 0.0317670569190198 0.0859380316832399 0.150407884819399 0.138656097346483 0.165478176601589 0.115655500366179 0.103552694536581 0.0968241613651449 0.0914449234845707 0.0933464229824649 0.0851345558144957 0.0823941849749885 0.0722738601183738 0.0575127754526149 0.0480949026866495 0.0384716342079169 0.0367576097046896 0.0312968959424734 0.0275584022258434 0.0302520236774562 0.0237520555633173 0.0241901993447994 0.0180397024979426 0.0164659132965793 0.017409373364014 0.0133549647450704 0.0145755865161987 0.011592147711836 0.011842452650025 0.0151941959502861 0.0133663365656762 0.0175272706444649 0.0201227733732725 0.0240277542332 0.030047789186729 0.0332704087206191 0.0395185382338633 0.0432038100916783 0.0500669437903578 0.0538471825868101 0.0609322369348783 0.0666965422472499 0.0708743552668825 0.0788567390351695 0.0829932679094338
-9999 -9999 -9999 -9999 -9999 -9999 0.18423336666143 0.175366873230465 0.0367213169620701 0.0111783727132946 0.0363117016260022 0.0351707397253165 0.0270577525144726 0.037507717432091 0.0690473269378228 0.091010373247952 0.104078631665652 0.113959247051091 0.11194438222024 0.0989436561674646 0.097458904825404 0.105298471613641 0.116930120598793 0.114369689920226 0.0982764189451266 0.0879040940109157 0.0938658004635714 0.114044481404693 0.111531740089295 0.0955673533811188 0.0760121408817508 0.0702340463334162 0.0601381320132036 0.0410588700134468 0.0199449073032458 0.00235240427058159 -0.00490795135144206 -0.00927794620894229 -0.0147701276287286 -0.0161556378543691 -0.0120940118975003 -0.00554753824933929 0.00391156664975828 0.0104101938861052 0.0189804197632092 0.0285760283178469 0.0394039306226026 0.0519522763875559 0.0649579268995784 0.081638707525909 0.0940610111917898 0.100359344011446 0.102654047110205 0.108803076323919 0.123702877155437 0.132265631606214
-9999 -9999 -9999 -9999 -9999 -9999 0.105644979124187 0.21365780575818 0.0618892122139966 0.00235615330574673 0.0293340426080778 0.0212712783157439 0.0619531335363266 0.0857121785830496 0.0885748725933989 0.0953794007492795 0.0985646357561325 0.114416433589307 0.117342168596915 0.104648672289329 0.110547486543668 0.135411200826412 0.174883475243315 0.18899704899421 0.16923899792667 0.16306872324522 0.182320617529428 0.234214846085049 0.238941394370459 0.212604175023881 0.186704422727553 0.1818858808703 0.171471265989978 0.150627970371872 0.115044050695699 0.0752936213597172 0.0603683810818275 0.0407358449371437 0.0234623865768533 0.00285420313969087 -0.00623158716343919 -0.00238393105198409 0.00625943811377871 0.0153513671489376 0.0279494663848899 0.0396612938430826 0.0592893325690874 0.0842710660683797 0.107105598620253 0.13296936308367 0.149986118639913 0.146724621553444 0.14053949253296 0.142725011251213 0.1520568220501 0.150267213421452
-9999 -9999 -9999 -9999 -9999 -9999 -9999 -9999 0.108887668708193 -0.00510036086984889 0.01915120535176 0.0159023307766024 0.0828138416705142 0.102958202764146 0.105896437776659 0.105591540744147 0.104242974421133 0.10983747414131 0.11250692851316 0.112722018457223 0.133629629847859 0.193414562149596 0.255128003144307 0.273068955837611 0.247475169567901 0.250332853178274 0.278830233042925 0.324089493920721 0.336445554026136 0.330270827502302 0.328142061678105 0.33180125633424 0.346417049748119 0.332468138482872 0.29465260689821 0.253569335737455 0.220286269652749 0.184022487731365 0.145708241121316 0.101475812829533 0.0663043828872513 0.053798811234195 0.050027524413424 0.0534547029923464 0.0600075991351173 0.0755657506347779 0.100941261865558 0.132522022617813 0.162207560619481 0.186100850242383 0.193975223402021 0.189068664936897 0.176837998542183 0.168741128754211 0.162726548154424 0.151934909177631
-9999 -9999 -9999 -9999 -9999 -9999 -9999 -9999 0.128673562740301 0.0429399084972037 0.00787974251912443 0.0132347714201506 0.0997254130368578 0.11426046776874 0.113550930759152 0.111349911566177 0.105260641942839 0.110126600796422 0.114076966008514 0.117643409477808 0.163618803085537 0.232373778316744 0.304295524783442 0.331747751614036 0.318727420685156 0.312009736720882 0.329588403402063 0.38440457336524 0.396999338530816 0.404290983292607 0.425469881334533 0.445338799396229 0.478883581441489 0.49787112870226 0.485149711846712 0.464164843395277 0.441644396637466 0.393291370408331 0.345235206917893 0.28216854196097 0.217022176146531 0.188459230899337 0.164602973828134 0.153406822362517 0.144353310634907 0.150859372605794 0.180529043080625 0.213027723692239 0.23945913522384 0.255822518456169 0.251991220132087 0.239482132481772 0.21735432579646 0.195099957834822 0.172102572362397 0.150409370589903
-9999 -9999 -9999 -9999 -9999 -9999 -9999 -9999 -9999 0.107224527275709 0.0192944270058399 0.0273470351146677 0.113369123487855 0.119021896302609 0.117791810890765 0.11356755142974 0.104548979220904 0.109343219840887 0.120046523843023 0.140567742523403 0.20144055534183 0.276115371870549 0.312533634817201 0.346467116805108 0.372158354517301 0.379364545825379 0.407618539387344 0.433187242504062 0.444734083799011 0.46122390396649 0.476328346719124 0.506189811169965 0.544902318323712 0.578836162150831 0.599657896904223 0.611555717584525 0.605885693470356 0.598695752164079 0.558046527769752 0.486749678636784 0.419959599864862 0.3654529521692 0.334936677490658 0.297286102695269 0.255018409455535 0.247285910769999 0.27661606386156 0.314734095194751 0.331455020428304 0.328214092139653 0.311002515198925 0.288985190746787 0.263227023121063 0.231940223830297 0.188073712900125 0.157100032200957
-9999 -9999 -9999 -9999 -9999 -9999 -9999 -9999 -9999 -9999 0.0898468275550932 0.0837092042578325 0.115346926448323 0.118725735289977 0.120270771215715 0.118783143132709 0.103081484802777 0.119486314302337 0.139809616231386 0.176515830645082 0.237487203824984 0.288639372734986 0.329724351997705 0.34925538346568 0.381161852619004 0.402842415312979 0.424227676573041 0.4565468991923 0.470384363983463 0.487348610411565 0.509913452424037 0.538608872383236 0.577966464322137 0.619167316384063 0.657537761438484 0.69282698404413 0.71339128717277 0.719058339456065 0.71415275102752 0.68325650584784 0.638844497802739 0.583401268475058 0.522426059081735 0.468685259199326 0.41410953907925 0.391700788171308 0.413149924779022 0.434479633933049 0.429934054722407 0.405863588585898 0.36378245627719 0.326779026266585 0.287788759584343 0.253471066150837 0.213290601468998 0.181573730240246
-9999 -9999 -9999 -9999 -9999 -9999 -9999 -9999 -9999 -9999 -9999 0.120053357101089 0.112560548230293 0.114401619639089 0.118669747529955 0.125995343475824 0.111832104147755 0.172782439734646 0.212437723915033 0.202912421934188 0.250287846199612 0.279888257491825 0.326713032451867 0.367893581161836 0.378977283622588 0.413160791721018 0.427822363790677 0.453044817464898 0.464800872876292 0.491055333591527 0.512884001970469 0.539054972730893 0.579165797711378 0.61419074762905 0.659178581225597 0.694932083228028 0.732610243731918 0.76480354882564 0.78431820110554 0.788491749426115 0.779926691743011 0.74430557486734 0.714074536391627 0.662196938083948 0.587669648361975 0.563859418027648 0.563503581041147 0.563627157178919 0.53292958392287 0.478223136895364 0.410184684751125 0.35317438791377 0.296685510731888 0.264327562219393 0.244277439805997 0.219426951270938
