meets/meet004/_saidas_enm/CCSM_Gower_6k_Aralia_warmingiana1.asc
NCOLS 154 
NROWS 168 
XLLCORNER -112 
YLLCORNER -55.5 
CELLSIZE 0.5 
NODATA_value -9999 
[rows 54 to 80 of 168, columns 60 to 119 of 154]
-9999 -9999 -9999 -9999 -9999 -9999 0 0 0 0 0 0 0 0 0 0 0 0 0 0 0 0 0 0 0 0 0 0 0 0 0 0 0 0 0 0 0 0 0 0 0 0.105757307014684 0.294012470118658 0.527445887360161 0.495307161570317 0.418303548605756 0.362206846807446 0.283400250966093 0.208847683916538 0.151594132305537 0.0864856284716271 0.26839981348762 0.449629700731639 0.574053737337607 0.634067388947419 0.623627763925751 0.617789369362868 0.633948657193724 0.629944316310011 0.542377177992324
-9999 -9999 -9999 -9999 0 0 0 0 0 0 0 0 0 0 0 0 0 0 0 0 0 0 0 0 0 0 0 0 0 0 0 0 0 0 0 0 0 0 0 0 0.141456911876411 0.373898939780393 0.470416338456188 0.388405577323496 0.314975815131194 0.243530972990723 0.174227850694509 0.112983621621979 0.0474058159510091 0 0 0.183952035867127 0.409163562355443 0.558632965813064 0.628153788128799 0.669429167979498 0.670326699712879 0.680038382399938 0.629103916196333 0.540504877944047
-9999 -9999 -9999 -9999 0 0 0 0 0 0 0 0 0 0 0 0 0 0 0 0 0 0 0 0 0 0 0 0 0 0 0 0 0 0 0 0 0 0 0.0117254041224787 0.147855083517673 0.313538837823213 0.301597149745833 0.206476912199529 0.123998641348595 0.0470108287215524 0 0 0 0 0 0 0.0743239920368207 0.329052563817908 0.517683143581177 0.607739937629281 0.659071037593743 0.683951736296969 0.686116952515627 0.643961936569426 0.521957809463141
-9999 -9999 -9999 0 0 0 0 0.134679754345154 0.183639736076983 0 0 0 0 0 0 0 0 0 0 0 0 0 0 0 0 0 0 0 0 0 0 0 0 0 0 0 0 0 0.0801195951979735 0.107965349592064 0.0343984691015864 0 0 0 0 0 0 0 0 0 0 0 0.237935235739392 0.462343479430818 0.560599060664102 0.629764309109087 0.664074421251929 0.671650078649626 0.639812213433034 0.515532122390307
-9999 -9999 -9999 0 0 0 0.245202372989597 0.312424879745057 0.285169594072342 0.0758543978829117 0 0 0 0 0 0 0 0 0 0 0 0 0 0 0 0 0 0 0 0 0 0 0 0 0 0 0 0 0 0 0 0 0 0 0 0 0 0 0 0 0 0 0.126183117542433 0.372878267516426 0.493821134524572 0.562968978738716 0.609448614229807 0.625806934305261 0.627715246759224 0.519109545395042
-9999 -9999 0 0 0 0.126129841773511 0.431952473992459 0.379126871778923 0.150651651926455 0.023108454783391 0 0 0 0 0 0 0 0 0 0 0 0 0 0 0 0 0 0 0 0 0 0 0 0 0 0 0 0 0 0 0 0 0 0 0 0 0 0 0 0 0 0 0 0.247578149914196 0.382486569408237 0.484655687461922 0.529013401249794 0.556225800298495 0.559187700817385 0.48896216354053
-9999 -9999 0 0 0.101120685796047 0.399925889723103 0.565035548890417 0.415964198046071 0.138879216218763 0.0606061514082481 0 0 0 0 0 0 0 0 0 0 0 0 0 0 0 0 0 0 0 0 0 0 0 0 0 0 0 0 0 0 0 0 0 0 0 0 0 0 0 0 0 0 0 0.0729795423777937 0.211647121971702 0.318773240679341 0.386569875022936 0.41324931755267 0.42763155887254 0.335628292982769
-9999 -9999 0 0.0326082166309624 0.385352209817178 0.545097431707627 0.642676936116362 0.496258813276112 0.219364771867889 0.266078470467187 0.0856752109724871 0 0 0 0 0 0 0 0 0 0 0 0 0 0 0 0 0 0 0 0 0 0 0 0 0 0 0 0 0 0 0 0 0 0 0 0 0 0 0 0 0 0 0 0.015311067541003 0.129290248613327 0.191332002373168 0.229936744342893 0.235348306921726 0.214077811462987
-9999 -9999 -9999 0.0879892046104319 0.448947421131121 0.660914682480076 0.647351598021224 0.542834517817076 0.346070832850424 0.348301669638102 0.21060162742363 0.0978839283319808 0.0392991611701552 0 0 0 0 0 0 0 0 0 0 0 0 0 0 0 0 0 0 0 0 0 0 0 0 0 0 0 0.0021800326802941 0.0385114772299693 0.0804950736588936 0.0997148163015115 0.113628020890655 0.133672095773099 0.142630738686563 0.155987177556866 0.155660990723261 0.156701140727636 0.154180212782933 0.133936353767033 0.111928540828862 0.0748007592682527 0.0450254579889545 0.00739630732909902 0 0 0 0
-9999 -9999 -9999 -9999 0.430088976451896 0.700291236251664 0.649192734758744 0.568334235575452 0.403511380757708 0.367570541786575 0.250481848988476 0.159702823103037 0.125673519542573 0.0690314515977921 0.0409949933687892 0.0138819535230845 0 0 0 0 0 0 0 0 0 0 0 0 0 0 0 0 0 0 0 0 0 0.00937378849719095 0.0710992810045807 0.118188443677147 0.161787110311053 0.208952708441897 0.227263030315662 0.257249228985946 0.239323309030815 0.197030423103957 0.201763494234683 0.248694814883681 0.30558367034004 0.307425841235155 0.294133367221169 0.295241129945019 0.26131193053635 0.244572310671475 0.213172268108123 0.176996409163865 0.153811693769883 0.118455670862024 0.0958887168522572 0.0158421273063835
-9999 -9999 0.042497110870463 0.315351924687663 0.591094943846873 0.665450824191401 0.634369968532352 0.565228327011732 0.393121387036229 0.402536699319354 0.317592351024264 0.236693265584915 0.190319847597685 0.152547242598266 0.132503846388037 0.120835350151863 0.107405105678118 0.107180889344902 0.104859830367682 0.110872526861449 0.123001841531989 0.124951072969108 0.129757599267768 0.12729622480998 0.126785863303878 0.121937938000069 0.10849310207369 0.0972518299972123 0.078212020325745 0.0672541787332908 0.0618795189561793 0.0513700251961302 0.0592164091823163 0.0654875949561845 0.0812763102130317 0.121017912977849 0.155373403371917 0.206142666133365 0.251503081004842 0.290836462431999 0.336940537685804 0.362062196369952 0.330764252652589 0.271214944923278 0.2235552991386 0.182355943166459 0.171974287454547 0.206296036235322 0.2593728868357 0.337450842222346 0.409679084603282 0.433583970185908 0.424722048667415 0.404891861575406 0.391176352081805 0.354389387811604 0.278466879757772 0.173970078100081 0.0642374111668748 0
-9999 0.0752943663042254 0.312337176648181 0.393460327125129 0.584577095112509 0.590668844902183 0.652949815813369 0.536308774629438 0.34584153758733 0.374116978730571 0.321108636607115 0.273635345460541 0.239878783296706 0.217593817592505 0.208761577379189 0.184028556159431 0.192831952803586 0.192728709792794 0.212063911546084 0.225940298167533 0.232555485920664 0.249867565799366 0.253046551291082 0.268221577197008 0.275733884785084 0.264070733092608 0.264913559150308 0.252287032247842 0.24535057803467 0.238279152884628 0.222436483186643 0.221984232988999 0.220710959078579 0.234892663363003 0.248315018272242 0.277098609776551 0.311447313448464 0.343985871070434 0.39261952733969 0.388433394783775 0.336579361597298 0.285409641777111 0.267983877858226 0.247353812067235 0.212666275544535 0.161964506969325 0.131734636383572 0.180308961817753 0.214089990678105 0.285601763530713 0.359854240128005 0.391344641594437 0.398734759549747 0.394228163478862 0.371669660645607 0.300448600480704 0.230366205627486 0.142334253038665 0.0306775539580182 0
-9999 0.155472818033257 0.433124002769608 0.379241936310948 0.517508230657694 0.480760537993391 0.505299300149167 0.452091542798586 0.353731796040613 0.340047037838721 0.379260320759259 0.329485933142431 0.288810371366467 0.259566894602088 0.250055303500995 0.260163786815675 0.263169032220207 0.270936859897442 0.288487068889779 0.304146157753454 0.329891307238061 0.346645656410866 0.362300747471021 0.374820786461164 0.383439605471192 0.390039077720832 0.389466098098591 0.387180860289248 0.380045968682798 0.37517181906041 0.372138345133411 0.366638661209089 0.370541217325127 0.373699842650377 0.383132294208584 0.407243460802327 0.429480622532344 0.462452819887297 0.416134482766885 0.358391882536743 0.312310464015507 0.270232317553791 0.248325480042847 0.231162714256028 0.208967117600121 0.169832252796777 0.157119706510401 0.17115174281076 0.204037269443613 0.25468900996142 0.303449370300852 0.310994566465069 0.307773422348052 0.290929104545774 0.261534593614768 0.217924580200568 0.160867200226826 0.0940141115016209 0.0153708035603469 0
-9999 -9999 0.446836007673555 0.499991740159273 0.48054833564991 0.394356663153585 0.36556634991958 0.407358955272415 0.361361074794447 0.363787852478932 0.404785119161002 0.360107782572361 0.342380996855065 0.308772920749017 0.308179676398589 0.321796555731613 0.316068307730194 0.337272344773693 0.356702783326483 0.380589553314702 0.408041579327827 0.425476817005146 0.448820373510329 0.465948745303681 0.482880185507733 0.495769803936263 0.49727883690969 0.50317387391021 0.498404976804627 0.498797244043095 0.498576744500685 0.491920926550774 0.497187783488145 0.497398495304696 0.503147819259685 0.521781167899551 0.533291533509499 0.483079037837528 0.414843848583813 0.361469997127749 0.318716735756578 0.274470474151948 0.259686351569425 0.240970601246119 0.206395675449648 0.170985816420376 0.167275402163046 0.169390755190203 0.188317620006887 0.220875879764234 0.238507851695159 0.24378532903787 0.228313135972884 0.203761677343786 0.16874069061107 0.121911994638725 0.0649113600747588 0.00115309862974089 0 0
-9999 -9999 0.296190314047697 0.448926851267419 0.387905545151572 0.377190369056979 0.338224765847846 0.37568285692726 0.39605761710526 0.412091192602184 0.398245927716127 0.378130543605416 0.356890650965083 0.333435413152543 0.352271424907735 0.357177668302942 0.364414143354532 0.376248373466597 0.402041215580728 0.426867363353565 0.456847432765402 0.48340929533379 0.507213378656372 0.531278846220225 0.548267308145701 0.563584489370153 0.573859414394636 0.580225346521285 0.583816476924408 0.585612108402553 0.586703286074135 0.585867936015059 0.587502714224926 0.570546413738705 0.548203883302886 0.536736827195585 0.525058076842262 0.505014674375712 0.448195768845889 0.398273670706387 0.357535000937984 0.320852850634162 0.298028110775591 0.254717359193948 0.206804654818911 0.170746098645324 0.151655391940647 0.157334410256752 0.165542763775017 0.181633871537954 0.192557497871723 0.18345640776811 0.161436079437614 0.129187844440103 0.0906842701270657 0.0444375384942463 0 0 0 0
-9999 -9999 0.0311254317190823 0.320963835342655 0.30804117121519 0.380056142945168 0.399409080050729 0.427481490661012 0.444736584559507 0.477663384339717 0.420432954273522 0.332398164762404 0.333808539080668 0.335815081082974 0.409896507139743 0.411622943213598 0.402631564969986 0.427554137218699 0.448984643999255 0.481479321220788 0.518122212691885 0.534348263264015 0.566062040616454 0.588008934770088 0.610915778959874 0.636397203314279 0.641351576764461 0.637122514856248 0.62211413672001 0.608254019754412 0.592148541953112 0.574703536858588 0.547391891452456 0.515874788527232 0.499885912578471 0.496970345139399 0.493957092706993 0.481186688451106 0.462627581968888 0.450363106654423 0.412966326943472 0.375093559480202 0.343893622214792 0.2699800857064 0.219544716536858 0.178998643614294 0.151972653204672 0.157611649074856 0.157317734237618 0.166797217314377 0.16914603460941 0.137438471554614 0.107909352220054 0.0691172572961253 0.0286027189407627 0 0 0 0 0
-9999 -9999 -9999 -9999 0.294165055693735 0.397107372509749 0.548810786174246 0.448797181468586 0.344961305386712 0.362773092944298 0.488661422963233 0.418601927372601 0.356417052021676 0.320774145625005 0.419447401542699 0.449211935565948 0.452641351105207 0.465448065480904 0.491379717271624 0.521264348403147 0.548520882354367 0.576543483475281 0.601837013715319 0.631386826150997 0.641171655004085 0.640523805087277 0.625305848613431 0.602779191475719 0.580300920849777 0.558778407598595 0.541708808356687 0.51676054570605 0.496750703728007 0.474879166607606 0.462999509308137 0.461584288521813 0.458558737525295 0.454858094372927 0.446620479652338 0.443886915328347 0.443215549220521 0.437418934550518 0.375725224438373 0.309793664488501 0.262972822466267 0.228164133926777 0.200794200622516 0.199647724307049 0.19506473734853 0.193091130484013 0.160969678809321 0.115660930662291 0.0753553656995504 0.0301980682009866 0 0 0 0 0 0
-9999 -9999 -9999 -9999 0.000467891713922253 0.448655449056012 0.572238270772434 0.371169604299231 0.196315517752927 0.194275592574139 0.343017085471302 0.471184468153163 0.43073956789933 0.369766622238972 0.476147534200431 0.51882844536195 0.499455503070923 0.518697689615794 0.537150103182567 0.5663958757678 0.599082558902942 0.616415940075598 0.645361933069176 0.64486326595295 0.637700129088035 0.637768999234358 0.612651720506584 0.58316309897134 0.557003662262252 0.530393373742107 0.505362864443976 0.474051983945996 0.455592464565544 0.439383816923992 0.433113216829105 0.433167413891291 0.433551196837893 0.439471887150043 0.437715902335226 0.441920239434283 0.447099784921043 0.440049085862321 0.41440405223096 0.360956524992767 0.323528867648273 0.290223939134198 0.271003159480275 0.276911473059474 0.254949275854724 0.209961307695377 0.157698785291953 0.104575365062136 0.0602736536050307 0.0125078810370055 0 0 0 0 0 0
-9999 -9999 -9999 -9999 -9999 0.479229026823163 0.646426910580485 0.359162757323392 0.0887052724759647 0.0385957532585989 0.192926479165341 0.476053903594115 0.513891985146771 0.50689436137934 0.53479335120478 0.548325764092393 0.548732437209061 0.556471620146885 0.579193486391981 0.608706647876955 0.625931733112088 0.651231609997766 0.658679002293732 0.643331439903368 0.635234492296696 0.626410882415722 0.590905071135729 0.566993770256152 0.542297810563758 0.522047521234826 0.498223469808484 0.454516991612796 0.438598298253937 0.421618697402793 0.414381018479531 0.421904248174184 0.423040015358614 0.434745225864172 0.442324346279205 0.448066186286142 0.458863257268451 0.454485828302039 0.42716339559603 0.389021848294919 0.36581925217226 0.363225714296435 0.355003093305 0.313810719369851 0.271441979405562 0.221624821407426 0.161787564133325 0.104407719947411 0.0610126394894157 0.0197251716483868 0 0 0 0 0 0
-9999 -9999 -9999 -9999 -9999 -9999 0.631908729576131 0.39378022943141 0.0411924572103934 0 0.0921884193380299 0.371973345998596 0.576090681856461 0.586725091070123 0.59782062845962 0.605768076715474 0.601478788781226 0.611321789310707 0.623079387785807 0.630033726837102 0.649255555781796 0.66418326693852 0.657026118781981 0.641812019035423 0.633641709751146 0.602310530197352 0.565820351747272 0.544020677846826 0.522805029403991 0.500788749648761 0.478935477980567 0.454945148404063 0.441889414855165 0.427289403765612 0.420541192060214 0.422389311880746 0.422933653624074 0.437784664857874 0.450321461536345 0.458248459344282 0.465528140990739 0.459010944262907 0.429030484388328 0.381747351848162 0.353173409962421 0.341982550422028 0.331980274145417 0.336748820492244 0.28828500165054 0.236438482696407 0.17800612775931 0.122774965356798 0.0841371713073961 0.0471544517097858 0.0170287282382001 0 0 0 0 0
-9999 -9999 -9999 -9999 -9999 -9999 -9999 0.435423549918868 0.0634528854908768 0 0.0309133240833455 0.281575333017814 0.621526858816126 0.626290355705682 0.643045836882533 0.649754861673718 0.641271415236656 0.648429351211207 0.637776020433687 0.632961210624373 0.648653033222337 0.658743099984262 0.653421344104567 0.638952017464795 0.613227082251129 0.590271160930255 0.554321767541296 0.532690339040145 0.507254537336356 0.480629136173871 0.4646630203856 0.439241549635754 0.430488724092762 0.421089937314844 0.418814338166322 0.429366844905518 0.432867975122715 0.447418192661384 0.460713748210455 0.465280189431239 0.469030964866129 0.453394096230636 0.432678962868342 0.398643494434796 0.36210133370632 0.337586334877811 0.310849673400165 0.300982055978061 0.293327346295047 0.255845801506889 0.205350289706046 0.158148861898256 0.123902229764237 0.0949532609889818 0.0691636382474945 0.0453963804525797 0.0234899316088256 0.00116294486522706 0 0
-9999 -9999 -9999 -9999 -9999 -9999 -9999 0.288646290439772 0.130872623680516 0 0.00434729965717207 0.20592186227043 0.5268362470681 0.661664159295376 0.663159671774912 0.664883391438392 0.664008646888286 0.655376341679062 0.634260628770415 0.626711210024246 0.635241463703046 0.642065605433172 0.646572712324555 0.634432568744804 0.607422029709162 0.581354532583691 0.548790305938247 0.521675059741838 0.491442453246696 0.461924375087028 0.443422514251743 0.423855681144509 0.413773672651412 0.399382658982913 0.389340360260379 0.3905743856763 0.391392761315304 0.408488442893389 0.425571695625964 0.44978897540037 0.4715978732239 0.458816173570678 0.444850945571975 0.417085451882597 0.383558784426599 0.351475374314094 0.315444333572078 0.296819721602199 0.283539773764786 0.293336897789339 0.250276200670684 0.2089484409976 0.164145313371583 0.102056325130678 0.0526477818393148 0.0184548553063509 0 0 0 0.00817950921641886
-9999 -9999 -9999 -9999 -9999 -9999 -9999 0.253746575437499 0.219382539498669 0.0260329260042037 0.0213812395497038 0.115700886916303 0.360291372193321 0.677745174726556 0.682601751587143 0.677494836150552 0.665160841973796 0.657501462028453 0.642923630455859 0.629915970151719 0.628876412830073 0.626717253299232 0.632344682551746 0.63389708538689 0.618307392395902 0.592439642712121 0.559843197476585 0.530955433755765 0.48625919474005 0.45401770117741 0.446695339344482 0.418283884420179 0.411725362432431 0.392827732761791 0.374174354658905 0.377292353336496 0.354939817289196 0.354634229238565 0.351754280734112 0.372477569712014 0.432696915645191 0.469341243047142 0.466546029564914 0.443298199740354 0.413266930119976 0.3782879116788 0.336910122301924 0.320268289007085 0.304704977249741 0.290415296453761 0.204731825640547 0.10587721801477 0.0537963426571736 0 0 0 0 0 0 0
-9999 -9999 -9999 -9999 -9999 -9999 -9999 -9999 0.352317606614409 0.153918200146741 0.071528059864954 0.0936059751282667 0.210283010815721 0.422193627803257 0.549868255587803 0.681991067683023 0.682913145283739 0.669651229337761 0.657297442985331 0.639038698828524 0.629616771027884 0.623911691393003 0.626433447423004 0.630942085568262 0.613294003631781 0.603681698923561 0.58308198577202 0.552505462438518 0.516212191295618 0.485532615375123 0.465110823611909 0.438875719466 0.423153151725926 0.404937024055991 0.381932872561028 0.373365567730902 0.346753142595806 0.317410853128463 0.287914727384608 0.29627066367221 0.356627847326042 0.409546301800927 0.433403171111798 0.429424090552451 0.412803883969927 0.383436632586442 0.34194669698089 0.319284403878175 0.278953034701962 0.204789357906559 0.124548105937747 0.0390401502259183 0 0 0 0 0 0 0 0.058602371371611
-9999 -9999 -9999 -9999 -9999 -9999 -9999 -9999 0.293961587839956 0.301233011602809 0.16060068612917 0.0613253540638462 0.0190710810348671 0.0984740535787495 0.239360300287526 0.446941708507776 0.679493496095933 0.685907825089306 0.668362781506191 0.647062925747823 0.634487308594418 0.622775669719695 0.626047475992295 0.627165991054809 0.59853162360272 0.58576155852086 0.575409142139769 0.564290035627682 0.558278071100912 0.542025235819756 0.514546152759006 0.479886975153565 0.458288768409283 0.433455335784152 0.408429842319901 0.401611825840659 0.369432945518612 0.312097039631393 0.243286364978025 0.232958072527342 0.299071817986254 0.333949295104671 0.364518522679803 0.387303801423632 0.375452571525531 0.347727855914192 0.295433110611201 0.253994453764486 0.201578390422295 0.137780944021105 0.0731142601225521 0.00369616147222562 0 0 0 0 0 0 0.0725226783437711 0.168547782422976
-9999 -9999 -9999 -9999 -9999 -9999 -9999 -9999 -9999 0.336458617693327 0.221515318174943 0 0 0 0 0 0.284979771141224 0.585535854969356 0.676642368300294 0.650253852956881 0.633077401137782 0.624725595107153 0.630602394970881 0.611117108137138 0.57257378102978 0.562139369249842 0.553400781446594 0.542697840260729 0.537503398592003 0.538622823646341 0.548462050496105 0.522817015292743 0.491118234955938 0.463368388062638 0.432714529690401 0.414742445137982 0.383251528774054 0.330006250380422 0.268200337564317 0.23952175365851 0.245975373063393 0.258438612863714 0.294342082059355 0.322967302703933 0.314814396949289 0.284570351747272 0.233851907152928 0.194686191714186 0.146522513251182 0.0949285776523 0.0449334553878967 0 0 0 0 0 0 0 0.0699233038612489 0.181965307418244
-9999 -9999 -9999 -9999 -9999 -9999 -9999 -9999 -9999 0.0950283537019506 0.296909962649852 0 0 0 0 0 0 0.224487355263577 0.309874038955594 0.374758010139291 0.443859797671521 0.638698751107714 0.647703212833031 0.60508476774306 0.536882576286449 0.529361321790069 0.529440002011065 0.498164307600367 0.510425760235159 0.511338781603555 0.524137043520685 0.540414566768851 0.536598103561414 0.498831154368242 0.463363307088059 0.443343589779935 0.412453635455551 0.374145588525898 0.309711535094265 0.248886172203244 0.218931872833681 0.190711462553582 0.237606512860963 0.280122440543738 0.27324024744711 0.236426684507228 0.187194490118208 0.151579932954065 0.111177273796054 0.0741627648256064 0.0391506288526816 0 0 0 0 0 0 0.0284379541609586 0.0631224063578991 0.166915200149751
