meets/meet004/_saidas_enm/CCSM_SVM_21k_Cavanillesia_umbellata3.asc
NCOLS 154 
NROWS 168 
XLLCORNER -112 
YLLCORNER -55.5 
CELLSIZE 0.5 
NODATA_value -9999 
[rows 96 to 119 of 168, columns 56 to 111 of 154]
-9999 -9999 -9999 -9999 -9999 -9999 -9999 -9999 -9999 -9999 -9999 -9999 -9999 -9999 -9999 -9999 -9999 -9999 -9999 -9999 -9999 -9999 -9999 -9999 -9999 -9999 -9999 -9999 0.05106336200368 0.0083030848119458 0.00166577665190554 0.0206580634865346 0.0293844447723923 0.0308128245647917 0.0269352394875447 0.0195868094382878 0.0130039811467725 0.0182749282338657 0.0422578177687679 0.0401601177006546 -0.0187987781273546 -0.0345816857651789 0.0492934411902755 0.106440312799938 0.13393562893803 0.196309989860186 0.266851265305648 0.327386783294902 0.296378522627119 0.186015261877958 0.134754927114111 0.16720367240836 0.253643914558588 0.270297220164632 0.217440239593617 0.132264756123298
-9999 -9999 -9999 -9999 -9999 -9999 -9999 -9999 -9999 -9999 -9999 -9999 -9999 -9999 -9999 -9999 -9999 -9999 -9999 -9999 -9999 -9999 -9999 -9999 -9999 -9999 -9999 -9999 0.0554792246465837 0.0101573159837103 -0.00348866951619453 0.021123208397639 0.0315479294589852 0.0329327414780289 0.0280496391326533 0.0197867499321219 0.0111439094468509 0.0152073668349803 0.0352924543407274 0.022519004719935 -0.0351850631234248 -0.0563743945213502 0.00667224716393638 0.0492892234057165 0.0426590237574395 0.0368243043618472 0.132594122421562 0.32563031240849 0.349266508624147 0.21155214377331 0.110474636605895 0.180751476096666 0.265733304005551 0.26813960519559 0.183902129559541 0.0990310168721614
-9999 -9999 -9999 -9999 -9999 -9999 -9999 -9999 -9999 -9999 -9999 -9999 -9999 -9999 -9999 -9999 -9999 -9999 -9999 -9999 -9999 -9999 -9999 -9999 -9999 -9999 -9999 -9999 0.0576984009068584 0.00851040149445276 2.3946515512574e-05 0.0228967148722837 0.0316881706398779 0.0329367474393156 0.0287390644340006 0.019891068691226 0.0101076352803378 0.0122982882823892 0.0289257880457701 0.0145585101747853 -0.0479233643712892 -0.0780162429565452 -0.0187127583338375 0.0167622325647376 0.00669249691042628 -0.00073943750168376 0.0353693459004633 0.136504317024357 0.206733818865799 0.22558514445161 0.2276658608188 0.237125474123555 0.248503792555925 0.217381322351718 0.147420734725041 0.0682798803173168
-9999 -9999 -9999 -9999 -9999 -9999 -9999 -9999 -9999 -9999 -9999 -9999 -9999 -9999 -9999 -9999 -9999 -9999 -9999 -9999 -9999 -9999 -9999 -9999 -9999 -9999 -9999 -9999 0.0593870239958243 0.00506228412148046 0.00277914935496087 0.0243275037633365 0.0319843478965244 0.0329722224163937 0.0287137114711123 0.0211201012857727 0.00895562695453433 0.0118950858333248 0.0303561798107492 0.00456001868198147 -0.0664412140494191 -0.087154226957912 -0.0325063346734334 -0.00643899286787891 -0.0163150706379274 -0.0250955230177585 -0.0026175040470709 0.0579061401624509 0.129587610811517 0.244342704236411 0.369072213980375 0.260069005798838 0.21651366226775 0.17088898598702 0.107294834047491 0.0474459024542087
-9999 -9999 -9999 -9999 -9999 -9999 -9999 -9999 -9999 -9999 -9999 -9999 -9999 -9999 -9999 -9999 -9999 -9999 -9999 -9999 -9999 -9999 -9999 -9999 -9999 -9999 -9999 -9999 0.0598974694714752 0.00793500398244346 0.0122919782842512 0.0260249545039811 0.0311711036286122 0.0316657344099083 0.027593428518797 0.0185178886191215 0.00706369324447759 0.011033398126731 0.0256166790281062 -0.0131270049789999 -0.0850523647209093 -0.0950828476366928 -0.0425275198634172 -0.0240661116453504 -0.0289908301917522 -0.0336401928243732 -0.00846301563501989 0.106900007676271 0.206671099449198 0.217488070158751 0.196424659940822 0.182223630004812 0.164931005793829 0.127903861340215 0.0806464494244915 0.0304762590411752
-9999 -9999 -9999 -9999 -9999 -9999 -9999 -9999 -9999 -9999 -9999 -9999 -9999 -9999 -9999 -9999 -9999 -9999 -9999 -9999 -9999 -9999 -9999 -9999 -9999 -9999 -9999 -9999 0.0612825554734895 0.00989098220929457 0.0166793905400907 0.0265551816678937 0.0305269213313178 0.0307020940294996 0.0257504246770562 0.0170972314293228 0.00468728624332215 0.0120012296935836 0.0233393557457203 -0.0328327362753972 -0.0975332883013845 -0.0863920328260643 -0.0323294106167027 -0.0287404118373173 -0.0360707188011662 -0.0400730152678591 0.00826974799201052 0.191617569111755 0.287439987082959 0.186244284584806 0.100602699304468 0.123548176371347 0.122351553711251 0.105043184173397 0.0763077877674437 0.0237871293152916
-9999 -9999 -9999 -9999 -9999 -9999 -9999 -9999 -9999 -9999 -9999 -9999 -9999 -9999 -9999 -9999 -9999 -9999 -9999 -9999 -9999 -9999 -9999 -9999 -9999 -9999 -9999 0.0606486646202007 0.0614960063810379 0.0163075039828074 0.0176134933869304 0.0270829372937634 0.029959854404546 0.0291981770215791 0.0236883811598371 0.0136365932089022 0.00359615277354941 0.0115092342518011 0.0104300022423366 -0.0579420842021809 -0.100454103623258 -0.0628825985997711 0.00519065714159905 -0.00146755190509718 -0.0296140049070958 -0.0346338761134642 0.0134995579589228 0.146670868261452 0.225956748181556 0.158040602691763 0.102070756439937 0.0954682380957296 0.105063931845295 0.0951017240119678 0.0694634530931324 0.0412504194184117
-9999 -9999 -9999 -9999 -9999 -9999 -9999 -9999 -9999 -9999 -9999 -9999 -9999 -9999 -9999 -9999 -9999 -9999 -9999 -9999 -9999 -9999 -9999 -9999 -9999 -9999 -9999 0.0577315517970753 0.0649714271165403 0.0202722451414257 0.0195601210168285 0.0276755805160362 0.0299391194197237 0.0286776856093394 0.0218350002827944 0.0120708399745863 0.00197719553361886 0.00663588013468563 -0.0109906599437948 -0.0814662767115041 -0.0929509949954998 -0.0376064234242737 0.031034041307392 0.0172285364606411 -0.0207199070467856 -0.0328805383652036 -0.00348637291633802 0.0883257820836778 0.146460081062792 0.102903603487607 0.0660169523019629 0.0582258076754914 0.0675547264937638 0.0676718521922381 0.0545350382550401 0.0402498816510627
-9999 -9999 -9999 -9999 -9999 -9999 -9999 -9999 -9999 -9999 -9999 -9999 -9999 -9999 -9999 -9999 -9999 -9999 -9999 -9999 -9999 -9999 -9999 -9999 -9999 -9999 -9999 0.0630341963848253 0.0713882368578211 0.026018105983931 0.0230971683291842 0.0294795578337499 0.03101260790229 0.0287130031892353 0.020431888787677 0.00878697746401141 0.000215246707759076 -0.00840655087702386 -0.0419978314452704 -0.101664248820215 -0.0937671472399011 -0.0392547746053744 0.00253007573892061 -0.00248361500364236 -0.0212581505119925 -0.0333888091957551 -0.017883321337052 0.0248440542228511 0.0652103639516126 0.0487844496684933 0.0115706905035567 0.0152867473688296 0.0143252581405909 0.0181084190005829 0.0236081789428097 0.0247620297918464
-9999 -9999 -9999 -9999 -9999 -9999 -9999 -9999 -9999 -9999 -9999 -9999 -9999 -9999 -9999 -9999 -9999 -9999 -9999 -9999 -9999 -9999 -9999 -9999 -9999 -9999 -9999 0.0742463997971031 0.080925009117429 0.0288471710581649 0.0272256819533864 0.0316074548013455 0.0324044744457494 0.0297859115552444 0.0197253228025512 0.00642573487666698 -0.00110697400619819 -0.0166582411892466 -0.0591644253611794 -0.110747677580969 -0.0854256704267232 -0.0329676185858537 -0.00620921963929383 -0.00657212710974908 -0.0133687832728597 -0.0223736273920264 -0.00255094041130755 0.0182158176358124 0.0396886620708454 0.033709508421807 0.000194823890486806 -0.00534210658827244 -0.015866678873718 -0.00928807392632225 0.00729216046752817 0.0152099599921521
-9999 -9999 -9999 -9999 -9999 -9999 -9999 -9999 -9999 -9999 -9999 -9999 -9999 -9999 -9999 -9999 -9999 -9999 -9999 -9999 -9999 -9999 -9999 -9999 -9999 -9999 -9999 0.089743368307615 0.0843116220502864 0.0311988869894257 0.0309856561613253 0.0336483377056915 0.0339003364335874 0.0309055032452872 0.0193295776187047 0.00514872175901976 0.00018314003340747 -0.0212894994074495 -0.0713608549069095 -0.116818568412329 -0.0747007477470524 -0.0255080851726943 -0.00361247492216277 -0.00038288857098967 -0.00045410115207406 0.0198529084253 0.0198849931296666 0.0346078219739585 0.0563081406287976 0.0440207592422183 0.0374689577640899 -0.00489621788750377 -0.0280351472163045 -0.0241393998491894 -0.0108229654899686 0.00139231408993312
-9999 -9999 -9999 -9999 -9999 -9999 -9999 -9999 -9999 -9999 -9999 -9999 -9999 -9999 -9999 -9999 -9999 -9999 -9999 -9999 -9999 -9999 -9999 -9999 -9999 -9999 -9999 0.0961898818607602 0.0794209612378094 0.0320460541984272 0.0333278874055369 0.0348501325950616 0.034653802547961 0.0312830273584863 0.018948261035062 0.0059281414024514 0.00164548394427161 -0.0233805099874578 -0.082053057720446 -0.11954306556663 -0.0657235768505263 -0.0197349324991258 -0.00300989667389084 -0.00397755691687413 -0.00538671125917883 0.00698954889836934 0.00343931979698592 0.012118433192099 0.0272087771304351 0.026593674652058 0.0207820819055456 -0.0179076678787949 -0.0425776265574065 -0.0408378887411374 -0.0242395222482054 -0.00930903459164811
-9999 -9999 -9999 -9999 -9999 -9999 -9999 -9999 -9999 -9999 -9999 -9999 -9999 -9999 -9999 -9999 -9999 -9999 -9999 -9999 -9999 -9999 -9999 -9999 -9999 -9999 -9999 0.0842770341624366 0.0688357366453755 0.0324727059324715 0.0347350060904049 0.0352844169584964 0.0349439218618994 0.0309891747008832 0.0176783168307893 0.00734870477850486 0.00384267513828512 -0.0260509133941035 -0.0916694665809337 -0.115222215133733 -0.0515913072033744 -0.0139003003584039 -0.00488701997266588 -0.00740058992039766 -0.0167889585038912 -0.0251634089265402 -0.0250833563945456 -0.0313251849319143 -0.0237557295130688 -0.0152170550193022 -0.020083653728717 -0.0408735098854378 -0.0595538212639828 -0.0558071626733913 -0.0401580214314145 -0.0230817438465293
-9999 -9999 -9999 -9999 -9999 -9999 -9999 -9999 -9999 -9999 -9999 -9999 -9999 -9999 -9999 -9999 -9999 -9999 -9999 -9999 -9999 -9999 -9999 -9999 -9999 -9999 -9999 0.0413582122091049 0.0525265926385484 0.0332875358591849 0.034760059345647 0.0350575460006737 0.0339709171146073 0.0278420523752966 0.0135177825543014 0.00484010372886634 0.0034104221189083 -0.0324962927935727 -0.096071327807313 -0.0961995514350807 -0.0397951400339125 -0.00597934505632619 -0.00151205636490931 -0.00574003178087151 -0.0150714680987677 -0.0262395663614109 -0.0358225608684771 -0.0439460593307534 -0.0435634105118255 -0.0429249283105168 -0.0503908720878573 -0.0617275896733276 -0.0702498984185851 -0.0654817838221392 -0.0516953630679101 -0.0349545741796189
-9999 -9999 -9999 -9999 -9999 -9999 -9999 -9999 -9999 -9999 -9999 -9999 -9999 -9999 -9999 -9999 -9999 -9999 -9999 -9999 -9999 -9999 -9999 -9999 -9999 -9999 -0.057479916810735 0.0145358127872319 0.0428746666352801 0.0339956558311502 0.0346804655142126 0.0340622753480403 0.0318280050368872 0.0227324674322799 0.00725976630330127 0.00313635950641322 0.00315234880923376 -0.0292631079285212 -0.0527452546332755 -0.0551931879673384 -0.0123100663187328 0.00473553531536047 0.00424287103984566 -0.00171161566424688 -0.0119463813973166 -0.0214913926544023 -0.0314958427344952 -0.0435810242655822 -0.0482999320811 -0.0579849873705797 -0.0657726620126596 -0.0713069818696017 -0.0762362785617111 -0.0713244940633052 -0.0597430128975614 -0.0468691879726136
-9999 -9999 -9999 -9999 -9999 -9999 -9999 -9999 -9999 -9999 -9999 -9999 -9999 -9999 -9999 -9999 -9999 -9999 -9999 -9999 -9999 -9999 -9999 -9999 -9999 -9999 -0.0543125789557743 0.013787666951693 0.0382505456397767 0.0348990731700244 0.0339182630574206 0.0323257146707902 0.027522578605943 0.0146788379261156 0.000134304452561018 -0.00230876680604725 -0.0113806181157702 -0.0349469475883374 -0.020958884191606 -0.00564963538310032 0.0116896886143654 0.0172800156044376 0.0135097101324452 0.00566175207376596 -0.00529081668329023 -0.0169576753956718 -0.0294899974523868 -0.0434462509774535 -0.051316913995456 -0.0608685180280551 -0.0699360734767465 -0.0755206982819994 -0.0769309774285732 -0.0717000011923511 -0.063493247935467 -0.0509800927041552
-9999 -9999 -9999 -9999 -9999 -9999 -9999 -9999 -9999 -9999 -9999 -9999 -9999 -9999 -9999 -9999 -9999 -9999 -9999 -9999 -9999 -9999 -9999 -9999 -9999 -9999 -0.0416308067015772 0.0248195823883385 0.0356334996001758 0.0349945368804393 0.0336865029352984 0.028974063688935 0.0209666288712166 0.00574065336218765 -0.0104202478939179 -0.0151922632560072 -0.030211907676329 -0.0284681955227032 0.000639636231909269 0.0261691245777992 0.0369108872262052 0.0345190715886657 0.0247850924582441 0.0158216166988557 0.00291754885590134 -0.0097539781909104 -0.0232850155552124 -0.0416815985813474 -0.0525221608475345 -0.0627762714912068 -0.0695111949752317 -0.0751126471982236 -0.0753669207859161 -0.0713597320061656 -0.0645656382211822 -0.0530393330499463
-9999 -9999 -9999 -9999 -9999 -9999 -9999 -9999 -9999 -9999 -9999 -9999 -9999 -9999 -9999 -9999 -9999 -9999 -9999 -9999 -9999 -9999 -9999 -9999 -9999 -9999 0.00212029905976047 0.0274936744248022 0.0347526658529992 0.0345264294282494 0.0305620122941496 0.0224473975588179 0.00762233976085219 -0.0115234859905764 -0.0189496566211854 -0.0130930921830237 -0.00538627673836611 0.00204375671224599 0.025848595279167 0.0429584076570559 0.0529500305183438 0.0465483027893485 0.0362737437587568 0.0281845209343992 0.0191379914871 0.00692236305147442 -0.0161136164656179 -0.0392159309565884 -0.0513429960617067 -0.0615252906689062 -0.0685402956345012 -0.0729015283517488 -0.0735091373847466 -0.0703465352084047 -0.064697808155851 -0.0558472965771787
-9999 -9999 -9999 -9999 -9999 -9999 -9999 -9999 -9999 -9999 -9999 -9999 -9999 -9999 -9999 -9999 -9999 -9999 -9999 -9999 -9999 -9999 -9999 -9999 -9999 0.167188553178591 0.0320632505960431 0.0328038871913526 0.0356793089348347 0.034016394746096 0.0280353968298193 0.013501279613256 -0.00729116277494074 -0.0179520112552626 0.00689249269685949 0.0445216804490368 0.0423213339642974 0.0324178218694544 0.0395646353643573 0.0511550566850233 0.0611412266647073 0.0509664123438204 0.0421647783457672 0.03750357112078 0.0297937118976193 0.0321385900578524 -0.00220469955464475 -0.0354302436454462 -0.0487207830522333 -0.058981006523511 -0.0648401524737524 -0.0683984355037332 -0.0698490113163593 -0.0677061112312116 -0.0622474454709703 -0.0567691748402772
-9999 -9999 -9999 -9999 -9999 -9999 -9999 -9999 -9999 -9999 -9999 -9999 -9999 -9999 -9999 -9999 -9999 -9999 -9999 -9999 -9999 -9999 -9999 -9999 -9999 0.0796773090799428 0.0376317358975154 0.035102757879263 0.0357954369954449 0.0334073981703216 0.0247455741517678 0.00858382269265401 -0.00528714183670909 0.00596256880190615 0.0370976806930054 0.0437246652649922 0.0436008611863776 0.0448632446721955 0.0468358137823687 0.0478005426099495 0.0509316310695193 0.0453906925990263 0.0385567705145097 0.0348666617666448 0.0317213602147923 0.0243849986240153 -0.00474977540138588 -0.0317391206605941 -0.0433401803236259 -0.0523621936131128 -0.0586069755660319 -0.0620702957708452 -0.0629970169781597 -0.0616937290738952 -0.0576837490680666 -0.052437808088521
-9999 -9999 -9999 -9999 -9999 -9999 -9999 -9999 -9999 -9999 -9999 -9999 -9999 -9999 -9999 -9999 -9999 -9999 -9999 -9999 -9999 -9999 -9999 -9999 -9999 0.0676002140847309 0.0383686109849082 0.0360507057426404 0.0359013703302167 0.0323821480162661 0.0220149891438002 0.0082313721048381 0.00814975082247177 0.030217847315277 0.0395836026235399 0.0271353512973019 0.0301463762597372 0.0379306593504046 0.0413540781633028 0.0428999665292424 0.0432964703187477 0.0393953452875235 0.0326191793980312 0.0278019013696608 0.021194589901786 0.0176612174868835 -0.00660419087958936 -0.0280085078522685 -0.0373655475700018 -0.0456507981703809 -0.0507654180126421 -0.0538434573664859 -0.0544749432325035 -0.0533187651769929 -0.0498651175569997 -0.0459093055465759
-9999 -9999 -9999 -9999 -9999 -9999 -9999 -9999 -9999 -9999 -9999 -9999 -9999 -9999 -9999 -9999 -9999 -9999 -9999 -9999 -9999 -9999 -9999 -9999 -9999 0.0350735120738747 0.0345039325120084 0.0356834648097041 0.0355891788266207 0.0320852128765177 0.0223689101962646 0.0117699337824713 0.0172584711913424 0.033349962875489 0.033196784414623 0.0211148921664931 0.0218807867711695 0.0283252547619691 0.0322304969165939 0.0335740724853464 0.0343627966354701 0.0317938452869121 0.0265345957367846 0.0208547295389152 0.0107498687686504 0.000184150691999785 -0.0124880554307472 -0.0241741886264034 -0.0312793137430321 -0.0383058796879687 -0.0428016057161107 -0.0452226918870393 -0.0454688763690784 -0.0447034913889821 -0.041953448176614 -0.0384620401513976
-9999 -9999 -9999 -9999 -9999 -9999 -9999 -9999 -9999 -9999 -9999 -9999 -9999 -9999 -9999 -9999 -9999 -9999 -9999 -9999 -9999 -9999 -9999 -9999 -9999 0.0271764671047717 0.0307534669618286 0.0353139045094048 0.0355606570645013 0.0320462082114996 0.0225192051463381 0.0144304251129341 0.0240360869593002 0.0349540308630357 0.0275339065584997 0.0150484722728633 0.0190240399204393 0.0250507125924098 0.027191479275503 0.0272218710921742 0.0270378747930182 0.0267352058401455 0.0227704621958406 0.0180895255541111 0.00824164681997297 0.00081147457914571 -0.00791794558269621 -0.018014210505104 -0.0243838083353348 -0.0305729988498938 -0.0338178755846526 -0.0359943439178358 -0.0365870945430869 -0.0359660102407106 -0.0335243723965397 -0.0309484617971259
-9999 -9999 -9999 -9999 -9999 -9999 -9999 -9999 -9999 -9999 -9999 -9999 -9999 -9999 -9999 -9999 -9999 -9999 -9999 -9999 -9999 -9999 -9999 -9999 -9999 0.0218314728766772 0.028634186638539 0.0348634808501848 0.035433286053149 0.0322406605945222 0.0229862586603913 0.0168866265000032 0.0255833053658772 0.0301051678648465 0.0224398277080304 0.0134857102222993 0.0178194037101858 0.0232843158073237 0.025613094680044 0.0249548723540168 0.0239560221801504 0.0227999809767813 0.0208232493652579 0.0180127043491665 0.011007269286651 0.00369403224386239 -0.00412631857005874 -0.0115490608274422 -0.0169522547659741 -0.0225128162115922 -0.0257302243913132 -0.0278371031549517 -0.0283395616028156 -0.0281900470185475 -0.0264637015038102 -0.0238631690205753
