meets/meet004/_saidas_enm/CCSM_Maxent_0k_Aralia_warmingiana4.asc
NCOLS 154 
NROWS 168 
XLLCORNER -112 
YLLCORNER -55.5 
CELLSIZE 0.5 
NODATA_value -9999 
[rows 75 to 99 of 168, columns 56 to 111 of 154]
-9999 -9999 -9999 -9999 -9999 -9999 -9999 -9999 -9999 -9999 -9999 0.156962916254997 0.13013282418251 0.147008523344994 0.169881969690323 0.198137238621712 0.270487189292908 0.430171191692352 0.456119388341904 0.360474288463593 0.325750976800919 0.302023887634277 0.309726595878601 0.316945552825928 0.343348354101181 0.362661749124527 0.359759628772736 0.356800615787506 0.340957880020142 0.32846999168396 0.310653835535049 0.288429707288742 0.267964869737625 0.256803184747696 0.256202429533005 0.255836874246597 0.253528386354446 0.250711977481842 0.253128290176392 0.259539067745209 0.265559792518616 0.273414433002472 0.278227955102921 0.283311545848846 0.287132561206818 0.283033132553101 0.273030668497086 0.255743592977524 0.238019660115242 0.218079283833504 0.202652826905251 0.198214784264565 0.197041481733322 0.202429130673409 0.213349357247353 0.222991824150085
-9999 -9999 -9999 -9999 -9999 -9999 -9999 -9999 -9999 -9999 -9999 0.16939689218998 0.166880369186401 0.16737075150013 0.171840861439705 0.196595758199692 0.237852051854134 0.354802906513214 0.459402441978455 0.480714917182922 0.328717678785324 0.3250752389431 0.33541402220726 0.320089250802994 0.345659285783768 0.342741042375565 0.353114098310471 0.350620061159134 0.342725485563278 0.329377770423889 0.311446934938431 0.285745412111282 0.267136782407761 0.25820317864418 0.263129502534866 0.273087412118912 0.266106486320496 0.266756534576416 0.272187083959579 0.283771544694901 0.303965389728546 0.294926881790161 0.299403727054596 0.31061190366745 0.314345568418503 0.32621106505394 0.310044080018997 0.287875413894653 0.270803391933441 0.2507603764534 0.234939962625504 0.228905618190765 0.22355891764164 0.22083292901516 0.21950575709343 0.208435595035553
-9999 -9999 -9999 -9999 -9999 -9999 -9999 -9999 -9999 -9999 -9999 -9999 0.189167857170105 0.19684773683548 0.215772464871407 0.234159469604492 0.24019929766655 0.246938452124596 0.3138028383255 0.395550459623337 0.47400689125061 0.450075268745422 0.347921758890152 0.296236008405685 0.3377645611763 0.371604204177856 0.366953641176224 0.340206831693649 0.324224501848221 0.318630218505859 0.307437539100647 0.283244252204895 0.265535652637482 0.257406771183014 0.262190133333206 0.270461708307266 0.267461836338043 0.267032384872437 0.271091908216476 0.280367642641068 0.289863914251328 0.277445673942566 0.27033069729805 0.280350804328918 0.304759979248047 0.332828640937805 0.333380937576294 0.322612702846527 0.310024112462997 0.291137099266052 0.273224711418152 0.264152437448502 0.255509614944458 0.24592986702919 0.227997541427612 0.189707905054092
-9999 -9999 -9999 -9999 -9999 -9999 -9999 -9999 -9999 -9999 -9999 -9999 0.209951624274254 0.232076182961464 0.289375692605972 0.253850072622299 0.20591214299202 0.178663566708565 0.169313862919807 0.229845017194748 0.387247979640961 0.467798113822937 0.399456441402435 0.26451650261879 0.377975910902023 0.439991056919098 0.375999540090561 0.320140838623047 0.286130458116531 0.277021318674088 0.279707849025726 0.270355880260468 0.261351525783539 0.252623617649078 0.254995107650757 0.258559286594391 0.257660686969757 0.255791157484055 0.257844656705856 0.262542486190796 0.25947904586792 0.245998233556747 0.222676664590836 0.231976896524429 0.269709229469299 0.303587168455124 0.33471292257309 0.345345884561539 0.348105221986771 0.3343725502491 0.311364710330963 0.302270382642746 0.288601964712143 0.26058554649353 0.217672243714333 0.177435383200645
-9999 -9999 -9999 -9999 -9999 -9999 -9999 -9999 -9999 -9999 -9999 -9999 -9999 0.219873949885368 0.31746706366539 0.189154580235481 0.139930590987206 0.102060228586197 0.0787292569875717 0.0921627506613731 0.142111077904701 0.257643520832062 0.428581744432449 0.378601342439651 0.373798936605453 0.391540914773941 0.339383482933044 0.260487675666809 0.22256626188755 0.223237842321396 0.226900696754456 0.222793743014336 0.223420590162277 0.234500348567963 0.247852757573128 0.251040041446686 0.247283801436424 0.244915917515755 0.245331630110741 0.249501645565033 0.244603648781776 0.224170923233032 0.203237935900688 0.213065192103386 0.250107318162918 0.29562172293663 0.342701613903046 0.374697118997574 0.390886187553406 0.382820695638657 0.363061487674713 0.343458354473114 0.29270350933075 0.247162461280823 0.20544022321701 0.169688269495964
-9999 -9999 -9999 -9999 -9999 -9999 -9999 -9999 -9999 -9999 -9999 -9999 -9999 0.242718800902367 0.335573524236679 0.131019279360771 0.115133084356785 0.047027412801981 0.0389629490673542 0.0524863488972187 0.0633130446076393 0.0919969975948334 0.24122042953968 0.382491379976273 0.404913306236267 0.356804937124252 0.29674157500267 0.204524576663971 0.149659961462021 0.162489101290703 0.175702840089798 0.153755873441696 0.174708858132362 0.187162399291992 0.206174522638321 0.237855076789856 0.229993000626564 0.228813752532005 0.229949310421944 0.2364681661129 0.240498051047325 0.222051113843918 0.197105869650841 0.2089903652668 0.24932037293911 0.298962652683258 0.355248481035233 0.41002368927002 0.438598215579987 0.426058083772659 0.401057213544846 0.343630403280258 0.287921220064163 0.242951527237892 0.204835519194603 0.172165051102638
-9999 -9999 -9999 -9999 -9999 -9999 -9999 -9999 -9999 -9999 -9999 -9999 -9999 -9999 0.372954398393631 0.210396647453308 0.110680282115936 0.0398455373942852 0.0304327569901943 0.0349785909056664 0.0366715639829636 0.0353411138057709 0.0445995591580868 0.0749516040086746 0.17253802716732 0.309478402137756 0.34259432554245 0.186160460114479 0.11458607763052 0.109785057604313 0.0924651995301247 0.1087247133255 0.116491980850697 0.1295156031847 0.157901212573051 0.177217572927475 0.190178051590919 0.192235022783279 0.195630133152008 0.210834845900536 0.228023454546928 0.223652362823486 0.218609735369682 0.234919860959053 0.26331552863121 0.308576226234436 0.363099247217178 0.409791320562363 0.435480713844299 0.410441935062408 0.372629195451736 0.328586757183075 0.284555375576019 0.246545866131783 0.210071533918381 0.179170608520508
-9999 -9999 -9999 -9999 -9999 -9999 -9999 -9999 -9999 -9999 -9999 -9999 -9999 -9999 0.40430223941803 0.28716629743576 0.120825201272964 0.051361795514822 0.0323911085724831 0.0264442414045334 0.0225025750696659 0.0127443606033921 0.00652699172496796 0.00580882048234344 0.017271563410759 0.0354821272194386 0.112279042601585 0.236873432993889 0.163284510374069 0.160280525684357 0.0632612109184265 0.0914726331830025 0.093387596309185 0.093723751604557 0.120084173977375 0.129978954792023 0.138799846172333 0.14270456135273 0.156708255410194 0.176006734371185 0.211901649832726 0.214856132864952 0.231654286384583 0.25299534201622 0.272715181112289 0.30661478638649 0.353102594614029 0.389428913593292 0.390809625387192 0.371718645095825 0.336328148841858 0.320549309253693 0.281160712242126 0.257665783166885 0.222843185067177 0.192646518349648
-9999 -9999 -9999 -9999 -9999 -9999 -9999 -9999 -9999 -9999 -9999 -9999 -9999 -9999 -9999 0.307454347610474 0.198497697710991 0.109398946166039 0.0583539232611656 0.0287978611886501 0.0160796605050564 0.00782016105949879 0.00336543074809015 0.0026060682721436 0.00298322946764529 0.0035266769118607 0.00712274247780442 0.0122230872511864 0.0366525761783123 0.162703216075897 0.338558405637741 0.214830696582794 0.109770022332668 0.0747622027993202 0.0921182781457901 0.109706528484821 0.118529863655567 0.122661404311657 0.131093353033066 0.13129223883152 0.141808018088341 0.175487697124481 0.22000178694725 0.260658830404282 0.283967852592468 0.309382826089859 0.345890998840332 0.358108192682266 0.36333379149437 0.346241354942322 0.326403707265854 0.303432315587997 0.286346793174744 0.265911012887955 0.239680364727974 0.228196859359741
-9999 -9999 -9999 -9999 -9999 -9999 -9999 -9999 -9999 -9999 -9999 -9999 -9999 -9999 -9999 0.471660941839218 0.256990313529968 0.192005097866058 0.101906538009644 0.0413046963512897 0.0157977435737848 0.00902555789798498 0.00588481733575463 0.00283047533594072 0.00170671590603888 0.000482688657939434 0.00117260939441621 0.00125098368152976 0.00283114355988801 0.028224965557456 0.182653069496155 0.34558379650116 0.170209005475044 0.0810308009386063 0.088082879781723 0.106622129678726 0.110181137919426 0.112446889281273 0.119452305138111 0.126126036047935 0.118942424654961 0.130285054445267 0.201010674238205 0.258865386247635 0.295034825801849 0.313587963581085 0.342182576656342 0.340351939201355 0.342783182859421 0.32580155134201 0.305756747722626 0.287954151630402 0.274009078741074 0.253097951412201 0.230374932289124 0.234769061207771
-9999 -9999 -9999 -9999 -9999 -9999 -9999 -9999 -9999 -9999 -9999 -9999 -9999 -9999 -9999 0.32600936293602 0.253600269556046 0.202891141176224 0.133127525448799 0.0751024782657623 0.0383245721459389 0.0204725917428732 0.015987690538168 0.0112777883186936 0.00665789330378175 0.00425725430250168 0.00254078512080014 0.00174735102336854 0.00295202992856503 0.011886378750205 0.0473496541380882 0.169355526566505 0.391485035419464 0.19799268245697 0.136060178279877 0.106429770588875 0.0980444028973579 0.10666885972023 0.117241464555264 0.124546349048615 0.112462557852268 0.112757682800293 0.197143644094467 0.254157692193985 0.288301557302475 0.332590967416763 0.332283616065979 0.32341542840004 0.316321492195129 0.301843345165253 0.297783613204956 0.253995925188065 0.224796950817108 0.201089963316917 0.174185514450073 0.16482612490654
-9999 -9999 -9999 -9999 -9999 -9999 -9999 -9999 -9999 -9999 -9999 -9999 -9999 -9999 -9999 -9999 0.437672823667526 0.170259177684784 0.15317614376545 0.125703111290932 0.0430349782109261 0.0351479947566986 0.0264385212212801 0.0277781505137682 0.0199968609958887 0.017692981287837 0.00716976867988706 0.00466310884803534 0.00465811975300312 0.00980062037706375 0.0251789037138224 0.0635630115866661 0.255000650882721 0.417808562517166 0.282329738140106 0.171177729964256 0.131295695900917 0.105060540139675 0.116825953125954 0.12407810986042 0.11238931119442 0.126048371195793 0.228410258889198 0.260175198316574 0.291979998350143 0.326532632112503 0.303063303232193 0.276833772659302 0.25470170378685 0.232133820652962 0.235928386449814 0.182209014892578 0.151750639081001 0.132754370570183 0.111632615327835 0.108575031161308
-9999 -9999 -9999 -9999 -9999 -9999 -9999 -9999 -9999 -9999 -9999 -9999 -9999 -9999 -9999 -9999 -9999 0.448046505451202 0.14929686486721 0.142310559749603 0.116852998733521 0.0842598304152489 0.051287516951561 0.0346072055399418 0.0276584327220917 0.0177253913134336 0.0113947167992592 0.00834410078823566 0.00787897221744061 0.0107131749391556 0.0157855711877346 0.0328175611793995 0.0856175571680069 0.230878069996834 0.418195724487305 0.357012003660202 0.235238209366798 0.174910441040993 0.14106048643589 0.15619084239006 0.196571916341782 0.228900909423828 0.28198367357254 0.289107501506805 0.301536470651627 0.276250213384628 0.251155883073807 0.202633857727051 0.16946017742157 0.143120631575584 0.113052681088448 0.0992469489574432 0.0818829163908958 0.0747482478618622 0.0726317018270493 0.0741385817527771
-9999 -9999 -9999 -9999 -9999 -9999 -9999 -9999 -9999 -9999 -9999 -9999 -9999 -9999 -9999 -9999 -9999 -9999 -9999 0.0902517884969711 0.0997761338949203 0.104410946369171 0.0756918042898178 0.0496553219854832 0.0350408740341663 0.0235308725386858 0.0176908597350121 0.0141318626701832 0.0119996881112456 0.0119551979005337 0.0126405581831932 0.0179678276181221 0.0361740924417973 0.0807422921061516 0.217372640967369 0.429365575313568 0.393161803483963 0.278042048215866 0.218634009361267 0.235305473208427 0.299152672290802 0.295058250427246 0.313737779855728 0.307653665542603 0.270679980516434 0.243127793073654 0.224654734134674 0.174138635396957 0.134271800518036 0.101338148117065 0.0708699375391006 0.0645207986235619 0.0548002310097218 0.0528064109385014 0.0560832247138023 0.0597356706857681
-9999 -9999 -9999 -9999 -9999 -9999 -9999 -9999 -9999 -9999 -9999 -9999 -9999 -9999 -9999 -9999 -9999 -9999 -9999 -9999 -9999 0.117236845195293 0.11470502614975 0.0926301330327988 0.0580693781375885 0.0297196358442307 0.0231800619512796 0.020074425265193 0.0187991634011269 0.0139133352786303 0.0120321037247777 0.0133465547114611 0.0141521971672773 0.0270765051245689 0.0726373866200447 0.19592759013176 0.385567218065262 0.47710394859314 0.313928991556168 0.305173069238663 0.261048465967178 0.265911072492599 0.288943111896515 0.267575949430466 0.252916991710663 0.231143712997437 0.214552029967308 0.196642175316811 0.148263365030289 0.0980587303638458 0.0691117197275162 0.0585223250091076 0.0539806485176086 0.0532322935760021 0.0526712164282799 0.0606111921370029
-9999 -9999 -9999 -9999 -9999 -9999 -9999 -9999 -9999 -9999 -9999 -9999 -9999 -9999 -9999 -9999 -9999 -9999 -9999 -9999 -9999 -9999 -9999 0.139844253659248 0.115590460598469 0.0676845386624336 0.0398159921169281 0.0297420416027308 0.0261321496218443 0.0219268649816513 0.0178321748971939 0.0160039365291595 0.0136685557663441 0.01598060131073 0.0306225568056107 0.0635048896074295 0.169363215565681 0.367918193340302 0.519879400730133 0.482779651880264 0.348913758993149 0.284659594297409 0.259113520383835 0.245921209454536 0.227745458483696 0.220135375857353 0.211725771427155 0.199217438697815 0.163453415036201 0.110048778355122 0.0762386247515678 0.0648906007409096 0.0595778487622738 0.0562664642930031 0.0543955862522125 0.0562293417751789
-9999 -9999 -9999 -9999 -9999 -9999 -9999 -9999 -9999 -9999 -9999 -9999 -9999 -9999 -9999 -9999 -9999 -9999 -9999 -9999 -9999 -9999 -9999 -9999 -9999 0.137697964906693 0.0824771597981453 0.0515531152486801 0.0387395024299622 0.0371862389147282 0.0404331721365452 0.028281956911087 0.0193781591951847 0.0186986867338419 0.0203944407403469 0.0192081667482853 0.0609270296990871 0.145025029778481 0.319136083126068 0.520297229290009 0.583345711231232 0.379064589738846 0.266557931900024 0.205574885010719 0.208206698298454 0.20768266916275 0.203014627099037 0.188696727156639 0.15946526825428 0.118483975529671 0.0845868661999702 0.0740102082490921 0.0687485262751579 0.0632927045226097 0.0548569858074188 0.0478748083114624
-9999 -9999 -9999 -9999 -9999 -9999 -9999 -9999 -9999 -9999 -9999 -9999 -9999 -9999 -9999 -9999 -9999 -9999 -9999 -9999 -9999 -9999 -9999 -9999 -9999 0.120601415634155 0.115334443747997 0.0854472368955612 0.0685747712850571 0.0569878555834293 0.0546394772827625 0.0475777499377728 0.0350617542862892 0.0294878259301186 0.0252864640206099 0.0255123861134052 0.0421313717961311 0.0767465308308601 0.180237486958504 0.369332879781723 0.588701963424683 0.540461242198944 0.31669607758522 0.196617588400841 0.188601076602936 0.207794472575188 0.210063323378563 0.19887176156044 0.168687030673027 0.128432020545006 0.100917391479015 0.0875520929694176 0.0807270109653473 0.0733708441257477 0.0625768080353737 0.0523199886083603
-9999 -9999 -9999 -9999 -9999 -9999 -9999 -9999 -9999 -9999 -9999 -9999 -9999 -9999 -9999 -9999 -9999 -9999 -9999 -9999 -9999 -9999 -9999 -9999 -9999 -9999 -9999 0.102982580661774 0.102172926068306 0.0528335869312286 0.0365780405700207 0.0368863493204117 0.0402152016758919 0.0544504299759865 0.040861003100872 0.0345334820449352 0.0400134474039078 0.054359707981348 0.115385584533215 0.276771515607834 0.500873982906342 0.658660352230072 0.337714940309525 0.151296094059944 0.176474615931511 0.217117711901665 0.209360376000404 0.220072314143181 0.190084204077721 0.135594487190247 0.10468403249979 0.0984798520803452 0.0947350338101387 0.0850391387939453 0.068592295050621 0.0573140643537045
-9999 -9999 -9999 -9999 -9999 -9999 -9999 -9999 -9999 -9999 -9999 -9999 -9999 -9999 -9999 -9999 -9999 -9999 -9999 -9999 -9999 -9999 -9999 -9999 -9999 -9999 -9999 0.0722950324416161 0.112539365887642 0.078646756708622 0.0609279982745647 0.0592128746211529 0.0612745620310307 0.0759748443961143 0.0682109594345093 0.0564797818660736 0.0481947623193264 0.0469631254673004 0.0849412530660629 0.210819706320763 0.431888490915298 0.635350584983826 0.479775577783585 0.20715120434761 0.169363006949425 0.183181464672089 0.179245874285698 0.184489533305168 0.166440442204475 0.132006034255028 0.106049031019211 0.101826690137386 0.0983264446258545 0.0931506976485252 0.0802818611264229 0.0750498101115227
-9999 -9999 -9999 -9999 -9999 -9999 -9999 -9999 -9999 -9999 -9999 -9999 -9999 -9999 -9999 -9999 -9999 -9999 -9999 -9999 -9999 -9999 -9999 -9999 -9999 -9999 -9999 -9999 0.080790288746357 0.129232674837112 0.108929969370365 0.102898195385933 0.141631305217743 0.109262980520725 0.104035966098309 0.0953357219696045 0.0631474703550339 0.0451427362859249 0.0677926912903786 0.178021132946014 0.413000613451004 0.580201804637909 0.510299980640411 0.220423370599747 0.196645528078079 0.137959346175194 0.135875076055527 0.129940003156662 0.121073290705681 0.117930769920349 0.118280805647373 0.106297723948956 0.0942274630069733 0.0872147008776665 0.0840365961194038 0.101213082671165
-9999 -9999 -9999 -9999 -9999 -9999 -9999 -9999 -9999 -9999 -9999 -9999 -9999 -9999 -9999 -9999 -9999 -9999 -9999 -9999 -9999 -9999 -9999 -9999 -9999 -9999 -9999 -9999 0.0526212491095066 0.121085360646248 0.153362646698952 0.217408001422882 0.110807575285435 0.082600936293602 0.105624623596668 0.113464571535587 0.0701737776398659 0.0458145774900913 0.0592542514204979 0.159413412213326 0.383084118366241 0.582479894161224 0.605298101902008 0.272319614887238 0.194475144147873 0.181202799081802 0.122496731579304 0.103864029049873 0.103725805878639 0.115896552801132 0.119131080806255 0.109561629593372 0.0951681360602379 0.0867395624518394 0.0978321731090546 0.137870118021965
-9999 -9999 -9999 -9999 -9999 -9999 -9999 -9999 -9999 -9999 -9999 -9999 -9999 -9999 -9999 -9999 -9999 -9999 -9999 -9999 -9999 -9999 -9999 -9999 -9999 -9999 -9999 -9999 0.0462287999689579 0.12870891392231 0.121693000197411 0.209485948085785 0.0765613168478012 0.0562132783234119 0.0888811573386192 0.113766849040985 0.0684775486588478 0.0380771867930889 0.0488616563379765 0.146910905838013 0.348147660493851 0.552155435085297 0.609131455421448 0.298390239477158 0.223968639969826 0.188427597284317 0.141026899218559 0.103862464427948 0.098596602678299 0.114178009331226 0.119969539344311 0.108643293380737 0.0943325608968735 0.0891892090439796 0.128927931189537 0.185228765010834
-9999 -9999 -9999 -9999 -9999 -9999 -9999 -9999 -9999 -9999 -9999 -9999 -9999 -9999 -9999 -9999 -9999 -9999 -9999 -9999 -9999 -9999 -9999 -9999 -9999 -9999 -9999 -9999 0.0469626188278198 0.124871991574764 0.207666292786598 0.162664458155632 0.0757609158754349 0.0572971738874912 0.0809929445385933 0.0944137275218964 0.0541447587311268 0.0349477641284466 0.0529414229094982 0.145298987627029 0.317996025085449 0.502386212348938 0.598025798797607 0.282873660326004 0.196275740861893 0.182576507329941 0.17086623609066 0.13209143280983 0.119315527379513 0.112162925302982 0.108610913157463 0.10655914992094 0.106617137789726 0.132707506418228 0.186871320009232 0.264346152544022
-9999 -9999 -9999 -9999 -9999 -9999 -9999 -9999 -9999 -9999 -9999 -9999 -9999 -9999 -9999 -9999 -9999 -9999 -9999 -9999 -9999 -9999 -9999 -9999 -9999 -9999 -9999 -9999 0.0455933511257172 0.118718363344669 0.220525562763214 0.131917253136635 0.0751629918813705 0.0600258931517601 0.080120362341404 0.0725167095661163 0.0464632846415043 0.0344691462814808 0.0546734593808651 0.154954642057419 0.275493234395981 0.465739578008652 0.531296014785767 0.229316160082817 0.170138388872147 0.148936286568642 0.167011842131615 0.154924631118774 0.131889060139656 0.119714476168156 0.0961749777197838 0.127147257328033 0.154203191399574 0.201584368944168 0.275892347097397 0.358707636594772
