meets/meet004/_saidas_enm/CCSM_Gower_0k_Cavanillesia_umbellata2.asc
NCOLS 154 
NROWS 168 
XLLCORNER -112 
YLLCORNER -55.5 
CELLSIZE 0.5 
NODATA_value -9999 
[rows 104 to 129 of 168, columns 58 to 115 of 154]
-9999 -9999 -9999 -9999 -9999 -9999 -9999 -9999 -9999 -9999 -9999 -9999 -9999 -9999 -9999 -9999 -9999 -9999 -9999 -9999 -9999 -9999 -9999 -9999 -9999 0.382330263866553 0.399440078311665 0.295226252233202 0 0 0 0 0 0 0.0602780020282595 0.248401017533413 0.421718933327545 0.453448654974029 0.438726031493827 0.432989638597371 0.42930799086964 0.419743283290401 0.398801776145379 0.392422915435344 0.446036982460095 0.50503920434928 0.539453594297296 0.550789951666049 0.541782860075608 0.54953752337448 0.545338701854982 0.539747312152308 0.534408174254527 0.526633801783684 0.537625248642957 0.550100898536905 0.55227697029672 0.546578715927843
-9999 -9999 -9999 -9999 -9999 -9999 -9999 -9999 -9999 -9999 -9999 -9999 -9999 -9999 -9999 -9999 -9999 -9999 -9999 -9999 -9999 -9999 -9999 -9999 -9999 0.429319978906616 0.46172902846145 0.251463863231734 0 0 0 0 0 0 0.0889426052187756 0.293608524962445 0.41940889561175 0.4268286026321 0.426522598540015 0.419875616302202 0.407144259099185 0.405069676776853 0.403881495266641 0.410865965079037 0.463987814731074 0.5089759194779 0.539217724141833 0.557435782069137 0.549277080744872 0.548722024388799 0.532004807108872 0.522362926603022 0.52142610102625 0.516421379143783 0.532131636910317 0.550719689747792 0.558095015477053 0.557673955894051
-9999 -9999 -9999 -9999 -9999 -9999 -9999 -9999 -9999 -9999 -9999 -9999 -9999 -9999 -9999 -9999 -9999 -9999 -9999 -9999 -9999 -9999 -9999 -9999 -9999 0.509694415497931 0.494153794005827 0.188244913143724 0 0 0 0 0 0 0.113067085487187 0.249712143497061 0.397506886194185 0.431872486895234 0.4377115210639 0.416199471784827 0.401702223965922 0.406033250515584 0.43077901179579 0.478312031377876 0.498508429437111 0.537233240891365 0.566312204409048 0.581704475672748 0.597253009392709 0.572912345368022 0.542100766459856 0.52776899889652 0.522747255456443 0.528249185995434 0.536128759371209 0.54660520812653 0.555616907055875 0.558916657581271
-9999 -9999 -9999 -9999 -9999 -9999 -9999 -9999 -9999 -9999 -9999 -9999 -9999 -9999 -9999 -9999 -9999 -9999 -9999 -9999 -9999 -9999 -9999 -9999 -9999 0.603440989831515 0.432730144808809 0.129953949024411 0 0 0 0 0 0 0.131890467840313 0.208992414795765 0.386047595644584 0.439007335130131 0.437311962395774 0.413614882642354 0.393498729068998 0.397111266713196 0.425096755131434 0.471442361093126 0.492886708086664 0.526982167797341 0.560351459704384 0.587957456558847 0.606082545712234 0.582655403161023 0.549188005526097 0.533498992711168 0.532147378651566 0.537275090886393 0.540236074020845 0.545054582622683 0.551309173163995 0.555907553351619
-9999 -9999 -9999 -9999 -9999 -9999 -9999 -9999 -9999 -9999 -9999 -9999 -9999 -9999 -9999 -9999 -9999 -9999 -9999 -9999 -9999 -9999 -9999 -9999 -9999 0.560504445310174 0.384479591678366 0.0799105975688971 0 0 0 0 0 0 0.0908030170365185 0.188128975288722 0.387979071069783 0.453174262346079 0.427653444277222 0.403007764636502 0.379387857809693 0.37721204201315 0.390623877575689 0.404165742480577 0.450305042044761 0.484058534823589 0.52103703685229 0.565506048082807 0.585649068435249 0.57257984907725 0.545825671980613 0.535273330115043 0.539390883295572 0.543803690110747 0.54318758651422 0.542567515486972 0.546332223296578 0.551222017669763
-9999 -9999 -9999 -9999 -9999 -9999 -9999 -9999 -9999 -9999 -9999 -9999 -9999 -9999 -9999 -9999 -9999 -9999 -9999 -9999 -9999 -9999 -9999 -9999 -9999 0.506889330943315 0.333368402790485 0.0667036790652989 0 0 0 0 0 0 0.102273889380237 0.234050846040769 0.444368697505741 0.48550178373469 0.435392621798118 0.399815134740581 0.377415020888117 0.370074122218985 0.378410334072619 0.3929290828064 0.43138897227378 0.466572915800092 0.503198316494597 0.541093039056646 0.559749818032744 0.557620587551767 0.542977056722719 0.539838307095626 0.546208593036037 0.549649379324494 0.545184867928305 0.539258166338862 0.541311887654498 0.548148922622025
-9999 -9999 -9999 -9999 -9999 -9999 -9999 -9999 -9999 -9999 -9999 -9999 -9999 -9999 -9999 -9999 -9999 -9999 -9999 -9999 -9999 -9999 -9999 -9999 0.539210484183166 0.454304630332267 0.293896346188621 0.0671700515209265 0 0 0 0 0 0.0381245763264741 0.165944686564284 0.330167816686204 0.536777205657714 0.523367326483692 0.443584598347786 0.41240839975817 0.390479130345179 0.38208596666345 0.395754917333056 0.414231242202153 0.444425053752521 0.478591799234546 0.508066609952905 0.527865241086921 0.539147590205211 0.546977762669424 0.544309857481804 0.547339822718152 0.553998707248128 0.557964986134704 0.54800903869369 0.535232248009832 0.536228201102514 0.547139531457544
-9999 -9999 -9999 -9999 -9999 -9999 -9999 -9999 -9999 -9999 -9999 -9999 -9999 -9999 -9999 -9999 -9999 -9999 -9999 -9999 -9999 -9999 -9999 -9999 0.505983132669322 0.377230740398468 0.227848610510436 0.0729803769833246 0 0 0 0 0.0139929651945531 0.16760078364109 0.295945104442495 0.466759445379844 0.612802518062207 0.545488056424394 0.480109149512989 0.440224952416662 0.419423585163246 0.411587269580497 0.422735877888988 0.439762938710085 0.462584752053732 0.485032347093214 0.50696980733092 0.524906945566829 0.536367317141032 0.543042711302075 0.544914570712712 0.549488122462918 0.556562691347178 0.557811152208026 0.549310483951913 0.537917046773427 0.539576328686384 0.547461858569005
-9999 -9999 -9999 -9999 -9999 -9999 -9999 -9999 -9999 -9999 -9999 -9999 -9999 -9999 -9999 -9999 -9999 -9999 -9999 -9999 -9999 -9999 -9999 -9999 0.459241368176967 0.280143916626521 0.14288982480421 0.0600269536864579 0.0169655565321758 0 0 0.023525251856944 0.147116049911029 0.300048166465097 0.446102329708229 0.612823604522778 0.587343816868942 0.560539976654464 0.515865938842802 0.487751316953667 0.461913360390378 0.454320209916354 0.465983304402252 0.468910244421483 0.486624438647182 0.493955994656873 0.504026997588804 0.52266816280529 0.540010698359548 0.544309601518531 0.54563792292035 0.551906847404914 0.558935726845061 0.559971610208229 0.555473183678455 0.545208032604452 0.53415830822551 0.497886224935819
-9999 -9999 -9999 -9999 -9999 -9999 -9999 -9999 -9999 -9999 -9999 -9999 -9999 -9999 -9999 -9999 -9999 -9999 -9999 -9999 -9999 -9999 -9999 -9999 0.401955009498514 0.155343318640697 0.022813144251934 0.011182146584006 0.0462381707025439 0.0599981505907123 0.0946241556754375 0.177618458395135 0.287702981499063 0.420731896870953 0.552912598131348 0.618978167865527 0.582511876438313 0.577682348929751 0.573349914582091 0.546922346620962 0.52102935795412 0.515951942502308 0.534780344852512 0.548464653318459 0.530533402237814 0.505288512576542 0.501276032319309 0.515427217794007 0.534013222925303 0.544457164345037 0.551231104365931 0.558864441073713 0.565093179324519 0.568323051876567 0.548985220930363 0.513709098574569 0.482353536678326 0.441074338695031
-9999 -9999 -9999 -9999 -9999 -9999 -9999 -9999 -9999 -9999 -9999 -9999 -9999 -9999 -9999 -9999 -9999 -9999 -9999 -9999 -9999 -9999 -9999 0.6079495214918 0.345255996732521 0.0234178694417373 0 0 0.0717156973667301 0.142035729122842 0.226297927338756 0.323938666766583 0.41341175628079 0.529503267992446 0.598032665046776 0.629629012930404 0.585886642931525 0.605048703812238 0.600555985849498 0.589799416129671 0.568088845482374 0.571029863481583 0.59993776757676 0.637299775422507 0.579408053311881 0.516890687803623 0.496469426009635 0.509830708825886 0.528908291421715 0.544572987725771 0.556750184444169 0.566105386084996 0.571436589121334 0.542416844121109 0.512329694146252 0.46512237658878 0.433469692064138 0.39011541315513
-9999 -9999 -9999 -9999 -9999 -9999 -9999 -9999 -9999 -9999 -9999 -9999 -9999 -9999 -9999 -9999 -9999 -9999 -9999 -9999 -9999 -9999 -9999 0.516190881368898 0.293997995948849 0.0334342158976771 0 0 0.103723906528659 0.211443499722684 0.326472142757655 0.431827665428482 0.50485234572904 0.533000286774656 0.535633970514393 0.576246345543858 0.590526696903879 0.593552962927334 0.593176245877092 0.600241458634884 0.583756907807512 0.588659730295058 0.623528149144155 0.63241547042458 0.595086249077301 0.530159055952014 0.504096491617245 0.510566603233869 0.533407101896397 0.545065461061757 0.554959337409228 0.565591539815769 0.539207880664262 0.500924254255332 0.460729447859226 0.420136256515001 0.389153369694595 0.350179903176914
-9999 -9999 -9999 -9999 -9999 -9999 -9999 -9999 -9999 -9999 -9999 -9999 -9999 -9999 -9999 -9999 -9999 -9999 -9999 -9999 -9999 -9999 -9999 0.466654232159479 0.265259427527025 0.0425266261561094 0 0.0155419705159948 0.130404941186194 0.264006283130814 0.409180931863631 0.514802486442643 0.566368338642269 0.479975619462362 0.504234116772546 0.549291569536212 0.569259787165671 0.578900347192486 0.587211421180802 0.595727613959705 0.571863151914692 0.570633504354361 0.606023075871458 0.618327378606194 0.583392299571573 0.521844856939802 0.501750844189503 0.51242796815034 0.536395601082626 0.544076546959064 0.552502857884562 0.542789262368267 0.496294638650074 0.459269687080591 0.417992361016395 0.374839166897454 0.344429961228123 0.303929553984399
-9999 -9999 -9999 -9999 -9999 -9999 -9999 -9999 -9999 -9999 -9999 -9999 -9999 -9999 -9999 -9999 -9999 -9999 -9999 -9999 -9999 -9999 -9999 0.444571475099781 0.251341030612256 0.0447580970616969 0 0.0230565723572398 0.151963568978749 0.306385797856216 0.467545527576687 0.567958847453616 0.535631490798469 0.483105359101207 0.503317749024363 0.556446297739773 0.577798258251934 0.575389982155869 0.577065120067295 0.591298486884665 0.545379144052012 0.52654971784872 0.537616289928425 0.544995071161863 0.529291852385319 0.507741920541939 0.502044178099607 0.510434270222069 0.526571218763596 0.538628112743993 0.551052697965108 0.516352911959154 0.466417708407501 0.42176291226852 0.379204861444914 0.338242151661906 0.309648390934962 0.27437374922236
-9999 -9999 -9999 -9999 -9999 -9999 -9999 -9999 -9999 -9999 -9999 -9999 -9999 -9999 -9999 -9999 -9999 -9999 -9999 -9999 -9999 -9999 -9999 0.442174016948313 0.242737434056379 0.0328926198230637 0 0.0330703321273966 0.161224113813074 0.337760676527949 0.511973558189728 0.584924920579812 0.514014003661432 0.47089343446293 0.501558503290827 0.529376741487908 0.53802935605198 0.572806394909155 0.569268071212955 0.579666704198582 0.50913333689039 0.475040308830801 0.472516382983873 0.465629819123148 0.482561533625297 0.488619160428543 0.495534904102314 0.505949153782456 0.516994992837102 0.532376849725221 0.532529503614585 0.489547202839161 0.431095927428323 0.39191290077416 0.34850032462777 0.307757871579725 0.279494921704782 0.240450760651257
-9999 -9999 -9999 -9999 -9999 -9999 -9999 -9999 -9999 -9999 -9999 -9999 -9999 -9999 -9999 -9999 -9999 -9999 -9999 -9999 -9999 -9999 -9999 0.407853219187636 0.217798287587184 0.0218152428231186 0 0.0437343986854785 0.197850046470597 0.361235083043191 0.518689298133613 0.552857401034556 0.49702344100938 0.467867166606721 0.501390784322894 0.500681376004571 0.499426660044706 0.530904179726943 0.57058982802816 0.550872755784652 0.468590418312691 0.429768724759856 0.434794819575563 0.450580458525801 0.462221924115187 0.473228472807528 0.486336863910705 0.498299179461972 0.510719925234002 0.525768517941532 0.51992046053725 0.476927986013675 0.421013136849534 0.370917438930351 0.326304833940304 0.285986687151036 0.259778142631286 0.227989276279519
-9999 -9999 -9999 -9999 -9999 -9999 -9999 -9999 -9999 -9999 -9999 -9999 -9999 -9999 -9999 -9999 -9999 -9999 -9999 -9999 -9999 -9999 -9999 0.391931759530045 0.198433728622004 0 0 0.0465423509685362 0.207308647543387 0.36607585717569 0.514369649961802 0.544999068557852 0.507367688699637 0.482843298213811 0.515260814652196 0.477626656557824 0.471846243663957 0.492876658397377 0.524355116470788 0.52577491702334 0.438593698482026 0.404284381457308 0.420933512506792 0.44081661152068 0.454783375457656 0.465977545228624 0.479245785395379 0.490290600596936 0.50419593334855 0.521391418002848 0.518500378927716 0.47063935136851 0.408090279577892 0.363779838412737 0.319651585307376 0.276738400174707 0.248113685559027 0.215119030966108
-9999 -9999 -9999 -9999 -9999 -9999 -9999 -9999 -9999 -9999 -9999 -9999 -9999 -9999 -9999 -9999 -9999 -9999 -9999 -9999 -9999 -9999 -9999 0.379395662830115 0.17635154164489 0 0 0.0273134182308957 0.192059086196358 0.351253159230862 0.489352655674926 0.554958859265636 0.544048292522122 0.506412570253002 0.480431923257422 0.458693792771561 0.451635407049258 0.457010174639576 0.479041382137909 0.508579944295587 0.432864600538832 0.401958699164808 0.415368487021168 0.4380618068021 0.449531137090835 0.457393944872272 0.469756075054937 0.482297891454785 0.497919841892361 0.515989441121707 0.522942382044632 0.474941528219124 0.416582515207578 0.363597899712331 0.316853226557821 0.276368154916508 0.247690225053753 0.218107918674644
-9999 -9999 -9999 -9999 -9999 -9999 -9999 -9999 -9999 -9999 -9999 -9999 -9999 -9999 -9999 -9999 -9999 -9999 -9999 -9999 -9999 -9999 -9999 0.368633073724545 0.163723900935825 0 0 0.00715062201517502 0.167370219054273 0.325557826916896 0.460146651363263 0.522358952125098 0.504550889696174 0.466278915476756 0.447058011070622 0.431459788238226 0.427518314550965 0.431703686960062 0.451313455325482 0.504491408995847 0.435645641492828 0.404987128621523 0.420176629110476 0.439143763554289 0.446728979166871 0.450182051692401 0.459486316642032 0.472095579364142 0.488122079753654 0.507376788933944 0.528590768982374 0.487343276653227 0.426191961337557 0.376932817628341 0.334104931218023 0.286216226490344 0.253416977153947 0.221182247596611
-9999 -9999 -9999 -9999 -9999 -9999 -9999 -9999 -9999 -9999 -9999 -9999 -9999 -9999 -9999 -9999 -9999 -9999 -9999 -9999 -9999 -9999 -9999 0.354578054784941 0.146416106720242 0 0 0 0.136924787567819 0.293649632293266 0.428191437146559 0.488695309502064 0.474818579231726 0.435559667584538 0.42345732643179 0.407481080871623 0.409855136649892 0.4276528443784 0.447518618473756 0.493804165142037 0.445405137122319 0.414230730275608 0.427249022306921 0.44535829584348 0.44746704926267 0.444013592792232 0.452685500477542 0.466159279151987 0.478894731767362 0.504009976031193 0.515222447176134 0.504703754866536 0.44367380862591 0.399085053654824 0.351605170772262 0.301146106811382 0.269061058387252 0.229993151884833
-9999 -9999 -9999 -9999 -9999 -9999 -9999 -9999 -9999 -9999 -9999 -9999 -9999 -9999 -9999 -9999 -9999 -9999 -9999 -9999 -9999 -9999 0.432273663257597 0.330400089061564 0.123199273519948 0 0 0 0.0917677554667689 0.254170655127549 0.400861050006841 0.456678271562804 0.468907112706919 0.433332316278721 0.425155689411628 0.417153701063609 0.425346763701475 0.448669460612424 0.470255363702134 0.501914260586513 0.464197832596031 0.432137536863745 0.439368499307406 0.453109503638176 0.451761729027659 0.449997886117951 0.461590334740683 0.481354538814569 0.500028211366642 0.514969683444696 0.513587511434205 0.512703928899018 0.474562118141546 0.421992986523936 0.373717987905689 0.322663299742081 0.287650988702972 0.24759326447077
-9999 -9999 -9999 -9999 -9999 -9999 -9999 -9999 -9999 -9999 -9999 -9999 -9999 -9999 -9999 -9999 -9999 -9999 -9999 -9999 -9999 -9999 0.416633099715309 0.308097230675558 0.0930960535715392 0 0 0 0.034380872983819 0.214986280499386 0.382598270838692 0.421272279897736 0.453283302700096 0.450977908581436 0.441758388094824 0.446244947694252 0.459803232023133 0.480739261996914 0.511541636796584 0.513837199648765 0.486316130885646 0.455083620376114 0.454669983728009 0.461678898032913 0.45891180707726 0.461939980570702 0.477330156265172 0.505124184155698 0.517387552349879 0.510195542793799 0.508897948438973 0.515505012340571 0.491062691993826 0.449479643275121 0.400901520740881 0.344636037802452 0.306065584320164 0.253706516154299
-9999 -9999 -9999 -9999 -9999 -9999 -9999 -9999 -9999 -9999 -9999 -9999 -9999 -9999 -9999 -9999 -9999 -9999 -9999 -9999 -9999 -9999 0.388439192059319 0.252721411984819 0.0506813278630004 0 0 0 0.0179448617875243 0.194122142884346 0.361912196216874 0.411707188373589 0.436150657029158 0.449775730022948 0.449806301909323 0.458320842812548 0.472929576770792 0.494515122919462 0.51482680163003 0.510646027394518 0.49912248532746 0.467565925315143 0.46206437872106 0.466449413521187 0.465182011378185 0.471364548258334 0.477281080225264 0.48385794623285 0.491990003782063 0.48855829419023 -9999 -9999 -9999 0.375685756000029 0.333550479380955 0.354467615841075 0.324520603737258 -9999
-9999 -9999 -9999 -9999 -9999 -9999 -9999 -9999 -9999 -9999 -9999 -9999 -9999 -9999 -9999 -9999 -9999 -9999 -9999 -9999 -9999 0.46714413089459 0.341532313917226 0.190631725017143 0.00375877784943091 0 0 0 0.0124163452546172 0.183579790378917 0.348993950937251 0.415949267686112 0.440850142709357 0.436714094479795 0.442491639909417 0.451932130203084 0.467650958752101 0.489137544702645 0.502290884537375 0.493341261493997 0.478295062757322 0.465544884416677 0.458523347741327 0.456642973818487 0.447997352570582 0.447642258757593 0.448729116373006 0.449802649515818 0.457124345755067 0.456211517926477 0.459641196137297 -9999 -9999 -9999 -9999 -9999 -9999 -9999
-9999 -9999 -9999 -9999 -9999 -9999 -9999 -9999 -9999 -9999 -9999 -9999 -9999 -9999 -9999 -9999 -9999 -9999 -9999 -9999 -9999 0.419604321831651 0.272095199126306 0.104128757808908 0 0 0 0 0.0203739694690164 0.18027393603785 0.335223480506456 0.422819172122161 0.430902730591792 0.419051525310973 0.427143200210615 0.439283282762916 0.455279210665859 0.475826679057159 0.484719501299895 0.471209473353423 0.447231364488277 0.430950008796607 0.422264278857064 0.417088701986603 0.410588861922903 0.407140326084987 0.40723170355953 0.41033028599013 0.416911560901609 0.420123299893949 0.43275287081284 -9999 -9999 -9999 -9999 -9999 -9999 -9999
-9999 -9999 -9999 -9999 -9999 -9999 -9999 -9999 -9999 -9999 -9999 -9999 -9999 -9999 -9999 -9999 -9999 -9999 -9999 -9999 0.447354869498281 0.366694870237876 0.191540770293792 0 0 0 0 0 0.0175227426319137 0.176534706962495 0.330929009750625 0.412711376007742 0.411583462783856 0.398676715780083 0.410966005370755 0.424646383428427 0.440452319232192 0.46115658136409 0.473500199313489 0.448231646850238 0.414469327111246 0.393101337094655 0.38392050492443 0.374045244529831 0.369719931339958 0.363131486915303 0.363110316560357 0.369272242587925 0.375389595887349 0.387344623835395 0.403698756849498 0.448089676961959 -9999 -9999 -9999 -9999 -9999 -9999
