meets/meet004/_saidas_enm/CCSM_Maxent_6k_Cavanillesia_umbellata3.asc
NCOLS 154 
NROWS 168 
XLLCORNER -112 
YLLCORNER -55.5 
CELLSIZE 0.5 
NODATA_value -9999 
[rows 50 to 74 of 168, columns 56 to 111 of 154]
-9999 -9999 -9999 -9999 -9999 -9999 -9999 -9999 -9999 -9999 -9999 -9999 -9999 0.0197565723210573 0.0444469973444939 0.0496552363038063 0.0425953790545464 0.166150346398354 0.232522144913673 0.300271451473236 0.341873317956924 0.354074209928513 0.289785653352737 0.294924020767212 0.339389443397522 0.352144479751587 0.116862595081329 0.116901643574238 0.120135016739368 0.116664372384548 0.0929654017090797 0.0897688791155815 0.0875988751649857 0.0840272232890129 0.267305225133896 0.340571343898773 0.253688544034958 0.233703568577766 0.212949275970459 0.209524810314178 0.208225816488266 0.208380311727524 0.2087442278862 0.20402255654335 0.0298723671585321 0.0352860577404499 0.0431840904057026 0.0566598922014236 0.0728386640548706 0.116316959261894 0.140287294983864 0.138878211379051 0.539017677307129 0.555628836154938 0.586994290351868 0.178511187434196
-9999 -9999 -9999 -9999 -9999 -9999 -9999 -9999 -9999 -9999 -9999 -9999 -9999 0.0354080200195312 0.0521474331617355 0.0486129149794579 0.0544959865510464 0.196309894323349 0.280251175165176 0.337897330522537 0.370456516742706 0.384018331766129 0.356873005628586 0.363975912332535 0.145147368311882 0.150317311286926 0.153755754232407 0.154760450124741 0.156915798783302 0.155751690268517 0.156172230839729 0.156649634242058 0.10754070430994 0.119991213083267 0.327765256166458 0.32153245806694 0.303710877895355 0.287261307239532 0.267010718584061 0.247459143400192 0.246599867939949 0.231824472546577 0.229031682014465 0.185276567935944 0.0308051239699125 0.0352034643292427 0.0444148816168308 0.0581562966108322 0.0950094312429428 0.127413108944893 0.136088594794273 0.524047553539276 0.544363856315613 0.561275839805603 0.256286710500717 0.181345880031586
-9999 -9999 -9999 -9999 -9999 -9999 -9999 -9999 -9999 -9999 -9999 0.0454730838537216 0.0352678596973419 0.0498384907841682 0.0505182631313801 0.060452401638031 0.0710106715559959 0.0747063010931015 0.332056373357773 0.359380185604095 0.387221574783325 0.115259751677513 0.123415566980839 0.1297966837883 0.127487137913704 0.166127517819405 0.165202975273132 0.162254199385643 0.161934942007065 0.1602763235569 0.162793904542923 0.13951413333416 0.151308909058571 0.135797783732414 0.123876139521599 0.339213490486145 0.331337481737137 0.317793726921082 0.292808532714844 0.266465872526169 0.26589035987854 0.258807778358459 0.252790927886963 0.206879079341888 0.199076935648918 0.215505838394165 0.265190750360489 0.315813511610031 0.45117661356926 0.50681060552597 0.508062779903412 0.527622163295746 0.553223133087158 0.572456002235413 0.268198132514954 0.188177168369293
-9999 -9999 -9999 -9999 -9999 -9999 -9999 -9999 -9999 -9999 0.0572130270302296 0.0415872819721699 0.0344617292284966 0.0363204255700111 0.050709992647171 0.0705848038196564 0.0854039266705513 0.103074006736279 0.109206274151802 0.111908979713917 0.116337172687054 0.120301321148872 0.116219654679298 0.118670545518398 0.124001391232014 0.127253085374832 0.126784697175026 0.12424647808075 0.123227417469025 0.123790547251701 0.159721121191978 0.142619356513023 0.159851893782616 0.149105057120323 0.135577097535133 0.364088147878647 0.349961847066879 0.334582895040512 0.318872779607773 0.29759082198143 0.284443467855453 0.274176031351089 0.226812496781349 0.234864726662636 0.250963240861893 0.283467948436737 0.388565331697464 0.458667188882828 0.497059226036072 0.565640032291412 0.579233705997467 0.596491396427155 0.563747644424438 0.253291338682175 0.273956596851349 0.191491454839706
-9999 -9999 -9999 -9999 -9999 -9999 -9999 -9999 -9999 -9999 0.0804638862609863 0.0535578988492489 0.0348679609596729 0.0454994700849056 0.0545577853918076 0.0748322755098343 0.0944806709885597 0.116772934794426 0.123453490436077 0.118832975625992 0.117784939706326 0.118849135935307 0.108360454440117 0.111840054392815 0.114604465663433 0.116127409040928 0.115203976631165 0.111555255949497 0.110476046800613 0.111921474337578 0.0965597108006477 0.111557692289352 0.131007805466652 0.127507105469704 0.145843267440796 0.130124717950821 0.368063926696777 0.353972643613815 0.344351232051849 0.34357288479805 0.345450848340988 0.33974152803421 0.292096853256226 0.309065371751785 0.337934583425522 0.446159482002258 0.556940197944641 0.568589866161346 0.571264266967773 0.578382790088654 0.582250118255615 0.259252309799194 0.274018794298172 0.24283093214035 0.260592222213745 0.265493303537369
-9999 -9999 -9999 -9999 -9999 -9999 -9999 -9999 0.0826642438769341 0.12242367118597 0.141274839639664 0.0772955268621445 0.0479884557425976 0.0533722937107086 0.0654404163360596 0.0742249265313148 0.0956068709492683 0.122069269418716 0.129004657268524 0.125839024782181 0.112563669681549 0.106992572546005 0.104974880814552 0.104311347007751 0.104143023490906 0.10168482363224 0.0999274104833603 0.0964560359716415 0.0762809813022614 0.0809450447559357 0.084963783621788 0.104128114879131 0.126777425408363 0.129835471510887 0.150327399373055 0.138660207390785 0.386652261018753 0.370293229818344 0.366681039333344 0.366139888763428 0.371574074029922 0.324396044015884 0.336346238851547 0.42189434170723 0.46571958065033 0.502662599086761 0.564565360546112 0.559325754642487 0.23197777569294 0.235895693302155 0.239944085478783 0.251254826784134 0.26186740398407 0.232596591114998 0.25196784734726 0.254359692335129
-9999 -9999 -9999 -9999 -9999 -9999 -9999 -9999 0.107011698186398 0.1699198782444 0.191067293286324 0.130310788750648 0.0691606998443604 0.0733789354562759 0.0808533653616905 0.0889160186052322 0.096332311630249 0.120699547231197 0.13162499666214 0.123976074159145 0.107682906091213 0.102060601115227 0.098963588476181 0.0975837856531143 0.0935922712087631 0.087860643863678 0.0915559753775597 0.0755539834499359 0.0784564763307571 0.0849952846765518 0.0902412906289101 0.0968090519309044 0.111392825841904 0.127257764339447 0.123654641211033 0.145746618509293 0.139549791812897 0.398550063371658 0.39287805557251 0.336506903171539 0.398909598588943 0.407823383808136 0.427299559116364 0.464794635772705 0.502039849758148 0.194514483213425 0.196973457932472 0.235351741313934 0.233115673065186 0.238121300935745 0.242363825440407 0.254082769155502 0.265474796295166 0.234580606222153 0.252782791852951 0.252139806747437
-9999 -9999 -9999 -9999 -9999 -9999 -9999 0.119456142187119 0.135176464915276 0.195792093873024 0.173238947987556 0.141165971755981 0.133611485362053 0.142298594117165 0.127876535058022 0.10495288670063 0.11415721476078 0.131494507193565 0.109270088374615 0.10030660033226 0.106335669755936 0.107352443039417 0.108342215418816 0.0893508866429329 0.0890258550643921 0.0895322561264038 0.0925566703081131 0.0966738536953926 0.0982568487524986 0.0985796749591827 0.0975979641079903 0.099022202193737 0.103388369083405 0.113273747265339 0.11698716878891 0.115062013268471 0.12173530459404 0.120588213205338 0.120637223124504 0.117108449339867 0.13892425596714 0.144994720816612 0.159191489219666 0.178934454917908 0.188683047890663 0.197588816285133 0.20004977285862 0.199941128492355 0.199029207229614 0.202100574970245 0.21330751478672 0.223534598946571 0.23699314892292 0.250142514705658 0.261695474386215 0.257987141609192
-9999 -9999 -9999 -9999 -9999 -9999 -9999 0.130817025899887 0.170764327049255 0.182034760713577 0.159827172756195 0.432203471660614 0.149797365069389 0.154483169317245 0.146877288818359 0.151910305023193 0.130263864994049 0.14806093275547 0.124810107052326 0.109109535813332 0.101617082953453 0.102792479097843 0.10687730461359 0.110243000090122 0.107532434165478 0.108857661485672 0.112119138240814 0.115608386695385 0.117602445185184 0.118128970265388 0.117210902273655 0.118126690387726 0.118299588561058 0.120686061680317 0.122315518558025 0.122594922780991 0.120357841253281 0.122415192425251 0.123307287693024 0.122887298464775 0.155456364154816 0.159885853528976 0.177589893341064 0.201094388961792 0.202621310949326 0.1993657797575 0.212504044175148 0.209063693881035 0.208042234182358 0.208048120141029 0.213759258389473 0.228025957942009 0.243643894791603 0.255899876356125 0.266245037317276 0.262388229370117
-9999 -9999 -9999 -9999 -9999 -9999 0.111451290547848 0.142871722579002 0.166070625185966 0.175911322236061 0.436430811882019 0.444805830717087 0.407055199146271 0.128178253769875 0.155316725373268 0.174281805753708 0.159120917320251 0.164339482784271 0.138471335172653 0.121122196316719 0.114001259207726 0.117697641253471 0.121648415923119 0.125059023499489 0.126312091946602 0.126280725002289 0.130972251296043 0.137055575847626 0.172057017683983 0.172704339027405 0.172683089971542 0.140517488121986 0.175557479262352 0.143131896853447 0.142126590013504 0.177893474698067 0.179575979709625 0.178790464997292 0.182174280285835 0.189122885465622 0.192970857024193 0.199653699994087 0.205692112445831 0.20994059741497 0.20392894744873 0.197830632328987 0.205250188708305 0.199023425579071 0.196689307689667 0.197364389896393 0.200727432966232 0.212702006101608 0.231015339493752 0.244363144040108 0.256218731403351 0.262696385383606
-9999 -9999 -9999 -9999 -9999 -9999 0.12094371765852 0.140351146459579 0.15273517370224 0.451720356941223 0.452223390340805 0.459582835435867 0.425388991832733 0.143110439181328 0.156844347715378 0.1980299949646 0.172160997986794 0.174472406506538 0.147836536169052 0.141653150320053 0.127624675631523 0.132020324468613 0.137821599841118 0.141413912177086 0.141718968749046 0.141680255532265 0.180304750800133 0.187032178044319 0.190672591328621 0.19265441596508 0.194257944822311 0.19639790058136 0.203754976391792 0.204281270503998 0.203395053744316 0.205440387129784 0.208563432097435 0.215653166174889 0.217792883515358 0.221041038632393 0.21420356631279 0.210107132792473 0.206101208925247 0.200110375881195 0.0335880927741528 0.186508938670158 0.19084107875824 0.185781508684158 0.184013843536377 0.184360787272453 0.0327576324343681 0.034559391438961 0.0383432283997536 0.0411646030843258 0.0441418029367924 0.252899706363678
-9999 -9999 -9999 -9999 -9999 -9999 0.122116930782795 0.131232529878616 0.398647874593735 0.439801841974258 0.457772552967072 0.473892986774445 0.459956079721451 0.174904093146324 0.19519416987896 0.216234132647514 0.228746294975281 0.189335897564888 0.158363670110703 0.153082892298698 0.140201717615128 0.148025810718536 0.191054210066795 0.193927451968193 0.19131538271904 0.187518313527107 0.195407122373581 0.208369463682175 0.212734892964363 0.217373013496399 0.218408361077309 0.222898542881012 0.225067943334579 0.226344004273415 0.225379019975662 0.223735377192497 0.232827812433243 0.234940111637115 0.228245317935944 0.214404717087746 0.207506954669952 0.0356744304299355 0.0345447808504105 0.0336037464439869 0.0319939702749252 0.0300491247326136 0.0312579572200775 0.0302654691040516 0.0299487877637148 0.0301680564880371 0.0307299979031086 0.0324168838560581 0.0354993641376495 0.0380250997841358 0.0411044210195541 0.044302973896265
-9999 -9999 -9999 -9999 -9999 -9999 -9999 0.360952138900757 0.380823940038681 0.432061553001404 0.473504066467285 0.492248892784119 0.504689514636993 0.521184265613556 0.229420751333237 0.252360194921494 0.260763168334961 0.254064172506332 0.214487135410309 0.20724806189537 0.162511870265007 0.206170305609703 0.221134051680565 0.224482536315918 0.208921253681183 0.207814067602158 0.214263588190079 0.224527135491371 0.232981950044632 0.238368526101112 0.242169976234436 0.245361462235451 0.247558951377869 0.246993377804756 0.243362873792648 0.239379405975342 0.233267664909363 0.226876199245453 0.220740929245949 0.212845087051392 0.0362532064318657 0.0337861850857735 0.0326861031353474 0.0343722105026245 0.0322342403233051 0.0305137559771538 0.0293162371963263 0.0286134164780378 0.0283714197576046 0.0284403804689646 0.0290121324360371 0.0300850626081228 0.0326695889234543 0.0345210246741772 0.036377128213644 0.0384753346443176
-9999 -9999 -9999 -9999 -9999 -9999 -9999 -9999 0.363673150539398 0.438198894262314 0.491622924804688 0.508515477180481 0.519364416599274 0.535734176635742 0.246282696723938 0.278493106365204 0.288376212120056 0.237032890319824 0.238841965794563 0.230819553136826 0.223949536681175 0.226848721504211 0.234321191906929 0.238972306251526 0.237951755523682 0.237765356898308 0.247999042272568 0.257591217756271 0.262270122766495 0.260256916284561 0.258370637893677 0.2577223777771 0.256287783384323 0.254197537899017 0.235719636082649 0.230239227414131 0.224962845444679 0.217771306633949 0.21160651743412 0.0360575579106808 0.034461434930563 0.0359963066875935 0.0335587188601494 0.0326451100409031 0.0308446474373341 0.0291646085679531 0.0283047780394554 0.0275721345096827 0.0268843006342649 0.0267270132899284 0.0266007576137781 0.0277440529316664 0.0296610686928034 0.0311210658401251 0.0321959145367146 0.0324934124946594
-9999 -9999 -9999 -9999 -9999 -9999 0.367068082094193 0.370637476444244 0.379504680633545 0.444956451654434 0.488931387662888 0.515707671642303 0.536226034164429 0.554649889469147 0.256514728069305 0.286882370710373 0.311517804861069 0.253346502780914 0.252262324094772 0.249330386519432 0.245130300521851 0.244248390197754 0.243909299373627 0.246447190642357 0.24912416934967 0.247806653380394 0.248723700642586 0.25124654173851 0.254976540803909 0.254920840263367 0.25253814458847 0.250342220067978 0.248090118169785 0.245422199368477 0.240927830338478 0.235794827342033 0.229066163301468 0.208952873945236 0.203052029013634 0.0342907793819904 0.0355241000652313 0.0342596992850304 0.0331264287233353 0.0318101420998573 0.107526749372482 0.0999709218740463 0.0945965722203255 0.0909734815359116 0.089013434946537 0.0879891589283943 0.0884959697723389 0.0905581563711166 0.0935514345765114 0.0968411490321159 0.102762080729008 0.447282195091248
-9999 -9999 -9999 -9999 -9999 0.336101502180099 0.405562222003937 0.392620891332626 0.415237754583359 0.459968090057373 0.482412368059158 0.526229441165924 0.556234061717987 0.581394970417023 0.27887237071991 0.30266147851944 0.275444656610489 0.27238255739212 0.267159163951874 0.268854528665543 0.268621414899826 0.265814334154129 0.258207768201828 0.252031832933426 0.248959004878998 0.245035484433174 0.246009036898613 0.245713785290718 0.247307866811752 0.249527409672737 0.246157720685005 0.243348017334938 0.239840969443321 0.236704304814339 0.232431262731552 0.227899059653282 0.221603557467461 0.213619709014893 0.207916542887688 0.200938701629639 0.0335818976163864 0.119852870702744 0.108736500144005 0.102813832461834 0.0947099849581718 0.0875478312373161 0.0841627940535545 0.0802571550011635 0.0784937813878059 0.0777256041765213 0.0772552713751793 0.0794608145952225 0.081029899418354 0.0829246640205383 0.388702005147934 0.391728907823563
-9999 -9999 -9999 -9999 -9999 0.419761657714844 0.421891272068024 0.425606817007065 0.450652837753296 0.492730915546417 0.516418099403381 0.553305923938751 0.583494544029236 0.611949265003204 0.642578661441803 0.33298259973526 0.292125880718231 0.29473015666008 0.292728245258331 0.289121717214584 0.283126324415207 0.274480193853378 0.264463424682617 0.257119953632355 0.251389503479004 0.576268136501312 0.572833597660065 0.571099579334259 0.570754885673523 0.570585131645203 0.567589640617371 0.562015116214752 0.556826591491699 0.552239120006561 0.54637736082077 0.539567828178406 0.530354976654053 0.520503461360931 0.508242011070251 0.490441054105759 0.115437157452106 0.108275391161442 0.0985505655407906 0.0931287035346031 0.0867948234081268 0.080846332013607 0.0767050832509995 0.0737214908003807 0.0719610005617142 0.0708010569214821 0.0704274848103523 0.0708433464169502 0.0716374963521957 0.348870038986206 0.350518018007278 0.351029366254807
-9999 -9999 -9999 -9999 -9999 -9999 0.447135120630264 0.47065594792366 0.485916435718536 0.520260751247406 0.495818853378296 0.524847567081451 0.578308999538422 0.604468882083893 0.63243442773819 0.636563301086426 0.637712776660919 0.307642638683319 0.307451844215393 0.29645961523056 0.291131883859634 0.61456573009491 0.604566216468811 0.59394633769989 0.583495259284973 0.576077938079834 0.569246351718903 0.566035985946655 0.562572419643402 0.558334648609161 0.555303037166595 0.552650451660156 0.546938955783844 0.541730999946594 0.535529255867004 0.527494311332703 0.514653861522675 0.49940887093544 0.484785884618759 0.467342734336853 0.449637889862061 0.100068375468254 0.0907191261649132 0.0859803780913353 0.0811131745576859 0.0755340233445168 0.0719563588500023 0.0688768178224564 0.0669751837849617 0.0655349269509315 0.0646283403038979 0.0642075464129448 0.318918734788895 0.317519515752792 0.315388202667236 0.313563972711563
-9999 -9999 -9999 -9999 -9999 -9999 0.470206618309021 0.492062568664551 0.522931933403015 0.521308779716492 0.42646324634552 0.473175346851349 0.495850652456284 0.516671121120453 0.56393975019455 0.620533287525177 0.671452939510345 0.661131918430328 0.229425430297852 0.211447462439537 0.622875034809113 0.614168107509613 0.608132362365723 0.598317801952362 0.585084438323975 0.571899116039276 0.566669344902039 0.562886536121368 0.55817174911499 0.55116218328476 0.543857157230377 0.540256261825562 0.535594820976257 0.529156506061554 0.520258963108063 0.508667290210724 0.496218591928482 0.48176583647728 0.467597544193268 0.452291578054428 0.436284899711609 0.0954115614295006 0.0871879681944847 0.0827322751283646 0.0785525962710381 0.073964424431324 0.0699427649378777 0.0666848719120026 0.064530611038208 0.0628106594085693 0.0613093040883541 0.304309546947479 0.298628121614456 0.293836802244186 0.28850057721138 0.282816201448441
-9999 -9999 -9999 -9999 -9999 -9999 0.463983476161957 0.503816783428192 0.517384827136993 0.493338346481323 0.366074174642563 0.392390131950378 0.393224328756332 0.414960145950317 0.474012792110443 0.546824514865875 0.639602184295654 0.642041385173798 0.216039925813675 0.21427620947361 0.614646375179291 0.60743260383606 0.609806180000305 0.600495338439941 0.58263373374939 0.568515539169312 0.562879621982574 0.560846328735352 0.554146230220795 0.542851030826569 0.534082591533661 0.527716398239136 0.523859262466431 0.515928626060486 0.503404974937439 0.492358803749084 0.478454262018204 0.466127663850784 0.453107684850693 0.437245428562164 0.425163358449936 0.409697711467743 0.395491540431976 0.376408040523529 0.0764518976211548 0.0731010064482689 0.0689017996191978 0.0655881687998772 0.0630679205060005 0.0605576820671558 0.0589674413204193 0.290802925825119 0.282556861639023 0.273959457874298 0.263563990592957 0.256396740674973
-9999 -9999 -9999 -9999 -9999 -9999 -9999 -9999 0.436292767524719 0.445169806480408 0.338625431060791 0.351191461086273 0.323410511016846 0.337424129247665 0.396823078393936 0.491551786661148 0.616067171096802 0.658153414726257 0.231549680233002 0.218704000115395 0.608048796653748 0.604595184326172 0.567866742610931 0.56172126531601 0.587157666683197 0.568113923072815 0.563327074050903 0.56140923500061 0.555570423603058 0.543548703193665 0.53027355670929 0.138594105839729 0.13575704395771 0.131607979536057 0.125939875841141 0.11957062035799 0.114541061222553 0.457116305828094 0.444337218999863 0.431914120912552 0.418409317731857 0.40602919459343 0.39347442984581 0.38219752907753 0.37102547287941 0.353347510099411 0.339901089668274 0.327194482088089 0.317101240158081 0.307705014944077 0.297437727451324 0.286746919155121 0.274472326040268 0.262927263975143 0.250344187021255 0.238431766629219
-9999 -9999 -9999 -9999 -9999 -9999 -9999 -9999 0.406331151723862 0.388463616371155 0.336582481861115 0.307553917169571 0.269505739212036 0.273225158452988 0.331463664770126 0.432102918624878 0.579536139965057 0.645597994327545 0.221048519015312 0.202358350157738 0.596106886863708 0.557781636714935 0.504067838191986 0.125653058290482 0.533211171627045 0.558741569519043 0.544923901557922 0.511574149131775 0.510117888450623 0.531657636165619 0.140550374984741 0.136878192424774 0.134633302688599 0.129937693476677 0.122937239706516 0.11683750897646 0.111314699053764 0.106756038963795 0.102163322269917 0.425061881542206 0.414002895355225 0.402351796627045 0.39167195558548 0.382097244262695 0.370652407407761 0.361200302839279 0.349386543035507 0.329908847808838 0.319119095802307 0.306912153959274 0.297256141901016 0.284658044576645 0.271349310874939 0.255770027637482 0.237585067749023 0.266641139984131
-9999 -9999 -9999 -9999 -9999 -9999 -9999 -9999 -9999 0.368618965148926 0.332735955715179 0.283376187086105 0.226109802722931 0.223385736346245 0.275363445281982 0.377466470003128 0.535068392753601 0.576327562332153 0.177333384752274 0.167674854397774 0.545662641525269 0.498282223939896 0.453758925199509 0.104414626955986 0.47610530257225 0.50082540512085 0.489372223615646 0.46439528465271 0.111381821334362 0.117897838354111 0.122972600162029 0.121961787343025 0.117270514369011 0.119140990078449 0.124120727181435 0.116901859641075 0.111829072237015 0.106415927410126 0.10166372358799 0.0978374555706978 0.414298921823502 0.404075562953949 0.393275260925293 0.382756471633911 0.374291628599167 0.363905072212219 0.351608037948608 0.338221967220306 0.319963395595551 0.310434460639954 0.298893958330154 0.286764562129974 0.266268640756607 0.248022139072418 0.231577053666115 0.252142757177353
-9999 -9999 -9999 -9999 -9999 -9999 -9999 -9999 -9999 -9999 0.293140023946762 0.257073163986206 0.189866960048676 0.194640263915062 0.234071582555771 0.323170006275177 0.468922793865204 0.534695267677307 0.12843856215477 0.501931726932526 0.484054625034332 0.44881471991539 0.406422287225723 0.0877478271722794 0.422778576612473 0.443814754486084 0.438702642917633 0.420388162136078 0.0958427861332893 0.100225672125816 0.103262417018414 0.102725550532341 0.0981237441301346 0.0981409326195717 0.100637875497341 0.102122753858566 0.102647006511688 0.101341299712658 0.102847456932068 0.0978207737207413 0.0933081731200218 0.404018342494965 0.394839763641357 0.384920626878738 0.37348872423172 0.362665295600891 0.350126653909683 0.336512416601181 0.32418167591095 0.304584681987762 0.271090567111969 0.245592281222343 0.221621349453926 0.20574352145195 0.239210873842239 0.225565940141678
-9999 -9999 -9999 -9999 -9999 -9999 -9999 -9999 -9999 -9999 -9999 0.222906917333603 0.193973854184151 0.184703052043915 0.211383864283562 0.274948418140411 0.388495683670044 0.423177301883698 0.392717212438583 0.426428616046906 0.433013796806335 0.410690605640411 0.371376305818558 0.360470056533813 0.375465601682663 0.38714262843132 0.390651673078537 0.384953111410141 0.0844284221529961 0.087206169962883 0.0888329818844795 0.0886408388614655 0.0855151861906052 0.0842914059758186 0.083516962826252 0.0814914479851723 0.0823373794555664 0.0811320394277573 0.0822790563106537 0.0843543186783791 0.0849887728691101 0.39599820971489 0.393382996320724 0.383238345384598 0.372202128171921 0.360309094190598 0.347865521907806 0.334301859140396 0.319688111543655 0.281541049480438 0.242165759205818 0.221422240138054 0.203677356243134 0.188174873590469 0.172729328274727 0.197858795523643
