meets/meet004/_saidas_enm/CCSM_Maha_21k_Aralia_warmingiana2.asc
NCOLS 154 
NROWS 168 
XLLCORNER -112 
YLLCORNER -55.5 
CELLSIZE 0.5 
NODATA_value -9999 
[rows 75 to 99 of 168, columns 56 to 111 of 154]
-9999 -9999 -9999 -9999 -9999 -9999 -9999 -9999 -9999 -9999 -9999 -196.577663974094 -228.739293551661 -222.735082974732 -180.308063756747 -112.180211111956 -59.1276203615463 -20.3220358626194 -11.4820272285016 -14.5853333623809 -13.5027691427224 -11.7462186952837 -10.5300922076172 -9.0294345584924 -7.22036537285408 -5.85066258037715 -5.31335640735863 -4.70921577940667 -4.33941068377828 -3.94337911603418 -3.58441406135029 -3.50112853232876 -3.47331803076638 -3.11460119282279 -2.44460586828789 -1.8663289691195 -1.23725885765242 -0.668074345674412 -0.40163195609871 -0.220638092078175 -0.0560818065708446 0.00371448327361801 0.125946728631955 0.0473420809737737 -0.29777502415351 -0.92934029185952 -1.43244967642598 -2.25279095843171 -3.29242861754391 -3.65783301158632 -4.57705478409034 -5.00104635384203 -5.57296753857764 -6.12494249873906 -6.45979496305018 -7.00296370233609
-9999 -9999 -9999 -9999 -9999 -9999 -9999 -9999 -9999 -9999 -9999 -179.350272443836 -195.081992898235 -187.853121800505 -173.535773200856 -131.207354766293 -82.129934353188 -32.0197473430676 -15.0597479741005 -17.1203705872066 -17.8599782339533 -14.7259799179625 -12.3586481262641 -10.5930422344414 -8.58787627213029 -6.98301476563814 -6.54821209608325 -5.90464989531997 -5.40128675621644 -4.94928269125267 -4.44255605993788 -4.16014705310812 -3.6835722844022 -3.39446327400076 -3.00563006789587 -2.3923125994863 -1.89036865441309 -1.55985257570324 -1.11574348517235 -0.685541584933423 -0.329668792355248 -0.126444940572579 -0.0308191821774466 0.20456150624928 0.338665450924442 0.188791838865277 -0.403160246155217 -1.33725916130526 -2.1918742764549 -2.34733626844325 -2.64664553147285 -3.19113882248914 -3.9646802552766 -4.75579796994624 -5.39380717488411 -6.17960286754457
-9999 -9999 -9999 -9999 -9999 -9999 -9999 -9999 -9999 -9999 -9999 -9999 -196.670779668323 -182.15832217657 -165.324382389106 -136.855507985566 -105.210623044929 -74.8484848421956 -45.7163254948297 -27.9889175540003 -18.4242742243006 -17.3775063724617 -14.5254361156067 -13.3458600758854 -10.3775631089317 -8.29740518834103 -7.53269688471892 -7.48757817951345 -7.15045807463725 -6.69137520347862 -5.84026425748115 -5.46585637083983 -4.76413175906269 -4.25927415133835 -3.7990580010834 -3.3772275806519 -2.83677129273458 -2.17416814326658 -1.81325000997462 -1.78675738682817 -0.982462455681237 -0.446327955724833 -0.230240936154706 -0.276483491055264 -0.0385654986374098 0.222856511201419 0.0966676482876286 -0.611609897225748 -1.17703357827627 -1.68885594426303 -1.6596520900068 -1.9926942059706 -2.60733862338592 -3.25205713627276 -3.79085656749637 -4.37748422494799
-9999 -9999 -9999 -9999 -9999 -9999 -9999 -9999 -9999 -9999 -9999 -9999 -222.024453505728 -193.007338972931 -146.104527826459 -124.796521207489 -142.62239542604 -149.148345999103 -128.332062103522 -87.1542729206274 -34.840748219267 -21.8144326183283 -16.1663681468966 -13.0179487960518 -11.3747650938265 -9.24085231545293 -9.70850020542686 -10.1556064614433 -9.90584981070875 -9.71557395506558 -8.01814398367285 -7.85749260802685 -7.15736434403042 -6.19679655626278 -5.31788817948932 -4.57646616287842 -4.29318512062369 -3.31660251201815 -2.51798343181148 -2.10648664627023 -1.72886209019421 -1.13697103970142 -0.655581408005865 -0.443826820708955 -0.258058400833138 -0.267776234102604 -0.466689466488814 -0.587823559464021 -0.995745046720725 -1.6821257324359 -1.3425912034776 -1.52745897272625 -1.93253734126442 -2.29137154298769 -2.61165813034756 -3.00908855957223
-9999 -9999 -9999 -9999 -9999 -9999 -9999 -9999 -9999 -9999 -9999 -9999 -9999 -217.463593533852 -148.851914090571 -156.660192882143 -202.255145540656 -249.115614509809 -236.754475983332 -200.445078924359 -125.830533001625 -53.5893177373481 -14.9990314726763 -8.27900380606069 -5.98859699686984 -7.4414804380545 -9.90724956236528 -12.2665175239375 -13.6363303914509 -13.1061488912233 -12.2721642439926 -11.4641121588326 -10.2833231242062 -8.82566720707195 -7.60903501213324 -6.40960944334833 -5.57480419945805 -4.83122341781613 -3.73039417434952 -2.99017992887191 -2.19235363796175 -1.39737023284707 -1.07803530444065 -0.800294564895003 -0.564399267430161 -0.713109019580193 -0.97610540092691 -1.09267119021613 -1.14363483812347 -1.74474355459957 -1.84474732469036 -1.74521604059031 -1.8797617285485 -2.02163441404996 -2.14088889777506 -2.3432870534863
-9999 -9999 -9999 -9999 -9999 -9999 -9999 -9999 -9999 -9999 -9999 -9999 -9999 -154.293158732949 -153.230556372618 -186.127805980443 -262.859197909874 -348.38803734169 -356.62353507174 -311.291146799969 -235.785747677913 -133.034472970665 -31.841688407933 -6.55222081637668 -3.95500691291184 -4.84840666822028 -6.18747813473998 -12.3250470140409 -14.8033627170894 -15.2094154719437 -16.0464437387793 -15.1469174622186 -13.7288582114898 -11.6927213684252 -10.303602986657 -8.67455526059864 -6.94166507954449 -6.09820015376357 -4.72463487234771 -3.84096246508134 -3.18298151833968 -2.09535393142588 -1.25039658351966 -1.22994589506328 -0.806264110895911 -1.28765429080909 -1.29703902347053 -0.784983273974478 -0.565362133641574 -0.850137083588919 -1.22432169817652 -1.83658420448709 -2.37288099892945 -2.57771311368355 -2.71439933718484 -2.70976620068917
-9999 -9999 -9999 -9999 -9999 -9999 -9999 -9999 -9999 -9999 -9999 -9999 -9999 -9999 -152.114519170764 -177.972910380125 -276.727800697351 -375.75412579619 -404.803857437219 -385.943688102076 -296.714164252745 -216.417613497927 -133.667959758894 -79.37452916036 -43.8573143692049 -16.9932869919588 -5.17319714457635 -5.53033170915571 -10.3501444321725 -14.2491026708852 -16.5662047629223 -16.3890403919442 -16.2280754611315 -14.5203789711756 -11.5996201285409 -9.5579104141209 -7.73181288845104 -6.45833419800733 -5.03792152749691 -4.16530491828895 -3.71037203611959 -2.8105620903017 -2.14054871970868 -1.96429386154637 -1.24071771106152 -1.37246485933317 -1.38670047798647 -0.955346770487571 -0.640113983082113 -0.534984426801025 -0.625969476932776 -0.626324095536527 -1.28431873155361 -2.1130932550065 -2.36238466196635 -2.44668663213429
-9999 -9999 -9999 -9999 -9999 -9999 -9999 -9999 -9999 -9999 -9999 -9999 -9999 -9999 -164.784697819026 -157.812366438619 -255.00358959475 -365.032612571578 -425.587511444548 -432.589476804624 -379.916468056097 -348.319229126494 -320.754957734349 -271.967669978552 -187.219394024583 -115.230718738458 -67.113623872884 -15.7712132346417 -5.5105594865591 -6.6595312132364 -16.391036313948 -15.3795476225893 -16.4146100056021 -15.9790722519075 -12.5975049751731 -10.4627011398956 -8.03881255792102 -6.59462728486179 -5.28490460575874 -4.14257156723179 -4.1839084820802 -3.24023024346247 -3.06333436697077 -2.91609483016736 -1.85283724443563 -1.71496432253457 -1.74435871592279 -1.37496961057359 -0.934232059878501 -0.485875859461856 -0.500011050443252 -0.381492749878992 -1.03259601494173 -1.51131851210538 -1.36600468347364 -1.49537823416307
-9999 -9999 -9999 -9999 -9999 -9999 -9999 -9999 -9999 -9999 -9999 -9999 -9999 -9999 -9999 -191.54663562673 -226.930928342582 -318.887613336163 -419.020342739028 -473.536988641828 -515.303948737935 -500.612284616309 -518.506063784999 -494.697863285821 -428.973267345615 -376.189885982305 -276.121942688078 -196.158881412835 -106.210731168198 -31.8090709031341 -6.30152652309161 -11.9853591629413 -16.9257738928344 -17.6204273075129 -13.687199475895 -10.4162774932814 -8.53119565739674 -7.46551456643611 -6.00595268580804 -4.55814214930289 -2.96887567474399 -2.84268653335016 -3.46879512349408 -3.87912194879831 -2.94520599034567 -2.47246807532905 -2.1047978626611 -1.45799130377853 -0.891449308411894 -0.353904167796578 -0.0760259794410467 -0.0475933821454804 -0.353143506104483 -0.621715925239008 -0.686896795705104 -0.697235369902272
-9999 -9999 -9999 -9999 -9999 -9999 -9999 -9999 -9999 -9999 -9999 -9999 -9999 -9999 -9999 -145.38563879501 -218.509043647597 -256.300205901743 -350.40999684942 -463.138119987717 -599.018304396407 -585.797125489276 -671.080339830118 -661.556260343843 -603.972923043965 -648.221201270565 -507.422462585888 -476.809350303045 -330.160915847764 -138.889686528856 -42.7192864022731 -12.1529378253341 -17.1767767120393 -16.7200884004122 -13.7100545914552 -10.0454597941424 -9.17514754164275 -8.60776406930716 -7.14775993108959 -5.37140130039406 -3.38087376063597 -3.07089738530264 -4.10556249676297 -5.08948638362532 -4.41066649950097 -3.63040026507399 -2.57668911278096 -1.65998372013919 -0.866917837274307 -0.292035208882264 0.0832607096648135 0.213763052628743 0.121843641066824 -0.104148195667101 -0.290703675666023 -0.336026344076972
-9999 -9999 -9999 -9999 -9999 -9999 -9999 -9999 -9999 -9999 -9999 -9999 -9999 -9999 -9999 -51.1870193209565 -241.483947859714 -237.155462560794 -287.646258188946 -358.827732338567 -459.316245475428 -542.988922698077 -606.231548026842 -629.787638774557 -598.025744236228 -589.979972349052 -567.427897321019 -540.242885363205 -421.68794020122 -247.860533852583 -120.908444520551 -39.7726062953273 -15.710916062582 -12.2272831110867 -11.3934191603819 -10.444287768645 -9.79274476063413 -9.45380363001613 -8.35374811219493 -7.09771014921845 -5.51469411657415 -4.69616465268636 -5.17927293190663 -5.7122467656422 -5.4333576873628 -4.85950062515607 -3.42676773439364 -2.02771686318859 -1.10678000696311 -0.491359251302609 -0.0762053802357008 0.00661235397648086 -0.0731261427777561 -0.353931588413224 -0.848124758625413 -0.928955085194219
-9999 -9999 -9999 -9999 -9999 -9999 -9999 -9999 -9999 -9999 -9999 -9999 -9999 -9999 -9999 -9999 -103.104569733869 -261.476234914744 -253.633963929847 -271.163708804789 -323.500306467784 -403.356397197534 -477.098335861804 -539.242885469243 -541.389085241536 -545.292437565232 -569.906432425681 -594.5370298271 -513.260110544124 -346.419263209516 -199.856571094686 -90.2695904653159 -27.7491606400168 -9.83943259163105 -8.3224282732665 -9.01539092214593 -8.62376300607972 -8.12903048026939 -7.28854788336883 -6.35207465863732 -4.75085694984873 -4.91729873442495 -6.13875188903801 -6.66115342674274 -6.07018709214649 -5.18591423569386 -4.43072344244258 -3.19215826941278 -2.11951184062358 -1.43835883621818 -0.821624921443215 -1.29359512219107 -1.14523297567582 -0.685425736583607 -0.421492512906852 -0.593404751419128
-9999 -9999 -9999 -9999 -9999 -9999 -9999 -9999 -9999 -9999 -9999 -9999 -9999 -9999 -9999 -9999 -9999 -92.5470264212993 -239.000634805117 -270.980229508048 -255.013984372604 -306.854799074523 -386.357736873779 -467.586811906603 -516.146392861118 -566.405265073424 -622.821400390313 -658.200309797571 -588.145572034411 -436.667184194183 -291.886424122955 -172.373272420586 -80.3558670194582 -25.3260163086384 -7.39702009665593 -5.59565672549898 -7.0974175104628 -7.17511773597075 -7.55612707165244 -6.33184569364299 -6.07730683300966 -6.1525742123453 -6.810326602072 -6.77008814943033 -6.06496732510562 -4.99371312018565 -4.13324599004891 -3.49233474764973 -3.16788767418768 -2.31830127402068 -1.4790802779535 -0.93401276826808 -0.670370968892954 -0.506757636594461 -0.370811193742426 -0.548356835241805
-9999 -9999 -9999 -9999 -9999 -9999 -9999 -9999 -9999 -9999 -9999 -9999 -9999 -9999 -9999 -9999 -9999 -9999 -9999 -241.996528525357 -307.038542702597 -307.375387905294 -344.461288437566 -425.43309224956 -494.352062688892 -526.430959287066 -611.016983111002 -679.653294534006 -638.913247909441 -514.855151444 -390.03741305897 -263.960694121768 -167.26908606317 -84.1158859907201 -29.0492273990317 -7.34540565194971 -5.08376325909805 -5.24637533145429 -6.88531301753828 -7.01842383428199 -8.03923957286026 -7.24899753673805 -7.14012252145791 -6.71733274915758 -5.85943907601177 -5.09057563824342 -4.29819413719995 -3.64695288609968 -3.21344838319049 -1.70696278874606 -0.609297966236228 -0.617496979026535 -0.982842868796213 -0.52622476741749 -0.0349174898587583 -0.0390977484669737
-9999 -9999 -9999 -9999 -9999 -9999 -9999 -9999 -9999 -9999 -9999 -9999 -9999 -9999 -9999 -9999 -9999 -9999 -9999 -9999 -9999 -270.740848298182 -347.457459417315 -383.040101364204 -436.964256739698 -506.621819616661 -553.846252853938 -603.237381693001 -613.132841337795 -561.654544018585 -489.803250270586 -365.698379394412 -272.190198286637 -186.157695657521 -98.2419394016435 -36.8032008178825 -10.1123941960641 -5.68464259308283 -4.65396589409978 -7.13898454404564 -7.01548880727813 -6.66352184288061 -6.88248188824413 -6.01944478242721 -5.62081523360898 -5.13393253531575 -4.32856364481225 -3.91702305622512 -3.57541181091081 -1.74605659984466 -0.740107648704291 -0.641029250011624 -0.86623469492192 -0.568097513446794 -0.25363581403187 -0.220211114886761
-9999 -9999 -9999 -9999 -9999 -9999 -9999 -9999 -9999 -9999 -9999 -9999 -9999 -9999 -9999 -9999 -9999 -9999 -9999 -9999 -9999 -9999 -9999 -272.212825938394 -333.784971842096 -401.107603610071 -463.845002070382 -517.961835494525 -564.256160839407 -560.918395919218 -551.563336813306 -461.851513760455 -388.466399640585 -298.368406872829 -204.136969437196 -122.220637636593 -56.8088173935828 -19.2654469336981 -8.7855830151109 -5.66741787186843 -6.26399337027063 -4.85459707535513 -4.67498579262014 -4.6107934532753 -4.87136971564753 -4.5415901816256 -3.89608351565357 -3.61546224382019 -3.38585631127367 -1.90007564063893 -0.910757132266735 -0.750944568725479 -1.00273866784654 -0.70049556866083 -0.432951394097214 -0.275670975946817
-9999 -9999 -9999 -9999 -9999 -9999 -9999 -9999 -9999 -9999 -9999 -9999 -9999 -9999 -9999 -9999 -9999 -9999 -9999 -9999 -9999 -9999 -9999 -9999 -9999 -295.859348087513 -360.896330126581 -400.958135830685 -464.520388639429 -513.068145958834 -531.664131084018 -514.442783559298 -512.024015365047 -448.558768140665 -339.808664326412 -263.017605323706 -152.019439109375 -80.5187365067267 -29.8737531939417 -9.99536111212242 -7.27753975339335 -4.66018285406208 -3.06110112877853 -2.66784885566468 -2.96287691350752 -3.10069520880306 -3.32445183650053 -2.99165634053675 -2.95861219223257 -2.09405419268857 -1.04614309561834 -0.857211615431909 -1.24255716183841 -1.01783228764847 -0.551053318321433 -0.346929631697082
-9999 -9999 -9999 -9999 -9999 -9999 -9999 -9999 -9999 -9999 -9999 -9999 -9999 -9999 -9999 -9999 -9999 -9999 -9999 -9999 -9999 -9999 -9999 -9999 -9999 -219.971717099616 -313.925882831247 -326.687037518688 -373.626583891196 -445.65731730261 -487.771211372519 -520.83005055359 -559.738582202822 -518.929116938818 -428.827165910504 -349.738061267188 -240.050589329783 -148.217875903835 -72.8499654418461 -27.3190964049413 -12.0381040028641 -6.1906289944574 -1.56019750793782 -1.40297969350931 -1.7601779710376 -1.88884749397512 -2.31173875272526 -2.49987603521354 -2.77606866542964 -2.2607491096994 -1.13441911670628 -1.0048668518016 -1.32171021486327 -1.18659087530211 -0.556540830689648 -0.190234961961455
-9999 -9999 -9999 -9999 -9999 -9999 -9999 -9999 -9999 -9999 -9999 -9999 -9999 -9999 -9999 -9999 -9999 -9999 -9999 -9999 -9999 -9999 -9999 -9999 -9999 -9999 -9999 -303.932662851466 -317.04731592724 -355.340583749599 -420.51595524729 -479.63901725953 -514.989143621326 -520.860485772969 -481.030245431843 -419.363211668225 -314.229202812617 -215.751721395797 -120.097189822629 -55.7781145764832 -22.3241830877417 -6.93162892485358 -0.688251652213531 -0.320748087592774 -1.40406788404734 -1.36358997530851 -1.71884763564915 -2.33895283222616 -2.7862767275555 -2.2585130968461 -1.20493148124693 -1.21416027054061 -1.43453534893773 -1.33091864622039 -0.444200204615682 -0.098506957549273
-9999 -9999 -9999 -9999 -9999 -9999 -9999 -9999 -9999 -9999 -9999 -9999 -9999 -9999 -9999 -9999 -9999 -9999 -9999 -9999 -9999 -9999 -9999 -9999 -9999 -9999 -9999 -260.666497907793 -311.846010652824 -309.177716428345 -352.927380736951 -436.48020055548 -505.916980500241 -531.663748126397 -500.197049133584 -432.412559249662 -361.80007176463 -276.055340707703 -163.152954374457 -77.4139806000318 -25.9927840768131 -8.65932953659038 -2.94865771202288 -1.6081299205555 -1.62947542185174 -1.32535258704687 -1.63749999580456 -2.19219600186745 -2.49396122898379 -2.0897800742417 -1.78295473262141 -1.53329799515789 -1.41184692418904 -1.03710482043151 -0.242896592334839 0.046039496035051
-9999 -9999 -9999 -9999 -9999 -9999 -9999 -9999 -9999 -9999 -9999 -9999 -9999 -9999 -9999 -9999 -9999 -9999 -9999 -9999 -9999 -9999 -9999 -9999 -9999 -9999 -9999 -9999 -281.963224210555 -266.538491708226 -288.636182221804 -390.129271292925 -499.114887116024 -544.967100622523 -509.135188895576 -436.28388207647 -381.73564203446 -322.089440600124 -209.060101511826 -98.6307630881812 -31.8018079382786 -9.9760633684966 -5.90742492238472 -3.59996940785627 -2.51333663055198 -0.235618022469883 -0.572274214790835 -0.915438818617092 -1.22571939165223 -1.9316208095527 -2.4089954886593 -1.58955333678112 -1.27880471981629 -0.573471633619289 -0.127279418266398 0.0663442370404739
-9999 -9999 -9999 -9999 -9999 -9999 -9999 -9999 -9999 -9999 -9999 -9999 -9999 -9999 -9999 -9999 -9999 -9999 -9999 -9999 -9999 -9999 -9999 -9999 -9999 -9999 -9999 -9999 -268.568489382742 -247.918551535624 -265.071747249925 -365.873075179362 -485.4172803117 -549.162992208994 -525.592779104596 -440.33785865665 -393.148662442348 -342.390328628892 -230.626569487006 -110.115123253381 -37.7150807691033 -11.8969278293263 -6.33241776654989 -4.7513577051068 -4.58702738551895 -2.63234289878814 -1.13155140427085 -0.380365992453353 -0.565721424792909 -1.54233826402605 -2.15688440532772 -1.50296279814563 -1.03739130554361 -0.487322201625088 -0.327253466805847 0.393881403253646
-9999 -9999 -9999 -9999 -9999 -9999 -9999 -9999 -9999 -9999 -9999 -9999 -9999 -9999 -9999 -9999 -9999 -9999 -9999 -9999 -9999 -9999 -9999 -9999 -9999 -9999 -9999 -9999 -268.010602196041 -235.663529613129 -242.14259285055 -353.428709008484 -490.217208955202 -562.289175308359 -536.075742404453 -441.04559465248 -398.390729397033 -351.471170369044 -241.280289402283 -115.516322080704 -38.9012279559701 -10.8846205164577 -6.57099106295532 -6.52819049278513 -7.65270825878189 -6.78119371160611 -2.63164601489745 -0.666748122948878 -0.489912583023982 -1.1663523419047 -2.70952105732526 -1.07773286603027 -0.692502197598841 -0.173411989693065 0.163710528425694 0.346629874175963
-9999 -9999 -9999 -9999 -9999 -9999 -9999 -9999 -9999 -9999 -9999 -9999 -9999 -9999 -9999 -9999 -9999 -9999 -9999 -9999 -9999 -9999 -9999 -9999 -9999 -9999 -9999 -9999 -254.858418831991 -240.959970991273 -250.825133632758 -361.442626948697 -500.295591467587 -578.730834252681 -567.560739438769 -480.571824019702 -416.094713047016 -349.302051159854 -227.288304594157 -103.798268458294 -34.6137094421543 -9.0024449513066 -6.53086220782056 -8.23215043950131 -9.74094218351965 -8.44918230294687 -4.97775150594493 -2.19030990705178 -1.17991423482379 -0.858745729490388 -0.589880212792125 -0.248365797304804 -0.0412543244816379 0.0988668236057081 0.269411943622449 0.517142331096972
-9999 -9999 -9999 -9999 -9999 -9999 -9999 -9999 -9999 -9999 -9999 -9999 -9999 -9999 -9999 -9999 -9999 -9999 -9999 -9999 -9999 -9999 -9999 -9999 -9999 -9999 -9999 -9999 -243.553366564668 -245.339126828585 -256.233872428395 -380.974360516432 -520.980515110949 -598.180089336141 -588.831840912515 -524.287124568777 -423.644221294079 -337.230780146928 -203.539048986994 -87.3384101280762 -27.0451680297007 -5.91828747973648 -7.26428475656295 -9.57177690300812 -10.8418195986452 -10.5386716668299 -6.45278804037802 -3.71014277995759 -1.82007972478104 -0.565688098436424 -0.330346354909475 0.192367019937425 0.135307997111934 -0.0189509149160008 0.21420546350247 0.509037959362528
