meets/meet004/_saidas_enm/CCSM_SVM_6k_Cavanillesia_umbellata4.asc
NCOLS 154 
NROWS 168 
XLLCORNER -112 
YLLCORNER -55.5 
CELLSIZE 0.5 
NODATA_value -9999 
[rows 50 to 74 of 168, columns 56 to 111 of 154]
-9999 -9999 -9999 -9999 -9999 -9999 -9999 -9999 -9999 -9999 -9999 -9999 -9999 0.113570799582219 0.109147849096499 0.205024315777596 0.432460337448331 0.290059388781846 0.0564721467050976 -0.0697951450148467 -0.0566681046223766 -0.0497232137023652 0.0548718254634566 0.103671062429277 0.076379131266158 0.034752039123659 0.0234516996236696 0.0185198671341321 0.0376197091662229 0.0575695258728685 0.0687351418183599 0.0588315124600075 0.0388270048056386 0.0891758106941493 0.320588635840088 0.482967505004395 0.264691932551244 0.111370352593616 0.0448999796007509 0.00825231030669504 0.0346620744926774 -0.00821034492296863 -0.00615464086564643 -0.015106259667324 -0.0169389375781604 0.0157652223807453 -0.0443700249115307 -0.0315950227815515 -0.00968063247076578 0.0480868890141183 0.148391501764867 0.239254269538727 0.248096175894669 0.215749934817319 0.156945206448599 0.142720045216367
-9999 -9999 -9999 -9999 -9999 -9999 -9999 -9999 -9999 -9999 -9999 -9999 -9999 0.107137445505469 0.104233799952495 0.211773845123941 0.362608346358658 0.172638507088151 -0.0153640997683259 -0.0935631275774501 -0.0656387845964025 0.0111631588638525 0.114553996765462 0.152053260182642 0.121192187140286 0.0783043624792744 0.0501643146524073 0.0441043829029416 0.0463111349790083 0.0492032492459004 0.0523649081505591 0.0536112027521058 0.0614139534604464 0.145934799960014 0.374207889040046 0.53521354024983 0.393916582794013 0.205182216888532 0.118313461070884 0.0573287468903786 0.0446558631494079 0.020725577291817 0.0214026432217618 0.00880667414046915 0.00256129556412049 0.00538306701055169 -0.022218434755124 -0.0154795051782145 0.0326006971866625 0.137772298469575 0.261183172669948 0.301722204985159 0.300474153794541 0.239562908551328 0.15924815482251 0.150900081881106
-9999 -9999 -9999 -9999 -9999 -9999 -9999 -9999 -9999 -9999 -9999 0.112773912664659 0.103867912150082 0.0880978303559027 0.082718581583152 0.149450309047544 0.151589399166046 0.0304569490224147 -0.0542020427654563 -0.0549367615536682 -0.029467127200371 0.0344654197020942 0.0855357911681607 0.0795405223739862 0.0475053462023823 0.0363368789035716 0.0343156615218381 0.0405979225400657 0.0455998533040897 0.0533548698127996 0.0577040592150125 0.0499215441133109 0.0515169697546241 0.0952948726952175 0.319303943051516 0.461620244106855 0.359843761371363 0.183657124626095 0.105585371249807 0.0496276048849191 0.032309833944326 0.021464299417696 0.0257673417745271 0.0145535473635791 -0.00274292740264331 -0.0116208529607348 -0.0338310384790132 -0.00185818377608166 0.0880971411164082 0.231190524749476 0.337337304875125 0.333321799546592 0.302109267904807 0.234336069754221 0.143591615172445 0.155075481725296
-9999 -9999 -9999 -9999 -9999 -9999 -9999 -9999 -9999 -9999 0.112820977807126 0.103122039509794 0.0861764057221973 0.0767526602581646 0.0706861199968249 0.0577918635274793 0.0113561409989263 -0.0194707395525618 0.0125596788829807 0.0279181990927071 0.0372782078249199 0.0333228086736827 0.0172398774708404 0.0133441903529774 0.0203752883113799 0.0314533408942208 0.0396583514262427 0.0469401561999392 0.0582784699312929 0.0703277102711418 0.072169530333133 0.0543706084842367 0.0444486663487993 0.0652132261325546 0.231488156168681 0.408926293844583 0.312463432940594 0.144270966884383 0.063402184240752 0.0190035943272513 -0.00127532422205739 0.00363934904232749 0.0110825846167461 0.005400497561863 -0.0124327678067628 -0.0239884911875783 0.00558915089672235 0.0855786007707857 0.192136452414535 0.285181990334713 0.323084896032585 0.284740474458857 0.227641132099836 0.167602755575755 0.102110415602307 0.127771424745743
-9999 -9999 -9999 -9999 -9999 -9999 -9999 -9999 -9999 -9999 0.0980895451243849 0.079086255433818 0.0558072233013363 0.0648622556831244 0.0715421446793345 0.0693392587718398 0.0115276600102007 -0.0286663218823519 -0.0054072398933912 0.00135937025089256 -0.00286817711366649 -0.00953956522097105 0.000557673367655387 0.0161110921134354 0.0320945924152085 0.0412313632643617 0.051884564564867 0.0676499557644692 0.0829749886232043 0.0924356653172791 0.0920656498037374 0.0681104408538212 0.0428591964477206 0.0423639379698506 0.129946198633509 0.315308521289428 0.300390620223646 0.155451449012856 0.0646064313271097 0.0149686080070214 -0.014103835398203 0.0074193814527721 0.0204875400580148 0.029916378185489 0.0340055695365129 0.045242324481605 0.112129738487308 0.167754809947199 0.202320371399729 0.243954151251786 0.243487241983165 0.206544420623916 0.166506315866186 0.123716583991737 0.0793301044671438 0.101310933652535
-9999 -9999 -9999 -9999 -9999 -9999 -9999 -9999 0.111348406033004 0.0868716877009263 0.0695263504698228 0.0825772649344869 0.0342484486043463 0.0345863704590347 0.065750589068562 0.072343308392884 0.0348957975988881 -0.0142604470590242 -0.0221034323586023 -0.0126531701815873 0.00222794621633832 0.0135882416022715 0.0241187511241276 0.0346386614701231 0.0452726516832487 0.0603902802744276 0.0772883458493441 0.0931788320967836 0.10203030251744 0.104909026015725 0.102647803638008 0.0819125140916852 0.049077478269018 0.0336457626774643 0.0526081393284578 0.184909162171695 0.240837953919389 0.184230447834104 0.115793748966142 0.0688586226755711 0.0468070668847726 0.0648338932274873 0.0944498495392114 0.125354938396111 0.147982694512379 0.170782467068368 0.180987043371489 0.174540654388115 0.172468543005536 0.188232054081619 0.171738404841776 0.155306467381745 0.111474880553653 0.0986810473839952 0.0872066736306993 0.119065152359558
-9999 -9999 -9999 -9999 -9999 -9999 -9999 -9999 0.095198743614996 0.0626372547534039 0.155258139368633 0.123734293274899 -0.00730038507642766 0.0125670334686908 0.0473795823393502 0.0579862936585927 0.0545146160912314 0.0253526562141888 0.016314025986656 0.0272924152566303 0.0370500932173833 0.0405907928325669 0.0433541402892028 0.0510628475645724 0.0690186346478627 0.0885147559258788 0.0915175550471702 0.0944973378993104 0.0940497862881925 0.0913374115685827 0.0892259719934587 0.0874097040088877 0.0596775531224817 0.0368553751112546 0.0183249173973751 0.0702619186340079 0.156176397433806 0.187303064533639 0.180976218015548 0.169217217573159 0.155187775422691 0.179579606582031 0.200886332877761 0.227524614714858 0.246139454622242 0.224111316198954 0.181660353372806 0.130963467465803 0.115097712792517 0.126146275241412 0.126579003561918 0.126105602049033 0.107267427176016 0.107109903964078 0.109215834204281 0.167363110957415
-9999 -9999 -9999 -9999 -9999 -9999 -9999 0.104054969788542 0.077034668511553 0.0829475455823325 0.220056073968786 0.109089609912038 -0.0469993024380282 -0.0350543618233699 0.0193291557766277 0.0461627737674589 0.0388095597567119 0.042335065038391 0.0435204008245161 0.0483119690016808 0.0537863820204683 0.0569914658640681 0.0613840618402013 0.0635968240608049 0.0665250273199547 0.0704547323309392 0.0705834680853544 0.0698646141264191 0.0695130837002768 0.0684876963392227 0.0681244369985972 0.0659883060468389 0.0648608304116146 0.0449254194777544 0.0233320076395384 0.0130845149308303 0.0532386935645989 0.125797944957771 0.167133824724432 0.166653756541907 0.171238165373797 0.168309221797059 0.164790023107292 0.165205134013465 0.150030083680928 0.126367098554859 0.0997804620070925 0.0849923990460193 0.084986239144232 0.0883390302235436 0.0940726706434711 0.0978275147688062 0.105277904080349 0.112010750377618 0.110692799320742 0.206172359706052
-9999 -9999 -9999 -9999 -9999 -9999 -9999 0.0930892410648242 0.0678178728822965 0.131048783150826 0.215504396619332 0.0585321072424353 -0.057138699317798 -0.0599489127428941 -0.0156409924280064 0.0147821290406603 0.0136688616041158 0.0230850531517792 0.0284513084924548 0.0353983566568128 0.041881307908897 0.0450018989513885 0.0488101152724823 0.0487500891006573 0.0477661690129738 0.0493868520517129 0.049342359943245 0.0517173163372692 0.0510844852221504 0.0482285756112095 0.0484438676995795 0.0482280711989179 0.0508533102137296 0.0519721754643607 0.0372074589313133 0.0185709607980458 0.0115296022481181 0.0297915199849926 0.0516620644650352 0.0597322875541592 0.0647809579470351 0.0573454201973551 0.057936786124296 0.0604215709705649 0.0605874134212512 0.0614007862077442 0.0608861273843965 0.0638929763606525 0.0677357919917838 0.0737289899381949 0.0803546448958918 0.0858867976664648 0.0915589304635445 0.0963911253158456 0.100343435276999 0.177738433857876
-9999 -9999 -9999 -9999 -9999 -9999 0.108830866169002 0.0796925413359765 0.063343793256489 0.166140737007457 0.230160764049087 0.0770890546945296 -0.0640678059466553 -0.0751428723243058 -0.0448162844833831 -0.00981251646716425 -0.0122236056195479 -0.00507547008083414 0.00415483229871499 0.0164511133333929 0.0295694366301105 0.0336898122504871 0.0363105306815229 0.0365237852704008 0.0380430213306222 0.0388133046782323 0.0400469342882581 0.0402975314839505 0.039750454956861 0.040580043573943 0.040270003887403 0.041118256528551 0.0419734530882286 0.0430022730157196 0.0447744021183656 0.0389141508758517 0.0299402049154106 0.0273265481826074 0.0291994324978301 0.0329595343130928 0.0363273537426038 0.039318947403665 0.040980665280262 0.0442813929991156 0.0492282114007975 0.0572475056632701 0.063994808727747 0.0708155044825928 0.0767166395020543 0.0814532145337554 0.0859025379930292 0.0921953720166138 0.100047451658341 0.111651914478268 0.112509762635075 0.12815376371547
-9999 -9999 -9999 -9999 -9999 -9999 0.0970885206640452 0.0418963159679887 0.0154094644214807 0.170735041059705 0.196822702891128 0.0962780141402714 -0.0535170040575156 -0.087838130590898 -0.0711485059117715 -0.0330014678209585 -0.0216983408767473 -0.0209274087174097 -0.0162122049168292 -0.00956282321818436 0.0017845683576343 0.0102243223653411 0.0170240909928414 0.0183134315268639 0.0194441690368803 0.0221460149179002 0.0240953565646293 0.0267366857853531 0.0272481956929348 0.0274684687014038 0.0287686147719626 0.0296475030099048 0.0318858484168906 0.03313068950403 0.0341038772655661 0.0363166201861961 0.0369409508756383 0.03883240163899 0.0400427741942111 0.0412922120466876 0.043491602405146 0.0461649661864862 0.0490986284992904 0.0548796149271959 0.0621675369090298 0.0651615054380189 0.0670511518767109 0.0681613178084807 0.0715570352738373 0.0737544405117151 0.0774060284104054 0.0843737016405197 0.0938116925918126 0.109607281511615 0.123053374182337 0.1248932628811
-9999 -9999 -9999 -9999 -9999 -9999 0.086643988730593 0.0175930765028529 -0.0192542635184828 0.161289221101592 0.226923513452058 0.146509026603706 -0.0223571479271282 -0.0737886852720495 -0.0693871480809241 -0.0226091768626263 -0.0092782529759024 -0.0148629620770631 -0.0146443567955965 -0.0152321370746401 -0.011260134290051 -0.000894718399147787 0.0089992369772795 0.0139096809260133 0.016058281719237 0.0164437899939741 0.0186083628561625 0.0189915208881238 0.0204330461380516 0.0232125328062264 0.0224504581577606 0.0253537290251883 0.0260173816859515 0.0270949171030603 0.0290977333234492 0.0287232487309019 0.0335019168600856 0.0364048347063652 0.0409117494999331 0.0470611699002819 0.0522463300302244 0.0570678216816374 0.0618664103489925 0.065465579014419 0.0605327576315751 0.0487043396551273 0.0480912101990603 0.0427871522917506 0.0449432604413597 0.0500694928222015 0.0536673275269565 0.0629671955455578 0.068227371244018 0.0865811747007055 0.110010453738118 0.129255966112391
-9999 -9999 -9999 -9999 -9999 -9999 -9999 0.0875379597154956 0.0354548625688493 0.205039433762547 0.256723484915243 0.190645852751679 0.0216056741497053 -0.0348948986401474 -0.0359791259710235 0.0292936237516143 0.0499259851802916 0.0324467122714706 0.0310274467077084 0.0260876115682085 0.0193916392151366 0.0299159763902603 0.0407964276948137 0.0472247017307073 0.0478379789767734 0.0435512869474372 0.0431109930388226 0.0385671641363537 0.0341151659236514 0.0353772460986097 0.0335667641604077 0.0347420135856626 0.0342837582521751 0.0340796440702063 0.0354306563381476 0.0362347214302194 0.0401139333060823 0.0435899955769231 0.0474565046346105 0.0523767622314531 0.0560895640453052 0.0612359838289185 0.0644288652403856 0.0677276744499159 0.0461497618043464 0.0245538575808836 0.0131415632021298 0.00893764061062102 0.0121572513892943 0.0163034911024683 0.0207244113800961 0.0294806293853429 0.0374851206897733 0.0599439537679055 0.0878172798539853 0.105973319134965
-9999 -9999 -9999 -9999 -9999 -9999 -9999 -9999 0.113243296035249 0.227947693861252 0.29010577589914 0.238383962804355 0.0636326018988245 0.00968991199696989 0.030717982459849 0.118623487585199 0.14184434914477 0.123412878370116 0.116433817350626 0.103090135844735 0.0919246439641265 0.0948143913053971 0.104130307028346 0.107287315660382 0.103361533167891 0.0983107386626269 0.0928697937926936 0.0839754691435989 0.0686455762318912 0.0651684093062405 0.058969216936382 0.05935608735523 0.059552171501343 0.0570009038726111 0.0563343055700246 0.0541132980764056 0.052720494715347 0.0501602719996969 0.0486565766144439 0.0493281229544685 0.0465333758374286 0.0512323941662179 0.0550941568862996 0.0630647704593998 0.0377002265423742 0.0132025613948414 0.00256020615226565 -0.00438677427132222 -0.00106931615920797 0.00260343876647023 0.00816123987151779 0.0179998623025113 0.0257129570010038 0.0391182188112685 0.0546595067821323 0.065677774215798
-9999 -9999 -9999 -9999 -9999 -9999 0.132506236641981 0.00261951854153786 0.067653637359176 0.229013504865161 0.280330392395118 0.247310744144514 0.0879338978457577 0.0540339497934859 0.122209861045856 0.214271525480763 0.243148721839527 0.210766165332243 0.199784584824984 0.200572285868087 0.193216073722849 0.192424054875245 0.184158523587381 0.181490617129281 0.184708518899741 0.175232407741974 0.165327910280534 0.143112826323455 0.119037081188946 0.107151414588115 0.0978609939057122 0.0973598461936199 0.0929124015914936 0.0870387602966629 0.0829956762222089 0.0733444053287635 0.0658186688931483 0.0543553902395723 0.0455970991991222 0.039406728416311 0.0362733558663952 0.0428152638872239 0.0536148479720143 0.0668755694085575 0.0394716945327122 0.0195346909884268 0.00981280021917069 0.00592738122052439 0.00733043628775293 0.00950938099256143 0.0132636979577811 0.0234822440105074 0.0326734897582922 0.0465173638957526 0.0590277319673396 0.0635591716236252
-9999 -9999 -9999 -9999 -9999 0.174874917375069 -0.0503416419811116 -0.125498634985188 0.0986338440631473 0.236029752629333 0.268370028254429 0.262863541214971 0.126248366730467 0.118295440569393 0.23310373057585 0.319147911219582 0.346634143674904 0.300777422688917 0.28244953701106 0.291272616347308 0.292677042480889 0.286958065893527 0.270185491810511 0.260807479769375 0.26460497510998 0.247272565580598 0.227779972510055 0.196806421599097 0.169564189754991 0.150667547147308 0.139615610368218 0.132762007979543 0.124259204003358 0.114738814914702 0.106987387264198 0.0951058245357359 0.0793849351341561 0.063042908389345 0.0505475792585215 0.0420843459163835 0.0370642715116731 0.0527020343729728 0.0681139462958906 0.0746646781887658 0.0471651745362073 0.025654091271974 0.0206590239740105 0.0167852120919422 0.0173816249130396 0.0183812284207169 0.0223739412049813 0.0334380575267269 0.0430787382070644 0.0554033958721951 0.06162995417473 0.0672575367476343
-9999 -9999 -9999 -9999 -9999 0.107711369926594 -0.0678096297967494 -0.068185099470595 0.176187296004847 0.256162080746809 0.289340158128107 0.287084957618841 0.25181585916133 0.276618827999584 0.368815667907024 0.447296940160055 0.438672961217599 0.393152703550375 0.37344847057272 0.388001529498467 0.399345118620574 0.391095070123156 0.371249315030132 0.353743179067021 0.345551530936747 0.31888635948915 0.291793069489124 0.259750646713741 0.229630440473286 0.207140663559408 0.186757350243721 0.178173171987854 0.164782780239298 0.150602997940634 0.139252985272415 0.12206946566743 0.107938119687384 0.0900445331577398 0.0788558342839173 0.0722379800570961 0.0671082312431048 0.0691291489765278 0.0707723246823757 0.0725806184458623 0.0574947477380728 0.0400001828665717 0.0340918591094337 0.0316041397595785 0.0326407819587053 0.0349368763591431 0.0377030152723019 0.0463959627322952 0.0545086535621229 0.0632943736504959 0.0705690000639287 0.0727400188830271
-9999 -9999 -9999 -9999 -9999 -9999 -0.0104512272861589 0.0749399486453177 0.231011520611121 0.268484373616059 0.289327039365869 0.278511830900815 0.288242723743628 0.321265583207498 0.377271132831552 0.492025935737488 0.483837754543492 0.4568465898947 0.451869508553537 0.460261877023258 0.480695320410619 0.456724020067374 0.449984859869407 0.428064517779005 0.401747721950222 0.371530345997147 0.334916855720226 0.309731995897992 0.282688468961845 0.259506174370101 0.238734327335627 0.230790388874144 0.218766713130039 0.207697297261613 0.195575659676253 0.176170286535273 0.161731619017576 0.14099216085598 0.124769164105787 0.113070591908108 0.0979025788534444 0.0919833133235509 0.0823204527918049 0.0782121876080324 0.0741176469668645 0.0576739149936367 0.0548136915609279 0.0526831190075912 0.0537039536072228 0.0563482899144721 0.0569268821777412 0.0640328620737904 0.0685954488678226 0.0740184105682353 0.0789304180894723 0.0801312950962214
-9999 -9999 -9999 -9999 -9999 -9999 0.136428516321481 0.0924812137117035 0.228869239706305 0.265318752086747 0.247819374793651 0.21922114599989 0.169328253205152 0.155007438045279 0.224363049664156 0.349088504958114 0.441183363658 0.493175567218899 0.508944013088356 0.495044820863221 0.47629130086171 0.481667420289714 0.491470861302405 0.469052058905269 0.431547259061617 0.383154654446214 0.35979882980493 0.33808122069899 0.311478617957259 0.291960037946861 0.278839844208961 0.274699267009172 0.270584872119197 0.263697852940532 0.253873041564982 0.236689628199711 0.218488375814758 0.195943697296449 0.176010105884367 0.159799405234151 0.141392500557845 0.128163914833662 0.114365199657444 0.105537394542727 0.0997880834138394 0.0886703838130158 0.0832333051018245 0.0803415849090444 0.079245651003532 0.0789565828885253 0.0782508807388981 0.0811631067548002 0.0831813951682058 0.0851003880615101 0.0860046389275643 0.0839909469938227
-9999 -9999 -9999 -9999 -9999 -9999 0.231807500558114 0.0801497342940122 0.106262424427038 0.224741260588454 0.189035389358639 0.148789280033671 0.0655948982288839 0.035483688508885 0.0620335520618407 0.160541397798327 0.367703073303355 0.490577063115691 0.51522214937217 0.496069540011011 0.459637480198572 0.472243763697309 0.489738346893817 0.463700123858215 0.419821213487126 0.383600620513832 0.356652615279075 0.332718514395031 0.306106612633176 0.297394982951958 0.295058948224243 0.299484946897919 0.293393841843368 0.295812563253114 0.30093277417216 0.286950228494409 0.279248629912011 0.250009682737921 0.230780278887978 0.219710562042931 0.192086372429262 0.180014690068869 0.158981532253249 0.145508827111892 0.138950609649938 0.125757033847328 0.120429729606649 0.111262906844474 0.104816523679814 0.0997249436263288 0.0904473660337314 0.0963993429058682 0.0971853135385311 0.0958503101915361 0.093175401007255 0.084754722828578
-9999 -9999 -9999 -9999 -9999 -9999 -9999 -9999 0.123429936180268 0.144886191437392 0.148281240271692 0.0971871863300404 0.0307076523714976 0.00195316450659477 0.00408715598885417 0.102938577582527 0.324535632514039 0.462724869271874 0.487447985181691 0.481125458402372 0.450795304836133 0.458211209494998 0.460860857273229 0.425609713703412 0.389472994155354 0.354298321674996 0.329736982614715 0.296288793416066 0.272594629527184 0.26763794456492 0.270021296887923 0.269406070138248 0.263253133721663 0.271250547870253 0.288025926877158 0.298113109225521 0.292264448128835 0.280897201463374 0.26957498126551 0.256285904740106 0.2404952386216 0.22292631937613 0.205156015623819 0.189747494872025 0.177545785324504 0.165120722025349 0.152505237288744 0.140148691188532 0.126214099784043 0.110816130244314 0.10247187395684 0.101512302236719 0.103875094791663 0.100124153253122 0.0914269607459654 0.0828068972852988
-9999 -9999 -9999 -9999 -9999 -9999 -9999 -9999 0.262657093396189 0.109615740292422 0.11879888396384 0.0687944390130897 0.0203969834059632 0.00510376642437244 -0.00594464458907185 0.0627657972607106 0.309545664076315 0.469163355724926 0.472795406947572 0.457669597527529 0.425830341052982 0.414305901174277 0.398262120404667 0.353248156370407 0.321292380844552 0.301715951968629 0.27125582830125 0.229633635738061 0.205056826030137 0.212742279059174 0.222976428795308 0.221829593723842 0.203724449952731 0.216224058198717 0.253778943385369 0.274203590650449 0.289433784185492 0.282201454512552 0.283803684284875 0.288077202632722 0.274071164621307 0.266102661031983 0.245460289353543 0.229570715478573 0.221337465232411 0.202217749612095 0.185915005383146 0.164115626022806 0.141288883856747 0.119471071353954 0.101588407437969 0.0948098389845078 0.0935909203833639 0.0904443337912186 0.0840467484783083 0.0796420270732736
-9999 -9999 -9999 -9999 -9999 -9999 -9999 -9999 -9999 0.159948839623339 0.13194410478717 0.0404547173140763 0.0275346317971468 0.0240125914483193 -0.000459758341958993 0.0460191416282504 0.297315256582464 0.485461642935097 0.469349161157073 0.438910702198168 0.398642173168199 0.371048605098359 0.331557235898312 0.279081749981664 0.258666200014786 0.239673877076771 0.2117241013308 0.168130682154955 0.144586461696189 0.151443915018264 0.161887400976578 0.154721455205555 0.140231639459515 0.152022054258315 0.182027576868052 0.213424926691628 0.228697768683519 0.240335339285655 0.255208832770835 0.262341598487875 0.271764258713724 0.264126312755377 0.258017222592736 0.251787750181813 0.240427634647224 0.228895758127369 0.20281318003507 0.174999009398621 0.143359717412456 0.108174170514004 0.082376716319074 0.0674750531569541 0.0555409869865078 0.0557781646049501 0.0685278195281622 0.0793690877385098
-9999 -9999 -9999 -9999 -9999 -9999 -9999 -9999 -9999 -9999 0.178788206469048 0.0222488119464619 0.0370675670577686 0.0395499417477632 0.0179990681204294 0.040550786114197 0.264759803365602 0.478394345875793 0.446372172760924 0.398575269096127 0.354100525110473 0.310227867805456 0.264687958272971 0.211987870443771 0.18248958363936 0.168145179521241 0.144384008498597 0.109894688398858 0.0913011031015646 0.0953537105195313 0.103322944778445 0.0977623705354674 0.0783899079218112 0.085930486652235 0.116142217205572 0.143346801764917 0.160882033686649 0.167460058821304 0.189252174045095 0.21742478916628 0.236380022781782 0.239488780050755 0.235756615896524 0.239932087276195 0.249311900743577 0.243811396935358 0.21537732905862 0.176743273168211 0.137629782664538 0.0997777017363254 0.0704714336914969 0.052996535446422 0.0411481886926857 0.0390455986400799 0.0508636157059959 0.0664418820911145
-9999 -9999 -9999 -9999 -9999 -9999 -9999 -9999 -9999 -9999 -9999 0.084236069803702 0.037346424481926 0.045721977709738 0.0321179848936685 0.0345329110155486 0.186718138358119 0.415231839814481 0.410419823663751 0.362426671898126 0.330364832895565 0.274770157842721 0.206537641008563 0.151288990610237 0.125086875115786 0.10553388928763 0.0882464860397639 0.061889948956909 0.0471384314309881 0.0486516723499872 0.050053245809502 0.0466723420229098 0.0367675438927829 0.0398552194187777 0.0528339346183884 0.0624822122599887 0.0836123014420136 0.0954617868565075 0.119167610994541 0.145358496067003 0.163638586953338 0.183459217579231 0.186449644270485 0.203455361284178 0.228626340314903 0.232066211175047 0.203591984708469 0.166684933023035 0.1300233701903 0.0922772546214623 0.0666703083045106 0.056333456476365 0.0531823987527415 0.0463776619466468 0.0360635322433508 0.0400081435794573
