meets/meet004/_saidas_enm/CCSM_SVM_21k_Cavanillesia_umbellata2.asc
NCOLS 154 
NROWS 168 
XLLCORNER -112 
YLLCORNER -55.5 
CELLSIZE 0.5 
NODATA_value -9999 
[rows 48 to 71 of 168, columns 56 to 111 of 154]
-9999 -9999 -9999 -9999 -9999 -9999 -9999 -9999 -9999 -9999 -9999 -9999 -9999 0.122190058302119 0.120950879204752 0.144327245016583 0.478875302389012 0.6611017004173 0.335277978106463 0.161185035689841 0.128669807179268 0.0949304164777331 0.0496244132036487 0.0360145539346199 0.0634490499296265 0.0812611038809654 0.0857098194587384 0.0806585300727525 0.0751780189634147 0.0792990277178298 0.0914194246938141 0.106039125900308 0.127672325769584 0.136753299705302 0.0862228027507021 0.0654006455667729 0.00762888489239461 0.0183069618405533 0.0286837436634402 0.0346356925770303 0.0564735781087424 0.0818418748303586 0.114737826961824 0.13978585918473 0.080578773197829 -0.0143406539512262 -0.134931348862537 -0.101731735797419 -0.0769100925653386 -0.0639035061886015 -0.00309856671904585 0.0409362882928886 0.103391403502605 0.209075880665323 0.242667423329243 0.221748131599781
-9999 -9999 -9999 -9999 -9999 -9999 -9999 -9999 -9999 -9999 -9999 -9999 -9999 0.122133209558175 0.119902363346079 0.141194253180812 0.433485299342408 0.522567367409897 0.303259998645891 0.174978420090072 0.148605067305382 0.070266099521581 -0.0150065178597617 -0.0553441555254867 -0.0303238867471861 0.0102699751650592 0.0607776567989513 0.0898762059574504 0.0928848180420336 0.0921341906329714 0.0980892777292099 0.115051144333094 0.139934221194121 0.151654217404503 0.0962737929569614 0.0200823984138057 -0.0452185996266514 -0.0715476895178324 -0.0649341330464573 -0.0415349632736974 -0.0184031139847413 0.0200402367738503 0.0544509981233425 0.0770536903172392 0.00651903611763649 -0.130469925741037 -0.205702718181825 -0.217758233996636 -0.20129516128728 -0.16348210784912 -0.110038953929278 -0.0423115372601841 0.027914466158389 0.100324067679815 0.162394972977727 0.173355744432778
-9999 -9999 -9999 -9999 -9999 -9999 -9999 -9999 -9999 -9999 -9999 -9999 -9999 0.121948297881116 0.11787653883619 0.157669559218451 0.373595727706368 0.35417285375009 0.19448858410907 0.118537797426797 0.141435211172723 0.0583513198524867 -0.00368375405040816 -0.0177760780794812 -0.038949137671254 -0.0100878590715436 0.075951542975696 0.146579778047964 0.159294627572584 0.137992584181219 0.122628412066415 0.138958899752911 0.166953329462227 0.191504448701916 0.215623797222846 0.188885069679432 0.0295667347106468 -0.0589805573906975 -0.0904541250192509 -0.0858055748316248 -0.0654869639873722 -0.0622839776706155 -0.0451551643518116 -0.0642545001166645 -0.132540668792608 -0.201564874282136 -0.226756108553662 -0.227059502563046 -0.219018700766551 -0.187767459305564 -0.137296138026641 -0.0806878573435139 -0.00357883787031632 0.0652914743851474 0.125700004809657 0.146978941302575
-9999 -9999 -9999 -9999 -9999 -9999 -9999 -9999 -9999 -9999 -9999 -9999 -9999 0.116580184222495 0.113844929312026 0.1232752699909 0.258755321152262 0.293559676674226 0.18827383379315 0.0920464259731483 0.0897203033442904 0.113047028945439 0.159039694306851 0.212256940409132 0.227267148583237 0.220460549540549 0.226236116502345 0.16706885469282 0.115258921099048 0.0958275896962444 0.0909123002291194 0.121829648295122 0.194844422498662 0.358524376855749 0.457324001676919 0.362291079350443 0.109221318897991 -0.0220324887522206 -0.0659204037125082 -0.0835945723124629 -0.0743809243703356 -0.0879825162747312 -0.0880782362533555 -0.107381861080406 -0.147129899420828 -0.183053245288977 -0.19856657172681 -0.162462063785882 -0.149127836253803 -0.132813405033542 -0.0769739643213773 -0.040731596571257 0.045345560707375 0.097749157678944 0.119428005710589 0.120014383959229
-9999 -9999 -9999 -9999 -9999 -9999 -9999 -9999 -9999 -9999 -9999 0.118001975240317 0.112751489707055 0.114070622235266 0.112418412290534 0.0982567084524697 0.119011546954302 0.191937371772603 0.15727704900258 0.0822053574823689 0.0872301671347384 0.16332731 0.284526973501328 0.379149777394317 0.399151687725777 0.290727936817199 0.172724591121606 0.0597257405685886 0.045054579156216 0.0574520331977968 0.0644961083846748 0.0611537844903864 0.158862678344185 0.526696202151347 0.827218276785264 0.493556917991259 0.160981456525523 0.013643322426639 -0.0339393538135556 -0.0619287619249154 -0.0707684557053544 -0.101899310073676 -0.101961466901667 -0.120061928445339 -0.153791655353312 -0.132623691497629 -0.150045815475299 -0.0886411685239527 -0.0733023655467404 -0.0807900939818801 -0.0195573978978603 0.0174532269713738 0.0789560304406142 0.101823842376347 0.0873233715108452 0.0822515084970241
-9999 -9999 -9999 -9999 -9999 -9999 -9999 -9999 -9999 -9999 0.118580678136597 0.11479205196367 0.11469100837867 0.11584430143585 0.115282642589006 0.108380416470597 0.0776310328814038 0.120302351601037 0.215663243760602 0.227045473624322 0.178277040456704 0.194178546130382 0.20223713547963 0.209016731512465 0.164892465266697 0.0886052198126576 0.0452511288792311 0.0479923028287677 0.0588623656187898 0.0679311119077248 0.0689767638220725 0.0557344200549662 0.0928262901408275 0.461716273258026 0.876454388902512 0.566496342163719 0.217061059100799 0.0513423416674671 0.0154452538068241 -0.0163979586014596 -0.0345225237789585 -0.0705557306884028 -0.0828848181061343 -0.099083386758646 -0.128991350491719 -0.116333216701383 -0.117968646462904 -0.082235746955519 -0.0661977866979253 -0.0355015780488148 0.0256772155507154 0.0542682331599639 0.071937619030901 0.0712073496784743 0.0453775060244438 0.0203105717458817
-9999 -9999 -9999 -9999 -9999 -9999 -9999 -9999 -9999 -9999 0.10883916729926 0.101833193190665 0.0965410154355294 0.111726501126806 0.116280679107903 0.11337765011264 0.0910993435902718 0.0746743645461784 0.126000057875815 0.164471339771142 0.172495631455458 0.129506348620856 0.0942559571823397 0.0760507363387455 0.0588200639995087 0.0559251599344099 0.0582280594337842 0.0637942717422818 0.0665291074837332 0.0678289581623674 0.0683355950480535 0.0642750265535296 0.0544398413120545 0.263071086191349 0.7432931202538 0.558581542541127 0.301330009990607 0.0880877937545155 0.0522355262198864 0.0289348303212849 0.00685925901154688 -0.0274064690303159 -0.0473011340846981 -0.0647998597241973 -0.0823878660956069 -0.0926371085444074 -0.0996700041421951 -0.0616781103485161 -0.0367907339811155 0.0126890668438537 0.0422366620318393 0.033108319068967 0.0278428882089574 0.00902804134490798 -0.0282323783629396 -0.0390021750358675
-9999 -9999 -9999 -9999 -9999 -9999 -9999 -9999 0.111452009853546 0.101085304718129 0.0745955452069817 0.0663668590183354 0.0728141785018306 0.0980828384649995 0.112922892668652 0.109932118202464 0.0902320409058883 0.0769703070621439 0.0816571678125908 0.0777164283526908 0.0762130057573071 0.0708395449364341 0.068100631864646 0.0677183578582009 0.0623387428004419 0.0627926703495363 0.0647228849703837 0.0658502479781359 0.0655526614954996 0.0650304762735827 0.0644233043314594 0.0619789474527036 0.0541325934435652 0.122781786205879 0.548266365623452 0.611024694574941 0.296783006709889 0.102071869058808 0.0458013121277063 0.0185041822603525 -0.00705353954112664 -0.0147866377199609 -0.01658852362603 -0.0284957197035219 -0.0573609779399898 -0.0670077537112464 -0.0584571919881422 -0.0385820381685556 -0.0270091478585956 -0.0158882360260678 -0.00949074912046982 -0.0167108884273816 -0.0100965460471891 -0.0148004554922737 -0.0515722883550941 -0.0696060244946299
-9999 -9999 -9999 -9999 -9999 -9999 -9999 -9999 0.0985548740040799 0.0746764734932812 0.115348415868839 0.0641550785654451 0.0558954701339318 0.0863116826647352 0.103868131496233 0.103436011661671 0.0873063538813666 0.0760676218312278 0.0765082444691941 0.0733787828731846 0.0679684749039108 0.065204873640174 0.066298133632113 0.0626113144191228 0.0622761202748776 0.0663422015132621 0.0677298051253182 0.0704120280174774 0.0724072912572877 0.0714317530569564 0.0677095139535741 0.061560232962549 0.0565240768928417 0.0618196417332775 0.285444841443265 0.540826244283088 0.455027569693157 0.167383306142388 0.0743090455931822 0.0147603950340721 -0.00947791093680794 -0.00902870664532501 -0.015771401269084 -0.0252735495821054 0.00471852016107438 -0.00395010972333676 -0.0141238768092668 -0.0138243979467481 -0.0123150886580716 0.016989360978246 0.0316168718267356 0.0380840826352672 0.0418357600604674 0.0336722098524065 0.0161615880322242 -0.002284140422531
-9999 -9999 -9999 -9999 -9999 -9999 -9999 0.112702177521052 0.0820073996475655 0.113451248519285 0.120633028080835 0.0601620612907944 0.0578887094427701 0.0785235197636447 0.0899784422712203 0.0952279359848049 0.0831022079754283 0.0764257393909809 0.0787274035089433 0.0695820542241286 0.0657568624397309 0.0654863366461624 0.0649869183904159 0.0666168433706049 0.0706875901953871 0.0710284378178639 0.0702283238368181 0.0695179822185507 0.0695220011726238 0.0707641198384829 0.0725449200284095 0.0644876423139903 0.0567938073015877 0.0568098757134399 0.121519764873646 0.343988594247054 0.449916870503033 0.38563258518654 0.264558670916454 0.168782375684732 0.0862037400304795 0.0509332937315628 0.0561337756419897 0.0401141144628602 0.0309095688773267 0.00779849037967101 0.02952839687039 0.0607141243242182 0.0723703668981288 0.0780162587138347 0.0790505028853549 0.0805003551673961 0.0819841748306035 0.0768961511928037 0.0653079643001798 0.0524578018234243
-9999 -9999 -9999 -9999 -9999 -9999 -9999 0.101733609076979 0.0944105986312974 0.177148927797691 0.0903969999239159 0.0446880944622762 0.0576939607273749 0.0800848634196791 0.0758512707697748 0.0776636529230707 0.0871888574238061 0.0913891953871518 0.0867786027810858 0.0753674044439703 0.0638050566092677 0.0603449502170355 0.0608292029437064 0.0595446617934227 0.0592078233210684 0.059459767884444 0.0593620288188506 0.0610654665686904 0.0613142496661477 0.0602424146505818 0.061466774036221 0.0630961412606011 0.0587294261325126 0.0636701561755445 0.0693993380765081 0.113839607962131 0.214068792965428 0.285427211880623 0.279455950128394 0.213583889732929 0.126117048772097 0.0734969483676862 0.0303710212785409 0.0334058445922126 0.0483360759218006 0.0559155724065366 0.0571041672833076 0.0597085910330488 0.0606249950691113 0.0538243769388744 0.0533450646178263 0.0571427849889296 0.0730711607785609 0.0861897765811623 0.0909224863408672 0.0878323790169073
-9999 -9999 -9999 -9999 -9999 -9999 0.119584382851536 0.101700606095488 0.197821053442104 0.175082081221776 0.0985793942693322 0.0471141481422962 0.0603804876254072 0.0931796078391839 0.0811726105306544 0.0833824898518233 0.0950153937916293 0.100336709196908 0.100593784206984 0.0904736642292708 0.0718227567605716 0.0640598425807944 0.0592006799103743 0.0580300902572577 0.0568232591980872 0.0564444512275649 0.0560979026981318 0.0572866891551053 0.0581449325530873 0.0590212762676988 0.0616456640850969 0.0626002653377523 0.0637644392326364 0.0711565434608308 0.0839054183935757 0.0862060171297841 0.0801977225234586 0.0777116196738347 0.0713017247648352 0.0603380904454754 0.0571547192308758 0.0653685888354706 0.0635445129263696 0.0612511939165555 0.0524650927082029 0.0507399748139301 0.0505550765601016 0.048090157261279 0.0501396561628013 0.0542585083700953 0.0521966234548499 0.0512445070918627 0.0518166452219267 0.0576126515468159 0.0630277786290582 0.0725368088166099
-9999 -9999 -9999 -9999 -9999 -9999 0.119919095908165 0.121638556848521 0.163991643544977 0.165382421850716 0.105375924562401 0.0411643847715412 0.058345345134009 0.0962626879979391 0.0877489109505997 0.0840533953901443 0.0928880076769 0.0959266930471117 0.0960734662594706 0.101650402393764 0.0917145958328549 0.0810021634756958 0.0722981028856617 0.0712184954921943 0.0715371268816585 0.070780904830383 0.0723635931569398 0.073466954364744 0.0754794903638904 0.078514345789553 0.0788008639685733 0.079549275808666 0.0776471364315642 0.0749024473308261 0.0802701821366802 0.0926016145467801 0.0940835039715012 0.0927062569195758 0.089995730452247 0.0780663473464492 0.0655435222872552 0.0539229780784952 0.0469027566945546 0.0445209718765436 0.0479531078101903 0.0466597323908869 0.0444456960720701 0.0405750549560503 0.0391769321497482 0.0402879143977614 0.0469676620945681 0.0637079652978284 0.0876997184229596 0.098899949556776 0.0963252396710611 0.0864687410877198
-9999 -9999 -9999 -9999 -9999 -9999 0.129154391329555 0.11582597039216 0.0959947096648051 0.113049277869554 0.0929057875370725 0.0383890103747284 0.0515309874339876 0.0921316966708494 0.0800151525789047 0.0745956356452487 0.0715091621737411 0.071917453993735 0.0738841752008716 0.0948779326728998 0.0987364531154508 0.0908578699782914 0.0837433406386684 0.0822786066033159 0.082275733337862 0.0850216028264094 0.0841924680596876 0.0879564548787278 0.0895864483639388 0.0904648136222207 0.0947796371930998 0.092252087767038 0.0940764291362237 0.0904475644936725 0.0821181725206431 0.0800208960387348 0.075284126159797 0.0710191050848513 0.0640754572390002 0.0507092783090871 0.0446015922393637 0.0419815758624659 0.0377451457449093 0.0351404546375472 0.0331337670928091 0.0324617632075084 0.0346178667269522 0.0420147813342846 0.0593517728605361 0.0783520866819654 0.115011801350438 0.129467798164821 0.154969728503761 0.165822442662831 0.149993488437099 0.122327597391568
-9999 -9999 -9999 -9999 -9999 -9999 -9999 0.0788163654972941 0.00108366114531028 0.0530707333487778 0.0877650894367908 0.0408914118650355 0.0268101194374595 0.0727728102539181 0.0612989162674477 0.0427455887029942 0.0387714682470866 0.0397456412633697 0.0451681921810343 0.0670941511444401 0.0833824677462618 0.0860582696158817 0.0866242300757903 0.0861520841128534 0.0859060659883825 0.0867249245851912 0.0863286865536912 0.0865926649851207 0.0865134081645819 0.0863461597812637 0.0883237538524525 0.0891680257904761 0.0915011786979169 0.0909149727497461 0.0883772108989952 0.0832270161798173 0.0746992299116948 0.064663745304285 0.0573755685408188 0.0492535232006297 0.0453281337939316 0.0484493472243427 0.0560913058012942 0.0717145861109844 0.0905352709460011 0.106257174861624 0.120867127026047 0.129002336316219 0.178918440476632 0.232433130366788 0.276989180351846 0.306719167131177 0.303319964827941 0.29085501820409 0.269038253452516 0.224987705625897
-9999 -9999 -9999 -9999 -9999 -9999 -9999 -9999 -0.0483614773819115 0.0212581923771279 0.105826954397845 0.0596974669863495 0.00855784673743204 0.0444244317705 0.0247627011738752 0.0148816546502404 0.0120530174368495 0.0215723295474276 0.0258046775920046 0.050101897335286 0.0690724310975362 0.0764599366629268 0.0856944580100766 0.0902908884615805 0.0848901174750626 0.0784963142820046 0.0740001226028608 0.0662250746360766 0.0655043420323754 0.0664026484436473 0.0647163476511498 0.0675989956948399 0.0683815769900584 0.0747119374960887 0.0818313116282 0.086851071802885 0.0874415396485109 0.088236931498005 0.0927097530823333 0.0966541156774023 0.118802705311375 0.138032011358039 0.176756366343426 0.217929403223869 0.246677847691977 0.295883507231122 0.290245217360923 0.275382593564913 0.306493389761288 0.359915133235815 0.392685221651461 0.427228501513339 0.441072035088415 0.428787336481553 0.401213781232233 0.380360670636694
-9999 -9999 -9999 -9999 -9999 -9999 0.0510518811116052 -0.0195936181478287 -0.069886241559404 0.0223489520521443 0.0944405513468799 0.0565761483228395 -0.0128092311713977 -0.0125251268178886 -0.0167958116717348 0.0110572740322496 0.026560181558014 0.0123913273448827 0.0131165883389505 0.0267771096827232 0.046033699527269 0.0620021060442303 0.0758126244913216 0.0864754814285431 0.0887325479758133 0.0868733894207105 0.0765363067215321 0.0576447653746082 0.0396845119047985 0.0407288503516924 0.041332579153857 0.0425654123861329 0.0458201001478317 0.0610998503231249 0.0814348393139954 0.103610168585423 0.135478768478309 0.164039759577866 0.190976819868094 0.230575844324501 0.261911471401915 0.305956069608949 0.344397953534997 0.391488515964011 0.445550240665331 0.469970643911215 0.46042752758132 0.422071304321813 0.409644427885971 0.438856178291556 0.477837357051469 0.50223507753136 0.513094561951103 0.508813496625897 0.4780789590769 0.426494689583788
-9999 -9999 -9999 -9999 -9999 0.10122104472083 -0.0365792425214099 -0.0980058341475744 -0.0658584694367291 0.0120200381924964 0.0747204210915626 0.0633541480347173 -0.000111940777452912 -0.00545460096941902 0.0356555801789106 0.129020986576958 0.114401235919822 0.0324434864212151 -0.000321465295550827 0.0213149716392939 0.0393213575174376 0.0540216270621541 0.0632425795056356 0.0810069391815624 0.10830558006239 0.125827662643089 0.11732676082432 0.0918672769606829 0.0665476686921526 0.024351041539608 0.0215442665960677 0.0326645893400865 0.0288200447521457 0.0431199983328429 0.0740024383410832 0.0883647503606825 0.145985891872536 0.212314859272387 0.258665614492059 0.336701962055606 0.36998548998529 0.41316597850682 0.451489123139955 0.482824392462957 0.542223927745255 0.554797556673289 0.535681100016984 0.479128773324606 0.461641224728393 0.466546584239649 0.4871339957626 0.479748541298952 0.456082694139705 0.438539604474005 0.379858813128531 0.313093376609403
-9999 -9999 -9999 -9999 -9999 0.0356331044887521 -0.105638602489439 -0.146427284376599 -0.0783169466479649 0.014035712626577 0.0778815117482798 0.0778807685290042 0.0674398755335438 0.091368872493128 0.143838532622006 0.179153298038174 0.136633382099037 0.0711731057079141 0.0260592117910409 0.0498241979517463 0.101478617861636 0.134623475439614 0.145509675185327 0.166970854511145 0.193644990478478 0.202235255830961 0.174377096897185 0.14285656137681 0.120901139283337 0.0801199656512402 0.0441106196818193 0.0218098108709218 0.0204252031067257 0.0236334194893474 0.0419469421416566 0.0684536962431326 0.131629137092794 0.204002134445602 0.249432674381285 0.333477899008103 0.390274008364142 0.460820497767884 0.505165075976704 0.548032787579738 0.573063237136671 0.565263607590837 0.528821261338114 0.482286934309038 0.461872116007141 0.422643481011043 0.396401951429393 0.376669875611297 0.34927818266693 0.328653057989077 0.283919249997705 0.231323217515345
-9999 -9999 -9999 -9999 -9999 -9999 -0.1294758636263 -0.170518961657442 -0.0584781029040176 0.0183292993514448 0.081058750261978 0.0781850786846895 0.0912155309965457 0.124732423479457 0.142365843738833 0.187529832665849 0.152524873344978 0.0867465886745011 0.064503002335853 0.0881899629403607 0.185075583379828 0.212987804627335 0.260467254539981 0.292348424153372 0.298693832686875 0.307008005071676 0.262566591991665 0.222901815802872 0.182371022670159 0.129140658580356 0.106959460707804 0.0716179654018392 0.0456654326531704 0.036172885613575 0.0283599237300367 0.0437075046056426 0.0941277178058013 0.170734944010745 0.248971782982159 0.345789229157308 0.435257180531348 0.497879155232099 0.559027743885893 0.576083378993252 0.557963865282492 0.533105279968764 0.489253268113594 0.435956913510709 0.404817161617004 0.346154267184166 0.304239891062022 0.27801917684348 0.238229734999603 0.20706167574415 0.160441499861594 0.142328027135688
-9999 -9999 -9999 -9999 -9999 -9999 -0.0585833789895921 -0.175921443849835 -0.0397399935530047 0.0478124338666061 0.0932260279269055 0.0785651369248303 0.051191618541079 0.0455378479235062 0.0691483518623495 0.083350242238462 0.0902671896638104 0.0777165515019929 0.0976261366355043 0.112670363217496 0.166280487807558 0.226998505979078 0.278269465188353 0.302456299977227 0.307002266066887 0.297644904335299 0.271150949686456 0.244200968085685 0.214610848645856 0.170496222006966 0.134125232096089 0.112093577557164 0.0971895863577354 0.0918601925710913 0.0909878901544132 0.102200349451766 0.150684434257294 0.218994584491991 0.280618806830907 0.363915720624081 0.439068530688949 0.501638616359733 0.544784689652238 0.547824338478028 0.527291682979581 0.498966360675003 0.447901787378326 0.397167516973169 0.36546233956688 0.313171423542163 0.26746889922425 0.213937514995728 0.157376548876356 0.132117037636222 0.0946954578723638 0.0618853137109762
-9999 -9999 -9999 -9999 -9999 -9999 0.0968755191755909 -0.172886684544692 -0.0800971953995938 0.0358813085711439 0.099191438052781 0.0934063937554407 0.0511529461786215 0.0431003866828466 0.0354501833876232 0.0359761742868913 0.0324551212962753 0.0447535145409631 0.0660558653753742 0.0840190280241749 0.128369035925125 0.181876419212416 0.233692547798074 0.255053040874389 0.25552275012135 0.255747720402983 0.241047319424669 0.224525622665255 0.208794985376932 0.175713783983829 0.159358612469665 0.14910831164286 0.139360475015052 0.140232180559035 0.144041163464935 0.150420531355648 0.180768037884593 0.23477843836694 0.278039891412894 0.340263042560606 0.401608610101935 0.428311540386564 0.483018016115251 0.490891506385945 0.4558194268515 0.448490005687319 0.391896819389678 0.353896150440254 0.316755883614206 0.245880287172974 0.223934610543584 0.155969542632062 0.0948921069244122 0.0574848292191283 0.0112338315224025 0.00146463113450196
-9999 -9999 -9999 -9999 -9999 -9999 -9999 -9999 -0.140982597731296 -0.0246917056493699 0.105055819159911 0.111867070439781 0.0726982224963331 0.0716957674833366 0.0544950483985793 0.0420359736321486 0.0230196894706832 -0.012860401540656 0.0146605164003832 0.0747738430969376 0.105168548063355 0.162701827808435 0.198648303677074 0.2068905468859 0.213631015638287 0.209793540654378 0.205480431907967 0.189738310535843 0.179325489222168 0.168771596701014 0.161441962155202 0.159227590197844 0.159496871131433 0.168545733332411 0.179162450195145 0.188353785471381 0.211326141090434 0.238353547877288 0.261619826415777 0.305252552612079 0.343990411520603 0.390655026399758 0.424099702852506 0.427827116419559 0.421850785037772 0.401683169418476 0.369896883244774 0.327293095219898 0.292654593179784 0.240890449513345 0.183326576602049 0.124701154142016 0.0622298997239993 0.0309673687978921 -0.00527000706315511 -0.0286113859730594
-9999 -9999 -9999 -9999 -9999 -9999 -9999 -9999 -0.027922696867855 -0.0950465121474458 0.0955305454573784 0.12904478709927 0.0934881426835462 0.1019551352033 0.0823338016782357 0.0565668189922886 0.034165884993649 -0.0149882406633216 0.0100852449208977 0.0649403654397588 0.0946092990736913 0.128248877914447 0.157276014845936 0.158981833595697 0.165707514952444 0.170360984281291 0.165672054162586 0.151100950686473 0.145536782242764 0.140089077223966 0.14178836722818 0.144640830440988 0.143274355160485 0.157405998409359 0.17715706763106 0.19499174204409 0.21060340928171 0.229494911825303 0.243070838285063 0.265827627180058 0.292860218887017 0.305973309930495 0.345381936990837 0.351651001986647 0.33627757914488 0.334128157522856 0.30642508776902 0.280843035881307 0.250513078997154 0.189986366409225 0.156029984400871 0.0991433393641035 0.0436443483421145 0.00661870423096517 -0.0328690800183329 -0.0449752371869382
