meets/meet004/_saidas_enm/CCSM_SVM_6k_Aralia_warmingiana2.asc
NCOLS 154 
NROWS 168 
XLLCORNER -112 
YLLCORNER -55.5 
CELLSIZE 0.5 
NODATA_value -9999 
[rows 100 to 124 of 168, columns 55 to 109 of 154]
-9999 -9999 -9999 -9999 -9999 -9999 -9999 -9999 -9999 -9999 -9999 -9999 -9999 -9999 -9999 -9999 -9999 -9999 -9999 -9999 -9999 -9999 -9999 -9999 -9999 -9999 -9999 -9999 -9999 0.117900803825435 0.154358926880145 0.134839156835985 0.0902671261367773 0.0828902604344912 0.0851993598589456 0.086816634150725 0.0882477524082893 0.0838887608730375 0.0844518713402203 0.162300574951695 0.521920005573684 1.00582662073759 0.887723774364845 0.345237309407249 0.0709057539203609 0.0448470653197231 0.0432313022610861 -0.0281788034410005 -0.103783029066637 -0.126360189519741 -0.134862857903459 -0.14163186971431 -0.13903882503932 -0.126881701286147 -0.103769824364967
-9999 -9999 -9999 -9999 -9999 -9999 -9999 -9999 -9999 -9999 -9999 -9999 -9999 -9999 -9999 -9999 -9999 -9999 -9999 -9999 -9999 -9999 -9999 -9999 -9999 -9999 -9999 -9999 -9999 0.116491149984661 0.131219431409974 0.113028950567856 0.0881934109919354 0.0830429533733298 0.0848561835068875 0.0876290547014243 0.0893670424484368 0.0854353260716013 0.0869071174101513 0.17872171964298 0.591222308840374 1.01563259471813 0.769298037452776 0.252658864766621 0.0298077610163997 0.0551043539606967 0.0671989841446142 -0.0215298347612324 -0.0749210071391114 -0.0761131137492085 -0.0908211887252851 -0.0808642043667764 -0.107665884956425 -0.107837800594804 -0.084761593460992
-9999 -9999 -9999 -9999 -9999 -9999 -9999 -9999 -9999 -9999 -9999 -9999 -9999 -9999 -9999 -9999 -9999 -9999 -9999 -9999 -9999 -9999 -9999 -9999 -9999 -9999 -9999 -9999 0.115881918916753 0.111717088913459 0.125444924423441 0.115168815705169 0.0874250443068358 0.0829343274697796 0.0851345328093644 0.0893269357388314 0.0922623230250979 0.0878409717150674 0.0988117346352262 0.227477168628803 0.68908580166143 0.96830684478008 0.611663014957691 0.168212300143287 -0.000773601129017198 0.0394820508480203 0.0808301009887714 0.0374014111936021 -0.0177579145298593 -0.0300284870856589 -0.0412741145109359 -0.0483701096568269 -0.069227998111171 -0.0883573482253129 -0.0746151515643548
-9999 -9999 -9999 -9999 -9999 -9999 -9999 -9999 -9999 -9999 -9999 -9999 -9999 -9999 -9999 -9999 -9999 -9999 -9999 -9999 -9999 -9999 -9999 -9999 -9999 -9999 -9999 -9999 0.114724934653502 0.111560331040256 0.125780279973129 0.1090663650327 0.0842642703443984 0.0811122074346 0.0853145601435994 0.0912918038834009 0.0940350392745447 0.090602301114378 0.113709099974609 0.289394180703416 0.785837870283356 0.8680399228519 0.490392638626226 0.121067823590334 0.00135688190834315 0.0597082143634518 0.106424375294584 0.102742687819169 0.0664622192288854 0.0367899882253343 0.0297336282518949 0.0198625383540396 -0.0120508168664091 -0.0480484026791204 -0.0406285075487433
-9999 -9999 -9999 -9999 -9999 -9999 -9999 -9999 -9999 -9999 -9999 -9999 -9999 -9999 -9999 -9999 -9999 -9999 -9999 -9999 -9999 -9999 -9999 -9999 -9999 -9999 -9999 -9999 0.115023568160928 0.113222960384904 0.124794592153821 0.0998035485811315 0.0794934426004538 0.0777198238556994 0.0842732503114195 0.0929091577618258 0.0932819209740682 0.0886996981807063 0.1440933007501 0.377151656279268 0.873988287355257 0.836759446736089 0.439302294148879 0.175744974901177 0.056882102831408 0.0853717545107311 0.144767742936287 0.130386985693002 0.116957587418216 0.119156996833991 0.11804960438831 0.120307728405748 0.0794768350140324 0.0650609912575064 0.0753765804731282
-9999 -9999 -9999 -9999 -9999 -9999 -9999 -9999 -9999 -9999 -9999 -9999 -9999 -9999 -9999 -9999 -9999 -9999 -9999 -9999 -9999 -9999 -9999 -9999 -9999 -9999 -9999 -9999 0.115356922677473 0.116076983887188 0.118001774817684 0.0867945069437328 0.0753201130863816 0.074776663678874 0.0831998990034525 0.092814433545737 0.0873665650217748 0.0819481732661985 0.149977276204187 0.406660618179712 0.891762377500993 0.763004050744315 0.398469418353162 0.190583026678203 0.0902337549639048 0.106811056132212 0.145077854351342 0.122112993204881 0.124999816574375 0.136895568572607 0.142523219038287 0.189036822062411 0.187310818474053 0.189830766433358 0.214105894765089
-9999 -9999 -9999 -9999 -9999 -9999 -9999 -9999 -9999 -9999 -9999 -9999 -9999 -9999 -9999 -9999 -9999 -9999 -9999 -9999 -9999 -9999 -9999 -9999 -9999 -9999 -9999 -9999 0.124146277096278 0.118842338157768 0.107626208823424 0.0798185419114131 0.0745052391251321 0.0750152240296273 0.0830731606215028 0.0914528155656325 0.0765891101584397 0.0707145996853773 0.137084129013406 0.402830912936251 0.88436490687727 0.669348024209553 0.366025778561212 0.198462733528583 0.114881721452349 0.110362544361683 0.10458570995753 0.121322541946188 0.118018604032287 0.125868191585557 0.152806409403903 0.174120742032181 0.224072230897631 0.286882518538818 0.325163355121811
-9999 -9999 -9999 -9999 -9999 -9999 -9999 -9999 -9999 -9999 -9999 -9999 -9999 -9999 -9999 -9999 -9999 -9999 -9999 -9999 -9999 -9999 -9999 -9999 -9999 -9999 -9999 -9999 0.144229800968823 0.12114982499426 0.101071723320197 0.0818340260961015 0.0769043530656906 0.0759415123626733 0.0839066809066498 0.0899233101901229 0.0722442224287179 0.065599571614067 0.125770456579141 0.415340818720094 0.850779213119418 0.595812687517906 0.306029750671621 0.198814008421967 0.146954132358698 0.141364567811524 0.131474315545977 0.150102267403274 0.150699994818774 0.155761627126223 0.168914418277911 0.19136898385401 0.248100448199041 0.316844130776746 0.405272710869652
-9999 -9999 -9999 -9999 -9999 -9999 -9999 -9999 -9999 -9999 -9999 -9999 -9999 -9999 -9999 -9999 -9999 -9999 -9999 -9999 -9999 -9999 -9999 -9999 -9999 -9999 -9999 -9999 0.167666383638583 0.122657052224169 0.0968602057266168 0.0866915282938882 0.0800447315767963 0.0766000808456635 0.0844334075984807 0.0879859401961989 0.0734702130256929 0.0662048993387678 0.125115878886485 0.429656888075977 0.790741464503272 0.501180504061114 0.259847485562524 0.197238780827549 0.171477900111063 0.18337698511949 0.207846665631708 0.199120748689511 0.210521541515114 0.210146942703782 0.201583491907579 0.220694052147491 0.275793061380851 0.359949960402642 0.442356097355052
-9999 -9999 -9999 -9999 -9999 -9999 -9999 -9999 -9999 -9999 -9999 -9999 -9999 -9999 -9999 -9999 -9999 -9999 -9999 -9999 -9999 -9999 -9999 -9999 -9999 -9999 -9999 -9999 0.178054687415017 0.114965903945504 0.0969360131044077 0.0890984916500661 0.0820080104085446 0.0755870337056808 0.0865047791122818 0.0855092599813481 0.0709784782367855 0.0692771618933272 0.158355118364462 0.474164163969627 0.661619074831659 0.401333002605453 0.203900166753444 0.164973224431137 0.163641427783 0.176485569501158 0.20232710643507 0.209505242346605 0.222393122971822 0.230631512759578 0.232293488463676 0.255189143592835 0.303210412636002 0.378251767655204 0.453326632575148
-9999 -9999 -9999 -9999 -9999 -9999 -9999 -9999 -9999 -9999 -9999 -9999 -9999 -9999 -9999 -9999 -9999 -9999 -9999 -9999 -9999 -9999 -9999 -9999 -9999 -9999 -9999 0.115810176168554 0.171660797062305 0.108264063275642 0.0975287983871879 0.0933901049371408 0.086073672222063 0.0822844830721947 0.0972261448841895 0.085827843063754 0.0691175941606914 0.0843970179970376 0.211052725935223 0.393892228956447 0.443794453077123 0.241499521690672 0.139542484418351 0.113911710989341 0.126046546349534 0.137418130464067 0.153589025676758 0.167600976129708 0.184809589937312 0.197208080219337 0.235225436917319 0.276710437856721 0.312648105109746 0.373928692011961 0.431078971754656
-9999 -9999 -9999 -9999 -9999 -9999 -9999 -9999 -9999 -9999 -9999 -9999 -9999 -9999 -9999 -9999 -9999 -9999 -9999 -9999 -9999 -9999 -9999 -9999 -9999 -9999 -9999 0.136926486532506 0.144537758562086 0.100352793285602 0.0996853131994024 0.0977974498240036 0.0952450021586659 0.0983595528474882 0.121898618827652 0.107891501953923 0.0874283105190213 0.151139986368835 0.348068802563392 0.366981897828531 0.226102561843976 0.115664511914459 0.073993531299173 0.0702948430817001 0.0788436143424472 0.0810740702168937 0.0965640928813947 0.116656374781444 0.149144090780099 0.178966967022179 0.216059940141585 0.263796158974075 0.316482132140716 0.375409212542781 0.438748992044249
-9999 -9999 -9999 -9999 -9999 -9999 -9999 -9999 -9999 -9999 -9999 -9999 -9999 -9999 -9999 -9999 -9999 -9999 -9999 -9999 -9999 -9999 -9999 -9999 -9999 -9999 -9999 0.156765877715932 0.111615097962148 0.096014797562417 0.0995032184683167 0.102856150440136 0.107231677243535 0.120838120600462 0.162915948866717 0.176024301933713 0.1583609675594 0.304181363402044 0.417450031382943 0.25145311672774 0.106612050094469 0.0428846396034561 0.0303150030607832 0.0319799573716386 0.0382887120647019 0.0440618978860372 0.053265976704449 0.0826870030892345 0.126772013681646 0.171198193594685 0.205246342480339 0.247422978435394 0.302410522940081 0.372346459188224 0.430565789790491
-9999 -9999 -9999 -9999 -9999 -9999 -9999 -9999 -9999 -9999 -9999 -9999 -9999 -9999 -9999 -9999 -9999 -9999 -9999 -9999 -9999 -9999 -9999 -9999 -9999 -9999 -9999 0.150848990810354 0.0949732501615499 0.0904296951044533 0.0953153127538404 0.105972205007031 0.126648465736137 0.178842947881058 0.263330214788749 0.286309087993851 0.305071402865203 0.368500894401703 0.286221650489879 0.119998216847441 0.059467073087671 0.0517619976851444 0.0385187669296673 0.0296098265495297 0.0286271928616199 0.0312111550611717 0.0370170124487826 0.058597476583048 0.111135746469338 0.161412177671656 0.195257215123798 0.227894255345418 0.286702400015399 0.338891673939859 0.390930080074759
-9999 -9999 -9999 -9999 -9999 -9999 -9999 -9999 -9999 -9999 -9999 -9999 -9999 -9999 -9999 -9999 -9999 -9999 -9999 -9999 -9999 -9999 -9999 -9999 -9999 -9999 0.250201493670848 0.122001735004421 0.0890789174980499 0.0871153084512825 0.0897575947865345 0.109823654982771 0.15860412585146 0.268000847798463 0.328838218003836 0.300219749601817 0.257788162033789 0.23450521165163 0.128594585902236 0.0535961187276337 0.0626417221630211 0.0997967557030051 0.057007971308307 0.0461563219873506 0.0452620607282604 0.0487520199995402 0.0676196965133889 0.0486014033769195 0.0927162417361841 0.149624331297307 0.18233823990301 0.200796982430005 0.246592374368128 0.293984536490219 0.335232729666926
-9999 -9999 -9999 -9999 -9999 -9999 -9999 -9999 -9999 -9999 -9999 -9999 -9999 -9999 -9999 -9999 -9999 -9999 -9999 -9999 -9999 -9999 -9999 -9999 -9999 -9999 0.197461271102483 0.104496663732402 0.0889870500370526 0.0872591948946954 0.087068714669941 0.118488693846158 0.185881556213028 0.276566286258359 0.289096908783655 0.241555851060378 0.209718364691518 0.164533143236302 0.0991579525579533 0.0660485969784553 0.0690914579284069 0.0912395063137136 0.0675793846519583 0.0546740617747053 0.0514110864166439 0.0641096596897687 0.0697831352412367 0.0425351126938556 0.069288281875061 0.118588846023533 0.156419339754894 0.171581089497962 0.21234581089661 0.251773636045513 0.290725714120331
-9999 -9999 -9999 -9999 -9999 -9999 -9999 -9999 -9999 -9999 -9999 -9999 -9999 -9999 -9999 -9999 -9999 -9999 -9999 -9999 -9999 -9999 -9999 -9999 -9999 -9999 0.171486802976324 0.0974260840681336 0.0902889454086001 0.0880441290564243 0.086576676534596 0.128118160023776 0.185831262456166 0.235495174689246 0.208155728107375 0.162113352435226 0.138699716596534 0.125677186383642 0.0909394960040857 0.0750890363182378 0.0893668574528513 0.0869177679444127 0.0669151628239835 0.0489101776579077 0.0460966338228666 0.0565134501684582 0.0693665069120806 0.0359886017906555 0.0552927063279567 0.0954878256764591 0.124199738772385 0.137327332080275 0.174174110417297 0.20794102206497 0.238013943550681
-9999 -9999 -9999 -9999 -9999 -9999 -9999 -9999 -9999 -9999 -9999 -9999 -9999 -9999 -9999 -9999 -9999 -9999 -9999 -9999 -9999 -9999 -9999 -9999 -9999 -9999 0.15966113592495 0.0944711501183831 0.0852881048858638 0.0803343676920623 0.0772675710918904 0.115996882993587 0.166052816558444 0.178369795916905 0.136331359820432 0.107111336002302 0.103971137866322 0.0941010351119839 0.076185724858919 0.069638200567176 0.0807078619801722 0.0899550808823874 0.0641717059820151 0.0432107804463474 0.0352022363338602 0.0314718007779514 0.0280606639163353 0.0269458932019084 0.0495094242692058 0.079800511567524 0.10247587626423 0.118692967445599 0.149047932955754 0.173247489253685 0.19131485654143
-9999 -9999 -9999 -9999 -9999 -9999 -9999 -9999 -9999 -9999 -9999 -9999 -9999 -9999 -9999 -9999 -9999 -9999 -9999 -9999 -9999 -9999 -9999 -9999 -9999 -9999 0.151885736625565 0.0923032254139358 0.0801629616418614 0.071831203279467 0.0648816780329273 0.0992242017926451 0.134927651161896 0.126714362788519 0.0872824151614887 0.0887043084435047 0.089195567295817 0.0828885720649489 0.0691574548993348 0.0639019480417277 0.0766164479351891 0.0837287950721997 0.0615025423569887 0.0377322694536875 0.0307706362826817 0.0240778858025289 0.0229277456968656 0.0272245702730975 0.0438941080116306 0.0656952756358322 0.0790883301729116 0.0989383162964844 0.119606547884547 0.139259438275797 0.150644195136242
-9999 -9999 -9999 -9999 -9999 -9999 -9999 -9999 -9999 -9999 -9999 -9999 -9999 -9999 -9999 -9999 -9999 -9999 -9999 -9999 -9999 -9999 -9999 -9999 -9999 -9999 0.141729253008384 0.089750099085516 0.0753211874873237 0.0640550813554827 0.0538382648136403 0.0982324539315825 0.118770581193787 0.0898207522458528 0.0707740991695002 0.0817983492975655 0.089189719046477 0.0750300222616021 0.0632530608637107 0.0591607310697914 0.0636203316316166 0.0667839970016665 0.048428474840081 0.0320216749481226 0.0277511098890373 0.0241542755793897 0.0226265760289083 0.0260508981838535 0.0375620049960005 0.0530052011898269 0.0673233775869757 0.0855512163536229 0.102801908320863 0.114593568991713 0.119661402226091
-9999 -9999 -9999 -9999 -9999 -9999 -9999 -9999 -9999 -9999 -9999 -9999 -9999 -9999 -9999 -9999 -9999 -9999 -9999 -9999 -9999 -9999 -9999 -9999 -9999 -9999 0.139508002044385 0.0857450990470174 0.0737643608957805 0.061720998416416 0.0459497017006519 0.0854478955035463 0.0923019713634234 0.0668247946268173 0.0583748330777155 0.0693242119776838 0.0735214697176484 0.06382209450819 0.0547527603512752 0.0506769683995908 0.052643224535169 0.0534063303778929 0.0404845467296751 0.0302060958108235 0.026099402475165 0.0207219240114228 0.0217676398143702 0.0226681234485956 0.0290804603571752 0.0404453105388785 0.0546195811832458 0.0712291147064022 0.0815329279610047 0.0911385828629346 0.0935234988472036
-9999 -9999 -9999 -9999 -9999 -9999 -9999 -9999 -9999 -9999 -9999 -9999 -9999 -9999 -9999 -9999 -9999 -9999 -9999 -9999 -9999 -9999 -9999 -9999 -9999 -9999 0.135479234699395 0.0821179111398935 0.0728732742351596 0.0627408709622084 0.040821502156228 0.0645628289684158 0.0732046811648315 0.054184319128419 0.0444539546305678 0.0469466141936631 0.046837310077965 0.0455891001422825 0.0428889813310822 0.0429299660736044 0.0452052511557694 0.0447709483288873 0.0365991247169482 0.0294339269003283 0.0246499516334212 0.0206213050369762 0.0186318560942542 0.0196122037484984 0.0256655143241513 0.0356068300296757 0.046621772673057 0.0567397805493486 0.068180431760309 0.0744078078014715 0.074820760449892
-9999 -9999 -9999 -9999 -9999 -9999 -9999 -9999 -9999 -9999 -9999 -9999 -9999 -9999 -9999 -9999 -9999 -9999 -9999 -9999 -9999 -9999 -9999 -9999 -9999 -9999 0.133240497670595 0.0783671535878414 0.0685991173172882 0.0641613224204429 0.041067480482752 0.052884575204717 0.0583185953394549 0.0485009921251799 0.0381539803520128 0.0377780609328902 0.0385552926483433 0.0387713212677927 0.0385683642137857 0.0398946461144704 0.0420053796634384 0.0411278290564563 0.034372809148929 0.0279450056481413 0.0234750052890842 0.0168485644732739 0.014586176579689 0.0155584457938337 0.0220787809661587 0.0337661218510561 0.0437919765721315 0.0542501578161319 0.0640792903297234 0.068307734851022 0.0678485286160343
-9999 -9999 -9999 -9999 -9999 -9999 -9999 -9999 -9999 -9999 -9999 -9999 -9999 -9999 -9999 -9999 -9999 -9999 -9999 -9999 -9999 -9999 -9999 -9999 -9999 -9999 0.129298080942074 0.0762435154852541 0.0655908722544762 0.064171536169856 0.0413258795468814 0.0480528222286933 0.0543777501659802 0.0436269878550415 0.0348516979432791 0.0339007089905597 0.035104903931349 0.0353217478631342 0.0356817139222369 0.0366251411636319 0.0387221954385072 0.0388389377759473 0.0322519940334093 0.025738569332158 0.0213680648879058 0.0147974609220576 0.0107362239321425 0.0101713179418546 0.0187180443385431 0.0304337531608561 0.0423212946481665 0.0617091787846226 0.0594442158485637 0.0636842708842051 0.0524659390935443
-9999 -9999 -9999 -9999 -9999 -9999 -9999 -9999 -9999 -9999 -9999 -9999 -9999 -9999 -9999 -9999 -9999 -9999 -9999 -9999 -9999 -9999 -9999 -9999 -9999 0.104364772244719 0.121230320570975 0.0710456669207946 0.0636435828535479 0.0659284251598038 0.0436904096005595 0.0351395218396318 0.0440173422872867 0.0400645710086665 0.0306643604225161 0.0279846485624774 0.0298156748335436 0.0299251659573211 0.0310228922210642 0.0320192641736577 0.0335376497922765 0.0366085110891197 0.0288478720274056 0.0228437581270802 0.0194139512507838 0.0134049130009705 0.00787536723613314 0.00567100481711214 0.0104467163977437 0.0174516549184968 0.0225842224880561 0.0310338943190724 0.032680699201747 0.0325791177386988 0.00757352218402901
