meets/meet004/_saidas_enm/CCSM_SVM_0k_Aralia_warmingiana4.asc
NCOLS 154 
NROWS 168 
XLLCORNER -112 
YLLCORNER -55.5 
CELLSIZE 0.5 
NODATA_value -9999 
[rows 75 to 99 of 168, columns 56 to 111 of 154]
-9999 -9999 -9999 -9999 -9999 -9999 -9999 -9999 -9999 -9999 -9999 0.202654780062138 0.352109459730337 0.453265102325723 0.534933096554891 0.654975041159769 0.835331573381443 0.919254732720731 0.785646243275679 0.692266314698976 0.638541154209326 0.593034723470382 0.556770570920848 0.51943018264027 0.510523562720284 0.498435146883969 0.476874199250963 0.448127622612161 0.423355082491201 0.404744071925465 0.380323881504931 0.353574519119052 0.322152126962826 0.305163543290457 0.299869959977968 0.293917134341713 0.294873026554776 0.293497204324834 0.304146822816978 0.321956914292887 0.33641449888714 0.3603789558298 0.373992730305863 0.386238331442973 0.39487205985056 0.382440764823782 0.349917144116596 0.300858214565236 0.249637232214958 0.193288243996119 0.146142522753754 0.11864010720777 0.0988585021521212 0.0940997428681769 0.100220561307183 0.107320959161399
-9999 -9999 -9999 -9999 -9999 -9999 -9999 -9999 -9999 -9999 -9999 0.200360555580083 0.439482404526308 0.518940305910085 0.520650863867451 0.575188966222427 0.741810231859301 0.890197954058022 0.881496302286779 0.814590505828632 0.655715210312665 0.62079228680393 0.582550731833903 0.523356805105381 0.508864697961588 0.48120020781567 0.461931223885716 0.433917129825899 0.404154758919118 0.381673614767044 0.355054013374397 0.324310704440624 0.295058303351535 0.277935860499543 0.275715570620071 0.277287676304701 0.27075499879078 0.271362238453468 0.284526416404922 0.305439156854698 0.337080046037492 0.347327433142183 0.363810177681984 0.38468761234941 0.386739712359556 0.382328768383924 0.351269915228919 0.306042895642209 0.262387635726996 0.213527561129236 0.170181422975027 0.144047950656115 0.120671123805485 0.107984251562704 0.100549719999269 0.0781440627905288
-9999 -9999 -9999 -9999 -9999 -9999 -9999 -9999 -9999 -9999 -9999 -9999 0.444138327161035 0.520525645415393 0.543695801882284 0.571874544778615 0.605129164783207 0.634599030333192 0.732703690581255 0.844246369231129 0.823347519641477 0.733852927441917 0.626118262371393 0.532577808432004 0.513777408918255 0.496907008111351 0.465303897098665 0.427625470844592 0.39128150084659 0.361637115644835 0.330599680508938 0.29996131695082 0.272811663433057 0.256552056953637 0.252061050351051 0.249334203289126 0.239681831396922 0.233949329767601 0.242207572914992 0.259349284073762 0.281195056773962 0.290249028287777 0.300884013161311 0.31888750375617 0.338305615986771 0.354142988522642 0.339711119113752 0.312350294737464 0.280095780307082 0.238394996010558 0.198905659421292 0.170357970111153 0.147970565082978 0.127701425240558 0.105346811033566 0.0755060983380596
-9999 -9999 -9999 -9999 -9999 -9999 -9999 -9999 -9999 -9999 -9999 -9999 0.338581967199076 0.515687094394115 0.597259964827995 0.5726206288431 0.43138833309252 0.301573088644992 0.350843867899407 0.608778637924437 0.870206162345485 0.86503835284725 0.70436097088118 0.558973499559277 0.56009040040041 0.548653683623917 0.480500663329973 0.430144489350316 0.38177619086216 0.347050276567268 0.309785217819376 0.28292304444788 0.254990760248452 0.236360693185575 0.22937857618198 0.219305730200613 0.207580814366734 0.190927665143319 0.191393477334292 0.204662432927163 0.213735027287822 0.222503173343566 0.224089704709885 0.24198901229652 0.266389892398991 0.281199430550052 0.303407901877417 0.301393700888358 0.29144752132874 0.26200419329862 0.222739107881569 0.199209229493598 0.17008012692408 0.14701364160751 0.110853510069343 0.0670099510064358
-9999 -9999 -9999 -9999 -9999 -9999 -9999 -9999 -9999 -9999 -9999 -9999 -9999 0.386744162322162 0.606290426487275 0.42073474823907 0.243930568885741 0.119377767616604 0.11452728213285 0.218476701267581 0.445377217883495 0.726869316280853 0.826797923963019 0.708783689648303 0.66383455601495 0.609996688402 0.524202460466156 0.441785588669592 0.371546436824799 0.336766435093395 0.303223208150062 0.272082657689245 0.245500318030042 0.224377688996523 0.210777070853182 0.195376828921305 0.17926103264712 0.161908983819708 0.156490661640939 0.160303326008867 0.160291354073383 0.1604018792659 0.162430556858691 0.18544913068077 0.219053232599597 0.246552475057556 0.274613064489434 0.291820123404082 0.296948841254149 0.277980247165787 0.248325461699598 0.225402932580976 0.18484608206537 0.14021488597945 0.102007174091243 0.0627732274026052
-9999 -9999 -9999 -9999 -9999 -9999 -9999 -9999 -9999 -9999 -9999 -9999 -9999 0.231231062680867 0.602359441709993 0.276885656226912 0.134309498842182 0.00937761996061021 -0.00513075488306092 0.0336259640294482 0.0668004602613622 0.261143076783745 0.588933576432355 0.638774938612364 0.655886226445087 0.690522895910485 0.603399241704295 0.491551614406358 0.380707099864178 0.32471813969208 0.304183530101351 0.257057166075073 0.237604945042058 0.21494335440765 0.198163726057424 0.177568912193815 0.163152347310772 0.144643852947597 0.13482219032589 0.132804669982401 0.125194596757102 0.125923342469305 0.124108455559851 0.149393486703224 0.194564953958224 0.23624274701277 0.261934394379581 0.294550458915261 0.312396578890356 0.291226035150875 0.261056189533216 0.217276921638868 0.173236966532148 0.13512801116028 0.102791535392899 0.0645100912073962
-9999 -9999 -9999 -9999 -9999 -9999 -9999 -9999 -9999 -9999 -9999 -9999 -9999 -9999 0.5780634557853 0.374343912112776 0.141728222430686 -0.00298996237675592 -0.033542713943466 -0.030959733286456 -0.0252731085947633 -0.0179723821402739 0.00655045035305524 0.0488837800519122 0.160988200215547 0.339975970398169 0.511842215060349 0.557409014036883 0.445985619322583 0.374368859756528 0.279870699986994 0.251540688766041 0.225052648510553 0.199298009690548 0.189657991022501 0.170895113231626 0.153938499528307 0.137414299133884 0.127530727056471 0.122910668922358 0.120705586596116 0.118976344214132 0.121139875674137 0.144592422688507 0.181645112395631 0.216358511380577 0.249470345629491 0.26963283968867 0.276797570426912 0.259612451311371 0.229119090222033 0.200665702515925 0.168964972513282 0.141997660327741 0.122127106173776 0.0959255394661644
-9999 -9999 -9999 -9999 -9999 -9999 -9999 -9999 -9999 -9999 -9999 -9999 -9999 -9999 0.428693703545928 0.368520468120194 0.232814972636799 0.0371590061651814 -0.0348844807030193 -0.0534794833083442 -0.0582423687109225 -0.0557892043413719 -0.0239745871142607 -0.0145914558371708 -0.027986425564438 -0.0102161445218742 0.0558531524069141 0.316730414847035 0.450691728323722 0.465997453717238 0.288106117415641 0.310400152610934 0.250765029700829 0.19714305934392 0.188907046541199 0.169584235418931 0.157838168952909 0.14634601279486 0.138502050985982 0.13040872282334 0.123593125397382 0.124222223268342 0.125167594326371 0.137296538587116 0.162281653303481 0.18906506897664 0.216555709003369 0.230193816603637 0.238012674592033 0.227651611968332 0.203185248896067 0.191815036979944 0.172064289645504 0.158729792710423 0.152023432297945 0.142048711605326
-9999 -9999 -9999 -9999 -9999 -9999 -9999 -9999 -9999 -9999 -9999 -9999 -9999 -9999 -9999 0.411784492761995 0.453731719523938 0.183322361620746 0.00335573088543256 -0.057652691047124 -0.0565176182787901 -0.0451048723552328 -0.0205515244046901 -0.0101135492717425 -0.00891573821957548 -0.00744933382020591 -0.0192522948974658 -0.0248799057037917 -0.0151221769709824 0.195324774024449 0.510524038518622 0.531845561734147 0.338365437630707 0.204451714335877 0.190608537202084 0.19125026841987 0.176193318196964 0.163827335585422 0.161983194278647 0.171649689411634 0.169236943008407 0.135673580118592 0.117452836140606 0.129698788726661 0.149706009028906 0.172165264018481 0.193376660173734 0.206848885419672 0.217441139346786 0.219141921413906 0.211929232213063 0.201009284544648 0.190670791248525 0.1839492964219 0.179301102180794 0.18291470048688
-9999 -9999 -9999 -9999 -9999 -9999 -9999 -9999 -9999 -9999 -9999 -9999 -9999 -9999 -9999 0.342992452287884 0.547967186821361 0.411237071035775 0.109097292348927 -0.0381109312636271 -0.0574540709342911 -0.0595165993280131 -0.028711039682576 -0.0125348010908873 -0.0024178590216461 0.0146917687897739 0.00591941285572639 0.0113225000422593 -0.0028268530724796 -0.0204838640389077 0.296241484217214 0.612976410948523 0.492892422797723 0.270982922771325 0.223361810325443 0.22614209233389 0.187669742803771 0.17369366966851 0.184973275030794 0.227373186651883 0.26176169579227 0.156059320987268 0.106088122091196 0.126906948462823 0.145169536204947 0.16360401220197 0.185204058456426 0.197865620400534 0.216094956331873 0.230973183932781 0.237520877379878 0.22808034538308 0.215047482227425 0.20422181362181 0.195712479889498 0.202420881172516
-9999 -9999 -9999 -9999 -9999 -9999 -9999 -9999 -9999 -9999 -9999 -9999 -9999 -9999 -9999 0.372319665666845 0.361621896534135 0.519540508288977 0.382944194539691 0.120223216430925 -0.0457849821032371 -0.0759642274182151 -0.0642639530873811 -0.0454721683193433 -0.0310640738977748 -0.0218420865974148 -0.0138770966634931 -0.00631296914829976 -0.0184670700583961 -0.0387922192421153 0.0502800672405065 0.434429923406295 0.749203159257673 0.5379781174007 0.355396570006982 0.243121561079836 0.196641203072403 0.179191749743501 0.18794614302722 0.249214890800307 0.275242122485474 0.156365337494037 0.108044488432732 0.136942941374821 0.157816967976415 0.168865861594305 0.178183184569218 0.194612389470134 0.216227619419649 0.239767246469421 0.263049545036535 0.242615298874504 0.227013393600977 0.209196745089238 0.181433988992155 0.181571256591874
-9999 -9999 -9999 -9999 -9999 -9999 -9999 -9999 -9999 -9999 -9999 -9999 -9999 -9999 -9999 -9999 0.506250488990459 0.230770733381203 0.40890850590641 0.422838456234329 0.153583942341062 0.0218980150554347 -0.0432651487267811 -0.0558702220873346 -0.0473933640054732 -0.0379190714957242 -0.0345838351153532 -0.0265748507978218 -0.0275233081829438 -0.0329351365779741 -0.0142008192784596 0.152921842592843 0.679676398030005 0.80593483779386 0.629364715848027 0.388021040406687 0.263532241018182 0.190929038467691 0.169737542908918 0.203366275510396 0.242948658637722 0.141093850019393 0.132769001717867 0.161532116255314 0.170666476351334 0.169679257878677 0.167117659305211 0.181757668539895 0.201788652129754 0.22363654219253 0.250070238312643 0.209773840356454 0.190150111438699 0.171328998447847 0.140962586924211 0.154731476894911
-9999 -9999 -9999 -9999 -9999 -9999 -9999 -9999 -9999 -9999 -9999 -9999 -9999 -9999 -9999 -9999 -9999 0.552871539102198 0.133213974303744 0.301672298049772 0.459979852023632 0.298738052359266 0.0774014916497878 -0.0232715584908195 -0.0420440291527575 -0.0387915445969743 -0.0381797025392142 -0.0317343483219252 -0.027682288230192 -0.0264544105389004 -0.0220277691648179 0.00935279189631472 0.191253504682581 0.518598895833925 0.790440324647749 0.676601536773814 0.455088295831365 0.301127067078552 0.205863886414221 0.1925231597355 0.183608650652957 0.178855609449878 0.18663935421768 0.188230647179714 0.174210514054689 0.158643624274145 0.1568634721349 0.160880911510654 0.169204278326137 0.173782972801993 0.160778581794939 0.122880798953337 0.0766181045134947 0.0634285551799224 0.0742095420675696 0.10231764903895
-9999 -9999 -9999 -9999 -9999 -9999 -9999 -9999 -9999 -9999 -9999 -9999 -9999 -9999 -9999 -9999 -9999 -9999 -9999 0.0322955310407841 0.0460864690905263 0.24415551843872 0.212258183923845 0.0780318003691847 -0.00214866363705202 -0.0330233223088461 -0.0458614113859728 -0.0370894939362602 -0.0299231702432969 -0.0270480016791743 -0.023869944272735 -0.0250427794776514 -0.00428934350874727 0.103660004818896 0.470580784932882 0.802661375899151 0.703999149806013 0.522627907697656 0.359456761274036 0.307710698682489 0.296885605910682 0.258381229294052 0.235029336168302 0.21305509507362 0.183998089634329 0.164547108837245 0.158890211157352 0.148595929100806 0.141211946088371 0.127101974125825 0.0993016696211615 0.05016385352382 -0.00891399860407993 -0.0185423710251228 0.00708237395089151 0.0460261196484568
-9999 -9999 -9999 -9999 -9999 -9999 -9999 -9999 -9999 -9999 -9999 -9999 -9999 -9999 -9999 -9999 -9999 -9999 -9999 -9999 -9999 0.0788153301296491 0.178791017611743 0.211255640819507 0.101258076163582 -0.0235470814676905 -0.0396855822573384 -0.0406716292514731 -0.0364637905683887 -0.0265166796733719 -0.0263783669198238 -0.0322409890122629 -0.035417895015142 -0.0296465264579449 0.0723818265712988 0.324052818195995 0.645226576252654 0.731598998105368 0.557082493161619 0.462577555847968 0.358359563198176 0.305759007023906 0.272611619469929 0.232617686734133 0.208103541113552 0.185998018366734 0.174154535496399 0.157858790857792 0.129140903702072 0.105779873916264 0.0632918252031144 0.0117448746673515 -0.0351873138139032 -0.0461361778507403 -0.0358135966975514 -0.000990286200507839
-9999 -9999 -9999 -9999 -9999 -9999 -9999 -9999 -9999 -9999 -9999 -9999 -9999 -9999 -9999 -9999 -9999 -9999 -9999 -9999 -9999 -9999 -9999 0.173482738144398 0.256286202329531 0.1350227780178 0.0441791737431304 -0.00328177743377439 -0.023990371898557 -0.0236066682923682 -0.0286608923120312 -0.0352777406862309 -0.0418702540234276 -0.0417614918118492 -0.0335262741161535 0.0199548907756442 0.254799237881432 0.65600898542739 0.771477779364405 0.681831234172835 0.514885005105292 0.401654070627438 0.332617624292998 0.281578667830545 0.249004806776493 0.228180887829466 0.211425894634139 0.188086960842473 0.154905927941982 0.115989450327621 0.0616223372869789 0.0057138409573157 -0.041457670361938 -0.0585858881543301 -0.0550656765704255 -0.0402161680593931
-9999 -9999 -9999 -9999 -9999 -9999 -9999 -9999 -9999 -9999 -9999 -9999 -9999 -9999 -9999 -9999 -9999 -9999 -9999 -9999 -9999 -9999 -9999 -9999 -9999 0.211436386617985 0.20805994209593 0.124905041521645 0.0449319689288041 0.00836972602875963 -0.0181594965906896 -0.0332281884211478 -0.0470487215800348 -0.0513425898391939 -0.0464579843393871 -0.0398595177703407 0.0111663908784602 0.201459016692539 0.54895246827676 0.855493395415279 0.722646889381896 0.526738893413423 0.41616405303906 0.332912032506651 0.302317089492674 0.290200487511339 0.263665746295436 0.247816656092277 0.202167484998303 0.137858507899897 0.0793967716926277 0.00695144242414825 -0.0376870079401319 -0.0571380239637014 -0.0701392031033118 -0.0753744541948198
-9999 -9999 -9999 -9999 -9999 -9999 -9999 -9999 -9999 -9999 -9999 -9999 -9999 -9999 -9999 -9999 -9999 -9999 -9999 -9999 -9999 -9999 -9999 -9999 -9999 0.00547924538875905 0.152038213211016 0.235079806018117 0.208938332060311 0.112884180666161 0.0366724726734216 -0.011640110996861 -0.0440859618399415 -0.0528431120093952 -0.0527210754656295 -0.0490676813998194 -0.0240001129253539 0.0638596942092478 0.348862301839535 0.849676906164369 0.91694114489162 0.664859566071883 0.484421982591273 0.37205496297553 0.340309259567217 0.33856157532972 0.310015525888372 0.284638324830844 0.229252153518213 0.149168005774805 0.0736122123526503 0.00633660642925393 -0.0283145012811873 -0.0479612926601932 -0.0643443270169717 -0.0802089952995035
-9999 -9999 -9999 -9999 -9999 -9999 -9999 -9999 -9999 -9999 -9999 -9999 -9999 -9999 -9999 -9999 -9999 -9999 -9999 -9999 -9999 -9999 -9999 -9999 -9999 -9999 -9999 0.0931867036823293 0.268694876270142 0.259837937308688 0.116531213117312 0.0369766730010901 -0.00143951729621361 -0.0273671644478594 -0.0342685286225687 -0.0263282600076503 -0.0095341267438438 0.0350826984188455 0.262210635533221 0.771403849814291 1.03117471210257 0.786795741760173 0.513841170717604 0.361484115588363 0.348898419577782 0.361585242796592 0.326509986219725 0.29431706214496 0.23230228377585 0.135038223431275 0.0490745379528183 0.00552132192560023 -0.0164881377206344 -0.0314148489287506 -0.0513133671462986 -0.064232894706399
-9999 -9999 -9999 -9999 -9999 -9999 -9999 -9999 -9999 -9999 -9999 -9999 -9999 -9999 -9999 -9999 -9999 -9999 -9999 -9999 -9999 -9999 -9999 -9999 -9999 -9999 -9999 -0.0354920102899651 0.179922645177718 0.335500134987591 0.210520138882839 0.0697961261671941 -0.000891428578490949 -0.0273470105382718 -0.0181657358351509 0.00841143484001444 0.0162798330704704 0.0444659217055252 0.230969739562105 0.675530958328088 1.02658575135997 0.884072637828834 0.551402730983226 0.339077393218537 0.317928786543359 0.343382611336107 0.306770521210093 0.259899255915596 0.201414231665174 0.118305901050543 0.0501176997143124 0.0126912619503087 -0.00418715191064289 -0.0115089169176167 -0.0198859515418411 -0.0212458513409007
-9999 -9999 -9999 -9999 -9999 -9999 -9999 -9999 -9999 -9999 -9999 -9999 -9999 -9999 -9999 -9999 -9999 -9999 -9999 -9999 -9999 -9999 -9999 -9999 -9999 -9999 -9999 -9999 0.0970291687348682 0.372036314500549 0.321778868053658 0.0934913341513772 -0.0304704039882363 -0.0554998126410181 -0.0267203822451678 0.0199563519007374 0.0358941392092623 0.0475328909137724 0.192571362209243 0.591312101903171 0.974512448437064 0.954198250226852 0.605689413907555 0.324756411119549 0.278368304905118 0.31859879591999 0.255568426557852 0.1948611503046 0.145090018839212 0.0968618132761389 0.0502880518049063 0.0270655404097626 0.0234119668767079 0.0263747499635905 0.0231057215841324 0.0323295398713793
-9999 -9999 -9999 -9999 -9999 -9999 -9999 -9999 -9999 -9999 -9999 -9999 -9999 -9999 -9999 -9999 -9999 -9999 -9999 -9999 -9999 -9999 -9999 -9999 -9999 -9999 -9999 -9999 0.0518701147436682 0.355988650485121 0.368504635895307 0.087829229924382 -0.0491497885318669 -0.0683475979902367 -0.0490295033863186 0.00858867804131663 0.0328835430529041 0.0449317880290121 0.179889296354025 0.5422797789872 0.939999769637813 0.964782867420604 0.653931180971152 0.349668874945335 0.237222903348476 0.202733460355247 0.172845421905666 0.16459228068014 0.133370101365229 0.0925323033816831 0.068087622954042 0.0526262993329326 0.0532071756598607 0.0648272370438677 0.0813433732714275 0.112909650636539
-9999 -9999 -9999 -9999 -9999 -9999 -9999 -9999 -9999 -9999 -9999 -9999 -9999 -9999 -9999 -9999 -9999 -9999 -9999 -9999 -9999 -9999 -9999 -9999 -9999 -9999 -9999 -9999 0.0161621499592238 0.347510920909176 0.400564162047902 0.0754346080656275 -0.049336426614617 -0.0601692883166087 -0.060396054041053 -0.00251458962605727 0.0219126338738016 0.0260502380837729 0.148375820293565 0.506932355583476 0.890263806099246 0.948874060341466 0.639012212372452 0.323002940651012 0.203081818485999 0.15680527669947 0.114644877786302 0.139347353066212 0.144319726175975 0.107262236977506 0.103562025602875 0.0874880374458267 0.0836844484189742 0.108746312163667 0.148627314052373 0.193705346826213
-9999 -9999 -9999 -9999 -9999 -9999 -9999 -9999 -9999 -9999 -9999 -9999 -9999 -9999 -9999 -9999 -9999 -9999 -9999 -9999 -9999 -9999 -9999 -9999 -9999 -9999 -9999 -9999 0.00366836115078639 0.349865374084391 0.372999898123135 0.0460118460940792 -0.0596905240047156 -0.0707729111775987 -0.070235801490739 -0.0333813750060509 -0.00654652472040762 0.0143298478990139 0.151909571802933 0.515026923377753 0.89381934636097 0.895172848723953 0.582630247451863 0.274324283630307 0.161019886961436 0.131112196984503 0.0969786124685313 0.109250846408116 0.116768011834942 0.13026015178238 0.13604196681697 0.13776328248718 0.142178061539207 0.17733645837114 0.232200478753134 0.293179924497758
-9999 -9999 -9999 -9999 -9999 -9999 -9999 -9999 -9999 -9999 -9999 -9999 -9999 -9999 -9999 -9999 -9999 -9999 -9999 -9999 -9999 -9999 -9999 -9999 -9999 -9999 -9999 -9999 -0.0145071995454655 0.352307830471175 0.315539413079661 0.0147325687358681 -0.0728178875879283 -0.0814363905089921 -0.0739476767216906 -0.0529641524507904 -0.0252962466008174 0.000746353118232679 0.142707761137463 0.533256146092509 0.868328334806067 0.819898731633616 0.467878870736723 0.17953201685695 0.112319125492543 0.0922963007076766 0.0942704612648929 0.123427799158872 0.145472851754304 0.159912356211458 0.196518362982827 0.195900991508657 0.211147214370824 0.263210348232505 0.331823745881862 0.391565795199753
