meets/meet004/_saidas_enm/CCSM_SVM_21k_Aralia_warmingiana4.asc
NCOLS 154 
NROWS 168 
XLLCORNER -112 
YLLCORNER -55.5 
CELLSIZE 0.5 
NODATA_value -9999 
[rows 50 to 74 of 168, columns 56 to 111 of 154]
-9999 -9999 -9999 -9999 -9999 -9999 -9999 -9999 -9999 -9999 -9999 -9999 -9999 0.0233968044464923 0.0270954423322762 0.0129256347063071 0.0143178491058595 0.0810444700795672 0.244543721893846 0.421675401357917 0.451515377492186 0.526965015774794 0.480872359340452 0.376757981392879 0.220671352511497 0.107776538459848 0.00282889194074987 -0.0421392170222744 -0.0343412738357827 -0.0124569352394205 5.47336168429946e-05 -0.00157586638278662 -0.00127887570994273 0.0420254609883645 0.245352214361404 0.556715862453227 0.704952860915564 0.796741469879656 0.786545930667652 0.758682432729533 0.678714483293326 0.716197764793735 0.704441044295534 0.626968814189746 0.471295918358031 0.196757006064626 0.22510562404944 0.207434847099779 0.225466803360682 0.327775882771874 0.372877759486815 0.371252180201561 0.416392375231148 0.478880722429003 0.555610725477562 0.580213343525504
-9999 -9999 -9999 -9999 -9999 -9999 -9999 -9999 -9999 -9999 -9999 -9999 -9999 0.0246941353161997 0.0295035459684328 0.0196886224383828 0.0390611145726449 0.13194410156719 0.260069127325885 0.342482699680023 0.375619110855921 0.452079347507452 0.507336679627198 0.448806345356799 0.281997990519842 0.139161747813011 0.00430069645788328 -0.0513754227259268 -0.0440073338967563 -0.0232797990054532 -0.0112410304522838 -0.0202931440183237 -0.015398473339258 0.0610930646575185 0.289762452348191 0.567842998069801 0.710761090672106 0.768354348103097 0.749653208469132 0.705823402992581 0.667736698545107 0.634459497222334 0.604484414710379 0.546491387981037 0.469977754672538 0.393769063624656 0.385737617979889 0.444435829686754 0.46036614093439 0.459136487386225 0.469186567078987 0.453213415733013 0.480384074523919 0.516054715067434 0.554893410872848 0.573233627742116
-9999 -9999 -9999 -9999 -9999 -9999 -9999 -9999 -9999 -9999 -9999 0.025033031170713 0.0268357196080093 0.0271808278626242 0.0307685895178812 0.0262833957127334 0.0443585094050549 0.140214681586332 0.257518039454006 0.274709235612871 0.235773180109467 0.316397590349654 0.355089502353654 0.291603287628372 0.155041928888878 0.018866925759308 -0.0345147297009061 -0.0416320596501529 -0.0156625272338282 0.00638238751868742 0.0118905399968726 -0.00289543889340765 -0.0102917471662001 0.0918207665456858 0.403543860304387 0.645508478619561 0.738550129491216 0.794037332289369 0.755729195011315 0.702849900238971 0.661076524582253 0.597152483851121 0.572280221071014 0.533904361636036 0.492760177832132 0.513913079105228 0.499425475024114 0.555454082295674 0.575471402491129 0.541860689257295 0.535648832644841 0.521733125152864 0.530200260977132 0.543698388525259 0.551980892236586 0.562444989283919
-9999 -9999 -9999 -9999 -9999 -9999 -9999 -9999 -9999 -9999 0.0264750901162928 0.028346379482936 0.0290316407594369 0.0273756945322648 0.0294067800027975 0.029674205166549 0.0249100455628577 0.0510384080556949 0.10111802678971 0.119932397062801 0.109380654816402 0.0890153611115883 0.0545642662149404 0.00167724623317494 -0.0370251870662258 -0.0561555149276364 -0.034768740543741 -0.00299749088327983 0.017309378407783 0.0269672347932822 0.027685802764257 0.0142046157923887 0.00114130996058165 0.0965907857266309 0.402660026015638 0.669707237489165 0.753858413514542 0.803056462628329 0.784258434643638 0.729182562591202 0.683091589403051 0.621305433251796 0.589300234949496 0.56553312478603 0.531593474586058 0.55350801428709 0.546997546061344 0.574946335345533 0.562205375637318 0.506702128725088 0.500964000616886 0.46054240230778 0.485620360922672 0.485056810711798 0.475052438487346 0.491992319578652
-9999 -9999 -9999 -9999 -9999 -9999 -9999 -9999 -9999 -9999 0.0307900029721114 0.0234965247681159 0.0153557350426501 0.023657399729083 0.0273500201320876 0.0303100862510496 0.0237134521390295 -0.00442900220750758 -0.00907083135585618 -0.0102226577051339 -0.0174519774011805 -0.0458297360275077 -0.0742807676935144 -0.0726922963078952 -0.0406562603935853 -0.0203233818528116 0.0112608716921618 0.0270882773287476 0.0325778268339219 0.0339124076444424 0.0337984358004131 0.0297237755790606 0.0103695315771194 0.0592058041450103 0.309404234122781 0.637914753060723 0.757865355527868 0.785419637038421 0.799068655352621 0.764308860992407 0.721685373219613 0.663155143391437 0.625039844803723 0.600857841806908 0.576046172504323 0.576143772305117 0.507451945743091 0.487728793659667 0.421256761173814 0.347289830310505 0.34813723234098 0.310502876612191 0.333282892330459 0.33997747369055 0.333697229405661 0.351390765134044
-9999 -9999 -9999 -9999 -9999 -9999 -9999 -9999 0.0292933561019839 0.0289969953748669 0.0150831974197468 0.00502217460817278 -0.00313530953140573 0.0132433887959709 0.0266802802208408 0.0296163708579764 0.0261658178841165 -0.00365181196695169 -0.0312714089108423 -0.0373393013745094 -0.0498056216133635 -0.04763623751437 -0.0373729744302398 -0.0233142824279594 0.000610812135689809 0.020213224417291 0.0299811539448792 0.0326305903490092 0.0320499127513458 0.0320671623404326 0.0326086315016786 0.0313659574693912 0.0173152927185538 0.0216268725634349 0.180503170143654 0.469846619271343 0.648223302575773 0.725910849792164 0.734011242429668 0.72140758415476 0.69575210496242 0.658041274193136 0.63841587123687 0.604757688998868 0.527941634344133 0.466387911935294 0.343618399542566 0.232008711580261 0.137224890019151 0.0709485608183499 0.0580983497929168 0.0453857960296661 0.0664110070287636 0.0807420943349283 0.0953695495596624 0.123687055868782
-9999 -9999 -9999 -9999 -9999 -9999 -9999 -9999 0.0295923668734399 0.0215723401475502 0.154990590137175 0.0652442143139489 -0.0248617978081479 0.00336120817153662 0.0215137472191725 0.0284460139468903 0.0252834392159531 0.0131035651507744 -0.0018007627492887 -0.00605209345598445 -0.00072398897552256 0.00524321634770852 0.00585046518608601 0.0153498566846451 0.0273863218149807 0.0309513047192294 0.0308791560423203 0.0295360823588718 0.0288297505289446 0.0289022776679678 0.0299623520088362 0.0312231351934992 0.0189636348521414 -0.00330582375814265 0.055664431649154 0.262421635171555 0.430823657833367 0.55334643972056 0.580903257387464 0.559073208983602 0.556494915993773 0.5212581139848 0.47333299685742 0.395764116848151 0.269569398510464 0.142591361073393 0.00246400458238505 -0.093959890408904 -0.151128363064193 -0.163072045175461 -0.162049356488577 -0.159414228103878 -0.148893887044646 -0.140323690809749 -0.128992695242185 -0.108524359901683
-9999 -9999 -9999 -9999 -9999 -9999 -9999 0.02647977811374 0.0131538086779863 0.124734381588799 0.376555926351832 0.209825509282552 -0.0436710276256759 -0.0233117837496679 0.00709820231215758 0.020565713680524 0.012964102995403 0.0088869235715302 0.00225927691293892 0.0164308459069309 0.0226901571381451 0.0244927415211095 0.0257531793865353 0.0276398426776115 0.0289162473461877 0.0290712106570529 0.0292383653605381 0.0293671054564135 0.0292978776473298 0.0291568223958031 0.0288408274259008 0.0299171346044246 0.0208012058723641 -0.012274791962966 -0.0331612990217954 0.0396189006643655 0.16767373226696 0.291313365380268 0.320241329418661 0.263901857251417 0.19342606204887 0.0854172016582999 0.00441890536354883 -0.0596091228726969 -0.120489371456717 -0.168458496731638 -0.169924849329516 -0.150182962824762 -0.142573681639976 -0.128437221107472 -0.125650738023154 -0.126773186980605 -0.131581352469205 -0.146856879038046 -0.164686286468143 -0.172745168225911
-9999 -9999 -9999 -9999 -9999 -9999 -9999 0.0109329013844598 0.0365036527686686 0.373424946670797 0.613470484250923 0.333830832650704 -0.0519809637093459 -0.0558430706280402 -0.0289138344029853 -0.0114168654557629 -0.0230993405974194 -0.0257610383089398 -0.0218592905814921 -0.00366802941271005 0.0124454396319696 0.020496283555098 0.0248897470672835 0.0250679739519564 0.025515012428578 0.0265600718105056 0.0266328027139281 0.0273807125272841 0.0271342597253837 0.0266686301796653 0.0269967032751314 0.0268686989869596 0.0201640074763739 -0.00749019543472007 -0.056415535204807 -0.0830253296761236 -0.0601283479758526 -0.0136022316594256 -0.00688164171945405 -0.0491109000448808 -0.100872721300628 -0.141414704448924 -0.167974419411264 -0.160733750905675 -0.136279137934323 -0.120388111019893 -0.0948310405116483 -0.0830565562351 -0.0689788600043983 -0.0485425717442601 -0.0393853789978819 -0.0353472412691304 -0.0412011902273782 -0.0507811168367632 -0.0672468962135595 -0.0887801380276861
-9999 -9999 -9999 -9999 -9999 -9999 -0.000820577742700002 0.00440618470949378 0.23124166600479 0.62971109442262 0.807237879189705 0.42304102298745 -0.0662903479651823 -0.0735306695730527 -0.0657210801326088 -0.0507287090988161 -0.0618947266031403 -0.0657899356021007 -0.0690981704797662 -0.0381526470059882 -0.00821218775033306 0.00157304193978169 0.00993185676409325 0.010813618397233 0.0129287711342229 0.0139290604602437 0.0149005233818887 0.0126243629137018 0.0128013536197645 0.0153301494230245 0.0144482587229683 0.0170076569545166 0.0175009163371089 -0.000894201363839275 -0.0423417307850854 -0.0881268516029933 -0.117918029741143 -0.141862764985159 -0.151976331709208 -0.150028654859806 -0.138440237425512 -0.118386185033115 -0.092093220156429 -0.0812374674976807 -0.0557750578748212 -0.0369445824806521 -0.0212707564054455 0.000697070611537232 0.00899767468837875 0.0188056606707941 0.0169594642299311 0.0167402854764412 0.0175557209888783 0.01631154820274 0.00330590391335167 -0.0186391840578919
-9999 -9999 -9999 -9999 -9999 -9999 -0.016592552939256 0.0699614701017557 0.423165491667675 0.767071762319569 0.852129683108145 0.436620220199834 -0.0912822371840012 -0.105098355867362 -0.110413277064255 -0.0941898272413596 -0.0943406387639615 -0.100039687470931 -0.103853624027763 -0.08741835041281 -0.056574775464117 -0.039575963237603 -0.0252733982220416 -0.0268791418007143 -0.0278913087812377 -0.024202488910694 -0.0268416305419897 -0.0262023920422585 -0.0266516710951731 -0.0262336680982981 -0.0206424165339563 -0.01782526987126 -0.0114460424539329 -0.00641272779301633 -0.0145050088104138 -0.0416784853080022 -0.0639351776067665 -0.0795494439704985 -0.0802775642067892 -0.0728381452532928 -0.0648611466687881 -0.0425874874662635 -0.0249094354411628 -0.0113403166871475 0.00878508617092094 0.00760144663943363 0.00138201978324531 -0.00473158031221399 -0.00991999282665001 -0.0138915198356487 -0.0113375689807753 -0.00921863945983348 -1.41848701132874e-05 0.000459440414859125 -0.0150666158275058 -0.0347577616693404
-9999 -9999 -9999 -9999 -9999 -9999 -0.0212852697400403 0.127944406610331 0.482831386326023 0.785935736136936 0.828819610539429 0.41631875913906 -0.107605254173376 -0.131875685261328 -0.136791748704984 -0.11813958412661 -0.115825458060145 -0.125061357996414 -0.134462063872469 -0.122448369599864 -0.0943587729667259 -0.0830550939985862 -0.0690505011666396 -0.0705912542293679 -0.0692610857946075 -0.0709792402024133 -0.0683496921638999 -0.0729408637452451 -0.0723532498716525 -0.0671568843029861 -0.068548075227476 -0.058060693532494 -0.0552520593759918 -0.0469756448437189 -0.0326589503844799 -0.029561903913971 -0.0318968269236863 -0.0373352426006107 -0.0370572744816668 -0.025183049522729 -0.0105252417751008 -0.00496046129028194 -0.00863362506061349 -0.0139083065164912 -0.018060631034138 -0.0292141047376931 -0.0327279432154309 -0.0411187642705029 -0.0408265680086062 -0.0369522395262505 -0.0296059543219057 -0.0243312441690553 -0.0300297104019316 -0.0333187172566206 -0.0371018643830149 -0.0663244657333919
-9999 -9999 -9999 -9999 -9999 -9999 -9999 0.123618134312212 0.458457375374697 0.752540953978821 0.815042146066987 0.456125049596274 -0.0822599167398166 -0.158468034985949 -0.160951179896221 -0.131075014936956 -0.124570645926248 -0.132195571390646 -0.144053559348196 -0.151150815195212 -0.137742928351859 -0.124867092524543 -0.1114846020449 -0.112224420703796 -0.119418783781846 -0.121762888477388 -0.124990217074359 -0.123446540959356 -0.124070411972885 -0.124889691798325 -0.121235463227889 -0.118565596736954 -0.110398877793561 -0.103926914001864 -0.09490115935384 -0.0824914384882248 -0.072327212858066 -0.0604070711628237 -0.0552189733537161 -0.0487555191235337 -0.0413214881034979 -0.039912008716543 -0.0394382585893565 -0.0420980401703522 -0.0471713131957692 -0.0506900140024841 -0.0584169629551161 -0.0653035166245823 -0.053927740849627 -0.0390860640363631 -0.0215784272316811 -0.00860968552314489 -0.00188053220046969 0.00143411505253305 0.00410847598075509 -0.0126360827381142
-9999 -9999 -9999 -9999 -9999 -9999 -9999 -9999 0.384551597213418 0.696999069042104 0.908270815832462 0.533003205669662 -0.051311831348255 -0.156635613849204 -0.140543072970696 -0.110915203736856 -0.092339077788036 -0.104340921900061 -0.130576761084081 -0.149178126820867 -0.142707110602884 -0.134391050594783 -0.122823757151717 -0.11994307769461 -0.128507873190535 -0.138127573124956 -0.135788774156547 -0.135696936314589 -0.133852002941366 -0.12915286782264 -0.130511938806265 -0.126262111589009 -0.124646046266296 -0.119341133906559 -0.108398909241002 -0.0977692430089835 -0.0901071698080931 -0.0795393366998388 -0.0694990561812905 -0.0583732005313933 -0.0483873214779118 -0.0405622538721637 -0.0328868068317918 -0.0249987641006101 -0.024120984630382 -0.0145984676747636 -0.0256479874754479 -0.0430718473440223 -0.0304827266389033 -0.00367106618348717 0.0201766721510407 0.0469350876739019 0.0659287090988584 0.0880366432829782 0.116078978110883 0.148100369756193
-9999 -9999 -9999 -9999 -9999 -9999 0.00697145409327249 0.131593008874551 0.390546480145438 0.630271531843246 0.726905577612197 0.486760888974269 0.0803945322393517 -0.0367948777821552 0.0179417509242047 0.0897492729884259 0.0440351634212383 -0.0661026749675353 -0.123068210692966 -0.144407156409054 -0.144235027644527 -0.136282594104799 -0.129784238563489 -0.120044571230512 -0.112927850066776 -0.106576250091045 -0.0940944317392837 -0.0849977439215029 -0.0751601938594985 -0.0653371895319477 -0.0651702107688032 -0.06580778367575 -0.0707041775118807 -0.0740498894707229 -0.0773271416515757 -0.0739421983276459 -0.0642851538127314 -0.0512633959430232 -0.0376879677547772 -0.028085671971332 -0.0173402504749117 -0.00964323550055646 0.00167374227070155 0.0240629693282448 0.0474663194715381 0.0637669500490278 0.0598637239554179 0.0418208851474432 0.0357948815430548 0.0603250197504702 0.0911301891344976 0.124423855365729 0.15397638236972 0.180339974217933 0.197546754457682 0.201285846200863
-9999 -9999 -9999 -9999 -9999 0.101482554394245 0.0520525473714148 0.225749434853338 0.437332645765967 0.561044130329465 0.592339754854522 0.498704340320377 0.281042988320178 0.226725488605767 0.31368373858466 0.453367168070965 0.253563521321143 0.0261246344260808 -0.0920369371426507 -0.110657832500989 -0.114110322223503 -0.106991810861122 -0.116663630214811 -0.096949942239982 -0.0527497778057922 -0.0159950135102047 0.0137121144465173 0.0373039496572741 0.0648274528923563 0.0855283971290298 0.0837417387167163 0.0863995061009148 0.0687888196485286 0.0493299041524308 0.0232684744880644 -0.00236272688795164 0.0208483459467949 0.036164631323481 0.0555189823887738 0.0538672847081201 0.062597801529085 0.0757886176950006 0.0763327364536502 0.108200991539758 0.147912735571848 0.187594496682367 0.165546879599473 0.128641059546279 0.128714022443255 0.164275373713508 0.206267609301787 0.207495143265849 0.231699781025158 0.258215040205526 0.260357872718877 0.236941865523163
-9999 -9999 -9999 -9999 -9999 0.204384163169472 0.153371193292487 0.317849164240797 0.496126312195999 0.549076686583185 0.524780058696279 0.533720173808839 0.549185082373837 0.565326601768165 0.564612012636098 0.517909768548844 0.353769430677748 0.15122116149391 0.0111430292986769 0.0201029993322457 0.0459469316387303 0.0508067943471628 0.0350643682095094 0.0563487229285055 0.105712872529195 0.148539515378848 0.182199970682508 0.213601335825901 0.256429479095019 0.291379177039265 0.307353792609157 0.302067487173112 0.274764174843056 0.242291440208411 0.196122091480925 0.16318466446305 0.170242273811746 0.184846126623202 0.199801671089091 0.199137706150512 0.195802515935983 0.203046328573036 0.214391250582377 0.22928898507649 0.248451404968814 0.249463615687981 0.242952490430368 0.22703135329375 0.234352117617224 0.257660467680747 0.272214698453379 0.296853745873293 0.309629493653886 0.318213858174461 0.327396874123265 0.323883505064964
-9999 -9999 -9999 -9999 -9999 -9999 0.284031632731258 0.434584613843066 0.595174299801735 0.539813359187738 0.431450049388686 0.475917276722544 0.660078859612302 0.69201102578629 0.585484141308667 0.545966020975089 0.377287643536231 0.228034222871003 0.174205539238124 0.17332055518641 0.258709783951734 0.255866592584858 0.279292308800661 0.315243395497677 0.354196059346297 0.413196240233015 0.432090147046995 0.471277927161576 0.47913542158143 0.48525239508448 0.519446381688364 0.495714538144602 0.475083008275682 0.445060190603793 0.390379659428385 0.353389715747165 0.35935189957887 0.367082049192502 0.369771705230377 0.3464587024834 0.32797723673155 0.326601614636267 0.322844849314338 0.325173613499946 0.318487901883135 0.317430490595857 0.321120129977876 0.317939027812404 0.329485572774946 0.341305957703004 0.33927009929389 0.36630472775158 0.374767640739582 0.386665562577713 0.410782526702406 0.422363779682282
-9999 -9999 -9999 -9999 -9999 -9999 0.350693537444844 0.503670218649592 0.660252133941601 0.6213405960092 0.525968157201899 0.369620132225164 0.348101309264258 0.392544306649113 0.388096563651202 0.333332852912164 0.283245554494796 0.265412054952707 0.278361451819549 0.299830733282422 0.381060970405149 0.425896726652062 0.475681540451121 0.52212578853471 0.556629490563722 0.595628098661651 0.633404480715485 0.674773604238288 0.679622662146415 0.667784913007832 0.647938322011865 0.639546169018448 0.627790661874903 0.607903418985469 0.576286659597714 0.544694901531213 0.546249251047365 0.543761510561708 0.529451331398823 0.492489381067718 0.454090974851358 0.436761173238373 0.41905016578659 0.412351142914556 0.403406424977003 0.397182598931861 0.403060597636599 0.410744698465872 0.423695867528567 0.433844567091041 0.4359429374187 0.438921537487741 0.43283222682073 0.437700526762166 0.452737378066594 0.453983766282357
-9999 -9999 -9999 -9999 -9999 -9999 0.403045566453459 0.409193621021821 0.596628294731583 0.598202808674044 0.581087386288871 0.437940136315607 0.215853969931964 0.140893179323599 0.140107327112019 0.104165713141572 0.141997361123092 0.231063112256081 0.27438358697472 0.341832978235292 0.452183493398945 0.544805804959496 0.600448800642739 0.652512547488525 0.683085284690127 0.716543212737084 0.749060603405378 0.788826233917565 0.793379147750392 0.778616232498113 0.764694593255516 0.753490485446305 0.74418070234847 0.737092850642526 0.721400705976609 0.700895905621023 0.69917217718831 0.690912935057656 0.66934016356917 0.618624876885695 0.572608545007874 0.547756715178719 0.517548071837322 0.504237450380759 0.484595120217827 0.47989020985348 0.489412643962482 0.497002801633515 0.504718654468003 0.500687474114821 0.495323807626453 0.486508231597346 0.471192787448005 0.462910973563492 0.457504978319316 0.440407942105548
-9999 -9999 -9999 -9999 -9999 -9999 -9999 -9999 0.169664203784437 0.463741107203205 0.64353471473201 0.44140623327246 0.188011955399449 0.123407652591388 0.0884752465457823 0.0765966060841877 0.0860505021405484 0.104107933758833 0.158614446936736 0.357036590228613 0.53582334563801 0.637693392453509 0.698928077360558 0.734047764861631 0.74252668467421 0.782802014843043 0.810423491157754 0.830235275936739 0.834009032997097 0.831611444876132 0.831487828423172 0.823879147582359 0.824406027793236 0.823811960408703 0.819879379721174 0.815593599134235 0.810152790165058 0.79848495554 0.775095088196361 0.735720667355836 0.691960786208595 0.656568508383651 0.626959025793538 0.60779567895249 0.584831604003372 0.576407239646235 0.574773698614313 0.576596120682343 0.574302405544212 0.556813839108257 0.536137704172412 0.516428751522513 0.497042925905413 0.477104467273559 0.450427540468633 0.421036564993666
-9999 -9999 -9999 -9999 -9999 -9999 -9999 -9999 0.189180395780116 0.334283933046147 0.645926278783762 0.399709218339537 0.139987632361518 0.11483439508194 0.112762972071983 0.0924436367791572 0.0877714516859096 0.0823996518871615 0.114450009910193 0.36353728590148 0.59279731407133 0.692594123292304 0.742442412564009 0.772142246409225 0.790418099054992 0.810383313289621 0.825987097186176 0.844512817832789 0.842854812686947 0.8429989644631 0.849406237430809 0.841386018008359 0.841108884780957 0.848586218260943 0.856432601962007 0.866570844902497 0.866125694963997 0.862986442593751 0.848263336420277 0.817139582371252 0.786314882180743 0.756297586129838 0.734095173872211 0.714422449343326 0.682492678775139 0.670496754115575 0.664538615233861 0.652200963698833 0.635445359567102 0.601554471514388 0.568718187587872 0.537907142975945 0.509643971007113 0.480303586904041 0.443119402141149 0.407303147421373
-9999 -9999 -9999 -9999 -9999 -9999 -9999 -9999 -9999 0.218420380029795 0.531548101926932 0.310012041655929 0.0716355111594051 0.0991496787166185 0.154273143780684 0.14431544454954 0.17020619175888 0.180658884156889 0.183764833971399 0.42100459223488 0.638737891565117 0.725769391057827 0.742584893227295 0.7728724182289 0.810507242326115 0.836861357726609 0.854024948223192 0.85421472758985 0.849791975493808 0.848814379773685 0.842653167640349 0.83404210286141 0.8247706767602 0.834789901693887 0.851361286720495 0.86808419106042 0.877788915549246 0.881896262970046 0.880328302378219 0.86882874534182 0.850839418347818 0.829672975147773 0.812685007600057 0.789137708171262 0.761786729936009 0.743405635363486 0.73140452105216 0.714675139896131 0.680882939409145 0.631410304429778 0.579851009608825 0.539554571844579 0.502963434800647 0.47651113667284 0.445497915442331 0.418541032956126
-9999 -9999 -9999 -9999 -9999 -9999 -9999 -9999 -9999 -9999 0.294205850600026 0.174647699283099 0.0700981171618651 0.0889447361929163 0.165599990367266 0.216472437015728 0.345229999732425 0.3627052216147 0.337541777506528 0.508790727867541 0.670749758496822 0.727512860382644 0.750215572675096 0.764776145827659 0.804029678574368 0.834011835576545 0.845773442056029 0.847766674705819 0.843875661306617 0.838877199923945 0.832970614562869 0.821700124368598 0.808893754625271 0.811040176436086 0.824790938054948 0.839064817216232 0.852700483710344 0.865538880172082 0.87505573010899 0.879160047336619 0.877015949824071 0.868395529302406 0.856959652358932 0.842541793330372 0.81833396218262 0.803402977361326 0.791348903297107 0.762079423143127 0.715435699527113 0.64962953331346 0.58595729853598 0.538677979807123 0.494440201003056 0.471130465145813 0.453164775833092 0.434783636871675
-9999 -9999 -9999 -9999 -9999 -9999 -9999 -9999 -9999 -9999 -9999 0.0856645549008194 0.0737161418741286 0.076290507900217 0.168795485384399 0.279848269253619 0.467663855023697 0.609917729669589 0.582488943991802 0.572577557532345 0.669936235723699 0.701845199672561 0.741918101500834 0.770066836838426 0.789846945925346 0.820342468725665 0.828441195230765 0.830504899078906 0.824059756252673 0.820870418746793 0.813310226791077 0.800197709596841 0.785924250479796 0.784775070364618 0.791311227344073 0.799184276588579 0.817903716383774 0.828861828878832 0.847809901823684 0.866215813747603 0.874542617153309 0.881947260421107 0.88096133032621 0.87466298062078 0.862131502561812 0.850870445384914 0.831693426146214 0.795787362803067 0.740729874380907 0.667320990901354 0.595942963472898 0.543697565659136 0.496361312774814 0.472934708285149 0.459822079551668 0.439867498440799
