meets/meet004/_saidas_enm/CCSM_SVM_21k_Cavanillesia_umbellata1.asc
NCOLS 154 
NROWS 168 
XLLCORNER -112 
YLLCORNER -55.5 
CELLSIZE 0.5 
NODATA_value -9999 
[rows 96 to 119 of 168, columns 56 to 111 of 154]
-9999 -9999 -9999 -9999 -9999 -9999 -9999 -9999 -9999 -9999 -9999 -9999 -9999 -9999 -9999 -9999 -9999 -9999 -9999 -9999 -9999 -9999 -9999 -9999 -9999 -9999 -9999 -9999 0.0812473675188813 0.115935412103318 0.111734631790224 0.102766183734123 0.103919028902993 0.105035160549953 0.105101652805238 0.105306499195569 0.107049707969948 0.112560219000547 0.13619477603983 0.162796528100717 0.157912203500385 0.0946504921056333 0.0587688153830742 0.0550668647567924 0.0511298442892383 0.0960028706691038 0.170512906706805 0.24385964407829 0.213654025350897 0.114047758651741 0.0845656213694076 0.106911781739929 0.181751167352243 0.196202682334808 0.139495364765134 0.0585502446468163
-9999 -9999 -9999 -9999 -9999 -9999 -9999 -9999 -9999 -9999 -9999 -9999 -9999 -9999 -9999 -9999 -9999 -9999 -9999 -9999 -9999 -9999 -9999 -9999 -9999 -9999 -9999 -9999 0.0725946614750285 0.115685205570675 0.111079197612742 0.102107009822304 0.104503793089211 0.105408278329998 0.105222400677027 0.104999290143659 0.105985163722074 0.110333598997484 0.129006899683435 0.147139642499792 0.136929907737959 0.0727423627708481 0.0155523163444191 0.00616886589411869 -0.013406643556685 -0.0218384497915319 0.0323006849672997 0.242688211968685 0.272422993562329 0.135098297258679 0.0797601896105554 0.116678782539445 0.192920937608844 0.194764686117865 0.114367516036534 0.044083760639207
-9999 -9999 -9999 -9999 -9999 -9999 -9999 -9999 -9999 -9999 -9999 -9999 -9999 -9999 -9999 -9999 -9999 -9999 -9999 -9999 -9999 -9999 -9999 -9999 -9999 -9999 -9999 -9999 0.0752145784848814 0.116544837097593 0.110754828238071 0.102012238376215 0.10467287897451 0.105573919733697 0.105537002448621 0.105253883296167 0.105213059171979 0.108104481254731 0.124795488358579 0.141861554549008 0.125877218873464 0.0389382802500108 -0.0183819664895412 -0.0221128402702196 -0.0285976675856676 -0.0400367210134702 -0.0385755749759892 0.0395577618672415 0.116083703552939 0.144568227052009 0.150338468859675 0.16264896554158 0.176085237344558 0.149024569228127 0.0933105976519857 0.0400557667271645
-9999 -9999 -9999 -9999 -9999 -9999 -9999 -9999 -9999 -9999 -9999 -9999 -9999 -9999 -9999 -9999 -9999 -9999 -9999 -9999 -9999 -9999 -9999 -9999 -9999 -9999 -9999 -9999 0.0780857213848434 0.120047337483242 0.107193427189028 0.102560687208105 0.104879180566186 0.105632554306773 0.105648000295874 0.105480964760137 0.104324161022541 0.106749274999011 0.124006301708293 0.135159114041101 0.102281975393881 0.0095299061290573 -0.0489384092972012 -0.0437815584357272 -0.0384300804223036 -0.0417782819652302 -0.0607812268193191 -0.0245920974650443 0.037223284956561 0.15283255920496 0.306944184040652 0.183564134258001 0.150763003024973 0.120013628995202 0.0786083689114346 0.0388169573851079
-9999 -9999 -9999 -9999 -9999 -9999 -9999 -9999 -9999 -9999 -9999 -9999 -9999 -9999 -9999 -9999 -9999 -9999 -9999 -9999 -9999 -9999 -9999 -9999 -9999 -9999 -9999 -9999 0.0814587180721053 0.120493545234878 0.105278005177079 0.102823970307715 0.104515811442158 0.105390781034214 0.105605397154696 0.105171669130597 0.103425043773216 0.105565100034139 0.119508011323832 0.125601424583548 0.0811852556111318 -0.0199568347354721 -0.0682143791772898 -0.0606923004781679 -0.0499593200777225 -0.0590028267425549 -0.0788220560842878 -0.000301586427468692 0.105478758790205 0.119860055325122 0.104475827624907 0.106142674199819 0.108822788019036 0.093524577530878 0.0698668379149446 0.0425504506788677
-9999 -9999 -9999 -9999 -9999 -9999 -9999 -9999 -9999 -9999 -9999 -9999 -9999 -9999 -9999 -9999 -9999 -9999 -9999 -9999 -9999 -9999 -9999 -9999 -9999 -9999 -9999 -9999 0.0817739105275633 0.120509504019715 0.103678850863065 0.10289068975283 0.103987131337761 0.104990624288614 0.105435772774502 0.104866041329376 0.101446780712337 0.104344106130499 0.115677576931671 0.112869938360427 0.0540055730739791 -0.0340485152344424 -0.0628017452687821 -0.0618661452172323 -0.0567801139492786 -0.0631057365475757 -0.0670216340821529 0.116963217341113 0.227707601751027 0.0881582176873209 0.00982842925001692 0.0451807191170907 0.0597837289247585 0.0698698606006697 0.0754869617316273 0.0495993098071931
-9999 -9999 -9999 -9999 -9999 -9999 -9999 -9999 -9999 -9999 -9999 -9999 -9999 -9999 -9999 -9999 -9999 -9999 -9999 -9999 -9999 -9999 -9999 -9999 -9999 -9999 -9999 0.0899809765610636 0.0816609666391535 0.118290328932162 0.102297150115666 0.10174194567676 0.103311185151039 0.104712366480457 0.105247997185858 0.10385565453205 0.0995454376574187 0.102931098836919 0.110136365584837 0.0980331375763477 0.0324010386370104 -0.0253804561089548 -0.0228653056261623 -0.0319469495345622 -0.0485167516813667 -0.0587200344639294 -0.0490870256747041 0.078458531699017 0.163979111641815 0.0689059513712382 0.00467215783797909 0.0057272802775174 0.027269335093434 0.0399778110805264 0.0499396246654128 0.0579807769674421
-9999 -9999 -9999 -9999 -9999 -9999 -9999 -9999 -9999 -9999 -9999 -9999 -9999 -9999 -9999 -9999 -9999 -9999 -9999 -9999 -9999 -9999 -9999 -9999 -9999 -9999 -9999 0.0888715729314059 0.0831597847725595 0.116311188325077 0.099722488222402 0.100649707403444 0.102487579158596 0.104395396593016 0.105011495341674 0.102889473311219 0.0959843256216268 0.098830929104421 0.103165454399188 0.0832965188497216 0.0198500150167943 -0.00979388383972501 0.0121669991015744 -0.00039968776971061 -0.030024373555751 -0.0437616041325854 -0.0464956868347399 0.0281329754071296 0.0843223152793145 0.0266013641120438 -0.0182308353420654 -0.0263509753848299 -0.0139994286138269 0.00471415396199842 0.0274952962670933 0.0462626280008632
-9999 -9999 -9999 -9999 -9999 -9999 -9999 -9999 -9999 -9999 -9999 -9999 -9999 -9999 -9999 -9999 -9999 -9999 -9999 -9999 -9999 -9999 -9999 -9999 -9999 -9999 -9999 0.0913458408149809 0.0910395474967611 0.111923312319408 0.0967738158710866 0.099123943485508 0.1020392642419 0.104450763249982 0.104722740933217 0.100730860356099 0.0926753679311075 0.0941288944111175 0.0982696457001801 0.0685602615168498 0.0124748811541819 -0.00546396282982825 5.02797869977867e-05 -0.00504259217917075 -0.0185481313169577 -0.0305315440062071 -0.0409957064786803 -0.0182558746460639 0.0135635219130262 -0.00787759326819049 -0.0473902753350723 -0.0478937150873317 -0.0438199764433913 -0.0256049564125241 0.00169788181389741 0.0325053438856203
-9999 -9999 -9999 -9999 -9999 -9999 -9999 -9999 -9999 -9999 -9999 -9999 -9999 -9999 -9999 -9999 -9999 -9999 -9999 -9999 -9999 -9999 -9999 -9999 -9999 -9999 -9999 0.0992843334868388 0.102087052000492 0.106032915339242 0.0924989554540055 0.0987290757998198 0.102129887641837 0.104615023254125 0.10452023335846 0.0984328741460249 0.087732608634152 0.0900606943853386 0.0919453637934889 0.0564388649010282 0.0120623783031301 0.00434489519561598 0.00591849037290842 0.000443810419638202 -0.00699378374961274 -0.0178295494957231 -0.0170482226385519 -0.00589139222920343 0.0104110031957491 0.00595629296994366 -0.0290067071355595 -0.0396035817189996 -0.0476016743033218 -0.0302371599036325 0.000590416373235592 0.0320628971010848
-9999 -9999 -9999 -9999 -9999 -9999 -9999 -9999 -9999 -9999 -9999 -9999 -9999 -9999 -9999 -9999 -9999 -9999 -9999 -9999 -9999 -9999 -9999 -9999 -9999 -9999 -9999 0.116821826778636 0.110454672181797 0.0982869932831413 0.0906459202104912 0.0987192986603596 0.102605614109906 0.105013298855894 0.104343892374438 0.0963909337183532 0.083338456700574 0.0834651283248367 0.0848843701129541 0.0436267844263117 0.014388852660238 0.0158283909868485 0.015196112773504 0.0112684411714183 0.00455926341899282 0.0151520744827801 0.0118381398872656 0.0260350971950047 0.0483520006794688 0.0421978770294373 0.0378482539010245 -0.00801271427607031 -0.0304676935684892 -0.0229623727152713 0.000694822891602109 0.0265212926018899
-9999 -9999 -9999 -9999 -9999 -9999 -9999 -9999 -9999 -9999 -9999 -9999 -9999 -9999 -9999 -9999 -9999 -9999 -9999 -9999 -9999 -9999 -9999 -9999 -9999 -9999 -9999 0.131837606708555 0.109446242944173 0.0933173869048927 0.0918979429560124 0.0989891555439092 0.102913527469491 0.105211364226095 0.103965998587501 0.0950327935957228 0.0812759801251708 0.0775697738051309 0.0769155998689574 0.0311373584346516 0.0185039987586161 0.0266022382638077 0.0267197885043245 0.0190735315034687 0.0105085490403535 0.0123900621908303 0.00735832707160039 0.0177228690223146 0.0369006217943149 0.0457601563826827 0.0481359339565057 0.0116788853641591 -0.0131505598980248 -0.0107540460597829 0.00918738027585031 0.0326926447942056
-9999 -9999 -9999 -9999 -9999 -9999 -9999 -9999 -9999 -9999 -9999 -9999 -9999 -9999 -9999 -9999 -9999 -9999 -9999 -9999 -9999 -9999 -9999 -9999 -9999 -9999 -9999 0.128998569107965 0.100701595010255 0.0906053527094358 0.0936212734161918 0.0986207440063649 0.102708423745079 0.105203106600533 0.103351301789544 0.0936106991563916 0.0736623859439825 0.0699068324003174 0.0675183077682967 0.023205892936513 0.0262861203276759 0.03688174972878 0.0371067309107119 0.0304730008917292 0.0183964693245259 0.00671858275047577 -0.00147129860891942 -0.00490991671826663 0.00608991416855059 0.027373356175353 0.0323398638967889 0.014583041405814 -0.000320769465471271 0.00096191368699311 0.0148094739623188 0.0353441639878943
-9999 -9999 -9999 -9999 -9999 -9999 -9999 -9999 -9999 -9999 -9999 -9999 -9999 -9999 -9999 -9999 -9999 -9999 -9999 -9999 -9999 -9999 -9999 -9999 -9999 -9999 -9999 0.102184505560418 0.0913840062185645 0.0901439944207647 0.0920511684469086 0.0963489215752809 0.101089362351334 0.104725139797177 0.101260187617167 0.0879611185453825 0.0638359687102065 0.0643974818525134 0.0482437103383425 0.0153861540504429 0.0304583972759569 0.0453874765272018 0.0452534334234001 0.0395421707025881 0.0298685959246226 0.0191908196971053 0.00833372845212171 0.00452822154401444 0.00882760347903055 0.0192465386657178 0.0217482104485205 0.0151017223037198 0.00912507312195643 0.0109602161402033 0.020936244223569 0.036408521455537
-9999 -9999 -9999 -9999 -9999 -9999 -9999 -9999 -9999 -9999 -9999 -9999 -9999 -9999 -9999 -9999 -9999 -9999 -9999 -9999 -9999 -9999 -9999 -9999 -9999 -9999 0.11245207328637 0.0745195569580118 0.0851728879672262 0.0889008954356447 0.0900808353281562 0.0919598288259523 0.0980524856593705 0.103466443325542 0.0975852275689168 0.0806503360689311 0.0595640648117984 0.0616805382423491 0.0371660553309569 0.0235389911717617 0.0442460049972138 0.053759264548588 0.0517184270752554 0.046628540780389 0.0389352505435598 0.0306487453521989 0.0248237893333518 0.0215759582695871 0.0219453524341443 0.0214376774994495 0.0200992730534314 0.0180840474291101 0.0167984850198728 0.0183896370069411 0.0259320707332723 0.035929952126551
-9999 -9999 -9999 -9999 -9999 -9999 -9999 -9999 -9999 -9999 -9999 -9999 -9999 -9999 -9999 -9999 -9999 -9999 -9999 -9999 -9999 -9999 -9999 -9999 -9999 -9999 0.091871649137896 0.0610527761466154 0.084343100087047 0.0869068063268253 0.0850564625923366 0.0879096664529889 0.096024089689656 0.102330018619609 0.0929538898576818 0.072805588399312 0.0672191468265536 0.0615913946071589 0.0434964589394518 0.044758329341411 0.0568606327289952 0.0629345505713313 0.0612499586496749 0.0568259951888288 0.0508813420596976 0.0444911666835981 0.0377662986622243 0.031772932634352 0.028691062139001 0.0270738390740007 0.0254458179152231 0.0235784376334771 0.0232819380010902 0.0251960466743223 0.0310623147505408 0.039165486045424
-9999 -9999 -9999 -9999 -9999 -9999 -9999 -9999 -9999 -9999 -9999 -9999 -9999 -9999 -9999 -9999 -9999 -9999 -9999 -9999 -9999 -9999 -9999 -9999 -9999 -9999 0.0634154929066089 0.0635662271910802 0.0841460045194656 0.0838462056092338 0.0830317021015501 0.0853369214310967 0.0966257271293098 0.10154811117756 0.0920670892795847 0.0723379599284433 0.0714611845475557 0.0575483308110905 0.0514337599112292 0.0597934393909981 0.0684884508267782 0.0702215007783001 0.067629654367013 0.0642793932692076 0.0591033655292494 0.0547459382807916 0.0472874582707685 0.0387559744821628 0.0337026248436438 0.0322310253911201 0.0316740648956698 0.0295758388466197 0.0295206051651377 0.031454615517703 0.0363194973595157 0.0425476582805426
-9999 -9999 -9999 -9999 -9999 -9999 -9999 -9999 -9999 -9999 -9999 -9999 -9999 -9999 -9999 -9999 -9999 -9999 -9999 -9999 -9999 -9999 -9999 -9999 -9999 -9999 0.0387311861893502 0.0755881140562625 0.0840138082523647 0.0803826091777803 0.0753108577488115 0.0820529707420438 0.0955532050364037 0.0993374900521832 0.0894145647604754 0.0785992180540204 0.0688265900088698 0.0553662957867487 0.0599664236421824 0.0678077997610458 0.0724826689178331 0.072375971342117 0.0697048647120356 0.0672615664225482 0.0646653525609088 0.0613666326932477 0.0532294111324524 0.044152556484335 0.0389400420742685 0.036801235364646 0.0360533750502088 0.0353939241521307 0.0357289399554452 0.0368636031426086 0.0399172095348599 0.043799006365705
-9999 -9999 -9999 -9999 -9999 -9999 -9999 -9999 -9999 -9999 -9999 -9999 -9999 -9999 -9999 -9999 -9999 -9999 -9999 -9999 -9999 -9999 -9999 -9999 -9999 0.0919655838837785 0.048606098771851 0.0834428175885905 0.0873711545714382 0.0768132366395785 0.0729868162669399 0.0794335311242336 0.0929651552590803 0.0909263303518432 0.0803923182608778 0.0806461810939751 0.067032112691531 0.0600042659065984 0.0681563725665602 0.0718494124128017 0.0746897545606587 0.0722054528034308 0.0688973003659853 0.0671186328852389 0.0664647080991788 0.0699638228518325 0.0585054231509886 0.0479051547355623 0.0437062032853226 0.041920870743584 0.0407072536583323 0.0400810155111206 0.0409373813988532 0.0416113173478315 0.0437852860349386 0.045266632019648
-9999 -9999 -9999 -9999 -9999 -9999 -9999 -9999 -9999 -9999 -9999 -9999 -9999 -9999 -9999 -9999 -9999 -9999 -9999 -9999 -9999 -9999 -9999 -9999 -9999 0.0361283443106957 0.0641151836996217 0.0835854810871855 0.0842817747956278 0.0727684369195258 0.0688591056236861 0.0746034693377464 0.0798090449873317 0.0731655481956445 0.0674835117796262 0.0664896905739195 0.061927706121863 0.0635641879147298 0.0703018869772854 0.0716300947691485 0.0718670976868337 0.0692353907369079 0.0665171866064689 0.0647107777621279 0.0643123580258989 0.0646465236158807 0.0569383694483391 0.0500964944936581 0.0474637546778954 0.0457957602902033 0.0446221671377912 0.044552896324498 0.0453618855006373 0.0456372665986833 0.0471099146294087 0.0485372894652366
-9999 -9999 -9999 -9999 -9999 -9999 -9999 -9999 -9999 -9999 -9999 -9999 -9999 -9999 -9999 -9999 -9999 -9999 -9999 -9999 -9999 -9999 -9999 -9999 -9999 0.0293604090762727 0.0699958445900629 0.0833492498076843 0.0824602986008085 0.0678346544643101 0.0669009559368204 0.0686964179420796 0.065141620477372 0.0575558308571425 0.0553236017654333 0.0590336193292635 0.0576912317010505 0.0611013377438699 0.0662570713809148 0.0663761123562572 0.0681985991204789 0.0659408151008852 0.0638183125636018 0.061925144434987 0.059729013244999 0.0600569370949723 0.0544613880731357 0.0513239540442962 0.0501961484060143 0.0487285585316981 0.0472796735175083 0.047534937109215 0.0486316770348578 0.0490851930176406 0.0505398231579032 0.0515527567334757
-9999 -9999 -9999 -9999 -9999 -9999 -9999 -9999 -9999 -9999 -9999 -9999 -9999 -9999 -9999 -9999 -9999 -9999 -9999 -9999 -9999 -9999 -9999 -9999 -9999 0.022732903059006 0.0666658570932508 0.080313023811303 0.0779563078799187 0.0625781793261274 0.0590325224331308 0.0615555286504841 0.0575657892751424 0.0518027958818105 0.0515328700285382 0.0554025298158107 0.0548486273841437 0.0546683158742334 0.0573192608922544 0.0585687489891131 0.0594943857462706 0.060787743997067 0.061637815360458 0.0611485486654078 0.0582276350565158 0.0554755769074966 0.0535749846537782 0.0524612036297991 0.0513724926150021 0.050407619370635 0.0498490266305627 0.0501494429406077 0.0510506752697194 0.051178982528099 0.0525428142763758 0.0538286686878495
-9999 -9999 -9999 -9999 -9999 -9999 -9999 -9999 -9999 -9999 -9999 -9999 -9999 -9999 -9999 -9999 -9999 -9999 -9999 -9999 -9999 -9999 -9999 -9999 -9999 0.0285211579754259 0.0629101359130081 0.0784812664239156 0.0764525848105513 0.0594273079989437 0.0554521177485661 0.0562400168410233 0.0550925341215155 0.0520539180556393 0.0516490319040515 0.0555092466218826 0.0539876644017897 0.0528669445391523 0.0545760750379751 0.0543923487957973 0.0549684001423534 0.0578684763066075 0.0616858201184203 0.0629958594007179 0.060946125104281 0.0597285931921737 0.0564748701217508 0.0543073694657012 0.0527771007188086 0.0520079705864581 0.051785263639709 0.0516228602322549 0.052505170823794 0.0527980716663878 0.0543952309432422 0.0554361819028545
-9999 -9999 -9999 -9999 -9999 -9999 -9999 -9999 -9999 -9999 -9999 -9999 -9999 -9999 -9999 -9999 -9999 -9999 -9999 -9999 -9999 -9999 -9999 -9999 -9999 0.0336409025557676 0.0621090971359134 0.0766398626887 0.0748390147174633 0.0579092944391872 0.0518619834750387 0.0546775087693015 0.0531626837611937 0.0520550226984912 0.0529556241871164 0.0557060434638527 0.053985724086817 0.0529887279930379 0.05390333795946 0.0539195420595194 0.0544892387185576 0.0580940376520745 0.0640025582791366 0.0665284149445677 0.0641520492785292 0.0606101523877019 0.0581656562178435 0.0561411100098078 0.0540798191733226 0.0531800825063941 0.0530162326637015 0.0531896794549587 0.053923014128585 0.0538214892034118 0.0552214582012298 0.0569078444895514
