meets/meet004/_saidas_enm/CCSM_Maxent_21k_Aralia_warmingiana5.asc
NCOLS 154 
NROWS 168 
XLLCORNER -112 
YLLCORNER -55.5 
CELLSIZE 0.5 
NODATA_value -9999 
[rows 100 to 124 of 168, columns 56 to 111 of 154]
-9999 -9999 -9999 -9999 -9999 -9999 -9999 -9999 -9999 -9999 -9999 -9999 -9999 -9999 -9999 -9999 -9999 -9999 -9999 -9999 -9999 -9999 -9999 -9999 -9999 -9999 -9999 -9999 0.0714999139308929 0.132537975907326 0.22073096036911 0.108517214655876 0.0935770720243454 0.0925832688808441 0.114875666797161 0.0805498659610748 0.0433106757700443 0.0292749926447868 0.0620380043983459 0.156836047768593 0.216461688280106 0.316610872745514 0.449158996343613 0.467623353004456 0.467412859201431 0.466339945793152 0.52946138381958 0.642514824867249 0.640999376773834 0.651751160621643 0.670952975749969 0.654375672340393 0.629567742347717 0.620339035987854 0.619400024414062 0.607447445392609
-9999 -9999 -9999 -9999 -9999 -9999 -9999 -9999 -9999 -9999 -9999 -9999 -9999 -9999 -9999 -9999 -9999 -9999 -9999 -9999 -9999 -9999 -9999 -9999 -9999 -9999 -9999 -9999 0.0727726146578789 0.153125509619713 0.187029376626015 0.103681415319443 0.0992914363741875 0.0989215448498726 0.10985442250967 0.0823739692568779 0.0485692657530308 0.0339628495275974 0.0853815898299217 0.205868482589722 0.224956631660461 0.331575632095337 0.445158153772354 0.418606132268906 0.430253624916077 0.439266800880432 0.541090250015259 0.589934885501862 0.585397064685822 0.634221971035004 0.685522615909576 0.676541864871979 0.660627961158752 0.642652869224548 0.627719461917877 0.59039044380188
-9999 -9999 -9999 -9999 -9999 -9999 -9999 -9999 -9999 -9999 -9999 -9999 -9999 -9999 -9999 -9999 -9999 -9999 -9999 -9999 -9999 -9999 -9999 -9999 -9999 -9999 -9999 0.080378569662571 0.0707247853279114 0.170237571001053 0.209601804614067 0.109776444733143 0.101422868669033 0.0945074334740639 0.0991784483194351 0.0842635557055473 0.0559010244905949 0.0481255128979683 0.124133959412575 0.224756956100464 0.251984536647797 0.355801343917847 0.486536651849747 0.44978266954422 0.397186696529388 0.411484748125076 0.529506027698517 0.583201169967651 0.578914761543274 0.615023791790009 0.652749121189117 0.668274521827698 0.677736520767212 0.67423677444458 0.649244606494904 0.603620409965515
-9999 -9999 -9999 -9999 -9999 -9999 -9999 -9999 -9999 -9999 -9999 -9999 -9999 -9999 -9999 -9999 -9999 -9999 -9999 -9999 -9999 -9999 -9999 -9999 -9999 -9999 -9999 0.0747670978307724 0.073453813791275 0.198131859302521 0.204811826348305 0.106677941977978 0.0967719405889511 0.0870664790272713 0.0844785943627357 0.0808081105351448 0.0603198111057281 0.0621944814920425 0.149308323860168 0.207842841744423 0.254913479089737 0.359254777431488 0.481264054775238 0.446872591972351 0.386990666389465 0.403049796819687 0.487187504768372 0.575417339801788 0.57955276966095 0.602281749248505 0.622346758842468 0.63654625415802 0.642762303352356 0.656586945056915 0.661825120449066 0.620168447494507
-9999 -9999 -9999 -9999 -9999 -9999 -9999 -9999 -9999 -9999 -9999 -9999 -9999 -9999 -9999 -9999 -9999 -9999 -9999 -9999 -9999 -9999 -9999 -9999 -9999 -9999 -9999 0.0801273286342621 0.0803736299276352 0.210877165198326 0.207465663552284 0.109016515314579 0.0915213003754616 0.0752658396959305 0.0691767856478691 0.0701300501823425 0.0582494027912617 0.0683199763298035 0.105960510671139 0.174563705921173 0.235533714294434 0.314623981714249 0.393357545137405 0.388959258794785 0.38488095998764 0.394436031579971 0.447108715772629 0.547293841838837 0.575530409812927 0.58613795042038 0.596290946006775 0.607451975345612 0.61442232131958 0.621283292770386 0.622000575065613 0.607532441616058
-9999 -9999 -9999 -9999 -9999 -9999 -9999 -9999 -9999 -9999 -9999 -9999 -9999 -9999 -9999 -9999 -9999 -9999 -9999 -9999 -9999 -9999 -9999 -9999 -9999 -9999 -9999 0.0912189781665802 0.0923183485865593 0.254829585552216 0.165531933307648 0.0996881052851677 0.0825869515538216 0.0673761516809464 0.0590490475296974 0.0615563169121742 0.0495120659470558 0.0487703233957291 0.0987898036837578 0.174636483192444 0.243754059076309 0.298194199800491 0.351543456315994 0.380722135305405 0.375713616609573 0.367596209049225 0.454423725605011 0.52789032459259 0.558820009231567 0.559349715709686 0.557768881320953 0.568090975284576 0.558043777942657 0.550375878810883 0.561432242393494 0.553954005241394
-9999 -9999 -9999 -9999 -9999 -9999 -9999 -9999 -9999 -9999 -9999 -9999 -9999 -9999 -9999 -9999 -9999 -9999 -9999 -9999 -9999 -9999 -9999 -9999 -9999 -9999 -9999 0.121481463313103 0.114429220557213 0.297390669584274 0.123239301145077 0.088860310614109 0.0771229490637779 0.057974673807621 0.0513503327965736 0.0390196144580841 0.0374202057719231 0.0459193699061871 0.119195237755775 0.176552787423134 0.239463746547699 0.291319191455841 0.337092787027359 0.359756022691727 0.372124999761581 0.442008852958679 0.474391043186188 0.524251043796539 0.530636966228485 0.524786412715912 0.519210517406464 0.524721384048462 0.522779524326324 0.514108896255493 0.5170618891716 0.527943730354309
-9999 -9999 -9999 -9999 -9999 -9999 -9999 -9999 -9999 -9999 -9999 -9999 -9999 -9999 -9999 -9999 -9999 -9999 -9999 -9999 -9999 -9999 -9999 -9999 -9999 -9999 -9999 0.166425153613091 0.148311942815781 0.218229040503502 0.102223187685013 0.0829145610332489 0.0719897449016571 0.0550717525184155 0.0409751944243908 0.0277218725532293 0.0300962794572115 0.0529553778469563 0.115546189248562 0.18021447956562 0.238799422979355 0.28181990981102 0.31854921579361 0.339661777019501 0.338727802038193 0.397138595581055 0.429874211549759 0.479538381099701 0.494786322116852 0.487565159797668 0.471969187259674 0.477370798587799 0.473896771669388 0.471693754196167 0.482421845197678 0.485325247049332
-9999 -9999 -9999 -9999 -9999 -9999 -9999 -9999 -9999 -9999 -9999 -9999 -9999 -9999 -9999 -9999 -9999 -9999 -9999 -9999 -9999 -9999 -9999 -9999 -9999 -9999 -9999 0.236676558852196 0.195428252220154 0.159526541829109 0.091390386223793 0.0812048017978668 0.0759219899773598 0.0559847354888916 0.0376797467470169 0.0214542709290981 0.0323052927851677 0.0734661072492599 0.112683422863483 0.178852558135986 0.24119570851326 0.272931486368179 0.303548246622086 0.321860015392303 0.322667270898819 0.32080802321434 0.329834401607513 0.36788684129715 0.420290946960449 0.440427184104919 0.430998176336288 0.430295914411545 0.42478346824646 0.424780666828156 0.438171595335007 0.440683633089066
-9999 -9999 -9999 -9999 -9999 -9999 -9999 -9999 -9999 -9999 -9999 -9999 -9999 -9999 -9999 -9999 -9999 -9999 -9999 -9999 -9999 -9999 -9999 -9999 -9999 -9999 -9999 0.260995000600815 0.197962254285812 0.135891079902649 0.0793305784463882 0.082018718123436 0.0895224064588547 0.0630430802702904 0.0377656035125256 0.0269320998340845 0.0598964914679527 0.109582595527172 0.144216969609261 0.179753586649895 0.235528618097305 0.263082921504974 0.287478595972061 0.303138136863708 0.30349799990654 0.297755122184753 0.284848600625992 0.297846376895905 0.344454884529114 0.388927280902863 0.389971703290939 0.388712197542191 0.384354203939438 0.384630858898163 0.397310227155685 0.399943768978119
-9999 -9999 -9999 -9999 -9999 -9999 -9999 -9999 -9999 -9999 -9999 -9999 -9999 -9999 -9999 -9999 -9999 -9999 -9999 -9999 -9999 -9999 -9999 -9999 -9999 -9999 0.187608450651169 0.194529443979263 0.160583853721619 0.125082388520241 0.0598820149898529 0.0707297399640083 0.107113689184189 0.0821082666516304 0.0527159869670868 0.0320464074611664 0.0716545581817627 0.135964572429657 0.224208638072014 0.222827523946762 0.226503074169159 0.246596872806549 0.268768042325974 0.280221462249756 0.272466421127319 0.267777740955353 0.251812934875488 0.267214477062225 0.301247626543045 0.322703093290329 0.336803078651428 0.347463965415955 0.341823250055313 0.35241425037384 0.362225413322449 0.361169636249542
-9999 -9999 -9999 -9999 -9999 -9999 -9999 -9999 -9999 -9999 -9999 -9999 -9999 -9999 -9999 -9999 -9999 -9999 -9999 -9999 -9999 -9999 -9999 -9999 -9999 -9999 0.157154932618141 0.158661022782326 0.135232135653496 0.0916563868522644 0.0542804300785065 0.061582412570715 0.105252645909786 0.108847960829735 0.0817357674241066 0.0781881362199783 0.0998835489153862 0.168143957853317 0.244746133685112 0.255607843399048 0.217354521155357 0.217214524745941 0.230362847447395 0.238994404673576 0.233981564640999 0.226722911000252 0.223423391580582 0.239310756325722 0.264069318771362 0.283347696065903 0.293391555547714 0.303491473197937 0.306758135557175 0.318405479192734 0.326823502779007 0.32665804028511
-9999 -9999 -9999 -9999 -9999 -9999 -9999 -9999 -9999 -9999 -9999 -9999 -9999 -9999 -9999 -9999 -9999 -9999 -9999 -9999 -9999 -9999 -9999 -9999 -9999 -9999 0.1396823823452 0.112727336585522 0.0942624732851982 0.0523288212716579 0.0629484280943871 0.0819142535328865 0.115446336567402 0.140211492776871 0.126495599746704 0.111345522105694 0.139479398727417 0.200760126113892 0.250463157892227 0.264187633991241 0.238239735364914 0.221023410558701 0.202234476804733 0.197371378540993 0.202957332134247 0.19974273443222 0.218689322471619 0.221419215202332 0.231638178229332 0.245880424976349 0.260568141937256 0.268347531557083 0.271739900112152 0.282155007123947 0.286924928426743 0.285360425710678
-9999 -9999 -9999 -9999 -9999 -9999 -9999 -9999 -9999 -9999 -9999 -9999 -9999 -9999 -9999 -9999 -9999 -9999 -9999 -9999 -9999 -9999 -9999 -9999 -9999 -9999 0.119033381342888 0.0678077563643456 0.0591847747564316 0.0423954725265503 0.0780242085456848 0.0993796288967133 0.172969117760658 0.189015358686447 0.152172386646271 0.135417520999908 0.170160457491875 0.234481409192085 0.259438365697861 0.273412525653839 0.28517347574234 0.262233972549438 0.235147953033447 0.231948748230934 0.251185983419418 0.262882828712463 0.239919766783714 0.208390295505524 0.203247383236885 0.211538150906563 0.224672645330429 0.234880998730659 0.241343840956688 0.251667022705078 0.255056887865067 0.255181968212128
-9999 -9999 -9999 -9999 -9999 -9999 -9999 -9999 -9999 -9999 -9999 -9999 -9999 -9999 -9999 -9999 -9999 -9999 -9999 -9999 -9999 -9999 -9999 -9999 -9999 0.198500126600266 0.109440259635448 0.0425104163587093 0.0328367240726948 0.0418543107807636 0.0825494602322578 0.112998254597187 0.241834431886673 0.221688121557236 0.167601555585861 0.129464611411095 0.187688067555428 0.257575243711472 0.25840699672699 0.272730618715286 0.270274311304092 0.26717334985733 0.257674068212509 0.269095301628113 0.279315650463104 0.285840719938278 0.276004016399384 0.198947891592979 0.175426810979843 0.178359851241112 0.193053930997849 0.206138461828232 0.212219685316086 0.221139699220657 0.222854554653168 0.228390872478485
-9999 -9999 -9999 -9999 -9999 -9999 -9999 -9999 -9999 -9999 -9999 -9999 -9999 -9999 -9999 -9999 -9999 -9999 -9999 -9999 -9999 -9999 -9999 -9999 -9999 0.152991965413094 0.0975898057222366 0.0469304844737053 0.0234049037098885 0.0455069318413734 0.0830797404050827 0.135664314031601 0.244421973824501 0.226904585957527 0.177303314208984 0.160453379154205 0.191107705235481 0.243902042508125 0.258811175823212 0.25331774353981 0.24987518787384 0.245834946632385 0.247460037469864 0.254406750202179 0.263532519340515 0.261253714561462 0.258115261793137 0.188623771071434 0.161245957016945 0.15829373896122 0.171298742294312 0.177108615636826 0.18047197163105 0.189363330602646 0.191369041800499 0.193643942475319
-9999 -9999 -9999 -9999 -9999 -9999 -9999 -9999 -9999 -9999 -9999 -9999 -9999 -9999 -9999 -9999 -9999 -9999 -9999 -9999 -9999 -9999 -9999 -9999 -9999 0.142065837979317 0.0893303975462914 0.0315314307808876 0.0246686525642872 0.0500810109078884 0.0848893523216248 0.14191010594368 0.230184033513069 0.228895530104637 0.181999579071999 0.154596075415611 0.177247777581215 0.218056097626686 0.222373262047768 0.219796016812325 0.224270239472389 0.223895132541656 0.215962558984756 0.224998742341995 0.240374803543091 0.24002979695797 0.232373714447021 0.161154642701149 0.139948770403862 0.139793694019318 0.151608556509018 0.153233662247658 0.153662592172623 0.159823268651962 0.160900488495827 0.164253756403923
-9999 -9999 -9999 -9999 -9999 -9999 -9999 -9999 -9999 -9999 -9999 -9999 -9999 -9999 -9999 -9999 -9999 -9999 -9999 -9999 -9999 -9999 -9999 -9999 -9999 0.103182755410671 0.0741958320140839 0.0324373915791512 0.0236722156405449 0.0449265316128731 0.0756436511874199 0.130956292152405 0.202682346105576 0.222179234027863 0.178293943405151 0.152671366930008 0.159174099564552 0.175663277506828 0.176049068570137 0.186900168657303 0.196659192442894 0.200912177562714 0.174460098147392 0.16840186715126 0.179570481181145 0.180566921830177 0.159282848238945 0.136096686124802 0.128125905990601 0.124879285693169 0.12716369330883 0.12960921227932 0.132030546665192 0.139697968959808 0.14136078953743 0.143650338053703
-9999 -9999 -9999 -9999 -9999 -9999 -9999 -9999 -9999 -9999 -9999 -9999 -9999 -9999 -9999 -9999 -9999 -9999 -9999 -9999 -9999 -9999 -9999 -9999 -9999 0.082638755440712 0.0614325851202011 0.0321657322347164 0.0199078116565943 0.0388333797454834 0.078040212392807 0.11894740909338 0.174852713942528 0.20673143863678 0.162977769970894 0.12922802567482 0.130729421973228 0.140714883804321 0.143369480967522 0.158164381980896 0.171097368001938 0.170490846037865 0.134226486086845 0.121594056487083 0.119184352457523 0.109134092926979 0.115615151822567 0.11318351328373 0.112765215337276 0.109295159578323 0.107915729284286 0.112473614513874 0.115006417036057 0.121595442295074 0.123106233775616 0.127726778388023
-9999 -9999 -9999 -9999 -9999 -9999 -9999 -9999 -9999 -9999 -9999 -9999 -9999 -9999 -9999 -9999 -9999 -9999 -9999 -9999 -9999 -9999 -9999 -9999 -9999 0.0740158781409264 0.0519986525177956 0.0312447380274534 0.0198562275618315 0.0344283729791641 0.0650921761989594 0.102414213120937 0.163308680057526 0.1789810359478 0.147138595581055 0.117991849780083 0.117410331964493 0.124939419329166 0.126493275165558 0.137582495808601 0.149639099836349 0.131381765007973 0.0983142033219337 0.0981416329741478 0.101336471736431 0.10267486423254 0.102967083454132 0.102395050227642 0.101511895656586 0.0971938073635101 0.0942151546478271 0.0962497591972351 0.0987718924880028 0.106816820800304 0.110508106648922 0.113383218646049
-9999 -9999 -9999 -9999 -9999 -9999 -9999 -9999 -9999 -9999 -9999 -9999 -9999 -9999 -9999 -9999 -9999 -9999 -9999 -9999 -9999 -9999 -9999 -9999 -9999 0.0699190050363541 0.0477074310183525 0.0273578222841024 0.0174426604062319 0.0306508038192987 0.0575599744915962 0.0829326435923576 0.129321560263634 0.154424980282784 0.13782149553299 0.114290244877338 0.112918339669704 0.112549260258675 0.113572098314762 0.123037733137608 0.126849323511124 0.105286061763763 0.0833518728613853 0.0903141796588898 0.0926654040813446 0.0954823046922684 0.0973129272460938 0.096158541738987 0.0946987420320511 0.0907182916998863 0.0870252773165703 0.0871715545654297 0.0889061540365219 0.0949471890926361 0.0980849862098694 0.103138320147991
-9999 -9999 -9999 -9999 -9999 -9999 -9999 -9999 -9999 -9999 -9999 -9999 -9999 -9999 -9999 -9999 -9999 -9999 -9999 -9999 -9999 -9999 -9999 -9999 -9999 0.0676554217934608 0.0454618483781815 0.0254591666162014 0.0134402699768543 0.0265039801597595 0.0531628839671612 0.0717267468571663 0.0845980569720268 0.10018065571785 0.112241089344025 0.11134422570467 0.107235163450241 0.0938279777765274 0.0875906646251678 0.0983606725931168 0.101063765585423 0.0871273130178452 0.0761707499623299 0.0821217596530914 0.0857793241739273 0.0879932940006256 0.0898960754275322 0.0905512496829033 0.0904688388109207 0.0867306813597679 0.082208588719368 0.0779198780655861 0.0820571184158325 0.0894843935966492 0.0913888290524483 0.0941969677805901
-9999 -9999 -9999 -9999 -9999 -9999 -9999 -9999 -9999 -9999 -9999 -9999 -9999 -9999 -9999 -9999 -9999 -9999 -9999 -9999 -9999 -9999 -9999 -9999 -9999 0.0692096799612045 0.0468983240425587 0.0252068005502224 0.0114682475104928 0.0232679843902588 0.0468461662530899 0.0647156089544296 0.0708777755498886 0.0681965947151184 0.0732019022107124 0.0741964057087898 0.0793523415923119 0.0749613419175148 0.0741557702422142 0.0914119333028793 0.0936986058950424 0.0837929770350456 0.0695469155907631 0.0748896151781082 0.0765249356627464 0.0786829590797424 0.0814778208732605 0.0836194232106209 0.0850387886166573 0.0831612125039101 0.0807842761278152 0.0774229764938354 0.0732541903853416 0.0701114013791084 0.0715328603982925 0.0694969594478607
-9999 -9999 -9999 -9999 -9999 -9999 -9999 -9999 -9999 -9999 -9999 -9999 -9999 -9999 -9999 -9999 -9999 -9999 -9999 -9999 -9999 -9999 -9999 -9999 -9999 0.0711514800786972 0.0439187586307526 0.0245319567620754 0.0113050509244204 0.0194397028535604 0.0411905124783516 0.0579484477639198 0.0645027831196785 0.0647778958082199 0.0592593252658844 0.0694741681218147 0.0699583292007446 0.0703452974557877 0.0749675184488297 0.0907837226986885 0.0995243415236473 0.0887571200728416 0.0704374760389328 0.0672603100538254 0.0683222487568855 0.0693686828017235 0.0729055181145668 0.0768317133188248 0.0792698189616203 0.0793637335300446 0.0792963281273842 0.0746737122535706 0.069750003516674 0.065590113401413 0.0605187714099884 0.0585501380264759
-9999 -9999 -9999 -9999 -9999 -9999 -9999 -9999 -9999 -9999 -9999 -9999 -9999 -9999 -9999 -9999 -9999 -9999 -9999 -9999 -9999 -9999 -9999 -9999 0.0639561712741852 0.0713609009981155 0.0419145300984383 0.0222242437303066 0.0129687655717134 0.0150600709021091 0.0318774916231632 0.0483521558344364 0.0585874021053314 0.0616148039698601 0.0550475083291531 0.0547699294984341 0.0574318505823612 0.0592915900051594 0.0652945190668106 0.0853578448295593 0.102546997368336 0.0931976810097694 0.0757479891180992 0.0708634927868843 0.0709878280758858 0.0713896527886391 0.0643614754080772 0.0679806843400002 0.0706484466791153 0.0716325342655182 0.0716297477483749 0.0687660202383995 0.065776415169239 0.0632211491465569 0.0585418716073036 0.0563449859619141
