meets/meet004/_saidas_enm/CCSM_Maxent_21k_Cavanillesia_umbellata2.asc
NCOLS 154 
NROWS 168 
XLLCORNER -112 
YLLCORNER -55.5 
CELLSIZE 0.5 
NODATA_value -9999 
[rows 50 to 74 of 168, columns 56 to 111 of 154]
-9999 -9999 -9999 -9999 -9999 -9999 -9999 -9999 -9999 -9999 -9999 -9999 -9999 0.000192814186448231 0.00438016653060913 0.114418871700764 0.14165472984314 0.132378086447716 0.326914936304092 0.382255285978317 0.388690143823624 0.431813210248947 0.425693988800049 0.431343019008636 0.418830454349518 0.376892596483231 0.388247132301331 0.38372015953064 0.354901045560837 0.348063975572586 0.145958706736565 0.370090633630753 0.371338427066803 0.301823884248734 0.241975978016853 0.140066459774971 0.222355648875237 0.230888426303864 0.238062798976898 0.264853209257126 0.252380639314651 0.30944037437439 0.326680421829224 0.366574168205261 0.379542469978333 0.176807090640068 0.177789613604546 0.183163851499557 0.430264085531235 0.427435576915741 0.437819600105286 0.440168470144272 0.445786654949188 0.451082676649094 0.455447882413864 0.454475402832031
-9999 -9999 -9999 -9999 -9999 -9999 -9999 -9999 -9999 -9999 -9999 -9999 -9999 0.000565104186534882 0.0170123614370823 0.0701323747634888 0.123158805072308 0.312670797109604 0.336928755044937 0.353243768215179 0.370434731245041 0.418698251247406 0.480228960514069 0.491811960935593 0.493122309446335 0.459640175104141 0.415025800466537 0.402228087186813 0.171101674437523 0.168962731957436 0.169262170791626 0.196601018309593 0.438777267932892 0.399946808815002 0.308089226484299 0.283160388469696 0.257051825523376 0.25612998008728 0.256618857383728 0.268594980239868 0.293438225984573 0.313026040792465 0.324558436870575 0.352854758501053 0.347269535064697 0.37251940369606 0.385660469532013 0.399485945701599 0.460327088832855 0.418147802352905 0.428746193647385 0.43575444817543 0.444127053022385 0.449617981910706 0.454524010419846 0.455677598714828
-9999 -9999 -9999 -9999 -9999 -9999 -9999 -9999 -9999 -9999 -9999 0.000875903351698071 0.00198107399046421 0.00349653302691877 0.0125739397481084 0.0442614741623402 0.0761119872331619 0.287298291921616 0.321105629205704 0.359898000955582 0.415012627840042 0.429846823215485 0.445451140403748 0.453328460454941 0.400254964828491 0.168565809726715 0.151378214359283 0.136586800217628 0.112474612891674 0.0889271721243858 0.0942074432969093 0.132255613803864 0.179183602333069 0.421978682279587 0.377548277378082 0.35432368516922 0.312458455562592 0.307641744613647 0.297491818666458 0.297507971525192 0.30011260509491 0.317364573478699 0.321190565824509 0.340190291404724 0.362276345491409 0.391460746526718 0.41618999838829 0.437159240245819 0.454603612422943 0.465700179338455 0.425852715969086 0.438864648342133 0.446793735027313 0.452161639928818 0.458310633897781 0.458211749792099
-9999 -9999 -9999 -9999 -9999 -9999 -9999 -9999 -9999 -9999 0.00213917344808578 0.00770547473803163 0.0173043701797724 0.0119360256940126 0.00535858422517776 0.0128945289179683 0.0425005666911602 0.107369408011436 0.140291661024094 0.157330811023712 0.16727152466774 0.170290216803551 0.169182494282722 0.167002007365227 0.138428658246994 0.12224155664444 0.0957241803407669 0.0664660930633545 0.0458367392420769 0.035839457064867 0.0382285490632057 0.0786204561591148 0.132975250482559 0.400038063526154 0.402897745370865 0.36388686299324 0.379455655813217 0.363743484020233 0.35271355509758 0.345119774341583 0.345166921615601 0.343134790658951 0.347960412502289 0.363020777702332 0.387677520513535 0.416209816932678 0.433347970247269 0.453507035970688 0.468386620283127 0.430848747491837 0.440795630216599 0.447997808456421 0.454889386892319 0.45839512348175 0.461576491594315 0.461075335741043
-9999 -9999 -9999 -9999 -9999 -9999 -9999 -9999 -9999 -9999 0.0173261668533087 0.0356023497879505 0.0414212793111801 0.0161114595830441 0.00458804797381163 0.00398849882185459 0.0203562993556261 0.0782823339104652 0.117421545088291 0.138763144612312 0.148300275206566 0.138834089040756 0.132775440812111 0.103665187954903 0.0796894431114197 0.0614472217857838 0.0362293981015682 0.0205230712890625 0.0120891341939569 0.00877411663532257 0.0111511694267392 0.0301748532801867 0.0866543725132942 0.146269634366035 0.394868820905685 0.399516195058823 0.434205859899521 0.426169246435165 0.41319140791893 0.403439730405807 0.402065455913544 0.393852412700653 0.398848623037338 0.415552467107773 0.437484979629517 0.449033498764038 0.417606711387634 0.433921307325363 0.444213777780533 0.451013594865799 0.453406125307083 0.457879066467285 0.458938300609589 0.458677619695663 0.458085089921951 0.454463690519333
-9999 -9999 -9999 -9999 -9999 -9999 -9999 -9999 0.00223974999971688 0.0110309300944209 0.0437830537557602 0.0502407066524029 0.0496761538088322 0.023966858163476 0.00746234692633152 0.00266019813716412 0.00972716603428125 0.0454230457544327 0.0772824883460999 0.0895945206284523 0.0970232561230659 0.0938417986035347 0.0828529894351959 0.0607015900313854 0.0417953506112099 0.0238649342209101 0.0123432958498597 0.00534685095772147 0.00295282364822924 0.00297989277169108 0.0043494887650013 0.0175533574074507 0.052484143525362 0.113961420953274 0.393652528524399 0.432587116956711 0.430943518877029 0.428937405347824 0.47578376531601 0.466342687606812 0.462739855051041 0.462668716907501 0.466978847980499 0.473212838172913 0.431295841932297 0.441090881824493 0.451102703809738 0.20837490260601 0.208937972784042 0.207716852426529 0.204784780740738 0.203361436724663 0.179036051034927 0.177322387695312 0.197290748357773 0.191419139504433
-9999 -9999 -9999 -9999 -9999 -9999 -9999 -9999 0.0123922983184457 0.0387460701167583 0.222091659903526 0.0717305019497871 0.0643063932657242 0.0295186545699835 0.0134527469053864 0.00743374275043607 0.00807150546461344 0.0207913499325514 0.036698579788208 0.0430169776082039 0.0426087714731693 0.0395872369408607 0.0396384671330452 0.0253058541566133 0.0121006639674306 0.00548044219613075 0.00268027256242931 0.00123916973825544 0.00104313879273832 0.00112644268665463 0.0014871982857585 0.00781744625419378 0.0344614423811436 0.0853347554802895 0.145554780960083 0.418485671281815 0.453862249851227 0.458832532167435 0.45692390203476 0.458060622215271 0.457657665014267 0.459460616111755 0.462024331092834 0.46687638759613 0.468602895736694 0.214585691690445 0.214200481772423 0.210091218352318 0.181995034217834 0.198351040482521 0.184123516082764 0.181879058480263 0.160002157092094 0.15767215192318 0.174137279391289 0.168398261070251
-9999 -9999 -9999 -9999 -9999 -9999 -9999 0.0171429868787527 0.0376762896776199 0.182077392935753 0.294149160385132 0.255503237247467 0.0748444348573685 0.0422292947769165 0.0231514647603035 0.0149641269817948 0.0177635718137026 0.0228654537349939 0.0288959424942732 0.0183617956936359 0.0132243968546391 0.0118359681218863 0.0107427956536412 0.00727276038378477 0.00303177605383098 0.00210555596277118 0.00198322208598256 0.00203339173458517 0.00179898634087294 0.00141498958691955 0.00116551341488957 0.00510165328159928 0.0221840031445026 0.0609279572963715 0.124727196991444 0.170349597930908 0.449946045875549 0.467933982610703 0.47164461016655 0.470760017633438 0.216465577483177 0.217241510748863 0.217167124152184 0.218169331550598 0.216826185584068 0.214356929063797 0.185389220714569 0.166808426380157 0.155934140086174 0.148352831602097 0.16260552406311 0.158882781863213 0.152797013521194 0.152826771140099 0.153267651796341 0.150021463632584
-9999 -9999 -9999 -9999 -9999 -9999 -9999 0.126740366220474 0.201419159770012 0.334009408950806 0.342900484800339 0.299072414636612 0.0845049396157265 0.0595980957150459 0.0432657636702061 0.0361314341425896 0.0443942919373512 0.0450287945568562 0.0461727567017078 0.038415152579546 0.0267810486257076 0.0187582597136497 0.0122538888826966 0.0127885434776545 0.0135132912546396 0.0104675050824881 0.010450592264533 0.00820292625576258 0.00944455619901419 0.0104371644556522 0.00891000125557184 0.00774088222533464 0.0167031548917294 0.0456618070602417 0.0927492678165436 0.142259076237679 0.175206542015076 0.197522938251495 0.21442323923111 0.216170683503151 0.218109741806984 0.216640204191208 0.21551088988781 0.180034220218658 0.173037692904472 0.163328126072884 0.147597506642342 0.126751661300659 0.106264337897301 0.0950068160891533 0.0991044938564301 0.0965521410107613 0.10065221041441 0.104891918599606 0.107904471457005 0.111088894307613
-9999 -9999 -9999 -9999 -9999 -9999 0.216523796319962 0.277832508087158 0.340219169855118 0.367700010538101 0.308438330888748 0.311538577079773 0.100438021123409 0.0730269253253937 0.0614741779863834 0.0558848008513451 0.0698671489953995 0.070926696062088 0.0740561485290527 0.0614490583539009 0.0436981730163097 0.0378455519676208 0.0314472131431103 0.0313453525304794 0.0301954876631498 0.0301102977246046 0.0282066557556391 0.0287627503275871 0.0281348787248135 0.0237515065819025 0.0234265010803938 0.0190122369676828 0.016090165823698 0.0346153862774372 0.0742212012410164 0.112316608428955 0.143180131912231 0.170100152492523 0.180359184741974 0.18775437772274 0.167432188987732 0.164387315511703 0.15751987695694 0.145475447177887 0.130788132548332 0.108408682048321 0.0854234173893929 0.0578820332884789 0.0403174795210361 0.0309859625995159 0.0415032021701336 0.0450844578444958 0.0546522811055183 0.0587016977369785 0.0566143020987511 0.0655445456504822
-9999 -9999 -9999 -9999 -9999 -9999 0.335907191038132 0.383712947368622 0.395907074213028 0.402743399143219 0.329820722341537 0.332028061151505 0.112725265324116 0.0919409245252609 0.0845431908965111 0.0919550955295563 0.0930164679884911 0.0939218029379845 0.0967379063367844 0.0907762795686722 0.0765483900904655 0.0689102858304977 0.0607648380100727 0.0638053268194199 0.0665525421500206 0.0642129108309746 0.0651019811630249 0.0617144890129566 0.0607712492346764 0.0584002435207367 0.0516307801008224 0.0469582341611385 0.0390345640480518 0.0355460606515408 0.0473207719624043 0.0766622647643089 0.102752089500427 0.125422149896622 0.117081567645073 0.120358482003212 0.120092689990997 0.111010693013668 0.0982032790780067 0.0801332592964172 0.0589913390576839 0.0594174787402153 0.0696236565709114 0.0715910866856575 0.0683891698718071 0.0744578242301941 0.0793275758624077 0.0985855087637901 0.102331608533859 0.102391041815281 0.10145453363657 0.0977497324347496
-9999 -9999 -9999 -9999 -9999 -9999 0.403918027877808 0.424783200025558 0.435887306928635 0.429005682468414 0.353272765874863 0.340352565050125 0.125992968678474 0.106737487018108 0.101476565003395 0.113027550280094 0.11585894972086 0.115354418754578 0.11856859177351 0.110894814133644 0.096766784787178 0.0946696773171425 0.0893669128417969 0.0923643410205841 0.0933880358934402 0.0946906507015228 0.092199943959713 0.0921741500496864 0.0901416540145874 0.0835392326116562 0.0820189639925957 0.0722934603691101 0.0668687075376511 0.0619002357125282 0.0553539991378784 0.0554189272224903 0.0632907375693321 0.0662785172462463 0.0688965320587158 0.0703705921769142 0.0606888756155968 0.0608443059027195 0.0735787227749825 0.0796489790081978 0.0930396169424057 0.102431803941727 0.103956162929535 0.113222517073154 0.111686259508133 0.114074990153313 0.130783095955849 0.131054162979126 0.137975499033928 0.140007942914963 0.134311079978943 0.134819582104683
-9999 -9999 -9999 -9999 -9999 -9999 -9999 0.457337379455566 0.433636546134949 0.441034853458405 0.324279963970184 0.342901796102524 0.152026668190956 0.128142163157463 0.135678917169571 0.136910319328308 0.139179185032845 0.137954741716385 0.139542654156685 0.135072335600853 0.126992270350456 0.124047562479973 0.11973886936903 0.124005295336246 0.128729000687599 0.127040520310402 0.128414765000343 0.12544196844101 0.124519765377045 0.122711136937141 0.116342186927795 0.111948631703854 0.10290189832449 0.100503794848919 0.0982992351055145 0.093321330845356 0.0940172374248505 0.0922623872756958 0.0832229256629944 0.0909366384148598 0.0948774218559265 0.107919380068779 0.116464965045452 0.122732155025005 0.136504054069519 0.142146274447441 0.150330260396004 0.152400344610214 0.150411039590836 0.153354376554489 0.172461718320847 0.174106419086456 0.173134744167328 0.172020241618156 0.171147629618645 0.168808907270432
-9999 -9999 -9999 -9999 -9999 -9999 -9999 -9999 0.416203290224075 0.436157673597336 0.289616584777832 0.334198623895645 0.159686222672462 0.154410272836685 0.153975456953049 0.148482322692871 0.151648953557014 0.147874489426613 0.151348054409027 0.14783701300621 0.143296793103218 0.143393531441689 0.145316943526268 0.148737326264381 0.150546744465828 0.152691975235939 0.148797869682312 0.14805942773819 0.147021412849426 0.144200682640076 0.143726915121078 0.136680841445923 0.13121472299099 0.128046348690987 0.12348735332489 0.122953005135059 0.120877720415592 0.122271709144115 0.124658614397049 0.114839382469654 0.12283992767334 0.129201665520668 0.140310749411583 0.14621864259243 0.155432745814323 0.383341073989868 0.164228990674019 0.168851152062416 0.168811172246933 0.191238209605217 0.193210527300835 0.193605929613113 0.196029812097549 0.439806431531906 0.435549795627594 0.433825075626373
-9999 -9999 -9999 -9999 -9999 -9999 0.380767375230789 0.363864809274673 0.354002058506012 0.381428986787796 0.323152124881744 0.136949196457863 0.163400635123253 0.163910448551178 0.165209710597992 0.154643297195435 0.153358653187752 0.152554392814636 0.158678784966469 0.160295680165291 0.160618007183075 0.162251934409142 0.163749009370804 0.16775344312191 0.171576768159866 0.172331988811493 0.172354772686958 0.169872596859932 0.167692244052887 0.167891517281532 0.165605530142784 0.162988692522049 0.157953962683678 0.156966015696526 0.155384391546249 0.15231990814209 0.152797937393188 0.15199588239193 0.154401779174805 0.160740256309509 0.165054813027382 0.174691528081894 0.180921658873558 0.422953248023987 0.435201525688171 0.44094455242157 0.446858733892441 0.201807513833046 0.20303750038147 0.469326496124268 0.469961017370224 0.470116555690765 0.469992220401764 0.469370633363724 0.46861520409584 0.46759957075119
-9999 -9999 -9999 -9999 -9999 0.420537382364273 0.368721932172775 0.346484452486038 0.373478621244431 0.374979794025421 0.321489840745926 0.135075494647026 0.163181558251381 0.16463577747345 0.143577232956886 0.33791309595108 0.143531322479248 0.158414334058762 0.168191120028496 0.154694616794586 0.161040514707565 0.165986910462379 0.172268658876419 0.177339926362038 0.178918808698654 0.181892275810242 0.190086618065834 0.191650569438934 0.191889673471451 0.187907874584198 0.188841909170151 0.187490493059158 0.185040131211281 0.175819829106331 0.172312304377556 0.172304853796959 0.172050282359123 0.17186114192009 0.173593237996101 0.177366614341736 0.181441590189934 0.424471437931061 0.434785634279251 0.439392179250717 0.448032200336456 0.46725457906723 0.46943786740303 0.470277428627014 0.469175279140472 0.466639757156372 0.463985621929169 0.462859213352203 0.459666609764099 0.459016919136047 0.458582282066345 0.458103805780411
-9999 -9999 -9999 -9999 -9999 0.412760108709335 0.354733794927597 0.350472301244736 0.378061830997467 0.359983652830124 0.128493174910545 0.324309319257736 0.335599064826965 0.333407819271088 0.315770626068115 0.310916990041733 0.131334364414215 0.143188327550888 0.153779953718185 0.160214260220528 0.153854832053185 0.157104253768921 0.162976801395416 0.17678727209568 0.180872991681099 0.183844611048698 0.184699043631554 0.185484603047371 0.186443701386452 0.187051028013229 0.428554445505142 0.430278718471527 0.192200735211372 0.195886895060539 0.195347428321838 0.194240555167198 0.194100901484489 0.436590909957886 0.424236416816711 0.428934067487717 0.432446897029877 0.439524441957474 0.444391936063766 0.464935719966888 0.469533264636993 0.470644772052765 0.468815058469772 0.464910358190536 0.461445808410645 0.455710351467133 0.450669586658478 0.445476055145264 0.441162675619125 0.43956658244133 0.437287777662277 0.43534579873085
-9999 -9999 -9999 -9999 -9999 -9999 0.368543833494186 0.362492561340332 0.38552188873291 0.345869183540344 0.120533540844917 0.12172394245863 0.304081857204437 0.302440375089645 0.301419705152512 0.286499351263046 0.124301232397556 0.132199928164482 0.142739996314049 0.150012642145157 0.148633226752281 0.156572431325912 0.158558577299118 0.164395585656166 0.399482578039169 0.404246211051941 0.407793611288071 0.406698912382126 0.409989207983017 0.414775341749191 0.418512225151062 0.426414161920547 0.430938124656677 0.440395414829254 0.449432790279388 0.453763604164124 0.454942554235458 0.454022735357285 0.45677125453949 0.459800511598587 0.462178140878677 0.466247260570526 0.468503594398499 0.469681799411774 0.469228297472 0.516394555568695 0.511624336242676 0.504703462123871 0.499173194169998 0.49030926823616 0.483669847249985 0.476414322853088 0.467350125312805 0.460075438022614 0.452731311321259 0.44819113612175
-9999 -9999 -9999 -9999 -9999 -9999 0.393386244773865 0.38229963183403 0.38402196764946 0.319290727376938 0.109695859253407 0.119293726980686 0.135140389204025 0.13793657720089 0.131028577685356 0.125473663210869 0.123490795493126 0.120552331209183 0.127317816019058 0.139076232910156 0.353637963533401 0.353993982076645 0.351081341505051 0.361071676015854 0.376415133476257 0.387675136327744 0.38777232170105 0.385059148073196 0.388344764709473 0.396048367023468 0.406006872653961 0.410940915346146 0.417227923870087 0.427627742290497 0.438393205404282 0.4499851167202 0.455644756555557 0.460358262062073 0.465325862169266 0.466465383768082 0.46747350692749 0.468248605728149 0.468188434839249 0.517146289348602 0.514522969722748 0.510610401630402 0.503868103027344 0.495958000421524 0.489177376031876 0.473080277442932 0.457621484994888 0.445973843336105 0.436187922954559 0.426456481218338 0.411522507667542 0.39714103937149
-9999 -9999 -9999 -9999 -9999 -9999 0.466916620731354 0.400615662336349 0.401943236589432 0.320136159658432 0.259730160236359 0.2862369120121 0.134242281317711 0.135874703526497 0.139740705490112 0.137446224689484 0.129550367593765 0.118776373565197 0.124737545847893 0.13570448756218 0.342986077070236 0.339967876672745 0.325615584850311 0.334392726421356 0.355992794036865 0.369912147521973 0.369787037372589 0.410189837217331 0.414129018783569 0.425897806882858 0.436735063791275 0.393845617771149 0.397454679012299 0.407459646463394 0.419808387756348 0.432118207216263 0.439684271812439 0.49363762140274 0.500993371009827 0.508258819580078 0.513456463813782 0.515081703662872 0.513888299465179 0.512196660041809 0.507258653640747 0.504030168056488 0.495321154594421 0.480881780385971 0.464965879917145 0.441701233386993 0.424016088247299 0.414500564336777 0.404862821102142 0.390170335769653 0.366102904081345 0.347088217735291
-9999 -9999 -9999 -9999 -9999 -9999 -9999 -9999 0.155541747808456 0.351774603128433 0.243289053440094 0.274719178676605 0.124838627874851 0.10873980820179 0.125089451670647 0.129642277956009 0.125927463173866 0.128682777285576 0.132605254650116 0.132662042975426 0.330380469560623 0.315931409597397 0.299253314733505 0.307994604110718 0.328887939453125 0.392166972160339 0.392905175685883 0.38793084025383 0.391701549291611 0.401655524969101 0.411939293146133 0.415570169687271 0.418088018894196 0.427551597356796 0.440074950456619 0.453387707471848 0.461125671863556 0.468481093645096 0.476962238550186 0.483847558498383 0.491135090589523 0.493411391973495 0.494930773973465 0.495742619037628 0.4942686855793 0.489907681941986 0.477635502815247 0.461848467588425 0.444620251655579 0.423162579536438 0.404410928487778 0.388969480991364 0.376028686761856 0.358770757913589 0.330485016107559 0.304802030324936
-9999 -9999 -9999 -9999 -9999 -9999 -9999 -9999 0.153700917959213 0.14450304210186 0.22805193066597 0.269767612218857 0.103793002665043 0.0996761173009872 0.112077303230762 0.11970192193985 0.122338496148586 0.130578145384789 0.13640421628952 0.132852494716644 0.316604226827621 0.303545355796814 0.280726879835129 0.286820560693741 0.354163497686386 0.370139449834824 0.373990446329117 0.368306070566177 0.372283458709717 0.3829165995121 0.389661818742752 0.393321216106415 0.39245343208313 0.399999052286148 0.412208139896393 0.423291802406311 0.432114690542221 0.439480066299438 0.448033571243286 0.455608367919922 0.463584631681442 0.466784745454788 0.469367891550064 0.471865653991699 0.472460597753525 0.470645546913147 0.458653539419174 0.441842317581177 0.42368358373642 0.399433583021164 0.380830436944962 0.360394537448883 0.342721045017242 0.321610420942307 0.291553676128387 0.268253922462463
-9999 -9999 -9999 -9999 -9999 -9999 -9999 -9999 -9999 0.12415374815464 0.254708409309387 0.295585095882416 0.10167533904314 0.24917383491993 0.247483432292938 0.112996071577072 0.113116234540939 0.124488011002541 0.127089232206345 0.12278488278389 0.301558911800385 0.28409668803215 0.269990175962448 0.276845067739487 0.334031492471695 0.350751638412476 0.354380220174789 0.35420548915863 0.358662962913513 0.365157246589661 0.371082037687302 0.372123032808304 0.371586471796036 0.377069979906082 0.385220319032669 0.394372493028641 0.4010309278965 0.407191306352615 0.416050612926483 0.424587905406952 0.432995110750198 0.437290161848068 0.440912514925003 0.445453435182571 0.45082226395607 0.451524943113327 0.438577681779861 0.420591324567795 0.3999884724617 0.376531183719635 0.351828962564468 0.32807520031929 0.30224198102951 0.281915187835693 0.262241452932358 0.242271244525909
-9999 -9999 -9999 -9999 -9999 -9999 -9999 -9999 -9999 -9999 0.264310628175735 0.103073209524155 0.100160084664822 0.247927412390709 0.242146223783493 0.10939659923315 0.109519310295582 0.114334866404533 0.115323513746262 0.113505274057388 0.287536889314651 0.278864622116089 0.180686742067337 0.184419631958008 0.324090451002121 0.336815714836121 0.341426283121109 0.341347485780716 0.346391230821609 0.353790074586868 0.357647508382797 0.358577400445938 0.355428338050842 0.357961803674698 0.362783759832382 0.367288649082184 0.372563689947128 0.376826465129852 0.384097099304199 0.39217272400856 0.399579465389252 0.405034184455872 0.410048931837082 0.416908472776413 0.423851668834686 0.426299154758453 0.415267825126648 0.396848022937775 0.376408338546753 0.350110203027725 0.325160890817642 0.301824361085892 0.274957656860352 0.25415176153183 0.234684571623802 0.217388510704041
-9999 -9999 -9999 -9999 -9999 -9999 -9999 -9999 -9999 -9999 -9999 0.0969167649745941 0.0985535904765129 0.271033823490143 0.27205690741539 0.289779126644135 0.284171670675278 0.105206929147243 0.0667336657643318 0.107913091778755 0.27471324801445 0.187448352575302 0.178720355033875 0.180905148386955 0.314698189496994 0.322967261075974 0.329355090856552 0.331959813833237 0.338137269020081 0.343375265598297 0.347004354000092 0.347897410392761 0.344819843769073 0.345246106386185 0.344441145658493 0.343844056129456 0.347830325365067 0.349999040365219 0.356265544891357 0.362916976213455 0.368448972702026 0.375194042921066 0.377692848443985 0.384576290845871 0.395660907030106 0.39788743853569 0.387822359800339 0.371182382106781 0.351825743913651 0.327469319105148 0.304524689912796 0.283242732286453 0.260061979293823 0.239721611142159 0.218091666698456 0.204833850264549
