meets/meet004/_saidas_enm/CCSM_Maha_6k_Aralia_warmingiana1.asc
NCOLS 154 
NROWS 168 
XLLCORNER -112 
YLLCORNER -55.5 
CELLSIZE 0.5 
NODATA_value -9999 
[rows 100 to 124 of 168, columns 56 to 111 of 154]
-9999 -9999 -9999 -9999 -9999 -9999 -9999 -9999 -9999 -9999 -9999 -9999 -9999 -9999 -9999 -9999 -9999 -9999 -9999 -9999 -9999 -9999 -9999 -9999 -9999 -9999 -9999 -9999 -122.466741833386 -108.35737234138 -131.219224653087 -180.978740631836 -231.986337695471 -254.688025697577 -234.658503728383 -191.830167204154 -143.656070244455 -99.1638247670393 -53.0034758952178 -20.0693163608635 -7.19927932661038 -4.90707710252112 -6.81143776442093 -8.63867536471749 -11.1880711865094 -11.0505097175689 -8.66554186111265 -6.58770329232192 -6.15829272241555 -6.2672675569227 -6.68907234728173 -7.92370101811858 -8.70005225662701 -8.5678037069752 -8.3469160562326 -9.1003566956703
-9999 -9999 -9999 -9999 -9999 -9999 -9999 -9999 -9999 -9999 -9999 -9999 -9999 -9999 -9999 -9999 -9999 -9999 -9999 -9999 -9999 -9999 -9999 -9999 -9999 -9999 -9999 -9999 -127.529832440921 -119.159698869602 -145.162252546028 -187.404418276875 -222.830343013595 -237.958108156375 -214.493840219592 -179.987248372846 -132.081449094211 -90.8225033500964 -46.9970990515599 -16.4524317749079 -6.36932460706667 -4.70786612943896 -5.78365675686418 -8.53084848003696 -11.1242202281302 -10.7709665621039 -7.091255227729 -5.11610628161077 -4.93342603866926 -4.5266702289103 -4.47080639106031 -5.5817898409268 -7.15612235876437 -7.43208529560193 -7.36927525378431 -7.84780940148633
-9999 -9999 -9999 -9999 -9999 -9999 -9999 -9999 -9999 -9999 -9999 -9999 -9999 -9999 -9999 -9999 -9999 -9999 -9999 -9999 -9999 -9999 -9999 -9999 -9999 -9999 -9999 -170.107277083963 -143.627985406883 -130.993889630268 -143.137059254021 -182.901122772181 -208.51279896084 -218.188912895619 -197.030275888679 -160.608904240765 -121.804658063994 -80.933833219571 -39.2521492187907 -12.3100449926365 -5.56403950365357 -5.4256029974019 -5.3598451729128 -7.7167029479078 -10.8897349824933 -10.1596973587752 -6.91737180244203 -4.11912951281763 -3.30977147309628 -3.23170925073419 -3.54471692269649 -4.23226142984493 -5.71259683913337 -6.4086482070938 -5.79047699552147 -5.74810574308863
-9999 -9999 -9999 -9999 -9999 -9999 -9999 -9999 -9999 -9999 -9999 -9999 -9999 -9999 -9999 -9999 -9999 -9999 -9999 -9999 -9999 -9999 -9999 -9999 -9999 -9999 -9999 -178.461792854674 -152.404166950732 -132.433045281121 -145.837073883144 -181.544071184142 -197.478675974282 -205.555768090539 -183.631520506914 -150.901554688912 -111.138326274557 -70.2774680102782 -31.3187996456385 -10.2511645807533 -6.4820834746 -6.55221855085177 -6.61417204306034 -8.43293909637002 -11.3629472503867 -11.3574785332849 -8.64728268090417 -5.04917829076507 -3.16055659027167 -2.62240896655282 -2.64417239273469 -3.07335393093193 -4.13506674690638 -4.67144722516232 -4.6189238586334 -4.34487438838307
-9999 -9999 -9999 -9999 -9999 -9999 -9999 -9999 -9999 -9999 -9999 -9999 -9999 -9999 -9999 -9999 -9999 -9999 -9999 -9999 -9999 -9999 -9999 -9999 -9999 -9999 -9999 -182.265447735034 -156.237251374563 -141.581518703686 -156.160601260263 -186.345849843082 -197.839233783784 -198.581508154639 -178.15805830052 -143.898482081345 -104.021677458547 -57.0842828621569 -22.6160294475502 -8.92779341132435 -7.01539248144174 -7.65516839373021 -9.16015313334919 -10.2079531767822 -11.5952830623158 -12.7458696863257 -9.74360554001598 -6.63248140066934 -4.40348485301199 -2.77474138992178 -2.33497837658278 -2.06357740349071 -2.54071283823117 -2.87162138052734 -3.235849794003 -3.83950697099341
-9999 -9999 -9999 -9999 -9999 -9999 -9999 -9999 -9999 -9999 -9999 -9999 -9999 -9999 -9999 -9999 -9999 -9999 -9999 -9999 -9999 -9999 -9999 -9999 -9999 -9999 -9999 -187.467968512042 -157.894383863211 -144.996458959696 -166.536957137618 -201.889929704686 -206.001341389548 -201.917152612443 -181.044645095482 -145.830257879185 -99.4131229489127 -48.9802787362265 -17.8673607018796 -7.50795828524094 -8.46384974899278 -9.17812525578895 -11.8322943721242 -11.330953127269 -11.765785294449 -11.496959132155 -8.70347674560613 -7.04199019422509 -5.02166552873186 -3.05752832297142 -2.36953075465378 -1.88016314080916 -1.91220867506191 -2.17173863386069 -2.68414265332111 -3.43324324853682
-9999 -9999 -9999 -9999 -9999 -9999 -9999 -9999 -9999 -9999 -9999 -9999 -9999 -9999 -9999 -9999 -9999 -9999 -9999 -9999 -9999 -9999 -9999 -9999 -9999 -9999 -9999 -174.338866949125 -158.849122498995 -152.705527503249 -183.381951396557 -217.574488428608 -223.939983962607 -211.116801656971 -188.990235549158 -153.779080602623 -99.4421219178413 -45.7412399772563 -15.4571360708548 -6.56648596510571 -9.24507438361383 -10.8896082998067 -13.4965668902443 -12.2174317706953 -11.2036338114999 -9.09787232497111 -7.9756436684794 -6.20750245911165 -4.89063130944645 -3.81539520338545 -2.67396399037116 -2.21682504548042 -1.9816925588701 -2.06321295192228 -2.46383404888124 -3.09268635397496
-9999 -9999 -9999 -9999 -9999 -9999 -9999 -9999 -9999 -9999 -9999 -9999 -9999 -9999 -9999 -9999 -9999 -9999 -9999 -9999 -9999 -9999 -9999 -9999 -9999 -9999 -9999 -153.397730503866 -154.867063290841 -163.007598650104 -205.657720886304 -235.442450163084 -237.977637206122 -218.649954923707 -195.087515523935 -160.325852428268 -101.492337624555 -44.7258917072476 -14.1476233755839 -5.44221534568292 -10.2867408018324 -12.5528251307441 -14.7442060378157 -13.7691324292475 -12.3372237989779 -10.0003769541344 -8.77011385779408 -7.17043495228527 -5.73098206300042 -4.88792745633188 -4.19661182437973 -3.65834179678778 -3.22149921631373 -2.9287724304438 -2.83765468796824 -2.23321221757603
-9999 -9999 -9999 -9999 -9999 -9999 -9999 -9999 -9999 -9999 -9999 -9999 -9999 -9999 -9999 -9999 -9999 -9999 -9999 -9999 -9999 -9999 -9999 -9999 -9999 -9999 -9999 -134.092322053797 -136.847923280183 -172.617302920034 -231.602961281607 -249.024037074924 -248.96355535287 -219.527883031014 -193.327704237828 -170.075431668495 -103.178411660997 -43.5255373995602 -14.0326923295416 -5.03956888305137 -12.2141563549506 -14.6441067797105 -16.4669472807795 -16.4336739709707 -14.8701359443314 -13.6270867430229 -11.0478357267244 -9.34717820556109 -7.78117360735887 -6.55407399217016 -6.35052663543799 -5.61409487196749 -4.89096284999137 -3.7946280735735 -2.63829601763486 -1.53405757519198
-9999 -9999 -9999 -9999 -9999 -9999 -9999 -9999 -9999 -9999 -9999 -9999 -9999 -9999 -9999 -9999 -9999 -9999 -9999 -9999 -9999 -9999 -9999 -9999 -9999 -9999 -9999 -121.269659725576 -133.892352565807 -176.777999502269 -228.528078064268 -244.512217221027 -235.41521385555 -200.290602882635 -175.287021709727 -153.264469221984 -94.6784828423201 -38.94159299957 -11.4855355383715 -5.44133035075236 -13.0400673792823 -16.5017997085779 -18.2096505978911 -18.6028184151275 -17.0136947381782 -15.613586301317 -13.2550216914414 -11.47804645382 -9.89180386563703 -8.80820007987426 -7.49557508515183 -6.30972014136062 -5.340171308064 -4.04770005944138 -2.86490523998706 -1.69574163352439
-9999 -9999 -9999 -9999 -9999 -9999 -9999 -9999 -9999 -9999 -9999 -9999 -9999 -9999 -9999 -9999 -9999 -9999 -9999 -9999 -9999 -9999 -9999 -9999 -9999 -9999 -106.447968456897 -111.589139786484 -133.102473723912 -175.118995030416 -220.550460739087 -226.054650869532 -214.54468476334 -172.537197833636 -146.164042826016 -134.847545418426 -77.0308608638012 -32.8913088419908 -10.908544437043 -6.59031684261447 -15.4119963852527 -18.5097567443571 -19.597016975181 -19.9854164959812 -18.1490109783667 -16.6788157028621 -14.6769474683991 -13.1790267367968 -11.5148178002808 -9.55695206070259 -8.13222413459066 -6.81144625245978 -5.98975702861892 -4.71947782051792 -3.49447494959073 -2.40322486012162
-9999 -9999 -9999 -9999 -9999 -9999 -9999 -9999 -9999 -9999 -9999 -9999 -9999 -9999 -9999 -9999 -9999 -9999 -9999 -9999 -9999 -9999 -9999 -9999 -9999 -9999 -95.554718226718 -109.923794597796 -138.524889994955 -171.39048974308 -194.038421392947 -203.475213466472 -184.447780232144 -141.276925433828 -108.119698010589 -85.9737172578884 -48.5136978171416 -17.7388983473027 -8.79013444823994 -9.99018934306722 -18.5149875124016 -21.3959541153363 -21.6169109230906 -21.756080000447 -20.8316964775078 -19.2031052099349 -17.3973729408237 -14.8503208128577 -12.5610021739005 -10.4994671945138 -8.85570462915434 -7.53913973896916 -6.56036247901424 -5.35482162379606 -4.34764597706662 -3.22695255036087
-9999 -9999 -9999 -9999 -9999 -9999 -9999 -9999 -9999 -9999 -9999 -9999 -9999 -9999 -9999 -9999 -9999 -9999 -9999 -9999 -9999 -9999 -9999 -9999 -9999 -9999 -88.8304590149331 -118.55585521933 -150.461976286913 -167.76721497249 -173.261186157841 -172.765937090803 -154.829104302803 -110.705972125289 -70.8631904849319 -51.2517193930472 -25.3958424467812 -9.50419935107338 -9.73856758808039 -14.9109512318875 -22.4547616496301 -25.0589910326872 -25.192345871246 -24.6290464248032 -23.3809630648669 -22.3944605245991 -19.1488488648607 -16.0742384448534 -13.6395314056797 -11.4876625193703 -9.75931168823964 -8.29929759974138 -7.12750717975062 -5.95108967869373 -5.17292276256409 -4.19702803271682
-9999 -9999 -9999 -9999 -9999 -9999 -9999 -9999 -9999 -9999 -9999 -9999 -9999 -9999 -9999 -9999 -9999 -9999 -9999 -9999 -9999 -9999 -9999 -9999 -9999 -9999 -88.6178303134017 -136.324921794903 -168.827178029103 -166.389821987955 -148.764093280955 -133.747276885189 -105.625033519552 -67.5767319763784 -40.2762776363247 -25.6196364565693 -13.5037672412659 -9.96365134007947 -14.9441029010765 -20.8650707222674 -24.6715500439632 -26.9239969209043 -27.2248836633551 -25.9551083410204 -24.5091572924561 -22.7306215865736 -19.871463296481 -17.1388594641698 -14.7521920829909 -12.7368566806762 -10.9817946249085 -9.25329350758224 -8.19028188508669 -7.11373571647427 -6.40691917563043 -5.15291987847429
-9999 -9999 -9999 -9999 -9999 -9999 -9999 -9999 -9999 -9999 -9999 -9999 -9999 -9999 -9999 -9999 -9999 -9999 -9999 -9999 -9999 -9999 -9999 -9999 -9999 -50.0433327514334 -95.9840489627716 -162.253555288224 -190.553282213671 -159.14473363682 -126.537381792904 -96.9637134532038 -65.6754298442239 -36.1176004541088 -22.5511756111063 -21.4447507139591 -13.4440081174919 -14.6169811008931 -22.8133439147397 -26.280240612789 -28.424419311148 -28.355168621684 -27.7148199867866 -26.5793681460298 -26.139727512577 -25.0698968599783 -21.1210651219118 -18.0725579336163 -15.9449252018867 -14.0275055253361 -12.4827353652262 -10.6745827828192 -9.49109269367951 -7.96655928100117 -6.59728309330297 -5.60647556885636
-9999 -9999 -9999 -9999 -9999 -9999 -9999 -9999 -9999 -9999 -9999 -9999 -9999 -9999 -9999 -9999 -9999 -9999 -9999 -9999 -9999 -9999 -9999 -9999 -9999 -64.5802528114806 -106.409760436911 -161.654531759625 -177.544442859373 -144.986676172151 -105.330019212215 -72.3668374845724 -42.2790781723812 -22.2313407090757 -17.1578311655986 -18.0853597438186 -17.9811589295383 -20.9316823802169 -26.9191580395157 -29.0929293976267 -30.0204167005434 -29.3141654997636 -28.2138785470274 -26.9890459235518 -26.0288940392147 -25.3875796690329 -22.8608896082467 -19.6961570828964 -17.3401909098156 -15.4308961333514 -13.6672122079438 -11.7426471639856 -9.9035881070544 -8.14375932783305 -6.75465736119121 -5.62932078547461
-9999 -9999 -9999 -9999 -9999 -9999 -9999 -9999 -9999 -9999 -9999 -9999 -9999 -9999 -9999 -9999 -9999 -9999 -9999 -9999 -9999 -9999 -9999 -9999 -9999 -68.0057868413041 -109.547362601488 -158.116525749101 -163.229978741235 -125.396575287729 -87.9983666554578 -55.2216537971607 -30.5192848881668 -19.8020009613881 -18.8110108744233 -23.2080905136466 -23.0065355519638 -24.7436661656612 -27.9303820117882 -28.5603154005836 -30.1400350160702 -28.8059959769257 -28.3035153950156 -27.3148718602133 -26.410636632461 -25.7123106825658 -24.5888344729386 -21.4736567432795 -19.0429806101348 -16.8927766686314 -14.4516260883642 -12.3307414751294 -10.4919073968896 -8.72398921046878 -7.17079796898398 -5.94666788256628
-9999 -9999 -9999 -9999 -9999 -9999 -9999 -9999 -9999 -9999 -9999 -9999 -9999 -9999 -9999 -9999 -9999 -9999 -9999 -9999 -9999 -9999 -9999 -9999 -9999 -59.6009221956335 -103.167497853063 -146.540489336959 -145.027299957428 -109.167519615601 -71.3804932721141 -44.1129020674718 -27.8104780805636 -22.4022884251034 -22.2896288188616 -25.9558595757798 -26.8503462355494 -26.6905351450027 -26.7204886201278 -26.4642201085129 -26.8558416770557 -27.2639321226801 -27.9755348209966 -28.0130666975204 -27.6761689437068 -26.9138018292949 -25.8167050497896 -22.7303911787606 -20.1302576493396 -17.7083865342171 -15.2331409343281 -12.9069573572776 -10.9574417525449 -9.27403473572539 -7.81974490219873 -6.68083158619121
-9999 -9999 -9999 -9999 -9999 -9999 -9999 -9999 -9999 -9999 -9999 -9999 -9999 -9999 -9999 -9999 -9999 -9999 -9999 -9999 -9999 -9999 -9999 -9999 -9999 -50.9246592609009 -94.9204587446063 -139.110795194009 -133.041528492165 -95.2068561418561 -60.2632081487463 -36.2733886947767 -27.5414858389405 -23.1470015718259 -25.7369928602622 -29.7406989983121 -30.3946233727301 -31.5772149353874 -30.900382687662 -27.7315823646176 -26.7353815487963 -26.9574473922977 -28.6816571202145 -29.273378160895 -29.3224710763361 -28.768796913318 -26.4465011185027 -24.0271528285504 -21.1064350583384 -18.4167393051076 -16.3218707102507 -13.9515813348718 -11.8355107837198 -10.1158696035157 -8.66281564676039 -7.6588830223467
-9999 -9999 -9999 -9999 -9999 -9999 -9999 -9999 -9999 -9999 -9999 -9999 -9999 -9999 -9999 -9999 -9999 -9999 -9999 -9999 -9999 -9999 -9999 -9999 -9999 -51.982041235688 -91.8066829453739 -131.772151290885 -123.924824403523 -85.5697582400265 -52.6378453654079 -34.071849895013 -27.6940015078798 -25.3194455119529 -28.1639421495761 -31.5759500677034 -33.0628870692643 -34.3815549037748 -33.8776749541829 -30.7683988100012 -28.628175075592 -28.6782317096484 -31.2571338130364 -32.2482552229621 -30.83971752844 -28.5105411524665 -26.9233502506876 -25.353876948108 -22.3632519951638 -19.5616525324571 -17.2493583277322 -14.9149763986902 -12.9254976824874 -11.255108598088 -9.67788715366531 -8.49379770756515
-9999 -9999 -9999 -9999 -9999 -9999 -9999 -9999 -9999 -9999 -9999 -9999 -9999 -9999 -9999 -9999 -9999 -9999 -9999 -9999 -9999 -9999 -9999 -9999 -9999 -49.9708183440334 -88.7334340433766 -132.851565761806 -123.394979962542 -80.2267790751044 -48.9147311647183 -33.5486908318362 -28.9834890771542 -28.0102751807725 -30.6157060294804 -33.2367997136492 -34.4884774039626 -36.4125708426594 -36.5328341366133 -33.4203178984909 -30.9911335135871 -30.4107845268386 -33.2194061395933 -33.7735718011459 -31.214100886627 -28.6074022923695 -26.8292325878635 -25.8977654093044 -23.7236541937308 -21.0191072459078 -18.6971835999546 -16.3590023935112 -14.2372446291698 -12.480694502853 -10.8152990198632 -9.64683922456865
-9999 -9999 -9999 -9999 -9999 -9999 -9999 -9999 -9999 -9999 -9999 -9999 -9999 -9999 -9999 -9999 -9999 -9999 -9999 -9999 -9999 -9999 -9999 -9999 -9999 -48.5067998804604 -87.5881553720093 -137.297301685795 -128.160263730077 -81.9656168966507 -50.4298894928658 -36.2358088128605 -31.7650675621234 -30.7145441072727 -32.5585666645318 -35.0826207893889 -36.7827824822236 -38.3393199967478 -38.4602901248491 -36.3055954554492 -33.6953316300709 -32.2652957627615 -33.8035479399662 -34.0667155146681 -31.923080600822 -28.9818643604506 -27.6355134534026 -26.7408835922083 -25.17673919721 -22.6306411756969 -20.312806402373 -17.6429867614542 -15.3978820647936 -13.5870556105384 -12.0419113335957 -10.6569822330062
-9999 -9999 -9999 -9999 -9999 -9999 -9999 -9999 -9999 -9999 -9999 -9999 -9999 -9999 -9999 -9999 -9999 -9999 -9999 -9999 -9999 -9999 -9999 -9999 -9999 -46.158687849016 -83.1417348568312 -133.745655142466 -132.908883485745 -86.6292391147898 -53.8531915746119 -39.5126767006352 -35.5753663248546 -33.4032815548282 -34.9267392275199 -37.3493132013806 -38.645787674904 -40.1837094183262 -40.3576368622047 -37.7767063391933 -35.4910315148795 -33.26400653901 -34.2423082430128 -34.5466086774654 -32.5680073221401 -30.0267472158673 -28.5747813235425 -27.8721220701959 -26.3628398210258 -24.0731268919145 -21.777264986043 -19.2361392287333 -16.7798185636646 -15.0300407075826 -13.1626444575868 -11.8863529907176
-9999 -9999 -9999 -9999 -9999 -9999 -9999 -9999 -9999 -9999 -9999 -9999 -9999 -9999 -9999 -9999 -9999 -9999 -9999 -9999 -9999 -9999 -9999 -9999 -9999 -45.0079684289713 -80.995186183131 -127.795459593614 -133.415666657963 -92.5022075093113 -60.026106298535 -44.5469345229236 -38.9537767686132 -35.9104852962341 -36.7844276527541 -38.5612645004506 -39.9163175952026 -41.5604560337664 -40.8458732016999 -38.1121663035001 -35.8613877424181 -33.7021587284014 -34.6687540687506 -34.801445618426 -33.5179728495977 -31.5857986614963 -30.0777541695488 -29.0694046965868 -27.4825315028659 -25.4634321496655 -22.9963856192719 -20.5409643189226 -18.5946204429262 -16.3801513369214 -14.3624398417468 -13.0527093053489
-9999 -9999 -9999 -9999 -9999 -9999 -9999 -9999 -9999 -9999 -9999 -9999 -9999 -9999 -9999 -9999 -9999 -9999 -9999 -9999 -9999 -9999 -9999 -9999 -44.7970442339358 -45.8432287971068 -79.2660934882767 -124.180494146167 -137.202305334061 -100.951307164276 -66.3501710334386 -49.0375643663319 -42.6035976957397 -37.7152205485727 -37.6947493459847 -39.2553357607822 -40.1393879077868 -41.0525212360076 -40.142517489953 -37.1825311952193 -34.9740061119249 -34.112602955725 -35.1725124309143 -35.3166671970694 -34.2529995793877 -32.7561993791627 -31.6048165028527 -30.3949952582725 -28.4929401719352 -26.7957139215854 -24.0608500316684 -21.8102755249674 -19.9412443316469 -17.7334588743682 -15.9975907267437 -15.0593776298624
