meets/meet004/_saidas_enm/CCSM_SVM_0k_Aralia_warmingiana2.asc
NCOLS 154 
NROWS 168 
XLLCORNER -112 
YLLCORNER -55.5 
CELLSIZE 0.5 
NODATA_value -9999 
[rows 72 to 95 of 168, columns 56 to 111 of 154]
-9999 -9999 -9999 -9999 -9999 -9999 -9999 -9999 -9999 0.429365495069564 0.293186372404764 0.0894807309625691 0.0140392282474172 0.0357074018722932 0.0429328558118093 0.0319898325567587 0.00307578030299244 -0.0135895455437688 -0.00986154322284716 0.0403171026980652 0.158771864330623 0.186440904400812 0.175368154726512 0.178353413085072 0.187533102987166 0.206402252699126 0.2039212871348 0.189834177326344 0.181873077740263 0.182235855935925 0.180198918260663 0.160455633706147 0.132796905047796 0.122580605403081 0.133008909958455 0.145032422821244 0.145918123137543 0.14131412705584 0.14505199186844 0.147449899600895 0.151772697277847 0.140933682226975 0.132025420986374 0.1256486641295 0.116270425100263 0.10324092347263 0.064084958515279 0.0223312499289403 -0.0131973424325967 -0.0403745712958642 -0.0547354179403478 -0.0559274367135343 -0.0537231754119866 -0.0424777710624499 -0.0289872051671289 -0.0183912505103954
-9999 -9999 -9999 -9999 -9999 -9999 -9999 -9999 -9999 -9999 0.350935307978379 0.113459484909542 0.0341427790705102 0.0320469711120519 0.0523297510000077 0.0682616305241315 0.0858386176183132 0.0667020374445625 0.0491635014469432 0.100323475977148 0.189223391398964 0.208969476173403 0.204823505232336 0.201446593565179 0.205566505467592 0.213955939741603 0.20593791492881 0.188654981270931 0.175689087075249 0.17255983181691 0.166200153181805 0.142483661419338 0.109719749448844 0.0905027615035351 0.0879638222751059 0.0846358076583779 0.0854621700889122 0.0816036877986087 0.0899166800036806 0.10582773343293 0.117542772869206 0.122159468389843 0.120996143847489 0.123976340241378 0.130140669850549 0.120263064299294 0.0792006201859578 0.0273269053060341 -0.0120257707792896 -0.0418664947386624 -0.0566963697505206 -0.0576191946004992 -0.0518810570509951 -0.0343257128189409 -0.0159206547515909 0.000239414442050001
-9999 -9999 -9999 -9999 -9999 -9999 -9999 -9999 -9999 -9999 -9999 0.180147695322169 0.044761785367946 0.0546659641747226 0.105917254090354 0.137030182000368 0.227238313153374 0.261827952100851 0.184759984342223 0.178299317305161 0.206579933273761 0.222407892795996 0.233277295257747 0.223552363865989 0.219957874114659 0.216548339041373 0.203356404062736 0.184948442074995 0.167551188972225 0.157249343204842 0.142008624090436 0.12045637151595 0.093584326627739 0.077108684760946 0.0660799538721388 0.0480242613166394 0.0479431018570881 0.0446968017492715 0.0526102182538469 0.067146299125135 0.0765666658665582 0.0964742428371495 0.103836116535495 0.114532127005455 0.127416058901645 0.118576801177788 0.0834592547435203 0.0380893334078214 -0.000198433970653333 -0.0302123002707152 -0.0481450148009139 -0.0506900695895895 -0.0496548184123401 -0.0329618304848766 -0.0023185442064958 0.0272798299563223
-9999 -9999 -9999 -9999 -9999 -9999 -9999 -9999 -9999 -9999 -9999 0.163371239111294 0.0542023401393307 0.0844167020106476 0.136611952978563 0.162011430941637 0.2491857837119 0.413933886219552 0.350084139568756 0.258962869251228 0.235816528951586 0.234250831930463 0.245854350282283 0.233690375051279 0.227866644981896 0.218321507603166 0.200473010813453 0.180415141053571 0.160532478650528 0.145698400774965 0.125973922374883 0.103049700927985 0.0766574272646297 0.0600733488238085 0.0542730264979447 0.0482263188825954 0.0460152677468363 0.0429048341268716 0.0492150682517716 0.0634014655573426 0.0758792236688529 0.0982979228745415 0.111755260757877 0.124137925051878 0.134987882851958 0.123962565910573 0.0971497814302396 0.0581111317273517 0.0234591722546276 -0.00774203269390095 -0.0283515694431299 -0.0353501271119963 -0.0376719496194777 -0.0265678103110486 -0.00308563594645722 0.0221821947384284
-9999 -9999 -9999 -9999 -9999 -9999 -9999 -9999 -9999 -9999 -9999 0.170480594215342 0.0941835315854023 0.142006253797372 0.123596451109192 0.137935351975785 0.224384694242317 0.395542966454884 0.436208613883688 0.354664035294944 0.226110848774139 0.25586938092135 0.266889751557778 0.241355077430931 0.238788468177172 0.220606429568173 0.204168114545294 0.181570521028785 0.157433677871986 0.140190091671704 0.118817854484869 0.0918298033690721 0.0656916094867845 0.0493695195271146 0.0476682592273537 0.0482515795634627 0.0410443967089886 0.0405306698834538 0.0491441070907855 0.0677361027860573 0.0950960204110334 0.100361200678295 0.116461981127598 0.138553199977488 0.144124483716728 0.146474883644006 0.122384474404743 0.0880675861483105 0.0591570331578226 0.0292182841960589 0.00422948014639252 -0.00179914017334731 -0.00862354728891856 -0.00607245214230578 -0.000951832733987523 -0.0174715677388256
-9999 -9999 -9999 -9999 -9999 -9999 -9999 -9999 -9999 -9999 -9999 -9999 0.192699996399132 0.101328133615239 0.133651271177346 0.177931150953471 0.206843180504166 0.194830045211835 0.251309783180831 0.321164503831727 0.334534442871959 0.313059708692303 0.276780537479224 0.236655732790994 0.247868465663522 0.245335009808945 0.21965217244109 0.186522970266413 0.157521115755231 0.136218427850791 0.113025711695909 0.0873057980009456 0.0633685149929736 0.0476561295174766 0.0435726669560981 0.0405125305124102 0.0321593381787646 0.0262412678113407 0.0299306981332633 0.0433440884502695 0.0576166497890955 0.0584646887923176 0.0656012583538211 0.0841440132408619 0.112270068542407 0.145644629769313 0.148069748052242 0.134366290215843 0.114368410772183 0.0817542112245691 0.0528008928205033 0.0424505614264215 0.0370308352714658 0.0285560399102662 0.0145319519640951 -0.0117606076702688
-9999 -9999 -9999 -9999 -9999 -9999 -9999 -9999 -9999 -9999 -9999 -9999 0.217194404386111 0.233281938054703 0.184482383012035 0.262657749006477 0.17333629341461 0.101224959617601 0.0883955363862935 0.142467318081118 0.351404637957108 0.367590559256499 0.28085407491757 0.229471826631497 0.294480004468454 0.302836828231152 0.238121251343386 0.193801231038078 0.158011028995486 0.135847742346741 0.110587996475178 0.0886937027975491 0.0683902391769218 0.0518165074937226 0.0436675337848802 0.0336849617544728 0.0232052776426034 0.0115096593334015 0.00778171099948188 0.0140178648969905 0.0130460270263282 0.00660861743223323 0.00386020534212994 0.0196204617393667 0.0491392173127403 0.0871242732317836 0.134991156387579 0.162306315821783 0.170460634149215 0.14195543843605 0.100276070913126 0.0962979536075279 0.0860401823837464 0.0740463019993591 0.041349988392712 0.000105950710321046
-9999 -9999 -9999 -9999 -9999 -9999 -9999 -9999 -9999 -9999 -9999 -9999 -9999 0.244243485715865 0.240590800188499 0.178775980759361 0.112557994549962 0.0649598903166839 0.0541401756888044 0.0462376464339807 0.0589617983868456 0.172316279739987 0.341856966146193 0.354703181751265 0.379115806233391 0.353601033524783 0.270300575166711 0.196829657968037 0.153934319937444 0.135996993205167 0.11639148190912 0.0953257053114588 0.0776445265798553 0.0605179398077421 0.048005214111375 0.0357351146930946 0.020228752258857 0.00642841805694117 -0.00234232897513981 -0.00276447263031077 -0.012193993511341 -0.0309944597303035 -0.0401082338622959 -0.0224153811726742 0.0124475268961962 0.056404043052649 0.122023434431972 0.186414536453611 0.220344088358181 0.202430923582195 0.169057253851923 0.15828182770658 0.128610457969191 0.086785646447274 0.0511547559155788 0.0133717607289491
-9999 -9999 -9999 -9999 -9999 -9999 -9999 -9999 -9999 -9999 -9999 -9999 -9999 0.137000607596249 0.306281318998541 0.143218648361125 0.0797130099400769 0.0580139311958122 0.0592322399020949 0.0550845959589096 0.0560073171690578 0.039648163427611 0.156443083424671 0.247244119212012 0.258888550959524 0.361074931438614 0.272366817333442 0.182645972224092 0.126729573961947 0.124221716463736 0.11857741778761 0.0888054742851 0.0838384809727447 0.0667816884270371 0.0536009708152823 0.040080875977739 0.0202667395933775 0.00351770348706315 -0.00886010061161113 -0.0107303579852864 -0.0159834573390311 -0.0375793000004158 -0.0574701912457122 -0.0424277460965268 -0.000900659706473295 0.0457194353851597 0.121701144541911 0.226182994106303 0.283740620031698 0.261327546320497 0.220099542582737 0.177791686503893 0.13558374517014 0.098339888907876 0.0671513508920077 0.0324718878612673
-9999 -9999 -9999 -9999 -9999 -9999 -9999 -9999 -9999 -9999 -9999 -9999 -9999 -9999 0.343554445943213 0.154646241838925 0.0656626663394921 0.0537598317299502 0.0546012173615334 0.0512692181375748 0.046050668011872 0.0406909359802544 0.0503257992746867 0.0601489661236965 0.0597987453260775 0.0719825119393634 0.105558527978353 0.123098773107492 0.0851608828597075 0.0725711829443493 0.0597093631822953 0.0832155517156493 0.0762988400027556 0.0654532268052913 0.0576820331223983 0.0405126734418768 0.0214002547320175 0.00234416486452194 -0.0143688659145498 -0.0216999676860912 -0.019723148764584 -0.0284876480417842 -0.0348636978493431 -0.0203310319381648 0.00770974642682076 0.0541275359405508 0.130262186095572 0.215558125360343 0.258336794668463 0.244217507556906 0.211737975802117 0.181020332200385 0.152647445969591 0.122276285274337 0.0923907709295785 0.0670808623834152
-9999 -9999 -9999 -9999 -9999 -9999 -9999 -9999 -9999 -9999 -9999 -9999 -9999 -9999 0.173612155714257 0.224450439602039 0.0774076612537263 0.0491773808862802 0.0507649713320977 0.0490851435906655 0.0506429958082144 0.0659856875468969 0.0943404204271699 0.0984348830074441 0.0845715220237845 0.0839842061430875 0.0650100718988573 0.0278139712420184 0.00214864221526884 -0.0241579298192262 -0.0456820697570184 0.0372708232234835 0.0717750467888696 0.0747918603475485 0.0748222272467548 0.0567944678439394 0.0441306244644265 0.0354082587780549 0.0140716140829255 -0.0120141610398206 -0.0209485425158438 -0.0249685308096633 -0.0126110816395786 0.00110477495379241 0.0151703934452389 0.0475004381478917 0.105956263031996 0.174071222713525 0.209952984575183 0.202232343290003 0.192533823093752 0.172074027442464 0.162478419451075 0.149253827522951 0.127782043413356 0.109853070460717
-9999 -9999 -9999 -9999 -9999 -9999 -9999 -9999 -9999 -9999 -9999 -9999 -9999 -9999 -9999 0.228500085781981 0.168671977541759 0.0664383253036603 0.0535332194172856 0.0490035278328387 0.0647464168851523 0.0745945037326964 0.0934049023381844 0.0993528740772581 0.100121413970512 0.101219022999201 0.0952555639213351 0.088417491184569 0.0727382166065034 0.0204500985638125 0.000783718012898504 0.0607408953600905 0.0743321503797627 0.0631016559946122 0.0848857851593883 0.100018038586426 0.0887833725765979 0.0800932674777983 0.0704296438493306 0.068315320883288 0.0418184358345529 -0.0183856574466007 -0.0191262529576879 0.0150307860085205 0.0290614767636678 0.0468032950450962 0.0851643303181004 0.125815205781315 0.148922636973176 0.149864579608556 0.146643726300137 0.145466768351448 0.155841863314694 0.156735241992568 0.149791893247236 0.166340282843615
-9999 -9999 -9999 -9999 -9999 -9999 -9999 -9999 -9999 -9999 -9999 -9999 -9999 -9999 -9999 0.0418626994464537 0.278942118977087 0.121848375267422 0.087784580290965 0.0502587438243611 0.0689359992513134 0.067838494248228 0.0882372061466715 0.0954416307412796 0.0997275732805711 0.106344074790824 0.104646282706704 0.106350391583611 0.1029142417812 0.0613499734215874 0.0582648565576995 0.0291603570560965 0.0499383060946401 0.0498280083041104 0.0746286466579157 0.144299547983496 0.110882424024168 0.110599946252582 0.13826764001313 0.212930017854572 0.253533434354625 0.0305970767342096 -0.0304710914814058 0.0341318363992204 0.0480893325969539 0.0479743829895213 0.0735921109018197 0.0897170464755757 0.106942430453913 0.116755686570426 0.116876865182378 0.121928383040531 0.134264963387792 0.133441650822753 0.131845345812112 0.162981701684947
-9999 -9999 -9999 -9999 -9999 -9999 -9999 -9999 -9999 -9999 -9999 -9999 -9999 -9999 -9999 0.065841724757446 0.199890278077488 0.0763160167276942 0.134777967306168 0.084102452661861 0.0602880256488893 0.0641919519504318 0.0776753838447162 0.0853376820415468 0.0846774789794011 0.0874253977687278 0.0912994866402306 0.0966890327760962 0.0889986596180393 0.0624464990275612 0.0503199330641151 0.0317417911629991 0.184239629782848 0.170347918999927 0.100216273980269 0.0816270820619664 0.0899268513876924 0.11381951283353 0.161265815587162 0.28398338302392 0.32764852668997 0.0595883441095464 -0.0239864489517542 0.0568250232744655 0.0872148872278216 0.0744288648860608 0.0620345805405845 0.0621063566290311 0.0712532481213854 0.089287804059427 0.115283071073362 0.0977822795712527 0.090253805400498 0.0782937076067268 0.0555722829276387 0.0557982991984701
-9999 -9999 -9999 -9999 -9999 -9999 -9999 -9999 -9999 -9999 -9999 -9999 -9999 -9999 -9999 -9999 0.0915361328160225 0.1438509864625 0.0458900159420607 0.169843157946237 0.120651907203873 0.085282521477421 0.0818916329083026 0.0844013899338173 0.083983755131342 0.0886456326721203 0.0787027610728522 0.0769620254644473 0.0678849281271791 0.0587752576177942 0.056775401146363 0.056552579607512 0.169144492662859 0.344629651062349 0.265513614219658 0.14811274324418 0.074504177141047 0.0596341489217887 0.0875133644095002 0.176062824613791 0.272098052205685 0.014107860381945 0.0199220710567532 0.0962166664611551 0.102794645195874 0.0749277417829411 0.0315702471763489 0.0215829017559446 0.0292579963714723 0.048756895053197 0.0778292973425461 0.0443870236511113 0.0348127759852786 0.0217594616607518 -0.00509163072771418 0.00907353971515784
-9999 -9999 -9999 -9999 -9999 -9999 -9999 -9999 -9999 -9999 -9999 -9999 -9999 -9999 -9999 -9999 -9999 0.106096273357475 0.134556749299581 0.0392135129583602 0.170897436705444 0.13769742784399 0.0844518642320235 0.0730694591081507 0.0752337961607287 0.0824143565253497 0.082281291614108 0.080711959331872 0.0707150016218604 0.059694468296746 0.0638226773621669 0.0570332431483924 0.0679762421657523 0.12272124308524 0.32099766761146 0.381682145844246 0.215647165667477 0.108965900422238 0.046451438554408 0.0430005461150247 0.0332000984553408 0.0379001152645542 0.0847822369545838 0.10427929907857 0.0723976019293441 0.0261137512190104 0.00148606641511384 -0.00632079717673117 0.00220486144418586 0.013256301981859 0.0136847523996689 -0.0210894203434785 -0.0560090190614563 -0.0648935349042886 -0.0568878625047496 -0.0326724596146505
-9999 -9999 -9999 -9999 -9999 -9999 -9999 -9999 -9999 -9999 -9999 -9999 -9999 -9999 -9999 -9999 -9999 -9999 -9999 0.119801042771463 0.0632451442242968 0.022597922800329 0.0342181998100201 0.0602737282826851 0.0669075404202844 0.0750352591863133 0.0801858402478085 0.0852740882251244 0.0800061604065622 0.0651007096481661 0.0611634269808696 0.0549083815607807 0.0553642113114435 0.0628274669933312 0.120160460867319 0.385698818525593 0.369437043859196 0.295065454974442 0.185545778807013 0.152353986321975 0.184976492818066 0.132290612891731 0.118756951773766 0.0949988381400246 0.0454125891020002 0.0137402770117825 1.14128705216987e-05 -0.00686166199109056 -0.00485372283006125 -0.00453304766133333 -0.00643045084003069 -0.0617949523750358 -0.113822845936819 -0.12357963515688 -0.10865788261213 -0.0780153248984081
-9999 -9999 -9999 -9999 -9999 -9999 -9999 -9999 -9999 -9999 -9999 -9999 -9999 -9999 -9999 -9999 -9999 -9999 -9999 -9999 -9999 0.118820872350706 0.117890333672558 0.0573161441412168 0.0500595281160087 0.0620604320925865 0.0726054457078949 0.0818492787541243 0.0833050740406889 0.0768645197409045 0.0648485767571019 0.0501822877239331 0.0596726487874091 0.0596068687124306 0.0539643667255758 0.0837365024465915 0.224574844013215 0.443959203619649 0.350011237824481 0.269168115319617 0.173742708952379 0.134841265709702 0.112757086641165 0.0719744190184184 0.0493996937157065 0.0274116336551221 0.0140836624977001 0.000941715625423667 -0.0202955539701888 -0.021870523618153 -0.0444346596434696 -0.0929489843892763 -0.137060332210582 -0.146993073717734 -0.138596606323397 -0.113561174632166
-9999 -9999 -9999 -9999 -9999 -9999 -9999 -9999 -9999 -9999 -9999 -9999 -9999 -9999 -9999 -9999 -9999 -9999 -9999 -9999 -9999 -9999 -9999 0.125502319604051 0.100099084895917 0.0475097975823285 0.063840728903497 0.0797131826376465 0.0835936331311615 0.0835997695342874 0.0776396278624043 0.0582094660262398 0.0542560945913029 0.059332642872358 0.0541094562796313 0.0527024674803153 0.0739248131563681 0.248555074851594 0.424621054954215 0.369026746835292 0.25420586727845 0.186569309233673 0.152998058903489 0.117143105449943 0.0852450552206891 0.0636138280772582 0.0466307467063337 0.0273960121101494 0.00335740050853073 -0.0146323500704558 -0.0501276694100419 -0.102439668597576 -0.141702559276418 -0.1509120141484 -0.14719137783098 -0.139702216801024
-9999 -9999 -9999 -9999 -9999 -9999 -9999 -9999 -9999 -9999 -9999 -9999 -9999 -9999 -9999 -9999 -9999 -9999 -9999 -9999 -9999 -9999 -9999 -9999 -9999 0.14582626556449 0.0215677850345772 0.0754138094736799 0.0881691877860874 0.0861212209808414 0.0811328944516017 0.0746163277318235 0.0632233394406574 0.0542274188646263 0.0547275379383935 0.069580006031789 0.0526914728165369 0.0712177358157271 0.181510773815554 0.465222874424495 0.408388716957231 0.271282047541845 0.248400436433964 0.203000929587569 0.162889947580715 0.139478009586553 0.107075276358322 0.097796580305871 0.059615743705194 0.0120969322638385 -0.0302874878135371 -0.10172081075831 -0.131492202364994 -0.139571694648959 -0.154174893430161 -0.169543574223639
-9999 -9999 -9999 -9999 -9999 -9999 -9999 -9999 -9999 -9999 -9999 -9999 -9999 -9999 -9999 -9999 -9999 -9999 -9999 -9999 -9999 -9999 -9999 -9999 -9999 0.104384543512209 0.10611982618693 0.0274834004619813 0.0968205654986827 0.101111489394084 0.0920327557020421 0.0852015762723624 0.0792254121713746 0.0686933078281279 0.0527368461312854 0.049722511575449 0.0447770292110022 0.0535067917904398 0.115169084341232 0.426865006336052 0.596600441974702 0.36934845443736 0.312113372789988 0.269712661837281 0.229969961032866 0.205748523343641 0.162807526256292 0.13877271402061 0.0855342937591692 0.0152992047401476 -0.0478192638059849 -0.106090038793705 -0.12042329345337 -0.129281155643595 -0.151538624034155 -0.175220583584139
-9999 -9999 -9999 -9999 -9999 -9999 -9999 -9999 -9999 -9999 -9999 -9999 -9999 -9999 -9999 -9999 -9999 -9999 -9999 -9999 -9999 -9999 -9999 -9999 -9999 -9999 -9999 0.0809712829409585 0.0574585891133708 0.130810720985544 0.112715581168371 0.0974565080902446 0.0882375868219696 0.0829598019205244 0.0733555128696311 0.0623706734367208 0.0455134334664136 0.0456752190677301 0.0945928837764901 0.402154157152092 0.813270251431451 0.49439487142698 0.324013178461478 0.271008569617803 0.247273657172735 0.233181669455953 0.187223944532288 0.140031392263969 0.0772497768205556 -0.00771918924737008 -0.0850530818110615 -0.109305400370726 -0.109879200010881 -0.117875435393972 -0.146149888017714 -0.169799588160023
-9999 -9999 -9999 -9999 -9999 -9999 -9999 -9999 -9999 -9999 -9999 -9999 -9999 -9999 -9999 -9999 -9999 -9999 -9999 -9999 -9999 -9999 -9999 -9999 -9999 -9999 -9999 0.101934236950302 0.0737103178095683 0.149132755917657 0.138194861139544 0.107322349865116 0.0892114817738138 0.083699016353461 0.083174836282695 0.080234298910095 0.0621556515127425 0.0507100435532197 0.0868362608683307 0.344347999338634 0.817679028186667 0.641490351912355 0.298797729628034 0.183093415016003 0.200715934946129 0.227331984707585 0.177377349597971 0.112825158361086 0.0525398119534239 -0.0223197647852117 -0.0779539050622717 -0.102143722885518 -0.109175269079265 -0.115280357002781 -0.13118472776617 -0.142464096853879
-9999 -9999 -9999 -9999 -9999 -9999 -9999 -9999 -9999 -9999 -9999 -9999 -9999 -9999 -9999 -9999 -9999 -9999 -9999 -9999 -9999 -9999 -9999 -9999 -9999 -9999 -9999 -9999 0.0927412203723747 0.152418086315975 0.192590187430784 0.117153280649199 0.0835369149841803 0.0787878615276247 0.083106934142311 0.0882048241306499 0.0736408976655942 0.0564054463810509 0.0771035285300005 0.300123189958374 0.803507938230766 0.790758478501666 0.374810487128275 0.14155139403811 0.132475369879056 0.229922314299444 0.140433061740393 0.0628863634154913 0.00858241295859408 -0.0327604572756759 -0.0617691986579715 -0.0850013594000734 -0.078773147102054 -0.0803041182260869 -0.101974859384032 -0.105907315868307
