meets/meet004/_saidas_enm/CCSM_Maha_6k_Cavanillesia_umbellata3.asc
NCOLS 154 
NROWS 168 
XLLCORNER -112 
YLLCORNER -55.5 
CELLSIZE 0.5 
NODATA_value -9999 
[rows 75 to 99 of 168, columns 56 to 111 of 154]
-9999 -9999 -9999 -9999 -9999 -9999 -9999 -9999 -9999 -9999 -9999 -38.4183978220585 -5.26177629593266 -10.0486237375155 -13.7388087841059 -12.2586998806117 -7.78709138319053 -7.40043826311922 -8.00507653394375 -6.98654609631802 -7.77911248025446 -10.2954179745902 -14.4930023506169 -16.6568817866592 -16.2146136823602 -16.0241302021654 -15.4395504107905 -14.954335375175 -14.5645602841099 -13.6089344869047 -13.3262141100639 -12.7715238043744 -12.6636325550012 -12.4154302075498 -11.6637797517906 -11.3656886230122 -10.2756849904527 -9.6607188990614 -8.66822087607667 -7.36236862971228 -6.57734268431499 -5.36201421111403 -4.60187729625784 -3.82670579960283 -3.28266389791308 -3.44413311003516 -3.74337952916403 -4.36556531150468 -5.14674279462825 -5.98098164207131 -6.9614662811256 -7.51453394951835 -8.04448002321906 -8.23750894508124 -8.55207923517847 -10.2169900926432
-9999 -9999 -9999 -9999 -9999 -9999 -9999 -9999 -9999 -9999 -9999 -43.5288215415507 -3.65923253154158 -8.13926059550251 -9.29411652608202 -7.7920669402904 -7.07252690495924 -4.77949223797506 -6.03067509354065 -5.6082730712552 -5.68906981918851 -7.81273495365125 -11.3323601029399 -13.8302146479738 -14.874646980337 -15.545336412387 -15.5610890220602 -14.9985658278891 -14.6276364558302 -14.1686727135315 -14.2661380547143 -13.7668331208304 -13.5769574797019 -13.3926944220387 -12.5427573845784 -12.3881098215107 -11.6011799819255 -10.8237414894402 -10.0396166729274 -8.84110173053291 -8.06705341754801 -6.93880461320736 -6.18101959417064 -5.40775518151078 -4.3484826314577 -4.01618392915483 -4.08568940645527 -4.49424491420242 -5.14798320122927 -5.87583661182631 -6.71236221835345 -7.26568250998259 -7.7401419133226 -8.2658625299275 -9.81624802837404 -11.5469206110242
-9999 -9999 -9999 -9999 -9999 -9999 -9999 -9999 -9999 -9999 -9999 -9999 -11.2853478443721 -2.61449425441106 -4.93200783578654 -6.1188367617222 -6.16765513989901 -5.33888499164622 -3.09204756659729 -2.58386361006669 -4.52685525794633 -6.01521905738175 -8.00916511784415 -10.551576271237 -12.3570079963145 -14.408181141688 -14.5430328581165 -13.9413418898645 -13.8676427774831 -13.8660817110314 -14.2111707533863 -13.8549214149581 -13.6695760320467 -13.555406267522 -12.9934695538513 -12.8644470749229 -12.3696645112235 -11.8665371191615 -11.1255671020342 -9.96750271795206 -9.08085339762518 -7.95047675032194 -7.30468557591495 -6.66696798271636 -5.80634847355128 -5.42597058664686 -5.18305495143253 -5.38094359821212 -5.79901441511114 -6.23403311692376 -6.91978318621143 -7.48631935218179 -8.33546735890039 -9.74581758073864 -11.2412518013206 -12.8205879947165
-9999 -9999 -9999 -9999 -9999 -9999 -9999 -9999 -9999 -9999 -9999 -9999 -40.2144372101346 -8.90304327403435 -2.65231641236564 -12.2716635877106 -9.99838897936555 -6.34954431538097 -5.33859097158073 -3.81556962035773 -3.58838485072699 -4.67386572286216 -5.41668600282755 -7.70326481669117 -10.2462232972183 -14.1564162559585 -13.0569853207547 -12.1602231031158 -12.0546410751701 -12.574798291131 -13.5865542386155 -13.2646545010969 -13.0845267507132 -13.1535155802756 -12.7954839673863 -13.0867392382225 -13.0574062521918 -13.0972173385026 -12.5783546415485 -11.0066764894531 -9.9373257804243 -8.93558697249746 -8.19489553409983 -7.72948732828601 -7.0075162159571 -7.12688646408774 -7.04270551334261 -7.00070517837824 -7.36115453162803 -7.58653369736011 -8.181826032987 -9.18299645851671 -10.4386042557234 -11.760840475438 -13.085872286207 -14.6165238909958
-9999 -9999 -9999 -9999 -9999 -9999 -9999 -9999 -9999 -9999 -9999 -9999 -9999 -34.0333478433742 -3.66918472675058 -10.8634591563623 -15.8524128471513 -14.9927566375508 -12.2230877426952 -7.32448184697002 -7.61082863506719 -2.75054025866481 -6.5998057727379 -6.74300032080982 -9.24852028873554 -10.9054876131422 -9.5066333290398 -9.05494157002179 -9.5428781546414 -9.98922023367555 -11.218685834669 -11.4186338452684 -11.7841481554919 -12.3172468556456 -12.6018577573253 -13.452869044872 -13.5887023692357 -13.747166629868 -13.4784853916985 -12.5158424792463 -11.4442161706929 -9.86350280324214 -8.83521938736321 -8.30754214631331 -8.01075386003525 -8.38203503806085 -8.70538828724305 -9.17371759528766 -9.81774441749777 -10.0503445305111 -10.6425665807787 -11.4205951012172 -12.6992444753044 -13.9124834574903 -14.9645255041643 -16.107696843931
-9999 -9999 -9999 -9999 -9999 -9999 -9999 -9999 -9999 -9999 -9999 -9999 -9999 -69.9649411967452 -9.45264133315789 -17.0849246326495 -20.7856453950592 -32.070540271482 -33.4585004066299 -22.9789567143287 -17.0487529629928 -10.6386848106875 -3.84786576101305 -8.41286684642826 -9.48496357847901 -9.01534934267982 -7.75362746436618 -6.50766942574714 -7.70366808012016 -7.47846757934789 -8.90306705416961 -9.07533009936267 -9.53724307465846 -10.4247467411646 -11.5798575195328 -13.4114653412734 -12.9761857920178 -13.4241820296381 -13.5966644423663 -13.7595248586152 -13.7376252224307 -11.6540443388372 -9.42029172145571 -9.30033873834416 -9.06218317531667 -9.33321611002789 -10.3767179417196 -11.4980325829832 -12.566560262037 -12.9867030091808 -13.5358344891869 -14.2015384991094 -15.0712264085766 -15.7683771233934 -16.3722016360731 -17.7004186370232
-9999 -9999 -9999 -9999 -9999 -9999 -9999 -9999 -9999 -9999 -9999 -9999 -9999 -9999 -26.221491957112 -9.33132870635706 -16.4019702611668 -33.2883795964451 -41.4210580469332 -36.589091120893 -25.2192691382163 -10.8266234137433 -11.7193232300875 -9.85762675226404 -9.56685869849839 -12.6257912963868 -9.03431587835163 -7.06754456811884 -7.14581064082616 -4.75212819428639 -5.71269201797091 -5.36600479616035 -6.83792579781427 -8.16826657326403 -9.13265261502523 -10.4299205083711 -10.5713126072163 -11.2844651561719 -11.952965908243 -12.4550155302826 -12.985209588237 -12.3327595177323 -11.6920026117698 -11.5374383761563 -10.5344732170446 -10.9134627638399 -11.8617808363201 -13.4452707954013 -14.8692389467484 -15.4567882222675 -16.301234628729 -16.6670843599192 -17.2075794120058 -17.2084076250662 -16.4064121835966 -16.608791393997
-9999 -9999 -9999 -9999 -9999 -9999 -9999 -9999 -9999 -9999 -9999 -9999 -9999 -9999 -42.0772162806662 -26.2994624485767 -14.707284945843 -27.5511684922075 -43.2211118841273 -43.6697636850638 -36.1742866685694 -22.8393538691332 -15.4319339724568 -15.570775435444 -17.7491434378347 -23.614159449963 -13.6601976933796 -9.74049757402705 -7.08007678509199 -2.29818165426063 -2.91275628155742 -4.18031815116526 -4.69178292575183 -5.32588778164517 -6.6802158508972 -7.76877997907997 -7.67876761495429 -8.06647041718088 -9.94281717645457 -10.8256052590993 -13.3209223507289 -13.8115775036886 -14.1682320268484 -13.2230210406692 -11.9879560790426 -12.3506930743399 -13.3200068226433 -14.893480030919 -16.2766435673998 -16.7173786749592 -18.4774569030725 -17.9476381491917 -18.3358218946418 -17.9472286876167 -16.1179703787332 -14.60674999097
-9999 -9999 -9999 -9999 -9999 -9999 -9999 -9999 -9999 -9999 -9999 -9999 -9999 -9999 -9999 -44.7702424368577 -15.5674158576464 -18.071386553048 -38.8835310110736 -48.1098809155742 -55.7708956988469 -48.4326414340893 -44.0369575424128 -36.6884244928467 -30.5185477189754 -27.8102567969879 -23.7842759190524 -22.8331270053541 -18.4133438975776 -8.96339668837712 -5.39959214332652 -3.57205143437273 -3.81605988581679 -5.88240068523346 -6.10573233262149 -6.15782500409656 -6.78166503963838 -7.65475937840924 -8.14526848226052 -8.12433943335687 -8.62913245973583 -11.2736458167922 -14.4578380355402 -16.2288135869471 -14.3244852452546 -13.4701758730314 -14.1686376420697 -15.1891459385417 -15.8719005218732 -15.7552964272701 -15.925038294736 -16.3095444047793 -16.9710914758568 -16.7293974581873 -15.7689944588963 -15.4433577041717
-9999 -9999 -9999 -9999 -9999 -9999 -9999 -9999 -9999 -9999 -9999 -9999 -9999 -9999 -9999 -77.5465981636417 -30.9226071881985 -10.6592367177085 -31.8773428126525 -46.2942499201787 -71.4202113822629 -75.5729103726421 -91.4258880860808 -84.7907966021378 -69.0352552069967 -66.4648028513007 -44.9629835533212 -39.8934324941071 -27.969666829934 -20.7074100013738 -11.2613936468274 -9.3377339559995 -5.84645391029276 -7.0270317017432 -7.26181655918095 -6.1287536106855 -7.02142120418847 -7.68773997342391 -7.30604512000216 -6.10744093449914 -5.73335466528345 -8.89879677594574 -14.0524782557604 -17.7248751547232 -15.5524728626574 -14.2442410452129 -14.9427646331252 -15.1158894081113 -15.2603957052395 -14.4538679569782 -13.5501621232727 -13.7481076737908 -14.4196318767876 -14.0929090770213 -13.8385132670184 -14.4499397040032
-9999 -9999 -9999 -9999 -9999 -9999 -9999 -9999 -9999 -9999 -9999 -9999 -9999 -9999 -9999 -71.5988378681899 -62.1333081606948 -13.4990742660844 -13.8797279148292 -31.7335080697379 -60.4562646280599 -80.901143306755 -105.826982337307 -115.538854532483 -104.123871122606 -94.2639565452873 -72.0126435935124 -59.0685310558574 -38.249472945956 -21.004547322186 -15.9843075156538 -10.4818743116645 -12.5609910204889 -13.1263828915858 -10.5188803878238 -8.3576285047784 -9.1206391170114 -8.42638972157654 -7.74965840957964 -6.00671633457594 -5.62669432722469 -8.16695049879516 -14.1882559416527 -18.3049626194534 -18.6840262919521 -15.3670736540557 -15.0086576604277 -14.8292788780993 -14.2191778412678 -13.0365709016057 -12.1751844792217 -11.2202027810474 -10.5463505573711 -10.1273050271243 -10.0724331773105 -9.72502625331499
-9999 -9999 -9999 -9999 -9999 -9999 -9999 -9999 -9999 -9999 -9999 -9999 -9999 -9999 -9999 -9999 -100.475452145115 -49.7647449693629 -13.4536250302413 -14.1896814709805 -50.1848915727275 -64.3076249604745 -97.7921029362751 -115.972761114269 -117.529566813925 -131.695610092677 -106.242747883516 -95.0059925697851 -66.0611466051866 -31.5088421696152 -18.8253963469101 -15.4410800481904 -19.0306705296303 -20.6332808276768 -14.787985062725 -10.6494658497309 -12.1972027248869 -10.565706660358 -9.2254174976626 -6.77061983842489 -5.92835354416617 -9.32986997355019 -15.5731498981762 -18.844593439053 -18.0139418571444 -15.0612706654703 -13.6468353506888 -13.0350386452107 -12.2145508029513 -10.9361265180566 -10.2924688794673 -9.28249698678276 -8.14648909019018 -7.78514243735334 -8.01009803204695 -7.77301992598562
-9999 -9999 -9999 -9999 -9999 -9999 -9999 -9999 -9999 -9999 -9999 -9999 -9999 -9999 -9999 -9999 -9999 -79.4738572508538 -69.3524441146866 -18.1822162111022 -10.8679048846902 -24.4931056545511 -45.0646531242507 -67.0232895134274 -81.4305947714414 -95.9662647147591 -101.115610186067 -101.016424809023 -83.4338776756382 -51.5946930229787 -30.008433920049 -25.5077773056362 -18.9123216528902 -19.1964013820983 -19.2089357574852 -15.9401209724353 -14.1757423793029 -12.7760735900576 -12.9871607373418 -10.9228656901602 -12.4244831840781 -13.3965824551021 -16.2862325661119 -17.1010745320788 -15.3175955770032 -12.3055891776889 -11.3086833707441 -10.084225610016 -9.37900802477439 -9.02597139826054 -8.53633781268416 -8.34642411525443 -8.13587256805232 -8.0051141614056 -8.08110502929275 -8.19165574510044
-9999 -9999 -9999 -9999 -9999 -9999 -9999 -9999 -9999 -9999 -9999 -9999 -9999 -9999 -9999 -9999 -9999 -9999 -9999 -90.6327866427801 -32.6970889246676 -21.0769452370748 -19.940910234804 -32.5887694577861 -48.8681016265551 -68.2194506258116 -86.7995692390686 -100.08054373683 -91.9929998982632 -72.8679283883074 -47.7424108356252 -30.5154244142421 -28.8174323082123 -21.2639356784584 -18.0317140388612 -20.0442694721029 -15.5392857197887 -15.7242553052014 -14.9574385880701 -13.7800452576979 -16.861710372284 -14.3725112745418 -14.3259554253702 -14.2534596548798 -11.3556467885301 -10.5417263108606 -10.1004825433486 -9.01019157263278 -8.67027386206996 -8.69312914672507 -8.69508186184638 -8.81894572259371 -9.13048255094654 -8.93570751311804 -8.7923169528183 -8.64297313423016
-9999 -9999 -9999 -9999 -9999 -9999 -9999 -9999 -9999 -9999 -9999 -9999 -9999 -9999 -9999 -9999 -9999 -9999 -9999 -9999 -9999 -97.0748099542492 -52.7974790784937 -34.0855750863378 -31.9120071446851 -49.6243577502861 -66.6858507614686 -89.2726973302428 -101.42206667954 -89.8002471459789 -77.0889352271362 -51.2100166225606 -30.9111328962322 -26.3090626451882 -19.1039523972296 -15.7105496672289 -17.4254267472124 -13.8867457844011 -17.019087385307 -12.5068192821817 -10.5159853848374 -10.8185662715625 -11.3812437229649 -9.64278423205562 -9.7218179604494 -9.59532432334341 -9.29979812517318 -9.44752491813353 -9.17902056364624 -8.67628259895412 -8.89286865234868 -9.3369872199027 -9.6725331219102 -9.67406942523911 -9.08794774831399 -8.61578225909514
-9999 -9999 -9999 -9999 -9999 -9999 -9999 -9999 -9999 -9999 -9999 -9999 -9999 -9999 -9999 -9999 -9999 -9999 -9999 -9999 -9999 -9999 -9999 -79.4873499582651 -40.9945867939857 -29.4056143228496 -38.3384005997705 -63.806863105211 -86.9986029837629 -93.6951603126945 -89.4995550230745 -71.566730813021 -48.315207313572 -30.4282104640838 -21.3165063882087 -21.3292934074349 -12.3414124298569 -11.3676819551625 -12.1534087835455 -8.74135885281538 -6.64233017685067 -7.07418682837442 -7.07880668447276 -7.5708662269322 -8.20467137181783 -8.69022360506625 -8.86400600202463 -9.01414336171252 -8.92859418623703 -8.67769869768579 -8.92920632117833 -9.4891307589421 -10.0128455520092 -10.0008210512749 -9.49194300262876 -8.74705021384166
-9999 -9999 -9999 -9999 -9999 -9999 -9999 -9999 -9999 -9999 -9999 -9999 -9999 -9999 -9999 -9999 -9999 -9999 -9999 -9999 -9999 -9999 -9999 -9999 -9999 -45.2957440510328 -20.9155842785967 -32.2232093292363 -60.366522344752 -77.8445584010916 -85.6711040834006 -86.1642366437648 -80.0686239465682 -61.9730392326596 -35.6957328344039 -20.571645659408 -15.4206122798966 -14.2925816320025 -8.37146154603635 -10.0870254978965 -8.31270190738693 -7.07739237750425 -5.65541752025104 -5.85593956631823 -6.89781440131056 -7.62650610988728 -8.03868085805064 -7.65532872223315 -7.99591715229496 -8.36456684936941 -8.72832346844244 -9.58303632961907 -10.1748544321224 -10.1877589660006 -9.64559952659411 -9.01877592556382
-9999 -9999 -9999 -9999 -9999 -9999 -9999 -9999 -9999 -9999 -9999 -9999 -9999 -9999 -9999 -9999 -9999 -9999 -9999 -9999 -9999 -9999 -9999 -9999 -9999 -96.6720193023727 -44.0546911021904 -18.2474355986574 -30.246961644789 -55.1496585639774 -79.6236732214274 -94.9300329370212 -97.792556524938 -85.2707162269047 -62.4598574185633 -40.7711233725122 -21.9827695644535 -16.0847354414403 -13.8229808787919 -8.91947063084774 -11.7440195467556 -8.710653624038 -5.51454862387631 -5.42641817527715 -6.21074654417416 -6.87217422507969 -7.53484636665558 -7.19391073982721 -7.67736001145396 -8.54064710620172 -9.20086682164107 -9.97048588402642 -10.0936432760317 -9.99312331958346 -9.47959870074615 -9.00047106229994
-9999 -9999 -9999 -9999 -9999 -9999 -9999 -9999 -9999 -9999 -9999 -9999 -9999 -9999 -9999 -9999 -9999 -9999 -9999 -9999 -9999 -9999 -9999 -9999 -9999 -9999 -9999 -35.8255079482201 -16.9363548790923 -38.1447840366264 -84.564698977917 -100.593613245052 -106.688812219113 -100.42999151164 -81.6830295224891 -63.2488836338872 -38.3449177783672 -23.7950249437364 -16.0705218854151 -13.632706451744 -15.2130302379588 -11.9138475639018 -5.50727554014272 -5.1895235197897 -5.94582405477435 -6.58095405044196 -6.98481244734794 -7.39945905354135 -8.21387102482541 -9.23362745943495 -10.7829376492992 -10.4625780766777 -9.83269607874554 -9.49287346261194 -8.94129959324077 -8.68404311318505
-9999 -9999 -9999 -9999 -9999 -9999 -9999 -9999 -9999 -9999 -9999 -9999 -9999 -9999 -9999 -9999 -9999 -9999 -9999 -9999 -9999 -9999 -9999 -9999 -9999 -9999 -9999 -50.2550589878497 -18.5993960109651 -27.3794567976606 -63.860592833054 -91.8354297148415 -104.919511891454 -106.801340078415 -93.2137102346938 -73.5250195258573 -48.9024862514769 -30.5813081201371 -17.6296642794182 -17.36559942214 -14.6466483524807 -11.1020655578362 -6.34342109345404 -5.34852991159575 -5.80336573495705 -6.46423962261152 -7.13162568961184 -7.6668040424978 -8.56836531850097 -9.82473808845782 -10.5548117087711 -9.88479363074052 -9.22542464087444 -8.89786034286956 -8.49118309075117 -8.13257217775593
-9999 -9999 -9999 -9999 -9999 -9999 -9999 -9999 -9999 -9999 -9999 -9999 -9999 -9999 -9999 -9999 -9999 -9999 -9999 -9999 -9999 -9999 -9999 -9999 -9999 -9999 -9999 -9999 -21.6438334354727 -20.6227780378708 -45.7227638253878 -76.2369189371927 -97.3263604289718 -107.567530506453 -95.6733475659255 -75.0373311185705 -52.4752881848632 -34.9668560717481 -18.8715821148757 -17.3872121748852 -14.871342167931 -10.3310865494465 -6.74971950494862 -6.23037375153683 -6.13485766026322 -6.02767435933723 -7.09038311149357 -7.91829473523131 -8.77868063987003 -9.46246385671892 -9.65830126710323 -9.15252486801784 -8.68673081381922 -8.38474029264081 -8.02335741960515 -7.69027715642362
-9999 -9999 -9999 -9999 -9999 -9999 -9999 -9999 -9999 -9999 -9999 -9999 -9999 -9999 -9999 -9999 -9999 -9999 -9999 -9999 -9999 -9999 -9999 -9999 -9999 -9999 -9999 -9999 -23.9191202528389 -19.2909586950049 -36.9243003370946 -66.0122332673046 -91.1910023299621 -104.128863267859 -93.6172083247867 -70.8522261524622 -51.3305374302543 -33.9679993023108 -20.6313135758872 -16.5386139455722 -14.3267181342422 -10.1057486882074 -6.42233854267319 -7.12374936551965 -7.85670513923183 -7.59303706048752 -7.25289974587982 -7.38517203236911 -7.74896751594451 -8.45893548100348 -8.84892961278647 -8.47895305203788 -8.08158445105847 -7.96534036505441 -7.539236840979 -7.33471886828633
-9999 -9999 -9999 -9999 -9999 -9999 -9999 -9999 -9999 -9999 -9999 -9999 -9999 -9999 -9999 -9999 -9999 -9999 -9999 -9999 -9999 -9999 -9999 -9999 -9999 -9999 -9999 -9999 -24.0174326156952 -17.1861030450179 -35.4412496260789 -62.4643192138438 -93.7444768139459 -108.604463376026 -94.5531158389176 -69.8663880395512 -49.0408374754325 -35.0051548742341 -22.1062944007636 -15.9426993018663 -16.4827729504715 -9.55063061196412 -6.26224120636709 -8.26145190401028 -9.55407943803876 -11.433886682876 -8.38250254205297 -7.11344218438365 -7.03023121251712 -7.63079450408884 -8.79387701400275 -7.89985467744193 -7.59363202787984 -7.38418111543044 -6.87803801205508 -7.1037639814929
-9999 -9999 -9999 -9999 -9999 -9999 -9999 -9999 -9999 -9999 -9999 -9999 -9999 -9999 -9999 -9999 -9999 -9999 -9999 -9999 -9999 -9999 -9999 -9999 -9999 -9999 -9999 -9999 -25.8571617233215 -16.0694973728783 -30.8583590118019 -62.5608779809567 -95.2484242132571 -110.939179347237 -97.6714805007275 -71.6282537073754 -49.8095340200968 -34.0141338197684 -21.2787193063912 -16.1608979289722 -15.031009254357 -9.41570625041821 -6.47947348719755 -8.90264097875676 -11.3056579671711 -12.1958977619375 -10.2812401512067 -8.00287738347953 -7.05487925061346 -6.86113000526737 -7.01413732227515 -6.83711317869852 -6.49430735709773 -6.43225980634428 -6.4090936960615 -7.0809813880537
-9999 -9999 -9999 -9999 -9999 -9999 -9999 -9999 -9999 -9999 -9999 -9999 -9999 -9999 -9999 -9999 -9999 -9999 -9999 -9999 -9999 -9999 -9999 -9999 -9999 -9999 -9999 -9999 -27.9429393906352 -15.3287346145545 -31.1729444742194 -65.1864211177906 -99.8687143763218 -114.715643448472 -98.7830807598662 -75.7370188857803 -49.5572513135555 -32.2059139848326 -19.8982192412117 -16.1280026830314 -15.9015253544451 -9.29802369705817 -6.63197731179005 -8.60576359636493 -11.8637548226316 -14.0631205691437 -11.5979366280085 -8.84904129250328 -7.33811397383714 -6.23552377514246 -5.91908080751561 -6.04710762691787 -5.85053924042687 -6.09226227226438 -6.58719389660516 -7.39017954335647
