meets/meet004/_saidas_enm/CCSM_SVM_21k_Cavanillesia_umbellata3.asc
NCOLS 154 
NROWS 168 
XLLCORNER -112 
YLLCORNER -55.5 
CELLSIZE 0.5 
NODATA_value -9999 
[rows 72 to 95 of 168, columns 56 to 111 of 154]
-9999 -9999 -9999 -9999 -9999 -9999 -9999 -9999 -9999 -0.157618579676338 -0.0929601341815244 -0.0354041550672438 -0.010046200998082 -0.0138691485768686 -0.0273332008045279 -0.0155744902674291 0.0613115807734096 0.20703001341552 0.272688865932619 0.304498094066167 0.286638813133223 0.298356179789208 0.313739043212112 0.308310182294336 0.29838964908359 0.287396185194253 0.281330595675128 0.274576612412681 0.269078071688066 0.263981120462759 0.259491753449009 0.253797068153283 0.245413771366903 0.245102274444488 0.247100022476459 0.25094338900913 0.249284867543527 0.245925916368449 0.241741918700045 0.236652090973722 0.229709595063891 0.224525796181328 0.217501420015666 0.209440396374815 0.205076664870117 0.195134739908826 0.184177954657192 0.163989082317009 0.140172796287153 0.112343135402924 0.0817724475259305 0.0553025962784417 0.0292800975260841 0.0113695392632825 -0.00347885626133965 -0.0157658311249553
-9999 -9999 -9999 -9999 -9999 -9999 -9999 -9999 -9999 -9999 -0.118607518504017 -0.0443012271709594 0.00168141371187036 0.00180803877553537 -0.0123169237427802 -7.48597555000341e-07 0.07783399075789 0.251754902599908 0.31990116622719 0.320210738111831 0.295090350081552 0.297596896996903 0.311913856153402 0.301273424368791 0.288246444372478 0.277932765167495 0.272121192634808 0.262327889574666 0.257405164417322 0.251932538552824 0.247089721732496 0.240155501332635 0.228025756268721 0.222004187706793 0.220294435282916 0.220158953160103 0.220506422352802 0.219659096454773 0.220003684746705 0.216185796446275 0.212219516885453 0.206092761845098 0.203579600297428 0.199017486154256 0.189246328677789 0.181604021652938 0.170099509434554 0.149762479646196 0.122289306678982 0.0866646352413381 0.0554313170131285 0.0302922291853559 0.00539291140010639 -0.0119795539891374 -0.0246873412910818 -0.0369444702293643
-9999 -9999 -9999 -9999 -9999 -9999 -9999 -9999 -9999 -9999 -9999 -0.0261103840687409 0.00420112049006249 0.0135183038873674 0.0165366964693098 0.0271103965355929 0.0756431187199371 0.272087860686368 0.354651020186629 0.304356823505752 0.312074586872941 0.302458051229481 0.301136618809013 0.290899291937595 0.280904091133791 0.268621305017568 0.263611161726028 0.254225607679464 0.248976703593896 0.242155520236883 0.237075187028182 0.22916030738043 0.213861161456035 0.205975509279332 0.196570743431243 0.189771562269124 0.190017286179535 0.187250061907515 0.190155124214376 0.190479627042773 0.189049136393622 0.18636640554342 0.179977485592003 0.1766137433254 0.175755596311284 0.170880356416947 0.155499378921314 0.132387797022281 0.102875688882527 0.0672965138663553 0.0375553702691774 0.016032232265959 -0.00150049410676595 -0.0188438993855218 -0.0383241860495723 -0.0536927835080417
-9999 -9999 -9999 -9999 -9999 -9999 -9999 -9999 -9999 -9999 -9999 -0.0212461065997693 -0.00231164397039019 0.0160543360775088 0.0267040203991345 0.0466753396494898 0.0797642908369067 0.230127345431443 0.340490542041069 0.315125677438725 0.297084418996864 0.304809526356732 0.302181206555129 0.289586557150629 0.269609896152907 0.261060419671992 0.256981394273527 0.248910005336987 0.244589896011682 0.23824777684111 0.229175502724633 0.221286278208283 0.208201486259458 0.198778050871902 0.186517175319506 0.173437333878549 0.17171968440912 0.167178281923357 0.17034454906634 0.172473275814532 0.168800632875097 0.169242824396057 0.163842377777513 0.160696996777069 0.157352573157891 0.149528795282248 0.133157908282444 0.109928364195257 0.0832851371404336 0.053469757398768 0.0264299393447893 0.00908876467600167 -0.00550067757120898 -0.019053145299808 -0.0287638354118341 -0.0398900810864487
-9999 -9999 -9999 -9999 -9999 -9999 -9999 -9999 -9999 -9999 -9999 -0.0235603296546167 -0.0184680774677925 0.0100832622954992 0.0321218800365581 0.0487572440973769 0.0974555587712077 0.19965958861391 0.240102068864076 0.221002348957272 0.286126055751114 0.284367930846821 0.288860981404549 0.286824826254355 0.259065911343431 0.253318118689644 0.249876483467083 0.243738837606074 0.237957160447209 0.231366406626102 0.223595285983794 0.216425427804615 0.207457807363421 0.19959925326364 0.18221274017148 0.173086255400508 0.163525252096442 0.160826350750561 0.162833787968744 0.157800360188799 0.16483553051443 0.17474234797097 0.177453992593596 0.168992459013344 0.145735222044641 0.12293845190021 0.104164870215561 0.0853027053995472 0.061915524145663 0.0374276468221153 0.0197139507602157 -0.000332925044685406 -0.00853450974412651 -0.0130896124405933 -0.0123738589815208 -0.00442546720111681
-9999 -9999 -9999 -9999 -9999 -9999 -9999 -9999 -9999 -9999 -9999 -9999 -0.0329010854303524 -0.0103323023434415 0.0113739913370697 0.035012553115599 0.10811341522647 0.210179352054289 0.257174504433932 0.1842922461809 0.198758356860039 0.252181045637871 0.279400604824436 0.283783772579175 0.258274766596142 0.240785939278568 0.232949356062624 0.234317828397974 0.232652952458271 0.227446253583383 0.218795389944101 0.215012704710154 0.206669882085997 0.199793442628965 0.186373672647893 0.172884913881176 0.159406713813507 0.151488374866425 0.152166698227024 0.152032672375152 0.162191384315199 0.18944382121235 0.209448077466858 0.200706676807177 0.159035834426845 0.112573826844785 0.0822234078525899 0.0574461837507358 0.0371279763657193 0.0257455296833992 0.0149981602574905 -0.000739693169203137 -0.0119972830418778 -0.0172473218194731 -0.014765349683226 -0.00836186681527307
-9999 -9999 -9999 -9999 -9999 -9999 -9999 -9999 -9999 -9999 -9999 -9999 -0.0182487433964546 -0.0212011708551027 0.00346278569696096 0.0195086605726921 0.0738691595338474 0.148328533972439 0.215142306201493 0.21541809264188 0.186075207496406 0.171557923854392 0.260356227907782 0.30193446446913 0.237014688799979 0.227663578684919 0.222806514181818 0.22349031357708 0.22260321532614 0.221195501514554 0.211411716240554 0.209228642849162 0.200080584675346 0.191824691415896 0.180275273374879 0.172566422567871 0.151548854947696 0.13504996974653 0.131440290495663 0.128586479525873 0.144774910155893 0.182091835256948 0.2313010066758 0.229713298557204 0.168919175304799 0.108832128730954 0.0658821845080218 0.0309961628825837 0.00955986031304373 0.00458357041604118 0.00759587125498951 -0.013523785700976 -0.031188320495164 -0.0374446485584783 -0.0392923905261347 -0.0414554669395836
-9999 -9999 -9999 -9999 -9999 -9999 -9999 -9999 -9999 -9999 -9999 -9999 -9999 -0.027461571667833 0.00650743815687371 0.020924964295722 0.0405847820516549 0.0433844694147678 0.0652884147683799 0.132316614191726 0.197102902488118 0.235584264005088 0.286766252855803 0.356122998778731 0.319699075442191 0.242617606942723 0.220614729122078 0.221100417941662 0.215217474199908 0.205677576575022 0.200834694069747 0.196214798149626 0.189859364497733 0.185462242647379 0.179867509597662 0.164168017120848 0.15447315884259 0.135114784050498 0.124501060625306 0.113004049797377 0.114866431571824 0.149297994372775 0.194434790014172 0.206024053990588 0.175701110787392 0.119563801947262 0.0606636754809783 0.0093093558798969 -0.017733783390547 -0.0211063838940656 -0.0216981426076722 -0.0357683998106712 -0.0542004480159466 -0.0653191712823299 -0.0712054288663302 -0.0784904312465268
-9999 -9999 -9999 -9999 -9999 -9999 -9999 -9999 -9999 -9999 -9999 -9999 -9999 0.0159778380596927 0.00921720761863898 0.0174188412052274 0.0266019091573811 0.0114156278440527 0.00479108805683659 0.0235417666556448 0.0526014276565061 0.28758011520046 0.470215467639698 0.499659001560153 0.513679236652547 0.352030279726599 0.30523836399384 0.272321718375299 0.255524216600621 0.209032199570595 0.202563906154328 0.200105858646115 0.183853305200163 0.180571186642036 0.178008310907293 0.1613073919928 0.166929691704851 0.148615254754236 0.1322485061889 0.103618544877161 0.0780815829869483 0.0997284471853425 0.141731260979901 0.156925963930463 0.151554108243354 0.134877948689044 0.0502618618557214 -0.0153471443144842 -0.0455394079758786 -0.0513346868597572 -0.0514458191232253 -0.0659245195607889 -0.0805138160947499 -0.0908174882894715 -0.0950040659331625 -0.0984758270975173
-9999 -9999 -9999 -9999 -9999 -9999 -9999 -9999 -9999 -9999 -9999 -9999 -9999 -9999 0.0120636494863744 0.0229549628392764 0.0351548017642474 0.016879230539572 0.00598353979518307 -0.00048475457418673 0.00166642512802156 0.111057609753824 0.360929356768416 0.546862522071609 0.620143670871287 0.62745853278904 0.592581642718733 0.505520739717224 0.421765692309032 0.308484438385864 0.247244971710661 0.193433861186592 0.187474199810538 0.184327515502744 0.184778191213218 0.189370460560492 0.20320555596186 0.204466448656791 0.188564976217675 0.14555513964151 0.0956395743774273 0.0906938323580873 0.0904072707975731 0.095388492416125 0.110023682592144 0.0861964288779799 0.0336193534389021 -0.0265811861015955 -0.0560868840615957 -0.0653663663501646 -0.0743591694413792 -0.0855204028859647 -0.0964009649513538 -0.0982121250783312 -0.0970141435811577 -0.102727402392853
-9999 -9999 -9999 -9999 -9999 -9999 -9999 -9999 -9999 -9999 -9999 -9999 -9999 -9999 0.00962870501217017 -0.00911403028430013 0.0246218317693365 0.0261265502534394 0.011802804274763 0.00191628019605977 -0.0195221147665401 -0.0599032834102465 -0.0640911264705604 -0.0161720910431529 0.121583362086912 0.345942083556342 0.574997356805185 0.657379196148853 0.639424032020022 0.44100820739831 0.311805787843869 0.257091904240013 0.2024262139876 0.18229332088004 0.193478050330748 0.218227284138008 0.249555717704297 0.276895702022541 0.267572757002581 0.213348025670129 0.125222285544301 0.111645186552538 0.0710767163224616 0.0538705174600032 0.0653742456512094 0.0578114988951732 0.0205999025051012 -0.0296478010126764 -0.0540084863463945 -0.0634601840807583 -0.0828823448607559 -0.0853661801103147 -0.0955751066041271 -0.098337642209741 -0.0966548388138882 -0.0973178362663298
-9999 -9999 -9999 -9999 -9999 -9999 -9999 -9999 -9999 -9999 -9999 -9999 -9999 -9999 -9999 -0.0188137450995721 -0.0199720912211289 0.0290368151350414 0.0194582412793916 0.00745782776578535 -0.00675912896405068 -0.0312846507279942 -0.0342425855228383 -0.0391326827188114 -0.0622102641113119 -0.0648008393541493 -0.0326763612199117 0.117550605007056 0.425442694219377 0.602370778325697 0.372852533585422 0.274538304604668 0.206130010248965 0.187434555973992 0.192352499349911 0.235496598107234 0.263963593889064 0.282804445169364 0.297086874523773 0.303565200853698 0.285053479882453 0.187879569887778 0.0797684400325927 0.0331396322856215 0.0331347485042741 0.0367483350088484 0.0158794907167951 -0.01106760092998 -0.024364475522684 -0.0312065137099076 -0.0403382365117811 -0.0540970735217683 -0.0736249190335279 -0.0818026331645936 -0.0857710882335271 -0.100177688762076
-9999 -9999 -9999 -9999 -9999 -9999 -9999 -9999 -9999 -9999 -9999 -9999 -9999 -9999 -9999 0.0185350505049424 -0.0308754114269623 0.00636658732173395 0.0181560099443592 0.0116235930570813 0.00529160469795265 -0.00972048532108616 0.0119537963037638 0.0143062209053929 -0.00120738766392559 0.0210280926389063 -0.0241552759126744 -0.0173814716541679 -0.0603451852793352 0.288421411357674 0.530330963550914 0.36855021134862 0.26114412598261 0.221243202199722 0.194811135488762 0.238466133629636 0.247961522703277 0.260071679740984 0.296654746746023 0.354908399557263 0.418000764991752 0.272219801728153 0.0920670517346764 0.0148664005205539 0.011561908959198 0.026696507090343 0.0188853265762113 0.0169759933889213 0.0169703715927461 0.0173032499894595 0.0202143274339758 0.00248698335691783 -0.0273626316757034 -0.0390170679840214 -0.0497782073270683 -0.0755971314648431
-9999 -9999 -9999 -9999 -9999 -9999 -9999 -9999 -9999 -9999 -9999 -9999 -9999 -9999 -9999 0.374356628957437 -0.0150526798357409 -0.0264136728209338 0.00918776320435805 0.0200817780766235 0.00442598014745349 -0.00133551604759896 0.00583127041170117 0.00956719662423394 0.000808782213057413 -0.00527939533855726 -0.020384681819979 -0.0282124947529046 -0.0815494746705888 -0.0361186993445411 0.301516937322807 0.405631397862896 0.318233220076169 0.301765337951807 0.229556689735305 0.204061528131732 0.212155577095162 0.23506370518284 0.26810405157955 0.331325398329524 0.382457104717148 0.265716594900821 0.0879390365862441 0.0123192545242415 -0.00520075063131714 0.00686706164738893 0.0243624532129039 0.0449114624963622 0.0648686768733257 0.0729641356589133 0.0691131671763134 0.0713771815415497 0.0634890121123744 0.0578396881308278 0.0462404877049974 0.0398123771292973
-9999 -9999 -9999 -9999 -9999 -9999 -9999 -9999 -9999 -9999 -9999 -9999 -9999 -9999 -9999 -9999 0.123983002255752 -0.0117369553438365 -0.0216715477523509 0.00627734235935468 0.0131743524413103 0.0088738497784781 0.00968846458869554 0.0115907143832863 0.00893073689489721 0.0125122990623026 0.000807112846425984 -0.00126948097978874 -0.0273796569512063 -0.0576841005297299 0.0335951708534998 0.321425024881382 0.421997483634655 0.423009785126318 0.305288459069304 0.212442307319663 0.195516110331977 0.207747569604767 0.234727942348779 0.293524256170573 0.361678241798161 0.215213918355787 0.0562692899456024 0.00603607128666517 -0.00229894681566734 0.0088263891841725 0.048053576018334 0.0892191340611722 0.130805046839026 0.151956075262388 0.148289688762253 0.166932448682607 0.1689807675839 0.165072389343809 0.158427523224105 0.164165770827113
-9999 -9999 -9999 -9999 -9999 -9999 -9999 -9999 -9999 -9999 -9999 -9999 -9999 -9999 -9999 -9999 -9999 0.169299032894869 -0.00560284349904905 -0.0136582873678956 -0.0029252289601856 0.0202854135504673 0.0172109669099237 0.00822365994422769 0.00881487868414504 0.0149460378036021 0.0162198031700143 0.0165834460096595 0.0066645107173976 -0.0275867822566543 -0.0368060897057057 0.0950078630254731 0.403422731101652 0.561702536290551 0.426202910796788 0.271963642432881 0.197853139290987 0.162307537416367 0.15363439913002 0.15969401349399 0.127338035185849 0.100402078687078 0.0450993444898432 0.0211793755870945 0.0279448647132156 0.0495126567245966 0.085447147400666 0.137778111896669 0.192946314864429 0.237804191436097 0.27928711160508 0.246931249247481 0.210590777668012 0.201802249694062 0.207153718780296 0.230345929972075
-9999 -9999 -9999 -9999 -9999 -9999 -9999 -9999 -9999 -9999 -9999 -9999 -9999 -9999 -9999 -9999 -9999 -9999 -9999 -0.00193820591596255 0.00820681340635665 -0.00856034652666526 0.022299499891935 0.0275865176261945 0.0188561101233779 0.0153226141101898 0.0186998741762194 0.023535792083504 0.0191865171901656 -0.00262428566354272 -0.0348966924532498 -0.034500528081317 0.0786118262160129 0.398217820728503 0.58242113178558 0.446201335202983 0.338904405170704 0.204713161054904 0.142427620318939 0.107335618549466 0.0604955756714258 0.0691171361563466 0.0570285842839813 0.0511659087762052 0.0699404212919524 0.0818318675959556 0.106388930128886 0.15016631355343 0.204135018793172 0.263692308970108 0.32296333238442 0.283754464553103 0.220815431153495 0.201772895051638 0.201328578132257 0.221834572184513
-9999 -9999 -9999 -9999 -9999 -9999 -9999 -9999 -9999 -9999 -9999 -9999 -9999 -9999 -9999 -9999 -9999 -9999 -9999 -9999 -9999 -0.0157569755338107 -0.00306920601860416 0.0104416828533894 0.0300268343036786 0.0189216015441578 0.0176772995546762 0.0213910071654096 0.0218105174483074 0.0148993632929312 -0.000949935228406917 -0.0419664382381441 -0.0660399986864409 0.043831688455586 0.385440944891049 0.607947889682424 0.488065635309321 0.279481529168637 0.21769429120992 0.135594145893646 0.123286338272625 0.116362365410012 0.108072104620328 0.112174791816146 0.106590518826558 0.10910905069762 0.122114427353739 0.127778516583534 0.16268382380764 0.246048125100311 0.292912257367836 0.269279010175389 0.217277585184294 0.18702329389209 0.153979929451196 0.116641755343727
-9999 -9999 -9999 -9999 -9999 -9999 -9999 -9999 -9999 -9999 -9999 -9999 -9999 -9999 -9999 -9999 -9999 -9999 -9999 -9999 -9999 -9999 -9999 -0.0145748082173655 -0.0035052370872557 0.0277927722356007 0.02593729684878 0.0217940217775852 0.0220387454533081 0.0208548709730886 0.0137284266984554 -0.0119429889641882 -0.0622954598990523 -0.0760533396853678 0.0126919863269221 0.281836474739414 0.503175346395489 0.361268752551003 0.254863508724619 0.175599528011293 0.165409102072208 0.180368376458933 0.195932138199799 0.189310567075972 0.170285072539823 0.16002899084995 0.157088555641474 0.152136592991981 0.17525544429874 0.239049346073191 0.274551529887116 0.248162487618523 0.197147575152734 0.163950949667091 0.130928803188605 0.0937244879702642
-9999 -9999 -9999 -9999 -9999 -9999 -9999 -9999 -9999 -9999 -9999 -9999 -9999 -9999 -9999 -9999 -9999 -9999 -9999 -9999 -9999 -9999 -9999 -9999 -9999 -0.0159849489621386 0.00751842941682174 0.0232736061055875 0.0210351055697097 0.0227987334452661 0.0203683578668261 0.0119810835372071 -0.00344190729205912 -0.0323473156127117 -0.0648403115445952 -0.0512772996588194 0.163620284398373 0.366624435529172 0.30266502886695 0.133836990647115 0.143767025045502 0.215173862283022 0.287028859987204 0.295226039047949 0.267787104060172 0.248407650554329 0.218422150525828 0.224466125584538 0.226214830130869 0.250065670124316 0.269745673213054 0.231900674264034 0.167173897213842 0.144322996759428 0.145118536809812 0.153037919717096
-9999 -9999 -9999 -9999 -9999 -9999 -9999 -9999 -9999 -9999 -9999 -9999 -9999 -9999 -9999 -9999 -9999 -9999 -9999 -9999 -9999 -9999 -9999 -9999 -9999 -0.0107902895636607 -0.00980505917499802 0.00457733387180598 0.0190594246651623 0.0226187376312214 0.0232873474349895 0.0230330066633132 0.0196966692693651 0.00840646998769368 -0.0187418886750906 -0.0447492465462119 0.0104671039499247 0.141725982991866 0.277673955997608 0.1308488641647 0.0735350604015576 0.19303128206642 0.345305450671764 0.389262588409524 0.354847496792495 0.32292384540516 0.278221008753666 0.259435980777614 0.236925686343209 0.236752902386622 0.235364871998796 0.196442972130876 0.153050636261388 0.146802747373006 0.16365538068277 0.17758069175217
-9999 -9999 -9999 -9999 -9999 -9999 -9999 -9999 -9999 -9999 -9999 -9999 -9999 -9999 -9999 -9999 -9999 -9999 -9999 -9999 -9999 -9999 -9999 -9999 -9999 -9999 -9999 -0.00553890516016708 0.00397094771559575 0.016825555948704 0.0247899658791181 0.0256844730789472 0.0261262754341989 0.0227501615806939 0.0145620690483844 0.00873864850553152 0.00923087498589031 0.0483459664448942 0.152363568174788 0.0933179970005243 0.0299403454931929 0.141185236207941 0.376026809131872 0.455372266115383 0.409332292035015 0.360165434159683 0.319053952085268 0.252755057330375 0.210422634746337 0.201306059967442 0.182196449122105 0.1682711236424 0.148071387862878 0.15317903839044 0.185537335986205 0.19910536873422
-9999 -9999 -9999 -9999 -9999 -9999 -9999 -9999 -9999 -9999 -9999 -9999 -9999 -9999 -9999 -9999 -9999 -9999 -9999 -9999 -9999 -9999 -9999 -9999 -9999 -9999 -9999 0.0166435412713343 0.0162859561752002 0.00758363118622191 0.0180281701905093 0.0245762171965346 0.0271415550438442 0.0264369429395368 0.0225940413872789 0.0177696443481045 0.0147868773005157 0.0337794709532088 0.095476539688108 0.0783007079665448 0.00678357845119071 0.0722455628381344 0.236526805156582 0.324661261055994 0.366130458634396 0.390120557867941 0.350726962062052 0.275801424085781 0.21575170908733 0.172788218094231 0.150085673442882 0.158044920796678 0.179852148117352 0.202303231087483 0.209999087162977 0.192352105293555
-9999 -9999 -9999 -9999 -9999 -9999 -9999 -9999 -9999 -9999 -9999 -9999 -9999 -9999 -9999 -9999 -9999 -9999 -9999 -9999 -9999 -9999 -9999 -9999 -9999 -9999 -9999 -9999 0.038003521184644 0.00414314997669296 0.0062573139192415 0.0215630435754214 0.0279683243344155 0.0286889899365276 0.0252346858483674 0.0195265480772505 0.0151231949296429 0.0253797753395589 0.0579559241473067 0.059123877751088 -0.0154411166525871 0.013008264442505 0.112038406169349 0.179684687035545 0.264370460185609 0.433988597344832 0.365967966219621 0.300315743881717 0.239185182479517 0.168714396900959 0.126853439295676 0.165175254553756 0.243005060431989 0.271778695575009 0.222536078613835 0.176126626061155
