meets/meet004/_saidas_enm/CCSM_Maha_0k_Aralia_warmingiana4.asc
NCOLS 154 
NROWS 168 
XLLCORNER -112 
YLLCORNER -55.5 
CELLSIZE 0.5 
NODATA_value -9999 
[rows 100 to 124 of 168, columns 56 to 111 of 154]
-9999 -9999 -9999 -9999 -9999 -9999 -9999 -9999 -9999 -9999 -9999 -9999 -9999 -9999 -9999 -9999 -9999 -9999 -9999 -9999 -9999 -9999 -9999 -9999 -9999 -9999 -9999 -9999 -194.319155152124 -138.380984873006 -157.180530768475 -219.629919437232 -283.802617617804 -320.05624486914 -307.835974374778 -252.535393538626 -199.160113527053 -139.864311424658 -76.338345994807 -24.2077409641232 -2.92269601601589 -2.95524413534215 -3.59102139432047 -5.80530684409772 -8.10211802776288 -7.41202380569606 -5.30693693092715 -3.23413665984931 -1.75278323164153 -0.602174544507136 -0.0655303515739714 0.199146803461053 0.451548253328569 0.528458270487796 -0.184873422706283 -1.88204269705828
-9999 -9999 -9999 -9999 -9999 -9999 -9999 -9999 -9999 -9999 -9999 -9999 -9999 -9999 -9999 -9999 -9999 -9999 -9999 -9999 -9999 -9999 -9999 -9999 -9999 -9999 -9999 -9999 -203.487127802635 -144.350500450795 -176.988012759476 -227.676208250468 -271.456738894807 -297.354364182795 -284.973981040419 -240.40434131158 -183.552836457324 -125.831176963358 -65.6646827073381 -18.6848116323786 -3.34635944021147 -5.10542161208822 -4.51957281732491 -7.38709823413327 -8.61859543314793 -7.84451399105637 -5.52580071310825 -4.50268130003623 -2.92559092753909 -0.579758568506614 -0.246415954292088 0.204182668892277 0.492795383323614 0.528532900006556 -0.151463905243879 -1.71917629962631
-9999 -9999 -9999 -9999 -9999 -9999 -9999 -9999 -9999 -9999 -9999 -9999 -9999 -9999 -9999 -9999 -9999 -9999 -9999 -9999 -9999 -9999 -9999 -9999 -9999 -9999 -9999 -187.726639822064 -215.645880836524 -148.089992399129 -172.09398914669 -220.926325613136 -253.081787978214 -270.500012373506 -264.452610844221 -217.341310044085 -168.064869620923 -112.734987588391 -51.6511530890799 -13.4116632448877 -3.8052734662575 -5.51876551242252 -6.20815652926619 -8.25858223106709 -9.06420921567935 -7.67383924295713 -5.5505361386836 -3.9261075416781 -2.40816958963359 -0.919336690831102 -0.060779281660585 0.157911706324525 0.183025339904926 0.365213457122861 -0.0731684393674712 -1.33874272115495
-9999 -9999 -9999 -9999 -9999 -9999 -9999 -9999 -9999 -9999 -9999 -9999 -9999 -9999 -9999 -9999 -9999 -9999 -9999 -9999 -9999 -9999 -9999 -9999 -9999 -9999 -9999 -193.177063000206 -213.163536487184 -145.660128241545 -171.475543692466 -217.778143360745 -239.743734803531 -252.102326171805 -248.337033885242 -204.946771337258 -151.235562430089 -97.5219763117639 -39.4113130269589 -10.1438710730121 -4.07591270448532 -6.74631326427633 -7.95272089006355 -9.29520530878911 -9.46627751247764 -8.2888086211184 -5.96265435429575 -3.92881480342609 -2.53148527879971 -1.64451437582136 -0.798399947783964 -0.208617698240827 -0.0518773431960646 0.101289907334815 -0.346650733810028 -1.29999885781028
-9999 -9999 -9999 -9999 -9999 -9999 -9999 -9999 -9999 -9999 -9999 -9999 -9999 -9999 -9999 -9999 -9999 -9999 -9999 -9999 -9999 -9999 -9999 -9999 -9999 -9999 -9999 -194.168379257008 -201.319456122482 -142.916145426106 -172.555119871673 -218.881590947531 -240.264350504107 -244.767975938066 -238.849582373583 -194.910892935876 -137.57952495876 -75.9159912217158 -26.2445518277597 -7.70343447782657 -4.88291167824146 -8.36369990722997 -9.3197720628723 -9.7070728665676 -10.0562470763611 -9.10367928405795 -6.7977944554207 -4.87501118159352 -3.52831988073234 -2.61697654270414 -1.78272454434145 -1.063693930992 -0.529607205047039 -0.205792742062817 -0.713910939889638 -2.28012819359913
-9999 -9999 -9999 -9999 -9999 -9999 -9999 -9999 -9999 -9999 -9999 -9999 -9999 -9999 -9999 -9999 -9999 -9999 -9999 -9999 -9999 -9999 -9999 -9999 -9999 -9999 -9999 -182.711570909038 -189.4044743893 -144.033313675697 -181.980939970562 -230.562451897815 -250.620415563628 -250.034543853774 -239.8929165079 -195.651929913025 -128.808224534436 -61.0851488164129 -19.6137079146501 -7.20860908763312 -5.63987381363688 -9.80892699533885 -11.0001456873874 -10.3939991384675 -10.3696584357259 -9.46505090347189 -7.58440048962067 -6.17818440888509 -4.99308536111134 -4.41100674717666 -3.4719376633106 -2.44338163465246 -1.53807468201902 -0.99686681015325 -1.11627192748396 -2.17470747865941
-9999 -9999 -9999 -9999 -9999 -9999 -9999 -9999 -9999 -9999 -9999 -9999 -9999 -9999 -9999 -9999 -9999 -9999 -9999 -9999 -9999 -9999 -9999 -9999 -9999 -9999 -9999 -163.676101823855 -169.5104803343 -150.475848224035 -202.476758347423 -247.783923475892 -268.314752030287 -262.473258251677 -246.761937237311 -203.503774075721 -126.074501152741 -54.7743343132198 -18.8849704419337 -5.32156149888118 -5.4927129083354 -11.0204412026468 -12.4593123420641 -10.9586736764953 -10.4327816011809 -9.65606276515846 -8.54470707306496 -7.72427082046543 -7.14283448575989 -6.9507796006963 -6.67580188930397 -4.96348584949414 -3.44598709914596 -2.44283536563342 -2.21858039488807 -1.70686477738698
-9999 -9999 -9999 -9999 -9999 -9999 -9999 -9999 -9999 -9999 -9999 -9999 -9999 -9999 -9999 -9999 -9999 -9999 -9999 -9999 -9999 -9999 -9999 -9999 -9999 -9999 -9999 -139.571366544073 -153.885907085229 -161.035844107593 -225.029987028578 -266.317317149463 -281.777262514484 -271.802934057153 -251.558202198092 -210.345108569185 -128.032961152608 -53.1577624898652 -19.9473175213205 -5.22014628654313 -5.9945313304361 -12.2590582131049 -14.3342042002486 -12.5004532965014 -11.1308164174674 -10.2231282336103 -9.29342739424023 -8.78658022719894 -8.73595725293345 -9.40458995027478 -9.87137151712198 -8.12712476198382 -6.10407930202451 -4.62139054118375 -2.90942837251653 -1.37657261646152
-9999 -9999 -9999 -9999 -9999 -9999 -9999 -9999 -9999 -9999 -9999 -9999 -9999 -9999 -9999 -9999 -9999 -9999 -9999 -9999 -9999 -9999 -9999 -9999 -9999 -9999 -9999 -116.396069658648 -134.188239506313 -171.322508792321 -248.743455608938 -276.46224484773 -289.550512488867 -271.930592883811 -248.780404739096 -219.266017666546 -127.84579755102 -54.7893165827073 -20.275981002425 -6.45239799533452 -7.45663056691832 -13.7825965283805 -15.4757084223491 -14.925126254446 -13.4058230056916 -11.9557276690166 -10.5780889100684 -9.86258852858739 -9.90674266106714 -11.225750106388 -10.4990471975035 -9.25348040410659 -7.24784132582551 -4.90463849149599 -3.30539285955102 -1.60867586319034
-9999 -9999 -9999 -9999 -9999 -9999 -9999 -9999 -9999 -9999 -9999 -9999 -9999 -9999 -9999 -9999 -9999 -9999 -9999 -9999 -9999 -9999 -9999 -9999 -9999 -9999 -9999 -106.415507835665 -129.466818108777 -174.131701032017 -239.522987757304 -263.616964563444 -267.340197458978 -245.94841764466 -225.463009201957 -198.135061192159 -115.809798435287 -55.5557078992746 -21.2124379808181 -7.82841504256212 -9.06691697535087 -15.4798388852061 -16.8361078215428 -16.9744089982751 -15.5581714792017 -14.2734698138469 -13.0301454575973 -12.6176030612833 -11.860755690917 -11.9780354535477 -11.3454078229003 -10.2517983810031 -8.27895928346467 -6.08767099846882 -4.491014781345 -2.63443699716992
-9999 -9999 -9999 -9999 -9999 -9999 -9999 -9999 -9999 -9999 -9999 -9999 -9999 -9999 -9999 -9999 -9999 -9999 -9999 -9999 -9999 -9999 -9999 -9999 -9999 -9999 -82.8500394046141 -104.142536989192 -126.247766311884 -169.623911644427 -221.348729150458 -234.655484326871 -234.923052962746 -206.827223431181 -188.757672595086 -175.316764811011 -96.1252164667117 -49.6557892574144 -25.034938688793 -10.2965728859627 -12.79736919802 -17.3744064915258 -18.4822619113603 -18.2904560151553 -17.629107384659 -16.3123055016076 -15.1813584896144 -14.42118016133 -13.5625732820372 -12.7826273136047 -11.7786129513568 -10.6639810255606 -9.64784660264074 -7.72616208891481 -6.11674394468583 -4.35317602223814
-9999 -9999 -9999 -9999 -9999 -9999 -9999 -9999 -9999 -9999 -9999 -9999 -9999 -9999 -9999 -9999 -9999 -9999 -9999 -9999 -9999 -9999 -9999 -9999 -9999 -9999 -83.2026756374523 -102.883368584786 -127.842507082222 -159.488451024569 -184.927383528689 -198.922678617846 -198.042346451657 -164.932546034361 -138.761300036922 -111.764474329891 -67.3924651618093 -33.9074918763942 -20.4464289116276 -13.8988850221854 -16.1239060197144 -20.2385622743709 -21.0046396022958 -20.8851532409661 -20.1858485169885 -19.0910978045219 -17.5721966168485 -16.0331883096165 -14.5800342225314 -13.5590511520943 -12.541116622739 -11.3332061431643 -10.12572488897 -8.32737470728365 -7.06026952899462 -5.59110837335262
-9999 -9999 -9999 -9999 -9999 -9999 -9999 -9999 -9999 -9999 -9999 -9999 -9999 -9999 -9999 -9999 -9999 -9999 -9999 -9999 -9999 -9999 -9999 -9999 -9999 -9999 -82.2126323142496 -110.69186193556 -138.532272907066 -153.262458927467 -154.897588244975 -160.614086260347 -165.716983380724 -125.045234093024 -90.3911957514273 -68.5342988127536 -41.9727884363416 -21.9338028187495 -17.6546024359908 -18.5750943151108 -21.8209941702416 -23.8199488619858 -23.8985140915807 -23.41017645017 -22.9600142193659 -22.6986411748184 -20.2939798096725 -17.5888089263671 -15.3356333306679 -14.5774813355209 -13.706048125861 -12.1913710362897 -10.4804530147013 -8.80364313172439 -8.24114029492828 -6.77186434355417
-9999 -9999 -9999 -9999 -9999 -9999 -9999 -9999 -9999 -9999 -9999 -9999 -9999 -9999 -9999 -9999 -9999 -9999 -9999 -9999 -9999 -9999 -9999 -9999 -9999 -9999 -83.8964640219652 -133.528671563736 -162.966785705392 -155.481401215284 -132.054741732387 -123.123118385401 -107.32774297144 -73.8475802588077 -53.4705451520809 -46.2770058143548 -30.0098244169439 -19.5706604125417 -20.8960165890761 -24.7254634129231 -26.6012191694407 -26.9126358711057 -25.9128375535535 -25.478841003784 -25.7674644267179 -25.2436208832626 -22.6389215442023 -19.72771371842 -16.8018026766728 -15.722926654609 -14.9557527724428 -13.3164911991201 -11.7006509376904 -9.84169764803538 -8.56745793091548 -7.25449080519058
-9999 -9999 -9999 -9999 -9999 -9999 -9999 -9999 -9999 -9999 -9999 -9999 -9999 -9999 -9999 -9999 -9999 -9999 -9999 -9999 -9999 -9999 -9999 -9999 -9999 -40.6161169036948 -89.6683483802806 -165.255519727431 -192.468250897154 -151.175530806081 -116.406111765923 -90.7936789507643 -62.8605681351138 -40.7534560701085 -39.8121573929534 -50.7324366524041 -33.5819726898033 -23.2578753912234 -28.0949297324869 -30.8511590286833 -33.4949297275118 -30.3831657989237 -28.1477315393119 -27.0369729852921 -27.9759225301624 -29.07551679449 -24.7796688791088 -21.9790436088278 -18.4257412219043 -17.0247824882916 -15.7156584337559 -13.8121607399484 -12.6578884768532 -10.9465367364049 -9.72648561485876 -8.54965208776132
-9999 -9999 -9999 -9999 -9999 -9999 -9999 -9999 -9999 -9999 -9999 -9999 -9999 -9999 -9999 -9999 -9999 -9999 -9999 -9999 -9999 -9999 -9999 -9999 -9999 -55.7120980493452 -97.4283375706423 -156.656746007582 -174.234134023566 -137.44725565185 -98.7944914285666 -65.1189517782427 -38.3137241155102 -27.2041421403731 -32.4916802088909 -43.0983674393513 -37.2976509896422 -31.3452752600612 -33.917550936341 -34.6681227235104 -34.841856862684 -31.8011104139067 -29.6065404137587 -28.3536747684534 -29.1751396760492 -29.7266425081432 -26.1818578539874 -23.45925927325 -20.0522220447085 -17.6517755965593 -16.1301312677654 -14.4170782709881 -13.1417763970516 -11.43085117259 -10.122790833255 -9.01495122306184
-9999 -9999 -9999 -9999 -9999 -9999 -9999 -9999 -9999 -9999 -9999 -9999 -9999 -9999 -9999 -9999 -9999 -9999 -9999 -9999 -9999 -9999 -9999 -9999 -9999 -61.468220704499 -100.346811518088 -149.068233550295 -156.532461019334 -118.812566041494 -84.0870288036445 -49.4300136422132 -27.8461960832943 -22.9403566939421 -34.162574668764 -46.112458684999 -40.263880122753 -34.5710880896818 -34.7790328116198 -33.5977378625489 -34.3796828154578 -31.3445143932381 -29.3357568012969 -28.281449501397 -29.090032205036 -30.4012716840253 -26.5394296698493 -24.1685826053061 -21.0418422621211 -18.4591277328987 -16.6247525534714 -14.7567804986527 -13.4514982757638 -11.8223563749251 -10.6771101645542 -9.51254512915269
-9999 -9999 -9999 -9999 -9999 -9999 -9999 -9999 -9999 -9999 -9999 -9999 -9999 -9999 -9999 -9999 -9999 -9999 -9999 -9999 -9999 -9999 -9999 -9999 -9999 -59.4499639181206 -98.3580688949935 -141.244912447944 -141.554768357251 -105.776515317171 -69.1922541076963 -40.2438047040099 -25.3346179738319 -25.2705000387411 -36.2208362959963 -44.2258452822274 -40.6668094307351 -33.5776510475898 -31.1840028228925 -31.2917848946703 -31.4728140002863 -29.6415905088593 -28.0787447556843 -27.5148729601497 -28.1227932999322 -28.0038591551757 -26.273968468356 -24.2981499190678 -21.470246664527 -19.0231822434182 -17.1750542107642 -15.2283586661344 -13.7367104622972 -12.1240072034763 -11.0938151602554 -10.3579658093914
-9999 -9999 -9999 -9999 -9999 -9999 -9999 -9999 -9999 -9999 -9999 -9999 -9999 -9999 -9999 -9999 -9999 -9999 -9999 -9999 -9999 -9999 -9999 -9999 -9999 -57.6988269517771 -96.3689832128398 -138.883205139053 -133.382708889471 -95.2513899863253 -62.9588782220305 -36.8199146184211 -25.8027627681006 -29.1748136576007 -39.1348021659504 -46.629168052397 -42.9010882611479 -38.0174752274117 -35.1830347876644 -33.2130602000969 -32.3602450421529 -29.5813490762879 -28.3235825198892 -28.1640576288249 -28.7628716405984 -28.2493188895116 -26.1659400308312 -24.3962252369165 -21.928121764355 -19.6535621872233 -17.7546825745186 -15.676890411593 -14.1787174776362 -12.6752196905296 -11.8296114878451 -11.1000570613868
-9999 -9999 -9999 -9999 -9999 -9999 -9999 -9999 -9999 -9999 -9999 -9999 -9999 -9999 -9999 -9999 -9999 -9999 -9999 -9999 -9999 -9999 -9999 -9999 -9999 -63.355473348124 -97.616175940612 -135.887781787646 -127.559269499797 -87.6085298709901 -54.2357465326308 -37.0495591632424 -30.405375363564 -34.3045274845434 -42.3654382801451 -48.0680599758846 -45.1095732865837 -41.8681429808164 -39.5644464793863 -36.7381715230429 -34.0499203450556 -31.0953491396349 -30.7533275922867 -30.8849119885596 -29.8291224781052 -28.0890021845084 -26.5028019129962 -24.9947825510594 -23.067842562479 -20.5070482854036 -18.3524415928125 -16.4323703521408 -14.9442019483095 -13.4313845133621 -12.386015183441 -11.562927951981
-9999 -9999 -9999 -9999 -9999 -9999 -9999 -9999 -9999 -9999 -9999 -9999 -9999 -9999 -9999 -9999 -9999 -9999 -9999 -9999 -9999 -9999 -9999 -9999 -9999 -64.9273827590167 -97.185392209867 -138.876386509999 -128.698460362568 -82.7728032967551 -51.1651328945629 -38.5342268730698 -33.8181565837702 -36.8845187132501 -42.4486245733833 -47.2978764192853 -45.1011487735988 -43.3501363532006 -41.6225566576244 -39.3389686917663 -36.3866445642508 -32.7951740334768 -32.8328146594118 -32.9054221799673 -30.9003572212332 -28.4467110674655 -26.7611446870642 -25.5612457593367 -24.2183471887372 -21.6683694739195 -19.4007301032215 -17.3815020199895 -15.8352802534448 -14.2997292095445 -13.2339775441187 -12.0346434537766
-9999 -9999 -9999 -9999 -9999 -9999 -9999 -9999 -9999 -9999 -9999 -9999 -9999 -9999 -9999 -9999 -9999 -9999 -9999 -9999 -9999 -9999 -9999 -9999 -9999 -66.2792574537586 -97.9333920797225 -143.652823751214 -133.149422484955 -86.0430712527472 -53.8945543958284 -41.690775063946 -35.9281551102553 -36.6950809278092 -40.3445884107187 -43.0024341412695 -43.9495408667273 -43.2294330636576 -42.3202855222128 -41.0478821802869 -38.6480726386097 -34.598527161901 -33.8487995109773 -33.7360327470745 -31.716444331297 -29.1519536633517 -27.5293252886083 -26.2609166784288 -24.9385988064293 -23.0192188025455 -20.8414197052918 -18.4748626772274 -16.6218846803171 -14.9845903269842 -13.7837166213536 -12.8328851893417
-9999 -9999 -9999 -9999 -9999 -9999 -9999 -9999 -9999 -9999 -9999 -9999 -9999 -9999 -9999 -9999 -9999 -9999 -9999 -9999 -9999 -9999 -9999 -9999 -9999 -66.4112564722105 -95.9314477849213 -144.1074970651 -139.392013319874 -91.1690250069594 -56.9881446421143 -44.0379910605526 -38.3846902591124 -37.8505452821355 -40.5480588185037 -43.5498917988699 -44.7791723626955 -44.5049711732744 -43.8415870414519 -42.8013187576669 -40.2414905089887 -36.1865549207631 -34.8557383251271 -34.5401733632702 -32.8098502269083 -30.4695638916909 -28.676419656624 -27.2975335598407 -25.7100854997464 -23.9018804222235 -21.4558489820881 -18.9895274140013 -17.1183268051957 -15.4799707674054 -14.3490124288565 -13.3922995177191
-9999 -9999 -9999 -9999 -9999 -9999 -9999 -9999 -9999 -9999 -9999 -9999 -9999 -9999 -9999 -9999 -9999 -9999 -9999 -9999 -9999 -9999 -9999 -9999 -9999 -68.3165594664655 -97.2965669801607 -143.677538687433 -144.325838182219 -99.6589136567428 -62.3020106526483 -47.302948597091 -41.665920392914 -39.5105045898655 -42.2334046640483 -45.6414652138948 -46.1878372233665 -46.4339479884085 -45.6335412685555 -43.670458711507 -41.4152694842011 -37.4898599365119 -35.8014915511546 -35.3641542068432 -34.252467441426 -32.6533039068821 -30.539102219253 -28.5433402948517 -26.7116416534727 -24.5368376547656 -21.4375526763003 -19.6142840093924 -18.0116506768238 -16.5484254601789 -15.644154819191 -14.1422271990627
-9999 -9999 -9999 -9999 -9999 -9999 -9999 -9999 -9999 -9999 -9999 -9999 -9999 -9999 -9999 -9999 -9999 -9999 -9999 -9999 -9999 -9999 -9999 -9999 -77.7953769608237 -72.1390908532195 -98.5648365197932 -146.030949313443 -154.000899577334 -112.767825146249 -71.4170058396552 -52.7706383309172 -44.8244886655528 -40.988988323899 -42.6179399995585 -45.9991940538873 -46.1913600240432 -45.8795674700573 -44.8139505267634 -43.1534943262828 -41.4586366126919 -38.1188299443439 -36.8588272857092 -36.3020310560248 -35.5109706981337 -34.2961353193728 -32.3766771552522 -30.3221209581234 -28.2369452440719 -26.5156189988903 -23.4536494007934 -21.4692620452301 -19.9227340000965 -18.855671487016 -19.2884440375404 -19.3672217324411
