meets/meet004/_saidas_enm/CCSM_SVM_21k_Aralia_warmingiana2.asc
NCOLS 154 
NROWS 168 
XLLCORNER -112 
YLLCORNER -55.5 
CELLSIZE 0.5 
NODATA_value -9999 
[rows 50 to 74 of 168, columns 56 to 111 of 154]
-9999 -9999 -9999 -9999 -9999 -9999 -9999 -9999 -9999 -9999 -9999 -9999 -9999 0.107222874562993 0.10648826732613 0.0966126840007592 0.074479697993287 0.0493749924867458 0.0554525487775785 0.113267989363559 0.160294119881374 0.202471125323171 0.170187547166257 0.114957093650159 0.072803298316896 0.0583374842365496 0.0562433896644172 0.0768311471063739 0.0895360358004034 0.0992250105702346 0.102773486665172 0.0997302394562204 0.0904213905093173 0.0737796408700828 0.0519102135808139 0.262298891300785 0.450663429820252 0.614887976518911 0.606638599109692 0.509708868385511 0.434670664629 0.428749093554749 0.409064057256821 0.340773319748492 0.268133202679645 0.154251220641574 0.139690027088765 0.0966704957088272 0.0981313802987194 0.137447622558647 0.165337527657417 0.0836337092584014 0.0612880804252939 0.064737683901614 0.0908307326206725 0.106322790385391
-9999 -9999 -9999 -9999 -9999 -9999 -9999 -9999 -9999 -9999 -9999 -9999 -9999 0.107143602356156 0.103348291836231 0.0862965638513183 0.0731373415700464 0.0631566762162313 0.0689115030865173 0.06844414008374 0.0611708581144316 0.073009019281525 0.0918249146583953 0.0691301994900777 0.0306976926168616 0.0209887745464274 0.0381255940303937 0.0726433905301635 0.0893114991784725 0.0976066033362784 0.100587179517318 0.0970263811409151 0.0854127468984308 0.0498810620085146 0.0119094330800976 0.174254050781303 0.420599859157007 0.564706717008488 0.571142529008087 0.500731831568311 0.449353152064129 0.398315145550332 0.358227812526539 0.301117995276794 0.262719885638624 0.226904646108479 0.235926207138354 0.267003805426724 0.259906031808392 0.207533556889135 0.153916156844444 0.0901274908296708 0.057231694846874 0.0569999669971506 0.0793293684759063 0.101853045577849
-9999 -9999 -9999 -9999 -9999 -9999 -9999 -9999 -9999 -9999 -9999 0.107088147540319 0.106213682748577 0.105705494130962 0.0980505060261981 0.0753034735439211 0.0697215729688707 0.0736304798919312 0.0688980914747689 0.0274437668882906 -0.0104044944947349 -0.0111705100618 -0.0245981745286608 -0.034207192360854 -0.0202730212419843 0.00642510744196939 0.0421671820587293 0.0675678887894925 0.0719719651614649 0.0769502319479887 0.0859873065748508 0.0822893002029885 0.0768388013209687 0.0250776823463972 -0.0449529267347837 0.126170414838173 0.337959308630477 0.486728696837908 0.498456313560909 0.454056758629872 0.421938525559989 0.354154413373563 0.327858109036405 0.2880324610403 0.250015983201868 0.26906448376167 0.281385522161198 0.315603769784148 0.314855480464071 0.220873174194461 0.135077311686101 0.0912068086420704 0.0594724114853259 0.0659814120332636 0.0967366904568939 0.11623432797467
-9999 -9999 -9999 -9999 -9999 -9999 -9999 -9999 -9999 -9999 0.106792460622074 0.104851390121773 0.0996713554309683 0.100991492046692 0.0999741167961818 0.0849021262860803 0.0610628687495099 0.0543842500222148 0.0277380113589566 -0.00929293970939193 -0.0381695762863035 -0.0357767658817634 -0.0233071051421906 -0.0043090679732008 0.0231707767285732 0.0423755286117302 0.0499872101471415 0.0536079365770684 0.061343673543226 0.0728970091829768 0.0764209466897026 0.0700614581246862 0.0669259968181819 0.0303004497357189 -0.0495947250671461 0.0606457106243048 0.210944331888907 0.377297223440982 0.428877027214729 0.413282438653566 0.391806504027543 0.341360932693647 0.317182918000399 0.293290217661083 0.256444578661214 0.277072834556229 0.26937790974607 0.276309034080875 0.23526024993698 0.130241506615112 0.0688905791559601 0.0256024289017519 0.0460568879524473 0.0624115263237327 0.0845843657932883 0.128562595517754
-9999 -9999 -9999 -9999 -9999 -9999 -9999 -9999 -9999 -9999 0.0942680905185654 0.082942874413107 0.0825091363255672 0.0910093789099072 0.0994910698170738 0.0978117833256962 0.0698424252621206 0.0542179459358314 0.0469528639048046 0.0284600790817989 0.0140984774263953 0.0305597153107804 0.0394056444856885 0.0466801530680216 0.047668326131392 0.0482085748780982 0.0534795636744319 0.0667218078284179 0.0792108177207365 0.0882199465568295 0.0883617375113518 0.0723186747832076 0.0607898400949238 0.0505484956471715 -0.0242107413820387 0.0278834308736464 0.151454499333354 0.265544165734448 0.36368132134213 0.382928880652517 0.39100184269548 0.338774724750041 0.312156973572008 0.289744343337406 0.252964921972413 0.257419245551129 0.184320419769265 0.1399251588238 0.0707097692706117 -0.0117080078173113 -0.0278740566830975 -0.0214353452332761 0.0154645969039426 0.0475969232949762 0.0786154715692197 0.103510255493549
-9999 -9999 -9999 -9999 -9999 -9999 -9999 -9999 0.104248849165062 0.0849586481081023 0.0579176868486682 0.0591047413586036 0.0700217779367062 0.0786235829821716 0.0911060151091649 0.0990625713241695 0.0853540055977591 0.0655016121467215 0.064110364429726 0.0587431950006043 0.0540849869152618 0.0539721994299285 0.0553433701180476 0.0569158062503171 0.0566017243169283 0.0628626142157767 0.0756106890863351 0.0897792836593295 0.0976048637817837 0.0982841933498954 0.096044150476041 0.0781162488536254 0.0584177002798024 0.0540763452760647 -0.00259993097447075 -0.0338126122812127 0.0642426872779315 0.186269558109852 0.252034414734261 0.298311062959241 0.325075545205718 0.296399727959884 0.28436787553375 0.244245376098182 0.163198539823837 0.107775701111872 0.0187608171731589 -0.0295616175784745 -0.0582244635847909 -0.0684484566329475 -0.0559157037965395 -0.037928072559775 -0.00562981191985662 0.00795093816711606 0.0201589040693971 0.0370185580572217
-9999 -9999 -9999 -9999 -9999 -9999 -9999 -9999 0.0846464411708492 0.0592066184719312 0.0956645782892378 0.0709131935810954 0.0694507337276868 0.0726288231094872 0.079169209317543 0.0857532243324056 0.0868906993963767 0.0847607694446231 0.0785587771267759 0.0709605519359665 0.0667902767350286 0.0678698894399435 0.0696968433778328 0.0716786459688005 0.0800894914802155 0.0903542971399113 0.0973641026167462 0.102338886550205 0.103905809374702 0.103983377968107 0.101970447176134 0.0885292567213781 0.0606406851359054 0.0525632431005075 0.0215793581713287 -0.045407762492542 -0.0467237585569577 0.0462494112291574 0.100235587022596 0.115595367952694 0.151113884461942 0.123999848843552 0.0964772798265989 0.0413801954181249 -0.0463734112437351 -0.079459693939439 -0.0747330794879385 -0.0411140618864174 -0.00720402841945711 0.0106521554604141 0.0195231902848738 0.0190243147146351 0.0148842176938627 0.0109011871722415 0.00491240780377272 0.00577415713327017
-9999 -9999 -9999 -9999 -9999 -9999 -9999 0.0960588927482887 0.0648976649741849 0.0889440143447864 0.220316979695676 0.107170831445891 0.0757419326517506 0.0741774689801073 0.0690053585111638 0.0718860154365165 0.0723046434499877 0.0841202923045346 0.0870739136338601 0.0899624447555615 0.0899885615668882 0.0903897026515283 0.0907980302818172 0.0933260963254937 0.0982115470559187 0.10014555006501 0.100381694486657 0.100010580884396 0.100868826266014 0.101817576341899 0.102633142756539 0.0936065649950024 0.0695843498812858 0.0523613766801113 0.0405090186204576 -0.01708086563727 -0.0812005518161367 -0.101643642183251 -0.0871188170999202 -0.0940868647606273 -0.0989071847184808 -0.10917053650833 -0.0984686535631294 -0.0779443236487293 -0.0384712269672325 0.00508411695026878 0.0264622137200692 0.0362141879652487 0.0376821277093602 0.0442354650934823 0.0467174237729029 0.0474524223812777 0.0485517604252068 0.0496161352019185 0.0495879480840808 0.0489630809660695
-9999 -9999 -9999 -9999 -9999 -9999 -9999 0.0866385238360235 0.0663780314986552 0.199272111437239 0.371495988503237 0.124788401729484 0.0762672982254883 0.0806378220187401 0.0655033937883651 0.0567022367307374 0.0620967984563273 0.0738133753438128 0.0777992321753658 0.0801394099333612 0.0809631286253879 0.0839549791949821 0.0879892491292357 0.0867691110935606 0.086310911342098 0.0875151736963676 0.0870606425308258 0.0894629415444395 0.0894855290820016 0.0875960642518296 0.0888113745758078 0.0900463047317424 0.0801362908976908 0.0614850109192536 0.0530708029984124 0.0362736260396518 -0.0079851156763614 -0.0679705518366996 -0.0857634842049095 -0.071473221214822 -0.046165208432702 -0.00102604681350965 0.0369837390789573 0.0659389262645069 0.070945271540938 0.0671657297144712 0.0651050946472166 0.0577727091193253 0.0532659988204008 0.0529997926965382 0.0515897768119309 0.0504934671047656 0.0499676391080205 0.049418271001761 0.0495672766104272 0.050566797513324
-9999 -9999 -9999 -9999 -9999 -9999 0.102319376207737 0.077374521201528 0.107730093079031 0.359649330997819 0.52832022170527 0.131307798825881 0.0775821243502672 0.0892668566655956 0.0706734812844496 0.0582403305608581 0.0608513447478638 0.068370925055784 0.0724986706424447 0.0732627716945234 0.0715446618598133 0.0707129187223096 0.0722276195148153 0.0714196012181868 0.0717424871880069 0.0720843187649319 0.0723318090055073 0.0719103188818662 0.0735931613881451 0.0778977075919394 0.080930906748847 0.0845871801911219 0.0861381035216381 0.0776324683489919 0.0676071624083878 0.0641140844754201 0.0569390940103037 0.0492577666297028 0.0478901490571431 0.0570338065109302 0.0725330722951336 0.0806819362597333 0.080585166947203 0.0755471707931692 0.071130836864699 0.0650616320402578 0.0593920264129757 0.05424664666934 0.0519792611317656 0.0559940766315254 0.0541790775911655 0.0535212228871741 0.0530277565374957 0.0538194996868058 0.0549048215635062 0.0559350932530739
-9999 -9999 -9999 -9999 -9999 -9999 0.087015357055981 0.0578225009161817 0.161565523218211 0.351624089404097 0.421265366957526 0.0861949939844724 0.0734277225412094 0.0914914793320651 0.0764411619838677 0.060369804211157 0.0602942124570716 0.0651915789865941 0.0681197787889462 0.0707647913816865 0.0679550044493091 0.0652890881934001 0.0636505150795111 0.0626810089970049 0.0630862584383696 0.063760561663299 0.0639574791685993 0.0645940706030934 0.0659807899496919 0.0684838463262448 0.0712828043055965 0.0734931953925217 0.0758294315139756 0.0771663529072923 0.0767628875238796 0.0746801868024117 0.0736123178482271 0.0755017883776962 0.0762485635814767 0.0734502531428813 0.0693035732239023 0.0661958742303944 0.0624646345093386 0.0575590910685142 0.0586667511104028 0.0572283829276239 0.0577353011187801 0.0540811796114355 0.0492444132483753 0.0487517640997982 0.049396581306062 0.0490676288393929 0.0479796183735607 0.0464124208133205 0.0450456854171025 0.0462449702233457
-9999 -9999 -9999 -9999 -9999 -9999 0.0597792042160845 0.0487005262476533 0.197073350861395 0.264452475707115 0.278990693361446 0.0395189011027804 0.0654547152945519 0.088988530362004 0.0727182535441869 0.0561550344985729 0.052577587462448 0.0574825385101298 0.060567618529591 0.0672314616813399 0.0673604673352644 0.0636576336352972 0.0614730645934902 0.0606729312323491 0.0616469241500976 0.0635105583480514 0.0631702647057327 0.0644618369003061 0.0653897926859605 0.066133881913805 0.0684266454248837 0.0681423614293195 0.0695999581142244 0.0691371487875064 0.0678716550843558 0.0676137051541278 0.063677799203071 0.0606872426193054 0.0566393117623745 0.0526643927088423 0.0498722406496153 0.0502328518815293 0.0525371750645233 0.0522603334170595 0.0569283243122417 0.0559859614893022 0.054794199305204 0.0545449052729285 0.0498971655254218 0.0481609221214794 0.0425645691074573 0.0407705793627526 0.0344393862639082 0.0295320487197515 0.0298052709145031 0.030897522716999
-9999 -9999 -9999 -9999 -9999 -9999 -9999 0.0549113975598119 0.221534190143531 0.205687105420649 0.221659364419471 0.0253297777020595 0.0421674353280828 0.0775767481293169 0.0643105644759963 0.0399127898980001 0.0339535536169102 0.0390324009999302 0.0439394638363941 0.0556818587479783 0.0594429633521654 0.0574532001735613 0.0559617682107459 0.0539145840861902 0.0549390296959186 0.0578298487092218 0.0577311300747042 0.0581118043815906 0.0583654201808254 0.0586386009943446 0.0606808113122568 0.061519007627771 0.0632354645634742 0.0624598008629602 0.0608858911792076 0.0587460505679543 0.0554571878238284 0.0520427663419385 0.0491776979175991 0.0478706979358711 0.047781018231178 0.0511526638494978 0.0534601528276082 0.0522311388178048 0.0540005826304553 0.0520736929503881 0.0496962999821904 0.0455293881744748 0.0340667906764716 0.0240663704415454 0.0128094321659089 0.00223505427979626 -0.00442027432367159 -0.00797333029886949 -0.0124433747890581 -0.00904080996515511
-9999 -9999 -9999 -9999 -9999 -9999 -9999 -9999 0.20255755238017 0.142841612719077 0.34744837305835 0.0329616312699362 0.0189583039530518 0.0571420890372885 0.0377146683756867 0.0176311553356813 0.00300233321005156 0.0107699068494717 0.0206946051967628 0.040639345695998 0.0458906137933998 0.0437810049393615 0.0387883315367034 0.0347224646318161 0.0365095382002174 0.0379220321246493 0.036805641552955 0.0343665002887972 0.0340856412491417 0.0345747583821432 0.035062212426668 0.0401353459169794 0.0440030618884803 0.0453213329345903 0.04610947613924 0.0439604942076278 0.0442997707297085 0.0425997842318372 0.0405768873259598 0.0406010512833979 0.0393174056683689 0.039779827024655 0.0392070688157092 0.0341947892047249 0.032415594019148 0.0222038797175855 0.01721067428988 0.0103551538366679 -0.00168535353011529 -0.0146346898749263 -0.0290397560878904 -0.0385062476312387 -0.0486611271531774 -0.0543415742548562 -0.0550278769915235 -0.0522943115873541
-9999 -9999 -9999 -9999 -9999 -9999 0.0494806210397324 0.119035644648721 0.142797719337058 0.0675077055128196 0.116871539239788 0.00686236201959473 -0.0182278878285623 0.00033012611425326 -0.0208521251353536 -0.0389227123523563 -0.0383564067426805 -0.0186664684530664 0.000768534890931094 0.0168274565962891 0.0228777908442683 0.0196775661420054 0.0173325292192683 0.00713955749694634 -0.00363202629364284 -0.00939459721856184 -0.0170828367395148 -0.0168505349945081 -0.014965158673753 -0.0166346386143275 -0.0117179642497006 -0.007287699289865 0.00129432175013094 0.00369169015991533 0.0071016164456858 0.0116446529424913 0.0117351476985162 0.0137069676141178 0.0123231500746397 0.010962308968814 0.0111757239965617 0.0084102923601283 0.00527984462491843 -0.00353877261968538 -0.0114596135617985 -0.0190220034141582 -0.0312565536009389 -0.0411676241582972 -0.0487776934495217 -0.0597741587764123 -0.0670229794713454 -0.0785542934598388 -0.0868966421029519 -0.0909963692940371 -0.0940159837250815 -0.0907965528553771
-9999 -9999 -9999 -9999 -9999 0.0469787964813928 0.110241767229644 0.130139047744109 0.071906416913646 0.00987093353784901 0.0255282849667087 0.00949449916435613 -0.032906037242311 -0.033510682442671 -0.0102226374450424 0.0267375180576058 -0.0474212082599701 -0.0538912385302763 -0.0256065362070397 -0.00303712837370623 -0.00156840277670584 -0.00894095264365258 -0.00849131412336701 -0.0254970076598259 -0.0501527801130331 -0.0667704504345474 -0.0716373272365093 -0.0725803211654173 -0.0672626147441847 -0.0482604942589985 -0.0452592754504068 -0.0419597664805648 -0.0349715862584613 -0.034247079563421 -0.0294440513641415 -0.0259139933460508 -0.0260537182197759 -0.0245515798695004 -0.0236252059067458 -0.0238509950883976 -0.0243773358554159 -0.028996478866919 -0.0354000260907635 -0.0400417017125752 -0.0413781141190024 -0.040943438948891 -0.0531489364214677 -0.0629803236713612 -0.0692585212985247 -0.0684234508264623 -0.065972261614041 -0.0844858534717391 -0.0927891035705507 -0.0951278455279015 -0.0958545405395119 -0.0964174719085442
-9999 -9999 -9999 -9999 -9999 0.123772716328309 0.167582943437435 0.144143810824512 0.0546374521836294 -0.00882015202574193 -0.0113440053193992 0.0245187055678647 0.0489650057455456 0.0700892379576444 0.0798519495646372 0.0522417075132647 -0.0201447034314182 -0.0554119710906094 -0.0501606960474276 -0.0547018393976354 -0.054819943622741 -0.0587172043592292 -0.0664812520528903 -0.0809748555097868 -0.0980650650202548 -0.10573141621817 -0.104554685996317 -0.095586295575704 -0.0772364430405305 -0.0495590523661703 -0.0236677255511143 -0.0106868560402676 -0.0137901051359876 -0.0200681508286678 -0.0319507201056718 -0.0358569282891891 -0.0387239876334662 -0.0367281029024361 -0.0327939206070763 -0.038610912721078 -0.0402740109398007 -0.0466543115186474 -0.0490593269063032 -0.0506725519533325 -0.0476516593295291 -0.0454515347870377 -0.0496545352912446 -0.0558108181837439 -0.0570631098193783 -0.0500712284951212 -0.0465312980864395 -0.0496173917800564 -0.0573073279873588 -0.0648317152503018 -0.0650955515851677 -0.0653919580956451
-9999 -9999 -9999 -9999 -9999 -9999 0.261979396192603 0.190943253754007 0.073097476873706 -0.0118348766266181 -0.023198125328909 0.00806325515122619 0.134767368309564 0.175494650507839 0.100439375918774 0.0843453706747622 -0.0125583042318288 -0.0414439574609599 -0.0555496522745612 -0.0593520322876795 -0.0404556391169824 -0.0546188999716432 -0.0623533139319095 -0.0707113773902974 -0.073828817356447 -0.059266771813631 -0.0506931326235475 -0.0261399880134743 -0.014914590261831 0.0075594085076085 0.0462648725183766 0.0482336195712643 0.0540325070267141 0.0439932951736465 0.0230061567844044 0.00842371288792398 0.00228014137769589 -0.00306698048154797 -0.0109672723761118 -0.0309735570292076 -0.042008033220344 -0.0469430343059496 -0.0476113680202412 -0.0433479777596898 -0.0402811590520429 -0.0326341265232351 -0.0293358231175989 -0.0250143109198991 -0.0199255008162416 -0.00872145091001419 -0.00823289738152333 -0.00107802093415299 -0.00106129560593987 0.00134135211138403 0.017696794448281 0.0257241761916883
-9999 -9999 -9999 -9999 -9999 -9999 0.303499541203464 0.296487100929482 0.117574405576595 0.0412018386339601 0.0304194485166507 -0.00681015805091684 -0.00381501774174275 0.0174758447557919 0.0121345401072037 -0.0112751326266868 -0.0267905691885205 -0.0131994351566798 -0.0213524602618123 -0.0305101836068936 -0.00311715932245932 0.0103500111547129 0.0245769249508129 0.0335266739484911 0.0366888421815236 0.0561840276114579 0.0824230613319873 0.121349154096362 0.131322530376017 0.132629393886233 0.128499146778448 0.13388164456623 0.133664616819761 0.120855039922314 0.0982460894033923 0.0756406823375751 0.066663286716561 0.0540341459383192 0.0377316651404134 0.00624388524863895 -0.0172285862181121 -0.0254198945649078 -0.0282338085356364 -0.0233952136322246 -0.0172592611352844 -0.00916756139337349 0.00443708950382604 0.019586488833275 0.0348132256461486 0.0528522085908759 0.0633246978424873 0.0667717698228154 0.065426737796751 0.0704394592635158 0.0895544009287182 0.102369338232285
-9999 -9999 -9999 -9999 -9999 -9999 0.183588281471212 0.343473569210485 0.137556610218193 0.0343451793598838 0.0775477798901349 0.0314696210031863 0.0195996564209149 0.0262267887410899 0.0109994331329487 -0.011592362039641 -0.0330893108244842 -0.00657146149667437 -0.00483365125349899 -0.00684670478148375 0.0440557110481099 0.0881425448668303 0.12716254808231 0.152195853397149 0.154693461594443 0.177152651826181 0.206063522504591 0.257995067182211 0.264262341235395 0.25317441470604 0.243017902468707 0.235195188991267 0.232091728019597 0.223384587161873 0.202974696625271 0.180554528555724 0.16968433519273 0.150423628186359 0.126153662114371 0.0748416319974999 0.0387007369638421 0.0270361824193411 0.0129497949762123 0.0151389268184723 0.0197124209035662 0.0284724214688481 0.0519945556979478 0.0770818574863789 0.0987221459153471 0.12039523327724 0.133689596852706 0.130551807496844 0.125238254736963 0.128001099794248 0.141934022207015 0.143475511840233
-9999 -9999 -9999 -9999 -9999 -9999 -9999 -9999 0.125466899982486 -0.0117798149744703 0.129535365735177 0.0450220978940887 0.0435418881851897 0.0578348143130297 0.0448127462088542 0.0221611279550278 -0.0119356306489686 -0.0161539187742649 -0.0171744357044213 0.00968160468104751 0.0989874918691061 0.177141775486342 0.241717033142884 0.262783470072692 0.242685117869779 0.273104168710922 0.301561279311585 0.334717282118764 0.342864396475674 0.339877305826261 0.343719722510592 0.338112664992678 0.344950931432953 0.338259554427287 0.321760371472872 0.308520702272146 0.289782914388354 0.265918399466696 0.234188764073978 0.183002351168866 0.13777779366901 0.105275950401084 0.0859138071954733 0.0829920717306576 0.0795324693418108 0.0934903881631525 0.110767206968887 0.13729255295827 0.161141439158564 0.177529527056842 0.183545604144004 0.180539488375042 0.175224009139539 0.171315018081384 0.171069760958034 0.167484348896942
-9999 -9999 -9999 -9999 -9999 -9999 -9999 -9999 0.179051382851876 0.0185424031372826 0.155824706926069 0.030707610593421 0.0575596086431165 0.0786998057320177 0.0705376618568438 0.0450926016738171 -0.00358516403091946 -0.0177958217300951 -0.0167925283275547 0.0175018098516874 0.150667670648385 0.239936745454475 0.312329875573602 0.340874417078749 0.330130160786356 0.334243673603141 0.348799030896959 0.387558950433403 0.385687850046491 0.385794203995002 0.400332968837127 0.393492959160679 0.408087375271276 0.41606197593548 0.410692505319735 0.412251121228473 0.399371181491401 0.378786172734797 0.349447230435278 0.298458806426815 0.25223437504368 0.220705242526035 0.200908556011274 0.193027012058511 0.178727464995168 0.187787019269215 0.204893837712066 0.224147336688495 0.239756203715883 0.243890269665272 0.239202481002852 0.230762051190857 0.220359193403108 0.210780099532321 0.201433636931076 0.188876128702117
-9999 -9999 -9999 -9999 -9999 -9999 -9999 -9999 -9999 0.106255232339669 0.0778761022313097 0.0075521621836192 0.0715364251108374 0.0882237730602078 0.090480501160814 0.062025292538528 0.00930258184702926 -0.0262980968897684 -0.0145937208405147 0.0465368844992538 0.189904912131397 0.290533206312869 0.328024995882791 0.361639407215057 0.389532337950414 0.404644652578434 0.426987347644041 0.437396270575826 0.436062452484389 0.431742279600655 0.426167031671347 0.424684389930592 0.428756471215602 0.446018659428456 0.458279707258061 0.472957800286513 0.470032370594084 0.465512346760425 0.444851452669769 0.404107195158755 0.365612778083915 0.3281907142373 0.312167686029745 0.29103329651741 0.264794027032254 0.267227009221555 0.281171249114536 0.307467233518664 0.314211879667482 0.30651201511455 0.292989730588431 0.279415530181229 0.268255826733544 0.258755841706106 0.237550923974495 0.221990723801834
-9999 -9999 -9999 -9999 -9999 -9999 -9999 -9999 -9999 -9999 0.0780422623391424 0.0342266573147076 0.0767180288987934 0.0875088147507226 0.0997058827646931 0.0887834366148684 0.0338550070257136 -0.0103229909866206 0.00318836408712758 0.0837742274407702 0.212910230289569 0.290719531881266 0.341352502524804 0.368002950305653 0.402443688975254 0.430886566115414 0.447618661471436 0.464353183777907 0.462301409529399 0.457099476435286 0.453868302940876 0.448584966859876 0.455695317416176 0.467104668742678 0.479203209787119 0.49750972470734 0.505702667309086 0.511623773466743 0.507415154109871 0.488103256284878 0.465469709597719 0.433718820848615 0.400970230294776 0.377547025703807 0.349973616630789 0.349157888518945 0.368044635684299 0.388638104234984 0.388277441374514 0.36919530821765 0.343553472910243 0.323307609512626 0.306123028308481 0.297207599949692 0.281669405097635 0.267388180146604
-9999 -9999 -9999 -9999 -9999 -9999 -9999 -9999 -9999 -9999 -9999 0.0967448646032865 0.0709135202028691 0.0775399730125966 0.0986945873166843 0.116170157848375 0.0848204567681942 0.069791406889102 0.0903964434143046 0.106671482909407 0.199023041804906 0.260023091331369 0.331132174530437 0.376180437023834 0.397497597292085 0.438414752571358 0.449359014184362 0.463126106623691 0.461640023033074 0.463034459394153 0.463273383304211 0.457336727236693 0.460403173182503 0.471607280974466 0.487689496049083 0.502772732463098 0.518060117281225 0.529005366400887 0.537346915584328 0.540665441061025 0.535220933668106 0.518236896751454 0.501269140655901 0.477585317683473 0.447896917616853 0.448577100758411 0.45816766302976 0.468715470057194 0.458747977929925 0.428030472488695 0.391135483997918 0.360790118975044 0.330431151236523 0.320684564675065 0.32302198147652 0.317079439903839
