meets/meet004/_saidas_enm/CCSM_Gower_21k_Cavanillesia_umbellata5.asc
NCOLS 154 
NROWS 168 
XLLCORNER -112 
YLLCORNER -55.5 
CELLSIZE 0.5 
NODATA_value -9999 
[rows 52 to 77 of 168, columns 59 to 117 of 154]
-9999 -9999 -9999 -9999 -9999 -9999 -9999 -9999 0 0 0 0 0 0 0.310504703788227 0.485578458058753 0.548717560687576 0.614772104280521 0.617395024428558 0.633894105571871 0.590813159601187 0.495219668782763 0.412848850830868 0.224795647347782 0.0396477887086969 0 0 0 0 0.0960664099126876 0.389568562341725 0.526984129523187 0.581957591208798 0.620614267497825 0.65878673469552 0.665161031853239 0.669302564193903 0.663542176813064 0.647673961335355 0.643958226852261 0.636733408961036 0.618223654295907 0.62479965422619 0.622932744403613 0.62673216107726 0.63688401646882 0.648953461007151 0.660028945149075 0.686161879138428 0.703657740070554 0.703222093570235 0.70282733489135 0.704451179521507 0.684460454973376 0.646806893090867 0.608075395386359 0.555813357325335 0.493887565647169 0.410442013326072
-9999 -9999 -9999 -9999 -9999 -9999 -9999 0 0 0 0 0 0 0 0.117816675731636 0.304169403889148 0.421182119850199 0.492950334020379 0.474395742641449 0.43085734055186 0.362077812419374 0.250131263936767 0.114737823867023 0 0 0 0 0 0 0 0.244014408033317 0.557237782614545 0.651289563282744 0.676945208977461 0.698010682306303 0.691150369213314 0.673333678884013 0.663460002409728 0.644303735188471 0.638347586307016 0.632682996803758 0.617700053092624 0.623970955317178 0.625965329770665 0.63828469694403 0.650681207040311 0.66318739208755 0.688068988335585 0.685198800713343 0.687177104514928 0.686593889258592 0.682702388402263 0.688449431543544 0.670579316465342 0.637164556802243 0.598732954556573 0.555092487485821 0.485291211556008 0.398933990774705
-9999 -9999 -9999 -9999 -9999 -9999 -9999 0 0 0 0 0 0 0 0 0.101056487729342 0.22291586998133 0.282649313448316 0.210182797037868 0.176593022132047 0.0808229624584883 0 0 0 0 0 0 0 0 0 0.0912096175621461 0.437429464646676 0.696800997168747 0.720134104477528 0.727000302359088 0.713649841616946 0.691346487869876 0.676941860180211 0.658901981903325 0.651093589605722 0.64806263905558 0.641452154706113 0.647911214139341 0.650173187685695 0.668852840421988 0.683127384183719 0.651645385169124 0.645083759928779 0.632713802426528 0.641783862843038 0.645586603431675 0.642741945901007 0.648575539481235 0.631812339056647 0.60489524845206 0.571879904499162 0.528246073605692 0.461520807188198 0.380796224872888
-9999 -9999 -9999 -9999 -9999 0 0 0 0 0 0 0 0 0 0 0 0 0 0 0 0 0 0 0 0 0 0 0 0 0 0 0.322046334699243 0.597684860848155 0.727061653596713 0.733867649068169 0.741151050622905 0.716596185789499 0.699764941645455 0.688197101922531 0.688227257666874 0.686401530318234 0.683256509865931 0.69067168954112 0.648314609846958 0.607722880789319 0.570440936524302 0.542538245576902 0.538040665860284 0.535738541949323 0.553431254584359 0.561410516740249 0.561981113486507 0.571145700014238 0.56222438773083 0.554555681072565 0.520900563090225 0.487790585525599 0.419800785472142 0.333644855748234
-9999 -9999 -9999 -9999 -9999 0 0 0.0994098539221182 0.175210132417895 0.168145720030012 0 0 0 0 0 0 0 0 0 0 0 0 0 0 0 0 0 0 0 0 0 0.195225284364099 0.463650854622314 0.623844434976049 0.703111098333151 0.704199871400796 0.692747457358306 0.698225739064211 0.691082724906715 0.681433787362171 0.65561216638877 0.618533615644868 0.574610306686134 0.518287772979335 0.467183105903979 0.421475083264572 0.398141407279584 0.390824892732218 0.398236087342127 0.42011597350964 0.433440614311517 0.442067756776911 0.454908068555022 0.472579270158426 0.481072123092333 0.454400280319425 0.404803651659913 0.335372125142326 0.251363129769116
-9999 -9999 -9999 -9999 0 0 0 0.290566371196033 0.358712966724319 0.324457052081266 0 0 0 0 0 0 0 0 0 0 0 0 0 0 0 0 0 0 0 0 0 0.0759041209885158 0.328034074724334 0.509078756796275 0.646134670165478 0.650353645612005 0.628883352432827 0.601195280623715 0.560076167489478 0.530124384456799 0.496391760410925 0.453800361307623 0.397428376237147 0.379653547067032 0.389168217066436 0.361103463590107 0.298464913147292 0.275363206199779 0.265381566475915 0.258677010712341 0.292967912399341 0.340147221841316 0.342616735458715 0.373789920622259 0.375290302344778 0.345849097756955 0.315015137671421 0.251901359944043 0.153813504177115
-9999 -9999 -9999 -9999 0 0 0.298409295086936 0.412493632982209 0.361802898616371 0.344015293330232 0.171300896551785 0 0 0 0 0 0 0 0 0 0 0 0 0 0 0 0 0 0 0 0 0 0.167209188218282 0.345559488085625 0.496442735216403 0.540178906757066 0.514995032797276 0.477545435543463 0.429975098593725 0.368102128579352 0.305436325755541 0.309182274801437 0.295245567376723 0.182564295819065 0.093894125364772 0.0106642068624123 0 0 0 0 0.0165546329496253 0.0724422324185312 0.140644108610229 0.183828175604833 0.220215955905314 0.213800727129155 0.152676266785448 0.0922481982673372 0
-9999 -9999 -9999 0 0 0.267818443168648 0.497177642253914 0.429443560962474 0.383621104699052 0.36233407456583 0.228676719336053 0.0983594004924802 0 0 0 0 0 0 0 0 0 0 0 0 0 0 0 0 0 0 0 0 0.0260460280932014 0.15786634347225 0.280268266828876 0.329657033753642 0.343466601734398 0.29289707861533 0.257246879065827 0.216432514381558 0.143087628374974 0.0335518514149857 0 0 0 0 0 0 0 0 0 0 0 0 0.00611737742511043 0.00673546580613937 0 0 0
-9999 -9999 -9999 0.032204297190259 0.257017020090115 0.505248221970807 0.520907620611263 0.468937177817134 0.42266541102486 0.377292857507628 0.228045969776541 0.272862513613144 0.172223859535576 0.119962529333462 0.0847426576294683 0.062827304403924 0 0 0 0 0 0 0 0 0 0 0 0 0 0 0 0 0 0 0.0480292254584425 0.0659581701089715 0.0511692783907406 0.0245776264946398 0 0 0 0 0 0 0 0 0 0 0 0 0 0 0.0184103115122893 0.0164978134826294 8.43373025765093e-05 0 0 0 0
-9999 -9999 -9999 0.248873391184202 0.432452066237837 0.597119654034621 0.551720110397726 0.514627179435114 0.471457105686378 0.370681258568766 0.240320563599072 0.306836463537575 0.27624927893261 0.253107148185195 0.219094831496825 0.201565743244634 0.121861882561055 0.0198658509927001 0 0 0 0 0 0 0 0 0 0 0 0 0 0 0 0 0 0 0 0 0 0 0 0 0 0 0 0 0 0.0381106949186922 0.0503145835725192 0.103770677343085 0.13876411923084 0.141675056849704 0.168488332935481 0.150902849242167 0.155693493556504 0.13045674566693 0.0718532604807888 0.0529178197494667 0
-9999 -9999 -9999 -9999 0.602895866392933 0.613651995981009 0.580018169124121 0.556698807899088 0.516617136587673 0.407634436121836 0.28698904271265 0.319714980901899 0.383561353934131 0.379004090436866 0.338186031507228 0.310042656928501 0.258760897164237 0.195020338525432 0.159387606962992 0.123511201865475 0.135317919618161 0.152935629277831 0.14677015174093 0.157868604943573 0.150178895734819 0.149179325409954 0.146252557491827 0.121013548130931 0.105965576604233 0.0676114469882069 0.0452209021008699 0.0169608497360597 0 0 0 0 0 0 0 0 0.00388445717734098 0.06055961403456 0.0965228030941059 0.148888443661004 0.178351881453685 0.199410278389685 0.232885212954874 0.257932209266233 0.287567094853606 0.307116030352332 0.319529387787472 0.337594798098162 0.340060367208309 0.336856215698193 0.325239461536658 0.306998575185482 0.283038286515911 0.250698327871066 0.21726134362152
-9999 -9999 -9999 -9999 -9999 0.618122001702118 0.593520342637664 0.590263869772939 0.551111793939179 0.431059861596003 0.337484850640167 0.37424122892038 0.406055082507132 0.427358547436735 0.416003363734912 0.38770336043374 0.324569783341068 0.274812113906701 0.257390304200405 0.249754234264599 0.259566404981178 0.269349741938387 0.283433195945729 0.282192142886131 0.295194896284887 0.292627843649111 0.280665296388059 0.279050535192298 0.247724917106898 0.225604971397581 0.199723350825994 0.160504632454708 0.139586870766621 0.106200345595975 0.0842543211656094 0.0772355622300647 0.0649547835512481 0.0832890969364654 0.0954853531245763 0.132319067301606 0.169401967350064 0.20983156227298 0.261077279838029 0.288452248863712 0.332821114818749 0.35420106470852 0.378133051087463 0.409730874248329 0.423575302342934 0.450675218195248 0.466279096259998 0.47282129837728 0.484046095776967 0.466496228533311 0.469049717512195 0.450477311875547 0.429734455114508 0.4161198025037 0.387374035395978
-9999 -9999 -9999 0.546344373752332 0.566072243751974 0.597028765891058 0.575021998553299 0.572160642517336 0.561354817262838 0.49640040917622 0.44881556781272 0.477540556752784 0.507997738147189 0.494239326668531 0.446857176881432 0.413311633014887 0.392982245585875 0.379345373234074 0.367768385000322 0.359657200393871 0.376006168908814 0.401038417393465 0.411785870826588 0.428305259821506 0.432515721254714 0.435670781140643 0.437569218518316 0.424880127629814 0.411888137478593 0.385271902998507 0.368279092563633 0.343519146255224 0.30983424821187 0.285924842647072 0.256453489704759 0.251225886728187 0.249212894566601 0.247737001844282 0.271785134540564 0.29447581907508 0.326566945203391 0.372093756870581 0.405284395302752 0.448119645284329 0.476787222710523 0.496997464479369 0.530505691970326 0.547315068697583 0.570725450967574 0.585647076573546 0.592665015036263 0.603681431298237 0.60680551603668 0.608950368179024 0.601883751201338 0.594130041664664 0.589355674083334 0.576573491704301 0.570188885869856
-9999 -9999 0.545217461594611 0.55435195505098 0.591288513071667 0.572987935991538 0.561274074772509 0.544367470951231 0.56816705976272 0.567418747461728 0.554327177963637 0.576880940220893 0.604908038175549 0.564354645151955 0.488604545197227 0.433590073553103 0.418686529993962 0.42226881778889 0.431081051895715 0.42513649654034 0.445139620799128 0.476276506440436 0.499248070590405 0.514142935719777 0.525527233057683 0.537878335188593 0.54039872407617 0.539238961602756 0.527877102148795 0.512547784284245 0.498877036727614 0.46249796964172 0.447117946211686 0.425357847933704 0.398865372701606 0.391420416053119 0.372160080722391 0.379630621414344 0.39416590371752 0.419170115358634 0.443618906540136 0.478948999690461 0.513185546201752 0.538117749286465 0.57535267639989 0.575119049900462 0.561556179403974 0.555951470593056 0.567249544354303 0.574172082205656 0.589919915878305 0.605558421170134 0.61586665701669 0.62440275133339 0.633657092241656 0.631220346550074 0.630995099432767 0.619689318743269 0.60503063074852
-9999 -9999 0.586756187542297 0.586885338078145 0.624264507128483 0.590455932625151 0.56825118413746 0.57598527196322 0.584057970965697 0.624091591336095 0.639687694643038 0.635491712895683 0.622316452526977 0.582266903367556 0.527061834489515 0.477990514311337 0.491255946168179 0.485516141768549 0.477733395077979 0.488435192760521 0.510760453751102 0.539932321470991 0.560668275267367 0.570717475250529 0.580634060832501 0.596313163496288 0.608807746425811 0.616633548438518 0.614893969294056 0.601408057947964 0.590566655779591 0.572271921589895 0.550434976953544 0.531037611743947 0.507735495689873 0.500633993103871 0.490996009113334 0.484157350858184 0.494682686553901 0.507259283608093 0.528554897164858 0.558165158225308 0.583562653289166 0.585351317848756 0.566118080299275 0.557867237139893 0.549228159483453 0.543565599233504 0.54773365515367 0.554341263385212 0.564589119165458 0.574852830184362 0.582819497336284 0.587630048268433 0.588959512032025 0.582627866141678 0.574490411710745 0.564122814336679 0.54823071175379
-9999 -9999 -9999 0.63773284406103 0.671463917336894 0.617602741533078 0.58860759188233 0.566920223759595 0.560866698612755 0.601967867162433 0.655980224924718 0.633416949427592 0.617245393142337 0.577427808303392 0.541614380032824 0.534395543933257 0.545770222638682 0.509787222442598 0.519551413884707 0.528317925306995 0.553002634601846 0.58394519874505 0.608984100643808 0.632833308324084 0.655875274694976 0.656350027580013 0.65834789236316 0.67236661170018 0.666737337654116 0.663739146670113 0.657841403512908 0.64539254229303 0.639517958428615 0.627172468115603 0.60429262322594 0.594929821684954 0.583345831278687 0.572311919640242 0.581064856488982 0.585878860147353 0.598468171083008 0.615666953913594 0.592621552997248 0.57725764585818 0.558762425967264 0.552087227353616 0.54264865657133 0.536764588295451 0.540136591477271 0.540810166420635 0.545148177483275 0.55295007653849 0.554851181741677 0.554005005203915 0.551428207895826 0.54207352963949 0.534756354718435 0.51888903535236 0.50225264969351
-9999 -9999 -9999 0.699868618585726 0.688986758309636 0.666446734443247 0.580633531175192 0.515525633393811 0.471842580652946 0.47304296506197 0.517232921374296 0.589025802563999 0.559437045910498 0.540654810611504 0.543415762609526 0.560504392253187 0.581226612136815 0.555271000654715 0.545580914915942 0.553888383282384 0.580636280094312 0.613456019418088 0.639478840605419 0.669043117266509 0.695152084078815 0.710138116227196 0.707735638405412 0.702437086619626 0.701022485660791 0.699528364262667 0.696652391383787 0.69146591341071 0.688098208098992 0.693623340955531 0.676831789977208 0.669168825424743 0.656314568989376 0.644688967740586 0.64365586662178 0.643971590656198 0.64578564562887 0.620478730958425 0.599718804081507 0.582431994640713 0.56861691313372 0.560730168829863 0.552003811189012 0.544344926395699 0.542072523987759 0.537738747248195 0.535880355779041 0.536737435698725 0.531698009018494 0.529610748705045 0.521602406148749 0.509131713473687 0.499628776838368 0.482807417997697 0.469489618154301
-9999 -9999 -9999 0.629779377220986 0.658378985031782 0.671248991087347 0.56004137790446 0.436632927219519 0.365139015981298 0.321324605338111 0.35885772496952 0.45989213966002 0.493733041253954 0.493948373333479 0.528477349076132 0.555647999658433 0.590397629797715 0.575574143734466 0.584592648332268 0.580639115551878 0.608461010720617 0.645480201168922 0.664788493366248 0.696108220479728 0.686341318512532 0.686640675522868 0.696355059678583 0.706559806860575 0.710198146852889 0.713411780060484 0.723679382554508 0.727332704141615 0.726006413509407 0.731315617260418 0.738789445315882 0.732296213348437 0.724827953088314 0.708569926057375 0.697423084832751 0.673036374634007 0.654355968924611 0.627417711330637 0.612835502114434 0.598611062361261 0.584503052224859 0.576231849335521 0.564759974101587 0.556398509251837 0.549801222182793 0.540642010865467 0.532887906731975 0.527216490303262 0.51501579923916 0.509648184445112 0.498509621776422 0.483955328715857 0.475076400590274 0.455652008667785 0.440892064200707
-9999 -9999 -9999 -9999 -9999 0.556221257563243 0.543710962639818 0.395576755689424 0.279847917929955 0.209256462921087 0.229303173852755 0.331542341219645 0.486829330679623 0.472630719223771 0.48711651404006 0.52075488872054 0.594676994513043 0.622770795719739 0.60509131732631 0.60288635693093 0.632036926256387 0.659866364833918 0.678949915929947 0.673019770550204 0.661452289372719 0.661676833964194 0.669557790983547 0.678604512251473 0.680493284324222 0.681665703336022 0.691534864404216 0.705646517786529 0.720815443354305 0.730172829618869 0.739340966070751 0.749884957952962 0.753551856255846 0.733308037671377 0.711005327817565 0.690134268830247 0.672582218630438 0.652226722076093 0.635152285569444 0.619528289277687 0.606473867551404 0.595890062879547 0.583148146623114 0.572052848610709 0.560341881403766 0.549209263816725 0.536216508102262 0.522245962042765 0.508186277038976 0.496760750153132 0.483248822705525 0.467792172845026 0.455764015718204 0.439652555409104 0.427244974398989
-9999 -9999 -9999 -9999 -9999 0.613104630434942 0.548095575779532 0.379571286893025 0.23619064894021 0.112128968950147 0.113871157553778 0.224206139078158 0.400738563152462 0.470833993674536 0.476756623795916 0.501707646382378 0.591809152646503 0.651417114970759 0.645525472141267 0.615575771571112 0.61617193306586 0.63924283898026 0.654532516300145 0.652285782366702 0.63912684676388 0.63923303368243 0.648117302059831 0.65362263843115 0.65536081965216 0.652615193146453 0.660956402177396 0.675995737731488 0.689887985308 0.701773304519537 0.710925308026219 0.722190989046807 0.732891708269798 0.742657535483062 0.727532948904917 0.708533554148587 0.693549729514152 0.673192586176333 0.658884322935087 0.645495618891525 0.630016610424426 0.617746696462572 0.60251878565516 0.588357030912859 0.573687767696228 0.559531961257344 0.542688617995362 0.525398745113873 0.506230838566933 0.491057329606002 0.477805710851531 0.461485206614679 0.44917670876455 0.43185061815293 0.42038605034807
-9999 -9999 -9999 -9999 -9999 -9999 0.584348816408314 0.437487697881062 0.2312169968313 0.0401112465889185 0.00786192979036127 0.12250732688313 0.325856925895826 0.499056688937851 0.501447074607464 0.515682942283048 0.602238676539433 0.63103792992703 0.61553418696772 0.593371573432642 0.594436759777384 0.613106339206315 0.630195995043888 0.628499076421599 0.621801949646289 0.62265999702989 0.627214955522338 0.631825400019888 0.630429172427292 0.628047926408746 0.634561347985159 0.646127383719449 0.659195680629326 0.668998576202674 0.678783010174811 0.691381035105486 0.702258798630724 0.713770869448649 0.720467401281993 0.72727574847111 0.71432801862514 0.6985298729098 0.683623892623102 0.668102705695637 0.654472245277296 0.638316371521651 0.619711235507461 0.602574216165996 0.586081416862917 0.570542842055941 0.553281518177289 0.530791916809202 0.512338830734157 0.497397413305583 0.482890023197381 0.469060760390103 0.455607528944878 0.442372280451623 0.4281891722942
-9999 -9999 -9999 -9999 -9999 -9999 -9999 0.499879063339576 0.261217212725713 0.0114080432227374 0 0.054452686719428 0.257256579650968 0.5413560437945 0.546341706437791 0.548362634595058 0.59206351378603 0.604603442940401 0.594814588815239 0.572311424160987 0.576483252294213 0.59539461634255 0.610278470662831 0.611682644104055 0.60542000283313 0.607223966030858 0.612781748274279 0.615102053630798 0.613567119714463 0.607969254533883 0.611644986935427 0.620755480462021 0.629847987727635 0.639387467123259 0.646789798442198 0.6587753571971 0.671547887193176 0.683141558084008 0.691839574870009 0.698623225834118 0.708839430249022 0.720535750095956 0.70804196995079 0.693360769164851 0.676856909073492 0.659629461160208 0.639518268478276 0.61956956840465 0.601407672125038 0.582979709393411 0.563289446626223 0.54374206464771 0.524013411758552 0.509422124061623 0.498932825338556 0.485162850878639 0.472362168201189 0.457252201701553 0.443295692423054
-9999 -9999 -9999 -9999 -9999 -9999 -9999 -9999 0.314519854859447 0.0303585335310703 0 0.012588470523309 0.195446491163301 0.457689568971212 0.605332938646132 0.568381336690973 0.582820103886374 0.583170424525082 0.577874818485838 0.561539881288122 0.561634133589056 0.579513123057638 0.58960738992545 0.594542443755303 0.592973054316796 0.596282879009019 0.599224127953208 0.601108372538041 0.599632465655966 0.594790959805716 0.595961007227548 0.598563856861563 0.601452947182264 0.610698821695458 0.617639060976108 0.629498164918373 0.641738064430426 0.652214082659673 0.663473727370451 0.66923310293899 0.680640869799021 0.696059720059871 0.702612995592344 0.697345631918452 0.686267042768124 0.673708538544228 0.657351504424998 0.636175374426597 0.616248795469277 0.595381277204505 0.576647705886866 0.560594617562383 0.544296655112629 0.531655030639269 0.521351736523894 0.511173149666652 0.497102048559648 0.485794829120808 0.469375564821231
-9999 -9999 -9999 -9999 -9999 -9999 -9999 -9999 0.366673557256155 0.0802722331905471 0 0 0.142371896777969 0.364775005755283 0.606516924431664 0.600071760785693 0.598200338120239 0.588422177616908 0.57593428032863 0.55950442739813 0.556128661260208 0.566974602545927 0.575708472252155 0.583860720763503 0.583536497836806 0.587101539343336 0.589812057117393 0.589261889134456 0.58978125711493 0.586871127111166 0.587297977526987 0.587255539355654 0.586103007965757 0.593125055855672 0.598325207443204 0.608826243902132 0.621219062921936 0.629940350934492 0.643489535755386 0.651624590239471 0.661736404828567 0.672602237825138 0.675357417136123 0.672369106442401 0.662711112971583 0.652933977772017 0.642726505306036 0.632542746695255 0.628249786537736 0.615285786133547 0.596985543472972 0.583582701392861 0.569344740341499 0.558506355279224 0.5487945118714 0.537717469774737 0.525096703024547 0.512706192319712 0.495878317684281
-9999 -9999 -9999 -9999 -9999 -9999 -9999 -9999 0.420716597015124 0.14432268480062 0.0074570015063814 0.00860337801943656 0.0801511381601675 0.247381336880581 0.460372119091977 0.607166105326852 0.634792491653309 0.600304901324754 0.592468498551247 0.569281433795827 0.554892349365767 0.560975975461404 0.565403359791639 0.572349577114586 0.574206154853529 0.577274656977495 0.578640269592534 0.57864062839774 0.580216445662849 0.582233022923385 0.58243968858877 0.578727937664598 0.578793120610402 0.580198341844607 0.585787954505442 0.594381860536352 0.601348408109846 0.615074677100231 0.630037820215438 0.642403933292183 0.650859108465664 0.651924600459286 0.647651438989046 0.643825590053756 0.637920236989305 0.630805546821818 0.624495460462465 0.619016781989062 0.613321655041659 0.611252589997303 0.609271776722369 0.606122586267984 0.593660632407296 0.583134352855441 0.573459046592988 0.563761361933078 0.551631455403489 0.541918288769705 0.526637661560498
-9999 -9999 -9999 -9999 -9999 -9999 -9999 -9999 -9999 0.242809045367118 0.100730697901891 0.0439900454182462 0.0596848509706106 0.136647836690907 0.275687917656412 0.410307298331396 0.531008322965931 0.636404015595885 0.620129645486616 0.598308342576273 0.569457074566596 0.560312498634355 0.558942748003718 0.562805608053817 0.569025888843425 0.572716276035387 0.573456012768968 0.5706924971148 0.574926037699029 0.576164154864109 0.576686934049635 0.573799030546155 0.571028317320884 0.569322870174846 0.571247744593663 0.578152055308545 0.585579643038398 0.598745558475831 0.618770277701174 0.635274723269568 0.64200915863067 0.636618074628263 0.625764830481024 0.618621266205684 0.611598666307759 0.606245803748835 0.605358781055913 0.602856543059551 0.597534175876448 0.592999974929636 0.591467498471181 0.593673460479689 0.598601283004616 0.59752458831511 0.594526220853242 0.585099539183202 0.565207557439436 0.557011441669352 0.554559701526911
