meets/meet004/_saidas_enm/CCSM_SVM_0k_Cavanillesia_umbellata4.asc
NCOLS 154 
NROWS 168 
XLLCORNER -112 
YLLCORNER -55.5 
CELLSIZE 0.5 
NODATA_value -9999 
[rows 100 to 124 of 168, columns 56 to 111 of 154]
-9999 -9999 -9999 -9999 -9999 -9999 -9999 -9999 -9999 -9999 -9999 -9999 -9999 -9999 -9999 -9999 -9999 -9999 -9999 -9999 -9999 -9999 -9999 -9999 -9999 -9999 -9999 -9999 0.0529577060297637 0.0740249724527594 0.0792519515252094 0.0831046865720909 0.0915958090177399 0.093421913388638 0.0772249117568446 0.0415307781074739 0.00660066836792683 0.0171528113116065 0.0279155990688991 0.00912097662505756 -0.0134676027252772 -0.0305748728790852 -0.0709464102976995 -0.0998441290870215 -0.0974843859576226 -0.0952395841107437 -0.0883423646419665 -0.0161013279783517 0.0538501487052969 0.071917375607161 0.0672205089220074 0.0748873233859145 0.0763787378485262 0.0766126226653298 0.0742581091114333 0.0658701741625712
-9999 -9999 -9999 -9999 -9999 -9999 -9999 -9999 -9999 -9999 -9999 -9999 -9999 -9999 -9999 -9999 -9999 -9999 -9999 -9999 -9999 -9999 -9999 -9999 -9999 -9999 -9999 -9999 0.0532659429471327 0.075594362433586 0.0818224309166877 0.0854252528288927 0.0909358678264606 0.0909193165352691 0.0705606729407488 0.0377182819205887 0.00648063637206392 0.0257693578436486 0.0310073784216681 0.00404754606762503 -0.020998353681203 -0.0432856754014854 -0.0918653838731108 -0.119876239473667 -0.113990482718592 -0.109559396554752 -0.0962105052359946 0.0410218291528679 0.113082333716271 0.0543353861987678 0.0649541617252367 0.0800528436890401 0.0857750153309577 0.0906855644917929 0.0955618640034218 0.0800631650471555
-9999 -9999 -9999 -9999 -9999 -9999 -9999 -9999 -9999 -9999 -9999 -9999 -9999 -9999 -9999 -9999 -9999 -9999 -9999 -9999 -9999 -9999 -9999 -9999 -9999 -9999 -9999 0.0701064600938895 0.0500491682030965 0.074840132513298 0.084674382808475 0.0863800371493749 0.0895443539553585 0.0874260420532268 0.0650879031084291 0.0320379484795807 0.00948707917696379 0.0273895113135297 0.0238888544373433 -0.00261084526242239 -0.0225627673981906 -0.0408627547343641 -0.0808349752223528 -0.116622187989953 -0.118889491862227 -0.114242641230567 -0.100332677002391 -0.00475994650016254 0.0572488001303043 0.0379058487000265 0.0418419679757037 0.0796866640788816 0.108370221412023 0.115044017242937 0.120189654338448 0.121003615169876
-9999 -9999 -9999 -9999 -9999 -9999 -9999 -9999 -9999 -9999 -9999 -9999 -9999 -9999 -9999 -9999 -9999 -9999 -9999 -9999 -9999 -9999 -9999 -9999 -9999 -9999 -9999 0.0702889264523892 0.047074355810082 0.0753524803430711 0.0852487966423596 0.0870150359703187 0.0887087124561813 0.0859003233946058 0.0600778429580285 0.0321019923694803 0.0118776518193388 0.0236206707632172 0.0143905833739905 -0.00823988410794024 -0.0218867074138766 -0.0373095096140164 -0.0686985966785975 -0.106728744461321 -0.110479514181906 -0.105665522244928 -0.10449986466757 -0.0479388676085457 0.00505267605200205 0.00892726027821705 0.0202745695918059 0.0539414087385481 0.0892563428066008 0.139605110631326 0.170015576754592 0.176236835972798
-9999 -9999 -9999 -9999 -9999 -9999 -9999 -9999 -9999 -9999 -9999 -9999 -9999 -9999 -9999 -9999 -9999 -9999 -9999 -9999 -9999 -9999 -9999 -9999 -9999 -9999 -9999 0.0683749672818316 0.0427264272810891 0.0783321362652391 0.0840831946859867 0.0860891690278767 0.0886514870639678 0.0859366233200293 0.0585005275573293 0.0293686062843307 0.0123039661570847 0.0113362424025897 0.00934688238077802 -0.00856124952349152 -0.025873413305519 -0.0379342696776919 -0.0724895364489576 -0.0975059064498749 -0.0986183264237719 -0.0928905212873 -0.100777330575578 -0.0716250254876554 -0.0337237891595842 -0.0133028188100567 -0.00617732070264965 0.0254272347870679 0.071441405205922 0.129519132657578 0.188565762107486 0.244174162708741
-9999 -9999 -9999 -9999 -9999 -9999 -9999 -9999 -9999 -9999 -9999 -9999 -9999 -9999 -9999 -9999 -9999 -9999 -9999 -9999 -9999 -9999 -9999 -9999 -9999 -9999 -9999 0.0672691674304227 0.0413213686157631 0.0832645757461757 0.0813456875712011 0.0842939986724301 0.0889982643957855 0.0880745031434867 0.0568065997172457 0.0272416105454603 0.0154744930923651 0.0160792411612717 0.0173642823941871 -0.00548598709174913 -0.0247500545997887 -0.0348745154309649 -0.0609288202212486 -0.0851057218971268 -0.0889543810151677 -0.0904853834535821 -0.0890003857129353 -0.0609041266206015 -0.0270084846716787 -0.00034354855529356 8.32868235150497e-05 0.0213206516244957 0.0514445240608439 0.112927726935594 0.186427058357541 0.253409635088095
-9999 -9999 -9999 -9999 -9999 -9999 -9999 -9999 -9999 -9999 -9999 -9999 -9999 -9999 -9999 -9999 -9999 -9999 -9999 -9999 -9999 -9999 -9999 -9999 -9999 -9999 -9999 0.0767210490531991 0.05012701146938 0.0867155706980125 0.0799939744725864 0.0835342246836149 0.0897892143577544 0.0910039068579565 0.0557838764246922 0.0275728288295337 0.0252852230111458 0.0238792234234505 0.0269822745269724 0.00244457364923834 -0.0152923478837382 -0.0257544529131871 -0.0501622215631148 -0.0712640913139316 -0.0777046870136731 -0.0630695737434327 -0.0557503811747451 -0.0194002352121641 0.0214439157332849 0.0453492576515006 0.0740246469314285 0.041425754443731 0.0441118375301628 0.0912027055667925 0.156211937967008 0.218161611102814
-9999 -9999 -9999 -9999 -9999 -9999 -9999 -9999 -9999 -9999 -9999 -9999 -9999 -9999 -9999 -9999 -9999 -9999 -9999 -9999 -9999 -9999 -9999 -9999 -9999 -9999 -9999 0.111550852511136 0.0698426840299864 0.0874228919784625 0.0819522314772165 0.0851075141571854 0.0908457878489912 0.0925604061373504 0.0569956703176756 0.0376475956102015 0.0370690886656732 0.0331338873765309 0.0380888776355706 0.0100239432650454 -0.00985660303474661 -0.0183404401066821 -0.0359152108152168 -0.0570071518827658 -0.0673722881576164 -0.0567745761961101 -0.0508393189872217 -0.0212731467004698 0.0205878475026093 0.0610954231858206 0.0904656399149006 0.0515354623289022 0.0360881469042086 0.0732911306638095 0.13809631420177 0.206335209994529
-9999 -9999 -9999 -9999 -9999 -9999 -9999 -9999 -9999 -9999 -9999 -9999 -9999 -9999 -9999 -9999 -9999 -9999 -9999 -9999 -9999 -9999 -9999 -9999 -9999 -9999 -9999 0.153811940675214 0.0956415894647994 0.0869970537289866 0.0867596703165743 0.0876566680129631 0.0918061972475712 0.0921974233989931 0.054546652442321 0.0514936607927454 0.0456922334748894 0.042981818495879 0.0512001682165608 0.0184348408365655 -0.00685726106170609 -0.0137814816921265 -0.0241758946393654 -0.0386547257069326 -0.0516599717058513 -0.0594789442236041 -0.0612979051448189 -0.0499284121125883 -0.0217074508218412 0.026932535370687 0.0500069038487424 0.0336087246378858 0.0256630041624798 0.0564277487470646 0.110121971059203 0.180840806988623
-9999 -9999 -9999 -9999 -9999 -9999 -9999 -9999 -9999 -9999 -9999 -9999 -9999 -9999 -9999 -9999 -9999 -9999 -9999 -9999 -9999 -9999 -9999 -9999 -9999 -9999 -9999 0.154281996799805 0.0985811173887191 0.0874914375771165 0.088172431245895 0.0884807554398446 0.0902980001131579 0.0849778064929064 0.0440499387579729 0.0472285873702598 0.0500565824986499 0.0566122212979163 0.0633503473508487 0.0331304213499332 -0.00160422215739137 -0.00860215664270525 -0.0155692626330415 -0.0271138486811389 -0.0382378283435037 -0.0466869522580002 -0.0542292186878866 -0.0490403822755925 -0.0312120245775291 -0.00323086314625343 0.0116547829332711 0.0111107169214911 0.0153470339060287 0.0442665054092529 0.0920103590545923 0.15274366293028
-9999 -9999 -9999 -9999 -9999 -9999 -9999 -9999 -9999 -9999 -9999 -9999 -9999 -9999 -9999 -9999 -9999 -9999 -9999 -9999 -9999 -9999 -9999 -9999 -9999 -9999 0.0501559817518943 0.127608780494732 0.0925583044039836 0.0877504777417759 0.0911550974236967 0.0893920931573648 0.089409259722425 0.0739198673198991 0.0274192528865745 0.0472745851257178 0.0598806985955417 0.0779080885512382 0.105895913231458 0.0646533260467326 0.0100986321310876 0.000880447394897566 -0.00867796368689261 -0.0191358388957314 -0.0290248310444911 -0.0375594420181513 -0.0398862677294413 -0.0349618309921403 -0.0231325657701507 -0.0151682481884565 -0.00915009924952809 -0.00085886869602958 0.00917535490654919 0.0341672650632952 0.0709570398993661 0.119158230827308
-9999 -9999 -9999 -9999 -9999 -9999 -9999 -9999 -9999 -9999 -9999 -9999 -9999 -9999 -9999 -9999 -9999 -9999 -9999 -9999 -9999 -9999 -9999 -9999 -9999 -9999 0.0460204594527453 0.0908644940109777 0.0830800152479311 0.0887568191324588 0.0919453908409063 0.0911363251069032 0.0883640122844599 0.0607084371186824 0.0141167198843768 0.0359219853015477 0.0624319787120308 0.087196973105558 0.128923453710903 0.0906142782724903 0.0387064297895607 0.0181920952678266 0.00640629254560937 -0.00567800733392693 -0.0148542355090154 -0.0218893888949805 -0.0264267765059078 -0.0263429231226394 -0.0213369800826395 -0.0165480595764845 -0.0117661375790502 -0.00385702219458134 0.0101395671199127 0.0341096118452514 0.0654561367383149 0.101843061413818
-9999 -9999 -9999 -9999 -9999 -9999 -9999 -9999 -9999 -9999 -9999 -9999 -9999 -9999 -9999 -9999 -9999 -9999 -9999 -9999 -9999 -9999 -9999 -9999 -9999 -9999 0.0492836572077306 0.0634944726703453 0.0806110068695895 0.088762178696611 0.0958547476034716 0.0908020421831154 0.0845417956107872 0.0492360437709193 0.0130496025074464 0.0432107410510277 0.0672774304057911 0.102575009969072 0.116517349104026 0.0961309450630919 0.0641294236262718 0.0443035361436181 0.0269853566307053 0.015324489385913 0.00590279699869301 -0.00353913055606569 -0.0101824867317334 -0.0186730567167527 -0.020143365766213 -0.0168632985097011 -0.0102503447815463 -0.00446579870434355 0.0110312646347732 0.0325344566130665 0.0539712699390749 0.0821257789050515
-9999 -9999 -9999 -9999 -9999 -9999 -9999 -9999 -9999 -9999 -9999 -9999 -9999 -9999 -9999 -9999 -9999 -9999 -9999 -9999 -9999 -9999 -9999 -9999 -9999 -9999 0.0567925187139522 0.0593968403840886 0.0764739608310025 0.0843111333526245 0.0871049289985582 0.0829590771917019 0.0647310403245852 0.0318302964632375 0.0300312488074838 0.0764110889720234 0.110449459793256 0.11955287952315 0.104183483912302 0.0919295630057529 0.0851040323880631 0.0677430301327812 0.0500068565550044 0.0400259770726725 0.0365818731959769 0.0322434051942032 0.0102091657938311 -0.0123555495851941 -0.0192584846633213 -0.0178495147831 -0.012074135843441 -0.00453692748052703 0.00802472035564433 0.0238733368762967 0.0412390901010026 0.0603329513841496
-9999 -9999 -9999 -9999 -9999 -9999 -9999 -9999 -9999 -9999 -9999 -9999 -9999 -9999 -9999 -9999 -9999 -9999 -9999 -9999 -9999 -9999 -9999 -9999 -9999 0.254623694049235 0.0627191125513387 0.0676218446986996 0.0742569303190515 0.0772378345683173 0.0807124661304111 0.0672462375767185 0.0405796186926637 0.0380334931398233 0.0868787932918871 0.113793147225069 0.130927723831593 0.111057736131928 0.087495330624454 0.0880224889596146 0.0931326520202431 0.0765354525793263 0.0629024509673347 0.0589605266886009 0.0618451584918488 0.0766714407774682 0.0352360973637004 -0.0064877091857703 -0.0172753522381605 -0.015861331809067 -0.0111698496684909 -0.00427531963678301 0.00554377736916867 0.0159411217262695 0.0275624314392872 0.0384688701352672
-9999 -9999 -9999 -9999 -9999 -9999 -9999 -9999 -9999 -9999 -9999 -9999 -9999 -9999 -9999 -9999 -9999 -9999 -9999 -9999 -9999 -9999 -9999 -9999 -9999 0.138756476471083 0.0663603020024513 0.0727572602538203 0.0753647154732487 0.072899033359475 0.0691631643832707 0.0504153134522348 0.0403157738970132 0.0788121470392081 0.102885879013244 0.0951773745024696 0.0941154573289406 0.0924550430121563 0.0824119208240198 0.0787462329565815 0.078952554380832 0.0695301148995986 0.0603300600280438 0.0581103702939743 0.0637882521578337 0.0667219065473747 0.0354435792039152 -0.000216274586072485 -0.0111549990778691 -0.0111637599434191 -0.00638463038897064 -0.0012506200679383 0.00536341757472419 0.0117547257387542 0.0192994090049604 0.0257433480226671
-9999 -9999 -9999 -9999 -9999 -9999 -9999 -9999 -9999 -9999 -9999 -9999 -9999 -9999 -9999 -9999 -9999 -9999 -9999 -9999 -9999 -9999 -9999 -9999 -9999 0.102560867984864 0.0681199279144331 0.0760533079786236 0.0765454594070448 0.0673869312909712 0.0604489930391062 0.0410184906757108 0.05208664128189 0.0870762181870977 0.079743252512426 0.0630200593506674 0.0633296443964621 0.0678627278585042 0.0682446826517949 0.0675838554760114 0.0668047465248949 0.059941889755936 0.0503843242760363 0.045897432811679 0.048060943207985 0.0558354019704195 0.0261097000944241 0.000430121021178065 -0.00632507041951008 -0.00543387524460415 -0.00168010192197587 0.00208775919766818 0.00738049502930854 0.0117903427446518 0.0169363312058614 0.0198741645155259
-9999 -9999 -9999 -9999 -9999 -9999 -9999 -9999 -9999 -9999 -9999 -9999 -9999 -9999 -9999 -9999 -9999 -9999 -9999 -9999 -9999 -9999 -9999 -9999 -9999 0.0500700276099666 0.0585022306184437 0.0691213910326416 0.0671529686102924 0.0575571891998905 0.0460258637208224 0.0371469289576088 0.0526717333000321 0.0694803566548114 0.0611417890806117 0.0520802780992175 0.050353278080406 0.0502232142662465 0.0511452782442663 0.0537413802952837 0.0552151006566088 0.0500797723820365 0.0408506010076466 0.0336843622717237 0.0271524982073459 0.0211021787240637 0.0107345527162534 0.00158100124651983 -0.00172330721423497 -0.000668664353886461 0.00249805736473879 0.00623257978667846 0.0104942970832481 0.0127911985448578 0.0160314179108699 0.0180807019489981
-9999 -9999 -9999 -9999 -9999 -9999 -9999 -9999 -9999 -9999 -9999 -9999 -9999 -9999 -9999 -9999 -9999 -9999 -9999 -9999 -9999 -9999 -9999 -9999 -9999 0.0335102976816863 0.0481306904920444 0.062206022456886 0.0583843155100878 0.0481436370940057 0.0398415407650257 0.0345915710534329 0.0484906775395852 0.0566549212996212 0.0504316398388959 0.0457937801412366 0.0455950607870633 0.0438046168318232 0.04342130003925 0.0448577006943691 0.0463073465646212 0.0424737115079042 0.0350302816123217 0.0294848189503135 0.0216665817456934 0.0165874946960632 0.00936323770422021 0.00434534769806127 0.00258355166613716 0.00454757764658875 0.00693705344487738 0.0101058961465368 0.0138109969912977 0.0155545666986949 0.0186921706310224 0.0192465596906253
-9999 -9999 -9999 -9999 -9999 -9999 -9999 -9999 -9999 -9999 -9999 -9999 -9999 -9999 -9999 -9999 -9999 -9999 -9999 -9999 -9999 -9999 -9999 -9999 -9999 0.028113604652596 0.0423837097698811 0.0557984006816452 0.0513352732259758 0.0438451996606244 0.0361667472272694 0.0340924614946291 0.0443156225186508 0.0484248261430005 0.0462661154526555 0.0450563585993321 0.044605820953064 0.0424558358634052 0.0415688789932939 0.0414976505813987 0.0411753075376928 0.0377232372990237 0.0351735593942019 0.0335162731153187 0.0266531150255494 0.0196266157417395 0.0133860024970143 0.00950127675382478 0.00764210793504044 0.00874006497561813 0.0112419427065694 0.0143084482220111 0.0175642278380095 0.0183529585345886 0.020247067045729 0.0216183879446675
-9999 -9999 -9999 -9999 -9999 -9999 -9999 -9999 -9999 -9999 -9999 -9999 -9999 -9999 -9999 -9999 -9999 -9999 -9999 -9999 -9999 -9999 -9999 -9999 -9999 0.0298148395131402 0.0406487193961889 0.0539335769101814 0.0499326321305882 0.0431461245853395 0.0352434770825063 0.0328351171395779 0.0401641018127095 0.0433408652219383 0.0440645823897855 0.0447796143309178 0.0435298024581633 0.0416018819222188 0.040700762626182 0.0397663331995111 0.0390670761705377 0.0369517105942139 0.0388671204049901 0.0389709270106868 0.0304648319472286 0.0234085222030789 0.0176848577658342 0.0143397339109838 0.012555781041662 0.0136216862204605 0.0149042390435981 0.0170288877758333 0.0202921761716242 0.0212046065106676 0.0234795095252378 0.023832491555387
-9999 -9999 -9999 -9999 -9999 -9999 -9999 -9999 -9999 -9999 -9999 -9999 -9999 -9999 -9999 -9999 -9999 -9999 -9999 -9999 -9999 -9999 -9999 -9999 -9999 0.0331685434576245 0.0396141157724374 0.0539411380010128 0.0518358235346311 0.0451675348658653 0.0368036527158755 0.0348956863811364 0.0378826106068169 0.0395049190866435 0.0414963051185074 0.0425003954977057 0.0420901811353306 0.0410642033440829 0.0403919231460909 0.0393471632032378 0.038252476147511 0.0377108183939066 0.0407684515986433 0.0410619041142475 0.0342460317147728 0.0268964037733974 0.0218896816549147 0.0188133480409217 0.0167582128988298 0.0171640568254453 0.0184616936222463 0.0201327669930594 0.0221104253673734 0.0228900529981978 0.0248737956767454 0.0266779418923963
-9999 -9999 -9999 -9999 -9999 -9999 -9999 -9999 -9999 -9999 -9999 -9999 -9999 -9999 -9999 -9999 -9999 -9999 -9999 -9999 -9999 -9999 -9999 -9999 -9999 0.0393718753521984 0.0384948149096883 0.0511351790198134 0.0531711423464742 0.0472357405080181 0.0399693684501134 0.0376626976608572 0.0394901375772442 0.0396502042602526 0.0410056546663854 0.042258359611663 0.0419772666661246 0.0413602498463022 0.0406043621323927 0.0392041664217338 0.0380736437912611 0.0379546098661815 0.0416492252594322 0.0426000092837315 0.0364125536291353 0.030470858469559 0.0262030392921244 0.023342038783657 0.0208069421662848 0.0205553036604376 0.0207392249206549 0.0212613831396228 0.0236397085639618 0.0246526861901078 0.0269819268428439 0.0286289914467323
-9999 -9999 -9999 -9999 -9999 -9999 -9999 -9999 -9999 -9999 -9999 -9999 -9999 -9999 -9999 -9999 -9999 -9999 -9999 -9999 -9999 -9999 -9999 -9999 -9999 0.0465076169548321 0.0387392637751948 0.0488090558747708 0.0527806948255862 0.0486604963820118 0.0450940940319679 0.0427508514227959 0.0431402747687931 0.0418326905076585 0.041969376523886 0.0423304589604953 0.0422271647196326 0.0413920541296908 0.0404099141793102 0.0393202629941086 0.0382749242129944 0.0377708179270406 0.0415530469766973 0.0430722906391853 0.038728233168806 0.0342941022303048 0.0305795543162311 0.0276445965755238 0.0245447673244262 0.0230217145359718 0.0217599781228655 0.0224910774219087 0.0254787168445312 0.0257450222549097 0.0281956381656593 0.0295531393008345
-9999 -9999 -9999 -9999 -9999 -9999 -9999 -9999 -9999 -9999 -9999 -9999 -9999 -9999 -9999 -9999 -9999 -9999 -9999 -9999 -9999 -9999 -9999 -9999 0.103603265267047 0.0448312653587225 0.0408845093274114 0.0486274258467587 0.0541432742356365 0.0491676352308303 0.0461577691632828 0.045229864081451 0.0466689772345249 0.0447666386502817 0.043269704935863 0.0431340603068857 0.0427420207767649 0.0419060143644888 0.0407263157131996 0.0394561176852403 0.0386501110407406 0.0378971158828134 0.0407707201419555 0.0424743409175924 0.0398492250168955 0.0365766340071947 0.0339049175793751 0.0312293586083645 0.0275887578244846 0.0246330822853638 0.0231122435558345 0.0242673417569386 0.0266547625763381 0.02746962520442 0.0346319537438506 0.0415582491571088
