meets/meet004/_saidas_enm/CCSM_Maha_21k_Aralia_warmingiana4.asc
NCOLS 154 
NROWS 168 
XLLCORNER -112 
YLLCORNER -55.5 
CELLSIZE 0.5 
NODATA_value -9999 
[rows 100 to 124 of 168, columns 56 to 111 of 154]
-9999 -9999 -9999 -9999 -9999 -9999 -9999 -9999 -9999 -9999 -9999 -9999 -9999 -9999 -9999 -9999 -9999 -9999 -9999 -9999 -9999 -9999 -9999 -9999 -9999 -9999 -9999 -9999 -211.396076634274 -216.848815255531 -259.059411089651 -360.706450496271 -457.486413314054 -511.003346460494 -500.803590296981 -425.772470669768 -343.071255019504 -258.676244598336 -141.596196238217 -58.4575672575789 -17.8151604106638 -4.16274581224511 -7.45100363097118 -9.65407221265988 -11.3159284903066 -10.0527747868364 -6.42468067668362 -3.25139352313705 -1.77072052794884 -0.981176511600866 -0.117224546025063 0.0816092427495069 -0.296477944252577 -0.338357476224641 0.256337756834462 -0.0689140808176014
-9999 -9999 -9999 -9999 -9999 -9999 -9999 -9999 -9999 -9999 -9999 -9999 -9999 -9999 -9999 -9999 -9999 -9999 -9999 -9999 -9999 -9999 -9999 -9999 -9999 -9999 -9999 -9999 -208.895318297546 -218.569275262826 -282.692190848912 -367.067499421937 -438.780490515163 -481.042864454628 -470.09216995647 -411.096557485946 -317.530052310295 -231.192067734866 -116.920514328129 -46.7752668187864 -13.9326538292084 -5.13695237228082 -8.8562403422624 -10.5092834783246 -11.3453278801272 -10.3239114012574 -6.64379839459583 -4.70667448991034 -3.31948554401178 -1.81580620201281 -0.82749818651854 -0.224455689715491 -0.302631995617826 -0.635979665705601 -0.0412962473801664 -0.565350012283515
-9999 -9999 -9999 -9999 -9999 -9999 -9999 -9999 -9999 -9999 -9999 -9999 -9999 -9999 -9999 -9999 -9999 -9999 -9999 -9999 -9999 -9999 -9999 -9999 -9999 -9999 -9999 -198.175166825877 -220.245260145814 -220.587342826066 -270.205188292687 -355.887972984673 -414.29485731333 -445.947083115864 -440.387004569771 -374.332978804112 -292.878240060889 -200.342580208987 -95.2186351969408 -35.5683106002552 -12.335077237149 -7.564907499562 -10.1042667952699 -11.5239309101059 -11.974974267686 -10.482893835681 -7.58060210504789 -5.44936374553189 -3.98858831730489 -2.40130127080159 -1.54068552594531 -0.690710267007658 -0.157598454862764 -0.299733322795743 -0.616301488513813 -0.365749187628467
-9999 -9999 -9999 -9999 -9999 -9999 -9999 -9999 -9999 -9999 -9999 -9999 -9999 -9999 -9999 -9999 -9999 -9999 -9999 -9999 -9999 -9999 -9999 -9999 -9999 -9999 -9999 -207.29816861361 -221.934825275351 -214.664487922106 -266.798271633596 -345.897657436652 -393.465633885638 -420.869156136672 -416.805869926663 -357.185887756274 -266.291669143668 -168.852432069477 -75.5876972114783 -28.6357646679152 -12.965861211132 -9.87756041381707 -12.3357308731851 -13.3513489432373 -12.9210094225506 -11.7115584539476 -8.96378235183965 -6.36516974375484 -4.73986162900299 -3.28187558191722 -2.24129025878866 -1.48674641169991 -0.938645606653659 -0.380479997157146 -0.932959680616276 -0.832480454123985
-9999 -9999 -9999 -9999 -9999 -9999 -9999 -9999 -9999 -9999 -9999 -9999 -9999 -9999 -9999 -9999 -9999 -9999 -9999 -9999 -9999 -9999 -9999 -9999 -9999 -9999 -9999 -207.488102350748 -216.286571576401 -221.074479732379 -273.173202766457 -349.344911335779 -393.539803666713 -411.085239851825 -404.437262085352 -340.105329452276 -245.316268685865 -137.624716055347 -56.2983224292243 -22.3605747818871 -11.5614670257971 -10.9126782309523 -14.0607581439971 -14.2034496732383 -14.1643453430708 -13.1947974041214 -10.4912104329762 -7.69163656833437 -5.94238477212796 -4.60980017101219 -3.38547569725654 -2.28260944595338 -1.4223659960305 -1.38668145041666 -1.4409758129041 -0.996656341863105
-9999 -9999 -9999 -9999 -9999 -9999 -9999 -9999 -9999 -9999 -9999 -9999 -9999 -9999 -9999 -9999 -9999 -9999 -9999 -9999 -9999 -9999 -9999 -9999 -9999 -9999 -9999 -200.314632890902 -206.447047602406 -220.368519625486 -284.068491256575 -365.446390622281 -405.835562168198 -418.394331068342 -404.346331261176 -337.93465134205 -228.052004046393 -112.139397124336 -42.3282182890234 -19.4030181403078 -11.7167504684099 -12.3338034061567 -16.4029515875403 -15.3459153244829 -14.8450287046826 -13.8797529347726 -11.6413313644551 -9.18711494459255 -7.50658322119973 -6.32899664992013 -4.9391854742452 -3.54637912701881 -2.42173545629845 -2.03853316728213 -1.71179657407779 -0.904891519866668
-9999 -9999 -9999 -9999 -9999 -9999 -9999 -9999 -9999 -9999 -9999 -9999 -9999 -9999 -9999 -9999 -9999 -9999 -9999 -9999 -9999 -9999 -9999 -9999 -9999 -9999 -9999 -184.183452273551 -198.456664926151 -229.89904249801 -307.894322166962 -387.022433530564 -433.827817566776 -434.553898843698 -411.393174593409 -342.896680941802 -215.564207714819 -93.4987717116633 -31.4483877055518 -15.5152243389246 -12.4514916800705 -14.0125458222341 -17.9353205596581 -16.5080837208561 -15.2349918249615 -14.0770780562235 -12.5214693795879 -10.4486330471037 -8.44909196853983 -7.22941903540647 -6.26019104825139 -5.84878602501008 -4.0222438270502 -3.14381691457773 -2.45823475842011 -1.51879506071234
-9999 -9999 -9999 -9999 -9999 -9999 -9999 -9999 -9999 -9999 -9999 -9999 -9999 -9999 -9999 -9999 -9999 -9999 -9999 -9999 -9999 -9999 -9999 -9999 -9999 -9999 -9999 -166.658760267753 -192.863088884579 -245.013302289212 -337.5839467986 -410.187940100401 -449.827426207209 -445.867939172115 -415.391172590113 -343.842407787093 -207.578992281752 -78.0776760282197 -24.2275815414766 -13.3869374713392 -13.4364770943404 -16.1610400389707 -19.3103835464677 -18.5693167718854 -16.8883939384868 -15.2557072149866 -13.4546464377712 -10.9862535042578 -9.01439228436287 -7.82816716611577 -7.15077632044054 -6.87959037335789 -5.39620597385998 -4.02038382753249 -2.83538497941877 -1.70371193665038
-9999 -9999 -9999 -9999 -9999 -9999 -9999 -9999 -9999 -9999 -9999 -9999 -9999 -9999 -9999 -9999 -9999 -9999 -9999 -9999 -9999 -9999 -9999 -9999 -9999 -9999 -9999 -150.534524760123 -188.941303469117 -259.506758036054 -366.162249589629 -418.325013324604 -456.886411484746 -444.385307804642 -407.043047087805 -342.232026328606 -191.287936534565 -64.5481295623545 -19.2698037684521 -12.7858351304178 -15.2634526795663 -18.8607385522863 -21.2256501226327 -21.6340457463 -19.8818968557669 -18.2445407059011 -16.1011985702988 -13.2099056758769 -10.7237892272246 -9.20524552431437 -8.61453346686822 -8.08994148637492 -6.52660974079341 -4.91407502328018 -3.3947834435648 -2.29937303452741
-9999 -9999 -9999 -9999 -9999 -9999 -9999 -9999 -9999 -9999 -9999 -9999 -9999 -9999 -9999 -9999 -9999 -9999 -9999 -9999 -9999 -9999 -9999 -9999 -9999 -9999 -9999 -150.350789736106 -196.50645810776 -265.522748793926 -352.793297841336 -398.512964011303 -422.451979899409 -404.838826160805 -370.627373553372 -300.49934647739 -161.01095322506 -54.0836000949053 -18.854446796203 -12.6590339484856 -17.4523775734466 -21.7793653669405 -23.1366290139722 -23.6596207223104 -22.1601198875596 -20.5832867709817 -18.0048128870574 -14.9429459634165 -12.4595441112546 -10.9171051653983 -10.2807991238941 -9.78043583751552 -7.70543495178825 -5.86194203079387 -4.00209679088894 -2.57749778030205
-9999 -9999 -9999 -9999 -9999 -9999 -9999 -9999 -9999 -9999 -9999 -9999 -9999 -9999 -9999 -9999 -9999 -9999 -9999 -9999 -9999 -9999 -9999 -9999 -9999 -9999 -129.936362776767 -152.362406887686 -200.942735771957 -261.504315073479 -330.225568059451 -354.368355750844 -371.666531936943 -346.926128702307 -313.932780435099 -258.822688072679 -126.076005510034 -46.4550025801828 -17.7709620651261 -13.6044237066501 -20.4825997800587 -24.2834926432607 -25.5082795590596 -25.1113140727272 -23.5293060663952 -21.3974562046675 -18.5573992212728 -16.0359874050108 -14.086927054706 -12.8270096221178 -11.9783241802484 -11.0698781498228 -8.78951023907177 -6.87639701715176 -4.79898532431047 -3.36134293254311
-9999 -9999 -9999 -9999 -9999 -9999 -9999 -9999 -9999 -9999 -9999 -9999 -9999 -9999 -9999 -9999 -9999 -9999 -9999 -9999 -9999 -9999 -9999 -9999 -9999 -9999 -132.276694834649 -168.409087592697 -210.032415720929 -251.849194461027 -282.565929041753 -306.416295359678 -317.256373428891 -285.175692141662 -240.330170461362 -172.596782211877 -85.6606133660084 -37.0994023760663 -18.1241791277773 -17.7388435836058 -21.8062252120232 -25.0779180676826 -25.762806995877 -25.3879924854367 -23.7730008172661 -21.8514316604144 -19.5769371125853 -17.5705696039916 -15.7598137932482 -14.4605727328226 -13.6030211125287 -11.7207147734028 -9.34692976381137 -7.20761513183457 -5.52314335769506 -3.98578745526372
-9999 -9999 -9999 -9999 -9999 -9999 -9999 -9999 -9999 -9999 -9999 -9999 -9999 -9999 -9999 -9999 -9999 -9999 -9999 -9999 -9999 -9999 -9999 -9999 -9999 -9999 -140.277578562469 -186.049196047883 -225.873728798894 -244.482194857434 -243.117860281076 -256.423650526723 -270.648928619979 -226.838735967561 -165.932564036378 -104.991092737087 -53.653771008881 -28.3503016589945 -21.4087930822298 -22.6290713426375 -25.9099800511938 -26.7977394853279 -26.6947373476386 -25.9439282138885 -24.4194753255246 -23.5585636528497 -20.9608899665737 -19.0058770259613 -17.4370040789306 -16.2598188706091 -15.3376587292437 -12.7962123974243 -9.84520637492232 -7.95080394609024 -6.41952552812334 -4.83614675165543
-9999 -9999 -9999 -9999 -9999 -9999 -9999 -9999 -9999 -9999 -9999 -9999 -9999 -9999 -9999 -9999 -9999 -9999 -9999 -9999 -9999 -9999 -9999 -9999 -9999 -9999 -146.549686821786 -219.778710367113 -262.128254369192 -250.430914989435 -215.775800048017 -207.581897389782 -197.599959685008 -149.139416070682 -103.138098292138 -65.0604883416339 -41.3288345130567 -24.9623002993235 -24.9857212459647 -27.414090259781 -29.3186320284046 -29.2105274506775 -28.4115914442242 -27.0921185979593 -25.4094672399173 -23.745733336382 -21.899396754198 -20.601947885447 -19.3548390668522 -18.1999167891675 -16.9709025988531 -14.2372625560699 -11.4614711674257 -9.41603423476618 -7.81438718899136 -6.29304977149039
-9999 -9999 -9999 -9999 -9999 -9999 -9999 -9999 -9999 -9999 -9999 -9999 -9999 -9999 -9999 -9999 -9999 -9999 -9999 -9999 -9999 -9999 -9999 -9999 -9999 -79.0906072806293 -155.784391271979 -266.903255351661 -307.006219560456 -250.208648542566 -199.79648906545 -164.628626395738 -133.835148082259 -91.4040476784924 -65.7788267489121 -58.3615333726761 -36.2690917675345 -28.1700491051612 -29.6704991021833 -32.2297389026774 -34.0820573387779 -32.1722542654412 -30.8019065547758 -29.1348875667766 -27.3253588106794 -25.9069219589306 -23.474580838356 -22.3653718257098 -21.5665049296924 -20.5161646130964 -18.9208314373707 -16.3229655043376 -13.7254460851205 -11.6256053300305 -9.66554905772329 -8.27296403919889
-9999 -9999 -9999 -9999 -9999 -9999 -9999 -9999 -9999 -9999 -9999 -9999 -9999 -9999 -9999 -9999 -9999 -9999 -9999 -9999 -9999 -9999 -9999 -9999 -9999 -104.29310664795 -167.390057930225 -255.684331151622 -283.564976919721 -235.034901304117 -177.923171206653 -132.055963393833 -89.9356709133492 -58.3733243218113 -53.4702923902298 -48.3499681585023 -40.3691383590365 -33.8917003948393 -34.7408724726868 -35.6611012116959 -35.9664086071102 -34.6866446642465 -33.2140463891968 -31.5672858431573 -30.0464965462846 -28.4829515911791 -25.9497184123524 -24.7440958608927 -23.9392696631538 -22.9312820397549 -21.2625769954899 -18.5313680174103 -16.1049087621437 -14.1575911780691 -12.3332020769865 -10.9229802612626
-9999 -9999 -9999 -9999 -9999 -9999 -9999 -9999 -9999 -9999 -9999 -9999 -9999 -9999 -9999 -9999 -9999 -9999 -9999 -9999 -9999 -9999 -9999 -9999 -9999 -111.924326812149 -171.049234115777 -246.880858407355 -262.648503616075 -212.708301387015 -160.876091978382 -108.46189942252 -65.0870115878929 -46.7974255766928 -47.4956945263935 -51.6250230981968 -46.6544538514166 -40.3287089885834 -39.1379145458364 -39.1770202221735 -38.2438869865543 -37.107769474776 -35.8768757412905 -34.4166387140352 -32.7959695195188 -31.532028888634 -29.0279903989753 -27.8960526814438 -26.9560476933615 -25.7268920603029 -24.301263501578 -21.5308225612729 -19.0490911074155 -17.1470109228482 -15.395604121983 -14.1536778147558
-9999 -9999 -9999 -9999 -9999 -9999 -9999 -9999 -9999 -9999 -9999 -9999 -9999 -9999 -9999 -9999 -9999 -9999 -9999 -9999 -9999 -9999 -9999 -9999 -9999 -112.203743625112 -169.549197038489 -238.658381817319 -246.384615226253 -196.748156949338 -142.791830777361 -91.8982548659856 -55.7471687774272 -44.4806096694439 -47.9749488880127 -54.4225400877492 -53.4302151628626 -50.3305493739221 -48.4435030677603 -45.5300644601636 -43.2704157498573 -40.808214852533 -39.0828080521112 -37.5337740361998 -36.0785056037468 -34.6226980859573 -32.5120963519945 -30.79389218419 -29.5759870818244 -28.6213622427714 -27.5261281721135 -24.6557131571961 -22.2246087853056 -20.5048040396787 -18.8622600763925 -17.7580216666212
-9999 -9999 -9999 -9999 -9999 -9999 -9999 -9999 -9999 -9999 -9999 -9999 -9999 -9999 -9999 -9999 -9999 -9999 -9999 -9999 -9999 -9999 -9999 -9999 -9999 -108.995196056272 -167.10567385856 -239.223987855294 -242.108184638492 -186.515350604822 -133.430250042283 -81.6952787012922 -53.3950845218166 -44.8132432718379 -51.7578894753134 -59.7554061888993 -60.9147224987144 -62.5510168445319 -60.4258094578486 -54.5610262893596 -50.8021591858037 -46.3258953209231 -43.3013532766175 -41.5249416573622 -40.1185892512854 -39.3149885285615 -36.5362670003071 -34.1867708366946 -32.7881279423169 -31.9368132007956 -31.1108775101705 -28.4990488161293 -26.093447733563 -24.261489349036 -22.7169400121364 -21.6808598771967
-9999 -9999 -9999 -9999 -9999 -9999 -9999 -9999 -9999 -9999 -9999 -9999 -9999 -9999 -9999 -9999 -9999 -9999 -9999 -9999 -9999 -9999 -9999 -9999 -9999 -116.051490384422 -171.654252145301 -240.875124378933 -238.402073144639 -178.136281260337 -118.573226971696 -76.6535465150379 -56.5637737474862 -48.880910284993 -54.7113551059725 -63.1545769680267 -66.1067712960398 -68.411858819522 -67.4065772620392 -62.1919905863894 -56.5189408572192 -51.3760252628869 -48.0948048992425 -45.8964423494982 -43.9417593388276 -42.1574665390886 -40.013260038623 -38.150628711323 -36.7142048998274 -35.4355364080442 -33.4153699743388 -30.8206187240926 -28.7198413605128 -26.6142042672084 -24.8830231425286 -23.555563990883
-9999 -9999 -9999 -9999 -9999 -9999 -9999 -9999 -9999 -9999 -9999 -9999 -9999 -9999 -9999 -9999 -9999 -9999 -9999 -9999 -9999 -9999 -9999 -9999 -9999 -115.642410189398 -173.616757917685 -248.877030807313 -244.229764278975 -176.010907174593 -112.489076189538 -75.0061127620236 -58.6556516340477 -52.5828829743537 -58.0300683467356 -65.056729774152 -68.4608519027914 -71.9901020763755 -71.9282614784009 -67.5066588368953 -62.1717212387792 -55.9857449197761 -52.1496264287306 -49.3385604361444 -46.9625395618144 -45.2335815130231 -43.4081008210536 -41.7689249604401 -40.365536321532 -39.0684467014524 -36.2599872226146 -33.8318029801944 -31.5196592290959 -29.4421346860664 -27.7173934801202 -26.084482950812
-9999 -9999 -9999 -9999 -9999 -9999 -9999 -9999 -9999 -9999 -9999 -9999 -9999 -9999 -9999 -9999 -9999 -9999 -9999 -9999 -9999 -9999 -9999 -9999 -9999 -116.533692301743 -177.056103770678 -255.60451743013 -251.92148426929 -180.680513674834 -114.394646502225 -77.8048540225016 -63.2390782916598 -56.6057046630548 -60.2453604793523 -66.4213380329249 -70.5537443908403 -73.5408830392023 -74.3241649181863 -72.3823095855289 -67.643130980761 -60.2905373535149 -55.513531857473 -52.1432373253974 -49.9917712902284 -48.2383926860544 -46.6367028250058 -45.1718964151706 -43.5483701601004 -42.1476832945857 -39.4233587987223 -36.5239467048921 -34.2621373166376 -32.1169906955292 -30.3403931701691 -29.0510715400878
-9999 -9999 -9999 -9999 -9999 -9999 -9999 -9999 -9999 -9999 -9999 -9999 -9999 -9999 -9999 -9999 -9999 -9999 -9999 -9999 -9999 -9999 -9999 -9999 -9999 -115.921474762764 -175.611942897715 -258.678695416762 -261.4768691768 -188.427371531814 -118.467964147773 -81.7571969152396 -67.7176226741373 -61.3826524082539 -64.7493291572639 -70.7244667970669 -74.3324574506867 -76.9248127884648 -77.6348141866617 -76.1151545856846 -71.7512627303123 -63.5405891645048 -58.5496564473512 -54.9344160404135 -53.0466286132888 -51.8538154245538 -50.0312374318628 -48.246542577716 -46.8745964073328 -44.8590280985222 -42.2945264195542 -39.4589133201071 -36.9860914367885 -35.5208136365832 -33.9622235947503 -32.9222894312352
-9999 -9999 -9999 -9999 -9999 -9999 -9999 -9999 -9999 -9999 -9999 -9999 -9999 -9999 -9999 -9999 -9999 -9999 -9999 -9999 -9999 -9999 -9999 -9999 -9999 -120.344872377681 -178.158679101299 -260.522583436247 -268.288938057594 -198.720869369045 -125.297150818983 -87.7691581242078 -72.4562831662018 -66.1700885644406 -68.7053303459013 -74.6386921727453 -77.4229196024852 -80.5785743659659 -80.3809144557409 -76.5876970549006 -72.630615229849 -65.1233511949777 -60.5759717632907 -57.8948031359261 -56.6455862426853 -55.7429795040041 -53.5886388967509 -51.7573568348866 -49.9506552700475 -46.963633781451 -44.0366027706293 -41.8290266945568 -40.9277155013566 -39.0115928811899 -37.4316295611634 -36.8140858438023
-9999 -9999 -9999 -9999 -9999 -9999 -9999 -9999 -9999 -9999 -9999 -9999 -9999 -9999 -9999 -9999 -9999 -9999 -9999 -9999 -9999 -9999 -9999 -9999 -123.974864072262 -126.204098009539 -180.868882705279 -266.196028633886 -280.771710626758 -214.557492786307 -140.56757773876 -97.6286564497941 -77.1136748462769 -69.9823953963136 -70.5890711037266 -75.6624903547307 -77.401723565888 -78.9615076385921 -77.9786951054942 -73.9821013363399 -70.302298641675 -65.3882958011587 -62.6562543495831 -60.9072422101053 -60.0698113445578 -59.0429212878094 -57.3748854434446 -55.5471041754731 -53.6909858453641 -50.5767838539554 -47.3117942536345 -45.8498342279267 -45.146456373937 -43.3792890473793 -41.1241007180519 -39.4439845415949
