meets/meet004/_saidas_enm/CCSM_Maha_0k_Aralia_warmingiana1.asc
NCOLS 154 
NROWS 168 
XLLCORNER -112 
YLLCORNER -55.5 
CELLSIZE 0.5 
NODATA_value -9999 
[rows 100 to 124 of 168, columns 56 to 111 of 154]
-9999 -9999 -9999 -9999 -9999 -9999 -9999 -9999 -9999 -9999 -9999 -9999 -9999 -9999 -9999 -9999 -9999 -9999 -9999 -9999 -9999 -9999 -9999 -9999 -9999 -9999 -9999 -9999 -187.231044505308 -142.543662825015 -139.383491470986 -183.807598464207 -233.326698645551 -262.265264736844 -253.969454394207 -209.850864729481 -170.488508587251 -126.023536599306 -72.2945911403526 -24.0487678152896 -5.0134077064777 -2.79147289804352 -3.54893137337524 -5.92576273635499 -8.06006370158453 -7.3462646939802 -4.96380474096557 -2.79209066859088 -1.39449391624145 -0.367617848170924 0.039689551286527 0.218974341091076 0.390376938349939 0.633177630696518 0.78110957302026 0.158006747290874
-9999 -9999 -9999 -9999 -9999 -9999 -9999 -9999 -9999 -9999 -9999 -9999 -9999 -9999 -9999 -9999 -9999 -9999 -9999 -9999 -9999 -9999 -9999 -9999 -9999 -9999 -9999 -9999 -196.362938030322 -147.347579115603 -154.650019872863 -191.91465286512 -226.692534419386 -246.574918091939 -235.526176230712 -199.068490617422 -157.638012512486 -115.108904345586 -63.6612399041155 -18.957911849034 -4.91041306276475 -4.68518512486881 -4.4264682521055 -7.35345417389909 -8.63322524789288 -7.86675911390773 -5.24927085657545 -4.07141304142385 -2.66164811974443 -0.47015206880705 -0.023420301727183 0.355297055299287 0.54010810761773 0.505688278457473 0.426254591360315 -0.353262892843381
-9999 -9999 -9999 -9999 -9999 -9999 -9999 -9999 -9999 -9999 -9999 -9999 -9999 -9999 -9999 -9999 -9999 -9999 -9999 -9999 -9999 -9999 -9999 -9999 -9999 -9999 -9999 -182.661095783479 -207.948408228218 -151.98445970575 -154.348078043027 -188.647479356288 -212.716331264606 -224.539576441116 -218.372577298889 -179.663125155024 -144.923755771671 -104.152298174561 -51.1286671247052 -13.9325990231875 -3.66847722376954 -5.94182454249694 -5.8089860850624 -8.09901338006667 -9.10444606920903 -7.81554447296604 -5.45349291792062 -3.69664778573884 -2.27153767962202 -0.897630222405564 -0.0443588823735148 0.264576431165188 0.317819084358493 0.435551355443096 0.0715735677154991 -0.581105254184112
-9999 -9999 -9999 -9999 -9999 -9999 -9999 -9999 -9999 -9999 -9999 -9999 -9999 -9999 -9999 -9999 -9999 -9999 -9999 -9999 -9999 -9999 -9999 -9999 -9999 -9999 -9999 -188.316422295218 -206.733441856746 -149.818399363504 -155.930195442815 -188.198419433609 -202.472668832594 -208.721844071104 -204.004415906371 -169.278855495414 -131.707016249104 -91.6049180553261 -40.1606764000842 -10.5635658540456 -4.06260794222494 -7.36643239741611 -7.38061624540561 -9.12250117598603 -9.65105082383313 -8.57623770945927 -6.05393028125027 -3.86296449404637 -2.48560507514046 -1.66300056294582 -0.862985874974056 -0.265035913047493 -0.0683585941637077 0.202519817449167 -0.0967963702636652 -0.847270553840608
-9999 -9999 -9999 -9999 -9999 -9999 -9999 -9999 -9999 -9999 -9999 -9999 -9999 -9999 -9999 -9999 -9999 -9999 -9999 -9999 -9999 -9999 -9999 -9999 -9999 -9999 -9999 -189.466581516234 -196.70031693907 -147.734888055137 -158.120492280027 -189.864020085181 -202.43819666826 -201.009267574515 -195.18276984776 -162.215100432085 -122.049322226486 -72.9856087133791 -27.8705630003133 -8.03076377715513 -4.86487417891161 -8.73155575919658 -8.84695325930928 -9.80367165402262 -10.3345984429024 -9.4777374332228 -6.93570016526207 -4.85925694445259 -3.48456422596902 -2.60417259455505 -1.84181405995742 -1.17886307232607 -0.644772586202087 -0.188937269515074 -0.419768540376436 -1.56904581122275
-9999 -9999 -9999 -9999 -9999 -9999 -9999 -9999 -9999 -9999 -9999 -9999 -9999 -9999 -9999 -9999 -9999 -9999 -9999 -9999 -9999 -9999 -9999 -9999 -9999 -9999 -9999 -178.987405649591 -186.308114212411 -149.518398849253 -165.909300137517 -198.835603836958 -210.007260901202 -203.748060495294 -195.829963026537 -165.458516834736 -117.704563625811 -61.2108338991772 -22.041217223533 -7.25868992133189 -5.51613397828851 -10.0119877510974 -10.5138263384227 -10.5495310037728 -10.5858717178683 -9.644357444715 -7.5270414383497 -6.00771538658426 -4.81296226371386 -4.26668038540394 -3.44050704130249 -2.52733541755684 -1.67428715824446 -1.02696391907358 -0.92832219342817 -1.60465065900936
-9999 -9999 -9999 -9999 -9999 -9999 -9999 -9999 -9999 -9999 -9999 -9999 -9999 -9999 -9999 -9999 -9999 -9999 -9999 -9999 -9999 -9999 -9999 -9999 -9999 -9999 -9999 -160.310198411236 -169.867290491374 -154.852831284106 -182.357989722003 -212.075100700395 -222.181386720045 -212.076632457578 -202.270469104617 -176.570149822156 -118.990601852367 -58.1085521781467 -22.1564730184951 -6.14963283991333 -5.50650825567014 -11.2194205166536 -11.7711679689547 -10.9856274631515 -10.3653581417695 -9.27277905892572 -8.15014057917701 -7.27427444892013 -6.67307844734879 -6.52445515118388 -5.5997368110984 -4.19932643214681 -3.11905815062353 -2.1777696212243 -1.68920620565904 -1.15114796154186
-9999 -9999 -9999 -9999 -9999 -9999 -9999 -9999 -9999 -9999 -9999 -9999 -9999 -9999 -9999 -9999 -9999 -9999 -9999 -9999 -9999 -9999 -9999 -9999 -9999 -9999 -9999 -136.031055877564 -156.551954973955 -163.225597287487 -202.831661714355 -228.398278667779 -232.773674338668 -219.195472087067 -207.187775820899 -186.655721484353 -124.383595725741 -59.3411971192803 -24.8649539817583 -6.4493343631776 -6.05651900454065 -12.3692119152101 -13.6767799487322 -12.3000589951482 -10.9506016892856 -9.74952225956259 -8.78449298140608 -8.1533096042684 -8.01538360354342 -8.19516154703589 -7.79110362117987 -6.35341450337872 -4.83524635507772 -3.51161746554185 -2.09933220698434 -0.851010498795223
-9999 -9999 -9999 -9999 -9999 -9999 -9999 -9999 -9999 -9999 -9999 -9999 -9999 -9999 -9999 -9999 -9999 -9999 -9999 -9999 -9999 -9999 -9999 -9999 -9999 -9999 -9999 -114.921501518901 -138.208412101203 -171.230760880774 -227.190301525704 -240.839309150487 -241.075002583483 -219.777061532258 -206.645447037618 -199.78531375237 -128.057169017435 -63.3226218314339 -26.9753296478206 -7.7842723327128 -7.51871369037652 -13.7695279810739 -15.1558078574984 -14.4789670190635 -13.1274287517587 -11.7075215919858 -10.0241228778769 -9.13647314326476 -8.96533836680411 -9.80723278606848 -9.39509908271324 -7.68013275578168 -5.803368213013 -3.87083778102911 -2.53209449873213 -1.13000692479288
-9999 -9999 -9999 -9999 -9999 -9999 -9999 -9999 -9999 -9999 -9999 -9999 -9999 -9999 -9999 -9999 -9999 -9999 -9999 -9999 -9999 -9999 -9999 -9999 -9999 -9999 -9999 -105.9271722874 -133.63171680531 -174.558573333996 -223.524144312151 -234.948109021901 -226.57402165891 -200.797741963277 -189.117628518731 -183.351852283635 -119.019431722287 -64.4592886224185 -27.7580624864406 -9.37364886239158 -9.03484853916978 -15.3226431823428 -16.4660537642497 -16.1985642565047 -14.9794280480816 -13.6619152000319 -12.1403150030668 -11.4537879189756 -10.3340810615574 -9.98065516474937 -9.50955179184112 -8.3854294589853 -6.81129482132361 -4.99451086127196 -3.68954944468217 -2.15204892450652
-9999 -9999 -9999 -9999 -9999 -9999 -9999 -9999 -9999 -9999 -9999 -9999 -9999 -9999 -9999 -9999 -9999 -9999 -9999 -9999 -9999 -9999 -9999 -9999 -9999 -9999 -76.0282069966171 -103.960486239114 -130.361233184518 -171.67179389084 -215.067089570638 -215.918989183797 -205.224241668657 -172.010658907998 -160.402784430183 -166.007303551436 -100.777497889645 -59.0766268447704 -29.9895328407266 -11.1657581084843 -12.5844222718093 -17.3781284366256 -18.4466746514106 -17.7116116189905 -16.8241668412719 -15.5708317878126 -14.2672790153118 -12.8825216123582 -11.6765891715509 -10.7446143152678 -9.80555779529459 -8.8438454592856 -8.10558935864853 -6.52559419220796 -5.24854646394719 -3.8272113135402
-9999 -9999 -9999 -9999 -9999 -9999 -9999 -9999 -9999 -9999 -9999 -9999 -9999 -9999 -9999 -9999 -9999 -9999 -9999 -9999 -9999 -9999 -9999 -9999 -9999 -9999 -76.4227517133492 -100.709495806432 -131.458213752546 -164.600567595979 -186.239417296065 -189.838951105048 -177.121325889525 -139.472407034853 -119.09375845434 -106.683928773482 -70.1693508729138 -39.1411459680237 -23.0388125457102 -13.7548783498983 -15.6269342771206 -20.3474042130984 -20.3220554965375 -19.8765795610335 -18.9840945062369 -17.635458521772 -15.8438185968523 -14.1083241316041 -12.5410130463578 -11.4641120757338 -10.5398757025818 -9.5703412853073 -8.67034125246949 -7.21536729556035 -6.2745254970862 -5.0836194951835
-9999 -9999 -9999 -9999 -9999 -9999 -9999 -9999 -9999 -9999 -9999 -9999 -9999 -9999 -9999 -9999 -9999 -9999 -9999 -9999 -9999 -9999 -9999 -9999 -9999 -9999 -76.0982722375495 -107.392227594296 -140.796758534833 -159.318384647198 -163.600537739986 -157.987897421878 -150.452079326183 -106.316874856849 -77.5344748442683 -67.2427910445979 -44.0204832966803 -23.3500193766582 -17.6349008553586 -17.5699842505745 -20.8466577186259 -23.1624519001165 -23.4819246981796 -22.4953956782357 -21.5544688393561 -20.8203516181511 -18.0034160874221 -15.282881425935 -13.2136020608928 -12.3695588659115 -11.5541574815359 -10.3708218893269 -8.98853362054357 -7.41275156198401 -6.58041802496144 -5.33390997072224
-9999 -9999 -9999 -9999 -9999 -9999 -9999 -9999 -9999 -9999 -9999 -9999 -9999 -9999 -9999 -9999 -9999 -9999 -9999 -9999 -9999 -9999 -9999 -9999 -9999 -9999 -79.1002845966127 -125.495388437478 -158.017650853878 -156.938315917149 -135.412953251653 -121.198332711622 -95.6625038982966 -60.5989771385467 -42.9513518415731 -41.0741590074771 -30.0971072787975 -19.3436863321603 -19.6811742173146 -23.0290036957867 -24.9387521076818 -25.6796151301478 -25.1687428626116 -24.8999772856329 -24.9000940357136 -23.8170572683479 -20.4352320470041 -16.9279386929051 -14.4708920208289 -13.4346901719215 -12.4025967210002 -10.9007178758632 -9.51206606027616 -7.95733144787275 -6.94657333511107 -5.9309102288996
-9999 -9999 -9999 -9999 -9999 -9999 -9999 -9999 -9999 -9999 -9999 -9999 -9999 -9999 -9999 -9999 -9999 -9999 -9999 -9999 -9999 -9999 -9999 -9999 -9999 -42.0184912413167 -88.1406597149298 -150.867828597876 -178.029285128086 -147.257083785224 -116.90479421612 -86.4014696732658 -52.9667212738462 -29.9858742890194 -28.1380615486577 -46.6173295373641 -31.2757308900308 -21.6723975613356 -26.0428150999761 -28.5214628816964 -30.8471346131058 -28.5725373850768 -26.9397047387853 -26.0552952239829 -26.9454127341483 -28.0048098023009 -23.6278493356605 -18.6722461309353 -15.8808521990366 -14.5071325978937 -13.1390768076227 -11.4163460822447 -10.4367671790862 -9.03722556267335 -8.12432377592527 -7.23212846388812
-9999 -9999 -9999 -9999 -9999 -9999 -9999 -9999 -9999 -9999 -9999 -9999 -9999 -9999 -9999 -9999 -9999 -9999 -9999 -9999 -9999 -9999 -9999 -9999 -9999 -55.8486096919891 -97.9947052040636 -150.516578800515 -165.933023802331 -131.606295121667 -94.9057117363734 -58.9607721288615 -29.4983086046403 -16.7214593080034 -26.3387079606394 -37.6151645677719 -33.3567729535523 -28.5114137902091 -31.1460662399804 -31.9749462888192 -32.2078249439718 -29.8522862709087 -28.1926158590727 -27.1790894341306 -27.9639685237796 -28.6914577372831 -24.9810477661334 -20.3852905005951 -17.255797944281 -15.0650967493709 -13.5231547726052 -12.0305558656582 -10.988853760341 -9.58383981956124 -8.59622542155185 -7.79259029671343
-9999 -9999 -9999 -9999 -9999 -9999 -9999 -9999 -9999 -9999 -9999 -9999 -9999 -9999 -9999 -9999 -9999 -9999 -9999 -9999 -9999 -9999 -9999 -9999 -9999 -60.3198263939677 -101.436360245949 -147.345995156556 -152.525423666532 -112.596081141858 -78.2279340205102 -42.246445955998 -19.0300399530986 -18.0071742398037 -28.3922958152083 -39.3822319925662 -35.0591367682258 -31.0202836959854 -31.7925967516424 -30.8922908481655 -31.8822900536637 -29.48668560093 -28.0475113007385 -27.2481820562369 -27.9994043376911 -29.3275319491503 -25.613091418342 -21.2371906949789 -18.0829287465327 -15.7371047415332 -13.9586334993169 -12.3979806897339 -11.3625973743059 -10.039230662794 -9.20720423891402 -8.31412012739881
-9999 -9999 -9999 -9999 -9999 -9999 -9999 -9999 -9999 -9999 -9999 -9999 -9999 -9999 -9999 -9999 -9999 -9999 -9999 -9999 -9999 -9999 -9999 -9999 -9999 -54.0545434037201 -95.3779763517034 -136.127378815839 -133.739098947835 -96.8150672615864 -59.7580432642398 -31.7978329024033 -19.4063008275646 -21.0616765736117 -30.2738883861156 -37.2949836086738 -34.5748185845079 -29.1593586360641 -27.7996419888189 -28.2293682573938 -28.7094455823102 -27.7801048369863 -27.0359495323171 -26.8460705345486 -27.475746283694 -27.5265771304639 -25.3291539701771 -21.4969734881873 -18.4472860593134 -16.2447363789063 -14.531321726916 -12.8711880265605 -11.657779544582 -10.3127894050342 -9.55878844327473 -9.05971590485933
-9999 -9999 -9999 -9999 -9999 -9999 -9999 -9999 -9999 -9999 -9999 -9999 -9999 -9999 -9999 -9999 -9999 -9999 -9999 -9999 -9999 -9999 -9999 -9999 -9999 -46.3872914203979 -88.1603095211537 -128.556741080595 -122.041951121292 -83.6218198661778 -50.7210730642184 -27.4639768284432 -21.9246687567266 -24.8860823023682 -33.0799358573375 -39.205023647457 -35.8414739999968 -31.8336102116693 -30.0646537351224 -28.8675181192501 -28.6218349385939 -27.4207797363954 -27.4272937141252 -27.8177930171524 -28.5091347021516 -28.1620301528164 -25.5345795477456 -21.8579489568381 -18.9219828711059 -16.8265947578149 -15.105334852524 -13.2958634946692 -12.0362410877065 -10.7713647760921 -10.1927954759373 -9.6246793631894
-9999 -9999 -9999 -9999 -9999 -9999 -9999 -9999 -9999 -9999 -9999 -9999 -9999 -9999 -9999 -9999 -9999 -9999 -9999 -9999 -9999 -9999 -9999 -9999 -9999 -47.4979921511578 -84.7150786691302 -121.299010330999 -112.913270940317 -75.3427911484763 -43.6095731388503 -27.4289873201751 -25.7275010976016 -29.465951489943 -36.097422466689 -40.170535017143 -37.324703927828 -34.7262077078375 -33.2627969821173 -31.2644274376306 -29.7298844461917 -28.6941703165201 -29.8674697585836 -30.6557522171497 -29.7211336030354 -28.0484703412295 -26.0305131426473 -22.7972180167531 -19.9671548817672 -17.6145256094161 -15.6581149811542 -13.9561798821853 -12.6820995709725 -11.3524195028736 -10.5175229750657 -9.89074378227134
-9999 -9999 -9999 -9999 -9999 -9999 -9999 -9999 -9999 -9999 -9999 -9999 -9999 -9999 -9999 -9999 -9999 -9999 -9999 -9999 -9999 -9999 -9999 -9999 -9999 -45.6197083476757 -81.9133795893382 -122.053711363445 -112.473703056882 -70.8005782456503 -41.4047989482373 -29.1971593022018 -28.4719961520487 -31.9665190603706 -36.2384970032792 -39.6166357559803 -37.5430630055538 -36.3716291834343 -35.4304694616907 -33.3230960128555 -31.4513834194963 -30.1173815338369 -31.9393631665295 -32.6991440433831 -30.7692035944936 -28.3394878389951 -26.8001377686674 -23.8019356516171 -21.1564528715101 -18.65505673972 -16.5720854326398 -14.7407821390229 -13.3861464848995 -12.0196866205324 -11.1500239334427 -10.3669772741511
-9999 -9999 -9999 -9999 -9999 -9999 -9999 -9999 -9999 -9999 -9999 -9999 -9999 -9999 -9999 -9999 -9999 -9999 -9999 -9999 -9999 -9999 -9999 -9999 -9999 -44.2901880444401 -80.4288995422041 -126.246322346635 -116.829762105752 -73.7567817912685 -43.9531239251652 -32.6683127733631 -30.768097580914 -32.2204489428112 -34.9431016630629 -36.6203065166734 -37.1507432657764 -37.0814632201482 -36.6716995525998 -35.3533273465915 -33.22690308884 -31.5050757459739 -32.7375895532396 -33.3858858816781 -31.4521445283008 -28.8808430919846 -27.4236686227912 -24.9359815161231 -22.2275715851105 -19.8766329643445 -17.8000409190643 -15.6534113190939 -14.000741258441 -12.6336868565461 -11.797810922501 -11.0884129899876
-9999 -9999 -9999 -9999 -9999 -9999 -9999 -9999 -9999 -9999 -9999 -9999 -9999 -9999 -9999 -9999 -9999 -9999 -9999 -9999 -9999 -9999 -9999 -9999 -9999 -42.3160677066152 -76.1918510639935 -123.752838249533 -121.592541044359 -78.5044331424652 -47.8415178968368 -36.1924930165884 -33.586230508235 -33.6381754577659 -35.4512824800122 -37.4049947176138 -38.3790715803271 -38.7292501612361 -38.363906260052 -37.0947814083954 -34.8920151413445 -32.5904110559754 -33.3989932256067 -33.9334336109154 -32.250454420164 -29.8939236546365 -28.299491193063 -26.3054525579015 -23.5057530137493 -20.7963496045843 -18.6506951328176 -16.4557997719387 -14.7262915412091 -13.3972482931443 -12.3467209495968 -11.5020984541036
-9999 -9999 -9999 -9999 -9999 -9999 -9999 -9999 -9999 -9999 -9999 -9999 -9999 -9999 -9999 -9999 -9999 -9999 -9999 -9999 -9999 -9999 -9999 -9999 -9999 -41.9062821595519 -74.1440741095594 -118.767746004797 -123.051512516518 -85.3196641764118 -54.2334094029048 -40.7268333125103 -37.1002672100815 -35.4402127919564 -36.9226679080923 -39.1272547788821 -39.8631823402484 -40.4368646282048 -39.6037019182909 -37.7119792936566 -35.6263733035365 -33.3818592187 -33.9505146360648 -34.3699953123767 -33.2428283598763 -31.544716170338 -29.7409257454432 -28.0099985037966 -24.9043582358344 -21.848659927849 -19.2455247195795 -17.291005746602 -15.7925112918428 -14.2343796368756 -13.2477719852069 -12.0689093206627
-9999 -9999 -9999 -9999 -9999 -9999 -9999 -9999 -9999 -9999 -9999 -9999 -9999 -9999 -9999 -9999 -9999 -9999 -9999 -9999 -9999 -9999 -9999 -9999 -46.9209385465874 -44.5482536316221 -72.6112220159768 -115.831271663823 -127.704482679633 -94.3007905709875 -61.2092087064932 -45.7875516922953 -40.5483478859128 -37.2629033310697 -37.924601515088 -39.7885065349093 -40.1127140213244 -40.1014626296366 -39.0401577192368 -37.0489898348115 -35.3821996394674 -33.9965470159482 -34.5395548063836 -34.7721278788201 -33.9734975242669 -32.677093270016 -31.0936829106282 -29.4086100263954 -26.963622793792 -23.5694356684828 -20.5893051988415 -18.6800170410569 -17.2175909739945 -15.7603770613747 -15.4390863579962 -15.3504091577346
