meets/meet004/_saidas_enm/CCSM_SVM_0k_Cavanillesia_umbellata3.asc
NCOLS 154 
NROWS 168 
XLLCORNER -112 
YLLCORNER -55.5 
CELLSIZE 0.5 
NODATA_value -9999 
[rows 96 to 119 of 168, columns 56 to 111 of 154]
-9999 -9999 -9999 -9999 -9999 -9999 -9999 -9999 -9999 -9999 -9999 -9999 -9999 -9999 -9999 -9999 -9999 -9999 -9999 -9999 -9999 -9999 -9999 -9999 -9999 -9999 -9999 -9999 0.071826465944157 0.0237711795894714 -0.0236658003736233 0.00175107888295456 0.0195617804610814 0.0222352126490606 0.01379841990035 -0.000320933023943537 -0.0013679391749688 0.0216165333120502 0.0452419305928757 -0.0075814673008478 -0.0763158990222509 -0.0153756123727684 0.0624755692427132 0.0413428767529282 0.0322642521315539 0.0744430142689076 0.121416047018644 0.159587907054342 0.129382421732092 0.0279763075289838 -0.0198895330364644 0.00102114165751505 0.069374802884637 0.100525202983828 0.0852420269082966 0.0440211793105218
-9999 -9999 -9999 -9999 -9999 -9999 -9999 -9999 -9999 -9999 -9999 -9999 -9999 -9999 -9999 -9999 -9999 -9999 -9999 -9999 -9999 -9999 -9999 -9999 -9999 -9999 -9999 -9999 0.0684305665565062 0.0338582220126551 -0.0274921527772313 0.00352498062236284 0.0234863677832506 0.0257574883433647 0.0150161865479254 -0.00154853308609149 -0.00664801214248528 0.015902310451788 0.0324670980026726 -0.0316485604640629 -0.105994764161787 -0.0592995423774123 0.0150002473842055 -0.00945770097657439 -0.0396153534311089 -0.0567882276573434 0.00136177615806565 0.139311389918213 0.166727837281047 0.0465317010196168 -0.0308783601413284 0.0224727369850674 0.0879113907176252 0.113763370657006 0.0912813117721175 0.0575886634742719
-9999 -9999 -9999 -9999 -9999 -9999 -9999 -9999 -9999 -9999 -9999 -9999 -9999 -9999 -9999 -9999 -9999 -9999 -9999 -9999 -9999 -9999 -9999 -9999 -9999 -9999 -9999 -9999 0.0667196856645583 0.0325171709336707 -0.0230240004768643 0.00579553377327252 0.0229680731515028 0.025114335696279 0.0160683347625581 0.000983693468575408 -0.00514738753754357 0.0110528895383105 0.0213063715973704 -0.0384616070320826 -0.116854781710808 -0.0895807712922608 -0.0252012168730826 -0.050332398553491 -0.0799754174602067 -0.088275639508726 -0.0682421747179976 -0.0059527740695105 0.0434483110333264 0.063769879823586 0.066314082895137 0.0766212952078766 0.0887194140831619 0.0932627606402374 0.0840538519487424 0.0575444380274483
-9999 -9999 -9999 -9999 -9999 -9999 -9999 -9999 -9999 -9999 -9999 -9999 -9999 -9999 -9999 -9999 -9999 -9999 -9999 -9999 -9999 -9999 -9999 -9999 -9999 -9999 -9999 -9999 0.0627972343364883 0.0323116820862177 -0.0227417200831009 0.00813055502921034 0.0229555281113193 0.0244825815764059 0.0154388797443991 0.00333318482983819 -0.00419794736644669 0.0159486034918316 0.0282142355733974 -0.0467972117886307 -0.131326760244 -0.103371007506456 -0.0569812116768713 -0.086868392240383 -0.105577546314493 -0.114602252444128 -0.095581930172265 -0.0519999243832414 -0.00678401071461843 0.0732356044665605 0.186609382939914 0.112196725974878 0.0769695054667371 0.0735350509886507 0.0701274690936484 0.0615288155517105
-9999 -9999 -9999 -9999 -9999 -9999 -9999 -9999 -9999 -9999 -9999 -9999 -9999 -9999 -9999 -9999 -9999 -9999 -9999 -9999 -9999 -9999 -9999 -9999 -9999 -9999 -9999 -9999 0.0607505142666094 0.0339850854565117 -0.00625955906091236 0.0112405130302556 0.0209841593407963 0.0217844117692825 0.0135221519061826 0.000413835358797798 -0.00304798455887495 0.0167737259761692 0.0227035504123866 -0.0609484363915645 -0.138654489670485 -0.109891438558853 -0.0775434476897981 -0.1082677247123 -0.120899270733915 -0.119315866181987 -0.0997851408045127 -0.0203154768744776 0.0465126799132664 0.0617965911620221 0.0583218113175104 0.0658223800959736 0.0663482940012483 0.0681046495625673 0.0650025965092295 0.0497265373357094
-9999 -9999 -9999 -9999 -9999 -9999 -9999 -9999 -9999 -9999 -9999 -9999 -9999 -9999 -9999 -9999 -9999 -9999 -9999 -9999 -9999 -9999 -9999 -9999 -9999 -9999 -9999 -9999 0.0587978584241423 0.0414377084952605 0.00228347276102808 0.0137113119225035 0.0200046924166008 0.0197635904076632 0.0100163732233486 -0.00123666357944968 -0.0017778580319332 0.0242014860480264 0.0256552803240435 -0.0752346342278373 -0.139992878719389 -0.104304863963522 -0.0810730432163512 -0.11649973744812 -0.12374743862309 -0.121405243213191 -0.0854169007096162 0.0526865772842865 0.118380620673948 0.0535203942458756 0.0226291727331777 0.0441073072812506 0.0569751267836507 0.0647682775204075 0.0658175455029263 0.0449374901008134
-9999 -9999 -9999 -9999 -9999 -9999 -9999 -9999 -9999 -9999 -9999 -9999 -9999 -9999 -9999 -9999 -9999 -9999 -9999 -9999 -9999 -9999 -9999 -9999 -9999 -9999 -9999 0.0377456454672923 0.0597951029782358 0.0523391001980557 0.0072448569985058 0.0149262593175902 0.0187738298417284 0.0168822612233717 0.00670448979473526 -0.00358925770532276 0.000355555144029185 0.0251627900476575 0.00954888714664931 -0.093545223173379 -0.130630991337465 -0.0850341361779773 -0.0615713705492307 -0.100612518405137 -0.118448346219764 -0.111440483724648 -0.0790573792967047 0.0198294467760681 0.0748562175166249 0.048874556670322 0.0305756511624216 0.0431568030307838 0.0616734291666917 0.0680786639471528 0.065333237218723 0.0535867348185783
-9999 -9999 -9999 -9999 -9999 -9999 -9999 -9999 -9999 -9999 -9999 -9999 -9999 -9999 -9999 -9999 -9999 -9999 -9999 -9999 -9999 -9999 -9999 -9999 -9999 -9999 -9999 0.0407254584548116 0.0665703244174995 0.0647240895615787 0.0139199194869285 0.0179678961718029 0.0190066533458536 0.0154646110364549 0.00402312012831374 -0.00360391970915647 0.00113133412889777 0.0203470724836879 -0.0126510711126813 -0.113140517325509 -0.121171113399628 -0.0736300852283471 -0.0508030258852837 -0.0895991524379871 -0.107234632481001 -0.103587024928318 -0.0832603084813333 -0.0155305282989715 0.0321547447503579 0.0266574758807375 0.022738298698343 0.0329187920809539 0.0478835000520941 0.0694282551599426 0.0746523923172683 0.0700626956383039
-9999 -9999 -9999 -9999 -9999 -9999 -9999 -9999 -9999 -9999 -9999 -9999 -9999 -9999 -9999 -9999 -9999 -9999 -9999 -9999 -9999 -9999 -9999 -9999 -9999 -9999 -9999 0.0479708582771803 0.0804556446608969 0.0712896431926011 0.0223490562502609 0.0222206299364717 0.0215695203522471 0.0158577840564988 0.00287317331604336 -0.00340831213289838 0.000725613239907663 -0.00460241590781429 -0.0489872085897601 -0.132067935193297 -0.124269547031125 -0.0742067402842445 -0.0679273103696096 -0.0893138202145443 -0.0984534311838329 -0.0948002277113477 -0.0806917478967762 -0.0381038051596636 -0.00169595516441384 0.0102373098555163 -0.000119590568736061 0.0133226542032181 0.0259718358774021 0.0482299122329188 0.0719346114054898 0.0919117852505119
-9999 -9999 -9999 -9999 -9999 -9999 -9999 -9999 -9999 -9999 -9999 -9999 -9999 -9999 -9999 -9999 -9999 -9999 -9999 -9999 -9999 -9999 -9999 -9999 -9999 -9999 -9999 0.0665099609922487 0.0974866223213076 0.0750209398185424 0.02800883493559 0.0273596334288971 0.0249678857238424 0.0180847856969456 0.00265920707334943 -0.00214126555515265 0.00252399898767963 -0.0111768193108732 -0.0616830573693591 -0.140201971260107 -0.12029628342944 -0.0731936415682155 -0.0670009723704185 -0.0822312254526124 -0.0848345333994675 -0.0826681978677955 -0.0612119860972234 -0.0249449677802804 0.00708156429882978 0.0249017723465484 0.01144635379832 0.0151228847165722 0.0128172701938307 0.0345801306105935 0.067176478074748 0.0942891865538966
-9999 -9999 -9999 -9999 -9999 -9999 -9999 -9999 -9999 -9999 -9999 -9999 -9999 -9999 -9999 -9999 -9999 -9999 -9999 -9999 -9999 -9999 -9999 -9999 -9999 -9999 -9999 0.102970656326399 0.123590183558477 0.0691627714118463 0.031593884532195 0.0307054741782939 0.0287430220834626 0.0206963325968323 0.00278794596898452 0.000207234425969927 0.00888203818069488 -0.00460278779424456 -0.0573147910449035 -0.13607303804091 -0.103666436938273 -0.0657444109580528 -0.06061626972594 -0.0683062040693992 -0.0623302202402975 -0.0329081553499174 -0.0211347600357328 0.0166634859023207 0.0523202367798291 0.066716780454506 0.0846206582154541 0.041910812050061 0.0153145354823353 0.0274029052928508 0.0531383452679141 0.0830720799834179
-9999 -9999 -9999 -9999 -9999 -9999 -9999 -9999 -9999 -9999 -9999 -9999 -9999 -9999 -9999 -9999 -9999 -9999 -9999 -9999 -9999 -9999 -9999 -9999 -9999 -9999 -9999 0.16213246334042 0.145744566045089 0.0597259755054863 0.0335127312835502 0.0326426595007981 0.0304688235937364 0.0216084066853474 0.00336692312861897 0.00479834886130709 0.0164315932353462 0.00605562806327009 -0.0514854076259798 -0.130290428962169 -0.0956557986447954 -0.0588118536045958 -0.0534858087230348 -0.0612797429993627 -0.0551509791009214 -0.0288097304710377 -0.018722589569716 0.0119461133580791 0.0481791384696797 0.0770485858301017 0.094371605770552 0.046529996412469 0.0113896568557922 0.0173544343560458 0.0447808986367304 0.0780041048309941
-9999 -9999 -9999 -9999 -9999 -9999 -9999 -9999 -9999 -9999 -9999 -9999 -9999 -9999 -9999 -9999 -9999 -9999 -9999 -9999 -9999 -9999 -9999 -9999 -9999 -9999 -9999 0.215800039451231 0.167666352077039 0.0524551599181188 0.034831498548704 0.0336161710670618 0.0311989798110883 0.0210607989737794 0.00277076661831011 0.0107218017934053 0.0248256856562064 0.0163061475241561 -0.0446500288689554 -0.118905611635206 -0.0880580656409616 -0.0577912864559835 -0.0514767299478024 -0.056607718247594 -0.0587265030152456 -0.0583883362998042 -0.0438295131760337 -0.027840829812435 -0.000392693107545083 0.0382075473301655 0.049840402480642 0.0238305164865842 -0.00557808952079941 0.00148713385543503 0.0261141790862724 0.0612100081316235
-9999 -9999 -9999 -9999 -9999 -9999 -9999 -9999 -9999 -9999 -9999 -9999 -9999 -9999 -9999 -9999 -9999 -9999 -9999 -9999 -9999 -9999 -9999 -9999 -9999 -9999 -9999 0.218682190272262 0.157686215023298 0.0503234234935727 0.0352170041688806 0.0332586105717501 0.0290116471409744 0.0151909863712424 -0.00028032938887107 0.0133539364556128 0.0330118189605084 0.0209523542663166 -0.0402997690854726 -0.0886672222569455 -0.0734827150679799 -0.0508610197932785 -0.0461416869376174 -0.0524593375477945 -0.055762502536034 -0.0567037151034096 -0.0512444015845175 -0.0406699095074562 -0.0219935745931243 -0.000784863678939263 0.00344229180329358 -0.00983069510562157 -0.023943931601123 -0.014200923867405 0.00833448558623334 0.0394613575360012
-9999 -9999 -9999 -9999 -9999 -9999 -9999 -9999 -9999 -9999 -9999 -9999 -9999 -9999 -9999 -9999 -9999 -9999 -9999 -9999 -9999 -9999 -9999 -9999 -9999 -9999 0.0666289303082601 0.196150143021532 0.140177436952644 0.0489226091718375 0.0355915008862465 0.0317908936813212 0.0242693337663286 0.00417455080665646 -0.00565876152081157 0.0202583177355001 0.0375033964457516 0.0228356864913225 0.0155643419797669 -0.0299830269407578 -0.0431788817490598 -0.0354406898131754 -0.0370448899388021 -0.0438218050332602 -0.0466912357620148 -0.0469105487323364 -0.0426088953120655 -0.035598881755766 -0.0243967249145201 -0.0238957911578949 -0.0276527636674499 -0.0295519697876317 -0.0383597186133999 -0.0282974149599327 -0.0118756500237809 0.0131420710823789
-9999 -9999 -9999 -9999 -9999 -9999 -9999 -9999 -9999 -9999 -9999 -9999 -9999 -9999 -9999 -9999 -9999 -9999 -9999 -9999 -9999 -9999 -9999 -9999 -9999 -9999 0.0842874033890214 0.172065612346926 0.100172787543863 0.0459467356528476 0.0348945188837723 0.0282477570656361 0.013857522100117 -0.0129909890848752 -0.0165790161897759 0.0166282242811907 0.022538249379369 0.0152837729417038 0.0481832433306333 0.0298545175410568 0.00419156320577224 -0.00834949017190989 -0.0180793122698025 -0.0287544087753703 -0.0331237744402658 -0.0354668780661825 -0.0361149222164642 -0.0359452954469584 -0.0325452304090888 -0.0352747446675214 -0.0410256055703532 -0.0457444700348303 -0.0477495064085994 -0.0375872274313667 -0.0241947287445463 -0.00598434603980424
-9999 -9999 -9999 -9999 -9999 -9999 -9999 -9999 -9999 -9999 -9999 -9999 -9999 -9999 -9999 -9999 -9999 -9999 -9999 -9999 -9999 -9999 -9999 -9999 -9999 -9999 0.123834561152443 0.118834935787936 0.063475445267151 0.0420402847215464 0.0350202071472713 0.0215622059050853 -0.00133124083191277 -0.0339507362349522 -0.0338720840372683 0.00762415423500207 0.00481353458390055 0.0251509300022673 0.0603639570178069 0.0701674424568119 0.053310824442073 0.032782190701065 0.0109574726586438 -0.00170032818106652 -0.00864346145072942 -0.0208121578617175 -0.0238029110263688 -0.0352596700354458 -0.040181117029967 -0.0459894503753787 -0.0488540717984763 -0.0545884594350503 -0.055335945687185 -0.0456175673451101 -0.039106680718009 -0.0248131585556928
-9999 -9999 -9999 -9999 -9999 -9999 -9999 -9999 -9999 -9999 -9999 -9999 -9999 -9999 -9999 -9999 -9999 -9999 -9999 -9999 -9999 -9999 -9999 -9999 -9999 -9999 0.158515667357978 0.0633272287212041 0.0438330580069172 0.0367353533020381 0.0270024271252479 0.00509349477580423 -0.0298061622361351 -0.0535799354259387 -0.0245352903924396 0.0264000287345942 0.0603587092443598 0.0709310906838343 0.0816650247357626 0.0921845996880559 0.0980504560950407 0.0758095714201782 0.0502266401341058 0.0377227278710505 0.0352159486482777 0.0285272437709317 -0.00261874174823185 -0.0362154648267889 -0.0499232928480376 -0.058270528546421 -0.0623896257061813 -0.0662347611399498 -0.0663579461319274 -0.0593480995364883 -0.0530904790465398 -0.0434437503682867
-9999 -9999 -9999 -9999 -9999 -9999 -9999 -9999 -9999 -9999 -9999 -9999 -9999 -9999 -9999 -9999 -9999 -9999 -9999 -9999 -9999 -9999 -9999 -9999 -9999 0.45348662293957 0.147306042725899 0.0417874129562887 0.0372392377814447 0.0320409925952794 0.017878037179745 -0.0141840335407482 -0.0387549138096526 -0.00629199447998907 0.0726630842542121 0.119671292701153 0.138398360180535 0.106729255699433 0.0883090918246189 0.106686434044912 0.12568450796289 0.0959070251369221 0.0746900083223816 0.0693489328172484 0.0711099733208961 0.0878447569913562 0.0257706574287901 -0.0371957423741056 -0.0590435002523051 -0.0692062960392594 -0.0722312867280659 -0.0729638384593063 -0.0759890744192427 -0.0723429934649572 -0.0691907518470304 -0.0629475110296271
-9999 -9999 -9999 -9999 -9999 -9999 -9999 -9999 -9999 -9999 -9999 -9999 -9999 -9999 -9999 -9999 -9999 -9999 -9999 -9999 -9999 -9999 -9999 -9999 -9999 0.314274631584156 0.11554623852868 0.0441987481961081 0.0366686162617659 0.0274536816377931 0.00641256092232007 -0.0201160261910209 0.000738736281477415 0.0840029900233651 0.13274262546722 0.120658132107867 0.1204314505842 0.115813541545388 0.10090610185268 0.0991166890489475 0.103741265655079 0.0878638940650087 0.07194969321286 0.0686005818856225 0.0744864614363856 0.0717435083312423 0.0188241384345016 -0.0386595815534718 -0.0607204104654904 -0.0711760554077572 -0.074889496225935 -0.0787094825198865 -0.0809986494201441 -0.0784420317465936 -0.0759390328964766 -0.0721800942622309
-9999 -9999 -9999 -9999 -9999 -9999 -9999 -9999 -9999 -9999 -9999 -9999 -9999 -9999 -9999 -9999 -9999 -9999 -9999 -9999 -9999 -9999 -9999 -9999 -9999 0.262286816845313 0.0972594392994968 0.043630329864686 0.035687842062845 0.0221936300233366 -0.0040920349142588 -0.0116923668019196 0.0451409945818738 0.120090473092946 0.110448193910048 0.0692298139975045 0.0770713800021489 0.090101816789692 0.0879444688823384 0.0892055898070328 0.085143702314021 0.0725773868818727 0.054051800028212 0.046072634471297 0.0467686055110308 0.0526998848926139 -5.8940641653904e-05 -0.0473234645961604 -0.064192666027775 -0.0728759740201975 -0.0749527205976369 -0.0788700514162121 -0.0812091488724518 -0.0793815054708568 -0.0775311409690652 -0.074316624152075
-9999 -9999 -9999 -9999 -9999 -9999 -9999 -9999 -9999 -9999 -9999 -9999 -9999 -9999 -9999 -9999 -9999 -9999 -9999 -9999 -9999 -9999 -9999 -9999 -9999 0.196000136714359 0.0854505072566824 0.0423366355265166 0.0339385979683156 0.01915483197132 -0.00289801238482396 0.000541532964564218 0.0547407904105707 0.0965645649290431 0.0791902291128077 0.0481974905427576 0.0486960019035388 0.0579573960240869 0.0620037599965741 0.0681135073461434 0.0701249418802997 0.0553893034279528 0.0332176407321122 0.0178592159606731 0.00410134911342391 -0.0103057004786033 -0.03231617087005 -0.0531184535011477 -0.0629323481286386 -0.0711059938394408 -0.0752124891702695 -0.0773813596305796 -0.0779748311277564 -0.0760699737878626 -0.0744766158572188 -0.0724508334546967
-9999 -9999 -9999 -9999 -9999 -9999 -9999 -9999 -9999 -9999 -9999 -9999 -9999 -9999 -9999 -9999 -9999 -9999 -9999 -9999 -9999 -9999 -9999 -9999 -9999 0.160741070967656 0.073927335748404 0.0400648104053482 0.0326301376137952 0.0167878700863722 -0.00216535034786619 0.00529334870833814 0.0488251604560228 0.0721555477239795 0.0519890792047886 0.0256205917066706 0.0316199508962737 0.0382662551627495 0.0400629556133095 0.0467734540011631 0.0497382973392543 0.0369176923095252 0.0124631701460813 -0.00440889837097957 -0.022053844369232 -0.035181962504583 -0.0447410837059577 -0.0557742532828309 -0.061768382813536 -0.0693124598247607 -0.0719771964735157 -0.072800665141814 -0.0727777683676376 -0.070848936351738 -0.0691175449936777 -0.0670949917528939
-9999 -9999 -9999 -9999 -9999 -9999 -9999 -9999 -9999 -9999 -9999 -9999 -9999 -9999 -9999 -9999 -9999 -9999 -9999 -9999 -9999 -9999 -9999 -9999 -9999 0.130551667559411 0.0604287601455288 0.0375897828515591 0.0314887906544875 0.0165181124495693 -0.00343819142742313 0.00373503799172525 0.037341482210024 0.0467374381458199 0.0313213652737309 0.0168170961191719 0.0219490261106331 0.028397107839845 0.0304822140035759 0.0318085604599321 0.0309815563832573 0.0173425958260699 -0.00371451704537423 -0.0161944444320184 -0.0272797029739391 -0.0365406292589706 -0.0467839554654638 -0.0548616732663138 -0.0590657636390226 -0.0645643283836897 -0.0670846145868033 -0.0678328322220973 -0.06709329568296 -0.0649553726461347 -0.0627862313909991 -0.0602599124959892
