meets/meet004/_saidas_enm/CCSM_Maha_0k_Cavanillesia_umbellata1.asc
NCOLS 154 
NROWS 168 
XLLCORNER -112 
YLLCORNER -55.5 
CELLSIZE 0.5 
NODATA_value -9999 
[rows 50 to 74 of 168, columns 56 to 111 of 154]
-9999 -9999 -9999 -9999 -9999 -9999 -9999 -9999 -9999 -9999 -9999 -9999 -9999 -102.371782412544 -58.1246139378272 -28.6802312791915 -15.9002940320765 -18.7788598248971 -20.3762202926364 -15.8691142443996 -13.2851759852623 -10.1183679077417 -3.37884499891115 -1.32671879940993 -2.36837727559582 -4.06440795686499 -6.61643056516298 -12.2358987188647 -19.5896997886149 -30.4332670362998 -40.9001219909325 -33.7216528296729 -22.3753029026762 -10.6275576763555 -3.44356568418302 -0.720778096293509 -2.07242497327268 -2.47116888072239 -2.04241454585393 -2.02682202885283 -2.86592958666202 -2.99973903872458 -3.59645483889608 -5.70170613971005 -10.8518581982299 -12.4727637329357 -12.16622800974 -14.2447119614739 -15.9331218855374 -13.4026004885468 -9.87904199098654 -7.56250352041938 -0.878628257640085 -0.0964929322940538 -1.2352041548652 -1.19602473027572
-9999 -9999 -9999 -9999 -9999 -9999 -9999 -9999 -9999 -9999 -9999 -9999 -9999 -37.4262642397361 -30.8520075074228 -27.1753526949261 -21.8749661182782 -14.9329413342068 -13.9649577353127 -13.5682484198034 -12.2890157711472 -12.2683686067605 -3.65018234616646 -2.35521704278335 -4.25517943885977 -8.07074097913416 -13.6765553292172 -24.31851748068 -40.2007140385518 -58.3857748329802 -70.3223382988976 -60.4526395505558 -40.9044997857191 -18.6440615977367 -6.62310332362879 -1.65759948573888 -0.676397086485785 -2.40565951419598 -2.89816625191993 -3.19237687243317 -2.99278586975441 -3.48643167679158 -4.52720379039743 -6.29327184579993 -9.15108776440968 -12.6016393016487 -13.8216697704108 -11.5479340469755 -9.94573778422532 -9.07647387792132 -7.44553240264049 -4.07832390913213 -0.296028225521083 -0.613786946441775 -1.17820182359587 -0.735315549770761
-9999 -9999 -9999 -9999 -9999 -9999 -9999 -9999 -9999 -9999 -9999 -33.5003440805238 -22.9920993299123 -22.2524282916277 -28.8233241013421 -26.6318980682049 -22.8217767022595 -15.181395512463 -12.2682664836105 -14.7514141751997 -14.749025787436 -10.3033991103572 -8.06478832875118 -8.88636799878498 -12.7974637385471 -19.3186560193023 -31.7081308902775 -49.2561002664749 -72.3133041654477 -94.6141791180889 -105.793438266165 -86.893827750779 -59.4474720817618 -28.4771389162275 -8.70053530854299 -1.60004147313201 -0.300438584534523 -1.44182521095946 -2.7324652351841 -3.70922887422179 -3.78576013955781 -4.65671600670788 -5.29888632673045 -5.85825591637173 -6.76392012078077 -6.94617063087097 -8.34273486446595 -6.18529570365165 -5.7552835924017 -7.53872495181362 -5.17818085766596 -0.992266906789197 -0.638151606014651 -2.20817513294973 -1.60113613215732 -0.872542852361221
-9999 -9999 -9999 -9999 -9999 -9999 -9999 -9999 -9999 -9999 -29.3489852984381 -23.4403045782818 -26.377282638856 -25.0652209319299 -27.9734649963737 -30.923122086496 -27.075718333117 -15.8669614009512 -11.1810027989416 -12.1921859878151 -11.982389871971 -11.9816298320799 -14.1103684312405 -18.5635702544241 -26.4906408388154 -39.4779425828143 -57.9904710676987 -82.0341432240185 -107.470091218081 -126.671228726537 -131.964026023087 -105.925354918752 -69.8226891319376 -34.6204317487323 -10.2740165110292 -1.75253222296427 -0.0522761572882946 -1.6165635942183 -3.57728004778151 -4.18998442281023 -4.43841577241754 -4.75024164712342 -5.10792706357109 -5.65090948140034 -6.85969188524715 -7.51949664526625 -8.89199625284165 -8.60122612631425 -9.33417047085948 -4.96497474682316 -0.733631629021792 -0.394434513008766 -1.88274533019619 -5.52593319355069 -3.15808523692384 -1.64483095590454
-9999 -9999 -9999 -9999 -9999 -9999 -9999 -9999 -9999 -9999 -13.7795706461405 -19.7795148970725 -24.1503416350544 -20.3635067866479 -26.6054680396734 -32.1379081514872 -33.1867310239776 -21.5934542395025 -15.8633848115656 -15.89285505795 -16.7204261247096 -20.5453899575547 -26.2686890507032 -34.6863726680645 -49.0353402090497 -67.6889086055234 -93.3261125199614 -121.604939379785 -126.607966654464 -118.45001730002 -131.331188659279 -118.32107611094 -79.5282776396562 -41.1406238488318 -12.9891579443631 -2.68814396649137 -0.653596256190558 -2.57564212258174 -4.6567281297826 -6.26205642916407 -6.37280246584489 -5.89822318829393 -5.69533748325023 -6.27868552195131 -8.19481565036348 -11.0330280060868 -13.080410234478 -8.70973382252291 -2.54287022603117 -0.180040276525372 -1.09928823601156 -3.47628599179067 -5.71913942730998 -8.09826564245974 -4.23324907351114 -2.06154083789733
-9999 -9999 -9999 -9999 -9999 -9999 -9999 -9999 -27.5484998233906 -14.9525775500101 -9.0083221177314 -11.778149515254 -17.4739412131143 -18.1166424918292 -24.8180573290089 -28.5504497655773 -33.6271137507292 -31.6162225926049 -27.5176757882541 -29.0013900661284 -32.7676756828719 -37.9185285464088 -45.7034773625997 -59.4429197936034 -81.2213240610784 -84.4028806703267 -89.0514526471026 -87.1372220458665 -87.8237017829813 -90.39328787763 -89.7253120805702 -87.9613318715103 -83.0642122986147 -46.7975544115208 -17.1152618323889 -5.26706014528616 -2.4303498014853 -3.35776405316024 -5.21399820599076 -7.73964160265695 -9.35461201055925 -9.94039600021336 -8.71201183427706 -9.53429656374606 -12.5474601300132 -7.80626828218545 -2.6180230915284 0.0772808091140004 -0.227718869061871 -3.20828121916063 -6.07146397721827 -7.55538840516809 -9.12598332408088 -9.62524206444813 -4.25051908462347 -2.36065407485231
-9999 -9999 -9999 -9999 -9999 -9999 -9999 -9999 -16.7795223415374 -10.1788991442472 -3.78983742549193 -7.4896744218767 -12.445842695603 -15.670053357232 -23.4268868667428 -25.236475247416 -25.5733176373175 -32.0752721763428 -33.945792533622 -36.3220880090604 -40.9255634151633 -44.9544716639582 -50.6843520679364 -51.2106401926655 -51.9340616566831 -52.8280505374455 -54.5466460594153 -58.7043333645735 -58.6822129057025 -55.3692870013441 -53.9428140910899 -55.0193471663507 -57.1424007703032 -54.7991539873885 -23.2258174042323 -9.69317825099464 -5.85387914361458 -5.42599423919512 -6.22395137233529 -8.24408425332473 -10.830380658097 -11.9219751944136 -11.8022490333982 -6.45314074397532 -2.05494162181191 -0.248948542162188 -1.36556296013348 -4.95578984578543 -9.33878932679408 -13.1225563920513 -16.47584212716 -18.5279791916861 -18.0116548210699 -13.8025135849524 -5.50824476292672 -2.04485634683651
-9999 -9999 -9999 -9999 -9999 -9999 -9999 -15.2431424290909 -11.3227914020895 -4.56709726791441 -2.62214134416689 -5.09340564492818 -8.49486628774199 -12.7680211777906 -19.0173639657775 -20.8940321998119 -19.6379071218949 -22.4751802717375 -23.1232980034118 -26.4028671749931 -30.0169344791548 -31.3647204488479 -34.192719510759 -34.5027426089148 -34.9465429345745 -36.4755417226058 -36.0516407637833 -35.6160716465306 -35.8408339236055 -35.3826585470312 -35.2861585289879 -36.0250611880485 -36.7613380276724 -36.1959481104439 -33.0313902522017 -16.6981761151179 -10.490533467636 -9.06722369409235 -9.03974797275961 -9.99083856128771 -9.25150090677576 -6.98794279796316 -4.83798485668291 -3.80298145331867 -6.26819499022634 -12.1478483987639 -17.3322458921124 -23.5901560960739 -32.4157719473435 -40.7509183612318 -44.825515360778 -43.9190462061734 -38.8822512425253 -23.4006413276981 -9.18527523735587 -2.97542244817199
-9999 -9999 -9999 -9999 -9999 -9999 -9999 -10.5951096241595 -6.09370920765048 -0.302931186319029 -2.53281657500193 -3.7839677311746 -8.163012875089 -13.1964233705766 -15.720414832496 -15.802173285179 -14.6972264413525 -15.5921482433699 -15.7334813430102 -16.4028460139309 -18.0551168903984 -19.7106427315217 -22.5922093402616 -21.8656584269107 -19.9704205513086 -20.4849471007506 -20.1848116304659 -22.0274398892619 -21.4985845691599 -19.1501314419007 -19.3918872522112 -19.9117265103812 -22.7358007013648 -24.3689275284754 -25.263639534444 -28.8504657021921 -19.1396243977267 -13.3994443958019 -11.268797908924 -10.9309544078009 -10.7710922748761 -13.576261182733 -18.6200950599547 -27.5368482821213 -35.4981806223472 -45.8502957644895 -58.5214944699229 -65.6749451091512 -70.4795701467067 -66.620285372729 -67.5073046583883 -60.4091400825626 -57.1345313923877 -34.8965775050038 -15.3213375666213 -4.8952403666032
-9999 -9999 -9999 -9999 -9999 -9999 -15.0696590193827 -8.70740070679783 -2.20335363849141 0.485943615756092 -2.59449354057588 -3.5811388009589 -14.1075823131179 -22.1469736568078 -16.1273416352186 -12.9463238624978 -10.450894445485 -9.96111685054824 -9.67728765096325 -10.2245488678065 -11.546536114399 -12.1113069974683 -12.3646678788872 -11.8195325475996 -12.0085017158291 -11.7063192883988 -12.3580464730035 -12.2569803658941 -11.779905067297 -12.4854901547306 -12.197305976914 -13.1598881545763 -13.9199902076635 -14.7568863011172 -17.0495552732834 -18.8857379857945 -21.8010099082282 -23.4039649252905 -27.137382089241 -29.6378413085436 -31.2131419365911 -36.6216385198657 -35.8672413947706 -36.6918282458661 -40.6577587110692 -42.9062000257985 -45.8834230880287 -46.1936716925113 -47.8859722417075 -50.0328758506826 -49.8864513803648 -47.6037964050389 -43.6089991359784 -36.6297179701845 -18.9113305376954 -6.78198533979708
-9999 -9999 -9999 -9999 -9999 -9999 -13.8544837087 -10.4313059229095 -5.13539772701592 -0.178375527036081 0.146354805633757 -1.93506417555685 -18.0055252483111 -22.5513245174454 -14.8934584131052 -10.9197037848771 -7.55311125751282 -6.75349994944988 -5.83905245729557 -5.70828183397241 -5.78270315323 -5.63279320417676 -5.70271335848472 -5.34863923462349 -5.18205970403112 -5.45219378263346 -5.44010471766772 -5.69352828864753 -5.76111552550874 -5.91263979385301 -6.46464077933465 -6.95100420517931 -7.90829130825976 -8.61983893192219 -9.40066128188918 -10.502884415574 -11.3368671921326 -12.9443892769677 -14.3810154804842 -15.4997182097982 -18.7532711868783 -21.3252639767184 -21.5976780185449 -22.8232185197288 -24.354263893783 -27.5779186688788 -28.2196828915372 -29.865275218836 -31.3646092310463 -31.277278387297 -31.4109950567409 -27.9754082672567 -24.9303140161482 -20.5356122872387 -19.7255412108295 -9.82037587263812
-9999 -9999 -9999 -9999 -9999 -9999 -6.38411795070767 -11.8141881638404 -8.5642863682691 -1.40056315424872 -0.570792365520589 -0.765204346597864 -16.0929145881311 -17.9647240475075 -12.3049397454479 -9.42986958758474 -6.33380675745332 -4.65167270794791 -3.46216904899537 -3.20369476983937 -3.1385500173009 -2.60170511398848 -2.33938560012723 -2.13563269639956 -2.36530966828406 -2.51019053908261 -2.62121239384884 -2.58409748530064 -2.66168172622095 -3.11217190280665 -3.26885721035031 -3.87692645044484 -4.26122296861915 -4.80447495998587 -5.60155150142756 -5.82883649237797 -6.55434934022799 -6.98674177881351 -8.42606920700475 -10.733167110748 -13.4286575439385 -14.8909475313309 -14.6250536833575 -15.6873473178164 -17.4028882687604 -18.3173119784446 -19.9324605787486 -19.8805844478086 -19.9817242534818 -20.3399872411963 -18.6481567213624 -16.3116382392398 -12.4030175417902 -10.2286414839305 -11.0621575316749 -10.4698200782804
-9999 -9999 -9999 -9999 -9999 -9999 -9999 -3.71167827437373 -9.88779356820043 -4.9295925003562 -0.899636460275938 0.0640733471994861 -10.8093064614289 -12.442238056302 -9.63884834662086 -9.32698210093628 -6.01693527328072 -3.29236318135251 -1.9044766793968 -1.49000181084079 -1.05124076521454 -0.515964823457401 -0.290410119143776 -0.209506869979391 -0.283478669758762 -0.492039607444944 -0.459499268835516 -0.468428402652645 -0.517057914226549 -0.630297688137285 -0.869601372306268 -1.07365734448794 -1.46075673327912 -1.69563507067707 -1.87118796357563 -2.22518530708973 -2.39405370129 -2.84017942708155 -3.92427620022486 -5.54346160520238 -8.58268390123676 -8.4935276287285 -8.91317554130583 -9.80338146399194 -10.2120624324422 -11.0798675939087 -10.8061330810788 -10.7284763962146 -10.3309663829421 -9.5577829050597 -8.44906941100096 -6.60677718612327 -5.43809962154317 -5.0912438498242 -5.11085190749973 -5.58797265139989
-9999 -9999 -9999 -9999 -9999 -9999 -9999 -9999 -7.81620951323136 -4.58794165856302 -1.52571153518704 0.551121996107003 -7.51771233057422 -7.66396578871953 -7.06169717039694 -7.1702156330416 -4.52016406095875 -1.94663683074007 -0.697890097926533 -0.34432141678743 0.123183920667278 0.439038341208673 0.614084310454583 0.64710234451226 0.602587683511265 0.507460964535453 0.592053164477044 0.612178387702695 0.589300734417375 0.433125741404649 0.388087671026689 0.176992693713648 0.0214998955965825 -0.154182879216328 -0.419525263088254 -0.685977853751939 -0.929445923846377 -1.1978338313193 -1.9009592614329 -3.83213886802862 -5.93652810507156 -5.62788647454367 -5.85267056039784 -6.9482311296081 -7.96631814826088 -8.97611995806274 -8.81992632930553 -8.11490019373374 -7.52340768960958 -6.84347758043382 -5.62273176536794 -4.42423044650375 -3.65866288727127 -3.18718797555599 -2.65564049989296 -1.92632503895474
-9999 -9999 -9999 -9999 -9999 -9999 -4.50373305655185 -5.36690234269803 -10.7871847299124 -2.94303730408691 0.055777758464289 0.599431082907802 -5.10799261984865 -5.70780219720037 -5.24726780919407 -4.16548015804531 -2.3484531968572 -1.33231012175244 -0.2669496903419 0.319381429081481 0.624289735639799 0.834708479523032 0.916593877848844 0.950400783653215 0.963429011670691 0.982321774312823 1 1 0.976627999783709 0.900520728700652 0.819760335315765 0.79070303835131 0.724614335170727 0.676805136563622 0.632692257252479 0.457183767738393 0.268504423201466 -0.161492450538836 -0.581436614478926 -1.86256076364551 -3.32122816749013 -4.18071196318294 -4.74345469238392 -5.7372387426738 -6.6372358305502 -7.4050297775343 -7.21958078544944 -6.78288613531267 -6.26704165525677 -5.57588191304341 -4.84711253720297 -3.93663352493864 -2.55461697557323 -1.64247157281348 -1.4540543991151 -0.285036381924548
-9999 -9999 -9999 -9999 -9999 -2.5441660963487 -4.52423092482871 -7.7962467379214 -9.61025776362514 -1.21943554577905 0.588717428077474 0.584933342210331 -3.4042894673024 -3.70545374603822 -4.72613523544701 -1.55682971370812 -0.770807409150908 -0.266496901905281 0.144625185832034 0.761396361527029 0.946241623962534 1 0.911158471719474 0.899770447034058 0.826733880935627 0.692969613831212 0.708813062804218 0.737971015491559 0.780032639757209 0.847856943339374 0.851033843660312 0.852207260154059 0.837811025728574 0.80543587408399 0.741740170075781 0.733141848007719 0.360707093684056 -0.151462735765309 -0.742666895073264 -1.95745286304281 -2.38319684750287 -3.20757866172351 -4.43284341973917 -5.60189202229658 -6.34208689720073 -7.16500161291634 -6.84230988957843 -6.50640597062777 -5.96601620651222 -5.38773698382215 -4.73876590706717 -3.20692267639925 -2.07286972438269 -1.48977699479348 -1.77931791857798 -0.876752924041041
-9999 -9999 -9999 -9999 -9999 -0.395791131612959 -4.93844967842148 -9.88042327231437 -5.02681164461139 0.0822531819502282 1 0.538529285033405 -0.633958868119236 -1.79624330930355 -3.90001773158433 -1.52014603987679 -0.884499986593714 -0.142228457435871 0.37036306283616 0.775596748044713 0.960989109325004 1 0.945857203845501 0.872412624107006 0.751971399161269 0.621891252765187 0.531283564637175 0.500726551766139 0.460770567120439 0.434427904213435 0.430571063833939 0.46410448069228 0.510214353374211 0.527135706341956 0.502311192335758 0.336248212706596 -0.0534377555573409 -0.713798933007345 -1.29005675832932 -1.54862672648209 -1.80972614015803 -2.49765184612801 -3.63592652766812 -4.90949398733003 -5.8388219406105 -6.44106214883505 -6.19908870614264 -5.61255997740137 -5.04368618778798 -4.43970935166553 -3.76965085487661 -2.94044294019908 -2.30483397527302 -2.15520065066619 -2.58355976295485 -3.15263826511439
-9999 -9999 -9999 -9999 -9999 -9999 -4.27908267938151 -11.9284635422088 -2.25994734894341 0.079128221532539 0.792688394851625 0.338547891593928 -0.259905721407431 -1.67704364312618 -4.51768927982813 -2.66176422224607 -1.41716193233862 -0.334238770004846 0.143632057192756 0.404587783693686 -0.0131941526025048 0.512099397526011 0.558809475214761 0.429852841375651 0.239546906205075 -0.0946903386313602 -0.240916489720273 -0.208840335542703 -0.234687450684549 -0.277493298222785 -0.247407083579303 -0.380639758045779 -0.374491344152523 -0.303784286907407 -0.250837937061732 -0.428247578183733 -0.614072545816104 -0.537137021772158 -0.71397465841394 -1.14725385721062 -1.48107562085346 -1.96309059849821 -2.86492835896507 -3.83332317124457 -4.42692930946632 -5.06877476399953 -4.9142065261669 -4.66579737179297 -4.32943422189917 -3.92233935434453 -3.53123705966153 -3.0943247958651 -2.90655332126683 -3.12461630617789 -3.52356755790222 -4.21098685202882
-9999 -9999 -9999 -9999 -9999 -9999 -5.87927263017917 -10.8383868091923 -2.51165633005293 0.496733057244327 0.277780344151724 -0.764200585648455 -2.06060425867333 -1.76382160302636 -1.3988399753843 -3.90316389274482 -2.55008718561301 -1.7334997945506 -1.90298035991288 -1.08353334428825 -1.13234291189749 -1.13287277136769 -0.979011284880451 -0.687598200094927 -0.357730002712536 -0.178587262254146 -0.134670033250612 -0.159474965305545 -0.161848943241698 -0.0972274448262542 -0.0695190481440218 -0.031215136551856 0.0212875152577162 0.0358223621606825 -0.00312196585401225 -0.0650748769142453 -0.0210851318947651 -0.0636454535387387 -0.277115481985165 -0.633368692575031 -1.0632645931063 -1.41475640062581 -2.00553677944587 -2.66808206681804 -3.19404093298482 -3.59861637370818 -3.74874124595467 -3.77254520081253 -3.67741954739885 -3.52729260700746 -3.33964273682147 -3.11409646806545 -3.26750407080191 -3.60398296597839 -4.04107147383804 -4.60787233235562
-9999 -9999 -9999 -9999 -9999 -9999 -9.2699329637435 -8.15843495033974 -8.12930862877465 -0.861165077009288 -1.51814297451831 -4.15382307107516 -8.77551251901482 -7.73761527610623 -3.58677087029361 -2.11839956520992 -4.70645106487263 -2.62815805117915 -1.82104117588021 -1.34654309799814 -1.28530867370161 -0.935068010758207 -0.559389578234102 -0.312675980809879 -0.346688244655347 -0.552899912662601 -0.399899164216079 -0.280940917317086 -0.317248948944293 -0.47803109885845 -0.272796428863908 -0.177565472398969 -0.04319459057085 0.0711342153609438 0.113193050308366 0.135378704728348 0.0749433006704598 0.0425963307272705 -0.112008418246597 -0.411165452301633 -0.690641543420496 -1.0218312567922 -1.3596764569135 -1.78426070348822 -2.20678280485374 -2.53407557731264 -2.75572764862026 -2.94759111131032 -3.04675029454489 -3.13477239347259 -3.20596385366942 -3.17420112092899 -3.54723785183817 -4.12547601493391 -4.36714705095712 -4.71932318730352
-9999 -9999 -9999 -9999 -9999 -9999 -9999 -9999 -16.5541616282726 -7.86162467969069 -3.02009243465368 -4.06447752113825 -11.7777394390258 -11.218403429169 -7.86583438240932 -2.48645953631055 -3.24655408590973 -2.65785590738172 -2.43604766029729 -1.11136459564214 -1.12632814272119 -1.02792804882433 -0.643403108625465 -0.326221023438932 -0.190747889401947 -0.300226828851629 -0.268412846153808 -0.253210152295851 -0.294358636252053 -0.338677818908022 -0.53079749298639 -0.551884805163089 -0.471721583950654 -0.555551624693288 -0.296013458199938 -0.151997352899621 -0.118608300704957 -0.146584972227378 -0.180336637217333 -0.24396615864617 -0.416361534726147 -0.601493517008225 -0.829969886029582 -1.13218563882477 -1.44915169143248 -1.72934781252689 -1.95360184626794 -2.16769137979549 -2.33366659185086 -2.51600703635756 -2.71387287924357 -2.9819634973132 -3.59845629571589 -3.99167498685411 -4.27930998144735 -4.84880752427035
-9999 -9999 -9999 -9999 -9999 -9999 -9999 -9999 -13.4996842404593 -19.066555167882 -2.2164677196603 -3.27162403273887 -15.8808893703436 -13.6663638289814 -7.99481368890942 -4.33902836440489 -1.93349478495669 -2.75504490717067 -2.42533929127823 -0.767447498514354 -1.17854475476183 -1.14850672208096 -1.25436209580861 -0.939388955520297 -0.246867952395415 -0.370971931350184 -0.339322171039393 -0.392349297339539 -0.442454767109413 -0.42472817854329 -0.601535908554946 -0.58140263255472 -0.44377749294992 -0.435247148696627 -0.627141720265855 -0.748062930526373 -0.835124992931666 -0.742365351167497 -0.599829330192132 -0.488050140979515 -0.464588679814596 -0.543289021202214 -0.632304317393435 -0.783203934765877 -1.08966214000568 -1.26800667979259 -1.52170448747577 -1.83754606561916 -2.226420250607 -2.70497584573851 -3.09865708494835 -3.46890462621974 -3.97066497291691 -4.38442401739593 -4.51563100740334 -5.13943417749134
-9999 -9999 -9999 -9999 -9999 -9999 -9999 -9999 -9999 -15.9707031063867 -5.37594249235694 -4.93006973987192 -24.791210722275 -18.8549211379046 -7.97308442802018 -5.40525337357275 -1.86808039680746 -2.32253867992714 -1.0685995170078 -0.516608015427974 -1.11978063193662 -1.55768631934422 -1.7369020733566 -1.63676122404762 -0.983540246249188 -0.618288109823352 -0.580325520779732 -0.572500302251645 -0.490401427974053 -0.551764380153348 -0.758321857950351 -0.815730213120916 -0.828092104727042 -0.749518997602699 -0.686889773665221 -0.734074641040218 -0.757846218741287 -0.860427172185867 -1.01810915826779 -1.04020701696212 -0.813561673602486 -0.67884770138621 -0.665039289885744 -0.746695743381304 -0.877238945159208 -1.13257086174072 -1.44866465187709 -2.04199758690909 -2.70010870701552 -3.35554608808677 -4.05293749500227 -4.48570057265013 -4.99252241286064 -5.56785597364901 -5.23259261509895 -4.98986514758893
-9999 -9999 -9999 -9999 -9999 -9999 -9999 -9999 -9999 -9999 -19.0304976094618 -18.3398329487286 -27.8439185116598 -18.599554226502 -7.30356856278377 -2.64543870457626 -2.00771075462036 -0.0177733105600499 -0.212687155773459 -0.26549415246592 -1.0615298267624 -1.38523313853152 -2.18214078889905 -2.38794782958631 -1.58403865951087 -1.26390924246641 -1.19262946397498 -1.20919941190616 -1.09279022451916 -0.815466877208359 -0.73235003888377 -0.801002434678552 -1.01161039022856 -1.21346320314715 -1.1468455290491 -1.13628393425931 -1.06595318013058 -0.9985128890425 -1.01429125593944 -1.16715531108718 -1.39710284139809 -1.18251614775626 -0.979674896580313 -0.914340992657785 -1.01439543133012 -1.23802859962621 -1.61215031621276 -2.34120353145792 -3.19622620554226 -3.79569493316146 -4.34981024109925 -4.9636113158189 -5.72550640687759 -6.57564546655066 -5.5084125190403 -4.83773420414658
-9999 -9999 -9999 -9999 -9999 -9999 -9999 -9999 -9999 -9999 -9999 -35.4189052080758 -23.0922441238498 -11.5238735555845 -5.1080761537416 -0.750861468541359 -1.32078203335337 1 -0.495343045554022 -0.511818578134579 -0.911337975236969 -1.27454412424328 -2.31127364487573 -2.6726896345327 -2.25854234649281 -2.11363559250148 -1.90194850950128 -1.78348745453902 -1.65046017904841 -1.35653130859361 -1.32489511328959 -1.26838989690571 -1.31938655865032 -1.36280950576573 -1.48968826270909 -1.60734037309413 -1.47383197790707 -1.38415189680943 -1.29512887462522 -1.26164791017909 -1.3238702249793 -1.46265393817021 -1.57796500722602 -1.37598387174209 -1.30802158529122 -1.51533864286977 -1.8830743482357 -2.58603551103481 -3.35671278920852 -3.82914427911842 -4.52922144184411 -5.28566098610107 -6.28566100972188 -6.94659084096519 -5.78113783169599 -5.00059772505344
