meets/meet004/_saidas_enm/CCSM_Maxent_6k_Aralia_warmingiana2.asc
NCOLS 154 
NROWS 168 
XLLCORNER -112 
YLLCORNER -55.5 
CELLSIZE 0.5 
NODATA_value -9999 
[rows 50 to 74 of 168, columns 56 to 111 of 154]
-9999 -9999 -9999 -9999 -9999 -9999 -9999 -9999 -9999 -9999 -9999 -9999 -9999 0.00680030696094036 0.00489362189546227 0.0111376894637942 0.0337671153247356 0.103992991149426 0.190126463770866 0.282204538583755 0.316623240709305 0.295843094587326 0.196136489510536 0.107935629785061 0.097180500626564 0.0926947593688965 0.0633375644683838 0.0443105287849903 0.0312888324260712 0.0189725495874882 0.0126536907628179 0.0171299539506435 0.020019942894578 0.0423197485506535 0.0952195078134537 0.17250469326973 0.234476178884506 0.257048338651657 0.246454492211342 0.244524151086807 0.206055998802185 0.214442014694214 0.186520576477051 0.116029590368271 0.0294575057923794 0.00320795713923872 0.00938108004629612 0.00880942493677139 0.0133247449994087 0.0391899794340134 0.0354791544377804 0.101129367947578 0.146100014448166 0.142460018396378 0.11973587423563 0.112417705357075
-9999 -9999 -9999 -9999 -9999 -9999 -9999 -9999 -9999 -9999 -9999 -9999 -9999 0.00511806784197688 0.00608395459130406 0.0230941921472549 0.0666654482483864 0.145523056387901 0.225384876132011 0.289591878652573 0.299383014440536 0.286291688680649 0.204731270670891 0.14837920665741 0.108643509447575 0.0985730960965157 0.0723977759480476 0.0466088615357876 0.0292534027248621 0.0183230936527252 0.0132061876356602 0.014935702085495 0.0207879934459925 0.0413461700081825 0.102263510227203 0.172350898385048 0.233460023999214 0.254969984292984 0.249850556254387 0.23039822280407 0.212592020630836 0.196222603321075 0.14174222946167 0.0664047673344612 0.0255260020494461 0.0110685611143708 0.0122488923370838 0.0160366035997868 0.0257965940982103 0.0554113872349262 0.0937764719128609 0.162753999233246 0.184736251831055 0.172575727105141 0.134784981608391 0.117407567799091
-9999 -9999 -9999 -9999 -9999 -9999 -9999 -9999 -9999 -9999 -9999 0.0136852851137519 0.00619745720177889 0.00664373952895403 0.0152272153645754 0.0523546226322651 0.104445576667786 0.184036374092102 0.244204670190811 0.261819243431091 0.268921762704849 0.241276666522026 0.173131316900253 0.127457693219185 0.0946952551603317 0.0755710750818253 0.0453360415995121 0.0256357491016388 0.0163241904228926 0.0137238018214703 0.0119317043572664 0.0107905212789774 0.0152716245502234 0.0352474339306355 0.103293992578983 0.168934226036072 0.225758865475655 0.260685354471207 0.252774924039841 0.229118406772614 0.220588833093643 0.197268024086952 0.123617187142372 0.0758473798632622 0.0535562336444855 0.0479886457324028 0.0513265877962112 0.0675908848643303 0.0999259352684021 0.171155214309692 0.256626427173615 0.26981058716774 0.252510756254196 0.210564881563187 0.13964980840683 0.116345711052418
-9999 -9999 -9999 -9999 -9999 -9999 -9999 -9999 -9999 -9999 0.0216697994619608 0.0114253181964159 0.00766708143055439 0.0102231064811349 0.0231322143226862 0.0619299113750458 0.119699612259865 0.177054345607758 0.205329969525337 0.206358686089516 0.183351203799248 0.14023669064045 0.103669621050358 0.0774044096469879 0.0562357828021049 0.0379364155232906 0.0211107786744833 0.0160877332091331 0.0132872723042965 0.0121641308069229 0.0112979048863053 0.0105442516505718 0.0113198971375823 0.0304467137902975 0.0908255204558372 0.161484569311142 0.216334983706474 0.253214120864868 0.258261114358902 0.238688305020332 0.21696700155735 0.172241508960724 0.119911260902882 0.0978427976369858 0.0966143682599068 0.121708504855633 0.14505971968174 0.198708832263947 0.258399456739426 0.32225114107132 0.363017588853836 0.325127482414246 0.27958345413208 0.213714972138405 0.140821650624275 0.116133667528629
-9999 -9999 -9999 -9999 -9999 -9999 -9999 -9999 -9999 -9999 0.0225311852991581 0.0178185757249594 0.0230352804064751 0.0327509641647339 0.0366765446960926 0.0580654889345169 0.0945855602622032 0.130173996090889 0.115906082093716 0.105853416025639 0.091724656522274 0.0739757418632507 0.057409830391407 0.0423137061297894 0.027477765455842 0.0211797300726175 0.0184514038264751 0.0139818163588643 0.0116368066519499 0.0112503189593554 0.0107241403311491 0.0106462240219116 0.010573304258287 0.0228240024298429 0.0729738473892212 0.149126708507538 0.193208366632462 0.236331224441528 0.250704914331436 0.252619683742523 0.25027272105217 0.180760473012924 0.136665105819702 0.124952144920826 0.148435011506081 0.215415418148041 0.249653458595276 0.335750043392181 0.401922166347504 0.397062957286835 0.380235195159912 0.316198259592056 0.25473216176033 0.193077698349953 0.128745496273041 0.115948103368282
-9999 -9999 -9999 -9999 -9999 -9999 -9999 -9999 0.025563545525074 0.0401873551309109 0.0376926921308041 0.050854604691267 0.058744914829731 0.0762466415762901 0.0613091588020325 0.0416074357926846 0.0605958849191666 0.07380710542202 0.0625693649053574 0.0538586936891079 0.0452230349183083 0.0365796759724617 0.0288717485964298 0.0216126833111048 0.0202376246452332 0.0190806277096272 0.016102897003293 0.0124590806663036 0.0105992825701833 0.0102253798395395 0.0103560229763389 0.0102378940209746 0.0107847191393375 0.0170246344059706 0.0501078143715858 0.116451293230057 0.165171429514885 0.198102489113808 0.219588056206703 0.223721295595169 0.194222316145897 0.144314795732498 0.116083838045597 0.120178170502186 0.147810041904449 0.207756459712982 0.269239604473114 0.341951251029968 0.340864658355713 0.32763746380806 0.299851506948471 0.257798433303833 0.206336140632629 0.164235264062881 0.127876847982407 0.14893239736557
-9999 -9999 -9999 -9999 -9999 -9999 -9999 -9999 0.0386247970163822 0.0587302632629871 0.117695540189743 0.139294102787971 0.14957483112812 0.131123542785645 0.0919318124651909 0.0605598613619804 0.0430477075278759 0.0377535931766033 0.026473281905055 0.0224507413804531 0.0207097660750151 0.0195496287196875 0.0186261143535376 0.0182776711881161 0.0175941959023476 0.01665298640728 0.0132950432598591 0.0108894798904657 0.0096984812989831 0.009720079600811 0.0101299127563834 0.0103464582934976 0.0107771819457412 0.0122915981337428 0.0304118599742651 0.0635545179247856 0.0929392576217651 0.123583473265171 0.130142390727997 0.116631619632244 0.10559456795454 0.0857357457280159 0.0775253921747208 0.0826871693134308 0.101019561290741 0.141632035374641 0.185547426342964 0.217518821358681 0.201501280069351 0.18812483549118 0.180910542607307 0.152399957180023 0.135704234242439 0.125763058662415 0.113891527056694 0.163719996809959
-9999 -9999 -9999 -9999 -9999 -9999 -9999 0.0562857575714588 0.0544265918433666 0.103981852531433 0.226224035024643 0.228453785181046 0.265171706676483 0.229023605585098 0.145387306809425 0.0884599387645721 0.0673273801803589 0.03066660836339 0.0140823116526008 0.0121914530172944 0.0130531881004572 0.0137270838022232 0.0129301380366087 0.0128558846190572 0.013121890835464 0.0118032554164529 0.0116360103711486 0.0111072408035398 0.0104995677247643 0.0106089217588305 0.0103912707418203 0.0103186164051294 0.0108312284573913 0.011700083501637 0.0169557854533195 0.0275844745337963 0.0396133400499821 0.0436343885958195 0.0471820086240768 0.0491247661411762 0.0466023311018944 0.0453815683722496 0.0442293547093868 0.050000187009573 0.0620682239532471 0.0808293372392654 0.0956276580691338 0.0917468890547752 0.0801144391298294 0.0717340186238289 0.0662666261196136 0.0635809972882271 0.068037137389183 0.0755362436175346 0.0843972563743591 0.156204402446747
-9999 -9999 -9999 -9999 -9999 -9999 -9999 0.0646411925554276 0.0872867628931999 0.244778901338577 0.366776287555695 0.339921057224274 0.338044255971909 0.274840176105499 0.193502098321915 0.135872706770897 0.0981090813875198 0.0470056422054768 0.0171424895524979 0.0119594680145383 0.0118793454021215 0.0118528706952929 0.0110018374398351 0.0108907287940383 0.0112430397421122 0.0106849912554026 0.0113667910918593 0.0115381665527821 0.011664554476738 0.0120938941836357 0.0122005455195904 0.012396601960063 0.0124437268823385 0.0119948629289865 0.0110768284648657 0.0146903060376644 0.018772067502141 0.0202087219804525 0.0211556553840637 0.0225768461823463 0.0223983954638243 0.0217663794755936 0.0223393272608519 0.0245784260332584 0.027661070227623 0.0338761359453201 0.0327094756066799 0.0277086328715086 0.0223816987127066 0.0201600678265095 0.0207664873450994 0.0242306925356388 0.0297708678990602 0.0376409515738487 0.0517580173909664 0.117717295885086
-9999 -9999 -9999 -9999 -9999 -9999 0.068927489221096 0.107442140579224 0.231816276907921 0.387680977582932 0.46589869260788 0.407210171222687 0.335878610610962 0.262789309024811 0.223476424813271 0.178384855389595 0.126858726143837 0.0718026012182236 0.0264310706406832 0.0194075964391232 0.0156031036749482 0.0136141637340188 0.0124292662367225 0.0122820381075144 0.0121023915708065 0.0120276445522904 0.0123902792111039 0.0128903454169631 0.0133275622501969 0.0135877160355449 0.0137044787406921 0.0139412647113204 0.0142652885988355 0.0139266503974795 0.0133350025862455 0.0124119771644473 0.0138093866407871 0.01479263138026 0.0150652537122369 0.0145776132121682 0.014107596129179 0.0124927815049887 0.0107236532494426 0.0109207676723599 0.0148495249450207 0.0184461530297995 0.0186060462146997 0.019182525575161 0.0188041850924492 0.0185075011104345 0.0186268426477909 0.0212864708155394 0.0251259803771973 0.0345555394887924 0.0469978116452694 0.0759028196334839
-9999 -9999 -9999 -9999 -9999 -9999 0.0967479944229126 0.211962297558784 0.33866411447525 0.474247694015503 0.537524282932281 0.463766932487488 0.361556798219681 0.301333695650101 0.257364720106125 0.231110811233521 0.150535434484482 0.0877145603299141 0.0386947691440582 0.0307126753032207 0.0277754385024309 0.0250361636281013 0.0233062896877527 0.0232529006898403 0.0228387098759413 0.0215340293943882 0.0219702310860157 0.0221135281026363 0.0225781481713057 0.0229907464236021 0.0223241671919823 0.02226840890944 0.0213183891028166 0.0201843827962875 0.0189631171524525 0.0175247807055712 0.0158682279288769 0.0144557636231184 0.0139768309891224 0.0146044958382845 0.0150754144415259 0.0162345375865698 0.0174840223044157 0.0210549086332321 0.0238632541149855 0.0220704525709152 0.021741833537817 0.020685838535428 0.019824642688036 0.0200791321694851 0.0197562426328659 0.0219044964760542 0.024212472140789 0.0299347452819347 0.0403936728835106 0.0550074465572834
-9999 -9999 -9999 -9999 -9999 -9999 0.14903050661087 0.272083818912506 0.400661468505859 0.515490293502808 0.575851619243622 0.510829985141754 0.408688753843307 0.373488187789917 0.309363484382629 0.262317687273026 0.185239776968956 0.105412878096104 0.0528349615633488 0.0425712168216705 0.0388162545859814 0.0372293703258038 0.0363899916410446 0.0359110683202744 0.0338777005672455 0.0324456766247749 0.0330208986997604 0.0350985378026962 0.035542868077755 0.0343054533004761 0.0338308177888393 0.0324339270591736 0.0312387607991695 0.029637984931469 0.0274713076651096 0.025603998452425 0.0251076184213161 0.0252732709050179 0.0251572821289301 0.0266778226941824 0.0285826046019793 0.029154647141695 0.0301788356155157 0.0298347398638725 0.0267853699624538 0.0237386971712112 0.0222656484693289 0.0215853229165077 0.0209045298397541 0.0206023640930653 0.0207112841308117 0.0224026422947645 0.0243527758866549 0.0297660436481237 0.0357238315045834 0.0432997792959213
-9999 -9999 -9999 -9999 -9999 -9999 -9999 0.339635729789734 0.445342361927032 0.553216457366943 0.583195626735687 0.540414571762085 0.457627058029175 0.435477733612061 0.38945934176445 0.320850789546967 0.233515754342079 0.132252663373947 0.0709386244416237 0.0581168308854103 0.0534901097416878 0.0509631708264351 0.0505025796592236 0.0501939617097378 0.0494411028921604 0.0483129993081093 0.0506280958652496 0.0532107874751091 0.0552345737814903 0.0545124262571335 0.0521136969327927 0.0511056110262871 0.0484017170965672 0.0465353764593601 0.0452520698308945 0.0427529402077198 0.0429367646574974 0.0427321121096611 0.0437040030956268 0.046277292072773 0.0418243035674095 0.0398510284721851 0.0376412011682987 0.0368725769221783 0.0328739956021309 0.0285159163177013 0.027327673509717 0.0256856810301542 0.0247989110648632 0.0249471198767424 0.0248860288411379 0.0270106103271246 0.0288408808410168 0.033370416611433 0.0395416356623173 0.0457801595330238
-9999 -9999 -9999 -9999 -9999 -9999 -9999 -9999 0.470758438110352 0.584161698818207 0.612568855285645 0.565365612506866 0.488327354192734 0.476077616214752 0.447465240955353 0.356670528650284 0.272195190191269 0.139192998409271 0.0828120857477188 0.0715342685580254 0.0671074390411377 0.0639503374695778 0.0643794983625412 0.0653355941176414 0.0650007575750351 0.0657144039869308 0.0695796012878418 0.0750379264354706 0.0791978612542152 0.0768595635890961 0.0750339776277542 0.0729869082570076 0.0716712921857834 0.069678895175457 0.0678730234503746 0.0672782212495804 0.0657975375652313 0.0653331875801086 0.0585969984531403 0.0532978586852551 0.0471762455999851 0.0442965105175972 0.0424293763935566 0.0414009839296341 0.0370496362447739 0.0334206186234951 0.0310753509402275 0.0299974456429482 0.0284570343792439 0.0275197345763445 0.0274410303682089 0.0299113467335701 0.0333336219191551 0.0398973003029823 0.0463391728699207 0.0540016479790211
-9999 -9999 -9999 -9999 -9999 -9999 0.29015925526619 0.417857438325882 0.525165379047394 0.575089514255524 0.599190473556519 0.567723631858826 0.495996117591858 0.490501165390015 0.476544231176376 0.388510286808014 0.275533258914948 0.1469506919384 0.0945024490356445 0.0839811787009239 0.082809679210186 0.0806642696261406 0.080821193754673 0.0820535272359848 0.086073100566864 0.0900798290967941 0.0962083712220192 0.102445058524609 0.108121305704117 0.109713561832905 0.107915043830872 0.106923334300518 0.105154439806938 0.103653110563755 0.102669656276703 0.100412741303444 0.0937789604067802 0.0836801677942276 0.0728078782558441 0.0647673234343529 0.0574236586689949 0.0546786040067673 0.0524289719760418 0.049502395093441 0.0414360165596008 0.0352026261389256 0.0325331166386604 0.0306303482502699 0.0293155293911695 0.0283991452306509 0.0283071640878916 0.0309914480894804 0.0354852676391602 0.0437304824590683 0.0551971271634102 0.0708761736750603
-9999 -9999 -9999 -9999 -9999 0.163285776972771 0.310717552900314 0.430814981460571 0.51597934961319 0.567573249340057 0.61457884311676 0.57223504781723 0.498618513345718 0.48959031701088 0.458284884691238 0.410119086503983 0.223588079214096 0.139642342925072 0.101699903607368 0.0924113318324089 0.0942131876945496 0.0934881418943405 0.0982431769371033 0.101710245013237 0.106148704886436 0.116099201142788 0.121585614979267 0.131342634558678 0.139981582760811 0.144759804010391 0.146590620279312 0.142380908131599 0.139797031879425 0.136013001203537 0.12942261993885 0.125665083527565 0.112567618489265 0.100333206355572 0.0879382565617561 0.0759858265519142 0.0658052116632462 0.0601291619241238 0.0557954162359238 0.0503117218613625 0.0413976050913334 0.0341623835265636 0.0329452604055405 0.0320649407804012 0.0311322845518589 0.0295383762568235 0.0287550184875727 0.0329875014722347 0.0381652824580669 0.047717060893774 0.0625309199094772 0.086959034204483
-9999 -9999 -9999 -9999 -9999 0.243822813034058 0.388885200023651 0.473947197198868 0.540675401687622 0.564069628715515 0.595329582691193 0.572207689285278 0.529854536056519 0.493460386991501 0.447650581598282 0.32650688290596 0.200934559106827 0.133241012692451 0.101186968386173 0.101251177489758 0.103239431977272 0.106367573142052 0.112142346799374 0.118035219609737 0.126009717583656 0.136047452688217 0.147534713149071 0.154891341924667 0.155141279101372 0.156587943434715 0.154549196362495 0.150471866130829 0.146970883011818 0.143886849284172 0.140904545783997 0.134537220001221 0.123658023774624 0.110623084008694 0.096726194024086 0.0830343067646027 0.0711944773793221 0.0630962550640106 0.0561730079352856 0.0506593436002731 0.0441877134144306 0.0380993895232677 0.0357460007071495 0.034522108733654 0.0337668359279633 0.0330337435007095 0.0337005257606506 0.0372509211301804 0.0433961302042007 0.0535468459129333 0.0664262026548386 0.0843966007232666
-9999 -9999 -9999 -9999 -9999 -9999 0.426411122083664 0.53701114654541 0.563036680221558 0.573103368282318 0.586844921112061 0.570176482200623 0.540763437747955 0.526618480682373 0.480916500091553 0.33865562081337 0.231540396809578 0.139464855194092 0.104672119021416 0.113516859710217 0.114169076085091 0.129864782094955 0.133258447051048 0.14197726547718 0.154090642929077 0.16108064353466 0.166797190904617 0.162882655858994 0.159329026937485 0.156995385885239 0.150621175765991 0.152016788721085 0.148079141974449 0.145874485373497 0.145323976874352 0.139534801244736 0.127454206347466 0.113087810575962 0.0996002927422523 0.0880459919571877 0.0764305293560028 0.0679911375045776 0.0591288134455681 0.0535033047199249 0.0500889010727406 0.0430005639791489 0.0408019386231899 0.0387846194207668 0.0378675609827042 0.0371532775461674 0.0383857823908329 0.042556319385767 0.0491419956088066 0.0585706681013107 0.068364292383194 0.0807986259460449
-9999 -9999 -9999 -9999 -9999 -9999 0.435734450817108 0.51059490442276 0.565730094909668 0.566419839859009 0.552511692047119 0.527720093727112 0.504101395606995 0.491769999265671 0.490574806928635 0.468764871358871 0.390259653329849 0.15050807595253 0.0879033580422401 0.113446272909641 0.160657227039337 0.166735365986824 0.167857974767685 0.176471814513206 0.190023422241211 0.196285530924797 0.18420198559761 0.170299425721169 0.160701960325241 0.156245917081833 0.153312757611275 0.148035019636154 0.144281908869743 0.140767723321915 0.137904122471809 0.133005663752556 0.122696526348591 0.111249081790447 0.100929692387581 0.0921477824449539 0.0832784920930862 0.074982538819313 0.0674004778265953 0.0621275939047337 0.0586260631680489 0.0533631071448326 0.0492541305720806 0.046233594417572 0.0443968139588833 0.0423512607812881 0.0426017455756664 0.0477415435016155 0.0549491383135319 0.0638861209154129 0.0713172405958176 0.0796738937497139
-9999 -9999 -9999 -9999 -9999 -9999 0.415919691324234 0.461329340934753 0.535946846008301 0.548255026340485 0.537142872810364 0.49474248290062 0.449548631906509 0.444971531629562 0.442855507135391 0.443564057350159 0.440512835979462 0.158521935343742 0.0712411478161812 0.118580795824528 0.213416010141373 0.22227817773819 0.202959582209587 0.207907244563103 0.217788830399513 0.226307943463326 0.204102709889412 0.178664162755013 0.165160700678825 0.159850642085075 0.154194176197052 0.145758539438248 0.137254700064659 0.132592022418976 0.130318775773048 0.126504197716713 0.120000176131725 0.110394813120365 0.102883160114288 0.09782325476408 0.0906742960214615 0.0847030729055405 0.0781303867697716 0.0733513608574867 0.0702853426337242 0.0660414397716522 0.0609790533781052 0.0562624856829643 0.0532412193715572 0.0492391511797905 0.0479126051068306 0.0550897568464279 0.0633196383714676 0.0718920230865479 0.0776674747467041 0.0826087296009064
-9999 -9999 -9999 -9999 -9999 -9999 -9999 -9999 0.497683882713318 0.522206962108612 0.53732442855835 0.482430905103683 0.412605494260788 0.402940362691879 0.415367484092712 0.444248229265213 0.49121567606926 0.152937546372414 0.0472324900329113 0.106966376304626 0.257228344678879 0.260873168706894 0.206872209906578 0.195296704769135 0.215290188789368 0.229354858398438 0.208355039358139 0.182404264807701 0.167331174015999 0.159461811184883 0.150481358170509 0.137202471494675 0.124993063509464 0.118781745433807 0.11810689419508 0.117452181875706 0.113249972462654 0.109269179403782 0.105318009853363 0.100913502275944 0.0974130034446716 0.0928624495863914 0.0889949798583984 0.0857924968004227 0.0825798511505127 0.0802519097924232 0.0741869360208511 0.0691848620772362 0.0650056824088097 0.0595775581896305 0.0588054023683071 0.0647093206644058 0.0744487196207047 0.0850491002202034 0.0920591354370117 0.0975003764033318
-9999 -9999 -9999 -9999 -9999 -9999 -9999 -9999 0.486564636230469 0.507700383663177 0.529826283454895 0.464282512664795 0.37295213341713 0.373293489217758 0.397777676582336 0.437421947717667 0.529719352722168 0.166787356138229 0.0422642156481743 0.121443927288055 0.309538543224335 0.276986628770828 0.195993304252625 0.18149745464325 0.208943232893944 0.228264734148979 0.209723979234695 0.180853709578514 0.165570601820946 0.160354658961296 0.15013724565506 0.133885726332664 0.116609051823616 0.109472021460533 0.110373646020889 0.110087186098099 0.109329424798489 0.107420437037945 0.105928517878056 0.104541413486004 0.102895461022854 0.101720906794071 0.0998183712363243 0.0977890715003014 0.0957454293966293 0.0935853272676468 0.0892299488186836 0.0838044509291649 0.0789109990000725 0.0717060118913651 0.0697744116187096 0.0752721652388573 0.0854087471961975 0.100420922040939 0.114368163049221 0.127957805991173
-9999 -9999 -9999 -9999 -9999 -9999 -9999 -9999 -9999 0.515827178955078 0.522300481796265 0.430852055549622 0.342515975236893 0.33998167514801 0.376587390899658 0.432496160268784 0.533745110034943 0.297088414430618 0.0605327673256397 0.142263695597649 0.319344639778137 0.282750070095062 0.192162618041039 0.171685308218002 0.199137404561043 0.223504081368446 0.208314150571823 0.181294217705727 0.164518877863884 0.158197179436684 0.149160549044609 0.128939002752304 0.110987931489944 0.103591538965702 0.103405155241489 0.104118891060352 0.103532448410988 0.102667152881622 0.103874228894711 0.104687109589577 0.106541663408279 0.107247710227966 0.107835926115513 0.108686119318008 0.107852570712566 0.105983421206474 0.102479986846447 0.0973374843597412 0.0922405943274498 0.085286483168602 0.0809329748153687 0.0829920917749405 0.090487577021122 0.109249971807003 0.144859343767166 0.188621923327446
-9999 -9999 -9999 -9999 -9999 -9999 -9999 -9999 -9999 -9999 0.510660707950592 0.409690409898758 0.322949469089508 0.331572264432907 0.374803066253662 0.437859505414963 0.543284952640533 0.51865029335022 0.131011098623276 0.206848606467247 0.343019813299179 0.287620604038239 0.197195217013359 0.175483494997025 0.201943978667259 0.221512645483017 0.206248119473457 0.180550962686539 0.16410531103611 0.157653793692589 0.14637790620327 0.125671535730362 0.106023468077183 0.0980277135968208 0.0990891680121422 0.100702874362469 0.100490525364876 0.0995510146021843 0.101266674697399 0.104873076081276 0.108886808156967 0.112686105072498 0.115301609039307 0.118347071111202 0.120060928165913 0.119953900575638 0.117314979434013 0.110594779253006 0.104528717696667 0.0951060056686401 0.089736320078373 0.0906958505511284 0.096358947455883 0.120308101177216 0.166073396801949 0.213138163089752
-9999 -9999 -9999 -9999 -9999 -9999 -9999 -9999 -9999 -9999 -9999 0.408378660678864 0.323249667882919 0.329952985048294 0.35793936252594 0.409727394580841 0.529569566249847 0.599427103996277 0.315081596374512 0.326017618179321 0.34946072101593 0.283405661582947 0.223627388477325 0.193621531128883 0.208963945508003 0.215959042310715 0.202197253704071 0.18096712231636 0.163494184613228 0.154303058981895 0.140144616365433 0.121704258024693 0.105273455381393 0.0970232412219048 0.0960191041231155 0.0956498384475708 0.0977606549859047 0.0966759473085403 0.101235792040825 0.107449561357498 0.111906722187996 0.12053556740284 0.125200435519218 0.131661504507065 0.136753484606743 0.136972784996033 0.136609748005867 0.130089774727821 0.122610464692116 0.112000338733196 0.104808233678341 0.107331842184067 0.116265438497066 0.136304154992104 0.165664955973625 0.187787786126137
