meets/meet004/_saidas_enm/CCSM_Maxent_6k_Cavanillesia_umbellata2.asc
NCOLS 154 
NROWS 168 
XLLCORNER -112 
YLLCORNER -55.5 
CELLSIZE 0.5 
NODATA_value -9999 
[rows 100 to 124 of 168, columns 56 to 111 of 154]
-9999 -9999 -9999 -9999 -9999 -9999 -9999 -9999 -9999 -9999 -9999 -9999 -9999 -9999 -9999 -9999 -9999 -9999 -9999 -9999 -9999 -9999 -9999 -9999 -9999 -9999 -9999 -9999 0.138633161783218 0.179724246263504 0.0870277732610703 0.069070853292942 0.0564930140972137 0.0521758049726486 0.0531596168875694 0.0540493726730347 0.0609575025737286 0.0661712810397148 0.072491243481636 0.0773325636982918 0.0839941203594208 0.108502000570297 0.146812751889229 0.041645709425211 0.0395238734781742 0.0383972227573395 0.0471263118088245 0.0621386505663395 0.0714273452758789 0.0724033936858177 0.0693499147891998 0.113131925463676 0.114365100860596 0.108791813254356 0.104045264422894 0.300345033407211
-9999 -9999 -9999 -9999 -9999 -9999 -9999 -9999 -9999 -9999 -9999 -9999 -9999 -9999 -9999 -9999 -9999 -9999 -9999 -9999 -9999 -9999 -9999 -9999 -9999 -9999 -9999 -9999 0.143014594912529 0.189817503094673 0.134256631135941 0.0640284717082977 0.0500030145049095 0.0481213927268982 0.055741798132658 0.0957938879728317 0.10434728115797 0.0698977261781693 0.0753146931529045 0.0802673995494843 0.0879559442400932 0.113580979406834 0.154990404844284 0.0440133512020111 0.0402561500668526 0.0391581580042839 0.0523900352418423 0.0709939152002335 0.121752388775349 0.0703187361359596 0.0604287646710873 0.0670734047889709 0.0704039633274078 0.109901241958141 0.326545238494873 0.229546204209328
-9999 -9999 -9999 -9999 -9999 -9999 -9999 -9999 -9999 -9999 -9999 -9999 -9999 -9999 -9999 -9999 -9999 -9999 -9999 -9999 -9999 -9999 -9999 -9999 -9999 -9999 -9999 0.244440317153931 0.149043679237366 0.190651297569275 0.0882954522967339 0.05981120839715 0.0505853109061718 0.0513357073068619 0.060733113437891 0.107621386647224 0.111536346375942 0.11480376124382 0.0801271796226501 0.0842794850468636 0.0950830280780792 0.120738454163074 0.163418650627136 0.0471307970583439 0.0401276871562004 0.0414259172976017 0.0497288815677166 0.0658835098147392 0.0730500668287277 0.0684904083609581 0.064080186188221 0.0660146847367287 0.0717746913433075 0.108655735850334 0.227468982338905 0.208436131477356
-9999 -9999 -9999 -9999 -9999 -9999 -9999 -9999 -9999 -9999 -9999 -9999 -9999 -9999 -9999 -9999 -9999 -9999 -9999 -9999 -9999 -9999 -9999 -9999 -9999 -9999 -9999 0.241175502538681 0.147631511092186 0.193255409598351 0.0812057927250862 0.0556698739528656 0.0502658672630787 0.0536859855055809 0.102332182228565 0.115777060389519 0.110746122896671 0.0709207132458687 0.075479619204998 0.0814265459775925 0.0954261049628258 0.121076747775078 0.161940231919289 0.044291764497757 0.0380334481596947 0.134661868214607 0.04371452704072 0.0570026375353336 0.0628365650773048 0.0646625757217407 0.0628172680735588 0.066913366317749 0.0693817287683487 0.0712021738290787 0.219065770506859 0.204071134328842
-9999 -9999 -9999 -9999 -9999 -9999 -9999 -9999 -9999 -9999 -9999 -9999 -9999 -9999 -9999 -9999 -9999 -9999 -9999 -9999 -9999 -9999 -9999 -9999 -9999 -9999 -9999 0.22652830183506 0.13030444085598 0.111342489719391 0.0738723799586296 0.0519672222435474 0.0503234677016735 0.0559258870780468 0.105954319238663 0.11442069709301 0.0996368005871773 0.055820494890213 0.0601808205246925 0.0742186680436134 0.0913558676838875 0.11606403440237 0.13779790699482 0.134530797600746 0.127840593457222 0.119897969067097 0.142703086137772 0.170429155230522 0.190449669957161 0.201421156525612 0.197593778371811 0.0619462467730045 0.0621689185500145 0.208132907748222 0.201375693082809 0.208957374095917
-9999 -9999 -9999 -9999 -9999 -9999 -9999 -9999 -9999 -9999 -9999 -9999 -9999 -9999 -9999 -9999 -9999 -9999 -9999 -9999 -9999 -9999 -9999 -9999 -9999 -9999 -9999 0.217047676444054 0.10080061852932 0.121247544884682 0.0633624643087387 0.0470399148762226 0.0487698428332806 0.0549133494496346 0.0993165597319603 0.102259621024132 0.0534808523952961 0.0459533184766769 0.0513535551726818 0.0681864768266678 0.0879112929105759 0.109044447541237 0.123832151293755 0.136638000607491 0.12178548425436 0.137027323246002 0.147109270095825 0.163997992873192 0.180816531181335 0.200249895453453 0.196448713541031 0.200051829218864 0.196714326739311 0.191079199314117 0.210184916853905 0.199284374713898
-9999 -9999 -9999 -9999 -9999 -9999 -9999 -9999 -9999 -9999 -9999 -9999 -9999 -9999 -9999 -9999 -9999 -9999 -9999 -9999 -9999 -9999 -9999 -9999 -9999 -9999 -9999 0.190966829657555 0.0831041485071182 0.106130532920361 0.0555983409285545 0.0419166162610054 0.0462094508111477 0.0532131753861904 0.0569111555814743 0.0513690933585167 0.0434337109327316 0.0400686450302601 0.0488262921571732 0.0699838548898697 0.0911402180790901 0.101557463407516 0.116449162364006 0.129674434661865 0.139782786369324 0.160158336162567 0.169086456298828 0.171718001365662 0.188641965389252 0.21990017592907 0.237163037061691 0.227020546793938 0.215169325470924 0.207400873303413 0.200876548886299 0.202226892113686
-9999 -9999 -9999 -9999 -9999 -9999 -9999 -9999 -9999 -9999 -9999 -9999 -9999 -9999 -9999 -9999 -9999 -9999 -9999 -9999 -9999 -9999 -9999 -9999 -9999 -9999 -9999 0.165395990014076 0.20020218193531 0.0788600295782089 0.0478516630828381 0.0352871268987656 0.0425194203853607 0.0491173937916756 0.0500899702310562 0.0413670688867569 0.0361896902322769 0.0372909978032112 0.0492250137031078 0.0705485567450523 0.0893130004405975 0.0999470055103302 0.109616219997406 0.118845134973526 0.128997698426247 0.150155752897263 0.158329010009766 0.176661968231201 0.197337850928307 0.215774163603783 0.234047845005989 0.222329333424568 0.210189208388329 0.201370507478714 0.197631508111954 0.199785321950912
-9999 -9999 -9999 -9999 -9999 -9999 -9999 -9999 -9999 -9999 -9999 -9999 -9999 -9999 -9999 -9999 -9999 -9999 -9999 -9999 -9999 -9999 -9999 -9999 -9999 -9999 -9999 0.365466326475143 0.220622852444649 0.0641345307230949 0.0368146151304245 0.0283457767218351 0.0372071824967861 0.0465072579681873 0.0451505221426487 0.0352536700665951 0.0332771837711334 0.0383638702332973 0.052589014172554 0.0747419893741608 0.0877483934164047 0.0990254282951355 0.107492469251156 0.113936021924019 0.117338225245476 0.118973203003407 0.136142402887344 0.15013661980629 0.16950948536396 0.199225187301636 0.211331352591515 0.207919850945473 0.197160810232162 0.191707044839859 0.194990083575249 0.194456726312637
-9999 -9999 -9999 -9999 -9999 -9999 -9999 -9999 -9999 -9999 -9999 -9999 -9999 -9999 -9999 -9999 -9999 -9999 -9999 -9999 -9999 -9999 -9999 -9999 -9999 -9999 -9999 0.386931121349335 0.210296347737312 0.0550683103501797 0.0333386734127998 0.0252904891967773 0.0347249209880829 0.0447773300111294 0.0443347096443176 0.0362202823162079 0.0380806289613247 0.0492134615778923 0.0685438960790634 0.0853987485170364 0.0908314064145088 0.100626558065414 0.106905430555344 0.111655831336975 0.114392392337322 0.115512415766716 0.124141477048397 0.137996688485146 0.155397012829781 0.17757773399353 0.188452497124672 0.191207081079483 0.184497371315956 0.18375489115715 0.187813743948936 0.187233418226242
-9999 -9999 -9999 -9999 -9999 -9999 -9999 -9999 -9999 -9999 -9999 -9999 -9999 -9999 -9999 -9999 -9999 -9999 -9999 -9999 -9999 -9999 -9999 -9999 -9999 -9999 0.519968211650848 0.361484169960022 0.194896265864372 0.0516167879104614 0.0327624157071114 0.0277503710240126 0.0325120203197002 0.0435451492667198 0.0452647022902966 0.0374068915843964 0.0475266799330711 0.0724630132317543 0.0980691537261009 0.101698808372021 0.0982497930526733 0.102565743029118 0.107623212039471 0.110508680343628 0.112430892884731 0.117507144808769 0.130306512117386 0.143545910716057 0.158340096473694 0.167196899652481 0.172317668795586 0.179674878716469 0.177207425236702 0.180946663022041 0.183327093720436 0.181507766246796
-9999 -9999 -9999 -9999 -9999 -9999 -9999 -9999 -9999 -9999 -9999 -9999 -9999 -9999 -9999 -9999 -9999 -9999 -9999 -9999 -9999 -9999 -9999 -9999 -9999 -9999 0.466924011707306 0.349675565958023 0.14899930357933 0.0453559048473835 0.0337237901985645 0.0313028916716576 0.0349899381399155 0.0414908081293106 0.0450740270316601 0.0454980842769146 0.0601541623473167 0.085264764726162 0.109597243368626 0.117910966277122 0.11381758749485 0.11086069047451 0.113146513700485 0.112367890775204 0.119107268750668 0.125722542405128 0.135668218135834 0.143460839986801 0.153433233499527 0.162808477878571 0.167116433382034 0.169772699475288 0.16915625333786 0.170406833291054 0.172004476189613 0.168976023793221
-9999 -9999 -9999 -9999 -9999 -9999 -9999 -9999 -9999 -9999 -9999 -9999 -9999 -9999 -9999 -9999 -9999 -9999 -9999 -9999 -9999 -9999 -9999 -9999 -9999 -9999 0.401502430438995 0.260900050401688 0.065268836915493 0.0383104644715786 0.033658966422081 0.0357368737459183 0.0379931777715683 0.0436385236680508 0.0516993552446365 0.0542377568781376 0.0771736726164818 0.0955321118235588 0.112272635102272 0.132098615169525 0.134136497974396 0.130941405892372 0.128070205450058 0.125898748636246 0.130032986402512 0.130618721246719 0.137288942933083 0.141834914684296 0.145571574568748 0.154620677232742 0.159653186798096 0.161624521017075 0.159906387329102 0.16224867105484 0.162030652165413 0.158442616462708
-9999 -9999 -9999 -9999 -9999 -9999 -9999 -9999 -9999 -9999 -9999 -9999 -9999 -9999 -9999 -9999 -9999 -9999 -9999 -9999 -9999 -9999 -9999 -9999 -9999 -9999 0.343888014554977 0.186590448021889 0.0500728189945221 0.0327912978827953 0.0344030074775219 0.0375109203159809 0.0425864048302174 0.0575043596327305 0.0777108743786812 0.0936711207032204 0.107066750526428 0.110740453004837 0.122692793607712 0.143217325210571 0.160239651799202 0.157894805073738 0.147661209106445 0.144033625721931 0.153912290930748 0.160921543836594 0.150800660252571 0.137989461421967 0.136714935302734 0.142872273921967 0.150582775473595 0.152231052517891 0.152660399675369 0.153827965259552 0.152017891407013 0.148779347538948
-9999 -9999 -9999 -9999 -9999 -9999 -9999 -9999 -9999 -9999 -9999 -9999 -9999 -9999 -9999 -9999 -9999 -9999 -9999 -9999 -9999 -9999 -9999 -9999 -9999 0.429005295038223 0.286467999219894 0.0761030688881874 0.0326822735369205 0.0306039936840534 0.0368523895740509 0.0416010618209839 0.0573328249156475 0.0811252892017365 0.173211857676506 0.251057267189026 0.220682814717293 0.132532447576523 0.136968925595284 0.164180174469948 0.200273096561432 0.171693295240402 0.165385976433754 0.168292433023453 0.181162968277931 0.206254512071609 0.169537290930748 0.138565927743912 0.128315463662148 0.131896451115608 0.140884608030319 0.144524931907654 0.144559100270271 0.145012676715851 0.141568139195442 0.140065625309944
-9999 -9999 -9999 -9999 -9999 -9999 -9999 -9999 -9999 -9999 -9999 -9999 -9999 -9999 -9999 -9999 -9999 -9999 -9999 -9999 -9999 -9999 -9999 -9999 -9999 0.410810977220535 0.220190152525902 0.0491996854543686 0.0277089029550552 0.0320141389966011 0.0396441705524921 0.0456752367317677 0.0701020509004593 0.102716572582722 0.211844637989998 0.254722446203232 0.250966787338257 0.161060437560081 0.160672008991241 0.17054295539856 0.193308621644974 0.176178485155106 0.169363871216774 0.170644968748093 0.191995456814766 0.205913960933685 0.171031415462494 0.138539388775826 0.126998528838158 0.125204145908356 0.1349086612463 0.134788498282433 0.133525431156158 0.133829697966576 0.130372479557991 0.127101808786392
-9999 -9999 -9999 -9999 -9999 -9999 -9999 -9999 -9999 -9999 -9999 -9999 -9999 -9999 -9999 -9999 -9999 -9999 -9999 -9999 -9999 -9999 -9999 -9999 -9999 0.384462028741837 0.183213144540787 0.035559207201004 0.0280910264700651 0.0345099829137325 0.0421584211289883 0.055506244301796 0.0813064947724342 0.111750811338425 0.142643630504608 0.255835145711899 0.256467908620834 0.163320899009705 0.162095159292221 0.177969336509705 0.184458389878273 0.169378250837326 0.156953096389771 0.159509390592575 0.181642234325409 0.203614935278893 0.165272027254105 0.13170650601387 0.121392525732517 0.122011259198189 0.129636600613594 0.126497983932495 0.12282707542181 0.121838256716728 0.117999315261841 0.114912509918213
-9999 -9999 -9999 -9999 -9999 -9999 -9999 -9999 -9999 -9999 -9999 -9999 -9999 -9999 -9999 -9999 -9999 -9999 -9999 -9999 -9999 -9999 -9999 -9999 -9999 0.415477216243744 0.180425032973289 0.0358747132122517 0.0299217645078897 0.0357456728816032 0.0481108874082565 0.0645109191536903 0.0847121924161911 0.111397065222263 0.141959473490715 0.236231252551079 0.156285464763641 0.138446465134621 0.135521680116653 0.155851453542709 0.173132717609406 0.15693399310112 0.141188099980354 0.136727795004845 0.144347935914993 0.149275153875351 0.137545973062515 0.123756714165211 0.119624197483063 0.118474289774895 0.119471050798893 0.116686709225178 0.113758862018585 0.113389477133751 0.109734065830708 0.100670047104359
-9999 -9999 -9999 -9999 -9999 -9999 -9999 -9999 -9999 -9999 -9999 -9999 -9999 -9999 -9999 -9999 -9999 -9999 -9999 -9999 -9999 -9999 -9999 -9999 -9999 0.410136133432388 0.188169300556183 0.0372761301696301 0.0300351623445749 0.0367522016167641 0.0599991269409657 0.0768025368452072 0.0930023714900017 0.120392248034477 0.150408446788788 0.234565377235413 0.149954155087471 0.126773416996002 0.118519507348537 0.145929560065269 0.160538747906685 0.147470906376839 0.125486850738525 0.120255462825298 0.122372552752495 0.117456585168839 0.121736787259579 0.11777176707983 0.116411082446575 0.114944688975811 0.111341468989849 0.109889455139637 0.106228448450565 0.105276629328728 0.101028755307198 0.0936261937022209
-9999 -9999 -9999 -9999 -9999 -9999 -9999 -9999 -9999 -9999 -9999 -9999 -9999 -9999 -9999 -9999 -9999 -9999 -9999 -9999 -9999 -9999 -9999 -9999 -9999 0.389682471752167 0.18760921061039 0.0432251319289207 0.0312141794711351 0.0386030450463295 0.0615159161388874 0.0787403136491776 0.104635819792747 0.130001038312912 0.15412101149559 0.242372646927834 0.144842699170113 0.125524207949638 0.117733083665371 0.12965215742588 0.14166846871376 0.129141271114349 0.108202680945396 0.102478809654713 0.106664679944515 0.113509751856327 0.112648919224739 0.10954212397337 0.110661283135414 0.109025470912457 0.104805894196033 0.102079473435879 0.0987371653318405 0.0988657847046852 0.0958579629659653 0.0875059217214584
-9999 -9999 -9999 -9999 -9999 -9999 -9999 -9999 -9999 -9999 -9999 -9999 -9999 -9999 -9999 -9999 -9999 -9999 -9999 -9999 -9999 -9999 -9999 -9999 -9999 0.378002911806107 0.180715203285217 0.0428225994110107 0.0310864746570587 0.0384174510836601 0.0613751485943794 0.080623559653759 0.105146236717701 0.127578154206276 0.145862698554993 0.223977819085121 0.136654987931252 0.119063660502434 0.109123893082142 0.118743203580379 0.124793715775013 0.114303387701511 0.0971471443772316 0.0967676490545273 0.106346115469933 0.109378881752491 0.111675441265106 0.107174456119537 0.106606423854828 0.101609624922276 0.099099725484848 0.0980084165930748 0.0940947085618973 0.0938947051763535 0.0904769599437714 0.0837259814143181
-9999 -9999 -9999 -9999 -9999 -9999 -9999 -9999 -9999 -9999 -9999 -9999 -9999 -9999 -9999 -9999 -9999 -9999 -9999 -9999 -9999 -9999 -9999 -9999 -9999 0.365124762058258 0.175237566232681 0.0392519272863865 0.0276073347777128 0.0354626327753067 0.0583576634526253 0.0752673968672752 0.0951572880148888 0.108091920614243 0.116333961486816 0.112190313637257 0.10834639519453 0.0992341861128807 0.0960309132933617 0.104331821203232 0.108742371201515 0.102321304380894 0.0931203663349152 0.0945489183068275 0.0999815613031387 0.107235983014107 0.105094693601131 0.101093247532845 0.0999866053462029 0.0968029201030731 0.0939672291278839 0.0928752794861794 0.0913061201572418 0.0917967557907104 0.0889331698417664 0.0812288075685501
-9999 -9999 -9999 -9999 -9999 -9999 -9999 -9999 -9999 -9999 -9999 -9999 -9999 -9999 -9999 -9999 -9999 -9999 -9999 -9999 -9999 -9999 -9999 -9999 -9999 0.352122008800507 0.18399640917778 0.0416400693356991 0.0257794745266438 0.0325143672525883 0.0507924929261208 0.0676016807556152 0.0804010853171349 0.0940580368041992 0.0995791479945183 0.09588772803545 0.0966867059469223 0.0908605456352234 0.0889230072498322 0.103998810052872 0.104863248765469 0.100291505455971 0.0917076617479324 0.0918842554092407 0.0991854444146156 0.103784151375294 0.101481333374977 0.0948692932724953 0.0937134101986885 0.0904417559504509 0.0892648324370384 0.0893659070134163 0.0871723815798759 0.0866600424051285 0.0849686563014984 0.0782180428504944
-9999 -9999 -9999 -9999 -9999 -9999 -9999 -9999 -9999 -9999 -9999 -9999 -9999 -9999 -9999 -9999 -9999 -9999 -9999 -9999 -9999 -9999 -9999 -9999 -9999 0.342221587896347 0.199127122759819 0.0486643686890602 0.0273970849812031 0.0307626351714134 0.0419749729335308 0.0554792061448097 0.073362298309803 0.083521343767643 0.0912535041570663 0.0978757739067078 0.0941910669207573 0.0897189676761627 0.0931208282709122 0.104657165706158 0.108874395489693 0.103999525308609 0.0920509845018387 0.0917723178863525 0.0968878865242004 0.101543925702572 0.0974139869213104 0.089883379638195 0.0885656774044037 0.0865937620401382 0.085485503077507 0.0866529420018196 0.0818028822541237 0.0855937376618385 0.0872086733579636 0.0781013891100883
-9999 -9999 -9999 -9999 -9999 -9999 -9999 -9999 -9999 -9999 -9999 -9999 -9999 -9999 -9999 -9999 -9999 -9999 -9999 -9999 -9999 -9999 -9999 -9999 0.38968151807785 0.329818606376648 0.202797085046768 0.0574939511716366 0.030510388314724 0.0319649130105972 0.0402762852609158 0.0522536747157574 0.0664206743240356 0.0784923583269119 0.0866170525550842 0.0923850014805794 0.0897347331047058 0.0858883410692215 0.0889165103435516 0.104286447167397 0.115849249064922 0.107723146677017 0.0947685614228249 0.0916275382041931 0.0956771895289421 0.0998170673847198 0.0935528948903084 0.087733119726181 0.0886651203036308 0.0901587530970573 0.0906574204564095 0.0890247896313667 0.0857075676321983 0.0967744886875153 0.176347330212593 0.180267602205276
