meets/meet004/_saidas_enm/CCSM_SVM_6k_Cavanillesia_umbellata4.asc
NCOLS 154 
NROWS 168 
XLLCORNER -112 
YLLCORNER -55.5 
CELLSIZE 0.5 
NODATA_value -9999 
[rows 75 to 99 of 168, columns 56 to 111 of 154]
-9999 -9999 -9999 -9999 -9999 -9999 -9999 -9999 -9999 -9999 -9999 0.135477243140257 0.0283083113837589 0.0457262508208737 0.0398140959723364 0.034347617955868 0.119129967804617 0.329232748837822 0.388116314640476 0.365642832776892 0.317110407748027 0.247737328028261 0.171737728410184 0.117559767304919 0.0839699216643875 0.0621445285867171 0.0449766766943246 0.0258470783122892 0.0144519086846943 0.0121057359648483 0.00998127018291561 0.0116925453986104 0.00874742098668868 0.0133263227966965 0.0226729269682727 0.0259429956454817 0.0436821406855478 0.0535864745782582 0.076788638255825 0.107652156236989 0.125139767159656 0.155482495140263 0.165492754714869 0.181968784053185 0.20302894924297 0.201185088117108 0.180330931559315 0.145662308380083 0.114246705879804 0.0854052422167117 0.0667460185886357 0.0617822541946884 0.0603905506466398 0.0515919740561367 0.0428284255264438 0.0541440177501592
-9999 -9999 -9999 -9999 -9999 -9999 -9999 -9999 -9999 -9999 -9999 0.162062325769842 0.0309651152393603 0.0351306951375911 0.0395603599926781 0.036592419978991 0.06725687409018 0.20963454884561 0.320697381029093 0.348977745339117 0.368656700271666 0.254113100020581 0.163106147448838 0.102901078221229 0.0640028772382717 0.0410318396031723 0.0212303801939228 0.00452345310425234 -0.0074973484618317 -0.0145745852492855 -0.0197679200274954 -0.0185486025810569 -0.0107039774991967 -0.00471069521930317 -0.000164367560491929 0.0096765099469211 0.0142192986286976 0.0288928473426904 0.0503070274939529 0.0706171424846902 0.110917310414309 0.141248721797185 0.169973714878251 0.184813338429918 0.174038402343528 0.152581079582774 0.130955701741625 0.109734390669429 0.0911698252365878 0.0733558644751821 0.0652843429628553 0.0571885388004866 0.0564376817043604 0.0539359035448661 0.0696360861139909 0.0919852891379961
-9999 -9999 -9999 -9999 -9999 -9999 -9999 -9999 -9999 -9999 -9999 -9999 0.0959232312583579 0.0362006225011228 0.0322292377531977 0.0355223127667623 0.0539443225165646 0.115564707802496 0.193103321326327 0.277609487211406 0.345177665102411 0.306900807340609 0.211486219237326 0.126731382031724 0.0592582523678327 0.0237342290601824 0.00345153564491901 -0.00805797262831803 -0.0202616713844988 -0.0322040559785283 -0.0420812731545906 -0.0421980854510086 -0.037602094659498 -0.0315065656757148 -0.0238617814420436 -0.0168717751532158 -0.0126953744343166 -0.00456683560851862 0.0147919760072271 0.0383972464247695 0.0776312240499854 0.130256465329767 0.174745779070747 0.188703050398956 0.163722883263533 0.124363651884671 0.0963169252406088 0.0762427896003191 0.0641087251668436 0.0621037109136957 0.0614001237092932 0.0557585580422156 0.0568294579364884 0.0688313112927599 0.0856230312456659 0.104834152399689
-9999 -9999 -9999 -9999 -9999 -9999 -9999 -9999 -9999 -9999 -9999 -9999 0.209895949583109 0.124204111310962 0.049044092919127 0.0276290719617129 0.0602056050555256 0.151769111175929 0.1667438912999 0.127653432474338 0.225890540317676 0.313136985556279 0.320932931939077 0.207518851669395 0.0628365409837959 0.0214843302624727 0.00236082076036559 -0.00641603682658098 -0.020914917357123 -0.0386446056014392 -0.0570498338248577 -0.0594929885000517 -0.0635626094599571 -0.0629446771012124 -0.054763513303536 -0.0494272486054334 -0.0501088908217246 -0.0508267032100371 -0.0366738418197952 -0.0132829200179325 0.0234342190404195 0.0878943562223704 0.164420272491753 0.185937845822493 0.145385381489388 0.0995667019681433 0.0737868027235093 0.0484499082183719 0.0415514525201887 0.0504826216134825 0.0645065690074924 0.0606443901964123 0.0615719694260876 0.0718394488827804 0.0854268985633323 0.0984958794698659
-9999 -9999 -9999 -9999 -9999 -9999 -9999 -9999 -9999 -9999 -9999 -9999 -9999 0.205180192310402 0.0871643435736469 0.0424659178054278 0.0851539912326574 0.167924361956534 0.211847607613388 0.188948146380379 0.171232400019001 0.274015855441328 0.429553020222312 0.374688761117404 0.229204836920716 0.0984454232704178 0.0401648515492535 0.0224275256768622 -0.00371418318335121 -0.0284416369074101 -0.0514450274971849 -0.0617396177534446 -0.072353788868236 -0.0785207918726691 -0.0785116534263147 -0.0828549464889306 -0.0792148525714514 -0.079130080603072 -0.0688990395155571 -0.0541534138403029 -0.0273876871428212 0.0330413303877949 0.102284591519123 0.140418597470531 0.144316963856506 0.118865545777192 0.0782140934510236 0.0409045879784786 0.0314639578053408 0.0439011590398899 0.0590148382028767 0.0622330716851948 0.0628269380572876 0.06939319946532 0.079239735776155 0.0893253621305904
-9999 -9999 -9999 -9999 -9999 -9999 -9999 -9999 -9999 -9999 -9999 -9999 -9999 0.191591790509541 0.134256011056985 0.054260430469009 0.094591352237808 0.135345058500948 0.150936881303021 0.206924538726972 0.315845450002707 0.366140981394715 0.482624602905752 0.562638360331791 0.572884085871862 0.364866847625618 0.235441015078052 0.159863219427736 0.0875268157235984 -0.00113088655775345 -0.0299222085458872 -0.0460805752093956 -0.0618103160421352 -0.0747290848800291 -0.0906115570342772 -0.105758941830356 -0.0957292149337171 -0.0932116123742731 -0.0873777753601744 -0.0889605151596937 -0.0813007501485735 -0.0416401442571009 0.0383331207987163 0.085272753097204 0.123139851444317 0.15119799526949 0.0794251893619035 0.0286588914355297 0.0191542442428642 0.0312007188309882 0.0509895292731414 0.0533537221135001 0.0578824401978112 0.0637438705071814 0.0702997970771763 0.0768971598080129
-9999 -9999 -9999 -9999 -9999 -9999 -9999 -9999 -9999 -9999 -9999 -9999 -9999 -9999 0.220460843174072 0.0728386982771573 0.106433155989721 0.114653330728203 0.117872658636385 0.183413578587861 0.349195555854672 0.610923538557202 0.634831303749157 0.423645955645704 0.365282317485385 0.45770305233974 0.587500573916695 0.585779738673137 0.391871992826826 0.187759478627683 0.0605516118338696 -0.000574093472039627 -0.0337671383031912 -0.0543928547313071 -0.0688571402331062 -0.0852207317886115 -0.0783976306390677 -0.0810963499297587 -0.0815135276512761 -0.0824101607390254 -0.0859834829358601 -0.0602409700682506 -0.0276380972483306 0.016682145617572 0.0810378994490933 0.0958014397348789 0.0652238436860372 0.0237225189073786 0.0164836840587116 0.0272350213141923 0.0384542612679574 0.0473550495707117 0.0504350425402368 0.0560043762017253 0.0653139030738269 0.0671420881581143
-9999 -9999 -9999 -9999 -9999 -9999 -9999 -9999 -9999 -9999 -9999 -9999 -9999 -9999 0.295364242455748 0.109313280450753 0.0764477030743336 0.0925690381203402 0.084400757824032 0.153234130440843 0.261089738586258 0.399716976737744 0.374596282734378 0.318721100523726 0.379749881243224 0.191620205078056 0.281176757159523 0.558611470250506 0.749425653140406 0.534647307975776 0.255087777491323 0.108813831132155 0.0245476557672503 -0.00623897250940136 -0.0290461253546215 -0.0522854076147769 -0.0276578747321094 -0.0317767487889108 -0.0620377745803195 -0.0720549532202696 -0.0930621659017132 -0.0783172774154946 -0.0675915663167273 -0.0244968339221041 0.0344911882210518 0.0635066709707178 0.0512101991244858 0.0208163590045735 0.0189780306547926 0.0322891830854479 0.0353002791912737 0.0481751557272787 0.0495057821390598 0.0527312157589729 0.0621305857578535 0.0641226318152066
-9999 -9999 -9999 -9999 -9999 -9999 -9999 -9999 -9999 -9999 -9999 -9999 -9999 -9999 -9999 0.259090316279484 0.0588339753541824 0.0634948582643169 0.0526838827718727 0.108660067023916 0.151696835229562 0.17055856636546 0.129894080114334 0.141392173050902 0.188146351607515 0.198261252567206 0.279738205525617 0.270901235671331 0.236182838741534 0.357709882556408 0.372043684835208 0.257930383326894 0.0749245192729294 0.000904561892639988 -0.00116526929827598 0.0217883299190004 0.00199043444625452 -0.029929974473326 -0.0369677665042635 -0.0146185197610544 -0.00175507308088113 -0.0463225099415788 -0.0794797941627012 -0.0631573237539079 -0.0116064712026384 0.0342916616862085 0.0425029005094529 0.0373099068466137 0.0461559217711629 0.0619032442642378 0.0709369532594791 0.0723594297906717 0.0652122221627135 0.0639983177378873 0.0674906045546299 0.0617641923336948
-9999 -9999 -9999 -9999 -9999 -9999 -9999 -9999 -9999 -9999 -9999 -9999 -9999 -9999 -9999 0.210218574366321 0.147192776387667 0.0289667084204111 0.0234115864372406 0.054327529944531 0.101958605054657 0.106063638065306 0.08858548283013 0.084169892817449 0.0910720006063918 0.0986307831389794 0.115120555163873 0.118032461832876 0.193125315465164 0.522922575883633 0.344220665522321 0.406028745380446 0.199552054667647 0.00767552065852944 -0.0238936501887957 0.0755186757446156 0.0189046794781517 -0.0146502875769463 0.0108883697012309 0.0962569483634337 0.160698316576452 0.0152697267518862 -0.0837397556479828 -0.0821513238725957 -0.0394688007424616 0.0179873537295763 0.042899000296712 0.0617603315364944 0.0820499757603744 0.106201856196188 0.127281248516571 0.117901665505296 0.0978399855658831 0.0919411087808137 0.0879902993156609 0.0766007623823111
-9999 -9999 -9999 -9999 -9999 -9999 -9999 -9999 -9999 -9999 -9999 -9999 -9999 -9999 -9999 0.187047066307733 0.173873788073806 0.0540842013495145 0.0304180355129663 0.02036926211427 0.0378413710688423 0.0735372301553174 0.0953424223478283 0.102863195743818 0.108553851613488 0.107785074101447 0.105982862743434 0.10840108942782 0.215534469483243 0.603987920002509 0.668166868357199 0.462341463269835 0.3616634232884 0.0955222378711462 -0.0428508829665054 -0.0434329871285752 -0.0471074608100401 -0.00941765113221898 0.0302414918534074 0.148940175282932 0.215320614407139 0.0292716613286945 -0.0940553382131126 -0.0929400164239129 -0.0685020292471327 -0.0106966356783461 0.0364924086735062 0.0809274491568659 0.120057856802524 0.149118690760463 0.166102145614745 0.164122864845499 0.154300597024221 0.14836486924788 0.140094840213468 0.147672150339423
-9999 -9999 -9999 -9999 -9999 -9999 -9999 -9999 -9999 -9999 -9999 -9999 -9999 -9999 -9999 -9999 0.116754047106874 0.0877171801368203 0.0479438907901443 0.0381780274025795 0.0433865083786801 0.0411117016605749 0.073097476768579 0.0909029609926966 0.101457860844465 0.106327760617597 0.115486454711979 0.116425841462053 0.159266162690287 0.399460057163212 0.708953317404315 0.603882991451827 0.459718449433626 0.356608458164858 0.106859325659127 -0.0680863441136462 -0.10832940073219 -0.0707183159416108 -0.0240768208969392 0.0743008369676445 0.1705943663956 -0.0215230227521413 -0.110565969050315 -0.101106384671354 -0.0773247279441923 -0.0236098478072181 0.0427557754364496 0.107580116978664 0.160106701546381 0.196216318784672 0.212118507042426 0.207182778461869 0.199985915960272 0.201513163908464 0.201895259326488 0.226517242786892
-9999 -9999 -9999 -9999 -9999 -9999 -9999 -9999 -9999 -9999 -9999 -9999 -9999 -9999 -9999 -9999 -9999 0.155369637819641 0.0755330278611714 0.056828100273877 0.0611046287526687 0.043789863675237 0.0292820912946632 0.0476844667831287 0.069920705710569 0.0880279542733243 0.103358828475972 0.111673186486265 0.132043617876038 0.226119914529836 0.420106758855289 0.673886567902446 0.534706451307537 0.410614294347085 0.348980373014335 0.057462974848401 -0.0822766465939269 -0.115631597707873 -0.120653971328343 -0.0836368612420061 -0.100217418358746 -0.1003056000891 -0.108985849301294 -0.0947755482559008 -0.0614187779755636 0.00713037527608035 0.0672872474715233 0.13602857881264 0.193758282515891 0.233018358754641 0.252791415215859 0.215003878841324 0.175414885661064 0.175822342898491 0.203690199506806 0.251804604994873
-9999 -9999 -9999 -9999 -9999 -9999 -9999 -9999 -9999 -9999 -9999 -9999 -9999 -9999 -9999 -9999 -9999 -9999 -9999 0.0597053178389407 0.0538506170837246 0.0508816871009195 0.0608952061242112 0.0425037345802427 0.0368278453384555 0.056870020658274 0.0773187874519834 0.0969321629848557 0.110061704128259 0.151095734685278 0.255155587177399 0.517356766661972 0.636367563665246 0.485637538443068 0.377423568188787 0.306915967465542 0.138194895556123 -0.0616793426064259 -0.128046314204817 -0.128110615136726 -0.126287797470254 -0.109751916963536 -0.0954341540255261 -0.0743181850685465 -0.0114294477973644 0.03342066090157 0.0691872602901928 0.120955250172556 0.170143956659559 0.206939475470263 0.228039618908729 0.188029576635507 0.129877566496832 0.13198691725874 0.162829457643262 0.218248627400865
-9999 -9999 -9999 -9999 -9999 -9999 -9999 -9999 -9999 -9999 -9999 -9999 -9999 -9999 -9999 -9999 -9999 -9999 -9999 -9999 -9999 0.0791231127769033 0.0619651370133857 0.0580297304105927 0.0727124857393447 0.0380880987747897 0.0502375168718897 0.0779763745649887 0.0925359488318615 0.111249287242584 0.145703357734403 0.286016545797757 0.490364749686799 0.562538301502137 0.459987498177879 0.3044500042699 0.280766832974263 0.106313951971593 -0.0551975651822015 -0.0921580821510942 -0.0705243965975408 -0.0549428602911068 -0.044285878083576 0.0119574949469634 0.0372086648462881 0.053602150971871 0.0785826404438228 0.0818860014863539 0.109019726594579 0.170850410845354 0.180179079027047 0.146799697429288 0.0986630753221574 0.0881457202580778 0.108173265351468 0.124846499521135
-9999 -9999 -9999 -9999 -9999 -9999 -9999 -9999 -9999 -9999 -9999 -9999 -9999 -9999 -9999 -9999 -9999 -9999 -9999 -9999 -9999 -9999 -9999 0.104517226853914 0.0567780614841559 0.0691349309257473 0.0412026858893614 0.0506818966299916 0.0716396366525159 0.0841755598390467 0.0962191206872282 0.149602194571762 0.255869265643907 0.414309937741018 0.531427995938647 0.439321546693139 0.274779450846249 0.198636013156934 0.13521971218356 0.0815742272868035 0.0959773759005694 0.081592774939877 0.108797194455672 0.0943688341775621 0.0837930556087293 0.0824278337338631 0.0929052638679503 0.0829875712871214 0.100858136350219 0.139604346416495 0.146288539854352 0.10409173972819 0.0561142838299435 0.0496804620247874 0.0624811270919116 0.0799869523506903
-9999 -9999 -9999 -9999 -9999 -9999 -9999 -9999 -9999 -9999 -9999 -9999 -9999 -9999 -9999 -9999 -9999 -9999 -9999 -9999 -9999 -9999 -9999 -9999 -9999 0.0725377273927502 0.0519481523982896 0.0399085455289546 0.0488214289302697 0.0650653266187698 0.0761981302505132 0.0879088078362805 0.112070056061861 0.158013873701435 0.29837753875054 0.379969725986951 0.435390256642648 0.247115994482192 0.148229309484326 0.154512477461442 0.170985628614079 0.147118361464485 0.213916282361559 0.188877598314249 0.14723971139315 0.132295653108043 0.122339794582589 0.142809657007231 0.130644168320844 0.135114697101255 0.135019145838802 0.073148085569367 0.0132887128483539 0.00709559873544968 0.048326450452546 0.0886074942422793
-9999 -9999 -9999 -9999 -9999 -9999 -9999 -9999 -9999 -9999 -9999 -9999 -9999 -9999 -9999 -9999 -9999 -9999 -9999 -9999 -9999 -9999 -9999 -9999 -9999 0.113697034278851 0.0753005660277846 0.0604004670665955 0.0604032323627892 0.0661632233625735 0.0730309251875124 0.0754980127586167 0.0777883748747438 0.0821260621210496 0.131157464744059 0.24594702095398 0.380914276718088 0.369040176962292 0.196958671681056 0.105122289232274 0.139720471894936 0.141576213882477 0.232196366707081 0.202336603914971 0.16437290989459 0.155461383255631 0.112326060574194 0.12691336716106 0.11117109972847 0.101581324439112 0.0853393780813608 0.027567567590212 -0.00860864752510698 -0.00475147333136178 0.0399234095930266 0.0869775268871744
-9999 -9999 -9999 -9999 -9999 -9999 -9999 -9999 -9999 -9999 -9999 -9999 -9999 -9999 -9999 -9999 -9999 -9999 -9999 -9999 -9999 -9999 -9999 -9999 -9999 -9999 -9999 0.0911301888019087 0.0732951111054883 0.0821370834772467 0.0984084024854889 0.0914779191518012 0.0865369119638586 0.0775284689078286 0.0643646184400737 0.0545874541256893 0.132538053525938 0.257554766097964 0.2170006769924 0.0513180350329142 0.0310774540074982 0.0953280088782114 0.217283872135877 0.18901981812462 0.148226455833005 0.133992491330813 0.112066451445106 0.066927081038777 0.0364336253868477 0.0449632913999052 0.0235676043208292 -0.000579907316208994 -0.0244505585042179 -0.0102735524279436 0.0540102317358087 0.101181357310749
-9999 -9999 -9999 -9999 -9999 -9999 -9999 -9999 -9999 -9999 -9999 -9999 -9999 -9999 -9999 -9999 -9999 -9999 -9999 -9999 -9999 -9999 -9999 -9999 -9999 -9999 -9999 0.0962863521470067 0.0816832548519489 0.0830073712835392 0.0962102273329868 0.0961765568296657 0.0927157008134831 0.0885494178506259 0.0746429260602901 0.0526794985447943 0.0395576996298276 0.0935160213830096 0.142932016774973 0.047748359615281 0.00769704224574741 0.0423382776717715 0.0798263188128424 0.0608829579131239 0.0932549843286806 0.109304719833548 0.0741232408416106 0.0406253236352386 0.00580997922384702 -0.0280068100845333 -0.0311741519512266 -0.00431843860726283 0.0138891195407259 0.0405263111525389 0.0765841267778936 0.101624851352688
-9999 -9999 -9999 -9999 -9999 -9999 -9999 -9999 -9999 -9999 -9999 -9999 -9999 -9999 -9999 -9999 -9999 -9999 -9999 -9999 -9999 -9999 -9999 -9999 -9999 -9999 -9999 -9999 0.0825119581682818 0.0750034024277683 0.0854813135937048 0.0896801906310195 0.0911554727758633 0.0920330042350177 0.0824356880306996 0.0629892259395118 0.0320855833255198 0.0354374609155125 0.0646937166413586 0.0398649492476715 -0.0059745644918428 0.0132028590582579 -0.0148850016711656 -0.0566760150858944 0.013477097935549 0.131929907743582 0.0672615626577052 0.0311607508484902 0.00341606228989549 -0.0560892135901211 -0.0714846072084732 -0.0105208656783953 0.084813390524166 0.125904789751374 0.11967476165845 0.109511683357562
-9999 -9999 -9999 -9999 -9999 -9999 -9999 -9999 -9999 -9999 -9999 -9999 -9999 -9999 -9999 -9999 -9999 -9999 -9999 -9999 -9999 -9999 -9999 -9999 -9999 -9999 -9999 -9999 0.0772440974127355 0.0753453965991763 0.0805725162594039 0.0844599927680847 0.0901356440296759 0.094596607736028 0.0872547927653396 0.0659243310419995 0.0335096908668233 0.0142106116770218 0.0355775349794177 0.0287565477767419 -0.00576578696491836 -0.00231692055194627 -0.0239407906040436 -0.0766990443856192 -0.0917098070090857 -0.0522994747039544 0.00977107940556809 0.0391379730891335 0.0349767552554991 -0.0453145024716208 -0.0693189119879222 -0.0239651561312588 0.0909217618612822 0.138780506543969 0.151491453159025 0.118437971235441
-9999 -9999 -9999 -9999 -9999 -9999 -9999 -9999 -9999 -9999 -9999 -9999 -9999 -9999 -9999 -9999 -9999 -9999 -9999 -9999 -9999 -9999 -9999 -9999 -9999 -9999 -9999 -9999 0.075178749061472 0.0756779868432502 0.07907938476563 0.0822301437916509 0.0930844573268285 0.0987926920087752 0.0896643877722363 0.0683120302537559 0.0334085636194085 0.0145347228644538 0.0268878319729591 0.0183860091888149 -0.0059811938477361 0.00214743782394189 -0.0234938691960043 -0.0797882286097839 -0.105484880314303 -0.119733445344441 -0.087229342791386 0.013817278356497 0.0560044649992985 -0.0232560836499615 -0.102118140844313 -0.0136685671933823 0.101593095207335 0.152079940444559 0.159169285591394 0.135053676622747
-9999 -9999 -9999 -9999 -9999 -9999 -9999 -9999 -9999 -9999 -9999 -9999 -9999 -9999 -9999 -9999 -9999 -9999 -9999 -9999 -9999 -9999 -9999 -9999 -9999 -9999 -9999 -9999 0.075460170237707 0.076609007265606 0.0747781882758324 0.0816213161969008 0.0939314198863545 0.0995701608615411 0.0926450133181086 0.068629370729697 0.0323868025538348 0.0162114639684922 0.0229153749715391 0.0155469825564133 -0.00580184758591157 0.000812716381038803 -0.0215724420971943 -0.0715277072080747 -0.088965927626791 -0.103168942413802 -0.12230038411841 -0.100331306672349 -0.0549485655829305 -0.0205496816395355 -0.00474250966545475 0.0425954163789359 0.100607184836104 0.126105739178139 0.135441786819196 0.131157137716709
-9999 -9999 -9999 -9999 -9999 -9999 -9999 -9999 -9999 -9999 -9999 -9999 -9999 -9999 -9999 -9999 -9999 -9999 -9999 -9999 -9999 -9999 -9999 -9999 -9999 -9999 -9999 -9999 0.0777750624585506 0.0828770842660481 0.0725501447636815 0.0830554710648542 0.0952722883079889 0.100166034914419 0.0927204586014614 0.0706445459836978 0.0334649292826555 0.0211687571536094 0.0260654375921695 0.0107894295061596 -0.00383729778012931 0.00415649729171486 -0.0280737119024638 -0.0708024736595655 -0.0741270775901302 -0.0762101301988423 -0.102030791062819 -0.11513067694712 -0.101726190794964 -0.018608430970834 0.106462751888564 0.0796740382448662 0.0729404656638974 0.0882196667760599 0.107336530005588 0.136835177809084
