meets/meet004/_saidas_enm/CCSM_Maha_21k_Cavanillesia_umbellata5.asc
NCOLS 154 
NROWS 168 
XLLCORNER -112 
YLLCORNER -55.5 
CELLSIZE 0.5 
NODATA_value -9999 
[rows 100 to 124 of 168, columns 56 to 111 of 154]
-9999 -9999 -9999 -9999 -9999 -9999 -9999 -9999 -9999 -9999 -9999 -9999 -9999 -9999 -9999 -9999 -9999 -9999 -9999 -9999 -9999 -9999 -9999 -9999 -9999 -9999 -9999 -9999 -41.5899320935465 -24.8750714750975 -35.7309120635667 -65.6447583201376 -88.986067996782 -95.1640384850457 -79.983851921138 -57.2336621247781 -34.6230771811899 -17.0080129404621 -9.2526597294185 -14.4207229961165 -22.8830076226352 -20.838320217347 -14.0605966780693 -12.1065046965841 -12.417701233887 -11.5145353755486 -7.36495900154417 -3.82123720137355 -2.47988119378056 -1.83877182987069 -1.3078529032402 -0.936443472953618 -0.962371630195695 -1.33220772731919 -2.06509164121708 -3.01073635604625
-9999 -9999 -9999 -9999 -9999 -9999 -9999 -9999 -9999 -9999 -9999 -9999 -9999 -9999 -9999 -9999 -9999 -9999 -9999 -9999 -9999 -9999 -9999 -9999 -9999 -9999 -9999 -9999 -41.4293695848798 -24.7356321251564 -41.5546404907407 -68.8744945628313 -87.9866441150347 -91.092683232266 -73.3023492973319 -52.9021529823595 -30.0073485936462 -13.7120533987284 -9.95190772569076 -15.8255776774405 -27.139380516081 -22.0960294251011 -16.0747123845611 -13.2239499165795 -13.989060762915 -13.5535465495609 -8.78405694976268 -4.88839475738241 -3.35010640962781 -3.17927171710393 -2.40250102146391 -1.59469172742513 -1.36177559311862 -1.47447579215574 -1.99953628655338 -3.51244772461408
-9999 -9999 -9999 -9999 -9999 -9999 -9999 -9999 -9999 -9999 -9999 -9999 -9999 -9999 -9999 -9999 -9999 -9999 -9999 -9999 -9999 -9999 -9999 -9999 -9999 -9999 -9999 -60.1998450145524 -43.0398730757073 -26.4442572195731 -43.6199655236853 -70.7660824276512 -84.1236403550005 -82.6655939449268 -66.0307444559863 -45.2353609625103 -25.7122866461526 -11.1270169213545 -10.7284775496158 -16.4179231466886 -26.8181980004872 -23.5876237161773 -16.9607340281997 -14.2857911854869 -15.6838261957527 -15.4780225691933 -11.131117063897 -7.15241456111628 -5.20585946854397 -4.87243480090647 -4.58794953464105 -3.4492019233466 -2.50189472560056 -2.24736194540644 -2.53424875589859 -3.27044976912819
-9999 -9999 -9999 -9999 -9999 -9999 -9999 -9999 -9999 -9999 -9999 -9999 -9999 -9999 -9999 -9999 -9999 -9999 -9999 -9999 -9999 -9999 -9999 -9999 -9999 -9999 -9999 -61.4102394871041 -42.4822280980632 -27.462347703264 -48.7688601122213 -73.7574676720968 -83.9764498304443 -79.4933561786951 -60.3396345122626 -40.7903038282832 -21.7710283385997 -9.57937433771003 -11.2108903244397 -18.5342311102039 -28.2506631121819 -24.9696369056194 -18.6576755431672 -16.3053013857481 -18.1129681640706 -18.5362641284212 -14.4864087212245 -10.2328025990046 -8.00958036967271 -7.59740763300677 -7.04063906174652 -6.04313607337609 -4.93146034961712 -4.43554408348594 -4.24065165575531 -4.46978319923487
-9999 -9999 -9999 -9999 -9999 -9999 -9999 -9999 -9999 -9999 -9999 -9999 -9999 -9999 -9999 -9999 -9999 -9999 -9999 -9999 -9999 -9999 -9999 -9999 -9999 -9999 -9999 -57.7380702111013 -39.3169378842839 -31.9765661628228 -56.0439971381244 -80.9601454488226 -88.697081148167 -79.2745947621228 -57.2041969528654 -36.4185766046845 -19.0847144444651 -10.9306745311032 -13.0366762096071 -20.7621694285342 -28.6301594186654 -27.2725810996645 -22.1576612677866 -19.9893063050614 -21.2142532195303 -21.9338332517315 -18.1914189528729 -14.5489419223342 -12.0196834312648 -11.263645207241 -10.9626166993262 -9.52203157812863 -8.56230631882507 -8.11360274467275 -7.45401502239192 -7.3035054096528
-9999 -9999 -9999 -9999 -9999 -9999 -9999 -9999 -9999 -9999 -9999 -9999 -9999 -9999 -9999 -9999 -9999 -9999 -9999 -9999 -9999 -9999 -9999 -9999 -9999 -9999 -9999 -51.5131606000527 -36.0256982232707 -37.5220107496413 -69.7143490220445 -92.9255506428961 -97.4678514696599 -84.2577192687605 -57.3990760507358 -34.6084434131311 -17.0644472734989 -12.9717285612716 -15.1303442762649 -23.7445833082807 -30.0631014735404 -28.948409176367 -25.4154894323091 -22.781951820654 -23.0655329132077 -23.3626424173218 -20.0452574727933 -17.6581973865352 -15.6392244773762 -14.8139846719502 -14.6145583032252 -13.3466790802474 -12.6734331908957 -12.0781361324399 -11.3758441712421 -10.9699293359419
-9999 -9999 -9999 -9999 -9999 -9999 -9999 -9999 -9999 -9999 -9999 -9999 -9999 -9999 -9999 -9999 -9999 -9999 -9999 -9999 -9999 -9999 -9999 -9999 -9999 -9999 -9999 -42.4998750983126 -34.0055010737779 -47.6472454844043 -87.6907231008343 -109.715696838547 -109.878274946733 -90.667212066264 -58.8848684588492 -33.9715663749462 -15.5005772545822 -14.1468675387661 -16.6622522176381 -26.097224845421 -31.2534801087583 -31.2025591945519 -27.7438249029256 -24.925370598958 -23.9917906928968 -22.2981353634264 -21.1950533377298 -19.5900897956534 -17.9940649014741 -17.7344853738854 -16.9685320334318 -16.8813242701295 -16.8448994099878 -15.9450038657816 -15.1900704441391 -14.0555943689319
-9999 -9999 -9999 -9999 -9999 -9999 -9999 -9999 -9999 -9999 -9999 -9999 -9999 -9999 -9999 -9999 -9999 -9999 -9999 -9999 -9999 -9999 -9999 -9999 -9999 -9999 -9999 -34.5369152415107 -34.3597386328267 -59.5974535392202 -103.716015819195 -125.545037488517 -119.808454693877 -94.5095973531972 -59.2984417162026 -33.1816398159526 -14.4006777194955 -14.5535455479944 -18.7341102070201 -25.8344121621094 -32.7632285059046 -34.089105864309 -31.3588263633327 -28.6134715445264 -27.0666975976872 -25.0235243610461 -24.0978759373651 -23.0012487689329 -21.8152237050611 -21.5186964943764 -21.322100282813 -21.5880974206591 -21.7238079905533 -20.918061930181 -19.1472388883485 -17.9699485045527
-9999 -9999 -9999 -9999 -9999 -9999 -9999 -9999 -9999 -9999 -9999 -9999 -9999 -9999 -9999 -9999 -9999 -9999 -9999 -9999 -9999 -9999 -9999 -9999 -9999 -9999 -9999 -29.018085871134 -36.7130841540192 -71.4374193109604 -119.553636596593 -135.27236052484 -125.309633882015 -94.1478489075537 -56.9099064226171 -32.3034524306984 -13.7589674807844 -14.1549501513586 -20.9413110404691 -26.6335730959483 -35.5608192565529 -37.5793553839123 -36.0875124056037 -33.8319871577115 -32.7727965155794 -31.8045955054325 -29.346411515695 -28.651463197857 -27.4458215199891 -27.2855076013669 -27.3704163203321 -27.1792121085221 -27.6855380946114 -26.1207297688847 -23.9879046514863 -22.5261095834096
-9999 -9999 -9999 -9999 -9999 -9999 -9999 -9999 -9999 -9999 -9999 -9999 -9999 -9999 -9999 -9999 -9999 -9999 -9999 -9999 -9999 -9999 -9999 -9999 -9999 -9999 -9999 -27.9881879289828 -41.0993240877337 -77.9240287075776 -119.296885316023 -131.703446193926 -114.330207621737 -81.5886932996632 -48.7212604419502 -26.9554397123227 -13.7690965425139 -13.9238971157806 -21.2636670754969 -27.9054824042938 -36.8760199737058 -40.3939252414107 -39.2943530596169 -37.8608169608017 -37.146155486955 -36.7045578764955 -35.2262294393068 -34.6653849751732 -33.4810649255597 -33.171701424128 -33.4144608615455 -33.1683301302465 -33.1492934486608 -31.3843863252215 -29.2642341277043 -27.8106359934596
-9999 -9999 -9999 -9999 -9999 -9999 -9999 -9999 -9999 -9999 -9999 -9999 -9999 -9999 -9999 -9999 -9999 -9999 -9999 -9999 -9999 -9999 -9999 -9999 -9999 -9999 -26.4470075846843 -29.549280754293 -46.5992359777573 -81.5035770417246 -115.799104922155 -119.627226057404 -97.5445843980664 -66.0111483128077 -37.818392483633 -20.5194653149911 -15.2443013458917 -15.5754205405517 -23.1114331538047 -30.8595463252718 -40.2460388982626 -42.3002719324513 -41.4993081307859 -40.736984530415 -40.8241643676559 -40.1685000388628 -39.9540749690052 -40.3189147982484 -39.4575536197531 -39.458788525425 -39.1490719413783 -38.2018988391364 -38.4449141391621 -36.4755093183425 -34.7352624605119 -33.7629492627549
-9999 -9999 -9999 -9999 -9999 -9999 -9999 -9999 -9999 -9999 -9999 -9999 -9999 -9999 -9999 -9999 -9999 -9999 -9999 -9999 -9999 -9999 -9999 -9999 -9999 -9999 -26.1943862660093 -36.9338091361656 -58.8907396968306 -87.9238647656145 -107.699162938507 -105.413670515879 -79.6516263905189 -51.2312197940614 -28.0401641033633 -16.0827577428286 -16.5643943562886 -22.4219838386857 -29.0043183684856 -36.3039737191204 -43.3081858766075 -45.5156956576869 -45.6122824102115 -45.3054823774875 -45.635743369191 -45.7789284328044 -45.4845852976954 -45.5457034095667 -44.5684632709825 -44.4174935096919 -44.2429055606845 -43.4613622007003 -42.950457897788 -41.1189578059029 -40.4188713774012 -39.8576403879719
-9999 -9999 -9999 -9999 -9999 -9999 -9999 -9999 -9999 -9999 -9999 -9999 -9999 -9999 -9999 -9999 -9999 -9999 -9999 -9999 -9999 -9999 -9999 -9999 -9999 -9999 -29.4083500891542 -52.9906218471028 -79.4139330569019 -98.6526093055613 -109.082567489324 -89.7767170713972 -64.2423169805632 -41.5743762428573 -22.7459605343838 -18.1521700641522 -20.0757710047636 -32.6325030569768 -38.0012547669681 -42.9058364358944 -47.2882702990131 -48.2702034481712 -49.398009838213 -49.5858111558992 -50.0205247338488 -51.3667760007173 -49.9467067299921 -49.997217433652 -49.4217081131152 -49.6441519837777 -49.2453800634753 -48.3602646630376 -47.7009228646107 -46.3103147014001 -46.5401987580571 -46.1847265454466
-9999 -9999 -9999 -9999 -9999 -9999 -9999 -9999 -9999 -9999 -9999 -9999 -9999 -9999 -9999 -9999 -9999 -9999 -9999 -9999 -9999 -9999 -9999 -9999 -9999 -9999 -39.0699321835718 -77.3124155119946 -106.701279989248 -110.252472962671 -97.9986240720292 -73.8335978538798 -48.5204977026066 -32.1054990876499 -23.3845311421505 -23.3301042545266 -30.2912687225366 -38.2391252156263 -44.5555716666666 -48.0374453544429 -49.0731004075939 -50.4363617183233 -51.8968527533223 -51.9234230585484 -51.5513951490261 -51.4248164496788 -52.5014782900936 -54.3460945421583 -54.3443896119691 -54.7474296794043 -54.7050202411754 -54.1787222545681 -53.6536323877456 -52.306332728451 -52.5531542020465 -52.8017815344993
-9999 -9999 -9999 -9999 -9999 -9999 -9999 -9999 -9999 -9999 -9999 -9999 -9999 -9999 -9999 -9999 -9999 -9999 -9999 -9999 -9999 -9999 -9999 -9999 -9999 -20.7686788544166 -50.0553620432635 -109.55817641465 -137.947405496762 -116.268667152487 -90.5694976171942 -61.1870594274272 -36.5026656789958 -25.3385247107216 -26.9556064222078 -33.1095715474486 -39.549074088566 -45.6813525059695 -50.5681626889233 -51.1068280719602 -50.1360936403194 -52.5062246079473 -54.0922288879514 -53.7667005529386 -52.8435814993357 -50.565038559848 -53.8721648324686 -58.3415890985613 -59.822419828639 -61.1973956172649 -60.5437874010429 -59.6504621391123 -60.2392581263519 -59.3872885756023 -59.9082614196653 -59.5540732256731
-9999 -9999 -9999 -9999 -9999 -9999 -9999 -9999 -9999 -9999 -9999 -9999 -9999 -9999 -9999 -9999 -9999 -9999 -9999 -9999 -9999 -9999 -9999 -9999 -9999 -28.1820902919642 -62.552938168494 -116.104514022019 -138.702104618547 -119.208709639746 -83.6084169636867 -56.2812260598696 -36.5407791605801 -30.8502907697998 -38.1825948756963 -46.2339163076995 -48.2463635576988 -51.477783298427 -54.0244444569365 -54.6097040501522 -54.2329131560795 -56.1128691974424 -57.305676834034 -56.8254852297765 -55.175839019519 -54.339191479991 -57.8961038429858 -62.8471802704751 -64.739223512434 -66.0794377597678 -66.1148170217078 -66.4539556482695 -67.288929609773 -66.4292857686924 -67.0780394384267 -67.7602544797142
-9999 -9999 -9999 -9999 -9999 -9999 -9999 -9999 -9999 -9999 -9999 -9999 -9999 -9999 -9999 -9999 -9999 -9999 -9999 -9999 -9999 -9999 -9999 -9999 -9999 -33.1784319585548 -71.2165892948959 -123.823107663547 -144.207507275947 -116.829397187852 -80.3150692738058 -56.841568828852 -44.4520484973299 -43.4295742022379 -51.0576195581008 -55.9135715834965 -57.1619044131704 -58.6583130854487 -59.799048008228 -59.872728470204 -59.2422357698076 -60.5547246735019 -61.6292793315425 -61.3716981493605 -60.118233310463 -58.1986566629743 -62.8764477824535 -68.6358547520925 -70.615322165605 -71.8857175789801 -71.5661831834061 -72.4164991124649 -74.0378593270901 -73.9272863654089 -75.2852169928981 -75.7060632799596
-9999 -9999 -9999 -9999 -9999 -9999 -9999 -9999 -9999 -9999 -9999 -9999 -9999 -9999 -9999 -9999 -9999 -9999 -9999 -9999 -9999 -9999 -9999 -9999 -9999 -36.6235728937728 -75.7210482930258 -126.08125613731 -144.521144735563 -122.061819283926 -84.6803136259192 -63.4467129609558 -55.196056304963 -55.6255063576435 -58.2977902137125 -62.6848403890639 -65.6016097184623 -68.1756291624388 -68.561050621811 -66.1180516790312 -64.3014972856255 -65.2827397130433 -66.8577542278091 -67.5119553392172 -68.3574257144812 -69.4069170239015 -71.4336303120183 -73.9276550565803 -74.6660958919209 -76.5999050622529 -78.0454500043335 -79.1031337205492 -80.6122262670628 -80.2294226213687 -81.7261936116731 -83.1407867484241
-9999 -9999 -9999 -9999 -9999 -9999 -9999 -9999 -9999 -9999 -9999 -9999 -9999 -9999 -9999 -9999 -9999 -9999 -9999 -9999 -9999 -9999 -9999 -9999 -9999 -38.4933385546688 -78.8836947611376 -132.984013452814 -151.796689822704 -126.140167022159 -88.7422460691327 -71.5544971455154 -65.3371143857748 -61.9838175865746 -64.6303544459294 -69.0165403412139 -72.4080954901354 -77.3662808480173 -78.1325661775481 -73.1441247190203 -70.1075000497131 -70.9291876196851 -73.2815333701934 -74.6907397532404 -77.1855835665099 -79.7132908120315 -78.6253083322734 -79.3297562467331 -79.5176283810979 -82.2250656639549 -83.904877082106 -84.5778997282483 -86.5243007090378 -86.6458768069729 -88.7119196738307 -89.5109743746856
-9999 -9999 -9999 -9999 -9999 -9999 -9999 -9999 -9999 -9999 -9999 -9999 -9999 -9999 -9999 -9999 -9999 -9999 -9999 -9999 -9999 -9999 -9999 -9999 -9999 -42.1820307759754 -83.8376133383938 -136.970743231559 -155.970406422958 -132.461471294299 -95.7900002723809 -78.9947541721249 -71.8885717081631 -68.2145318012599 -69.5084548514362 -72.3939258083727 -77.2575142487848 -81.6500390202543 -82.805113733283 -79.9372004444655 -77.4129925657254 -78.1694193860209 -81.5286417620669 -83.0346348905477 -83.7982726263436 -83.9154394335117 -84.4764171671715 -85.4102607554377 -84.9836362645656 -87.0338763845137 -89.1273556391723 -90.7542014632997 -92.6127015370495 -92.2470337720453 -93.6509925570288 -95.0753291133539
-9999 -9999 -9999 -9999 -9999 -9999 -9999 -9999 -9999 -9999 -9999 -9999 -9999 -9999 -9999 -9999 -9999 -9999 -9999 -9999 -9999 -9999 -9999 -9999 -9999 -43.8918823511541 -87.8964867957767 -146.055429108031 -164.909575997591 -139.096186717855 -103.818798266919 -88.5000242768287 -78.3192235460931 -75.3153452414089 -76.2624472190393 -78.2921319136429 -82.7245398775322 -86.8127095935907 -88.2735673324289 -86.0755742625914 -83.9515378059051 -84.4235793841399 -88.1451225881429 -88.8331937968799 -88.3177922094361 -87.5336639564732 -87.8260168175848 -89.6194847271256 -89.8342687973955 -92.5163836093208 -93.6594398848226 -94.7962673254171 -97.1498986139465 -97.4046665866868 -99.251338395831 -99.7388510682079
-9999 -9999 -9999 -9999 -9999 -9999 -9999 -9999 -9999 -9999 -9999 -9999 -9999 -9999 -9999 -9999 -9999 -9999 -9999 -9999 -9999 -9999 -9999 -9999 -9999 -46.0199929080636 -91.8950456043531 -152.277750552575 -175.047249054172 -149.654349663205 -114.18144587571 -97.3433617434895 -87.1566301129005 -84.1113605240674 -85.803069042339 -89.263017973178 -91.2859735882439 -93.6788024363675 -94.2738686595111 -91.8520123810039 -89.914747702963 -89.8456203149254 -91.7720838376136 -92.1997425481259 -91.9232722673854 -90.8978425347029 -92.0410429665484 -93.4830727807765 -93.7850165118221 -96.1860755525183 -98.3494839804158 -99.5326067694132 -100.504839925225 -100.527178235231 -102.615505843757 -104.317735881014
-9999 -9999 -9999 -9999 -9999 -9999 -9999 -9999 -9999 -9999 -9999 -9999 -9999 -9999 -9999 -9999 -9999 -9999 -9999 -9999 -9999 -9999 -9999 -9999 -9999 -47.4326196670982 -94.5255313178281 -157.238912132624 -183.617134640724 -158.29421764515 -126.055723329325 -108.848940563578 -96.1368612305677 -92.5858917390626 -94.0280452672079 -97.1652820202928 -97.7445791539095 -99.0730911628999 -98.8638192972172 -94.968886801503 -93.2808178494763 -92.5022621596013 -94.5711853656934 -94.7749276945685 -94.7650177239307 -94.2022999031168 -94.94761436175 -97.1014672201907 -97.5611593942342 -100.113619523081 -101.461512032012 -102.001958590553 -104.154630220541 -107.02762366661 -109.520852050093 -112.304497849958
-9999 -9999 -9999 -9999 -9999 -9999 -9999 -9999 -9999 -9999 -9999 -9999 -9999 -9999 -9999 -9999 -9999 -9999 -9999 -9999 -9999 -9999 -9999 -9999 -9999 -48.1232880600074 -97.770070404397 -160.289924057186 -190.53180606478 -166.938069865092 -138.460977183395 -120.96041418456 -104.483690032378 -99.7562166283538 -99.301688682604 -100.654534651921 -101.557881498017 -102.192069081823 -100.516212445142 -96.1720589816269 -93.5566217528046 -93.1645608921631 -95.7456461406141 -96.6731273116915 -97.585665115424 -97.6422275820005 -98.6333108860875 -100.57393560946 -100.390391209692 -102.386104254846 -102.637725216795 -104.199155204559 -110.425512234315 -111.284807372054 -115.067454603541 -121.415612186806
-9999 -9999 -9999 -9999 -9999 -9999 -9999 -9999 -9999 -9999 -9999 -9999 -9999 -9999 -9999 -9999 -9999 -9999 -9999 -9999 -9999 -9999 -9999 -9999 -33.7359824175361 -52.4343137266481 -104.290100685358 -163.832307725782 -195.177644534925 -174.332286116753 -146.200386153657 -127.210208791595 -111.679344033185 -105.815176536034 -104.433613065114 -105.114730574732 -105.362765829102 -105.207186974792 -102.867733226896 -97.2031408869685 -93.216953451452 -93.8193743687798 -96.6981449896339 -97.75257133316 -98.9116396849272 -99.7323370991039 -101.776367782368 -103.519286080416 -102.73446522866 -102.986380923565 -103.61159547478 -107.845803918307 -114.984841613019 -116.477609382257 -116.672627124519 -120.234624294237
