meets/meet004/_saidas_enm/CCSM_Gower_21k_Cavanillesia_umbellata4.asc
NCOLS 154 
NROWS 168 
XLLCORNER -112 
YLLCORNER -55.5 
CELLSIZE 0.5 
NODATA_value -9999 
[rows 52 to 77 of 168, columns 59 to 117 of 154]
-9999 -9999 -9999 -9999 -9999 -9999 -9999 -9999 0 0 0 0 0 0 0.251796980122556 0.439361646664389 0.551685147600351 0.527816827601791 0.570671850441482 0.60221747247714 0.555268346354386 0.449736098340991 0.36110075005678 0.161069144650815 0 0 0 0 0 0.024802038705842 0.336049930729027 0.522382015420056 0.578208261268075 0.617503890884193 0.672397474084594 0.672948957632235 0.666996952814917 0.661141352419518 0.645010852388459 0.641233700806471 0.633889464437705 0.615073763414475 0.621758457558481 0.619860689722308 0.623722906671552 0.634042561325783 0.646311500815161 0.65757005081067 0.639512534114066 0.630060801371364 0.629490245563426 0.628973239557854 0.631099950054198 0.620817232248888 0.6066799560076 0.574552396771666 0.516171982600586 0.448302685048399 0.358510865850146
-9999 -9999 -9999 -9999 -9999 -9999 -9999 0 0 0 0 0 0 0 0.0478259129688773 0.245090710437892 0.370067787415882 0.44729417434365 0.427328454565279 0.380478835623746 0.306468432638469 0.187888313463598 0.0445667758716372 0 0 0 0 0 0 0 0.181413278979952 0.517763130139311 0.648686216351507 0.674765922305641 0.695485011567077 0.688917540210867 0.671094697499904 0.661057819761582 0.64158492002427 0.635530322400974 0.62977210331915 0.614541507645848 0.620916061146841 0.622943400467328 0.635466393544385 0.648067804633992 0.653619469285143 0.629341538918008 0.605885569730782 0.608476506931086 0.607712683850822 0.602616078200264 0.610142843227237 0.593478360378747 0.580161816681031 0.550144773273779 0.502577374767372 0.439052554264347 0.346127626102562
-9999 -9999 -9999 -9999 -9999 -9999 -9999 0 0 0 0 0 0 0 0 0.0300843154913197 0.159079295051369 0.222310489701132 0.145600624359588 0.110043966781567 0.00866599602746188 0 0 0 0 0 0 0 0 0 0.0196608520494876 0.387550788077238 0.660628272700504 0.685630804651591 0.695299716798862 0.710657715649073 0.689105287277499 0.67476251815637 0.656424460073255 0.648487003440154 0.645405954533811 0.638686205980221 0.645252026726395 0.647551388265251 0.643722678647767 0.605696797046184 0.563242036621929 0.554958112304992 0.539341281413417 0.55079205637972 0.55559294245281 0.552001617616585 0.561080906954539 0.545196749322571 0.53131675438918 0.497452491970543 0.466332792570607 0.413474344379047 0.326610432540834
-9999 -9999 -9999 -9999 -9999 0 0 0 0 0 0 0 0 0 0 0 0 0 0 0 0 0 0 0 0 0 0 0 0 0 0 0.26401444270888 0.562944347762664 0.660723606550486 0.669643374466682 0.679576505899355 0.697625477950815 0.69716438797528 0.686045572318738 0.686075642615872 0.68425508852064 0.646431977952554 0.613053281406642 0.5590369975234 0.507790728635699 0.460722998711003 0.425496393779973 0.419818286814528 0.416911900127072 0.439248605906725 0.449322269272618 0.45004263657315 0.461612748917412 0.450349765577691 0.456016393701581 0.452462712339104 0.415706621763765 0.368581398707595 0.27629212669178
-9999 -9999 -9999 -9999 -9999 0 0 0.0283412614040569 0.108580100585019 0.10110202450472 0 0 0 0 0 0 0 0 0 0 0 0 0 0 0 0 0 0 0 0 0 0.129767259657047 0.415766387858511 0.592179679626932 0.629344877754606 0.630770817815678 0.615771864898436 0.622946639497869 0.613591604599727 0.600954621742218 0.568250020802942 0.521439071244963 0.465986747493476 0.394880643521489 0.330361994743524 0.272962747475558 0.243983432068069 0.234896669104187 0.244101020201074 0.271274797823437 0.287823367741761 0.298654354678559 0.314864998700364 0.337174547220728 0.369119883297411 0.359263757977578 0.32657285714329 0.277973961743814 0.18919231242476
-9999 -9999 -9999 -9999 0 0 0 0.230691138638205 0.335075840288244 0.256512447639817 0 0 0 0 0 0 0 0 0 0 0 0 0 0 0 0 0 0 0 0 0 0.00345912690378503 0.270352800805512 0.464649208633237 0.561991055763479 0.561611240540712 0.534505412755067 0.499549760314222 0.44763767928144 0.409824135424286 0.36723735328234 0.313466539832833 0.243097881437838 0.221022389296505 0.232839156748334 0.239778536426137 0.234928865854891 0.214597737197152 0.204031612633243 0.196934464939739 0.188024919401167 0.175395673944619 0.175024431410415 0.213740044230769 0.24041687200531 0.232222378993545 0.193686508033642 0.189762059202811 0.08593057150021
-9999 -9999 -9999 -9999 0 0 0.238993312736757 0.456865014902208 0.409360908936605 0.25985587022161 0.104441955525318 0 0 0 0 0 0 0 0 0 0 0 0 0 0 0 0 0 0 0 0 0 0.100110653141441 0.288904432173923 0.418960453387077 0.422517774382242 0.390723623047995 0.343444234483889 0.28351936210201 0.20667607712633 0.1288481315226 0.133500422013443 0.168158684301613 0.116364894337326 0.0225025538760443 0 0 0 0 0 0 0 0.0719900288798981 0.117702781860786 0.156221284821764 0.149430405945138 0.0847267420421741 0.0207602478806642 0
-9999 -9999 -9999 0 0 0.206611183064015 0.455686615310874 0.472749400578548 0.429807532697289 0.245585710366143 0.0335163524057482 0.0272292976292468 0 0 0 0 0 0 0 0 0 0 0 0 0 0 0 0 0 0 0 0 0 0.0902207288305256 0.2094872734204 0.204779548523996 0.176079924890013 0.113274983164732 0.0689991314836838 0.0829198866010773 0.0745766313743704 0 0 0 0 0 0 0 0 0 0 0 0 0 0 0 0 0 0
-9999 -9999 -9999 0 0.195177271915889 0.460527350955821 0.558463652620013 0.509760285970122 0.466397353070944 0.218090525180232 0.0327329914625347 0.116481219591352 0.105418963524445 0.0500974191622529 0.0128152128470305 0 0 0 0 0 0 0 0 0 0 0 0 0 0 0 0 0 0 0 0 0 0 0 0 0 0 0 0 0 0 0 0 0 0 0 0 0 0 0 0 0 0 0 0
-9999 -9999 -9999 0.186556784721143 0.382194844643796 0.629203815263301 0.587339142355799 0.552578025850644 0.512121800791791 0.209879233863752 0.0479774529914772 0.130587036032357 0.211749725093777 0.191038453573493 0.155034511858659 0.136478990412457 0.052107990906857 0 0 0 0 0 0 0 0 0 0 0 0 0 0 0 0 0 0 0 0 0 0 0 0 0 0 0 0 0 0 0 0 0.03295743717696 0.0699999548528867 0.073081345318739 0.101464699449572 0.0828494802711108 0.0879206455272215 0.0612061347688629 0 0 0
-9999 -9999 -9999 -9999 0.599492623645336 0.645377734461512 0.613858268527021 0.59200485842076 0.520774978265226 0.255773322232353 0.105937483665182 0.146581541866828 0.22587569950044 0.242746516897548 0.236612615930833 0.222365413758477 0.186235060033774 0.129550313010993 0.0918310714177538 0.0538538877432752 0.0663519595948915 0.0850012917632151 0.0784747885580225 0.090223122724551 0.0820831349462215 0.0810250337869834 0.0779268860629533 0.0512099814105693 0.035280860947012 0 0 0 0 0 0 0 0 0 0 0 0 0 0.0252851564438481 0.0807171191679632 0.111905817859842 0.134197310169474 0.169632402816515 0.196146050904303 0.227516236686984 0.248209879543833 0.261350113467769 0.280473361843939 0.283083304805159 0.279691531017073 0.267394546263592 0.248085546672887 0.222722239473505 0.188488582390473 0.153093662277546
-9999 -9999 -9999 -9999 -9999 0.62028181002944 0.626511639786633 0.623459882222349 0.536637952911015 0.28486658614016 0.168650874629765 0.214300547664763 0.253811840185122 0.280269730054876 0.273616761472465 0.252435779057211 0.21518217869056 0.213944703576548 0.19557241404846 0.187489206444047 0.197875938574426 0.208232148555981 0.223140273217695 0.221826549062054 0.235590691616367 0.232873322660756 0.220210296548951 0.218500981405609 0.185341060602169 0.161925859475165 0.134528714873618 0.0930135054479374 0.0708708834230117 0.0355293770705264 0.0122982813559152 0.00486853201125415 0 0.0112765374621883 0.0241869575596841 0.0631775064988008 0.102431832635844 0.145228822693764 0.199475284210975 0.228453221770373 0.275420150793019 0.298052024909391 0.323744716964834 0.357745642663082 0.372642978108721 0.401803918108678 0.418594514599552 0.425634269425705 0.437712743959271 0.418828160387555 0.421575849321705 0.401590960461656 0.379270551618589 0.36462046672284 0.333688503891322
-9999 -9999 -9999 0.542006395589188 0.562060346084691 0.626364347315486 0.609176177821732 0.606494698414534 0.516348904944546 0.367248272180405 0.307173334943071 0.343438075105493 0.381889674570075 0.364519947522929 0.304700904460755 0.262824130664766 0.237575998706244 0.237496766702337 0.250713672852169 0.261298004681401 0.280872229250657 0.294151289127934 0.304867207677434 0.319462694700884 0.329797571705097 0.340342427518248 0.350301022496843 0.353513138330113 0.354015407641094 0.33142649846486 0.313141337425154 0.286744616098671 0.251087265353206 0.225777820769396 0.194580743448428 0.189047032981092 0.18691616806171 0.185353852973367 0.2108101479938 0.234829508125471 0.268799762056517 0.317246117586876 0.352960996598139 0.399053986753653 0.429901813360392 0.451649100356327 0.487902174597656 0.506679009444432 0.532829466342143 0.549497597718748 0.557336952717889 0.56299054101113 0.554224470641629 0.532773447379723 0.50943976221523 0.493451415759155 0.487123214401236 0.480573835364568 0.470375024628548
-9999 -9999 0.540860856784231 0.537557051560538 0.583892560504943 0.607269984812626 0.587883192150562 0.548838450562412 0.51799009931521 0.456907543766716 0.440379691757541 0.468853378193106 0.526053565550198 0.453039174162577 0.357406145447834 0.288008989008862 0.269499496986797 0.273948527990588 0.284892903484213 0.277510048561932 0.302532523293782 0.34184223615756 0.370843389361179 0.389715164821599 0.404020321145223 0.419613347497004 0.43089256919795 0.432692787519917 0.437936098364986 0.432698106983076 0.427136468263656 0.414525822761218 0.397976105674075 0.374561091260913 0.346053789433715 0.338042623077629 0.317317485552509 0.325356181689887 0.340996912732569 0.367902764373821 0.394210954281149 0.432227999506091 0.469068330821595 0.496405187254726 0.537998286647092 0.56154802498928 0.557469636044989 0.551772287419014 0.563257106201108 0.570294066165707 0.586302194609805 0.589023449968305 0.56694110661757 0.565514701479467 0.549798526894649 0.539567338930271 0.540313246132655 0.539711894589648 0.540575098384212
-9999 -9999 0.583086173243449 0.563762082981825 0.595438076984312 0.602261134186503 0.555557749310287 0.510330632308621 0.522317622581562 0.538046888737741 0.548145684773856 0.542848339381953 0.526214829275463 0.475653051970028 0.405957725622363 0.344006137776609 0.360753487634061 0.385022838371185 0.392441249705113 0.385226377829982 0.399753831719336 0.426687113612527 0.448385203841261 0.461072123477332 0.473591620009742 0.493386182342511 0.509160350413469 0.519040273331648 0.520076728732569 0.513668455455508 0.505021528103417 0.491180284961675 0.48472917600759 0.488496353067392 0.463203788775053 0.455562197120359 0.445191217579306 0.437832460299563 0.449158277116666 0.462691359436906 0.485723048477958 0.518799050683348 0.547169202538092 0.581658082563239 0.562106940260873 0.553719719528609 0.544937847200162 0.539181690913024 0.543418640319473 0.550135465215999 0.560552707042199 0.570986066177118 0.579084413777833 0.58397447794853 0.585325916319784 0.578889615125465 0.570617657315508 0.56007869469559 0.543923912731165
-9999 -9999 -9999 0.611008372406957 0.611433688822868 0.606709235036232 0.531847580818177 0.456278167283391 0.487501176257325 0.568817713263485 0.584147304713512 0.540228990834047 0.519812715376797 0.469543788516896 0.424330031489255 0.415216391237829 0.429576701995268 0.46541155506697 0.475918340488119 0.485458340183853 0.51303227806333 0.530660220646565 0.554889891751794 0.558136053074813 0.568582189925062 0.569181556213876 0.571703821666846 0.589402182325148 0.582295333267363 0.578510175430782 0.571064389338853 0.555347944037554 0.548918300355211 0.56010470332425 0.570325517504265 0.559866844283315 0.546927002535798 0.534601623676684 0.544379050424848 0.549756510464662 0.563819340759267 0.593354170281485 0.589048486887738 0.573430630870339 0.554629704865523 0.547844172390492 0.538249592173788 0.532268266571036 0.535696005342637 0.536380713756139 0.540790427480973 0.548721283545365 0.55065381197505 0.549793649048234 0.547174260049103 0.53766495901167 0.530226839050598 0.514293782952277 0.497671498912973
-9999 -9999 -9999 0.635158562773052 0.610846567248731 0.609598356028125 0.55187708803535 0.501338499794634 0.458250288256942 0.475176260087865 0.50095605839062 0.484186030821803 0.446830800711625 0.423118593747552 0.426604241975933 0.448178304721521 0.474339704513054 0.515566145644374 0.504741881156743 0.514021699441651 0.543900311188259 0.580567080240857 0.609656463088308 0.62828325613313 0.640232053401006 0.640764854672023 0.635401527343976 0.628462140724725 0.626609471663029 0.624652656582823 0.620886063649531 0.614093457423814 0.609682854277421 0.619852180055179 0.631554545498739 0.638465552006905 0.628477347563577 0.615480558094293 0.61432571505292 0.614678644400788 0.62628191613212 0.617366114071414 0.596263047907274 0.578690506079029 0.564647076117375 0.556629972403537 0.547759377446309 0.539973899515916 0.537663936737597 0.533258527324651 0.531369418641132 0.532240665171058 0.527117942182062 0.525006408181756 0.517004853794612 0.504544731742711 0.495049850150101 0.478242749719128 0.464936238538451
-9999 -9999 -9999 0.615795372681216 0.571743075556583 0.58799120802646 0.549164182648208 0.479486813653597 0.412487304219684 0.371427247938133 0.406600881038855 0.40651038984749 0.36388077202852 0.364152624593159 0.407744785272303 0.442047203472259 0.485917936037928 0.538245675686721 0.548319753634134 0.543903478522735 0.574983453497196 0.616365031455304 0.637964157308177 0.668374904629418 0.682997197212114 0.683859706861855 0.676580299185628 0.672335546904871 0.666539223605355 0.664061552329626 0.663694340463028 0.661078838634349 0.659340635210863 0.666298745229805 0.676110187290477 0.679948005267143 0.67557614118641 0.674110194088469 0.681085075803241 0.670792479130064 0.651803306384149 0.624419788334076 0.609596550866365 0.595136996406529 0.580795796019938 0.572387879033256 0.56072638602686 0.552226715146535 0.545520382010235 0.536209778770308 0.528327507626345 0.522614179242488 0.510423829938135 0.505060764934122 0.49393164372563 0.479389687425448 0.47051828540974 0.451110358324651 0.436362924935739
-9999 -9999 -9999 -9999 -9999 0.442770930433734 0.519963620147488 0.44101160221097 0.332557955978002 0.266793465693934 0.285274486370935 0.38100265484666 0.355164971627096 0.337239500665626 0.355527535037197 0.397995329187411 0.491320550806046 0.569121998588068 0.571217694975155 0.568754654384208 0.601337584283487 0.632453688386348 0.661344561652242 0.685940532621922 0.675003864147942 0.675223424750846 0.682689459956846 0.691185046847647 0.692958753230958 0.694059747424566 0.7033253540867 0.703281857026394 0.704473873752859 0.707853567715467 0.710731665687572 0.710228563402803 0.707136571644958 0.704423950857194 0.706439480177247 0.687944813446013 0.670330816415692 0.649638865372846 0.632282206775177 0.616399962610829 0.603129765318823 0.592371021726769 0.57941849528428 0.568139803916298 0.556235267003454 0.544918639208364 0.531711127201099 0.517647864186704 0.503600096695103 0.492184254511006 0.4786837802759 0.463240232046984 0.451222270433725 0.435124466797911 0.422727402915163
-9999 -9999 -9999 -9999 -9999 0.514585082949462 0.497207516693448 0.426012303123172 0.291645162778159 0.177251833128831 0.178857953141071 0.28057554072435 0.375508558552304 0.334971169585598 0.342448374986029 0.373948555987763 0.487699956196454 0.58438418163434 0.619995606064551 0.604503033073642 0.62898857500865 0.653269466627564 0.66823768226045 0.666040816801563 0.653155884136507 0.653259865033699 0.661959563729138 0.667348000027745 0.669047600602999 0.666362915984313 0.674518983657781 0.688735201212232 0.701781120601085 0.712924661857505 0.721499838064028 0.732044648242777 0.730263896808856 0.727393827778537 0.724278202521082 0.705662835869596 0.691214480574286 0.670951272681353 0.656406509221244 0.6427965042844 0.627061644437679 0.614588921980588 0.599109310168095 0.584713476835013 0.569801746457776 0.555411959747175 0.538290214117226 0.520797974841562 0.501646315725474 0.486485668395363 0.473245282206058 0.456938611835904 0.444640547126567 0.427329142754076 0.415874292743498
-9999 -9999 -9999 -9999 -9999 -9999 0.478281426714449 0.480287849909832 0.287038835752695 0.110858846239103 0.0811282688588609 0.186819619495709 0.37567464815313 0.370601773745027 0.373619589187092 0.391592095401765 0.50086702737563 0.59061661645867 0.630129278343322 0.608793376064063 0.609819675260899 0.627792343918701 0.644404725470142 0.642741919574234 0.63617942344663 0.637020221720442 0.64148361303301 0.646001374929537 0.644633215347514 0.642299838916117 0.64868232282403 0.660010985719733 0.672797343060247 0.682164313042199 0.691352670517332 0.703181127547692 0.7133798491069 0.724163317084662 0.730431349785883 0.727626415855542 0.711319799757146 0.695982039817925 0.681484974683569 0.665777261944778 0.651921504660019 0.635498591668743 0.616585932745228 0.599165656885722 0.582400249329699 0.566604838575501 0.549058203558358 0.526196873242038 0.50774913053125 0.492820378004078 0.47832528489957 0.464507744290052 0.451065916304412 0.43784188650028 0.423670800473103
-9999 -9999 -9999 -9999 -9999 -9999 -9999 0.538757037092833 0.315098453658527 0.0843974233795264 0.0286236209595078 0.124080189754923 0.311386802296056 0.450032837562066 0.430298189182781 0.432849571697257 0.5142320385787 0.587902954453671 0.610183710755726 0.588223732931874 0.592392024868336 0.610742563005719 0.62507036791484 0.626421960590913 0.62039383057068 0.622130242451416 0.627479907638694 0.629713326697946 0.628235870011565 0.622847622835261 0.62638571353494 0.635155054959903 0.644063714057053 0.653411090137067 0.660659638850699 0.672386349120967 0.684558317719703 0.695445691777043 0.703611043069513 0.709971226132629 0.71954743188668 0.718688906159283 0.70518291679064 0.691033586252895 0.674676162899127 0.657163963780664 0.636720354690767 0.616441924037412 0.597979831125079 0.579247273968136 0.559231552312234 0.539361073110935 0.519413815746343 0.504834896167827 0.494354488564677 0.480596186047511 0.467806353705028 0.452709194975258 0.438764515753363
-9999 -9999 -9999 -9999 -9999 -9999 -9999 -9999 0.36505027210908 0.101867840567732 0.0124535409313631 0.0854856568270941 0.254062081753975 0.499219748154666 0.504773473137124 0.503457605934442 0.514965284579513 0.568165557260887 0.593782411516675 0.577455135994133 0.577549362544832 0.595419327400556 0.60516661298243 0.609921500995139 0.608409405831498 0.611598397541784 0.614429966803061 0.616243653849136 0.614823013867055 0.610160944379105 0.611288276451293 0.613794420263374 0.616575325530012 0.625474978456813 0.632155333109972 0.643720923647351 0.655712854048058 0.665970708540215 0.676970165618921 0.682384552199301 0.693097347666206 0.707567746635552 0.713711935402056 0.708773385732681 0.695674573930462 0.67817766307282 0.654848354868013 0.633322206191952 0.61306626229319 0.591853826371149 0.572810609246606 0.556492180619239 0.539924830360399 0.527074253416404 0.516754396646659 0.506584437538395 0.492525263620292 0.481227628601405 0.46482228188123
-9999 -9999 -9999 -9999 -9999 -9999 -9999 -9999 0.413925377907931 0.147883175383341 0.0382196878213853 0.070097956693101 0.205132724733653 0.412146177176142 0.564391498800024 0.554518739456417 0.521353399890916 0.541378552506233 0.566791671120088 0.5754202382011 0.572045394340655 0.582888372456841 0.591617901558672 0.599629739575731 0.599317353174133 0.602752244405039 0.605363808314258 0.604833725515319 0.605334132738762 0.602530243916594 0.602941511147993 0.60290062228252 0.601790166778075 0.608555858194538 0.613564707325832 0.623672521326852 0.635608254346845 0.644154220509696 0.657427938752119 0.665393988389086 0.675281673381158 0.685548436365112 0.688135767680292 0.685329507555397 0.67623474691604 0.666674624870846 0.65668076017502 0.646704300965908 0.634569779645922 0.612087335447778 0.593484609437441 0.579860232777493 0.565386933526936 0.554369401604127 0.544497031858984 0.533236898157417 0.520496188774351 0.508116180727456 0.491302570024753
-9999 -9999 -9999 -9999 -9999 -9999 -9999 -9999 0.464571049538672 0.206931152111887 0.080754966324872 0.0818118084229906 0.147771538129332 0.302132357970691 0.501733662123147 0.604816628352148 0.541965586155359 0.498425673757038 0.52999136814716 0.562840834797167 0.570809380331161 0.576891384229522 0.58131755897453 0.588261853545611 0.590116857580177 0.593182758727559 0.594547213798529 0.594547572299599 0.596118507360534 0.598061464696646 0.598260585542914 0.594634807559873 0.594699935254187 0.596101064465013 0.601486615089793 0.60976678024656 0.616474701034138 0.629686975310629 0.64424973039031 0.65636488955868 0.664644409413521 0.665687651682647 0.661503378911549 0.657757011560023 0.651973688931064 0.645002023582668 0.638818787295314 0.633481463897033 0.627999597024015 0.626008010316726 0.616991265584932 0.602772677733197 0.590104741164069 0.579404473520447 0.569569244840433 0.559711267872094 0.547380867019703 0.537507152177095 0.522035841136505
-9999 -9999 -9999 -9999 -9999 -9999 -9999 -9999 -9999 0.297847499538899 0.166743791004468 0.114434702728034 0.12890371098198 0.199855725769285 0.328659470460212 0.454816122254906 0.567929383211332 0.544000103807044 0.523454027895538 0.533400584089087 0.551153462881782 0.576228088667914 0.574858712260521 0.578720516956464 0.584939098331882 0.588628241638761 0.589367351343959 0.586605251276907 0.590836130226189 0.592073197917088 0.592595533975523 0.589710078366515 0.586940979735104 0.585235998526405 0.58716034705917 0.594059413343135 0.60128590852575 0.613969317867805 0.633244190223889 0.649381357305313 0.655978316296609 0.650697703611007 0.640062639489064 0.633100758622035 0.626341127432349 0.621188708494441 0.620334901307903 0.617926362269643 0.612803296775836 0.608435343643668 0.6069588138644 0.609084242010148 0.61383044494477 0.606009472083009 0.595343791456843 0.585487166603869 0.575366932590825 0.565068145427769 0.550357513905495
