meets/meet004/_saidas_enm/CCSM_Maha_0k_Cavanillesia_umbellata3.asc
NCOLS 154 
NROWS 168 
XLLCORNER -112 
YLLCORNER -55.5 
CELLSIZE 0.5 
NODATA_value -9999 
[rows 75 to 99 of 168, columns 56 to 111 of 154]
-9999 -9999 -9999 -9999 -9999 -9999 -9999 -9999 -9999 -9999 -9999 -93.3381107424522 -30.7167304057379 -9.22690595337741 -4.88650325077872 -0.380682426032963 -0.875295502226872 -0.691829342822911 0.349631342996208 0.0128480607198203 -0.48263134727663 -1.45138776516239 -3.19131955158553 -3.93196464608338 -3.69521365897627 -3.58875213185857 -3.38170587409097 -3.3128097945526 -3.22899286498339 -2.89508832536222 -2.82845227457729 -2.60780759173555 -2.68097050124349 -2.52746378359892 -2.26380710719211 -2.09052731080814 -1.79269943791278 -1.57403374971022 -1.3599721313086 -1.22971326038082 -1.19615763123406 -1.37055528817004 -1.62290533653183 -1.60909553911092 -1.34553440110699 -1.43173519233774 -1.68704428346532 -2.26885158446136 -2.88375532334647 -3.22040070122076 -3.75803631764479 -4.54662105706287 -5.50034673338335 -5.80029487569517 -5.57355607894815 -4.9937239474866
-9999 -9999 -9999 -9999 -9999 -9999 -9999 -9999 -9999 -9999 -9999 -101.220890671371 -25.994525273289 -6.19521735380808 -5.01768874527515 -2.05251762376546 1 1 -0.557450621489935 0.338736691683572 0.052587315200294 -0.683004607888841 -1.99387556810034 -3.05265221928493 -3.46423751777677 -3.7069606201892 -3.68344333652008 -3.55549290748813 -3.36852430379298 -3.08263368128775 -3.22370891296824 -3.04833241402061 -3.12747815380999 -3.14071850509312 -2.90137554963542 -2.78604805049686 -2.47388522689562 -2.18840017423222 -1.90938044420063 -1.6811323855383 -1.66635762737634 -1.63894332667778 -1.91339206148524 -2.16668236576946 -1.86396215019118 -2.05121041718616 -2.18400950503931 -2.58949966398883 -2.80881675331755 -3.13457467913219 -3.63427414271264 -4.27044971366872 -5.13679507857771 -5.34500583318272 -5.25455983047411 -5.10601683223864
-9999 -9999 -9999 -9999 -9999 -9999 -9999 -9999 -9999 -9999 -9999 -9999 -47.9790910020267 -13.7162330430016 -5.89127560612346 -2.63093440793778 -0.395803757414478 -0.238814884445769 -0.299084133508978 0.272083877583394 -0.145569327878769 0.403109407609278 -0.84303378875951 -1.37960707813364 -2.33426593825862 -3.48101827301615 -3.49440198576885 -2.95295338724538 -2.812278487954 -2.71375348750431 -2.93686841405046 -2.76127151740116 -2.82308172356792 -2.93445643020711 -2.8721321153528 -3.08673310890774 -3.01274026483085 -2.83599739674979 -2.53281118878798 -2.22117470811099 -2.05192660927845 -1.95888241070554 -2.05796394126624 -2.26455934237917 -2.58561005915458 -2.42824207094852 -2.47494629268666 -2.75707460066571 -2.91979499402858 -3.2647516561231 -3.65803665259992 -4.18810773142589 -4.77326697343299 -5.02356194888576 -5.18863902092226 -5.64924356402051
-9999 -9999 -9999 -9999 -9999 -9999 -9999 -9999 -9999 -9999 -9999 -9999 -92.9994320747958 -39.9340625368489 -7.17102186960914 -3.85941907433038 -4.78230333696752 -6.0595557554016 -4.38654023179799 -0.519757554929341 0.829780695812842 -0.957653470498128 0.152588778172047 -0.251960827247701 -1.73984798570127 -3.39856824451912 -2.83703494683198 -2.01258759556794 -1.76330768059335 -1.83203653748602 -2.33600093828262 -2.15750950419629 -2.11014209146973 -2.31285774176737 -2.37736403593279 -2.76100448886019 -3.06031712631185 -3.31128816356918 -3.24257202833463 -2.75709175911946 -2.40928443474567 -2.16792287899775 -2.18939927509383 -2.26990447065563 -2.36536991779851 -2.43945290423408 -2.66576403759793 -2.81260499871012 -3.0163875260322 -3.37022233167125 -3.72942370659994 -4.00768773618588 -4.3571513326927 -4.77232754412579 -5.31332588362465 -5.88028123785582
-9999 -9999 -9999 -9999 -9999 -9999 -9999 -9999 -9999 -9999 -9999 -9999 -9999 -83.4179184154768 -14.7798864692454 -7.26700636039124 -12.6519696700988 -21.0058666928174 -20.2679545364346 -11.2908614736176 -1.05132926652854 -0.125534043496057 0.259994693722557 -0.186500478708762 -0.376370191760631 -1.52613787210353 -1.25334035683517 -0.563233105229779 -0.551284967198514 -0.650834809319879 -1.04687511184183 -1.07539369174624 -1.21299545480245 -1.53354488651376 -1.8127650663336 -2.41927413095627 -2.72842424580168 -3.1381255562797 -3.30269583413466 -3.07027975678438 -2.87754463759335 -2.47100320933442 -2.33385077604915 -2.34745414799578 -2.50461485961895 -2.70019068599395 -2.94436957614353 -3.09419529031095 -3.32166594348926 -3.62327047873403 -3.86280877556738 -4.07589760323273 -4.24228853237624 -4.53499310591378 -4.94628961748052 -5.3815250766773
-9999 -9999 -9999 -9999 -9999 -9999 -9999 -9999 -9999 -9999 -9999 -9999 -9999 -115.186406333531 -28.2110374590704 -12.7405579271007 -21.1097624263529 -47.842465566295 -49.0069162684329 -30.0826770296063 -17.3804587561963 -3.36446619575102 -1.35407472498249 -1.20908356245648 -0.872593298001668 0.150743385181155 0.0356812272181374 0.402249184349357 0.376512417624537 0.171102988128576 -0.157577630102108 -0.0734251665886623 -0.320736317792917 -0.632643303531211 -0.978346187229322 -1.87218499618478 -1.85794554680316 -2.34418152254565 -2.76821680397307 -2.94783975020724 -3.4138387500712 -2.66620626081033 -2.18532566711512 -2.3875075948787 -2.56900669343157 -3.05702652157551 -3.1579812835755 -3.45206133382185 -3.75559499422895 -3.91169875981584 -4.21007601996845 -4.28064268923071 -4.47147203818134 -4.67036907638981 -4.86971151425296 -5.23977316191094
-9999 -9999 -9999 -9999 -9999 -9999 -9999 -9999 -9999 -9999 -9999 -9999 -9999 -9999 -56.4379121612736 -23.1775246405119 -26.7464066078592 -50.152441813012 -53.4316805045 -42.7292874959631 -26.0612853572959 -9.60255949195334 -1.91636205289645 -7.20703451744546 -7.99588545003211 -4.71870749896802 -1.48454862309978 1 0.21325022275992 1 0.699834886076714 0.16922291534611 0.170344884018114 0.0205505504773968 -0.165883010849267 -0.424040610067895 -0.51566268487399 -0.683475870781469 -1.06992500965576 -1.67564774388059 -2.40260213865325 -2.30471995896506 -2.19662118818892 -2.50998819561715 -2.6317369813878 -2.95564002499999 -3.27997244629078 -3.65655748103547 -4.09552624852914 -4.38929875481314 -4.68652398798359 -4.80734938779742 -4.91728547924795 -4.87702036037009 -4.69373474795656 -4.66513348703835
-9999 -9999 -9999 -9999 -9999 -9999 -9999 -9999 -9999 -9999 -9999 -9999 -9999 -9999 -81.4795478280268 -52.8125669143314 -34.8680666178445 -39.2346815111213 -49.2984310048711 -50.533361525771 -41.0127700829056 -33.349446295398 -25.8298821638278 -20.8630837986473 -9.95768162164532 -18.5457648187136 -12.1410403511984 -4.2680883876058 -0.454451345720767 1 -0.368534783710284 0.55279683087466 -0.0343887799969134 -0.433660160153743 -0.370228833847827 -0.217689291904297 -0.212236684591407 -0.320326692358794 -0.295785084224105 -0.499157876438805 -1.36968246700652 -1.52405508310814 -2.08709758505914 -2.80430464208298 -2.75730023793885 -2.99661357333356 -3.37454929367845 -3.87686157316937 -4.37492324736513 -4.6812322417385 -5.23178339957297 -5.106655478327 -5.21502512798062 -5.06306290576067 -4.60912443527528 -4.35214878982382
-9999 -9999 -9999 -9999 -9999 -9999 -9999 -9999 -9999 -9999 -9999 -9999 -9999 -9999 -9999 -87.127398397401 -39.9362001960598 -23.4127927561998 -37.4690151860796 -52.8903653001383 -70.4079587057353 -62.8654790930064 -59.8656892517889 -48.9578387099111 -32.3346715998013 -24.4710811682565 -13.9952380660515 -11.5937252210221 -10.1560985560821 -7.2681899985778 -0.669591314183971 0.30236336150628 -0.67418126624398 -0.769579765072906 -1.04657307625245 -1.12983666774652 -1.08986957057705 -1.21096586913029 -1.12038484271351 -1.20178310160132 -0.99044691313033 -0.684269626111408 -1.68368362430447 -3.09700614231343 -3.06476506970463 -3.18158898558685 -3.53869058498895 -3.97608641356553 -4.3267659171726 -4.4824167539241 -4.6649089184549 -4.79046815594941 -4.9614641972273 -4.87820165814343 -4.68135066594609 -4.65559057812366
-9999 -9999 -9999 -9999 -9999 -9999 -9999 -9999 -9999 -9999 -9999 -9999 -9999 -9999 -9999 -99.878166190184 -59.9019766226881 -13.4788370946701 -27.477379552435 -48.2675617300996 -89.9441140900038 -80.910004021766 -92.2677937070261 -84.8940578249416 -64.8580033233845 -66.0838410190129 -42.1421147811789 -42.0151307282006 -23.469806587724 -1.59298656597905 -3.82968799873449 -0.269411379132098 -0.667827163056701 -0.0904000645419403 -0.587691118934733 -2.02532626325354 -1.81916833233702 -2.37039989944987 -3.25485007706561 -5.20396070171713 -5.75214646888727 -1.39832545286563 -1.26668052347438 -3.41396782537815 -3.42131225092658 -3.39290657115519 -3.74727714975839 -4.03706500894437 -4.3170168029332 -4.49884201850007 -4.34192316427425 -4.42547138035655 -4.67613237686248 -4.69513812732963 -4.651553175534 -4.71915615547222
-9999 -9999 -9999 -9999 -9999 -9999 -9999 -9999 -9999 -9999 -9999 -9999 -9999 -9999 -9999 -45.8348417255906 -92.2248367631592 -27.3921572890942 -16.0453838236747 -28.7137803344909 -52.2353649652175 -71.4094871029027 -94.1712717481471 -104.898648289022 -89.5946474864291 -79.3764518024943 -61.386900402303 -51.4574301356208 -28.9941368398031 -6.92050521604391 1 -1.56576688357861 1 0.426657273768653 0.77055658416527 -0.395940322846157 -1.56804808634258 -2.85483670155499 -4.33947672014523 -7.48871181883299 -7.65121570133343 -2.35359923224274 -0.998544955193066 -3.27755840176278 -3.8280522272964 -3.72956820080703 -3.77201485144609 -4.00713191721796 -4.21199357968085 -4.26301555963633 -3.96238063655482 -3.97908346819124 -3.53306473454716 -3.18357617155008 -3.1540459813969 -2.57387927317904
-9999 -9999 -9999 -9999 -9999 -9999 -9999 -9999 -9999 -9999 -9999 -9999 -9999 -9999 -9999 -9999 -72.084169511702 -76.0067685748997 -27.8534140938124 -14.5605638223957 -36.9410150298358 -51.5854314318953 -79.5392536473667 -97.6057251609575 -97.5798109856015 -107.287193730039 -87.4710006290143 -81.185214819069 -53.3288813286061 -21.3250975747666 -3.7288390170316 -0.764059693399496 1 -0.891379843750931 -0.0815797699824672 0.637340252569951 0.496016434945849 -0.756283207386126 -2.27523373104671 -4.88451193026475 -7.43111514121564 -1.37109936235377 -1.1934290088205 -3.27520986561609 -3.84857797702516 -3.68125918812451 -3.43561630643437 -3.62080541820804 -3.88659269402642 -4.07419281114842 -3.52450666617679 -2.97251581307144 -2.27559844493443 -2.03920236794707 -2.03406135049209 -1.30193294269433
-9999 -9999 -9999 -9999 -9999 -9999 -9999 -9999 -9999 -9999 -9999 -9999 -9999 -9999 -9999 -9999 -9999 -60.4994032043902 -97.1046064034531 -36.3548729542134 -13.6932123090711 -21.9232288683898 -38.6115895331999 -57.6575789034953 -70.1349950150571 -81.0456875661946 -86.4300990912269 -87.2859521409525 -70.2598109152142 -40.4367686427293 -15.1538991191267 -1.62016905662193 -3.13307185426733 0.33249835785127 -0.330892044236053 -0.388221926723891 0.322553830997945 0.419349879148883 0.218042726615374 -0.361827709327902 -0.230126989735744 -0.436095515835963 -1.40862370197943 -2.4172710066936 -2.43237727243115 -2.18129207445663 -2.14649217747568 -2.17905526265043 -2.49313178134193 -2.95486691313049 -3.38149235560962 -3.34277839278875 -3.34914497352421 -3.35018811741664 -2.9696694732186 -2.09738880771058
-9999 -9999 -9999 -9999 -9999 -9999 -9999 -9999 -9999 -9999 -9999 -9999 -9999 -9999 -9999 -9999 -9999 -9999 -9999 -110.106759746345 -60.4211001487332 -42.4834200980212 -35.3518998238238 -42.0691203588684 -52.9631355280414 -65.240086851663 -80.935786457476 -90.3430981437186 -78.9591351403576 -59.9752625185401 -33.1401035140532 -11.7086942009524 -3.08742732638799 -4.29394332954059 -0.306105830460655 -0.9209895565726 0.0664316605405713 -0.328456262831822 0.171790303483988 -0.0443282984470741 -1.13581659594113 -0.85702302638116 -1.17271911727825 -1.45311506845325 -1.26842058843725 -1.29232154575186 -1.453167408796 -1.66619395496984 -2.13654222110819 -2.71958710142841 -3.42882294162859 -3.4174893108734 -3.40233199704766 -3.76348747003385 -3.6767968256192 -3.21440262526471
-9999 -9999 -9999 -9999 -9999 -9999 -9999 -9999 -9999 -9999 -9999 -9999 -9999 -9999 -9999 -9999 -9999 -9999 -9999 -9999 -9999 -131.368725522853 -101.911860663022 -64.8096109216809 -48.5760806851775 -56.885312852435 -67.3155285747019 -81.1234262107535 -85.6772940299995 -71.2260685875965 -57.869116522505 -32.1787337771124 -12.7417990976913 -3.46478704104205 -1.02096059556079 -2.71738855730604 -0.339441455796163 -0.261617483506617 -0.398402734123847 -0.345637114977748 -0.227012367176633 -0.340222229144359 -0.705575235045296 -0.695386373954398 -0.926444661209213 -1.06907836658811 -1.29327527343668 -1.52116092324117 -1.81292006973333 -2.6060226154925 -3.21356593739925 -3.32643816092833 -3.26083750427641 -3.48225185376015 -3.75932928256367 -3.45588255074875
-9999 -9999 -9999 -9999 -9999 -9999 -9999 -9999 -9999 -9999 -9999 -9999 -9999 -9999 -9999 -9999 -9999 -9999 -9999 -9999 -9999 -9999 -9999 -128.163331367926 -75.5113320940168 -50.072293035272 -49.5066052462971 -59.7989745987229 -74.0175318559282 -75.6443271491024 -70.9871996252115 -55.068741647001 -35.0112107169712 -17.5583506842484 -5.58386322431571 -0.402643556274932 -3.76651205499232 -0.474648556996791 0.233486714548354 0.0487806682029911 -1.40018117303632 -0.921843747468911 -1.23099934183072 -1.15174971010117 -1.06790126324259 -1.23310377687386 -1.43713342327798 -1.64899582031611 -1.9468068976739 -2.60518134795675 -3.15605055703278 -3.13194010564068 -2.98419761614223 -3.19312816784432 -3.72775258942875 -3.5869697341109
-9999 -9999 -9999 -9999 -9999 -9999 -9999 -9999 -9999 -9999 -9999 -9999 -9999 -9999 -9999 -9999 -9999 -9999 -9999 -9999 -9999 -9999 -9999 -9999 -9999 -91.7274282175989 -48.4717306695316 -37.34764773144 -51.9844425412769 -64.8188164905253 -70.8495143097944 -70.2284836450043 -67.2609732618125 -51.8510401805579 -27.7148621643506 -14.7300633910855 -2.29033273862292 -0.612973925628929 -1.83157188561169 -1.1796644934198 -0.714062088908663 -1.76232723932545 -2.09835495672384 -2.20942732794603 -1.85548555319995 -1.83938569989728 -1.93193627771105 -2.47077843565004 -2.62057864152106 -2.94361323745359 -3.39998786223279 -2.97730559251384 -2.60265899452688 -2.83871634627909 -3.73656559581914 -4.04070127799299
-9999 -9999 -9999 -9999 -9999 -9999 -9999 -9999 -9999 -9999 -9999 -9999 -9999 -9999 -9999 -9999 -9999 -9999 -9999 -9999 -9999 -9999 -9999 -9999 -9999 -161.526008632479 -92.5632055801464 -39.3799931508936 -32.7277375668874 -47.7646580502513 -65.7084151700405 -78.1361146051922 -82.1518712743076 -71.3898046524319 -52.2252896016846 -32.6129142938423 -15.2719257652949 -4.89102849853567 -1.93813984410374 0.681968221652141 -1.78002436124966 -1.07989814341042 -1.82886283576495 -2.30299597859385 -2.24773369297191 -2.26816997761695 -2.28136642633082 -2.70067086275632 -2.60404483318178 -2.54405158237611 -2.73469665698443 -2.50133493192572 -2.38340601992958 -2.73891909311818 -3.70998621236535 -4.1410851521726
-9999 -9999 -9999 -9999 -9999 -9999 -9999 -9999 -9999 -9999 -9999 -9999 -9999 -9999 -9999 -9999 -9999 -9999 -9999 -9999 -9999 -9999 -9999 -9999 -9999 -9999 -9999 -83.9245151187616 -33.9732830625242 -32.5554296477403 -65.9072488426749 -81.9187576575412 -86.9664699421594 -82.3342811723843 -65.9214715940938 -49.5668475280678 -30.1514855605064 -17.3233671398865 -5.68965884423266 -1.5231800571417 -1.54759082332115 -0.46457348292281 -1.62142440031941 -1.14170489969381 -1.84295587856997 -2.26590368086076 -2.2618894071148 -2.27411474420707 -1.90115613438021 -1.76376856303893 -1.80718271599872 -2.08415997588016 -2.28627948534847 -2.78909511532271 -3.82297405338853 -4.01379373217772
-9999 -9999 -9999 -9999 -9999 -9999 -9999 -9999 -9999 -9999 -9999 -9999 -9999 -9999 -9999 -9999 -9999 -9999 -9999 -9999 -9999 -9999 -9999 -9999 -9999 -9999 -9999 -104.277768619333 -43.9303785697794 -25.8045574685267 -48.1506751409765 -73.4212949453809 -86.385879307015 -87.5885620083094 -73.43295713086 -55.3902899335894 -36.8986095374011 -23.2645452390333 -8.86806726827801 -2.12447645910634 -2.1122992234095 -1.21405839973793 -1.83814566025062 -0.439840176942166 -0.962923058384339 -1.57472007678867 -1.60871401568877 -1.49900387938186 -1.31860041703436 -1.1822792123057 -1.42793718445949 -2.01287688425303 -2.73372689640847 -3.35854993880713 -3.6300135857282 -3.50479853239719
-9999 -9999 -9999 -9999 -9999 -9999 -9999 -9999 -9999 -9999 -9999 -9999 -9999 -9999 -9999 -9999 -9999 -9999 -9999 -9999 -9999 -9999 -9999 -9999 -9999 -9999 -9999 -9999 -42.2333791849539 -21.7434101880007 -32.4732677175138 -60.3231346104602 -82.5479407404506 -91.3773776152759 -75.7662919431783 -55.9001055232636 -39.1424613703703 -26.9706224424502 -12.3887402663033 -3.75078025684981 -4.07528688244745 -2.65612696203979 -0.793226744839518 -0.383892420755059 -0.468465432898908 -1.21386923512667 -1.01869464309213 -0.875976184381154 -0.918697388346204 -1.02914507952253 -1.32107949852648 -2.11280913198228 -3.55601410892016 -3.9286695713785 -3.40326458995751 -2.94373221913661
-9999 -9999 -9999 -9999 -9999 -9999 -9999 -9999 -9999 -9999 -9999 -9999 -9999 -9999 -9999 -9999 -9999 -9999 -9999 -9999 -9999 -9999 -9999 -9999 -9999 -9999 -9999 -9999 -44.5150771701174 -21.7966933776569 -26.6675022125947 -52.9920007543643 -79.6146267307187 -91.0588316350331 -76.9394548208521 -54.9173163954185 -39.9752942702078 -28.5896232901417 -13.6281112883604 -4.74834511872206 -6.18621805778713 -4.68455694177007 -0.643760789220648 -0.639129954790416 -0.0860382952593899 -0.179597169903028 -0.523962389280901 -1.06496596945823 -1.33567498914415 -1.06355019292424 -1.07361405407035 -1.90507135353392 -3.41687940130202 -3.63237187558282 -2.93802816737425 -2.26999951320693
-9999 -9999 -9999 -9999 -9999 -9999 -9999 -9999 -9999 -9999 -9999 -9999 -9999 -9999 -9999 -9999 -9999 -9999 -9999 -9999 -9999 -9999 -9999 -9999 -9999 -9999 -9999 -9999 -48.2934357154993 -21.9314810913727 -24.4367950748469 -51.2808213173873 -83.4030481814952 -97.3222538904615 -79.2817922279205 -55.3039252838117 -40.2186908160169 -29.6004520727902 -14.610494260135 -5.82311951942916 -10.0896369705512 -6.67336344010669 -1.85306309512278 -2.04375306122137 -1.59610713078448 -1.32379718713539 -0.241892071571924 -1.15237121679003 -1.81845613860454 -1.07892883155974 -0.482945232106192 -1.57921497499008 -2.91935297840741 -3.10424174475533 -2.2742128236378 -1.80954412018834
-9999 -9999 -9999 -9999 -9999 -9999 -9999 -9999 -9999 -9999 -9999 -9999 -9999 -9999 -9999 -9999 -9999 -9999 -9999 -9999 -9999 -9999 -9999 -9999 -9999 -9999 -9999 -9999 -52.6826820213643 -23.0065067328487 -23.8753073063925 -53.1129392214913 -85.4062107955198 -99.4100687909163 -84.5889844571172 -60.6459480848836 -43.0285070696376 -29.9033640530161 -13.4516886088974 -6.13520748080985 -10.4955799421937 -8.57043596788007 -4.09857458719486 -4.63487121595505 -4.94868523228055 -4.04356482987368 -1.23789181092599 -0.101471430802534 -0.524995269573827 -0.823602676230099 -1.05309109031637 -1.46821751448784 -1.92385568009102 -2.1155353408508 -1.67488545431536 -1.625555825144
-9999 -9999 -9999 -9999 -9999 -9999 -9999 -9999 -9999 -9999 -9999 -9999 -9999 -9999 -9999 -9999 -9999 -9999 -9999 -9999 -9999 -9999 -9999 -9999 -9999 -9999 -9999 -9999 -58.9623498967503 -25.8011023219308 -25.8066420332195 -57.7492202488484 -91.2010764228682 -103.919429664957 -87.2822240381868 -67.408750106397 -44.5756365335837 -28.5261975943757 -12.4498176997099 -7.43646153548137 -14.5403233967474 -10.7701336133881 -7.02583594402723 -7.55085869813701 -8.91258209183236 -8.98540305512645 -3.78427166209401 -0.499299622364061 0.148258267769426 -0.421070486523557 -1.4768100332714 -0.987506379579752 -0.968386851030801 -1.18459533923167 -1.5589566505453 -2.04524803485992
