meets/meet004/_saidas_enm/CCSM_Maha_6k_Aralia_warmingiana1.asc
NCOLS 154 
NROWS 168 
XLLCORNER -112 
YLLCORNER -55.5 
CELLSIZE 0.5 
NODATA_value -9999 
[rows 50 to 74 of 168, columns 56 to 111 of 154]
-9999 -9999 -9999 -9999 -9999 -9999 -9999 -9999 -9999 -9999 -9999 -9999 -9999 -513.574450372559 -241.364455873045 -103.291804736328 -53.4449013365129 -36.5267153960602 -28.8047650562191 -18.0824640159933 -8.02788815199202 -4.51991341594145 -9.50037987985771 -16.6319090979427 -25.9575375791408 -38.5671402668791 -51.6656309727229 -75.643797386503 -98.2063155352992 -126.210355687192 -148.68487967276 -131.49191986043 -103.220587911432 -63.8673203653493 -26.0650370997425 -12.6532233200887 -7.19172459007232 -11.4559707295707 -17.0690418696121 -19.8187582473144 -20.3347010530395 -21.2141345464739 -22.1112572681362 -27.8723692128236 -36.5961482099932 -39.8541556268282 -26.358062764231 -18.5268719795253 -12.9413133477658 -9.30124532236774 -12.8963766103075 -15.3142486941888 -15.7404809645835 -18.1584659075559 -21.2630885399125 -20.5150605344234
-9999 -9999 -9999 -9999 -9999 -9999 -9999 -9999 -9999 -9999 -9999 -9999 -9999 -274.526089421258 -136.404931445466 -61.54006328516 -32.981438823019 -23.5613738544188 -17.9566825954882 -11.4748920207873 -5.10984521973592 -4.84111689307986 -9.96170530236262 -17.3986066683657 -26.9749114808139 -40.3208311372828 -55.8261803065367 -79.0650775775348 -104.12481470754 -129.413297952291 -145.506793970571 -128.58986829498 -94.3168039607933 -54.1731150771791 -24.023425921293 -11.0321917187115 -7.29644557664846 -8.23533035994188 -11.1528367528847 -14.4905682682985 -15.3821485568481 -16.5492052134517 -19.0396059929307 -23.8854802870809 -34.301831085572 -33.3377430042535 -23.3930830293633 -15.4296284032465 -10.2171199927526 -7.95307981181212 -10.3000741203829 -12.4560454082108 -13.7728406256868 -17.0215898001134 -21.46157583902 -19.136451578316
-9999 -9999 -9999 -9999 -9999 -9999 -9999 -9999 -9999 -9999 -9999 -385.730336128764 -234.577725361591 -133.185228877965 -71.5689740208348 -34.7520980806246 -20.6852528280971 -14.7198123385751 -11.5622045989397 -8.5478854132091 -6.8736585001554 -9.44835918129426 -16.0534895993322 -25.8217562312363 -39.484017629507 -57.0249376707962 -80.6177648345258 -108.848019180864 -141.434226083033 -177.718338361442 -195.541631968552 -165.004286091162 -119.156450817124 -68.1146785778011 -29.7567534417908 -12.1193508780416 -8.60162572354889 -9.59308620523265 -11.7942742578442 -15.5724567632732 -14.2278363032993 -15.5866192772582 -18.3539480766065 -22.1494083045721 -27.8842307724175 -25.183907463974 -15.5146343061029 -10.1969982855961 -6.53172153177482 -6.10693358804002 -9.96043657218053 -11.1265381049 -13.2548426478272 -17.1630288803497 -22.6369529431986 -18.559055203202
-9999 -9999 -9999 -9999 -9999 -9999 -9999 -9999 -9999 -9999 -375.179430607191 -204.467998722183 -112.841932032846 -82.3324374226985 -54.5754181468166 -32.2311466329701 -19.338347286756 -15.0165544862706 -13.3252618962001 -13.3335824422053 -15.0793168974777 -20.8671562916819 -30.2454377791116 -42.8369093131047 -61.0868685392538 -85.2941920676469 -115.820076235959 -150.904245399784 -188.051705282827 -220.256833832062 -230.069628063927 -191.603862542596 -134.464501814215 -77.0393566712969 -35.5690509975269 -14.6699560635041 -8.73817751695998 -9.71089724816583 -12.0010541680292 -13.8568963666229 -15.2914531893105 -18.0880116925036 -19.5861413898288 -18.703859707249 -15.9800705756874 -11.2159944233422 -7.18754878859175 -5.1962456577903 -5.41563636822087 -9.0217230943605 -11.1146898887394 -13.6469748140208 -16.4551888938846 -20.9965159876319 -26.5922443791695 -20.3977333980188
-9999 -9999 -9999 -9999 -9999 -9999 -9999 -9999 -9999 -9999 -198.295432609009 -86.5847145247742 -66.2142848362733 -49.9525539774432 -45.1163970050864 -36.6601380667169 -28.2009096084349 -26.4402977065911 -27.2503396801508 -28.004037507499 -31.3187129131353 -39.2277064760131 -50.1210814228935 -65.6356349380837 -90.0778640539015 -119.917332229288 -156.195970489079 -196.628283690993 -234.469756225792 -263.615997756273 -269.764667746361 -216.02191586113 -148.908282206295 -87.6185460723872 -42.1151922192258 -18.2042665038439 -10.5598599074698 -7.67597505332814 -8.37236451521388 -10.0170753632828 -10.2293920162109 -12.4565934946722 -12.1315144339865 -10.6652963389475 -8.31371667764689 -5.22615947064349 -5.36691520090841 -6.56049880174408 -9.0637049936438 -13.6234060568771 -16.0405731534379 -20.9293742739168 -25.5257702742338 -30.4110092009576 -36.6309416758199 -25.7847370327545
-9999 -9999 -9999 -9999 -9999 -9999 -9999 -9999 -276.3736138061 -177.44835722703 -85.5601207359611 -38.1583809972834 -42.8269017930436 -38.8013443201537 -35.9114903815472 -47.0508951457345 -44.8346919864798 -42.9750941690831 -45.6952126138381 -50.0857219475304 -57.5247232461623 -66.2610368499424 -76.7095730520274 -93.7971318032133 -124.144793475146 -162.02475329934 -202.513795762275 -244.126439798786 -280.622927732455 -298.376960305076 -290.490727459314 -234.259272342486 -163.918476805433 -99.3271095317847 -52.5987518232078 -26.4964657977722 -15.0059776138785 -9.86068347400281 -7.87485138241472 -7.67009578349164 -7.69385826745502 -8.88787113240138 -9.52110867613388 -9.08469238372503 -8.70581931836356 -9.54453000516614 -12.8190609035617 -17.6027794802725 -23.9997632130338 -26.9365976457571 -30.9756496744798 -35.3255257251986 -40.742214931776 -44.0815443644911 -45.80658816437 -29.9141971335378
-9999 -9999 -9999 -9999 -9999 -9999 -9999 -9999 -174.507176064741 -92.0527861317213 -30.8521901025358 -13.1757750404991 -25.3219526972985 -26.3853639001089 -27.546401250425 -40.2785399818467 -61.2974163265314 -65.8172529769559 -71.1295697912209 -81.5615641290885 -96.6427717128104 -106.717297534444 -115.434615284318 -134.045852326822 -171.370113146948 -213.25679743308 -228.253701215976 -243.508939173344 -246.69854232677 -243.235771149009 -239.610096056362 -232.742017244819 -177.075212053367 -115.075286277828 -67.1453555481629 -40.0959896324171 -26.3563372863592 -17.6671471580419 -14.5920356341782 -13.927083954015 -13.9911715447242 -15.5062873741249 -17.107022411401 -19.8882076403092 -24.5756067123096 -30.4595571014666 -36.3839930886827 -42.0242212798831 -49.384408845331 -55.6241020231617 -59.3368697616122 -62.8463554940437 -63.3580175041039 -61.1765825160299 -59.2784438687698 -35.5321797415843
-9999 -9999 -9999 -9999 -9999 -9999 -9999 -185.581656419071 -111.13767533138 -52.8410441201851 -12.7746695438799 -10.3006880333978 -16.7418517640266 -16.6693717669601 -19.1029430337854 -33.3460228974727 -51.6059192395854 -78.9403650750836 -96.2852315217665 -116.027440177042 -134.18245326972 -142.665331308593 -155.443065224689 -162.463541546714 -172.034783158079 -185.291060058532 -188.850178534997 -190.875048049109 -192.211126223888 -190.082245139508 -187.935873446887 -181.316118165278 -176.019882480958 -129.588900545846 -86.6511752296191 -60.1887925242852 -43.5667147736861 -33.9784814540381 -29.625427562893 -28.3442326743869 -29.0200631660649 -32.7498817220144 -38.088866303452 -45.5990258005278 -55.499396717769 -65.1399683121792 -72.1320484542063 -80.5297880230706 -92.1555146290634 -100.833098148168 -103.674301337756 -102.539700755275 -94.3292229949344 -85.8217193880812 -77.6551194637521 -42.1455187275545
-9999 -9999 -9999 -9999 -9999 -9999 -9999 -138.645388397242 -64.9320159351848 -20.6275167193489 -4.8886069573006 -11.1332279108959 -18.443497960429 -15.2230942212414 -14.8154267189414 -25.4226949900164 -42.3552783988411 -65.728675425841 -81.0416905659767 -92.7131382785451 -106.991266553272 -117.46955710533 -130.660273044199 -133.112118692433 -133.827984269813 -142.20352397739 -143.963477553972 -152.003752960203 -150.432526778388 -141.30865344802 -140.011819842887 -137.082472401499 -140.730964715251 -140.191566095323 -108.027386063603 -83.1355136233307 -67.1672927819041 -56.7268176139649 -53.2320767497111 -54.2250871695969 -56.7521929429534 -64.5383780067323 -73.8032363318234 -88.6176487594924 -105.475513054563 -116.294850834651 -129.128571298154 -144.200877795513 -160.846183117765 -168.21132040057 -164.018102690909 -149.91212342481 -133.43491985888 -117.790037226138 -99.8687962672239 -54.8912710666154
-9999 -9999 -9999 -9999 -9999 -9999 -165.980653454616 -97.5062427290875 -37.1227385150186 -7.21864877935533 -2.08386636978818 -10.0732234702033 -23.4902214191042 -20.0919342971248 -13.564356430389 -22.8717188452284 -35.3690175317727 -52.3919407781159 -65.1950327810785 -74.7489776616026 -87.3578217387861 -94.6695030701326 -100.79233383685 -102.795511328152 -108.391457205218 -111.952060617328 -115.986799600608 -116.926954711789 -114.837441704768 -116.294943155047 -113.626756260238 -114.506854879733 -114.319463392074 -114.670616659506 -119.713422377271 -111.050380181481 -98.166618527754 -92.1678653974842 -91.1460743390915 -95.7340365874299 -105.319728857072 -118.117739235201 -133.101832452802 -150.900041486959 -155.634237841471 -153.466528642601 -155.52828402402 -156.890112370751 -159.577053267055 -160.130975717312 -156.14181963916 -142.994356883387 -126.449031093972 -106.981311771099 -93.2677709532723 -71.3086174683043
-9999 -9999 -9999 -9999 -9999 -9999 -130.996631026998 -65.9123187032804 -21.5498910360449 -3.67382636208362 -2.45957057690616 -9.08687266976481 -21.1629457558982 -17.5087498115934 -12.7629643496869 -18.3517303145834 -30.5685156846661 -43.4860980369703 -51.9020319427509 -57.2964395298647 -64.0798359138897 -70.0607267141276 -75.7319613713067 -77.0323921450608 -78.6284828184822 -82.2242776408896 -84.0783647591939 -86.776570839999 -86.638904061289 -86.2444394488831 -87.6254522062763 -88.0620644814222 -90.5932300573673 -92.5769362116359 -95.4875188391368 -100.276616969551 -105.064006253509 -113.002234557163 -118.905406597485 -121.682885344256 -127.039598658282 -126.613616293361 -126.391898399194 -127.27980902529 -127.411190069511 -130.952750926644 -133.815380263879 -139.150224912858 -142.75768845248 -141.115527443193 -138.370061571811 -126.370888828958 -113.769250120981 -98.7784255633652 -83.8699880543767 -71.5413347533934
-9999 -9999 -9999 -9999 -9999 -9999 -102.135076179843 -50.5994051404383 -13.5264834708009 -2.20979639927653 -1.73306866183184 -5.66051500716779 -15.5928935623405 -11.2822471732553 -10.6677725919255 -17.2475546025315 -25.8481306510789 -36.0576977899346 -42.5611826166345 -47.1604738838234 -51.858121565911 -56.1017715865973 -60.4124388926894 -62.1072480543499 -64.7471688662776 -65.9293814207491 -68.098717515087 -66.6489390615514 -66.6878368814051 -69.5258014208324 -69.3166733511001 -72.5572439848426 -73.7640493932909 -76.2509914115076 -80.7354732995592 -82.3563474926184 -88.368006313144 -91.8105509823729 -97.9734115163883 -103.457163872738 -106.660746096636 -109.680781014196 -107.48550948223 -107.096188669373 -110.59625952635 -115.761058347651 -121.714897352466 -124.479757381862 -126.811220022245 -127.518202942612 -123.558392968366 -114.926799203166 -102.424512059953 -88.148097924869 -78.1216533271284 -66.5092247017807
-9999 -9999 -9999 -9999 -9999 -9999 -9999 -36.0328995752483 -9.41896076977497 -0.683611525064353 -1.67291053809351 -3.31991143641311 -8.94853432453078 -8.50980536803008 -8.43801167587531 -14.4140317367114 -21.3830884081447 -29.4678961852598 -34.8273947788975 -38.3449153976994 -41.2904336370321 -44.7950796662397 -48.5986621741606 -50.0592548355402 -50.8577757624659 -51.87321038048 -51.3537981025665 -50.6238901057564 -49.5433398749688 -51.0389668504962 -53.2925700456678 -54.9435194056471 -57.8005015885039 -59.9811397250609 -62.4953326592339 -66.7305131656825 -70.3006693827525 -75.5735058989692 -79.8236520084102 -82.4062618494021 -86.8911061138257 -87.4330591612542 -87.9273423768019 -86.693681623599 -90.5365211513159 -97.282727636498 -100.106137951297 -104.143421238987 -106.22584225524 -105.266685448615 -102.863008535824 -95.1267015824954 -87.1684431853296 -77.4181297988304 -68.5085943087061 -61.7094840108208
-9999 -9999 -9999 -9999 -9999 -9999 -9999 -9999 -7.13456913748531 -0.2817366919633 -1.48919423870219 -2.13790346328398 -6.1564909893912 -6.76193236611951 -7.21019838883177 -12.3093497977635 -18.255753244026 -25.3078637308614 -29.9723794879678 -32.8406446547597 -35.8768846984784 -37.7325523709823 -39.7649226161661 -40.9682011206796 -41.5489553868847 -41.2252978764774 -40.8033642731755 -39.456993478226 -38.0866626596795 -40.5762034820724 -41.9516163004813 -44.4180492720947 -46.2380799581903 -48.6826632499599 -52.5142895825359 -56.4554398406231 -60.5363233043199 -64.3440826067433 -68.4611386307303 -71.6000816331186 -74.0529187039467 -75.2922981155214 -74.8733447288822 -73.9009555809797 -78.2806173298334 -82.9810702872049 -86.9796637168443 -88.5906604515599 -91.9390174420328 -93.6090097010483 -92.1825693402366 -85.574231345386 -77.7189807491186 -68.5347644878653 -63.5616200706226 -59.3266812822924
-9999 -9999 -9999 -9999 -9999 -9999 -25.2063896112465 -8.93865093284239 -0.416437482595643 -1.00971632957483 -1.77721480831684 -2.0007749979421 -5.4211099344764 -6.17566874586132 -6.1488210136199 -11.6839389785436 -17.3618733519662 -22.1644263436476 -25.8230651160494 -27.5154754829168 -28.8300504333183 -29.9182018201724 -31.1242137736468 -31.7045111716132 -31.6042227874483 -31.6384952356902 -30.9770839529572 -30.3268357370458 -29.3875957823704 -30.0257900444902 -31.8451475486189 -33.4446134219606 -35.6297016925819 -37.5480854539956 -39.9411199701954 -43.6701287207449 -47.0809914885329 -51.1619746126375 -54.6781569886604 -56.9680133663617 -59.5844504370575 -59.5051525551076 -59.439104097174 -60.2700461267807 -67.7801017948167 -75.9648360898557 -80.958496138493 -85.169167584877 -87.8169245178869 -88.392666013798 -87.5976317685879 -81.6482977902751 -75.0071079261018 -66.949826198575 -59.5209676551398 -53.7590259282379
-9999 -9999 -9999 -9999 -9999 -31.5999049118093 -9.36084649598306 -1.51615334448245 -2.13126075130519 -1.61920482100831 -1.46587310161385 -1.89874076789817 -5.20668720003441 -7.11222478542766 -7.68341745033515 -11.6714037745265 -16.8857748458544 -20.8057860812079 -22.8846919452673 -24.8591337680326 -24.829051781345 -25.4678407969149 -25.0269120955612 -24.9652757538331 -25.5585205189629 -25.3913388759826 -25.264916694747 -24.3443132457895 -23.6047564852817 -24.0961075672256 -24.5679904162067 -26.4182822885154 -27.6629929863714 -28.9724475458498 -31.5831592914448 -33.0671559737108 -36.9330212268779 -40.0973219664199 -43.2695029127403 -46.404039496917 -49.8279573518398 -52.524428534134 -54.2885069224902 -57.2317916439365 -64.8628838344616 -73.4574333259897 -76.9063815200932 -78.8859137605037 -80.8096808027792 -82.5778671657911 -82.8990615864978 -76.813639155945 -71.0034873991073 -63.9655582120724 -57.6674241539669 -50.6517702399177
-9999 -9999 -9999 -9999 -9999 -12.0300858269734 -2.51231812582971 -0.696633359213572 -2.1070737951467 -3.48988368612957 -2.3913874471861 -2.50642158429778 -3.97509122428035 -7.06124872953986 -7.43555233032321 -11.265510894598 -15.1561526228076 -18.4634381548831 -20.284948433661 -20.2436326895384 -20.4206540423497 -20.8310143076736 -21.0421066743306 -21.0232432117351 -20.1723560238313 -19.7460984293306 -19.097507041402 -18.4977427565671 -18.041099228261 -17.6798735191786 -18.3348430270463 -19.4928510722961 -20.9805810813848 -22.2949392293819 -23.7581237821352 -25.9245446189305 -28.4275641935126 -31.7651515390479 -35.6303531936813 -40.0057673416081 -44.7914613258123 -48.1596227944864 -51.7196547247781 -54.6436602250673 -59.333615041415 -65.1511359044849 -68.502776617236 -71.0100406631097 -72.7420700664683 -73.315881067845 -72.8082730150245 -69.2597328613053 -64.9656451908055 -59.8109846669445 -55.0404375676186 -51.2247482397684
-9999 -9999 -9999 -9999 -9999 -9999 -0.491002840375902 -0.781348295465611 -2.89054263424456 -3.77697287626339 -4.30311749878642 -3.80641650255258 -3.60499807184264 -5.38522853122889 -6.90265757399246 -11.1482467954939 -13.0382692386606 -15.8225469258734 -16.5604794826259 -16.0437678654612 -16.3484797047279 -15.8191406409957 -15.5569139784625 -15.0161176816649 -14.2725730335236 -14.2519322881039 -13.5937983095657 -13.2659247897781 -13.0104553323682 -13.0321486654755 -13.8135072970463 -13.7818784635712 -15.0453374477348 -15.9057201803443 -16.8928874084343 -19.0643538186214 -21.9210137443938 -26.3500163840258 -30.6029023307604 -34.4758268895752 -39.6424874447434 -42.8611797389356 -47.3158056047118 -49.8387226884799 -50.652268215175 -56.5878169172225 -59.1693476645817 -61.9729267370522 -63.6700591054481 -64.2924335773575 -64.1182712866108 -61.7567337619007 -59.3284751473999 -56.0645650142049 -53.5877113459506 -51.9071455535571
-9999 -9999 -9999 -9999 -9999 -9999 -2.45980101815126 -1.03724285911997 -4.43861393521256 -4.20442727714009 -6.62728738701476 -7.25106262998063 -6.28969338750006 -4.37143631610827 -5.04388014860462 -7.55531431413879 -10.2530764632754 -14.7528732418939 -15.3361106298605 -14.1261408825474 -13.1343868148677 -12.7578732519133 -11.9431735295127 -11.3278937518976 -10.6720793809489 -10.4282831515145 -10.1655722983759 -9.9022979569745 -9.99901497397867 -10.1881454266528 -10.6912243168846 -11.0810814171953 -11.6438189311804 -12.5450296774403 -13.8219597608563 -15.9837585946256 -18.8234523160309 -22.5758037603924 -26.2209216847219 -29.5724800554439 -33.4416348822833 -36.9476459600241 -40.1270943152192 -42.2585390800684 -43.1964608892547 -46.5194115390797 -49.8436745349687 -52.7925316372822 -54.8858251512267 -56.2292702369527 -57.0382859243883 -55.6952894719788 -54.7506412502077 -53.3601943761895 -52.4169369856805 -52.2081285595375
-9999 -9999 -9999 -9999 -9999 -9999 -12.7567320921739 -3.52600069517544 -5.90041953359179 -6.15252414507751 -10.4619038275801 -13.8251977536683 -18.0144406138068 -13.6614462463672 -8.02470007428342 -7.18043045774599 -8.73054587882137 -13.0640825833822 -14.1104042030526 -12.0750654241186 -10.7904797129377 -9.90039577197125 -9.65854072887213 -8.84519478580952 -7.73522069307781 -7.6013212969026 -7.23661719529065 -7.44149284979884 -7.57016170978276 -7.50889808935167 -8.42437715001092 -8.49601496772438 -9.39111147485189 -10.1169608581048 -11.054470401056 -13.334469518058 -15.26485086607 -18.8991378892564 -21.8087974310333 -23.9186889326379 -27.5967905180081 -29.4501374406565 -32.5042359857683 -34.3960214065744 -34.7187942980103 -37.2641959302762 -39.9860798247371 -43.6372679933898 -46.101247701952 -47.6798032380104 -50.0687330784953 -48.7732739636779 -49.4183934833104 -49.1718776242012 -49.1471105215092 -51.1540174437294
-9999 -9999 -9999 -9999 -9999 -9999 -9999 -9999 -9.05348794397985 -9.75546147047241 -11.3974900095236 -18.5813340812165 -28.6135100813526 -22.8091533537456 -13.5815997833064 -6.63756006553771 -7.50696414532315 -12.1036888024485 -13.7223744179827 -11.3761143853001 -8.66898351891625 -8.55158385809954 -9.03898685811416 -8.50175645081285 -7.15016527137652 -6.32128641846631 -6.23567560632254 -6.31262751156554 -6.36591131529289 -6.4443172609936 -7.18152913532003 -7.69964132317724 -8.38869711061099 -9.19315315937471 -10.1011111082424 -11.7390627987188 -13.5623796634996 -15.7890621128955 -17.9907818304475 -20.1129875329842 -22.5681079422333 -24.3351967344487 -26.1448848239819 -27.5708935374762 -28.515731045689 -29.4913876178986 -32.3719946177873 -35.2302863176595 -37.6977984188099 -40.009076932419 -41.8560397845956 -42.0395164880166 -42.6689948806247 -43.4501428228806 -44.5819275526153 -46.631781968216
-9999 -9999 -9999 -9999 -9999 -9999 -9999 -9999 -19.8002675105829 -11.5541176747506 -9.59683571900382 -21.4519481562229 -40.8619302934443 -34.2989187051454 -19.525730065191 -7.96165940994461 -4.79134660933966 -10.1399057036247 -12.1388470719096 -9.00276791382178 -7.16373782816752 -7.38612503311825 -9.09970625304723 -8.81830271229903 -6.66816346124338 -5.90941428521724 -5.81068885903682 -6.25248662369164 -6.30616659391061 -5.8302322394153 -6.29500718942723 -6.73298931148635 -7.76320698986469 -8.43978300658295 -8.89485330972187 -10.4656812485774 -11.4171992332839 -13.2041705274752 -14.6420495594195 -15.9177772898887 -18.0740670419315 -18.8215620577354 -20.381449808309 -21.4625304106937 -21.8989703989327 -23.4507699395734 -24.8439239608259 -27.5568501374343 -29.7910809434411 -31.9236376363072 -34.0536681098021 -33.9573293231014 -34.9400123528084 -36.0950404145814 -37.7087629609019 -40.9955895512964
-9999 -9999 -9999 -9999 -9999 -9999 -9999 -9999 -9999 -8.84605907811016 -4.89675422715888 -18.8639612304748 -53.0866686341057 -49.1552756637459 -26.5960383614564 -8.59078342469834 -3.50178241385083 -7.07279152003159 -9.69384973651685 -8.26443262227794 -6.11838316716988 -7.09840207042127 -8.91371313297394 -8.85088920087684 -7.42688552231126 -6.15378295442488 -6.13526047770576 -6.47239815246263 -6.63204648095988 -6.37160771573534 -6.45172146358588 -6.99965928708975 -7.66596243845892 -8.04302783283983 -8.45205080219809 -9.59547506838273 -10.3666891213841 -11.2784021194702 -12.2298596289315 -13.14715428374 -14.2929906236274 -15.2486925127451 -15.8817811743039 -16.4565459285062 -17.35576110295 -18.4182770704795 -20.2369190380155 -22.2218714587977 -24.015066248667 -25.7802066599774 -27.2763528762775 -27.915936080018 -27.5969540911335 -28.8509078089734 -31.6497334880433 -34.7322901023707
-9999 -9999 -9999 -9999 -9999 -9999 -9999 -9999 -9999 -9999 -8.45751918647571 -22.8267083586802 -57.4180199868516 -55.9708970259234 -32.2124760993318 -8.78406769509134 -1.53300624313159 -4.05137532800293 -6.90532054901854 -6.14902812108137 -5.10441502086242 -6.28514994186904 -8.23872482763504 -8.71363778705291 -7.4740253846023 -6.64208798165286 -6.7084222649702 -7.09277472888563 -7.23998277832366 -6.87082694235197 -7.07224001157082 -7.583368366843 -8.45452600374809 -8.76128885709039 -8.59537736879253 -8.80547515954809 -9.1276510780724 -9.87389207733784 -10.3019420973261 -10.5535183094332 -11.1879094613834 -11.6240649460489 -12.3984201769382 -12.9169454374954 -13.1621552906611 -14.1581435424296 -16.0497144170758 -18.7498558248768 -20.9379877089714 -22.7983433545902 -24.6586503173205 -25.4180429509948 -26.0315563646252 -25.5821786963452 -26.04380423536 -28.8703604771416
-9999 -9999 -9999 -9999 -9999 -9999 -9999 -9999 -9999 -9999 -9999 -33.8450983787435 -53.4721819759605 -52.1443786471057 -32.6164620773113 -9.51747079861425 -0.837158178012695 -0.105473354678961 -4.47414751539137 -4.12982841770773 -4.48285767237812 -5.69127466459057 -7.222660464531 -7.93893326563046 -7.47072110300456 -7.39572234110071 -7.35425537231871 -7.38113742861497 -7.61567595478911 -7.51730095096416 -8.03304762291354 -8.46729905454658 -9.09981036332744 -9.57512997746546 -9.39907980753631 -9.72131642664096 -9.54263337531768 -9.65652774607617 -9.53926028498773 -9.19530308002077 -9.30918373889197 -9.32299467316631 -9.55814102550132 -10.2332241582084 -10.4151512260875 -11.3783369372211 -12.8418794453717 -14.9212948252566 -17.2252121487949 -19.6606687113456 -22.1148101383408 -23.5222377785647 -24.471177750527 -24.1303710548994 -22.8993583604638 -24.6959006710683
