meets/meet004/_saidas_enm/CCSM_Maxent_0k_Aralia_warmingiana3.asc
NCOLS 154 
NROWS 168 
XLLCORNER -112 
YLLCORNER -55.5 
CELLSIZE 0.5 
NODATA_value -9999 
[rows 100 to 124 of 168, columns 56 to 111 of 154]
-9999 -9999 -9999 -9999 -9999 -9999 -9999 -9999 -9999 -9999 -9999 -9999 -9999 -9999 -9999 -9999 -9999 -9999 -9999 -9999 -9999 -9999 -9999 -9999 -9999 -9999 -9999 -9999 0.315642803907394 0.301676094532013 0.166991487145424 0.103461787104607 0.0832540020346642 0.0707458853721619 0.076944537460804 0.0625049248337746 0.0466775670647621 0.0419234111905098 0.0722105875611305 0.152023747563362 0.225135177373886 0.392987251281738 0.484399884939194 0.240116462111473 0.180280178785324 0.188664138317108 0.245620578527451 0.250869899988174 0.2299614995718 0.24882136285305 0.27465894818306 0.282131403684616 0.307966679334641 0.369912266731262 0.459423214197159 0.55548882484436
-9999 -9999 -9999 -9999 -9999 -9999 -9999 -9999 -9999 -9999 -9999 -9999 -9999 -9999 -9999 -9999 -9999 -9999 -9999 -9999 -9999 -9999 -9999 -9999 -9999 -9999 -9999 -9999 0.305240005254745 0.306385040283203 0.167821750044823 0.101859360933304 0.077601283788681 0.070564441382885 0.0804517194628716 0.0615556985139847 0.0470793657004833 0.0425174608826637 0.0794477164745331 0.182767167687416 0.234446927905083 0.401032686233521 0.44615912437439 0.226400107145309 0.189812690019608 0.196693047881126 0.276029825210571 0.227434322237968 0.215708509087563 0.298172324895859 0.360776454210281 0.344967424869537 0.360109120607376 0.416498899459839 0.497080832719803 0.619126558303833
-9999 -9999 -9999 -9999 -9999 -9999 -9999 -9999 -9999 -9999 -9999 -9999 -9999 -9999 -9999 -9999 -9999 -9999 -9999 -9999 -9999 -9999 -9999 -9999 -9999 -9999 -9999 0.34574681520462 0.302925765514374 0.342863023281097 0.215044051408768 0.110924623906612 0.0812573432922363 0.0793414190411568 0.0853956788778305 0.063077487051487 0.04899026080966 0.0504566580057144 0.101465083658695 0.205229267477989 0.272777885198593 0.420997589826584 0.464521795511246 0.259757459163666 0.210223168134689 0.236467301845551 0.305314213037491 0.304361671209335 0.288305729627609 0.337111055850983 0.392582982778549 0.382092028856277 0.363318920135498 0.40711709856987 0.497324079275131 0.591160356998444
-9999 -9999 -9999 -9999 -9999 -9999 -9999 -9999 -9999 -9999 -9999 -9999 -9999 -9999 -9999 -9999 -9999 -9999 -9999 -9999 -9999 -9999 -9999 -9999 -9999 -9999 -9999 0.319737017154694 0.308315187692642 0.366221457719803 0.270981818437576 0.117491714656353 0.0841741040349007 0.0848141014575958 0.0806760489940643 0.0563228726387024 0.0509298890829086 0.0577971078455448 0.122311063110828 0.202555954456329 0.278419852256775 0.417027592658997 0.471152573823929 0.281050890684128 0.240208923816681 0.260411351919174 0.321067661046982 0.379871159791946 0.37388014793396 0.393290847539902 0.417217940092087 0.42450025677681 0.39618244767189 0.426439076662064 0.50637412071228 0.580585420131683
-9999 -9999 -9999 -9999 -9999 -9999 -9999 -9999 -9999 -9999 -9999 -9999 -9999 -9999 -9999 -9999 -9999 -9999 -9999 -9999 -9999 -9999 -9999 -9999 -9999 -9999 -9999 0.343090534210205 0.265674352645874 0.39233335852623 0.272989094257355 0.107184030115604 0.0857932418584824 0.083787590265274 0.0705647096037865 0.0494651198387146 0.0492047369480133 0.0631712898612022 0.0990495085716248 0.170576393604279 0.26931893825531 0.388208031654358 0.430928468704224 0.302109837532043 0.274737268686295 0.308907449245453 0.347189843654633 0.423323780298233 0.435128420591354 0.448639720678329 0.46652752161026 0.465528428554535 0.473329693078995 0.50379753112793 0.549225270748138 0.609915792942047
-9999 -9999 -9999 -9999 -9999 -9999 -9999 -9999 -9999 -9999 -9999 -9999 -9999 -9999 -9999 -9999 -9999 -9999 -9999 -9999 -9999 -9999 -9999 -9999 -9999 -9999 -9999 0.292306989431381 0.216995671391487 0.311328083276749 0.199162617325783 0.0884889215230942 0.083514079451561 0.0740819796919823 0.0582081004977226 0.0401779636740685 0.0422847494482994 0.0430627278983593 0.0724812969565392 0.147536784410477 0.258658915758133 0.36087030172348 0.388731837272644 0.331762135028839 0.318113029003143 0.343853801488876 0.403206497430801 0.465394675731659 0.473436444997787 0.480376213788986 0.503276467323303 0.511677205562592 0.526201605796814 0.571952402591705 0.609368622303009 0.646710872650146
-9999 -9999 -9999 -9999 -9999 -9999 -9999 -9999 -9999 -9999 -9999 -9999 -9999 -9999 -9999 -9999 -9999 -9999 -9999 -9999 -9999 -9999 -9999 -9999 -9999 -9999 -9999 0.252867758274078 0.188104644417763 0.221463233232498 0.130113556981087 0.0724575892090797 0.0732775926589966 0.063220702111721 0.0470047555863857 0.0279122143983841 0.0304561145603657 0.0346497409045696 0.064792811870575 0.150390431284904 0.27071350812912 0.342399626970291 0.379183232784271 0.393038809299469 0.398978143930435 0.454878985881805 0.481616646051407 0.493652015924454 0.492633193731308 0.496318876743317 0.494017273187637 0.540417611598969 0.56997686624527 0.611341238021851 0.641828238964081 0.65452766418457
-9999 -9999 -9999 -9999 -9999 -9999 -9999 -9999 -9999 -9999 -9999 -9999 -9999 -9999 -9999 -9999 -9999 -9999 -9999 -9999 -9999 -9999 -9999 -9999 -9999 -9999 -9999 0.2187709659338 0.16353078186512 0.160792410373688 0.0800885781645775 0.0560656562447548 0.0631707087159157 0.0561624765396118 0.0368833616375923 0.0185966454446316 0.021286690607667 0.033812589943409 0.0663556233048439 0.158285945653915 0.267761647701263 0.327134817838669 0.374187558889389 0.381542831659317 0.423176914453506 0.501197755336761 0.524673461914062 0.553157269954681 0.550632297992706 0.53842556476593 0.533275783061981 0.570701122283936 0.589840948581696 0.601222395896912 0.613685190677643 0.626826167106628
-9999 -9999 -9999 -9999 -9999 -9999 -9999 -9999 -9999 -9999 -9999 -9999 -9999 -9999 -9999 -9999 -9999 -9999 -9999 -9999 -9999 -9999 -9999 -9999 -9999 -9999 -9999 0.199707567691803 0.153048247098923 0.111994720995426 0.0371163971722126 0.0373663082718849 0.0540928468108177 0.0549809187650681 0.0309916827827692 0.0112717123702168 0.0179343465715647 0.0381974726915359 0.0805742666125298 0.17622983455658 0.258002251386642 0.301578253507614 0.366397321224213 0.377943873405457 0.378316015005112 0.380646824836731 0.463057190179825 0.522440969944 0.572783768177032 0.5612433552742 0.540205299854279 0.553621530532837 0.562300384044647 0.573593139648438 0.585181057453156 0.599659502506256
-9999 -9999 -9999 -9999 -9999 -9999 -9999 -9999 -9999 -9999 -9999 -9999 -9999 -9999 -9999 -9999 -9999 -9999 -9999 -9999 -9999 -9999 -9999 -9999 -9999 -9999 -9999 0.179516717791557 0.149151891469955 0.0890593379735947 0.0413847304880619 0.0420619882643223 0.055505283176899 0.0633154213428497 0.0334737077355385 0.0127512803301215 0.0210597272962332 0.0471728965640068 0.130483314394951 0.23498372733593 0.274693727493286 0.297881245613098 0.354737311601639 0.366724967956543 0.368946075439453 0.367427438497543 0.409106314182281 0.467366516590118 0.529138743877411 0.540230631828308 0.534912168979645 0.535263001918793 0.537245154380798 0.547105669975281 0.557628571987152 0.571304380893707
-9999 -9999 -9999 -9999 -9999 -9999 -9999 -9999 -9999 -9999 -9999 -9999 -9999 -9999 -9999 -9999 -9999 -9999 -9999 -9999 -9999 -9999 -9999 -9999 -9999 -9999 0.152377635240555 0.172384232282639 0.147543132305145 0.0769749209284782 0.0496178343892097 0.0595996491611004 0.0625220239162445 0.0782303139567375 0.0441813804209232 0.0144024295732379 0.0244415234774351 0.0537625141441822 0.149192646145821 0.303265362977982 0.302260994911194 0.301645278930664 0.331124514341354 0.347005695104599 0.340715229511261 0.358020186424255 0.405237197875977 0.458101809024811 0.508823394775391 0.516010224819183 0.515073716640472 0.516433894634247 0.515350520610809 0.524348855018616 0.532267034053802 0.544008553028107
-9999 -9999 -9999 -9999 -9999 -9999 -9999 -9999 -9999 -9999 -9999 -9999 -9999 -9999 -9999 -9999 -9999 -9999 -9999 -9999 -9999 -9999 -9999 -9999 -9999 -9999 0.127752885222435 0.138699427247047 0.143238916993141 0.0580946952104568 0.0662155523896217 0.0913972482085228 0.0817254558205605 0.0956458300352097 0.0680761411786079 0.0362744405865669 0.0418420396745205 0.0888403281569481 0.195679470896721 0.330243706703186 0.351679027080536 0.32851055264473 0.318118065595627 0.318502992391586 0.338466197252274 0.366768091917038 0.406752198934555 0.445478111505508 0.484589219093323 0.493920594453812 0.491128385066986 0.493888050317764 0.497100204229355 0.504302680492401 0.50729238986969 0.509580671787262
-9999 -9999 -9999 -9999 -9999 -9999 -9999 -9999 -9999 -9999 -9999 -9999 -9999 -9999 -9999 -9999 -9999 -9999 -9999 -9999 -9999 -9999 -9999 -9999 -9999 -9999 0.10539349168539 0.116040877997875 0.12813900411129 0.0596463307738304 0.0785428583621979 0.115311212837696 0.0939591452479362 0.13222824037075 0.0982794761657715 0.0538664162158966 0.0748508349061012 0.149138182401657 0.256472885608673 0.34725233912468 0.402771353721619 0.384705752134323 0.352683156728745 0.348756939172745 0.371553242206573 0.371824115514755 0.413010537624359 0.429883122444153 0.449270129203796 0.460530042648315 0.456896275281906 0.462402701377869 0.469261735677719 0.476708441972733 0.473881334066391 0.474308729171753
-9999 -9999 -9999 -9999 -9999 -9999 -9999 -9999 -9999 -9999 -9999 -9999 -9999 -9999 -9999 -9999 -9999 -9999 -9999 -9999 -9999 -9999 -9999 -9999 -9999 -9999 0.105849422514439 0.107458189129829 0.0665468499064445 0.0583403743803501 0.103131011128426 0.130736276507378 0.170070752501488 0.194524809718132 0.11732716858387 0.0780482590198517 0.109470702707767 0.207307428121567 0.303940773010254 0.355772584676743 0.391189843416214 0.41292342543602 0.417148351669312 0.424643248319626 0.431373983621597 0.435608327388763 0.437372922897339 0.420294195413589 0.413284242153168 0.429424792528152 0.4269839823246 0.42955756187439 0.434808015823364 0.441207945346832 0.440212607383728 0.437959790229797
-9999 -9999 -9999 -9999 -9999 -9999 -9999 -9999 -9999 -9999 -9999 -9999 -9999 -9999 -9999 -9999 -9999 -9999 -9999 -9999 -9999 -9999 -9999 -9999 -9999 0.15159909427166 0.118317551910877 0.0792706087231636 0.0297853089869022 0.0602844692766666 0.123056448996067 0.129402577877045 0.260204911231995 0.190415516495705 0.112727753818035 0.0715247765183449 0.133222296833992 0.252507865428925 0.336052745580673 0.346469044685364 0.34218817949295 0.380240857601166 0.397223383188248 0.401631414890289 0.387062311172485 0.369530469179153 0.407471686601639 0.407889604568481 0.373922318220139 0.38838928937912 0.395603448152542 0.398635566234589 0.39934515953064 0.40209686756134 0.396233171224594 0.391940802335739
-9999 -9999 -9999 -9999 -9999 -9999 -9999 -9999 -9999 -9999 -9999 -9999 -9999 -9999 -9999 -9999 -9999 -9999 -9999 -9999 -9999 -9999 -9999 -9999 -9999 0.131048932671547 0.151927933096886 0.0658091902732849 0.0336560867726803 0.0677236393094063 0.113062500953674 0.185594946146011 0.25120535492897 0.191059172153473 0.122007831931114 0.105858378112316 0.150295928120613 0.245881572365761 0.313586413860321 0.329993069171906 0.333971828222275 0.351376265287399 0.363947421312332 0.365889668464661 0.345928430557251 0.334837198257446 0.365739494562149 0.374955981969833 0.353595584630966 0.359285891056061 0.364509493112564 0.364922791719437 0.365042239427567 0.366948068141937 0.360036045312881 0.35109806060791
-9999 -9999 -9999 -9999 -9999 -9999 -9999 -9999 -9999 -9999 -9999 -9999 -9999 -9999 -9999 -9999 -9999 -9999 -9999 -9999 -9999 -9999 -9999 -9999 -9999 0.132194489240646 0.154015943408012 0.0366777628660202 0.0397750735282898 0.0779107809066772 0.106562413275242 0.236470684409142 0.235329434275627 0.185188293457031 0.136227071285248 0.120320297777653 0.158138930797577 0.232291057705879 0.281292796134949 0.294281601905823 0.315158605575562 0.329059571027756 0.344551056623459 0.349456071853638 0.32825955748558 0.306599706411362 0.342347204685211 0.34130322933197 0.318501353263855 0.332671880722046 0.335239470005035 0.335857421159744 0.333962172269821 0.334817141294479 0.325408488512039 0.315852135419846
-9999 -9999 -9999 -9999 -9999 -9999 -9999 -9999 -9999 -9999 -9999 -9999 -9999 -9999 -9999 -9999 -9999 -9999 -9999 -9999 -9999 -9999 -9999 -9999 -9999 0.118340395390987 0.125341400504112 0.0404083020985126 0.0386335253715515 0.068233884871006 0.135405659675598 0.217656463384628 0.224229991436005 0.194393023848534 0.15111269056797 0.134731486439705 0.155794024467468 0.200908705592155 0.233726605772972 0.245910882949829 0.258228123188019 0.293942123651505 0.315567225217819 0.319406270980835 0.317552834749222 0.315836131572723 0.315851598978043 0.305837839841843 0.298156052827835 0.305768877267838 0.307835340499878 0.307190328836441 0.306052356958389 0.306725442409515 0.295901834964752 0.28352302312851
-9999 -9999 -9999 -9999 -9999 -9999 -9999 -9999 -9999 -9999 -9999 -9999 -9999 -9999 -9999 -9999 -9999 -9999 -9999 -9999 -9999 -9999 -9999 -9999 -9999 0.0964602828025818 0.0998845249414444 0.0443528331816196 0.033222608268261 0.0637212842702866 0.1525027602911 0.198621854186058 0.213543877005577 0.196965575218201 0.154287874698639 0.133060351014137 0.14631949365139 0.173912420868874 0.195959433913231 0.20390160381794 0.214621648192406 0.264628350734711 0.27356693148613 0.232365056872368 0.225112482905388 0.211761474609375 0.242038175463676 0.256059318780899 0.268893778324127 0.277441740036011 0.284572124481201 0.285327047109604 0.282983750104904 0.28297820687294 0.270502507686615 0.258347272872925
-9999 -9999 -9999 -9999 -9999 -9999 -9999 -9999 -9999 -9999 -9999 -9999 -9999 -9999 -9999 -9999 -9999 -9999 -9999 -9999 -9999 -9999 -9999 -9999 -9999 0.0809879675507545 0.0808068513870239 0.0551165007054806 0.0293966885656118 0.0620423816144466 0.143508493900299 0.184768855571747 0.189808487892151 0.179709896445274 0.149590745568275 0.127688303589821 0.138045415282249 0.15872249007225 0.1748376339674 0.18358701467514 0.200269266963005 0.240513756871223 0.191408693790436 0.157026574015617 0.163234055042267 0.180757865309715 0.197621151804924 0.2147136926651 0.235160738229752 0.248318567872047 0.261749237775803 0.264959990978241 0.263139188289642 0.264834016561508 0.253874033689499 0.242114633321762
-9999 -9999 -9999 -9999 -9999 -9999 -9999 -9999 -9999 -9999 -9999 -9999 -9999 -9999 -9999 -9999 -9999 -9999 -9999 -9999 -9999 -9999 -9999 -9999 -9999 0.0717383250594139 0.0723380520939827 0.0507784932851791 0.0279369223862886 0.0573260821402073 0.122201159596443 0.169281631708145 0.181982040405273 0.176578909158707 0.151970490813255 0.131193608045578 0.141782715916634 0.157576903700829 0.169568195939064 0.175569206476212 0.189390689134598 0.215590760111809 0.143034785985947 0.120928533375263 0.137671187520027 0.158999606966972 0.177399903535843 0.191601768136024 0.209829270839691 0.220865666866302 0.237639397382736 0.251445919275284 0.249428421258926 0.251297682523727 0.240877971053123 0.229892283678055
-9999 -9999 -9999 -9999 -9999 -9999 -9999 -9999 -9999 -9999 -9999 -9999 -9999 -9999 -9999 -9999 -9999 -9999 -9999 -9999 -9999 -9999 -9999 -9999 -9999 0.0661452114582062 0.0660274624824524 0.0460382290184498 0.0229096598923206 0.0460137277841568 0.100615322589874 0.151616737246513 0.18106646835804 0.188441544771194 0.170156925916672 0.15869140625 0.158190876245499 0.169622868299484 0.175813511013985 0.172852799296379 0.185078233480453 0.190894946455956 0.127727776765823 0.112242139875889 0.123775482177734 0.146350845694542 0.16034172475338 0.17135152220726 0.187407627701759 0.199249967932701 0.216050133109093 0.238141402602196 0.240823477506638 0.243548974394798 0.232471212744713 0.220251023769379
-9999 -9999 -9999 -9999 -9999 -9999 -9999 -9999 -9999 -9999 -9999 -9999 -9999 -9999 -9999 -9999 -9999 -9999 -9999 -9999 -9999 -9999 -9999 -9999 -9999 0.0653931871056557 0.066404677927494 0.0453663803637028 0.0194982625544071 0.0371605530381203 0.0725393816828728 0.108563758432865 0.149180144071579 0.177843630313873 0.171188846230507 0.160483986139297 0.16047802567482 0.162235707044601 0.165942996740341 0.165223017334938 0.176207005977631 0.182433500885963 0.122094258666039 0.105244174599648 0.118301145732403 0.136632576584816 0.147570669651031 0.153859481215477 0.16730959713459 0.179786026477814 0.197560295462608 0.22360797226429 0.232316881418228 0.234496757388115 0.229369640350342 0.218612104654312
-9999 -9999 -9999 -9999 -9999 -9999 -9999 -9999 -9999 -9999 -9999 -9999 -9999 -9999 -9999 -9999 -9999 -9999 -9999 -9999 -9999 -9999 -9999 -9999 -9999 0.0638883411884308 0.059907078742981 0.0437088906764984 0.0203199535608292 0.0300203822553158 0.0477646365761757 0.0726388692855835 0.108922302722931 0.140638440847397 0.158929258584976 0.150809928774834 0.15153993666172 0.153616741299629 0.158813953399658 0.15918855369091 0.165205359458923 0.183365970849991 0.124576039612293 0.105100557208061 0.114535920321941 0.129815548658371 0.136361792683601 0.139105930924416 0.152611315250397 0.168023630976677 0.186202704906464 0.21450237929821 0.222725540399551 0.227588012814522 0.219453036785126 0.217965468764305
-9999 -9999 -9999 -9999 -9999 -9999 -9999 -9999 -9999 -9999 -9999 -9999 -9999 -9999 -9999 -9999 -9999 -9999 -9999 -9999 -9999 -9999 -9999 -9999 0.0434846468269825 0.0656864568591118 0.0563355796039104 0.0377473048865795 0.0237646475434303 0.0294898562133312 0.0467245392501354 0.0622383467853069 0.0848973020911217 0.109371423721313 0.135382264852524 0.146447524428368 0.147921293973923 0.151496335864067 0.159027293324471 0.163015335798264 0.166942551732063 0.183653339743614 0.136358678340912 0.112571388483047 0.116997964680195 0.127757400274277 0.130164220929146 0.133921876549721 0.151273936033249 0.177046269178391 0.203421205282211 0.220146283507347 0.217733755707741 0.219256341457367 0.187168583273888 0.169706717133522
