meets/meet004/_saidas_enm/CCSM_SVM_0k_Aralia_warmingiana2.asc
NCOLS 154 
NROWS 168 
XLLCORNER -112 
YLLCORNER -55.5 
CELLSIZE 0.5 
NODATA_value -9999 
[rows 48 to 71 of 168, columns 56 to 111 of 154]
-9999 -9999 -9999 -9999 -9999 -9999 -9999 -9999 -9999 -9999 -9999 -9999 -9999 0.107223200878197 0.107220851246821 0.106900512288797 0.0998305658985401 0.0617134939791603 -0.00556408625768084 0.0208605383132267 0.075619690983648 0.0598243999705909 0.0499935667174343 0.0631864184132193 0.0788537028917459 0.0888179548422833 0.0966757931095013 0.10122328420556 0.103885463369624 0.105633425085943 0.106235667406472 0.105260808861391 0.101260200187043 0.0884802380150936 0.0370842908694782 -0.0431022161008523 -0.0803474659557908 -0.0332069139724003 0.0379228567889526 0.0842221975249166 0.122559928045548 0.159298944369081 0.217769877146314 0.235706996730133 0.241761992037083 0.264398970632747 0.131133412096136 0.09504616320069 0.0630807578968609 0.0281855546592972 0.0018250583467444 -0.018122799439404 -0.0245835623141004 -0.0294450175873929 -0.0122220769770159 0.0122217656237579
-9999 -9999 -9999 -9999 -9999 -9999 -9999 -9999 -9999 -9999 -9999 -9999 -9999 0.107223199951211 0.107202415558532 0.104887966541648 0.09260744507771 0.0567266652414747 0.0158451968620623 0.0145737175179627 0.0180331875407535 0.0101591285626638 0.0135283412172979 0.0292596558642216 0.0549091987777744 0.0753195345765443 0.0895619108891656 0.098106481592139 0.101470665728136 0.102854832119491 0.103312615102229 0.101762227587409 0.0990153625533635 0.0880882954135889 0.0168988792424529 -0.111383900188147 -0.128843599309858 -0.0491720453504223 0.0631207557470018 0.11053437551601 0.137029769732261 0.173352014890872 0.177263294475909 0.142808844262679 0.118656701902452 0.0703545101962038 0.0328977348855322 0.0222875452504149 0.0128382249169163 0.000942480102660903 -0.0151233168635387 -0.0238270554584189 -0.0361668504371729 -0.033699684842643 -0.0104164456565832 0.0138923364153981
-9999 -9999 -9999 -9999 -9999 -9999 -9999 -9999 -9999 -9999 -9999 -9999 -9999 0.10721894361646 0.106457334186377 0.0971803616408933 0.076971699812141 0.0514133271646033 0.0366142853564064 0.031592268525117 0.0209482531367594 -0.00375784697772263 -0.0237574028487719 -0.00717477966732172 0.0386586528305456 0.0644581883326071 0.0727723921830432 0.0755316036528631 0.0769565266886639 0.0852472728246923 0.0922281243116229 0.0855950352344212 0.0770436543513087 0.0755163122010494 0.0186516491635459 -0.133160698139589 -0.130680296437262 -0.0269746369069187 0.07897422716659 0.120559922405492 0.13671090479074 0.148207873501702 0.119919116344831 0.0665174811545594 0.0409263533039121 0.0139565167901958 0.0140124240833789 -0.00976606683478343 -0.0244284203492878 -0.0369697596208048 -0.0436607599340445 -0.0452110080287813 -0.0518359669759246 -0.0309832348504429 -8.42115388621778e-06 0.0381848638438807
-9999 -9999 -9999 -9999 -9999 -9999 -9999 -9999 -9999 -9999 -9999 -9999 -9999 0.103530255381748 0.0951391106604885 0.0782868408770693 0.0582598089732894 0.0447900472539099 0.0393936481811709 0.0361059776024282 0.032305425125721 0.0322232813155816 0.026272282808867 0.0388886725141314 0.0520187854781193 0.0536803218778077 0.0527134178009736 0.0618881046812566 0.0793872354552525 0.0944501573605286 0.0993087095947013 0.0949619437365687 0.0826401751080309 0.0726825062015939 0.0597714109933999 -0.0723472021253165 -0.178381716149828 -0.098172493979348 -0.0275536754995195 0.0469274695392303 0.0896195256130053 0.0905140150958778 0.0670678245268015 0.0331467230228055 0.01688201269214 0.0103995200186613 0.00780281752186096 0.00154165416885571 -0.040344142316342 -0.076358651865331 -0.0833151089585907 -0.0746926276246803 -0.0674772698493142 -0.0329384392227712 0.00385365184192565 0.0673486000986481
-9999 -9999 -9999 -9999 -9999 -9999 -9999 -9999 -9999 -9999 -9999 0.104351471340493 0.0914639350622333 0.0778107784188006 0.0744634871790313 0.0655136634216147 0.0525312598660685 0.044784988731248 0.0399874542774795 0.0469885161484563 0.0495140558655353 0.0533929089017292 0.0551482794716389 0.0533032442786631 0.0499119296914607 0.0524651646899386 0.066706412584484 0.0850659266927973 0.0981744803651414 0.10422612639418 0.105523129735776 0.102281416464045 0.089778526801347 0.070265893299857 0.0655633090622891 -0.00895840294307126 -0.152087857348731 -0.169701434449305 -0.0829926696555894 -0.036773723430353 0.0423798330850541 0.0366768535060814 0.0256866453178023 0.0119212458881566 0.00170272391271514 0.00562668209306172 -0.00977255589070247 -0.0104287325404803 -0.0678693385795214 -0.0956409959436337 -0.0956360858467398 -0.0858632362893864 -0.0532372196239427 -0.0146624333362265 0.0291739767022102 0.134713383816207
-9999 -9999 -9999 -9999 -9999 -9999 -9999 -9999 -9999 -9999 0.10418617225305 0.0895073361038229 0.0688598248938504 0.0577476482708615 0.0579336747466834 0.0686644713730195 0.0664168198624063 0.05213278419024 0.0516912033119085 0.0575041874901254 0.0593109848354744 0.0569395331353784 0.0542840128390031 0.0549665797951992 0.061754686418469 0.0756992405993342 0.0916564808719034 0.101742320558171 0.105589847037419 0.106634902265462 0.106717682042291 0.104869036918831 0.0935340046901659 0.0681082030804477 0.0626517215945551 0.0228639693309457 -0.100622212754038 -0.171841088488947 -0.146609069922313 -0.101544401287683 -0.0414045224367346 -0.0270177803624234 -0.0211136240254731 -0.0275008667674153 -0.0509645886379443 -0.0548869155030279 -0.074929728733742 -0.0857733216838809 -0.0799375660727342 -0.0826125913897964 -0.0865727954975091 -0.0563463038443881 -0.0159019038594852 0.0136432520624832 0.0664556198713763 0.230244023132767
-9999 -9999 -9999 -9999 -9999 -9999 -9999 -9999 -9999 -9999 0.0839601176341848 0.0603509988450011 0.0561236206968495 0.0502222053003085 0.0597387218727033 0.0738031586160224 0.07708209910655 0.0693738602871474 0.0640968018848941 0.0639119629147681 0.0639448335932334 0.0638305103472608 0.0691975879416903 0.0768353418897984 0.0886355842178834 0.0982265339738913 0.104326812928514 0.106472820602664 0.106640719423203 0.106328697379491 0.106691699136645 0.105774319497084 0.0968012787215114 0.0691508488476239 0.0567850301231489 0.0431730827991003 -0.0282309272577604 -0.101501562753167 -0.126049035607855 -0.114105439022807 -0.0792301930940918 -0.0795720143430998 -0.0776812344226018 -0.0821292380389005 -0.0867625722410484 -0.0732282340207085 -0.0480808482287621 -0.0436041488983278 -0.0527361694395292 -0.0561989977426554 -0.0363601980654251 -0.0130296594392859 0.00562412204548751 0.0153377501134038 0.0594954592937144 0.24826517082919
-9999 -9999 -9999 -9999 -9999 -9999 -9999 -9999 0.0987378334748663 0.0709765028863074 0.0501092590441841 0.0399350181815591 0.0503617900153248 0.0591384953130964 0.0602390282781144 0.0684892220754735 0.0751596095222915 0.0792300293543357 0.0789441270194373 0.0779291942494371 0.0790546844559937 0.0838758164784609 0.0878846382050573 0.0947087345486902 0.102038542514153 0.102557744009027 0.102981077103389 0.102046312314042 0.102023821798114 0.102666469505819 0.10214034261866 0.100992005526519 0.0981455859026854 0.0730239878147105 0.0530538767576705 0.0554841723876249 0.0288835107498613 -0.0166735065315797 -0.0501741855758363 -0.0594607783125018 -0.0583378349496489 -0.0612757941858448 -0.0652497209930002 -0.0555847016642945 -0.0271589155576983 -0.0354305113289152 -0.0421946075572348 -0.0411269584884432 -0.0350957951380774 -0.0188914592646471 0.00277528242638719 0.0124500247353391 0.0172250413398354 0.0140863986468561 0.0104275170680233 0.161505490419474
-9999 -9999 -9999 -9999 -9999 -9999 -9999 -9999 0.076029665269507 0.0529337696737177 0.116004393323788 0.046587055619079 0.0567017293548162 0.0621208499745448 0.0607321553897235 0.0644437624316249 0.065640799452331 0.0778895608176963 0.0817857786339647 0.0821116632339359 0.0848468129924287 0.0863497477113562 0.088397835569187 0.0871414576372072 0.0874951398371875 0.0877527727313863 0.0874587489406854 0.0887264054362933 0.0881553928225809 0.0862483373419336 0.0845983953187125 0.0833591690598482 0.0826144943755889 0.0804780300544379 0.0542187853629482 0.0550951930047287 0.0579977213465916 0.045876669092474 0.0305150370270948 0.0268975585395324 0.0312736473157501 0.0379845805298845 0.0396648496101877 0.0228331042279888 0.00946697080548659 -0.000195028109653494 0.00869670885813578 0.0176885636030003 0.0287562648937418 0.0390581157308615 0.0437718720270377 0.0438236332876261 0.0411303221918229 0.0291174969439538 -0.00903246515839284 0.060715281155783
-9999 -9999 -9999 -9999 -9999 -9999 -9999 0.0925737479134813 0.0668896688336286 0.0877318571066381 0.341010128810063 0.148827328314584 0.0668953219773772 0.0647925790829242 0.0586961463919197 0.059803763965471 0.06040447558987 0.0692113251587455 0.0686130262485078 0.0665298051058721 0.0676177631536766 0.0670574323478265 0.0676019725966775 0.0667178964598378 0.067294027737421 0.0689611740770664 0.0678383024709154 0.0659449142879686 0.0657166378309015 0.0658815186944425 0.0664461985062239 0.0654362645501074 0.0646885908069598 0.0634417787611226 0.0610912898942435 0.0513996944948121 0.057755674250091 0.0656803354909985 0.0674109118148113 0.068845057982812 0.0669832203755741 0.06269162535239 0.0570296715814476 0.0494897829165148 0.0464793774517785 0.0472401924931692 0.0498688058113477 0.0504356345275243 0.0501882904898329 0.0493574527860479 0.0486947556096167 0.0485376597537018 0.0520568132375381 0.0530007041380839 0.0140322121875099 0.0169461068404475
-9999 -9999 -9999 -9999 -9999 -9999 -9999 0.0870421038598399 0.0625908160803724 0.174719174200034 0.503547374211979 0.236997145344486 0.0639186818979889 0.0626087493812537 0.058750510846 0.0555728058504659 0.0595927588876323 0.0634702823474331 0.0623280071825734 0.0575130530096563 0.053836835656444 0.0525316708101786 0.0525548858459101 0.0512247695804945 0.04997861351959 0.0502955917498794 0.0499204978190088 0.0507253473997386 0.0505347264853716 0.0498657328028815 0.0503711321482978 0.050794892835441 0.051737534002667 0.0526022137995411 0.0535291700084711 0.0566856541989635 0.050821620217618 0.0520151914047322 0.0540888846572344 0.054399933751005 0.0538546219782303 0.0522763145934571 0.0533104681036645 0.0553844493327583 0.058208349768976 0.0603740155531133 0.0637825076026379 0.0634221675228299 0.0619781155736837 0.057333380673549 0.053975581286961 0.0501111690312506 0.0514025901658391 0.0577563856248295 0.0417517809896027 0.00363792325877677
-9999 -9999 -9999 -9999 -9999 -9999 0.0952483202976596 0.0699225626991679 0.0720699960534045 0.267574450779671 0.638362570126542 0.214673295883979 0.0435074281633547 0.0726899996372096 0.0631085456830485 0.0562863619691301 0.059524594891215 0.0626942638989137 0.0615865207017838 0.0573689020086536 0.052718143197377 0.05060155277068 0.0495322393426216 0.0492443109854359 0.0487559017740638 0.0488266586203245 0.0484891122303656 0.0485582472317425 0.0487561312208092 0.0485350205428386 0.0488916750321449 0.0487733261007824 0.0488884109971606 0.0490574312613987 0.0489328647860339 0.0491851149373044 0.0502439493137076 0.0511991647081365 0.0532515410767712 0.0552569003828982 0.0572491044203962 0.0602080188333171 0.0613230703470781 0.0607021355300044 0.0604609470754974 0.0604176093138188 0.0609409921908898 0.061142371048367 0.0605947838997147 0.0583430415336508 0.0561058853900342 0.0516337780127328 0.0508723158391676 0.0530403931721375 0.0429813055820061 -0.00446304159213756
-9999 -9999 -9999 -9999 -9999 -9999 0.0645605096961896 0.0507465945456215 0.13397944897774 0.245233124149652 0.441485889496677 0.105253160167955 0.0397358655723465 0.0684535212572343 0.0595464516436193 0.0517789552956872 0.0546361815039215 0.0583508401945837 0.0568322695670179 0.0551438019753138 0.0534561253673098 0.0518287283775494 0.0506790934408202 0.0504498939154331 0.0512318283569198 0.0521464131008124 0.051459578007354 0.0505619971626584 0.0505112472989578 0.0509000613472479 0.0513110311920864 0.0514213368384834 0.0511964952447048 0.0511065886792633 0.0508229008777562 0.0500308890309155 0.0500846310737914 0.0506642881195559 0.0522573296310807 0.0543922495058663 0.0568573718254227 0.0580530773419238 0.0579615286218214 0.0579583148741354 0.0591795932189921 0.0618106747850641 0.0627805973405622 0.0633351067118191 0.062610887403061 0.0597935620790329 0.0559693129287857 0.0488297092948587 0.0422596291469683 0.0375421499318304 0.0359964954610769 0.00211555937480634
-9999 -9999 -9999 -9999 -9999 -9999 0.0367176130310841 0.0372715193655667 0.242386285776044 0.28310510706517 0.297051689160684 0.0467895124137779 0.0265007311619809 0.0569530780246591 0.0482126037785862 0.0435757034602241 0.0440983879287687 0.0451271073947263 0.0411580448569214 0.0419082941408808 0.0442745578129306 0.0414560906890815 0.0384865737138024 0.0372211275128911 0.0408125031424902 0.0432070749762329 0.0426215299916287 0.0410265525635467 0.0405518532927377 0.0428616038287007 0.0445133029302722 0.0462012117920591 0.0477456870976547 0.0491480585560493 0.0504841062179524 0.0516999731212012 0.0516292733010685 0.0521667587718023 0.0525659007944185 0.05298612617971 0.0518615677155683 0.0503057829998329 0.0486137849772471 0.0493023941950522 0.0520453340328035 0.0540014755178158 0.0549635196791619 0.0533791517283472 0.0510232157305326 0.0474830883629251 0.0401935607312666 0.0306135046022452 0.0160640730742936 0.00561688691716733 0.00753118993867791 0.00504097736130543
-9999 -9999 -9999 -9999 -9999 -9999 -9999 0.0275581463572379 0.304551323981142 0.3725620644375 0.262114354972233 0.0543800251225264 0.00489872409225162 0.0338361643095318 0.0266765458784907 0.0242005110297761 0.0237336465237746 0.0191968520974511 0.0119618094884864 0.00969630887153167 0.0109360171199772 0.00646383086111585 0.00301587553598004 0.00175175517622567 0.00469743289046648 0.00975009178341457 0.00880941117983663 0.00913901007094142 0.0102765255746073 0.0131280958494278 0.0181810604214828 0.0211343511083401 0.0262190025289237 0.029266909260198 0.0317667880418622 0.035211632821335 0.0357643407899449 0.0366952652873525 0.0332236026634495 0.0274893030090028 0.0237329454555016 0.0207190359705151 0.022654315337175 0.0257328139890761 0.0278891167157814 0.0314760708377975 0.0297103974551726 0.027446151004294 0.0226670103602639 0.0150503128484586 0.00510537127615368 -0.00999022760305379 -0.0232038795490122 -0.032479392986036 -0.0335145714878691 -0.0279147918609632
-9999 -9999 -9999 -9999 -9999 -9999 -9999 -9999 0.329227386519865 0.362790660985187 0.336262799619271 0.0551650621750046 -0.0127591105023988 0.0133336606123626 0.00206691434585737 -0.000645910819873696 -0.00607516261708768 -0.0150956440135149 -0.0250363318592345 -0.0286506839234896 -0.0306416941051602 -0.0343728935121915 -0.0380843485295003 -0.0377841901013212 -0.0343652135697251 -0.0307497208596449 -0.0305419723064324 -0.0287510902258766 -0.0234056903717816 -0.015417234757534 -0.0112946218629576 -0.00891628471759764 -0.00616181128777737 -0.00272793980323205 0.000161795188020286 0.00109285323658637 0.00320510957760239 0.00218583421965246 0.000102607194445714 -0.00328052589224426 -0.00480126767797012 -0.00162654531231954 0.00312548046382155 0.013277421714265 0.0222224664699318 0.0303147003283079 0.0295331281521751 0.0261997323445023 0.020598665684881 0.012712889811385 0.000579922182788573 -0.0167310491013806 -0.0333027467617725 -0.0465292152302572 -0.0509996662453023 -0.0484119060898465
-9999 -9999 -9999 -9999 -9999 -9999 0.038069423638301 0.169976489920632 0.378140727352656 0.264998034881755 0.215172394885615 0.0188721050561482 -0.0333738972134336 -0.0125165158743762 -0.031197846212799 -0.0444726058466848 -0.0474998323108881 -0.0487844281493992 -0.0585328611561703 -0.0707634408992762 -0.0758634052142647 -0.0779171139803395 -0.0734098652248414 -0.0687298334167864 -0.0664370098319482 -0.0604244959724585 -0.0542513301204072 -0.0434987212396239 -0.0307009017945383 -0.0191187610731659 -0.0127659397493362 -0.01819448373535 -0.0216555327665783 -0.0217833270571141 -0.0224145640936542 -0.0211696197035504 -0.0208851987422316 -0.0202676638658755 -0.0209357990154085 -0.018412294008387 -0.0108644653327032 -0.00183050104511379 0.00753687067667702 0.0162396557407095 0.0222990667531867 0.0253205776937848 0.0229819019404606 0.018126729829639 0.0117727306602754 0.00436785727416117 -0.00453377488368412 -0.0179203289406693 -0.0301491861038996 -0.0402249395823112 -0.0447221784791442 -0.0440390713944196
-9999 -9999 -9999 -9999 -9999 0.050142715060262 0.161909463527011 0.247308034752121 0.238538181237809 0.20808215279907 0.194046169211743 -0.00482811450132786 -0.0518624088713753 -0.0407284985513638 -0.0583845275250278 -0.0794138095584408 -0.0834493926290975 -0.0863216043228293 -0.0908601507677458 -0.104296616547274 -0.108970330731929 -0.106763333139412 -0.0972300904314272 -0.0833437911763633 -0.070175860683742 -0.0461523212190084 -0.0302911130584615 -0.00412822939444152 0.01851704031683 0.024474976762772 0.0359774460987664 0.0348973231829985 0.0283036514397949 0.0224543876980433 0.00916210051498767 0.0030539803412214 -0.00160345927988509 -0.00656368928332662 -0.013157019596422 -0.0124035248767094 -0.000318167062524966 0.00532109472894504 0.0106974705505491 0.0141573344603007 0.0154380213956408 0.0157606164246513 0.0116715553378994 0.00634139301989023 0.000987022590582975 -0.00345723546405746 -0.00910239113782385 -0.0172065869459529 -0.0223030098070911 -0.0244249040861438 -0.0213005376325042 -0.018744333446492
-9999 -9999 -9999 -9999 -9999 0.138904862287863 0.24194968381676 0.271753069503025 0.191261325767595 0.15428614075923 0.0931097043717894 -0.0157645608424227 -0.0628271117264811 -0.0659393616077167 -0.076105769272494 -0.0872362305620428 -0.0990193174766121 -0.109237135112941 -0.11668583784184 -0.125541162931173 -0.125131488286689 -0.117439475278176 -0.102148343184822 -0.0763870015356312 -0.0427233433214038 -0.00682162383965507 0.0259099898490778 0.0565805301512259 0.0874565984989905 0.108987914105471 0.121312824577956 0.118866232762404 0.106126609543008 0.0956255194954745 0.0774905568668901 0.0588700372697638 0.0467193056615303 0.0309219108843725 0.0158891969993866 0.00602196021812146 0.0100290043041059 0.0122268660863363 0.0100909957581952 0.00806372789652388 0.00583079746670856 0.0023033208966009 -0.00230856315846428 -0.00659897187088032 -0.0108135184082541 -0.0133949597798104 -0.0145975037939211 -0.0168870522133401 -0.0157660140614131 -0.0105255951072901 -0.00217771420366397 0.004668058693586
-9999 -9999 -9999 -9999 -9999 -9999 0.402311521877954 0.346691276440712 0.216995623427039 0.0935332122595188 0.0918842589041825 0.0179783921752595 -0.0333344850870044 -0.0364838821599427 -0.0529266116945176 -0.0529304207437404 -0.0896090226654291 -0.103487237761623 -0.110875884409547 -0.108177761733314 -0.0948191336065231 -0.0876447289654987 -0.0723903882831679 -0.035611586754363 0.0125355581679889 0.0527233549160984 0.0969850696643226 0.126463749832625 0.164283210149228 0.198034215043186 0.215697310837135 0.221467058433614 0.204385335109647 0.195409399205529 0.175420929831424 0.147244350103639 0.128744182212059 0.096415168010129 0.0678369114020627 0.042291994420812 0.0274199276921162 0.0245622966439273 0.0136914271436231 0.00529074579824956 -0.000122263985225246 -0.00819389511285973 -0.0134767790577689 -0.0185558394344509 -0.0228765425968918 -0.0244530578972411 -0.0207387529556966 -0.0197291464063051 -0.0133312549362911 -0.00440801628695309 0.00655932917869839 0.0125484111754148
-9999 -9999 -9999 -9999 -9999 -9999 0.348317991112722 0.480166030051486 0.205955774068766 0.120341927044457 0.114639582987879 0.0611230322481828 -0.010569307985317 -0.0357823002622557 -0.0487881259597218 -0.0617469710774537 -0.0705478290678693 -0.0649174376971576 -0.0711619925900719 -0.0672264806302649 -0.0281873882111636 -0.0198380435167401 -0.0124177060809064 0.0135174254676187 0.0624501215807901 0.119063233708339 0.146241966092227 0.166433623369129 0.196605194831964 0.23448651670624 0.269905006412746 0.273006491989853 0.263569414753523 0.258262540737783 0.244465540665931 0.224660258596897 0.19409451319848 0.155428301808214 0.119265508717171 0.0850709866391361 0.0553416100295143 0.0423045824063246 0.0264669520819096 0.012932619279073 0.00332426854169288 -0.00691657375187671 -0.0163539214389207 -0.0251971436446992 -0.0330376917746056 -0.0402453273169714 -0.0417302911460862 -0.0322006612630141 -0.01918577980025 -0.0101371495655554 -0.00623599388431761 -0.00445218895810434
-9999 -9999 -9999 -9999 -9999 -9999 0.0730478588781848 0.507539214253027 0.359153258296447 0.141326448975903 0.177187912280084 0.0939648320318957 0.0199862147923385 0.000690453415674808 -0.0259641797034004 -0.0429355648402134 -0.0588174176108666 -0.0364980927338175 -0.0357625051114837 -0.0330310656844116 0.0345475894756849 0.0543956657730664 0.0538888543500027 0.0714267170632474 0.118039034822319 0.17087417049644 0.190664888715388 0.18581817843639 0.205709216069408 0.252262471385807 0.288697198165163 0.302474510774379 0.282170603901884 0.285625458094463 0.292132792213367 0.274385451369675 0.25727884107999 0.204440879486601 0.168969357032043 0.144221888371129 0.1002240534488 0.0824639229064159 0.0557745908528379 0.0360693309018654 0.0264910678689024 0.00817453306470994 -0.00424867466969531 -0.0219984256395813 -0.0348928322892859 -0.0472650025208449 -0.0546002100667315 -0.0387263898045491 -0.0243303416569102 -0.0179256286816573 -0.0185192768041842 -0.0228221035216774
-9999 -9999 -9999 -9999 -9999 -9999 -9999 -9999 0.277659298646168 0.231523218149478 0.28018246690584 0.140534095666773 0.0166812253153483 0.0253347284750427 0.00965925227565778 -0.014038807582309 -0.041660849424316 -0.0404988265941864 -0.0392406652192863 -0.0102197750153824 0.0883726003694162 0.105880727542644 0.0939707874366576 0.10609190722926 0.140682431109773 0.19044936577879 0.19570001631736 0.186205878280725 0.191930952062696 0.219685087169287 0.252255213969083 0.251595032754319 0.236571150820173 0.240119688870437 0.255455317916995 0.265053878530365 0.245419770380318 0.21695109011754 0.192540522542068 0.166730444952066 0.142976670857894 0.113102874242219 0.0880378604362129 0.0678964018691799 0.0521578543160878 0.0355803515418414 0.0145993135839998 -0.00529466242070764 -0.0235003077562876 -0.0394973142278607 -0.0430996778968691 -0.0363729302003849 -0.026490775064232 -0.0245770553082418 -0.0303972310409555 -0.0353963761331929
-9999 -9999 -9999 -9999 -9999 -9999 -9999 -9999 0.0608864721286403 0.379008229728955 0.36060399493388 0.152874827233052 0.00766605304318668 0.0357989703898607 0.0307935335573323 0.0125908232912437 -0.0315959447238143 -0.0362137292542374 -0.0322905231639958 0.0168409271326254 0.131283157727279 0.148272290618157 0.145567256250612 0.15180197022225 0.165324976916242 0.201600767512525 0.202926463955656 0.186642077865207 0.183343639943692 0.199334110607145 0.208813061560211 0.203482240729321 0.175255280251103 0.176652862232572 0.203820616054786 0.216621923369014 0.21741159801771 0.196338838852478 0.187280245040424 0.181908191816748 0.163587817833644 0.148221208143179 0.122185118255242 0.103300990949204 0.0945947911347927 0.0726216526778982 0.0466893706485714 0.0153403566230837 -0.0120083507475655 -0.0349898946421009 -0.0454170394300681 -0.0450587682145197 -0.0408404111584253 -0.0374722374493719 -0.0372914960539236 -0.0351885117575363
