meets/meet004/_saidas_enm/CCSM_Gower_6k_Cavanillesia_umbellata4.asc
NCOLS 154 
NROWS 168 
XLLCORNER -112 
YLLCORNER -55.5 
CELLSIZE 0.5 
NODATA_value -9999 
[rows 78 to 103 of 168, columns 58 to 115 of 154]
-9999 -9999 -9999 -9999 -9999 -9999 -9999 -9999 -9999 -9999 0.583307283335777 0.464975834574119 0.379598652143194 0.319084619812661 0.29318821728655 0.341728891624343 0.427607172874033 0.550155767564117 0.69305309824288 0.65099190517574 0.605944973878651 0.568124180302242 0.553474274132103 0.540559764609237 0.544167609225729 0.548730035159863 0.550269284961044 0.548292225340575 0.544037976278088 0.548750781460891 0.549783695781811 0.551260203739275 0.554207561572104 0.553588064449868 0.551417749891937 0.547608100347255 0.553120581133351 0.564121653025571 0.579357226286576 0.604160248523333 0.629956493297368 0.636825088029548 0.624358102146255 0.607932784374674 0.598439545120334 0.588448632602882 0.583167713372887 0.586385636639059 0.590917987970419 0.583558345490546 0.575825956459422 0.574134453851807 0.574984347661452 0.575757450541985 0.583230654730244 0.588873456370381 0.582727247528285 0.561788888643826
-9999 -9999 -9999 -9999 -9999 -9999 -9999 -9999 -9999 -9999 -9999 0.573836402655968 0.416729628553274 0.261326846010597 0.160746205027521 0.124101046619985 0.165539395423691 0.279045848749845 0.455401566481393 0.661503717952537 0.625232145419256 0.572038593211668 0.551919558906519 0.542709961541928 0.549190351572387 0.551007601807355 0.551204754534707 0.551364312449893 0.544805715151313 0.545361967489201 0.542124915852915 0.539997099778303 0.539172905819249 0.532432369747404 0.532306886059969 0.52904707636013 0.532826172261478 0.539107775007534 0.552371451063474 0.581410425299431 0.608397059885967 0.619768402074225 0.61803510343756 0.605686841678056 0.586597089922122 0.566341381500498 0.556235166725988 0.559383700811218 0.563701823333842 0.560150308068022 0.552607581689729 0.549742706120385 0.549516885777065 0.550818999070729 0.557054582749048 0.561166876818435 0.557895625219241 0.542328858278786
-9999 -9999 -9999 -9999 -9999 -9999 -9999 -9999 -9999 -9999 -9999 0.602086921493903 0.462429263645606 0.18586621330805 0.073064863423463 0 0 0.022761498553607 0.122239553737902 0.428837274489872 0.595449837537391 0.606118949771636 0.595649365586895 0.558296468902149 0.568913294152284 0.562714047934554 0.554736655115918 0.559732615873975 0.552354225346862 0.553634837928551 0.548944036398354 0.542931506889884 0.530391436666798 0.514141173408812 0.523020213043677 0.520629359019052 0.521187874589779 0.51438887166958 0.514602747172914 0.542145033478155 0.584490842103166 0.598553943331216 0.606093465021687 0.609749110819929 0.576014038590146 0.542731462253903 0.528176989068497 0.530363271991462 0.536206436242442 0.533332382006582 0.53001071060913 0.529299049616262 0.529938412893423 0.527410004606219 0.533676519133345 0.534637512944032 0.533032503655347 0.521376477326405
-9999 -9999 -9999 -9999 -9999 -9999 -9999 -9999 -9999 -9999 -9999 -9999 0.570415291309456 0.352830122390082 0.129708927375843 0 0 0 0.0109241317618085 0.221209832634488 0.300691653338857 0.286283432476879 0.367056078609175 0.472056323654937 0.579297804250395 0.582349599384147 0.55891910940333 0.5748112280145 0.578808066035066 0.585267778347309 0.571144924862722 0.560376882822289 0.54971278115284 0.536651412965721 0.540838645189127 0.535722355885103 0.530856028074686 0.52332411491996 0.513301639760512 0.527740185130472 0.543902559513191 0.559535840352096 0.583417747605843 0.582034397969803 0.55993190609901 0.527266792261541 0.51122361480837 0.510610278708863 0.510344097379905 0.511402535937849 0.50850044276181 0.511625338637383 0.521968564184252 0.522617734803718 0.519534960205992 0.508076086604402 0.50717242802565 0.509623509190837
-9999 -9999 -9999 -9999 -9999 -9999 -9999 -9999 -9999 -9999 -9999 -9999 0.59120897185816 0.548623946372179 0.266316939353198 0 0 0 0 0 0.0285803534919483 0 0.0742037716639821 0.136815262720999 0.266225055558031 0.452835311313562 0.586352205567477 0.638647558871396 0.626511466357961 0.610942250179764 0.603132476874278 0.594517816710821 0.577886451228826 0.563362715613389 0.578502138887523 0.573950947026038 0.549663995911633 0.535267571819519 0.505769978076101 0.509838390575433 0.509002503246708 0.530923296384083 0.557169253212916 0.562312575575857 0.546676025622851 0.51794654795813 0.504689787335867 0.505648392178556 0.495220924075994 0.503620158348883 0.498909239193446 0.501743686854615 0.517385266213932 0.528284618363531 0.513398581567138 0.491109510152711 0.495357472457311 0.515651001183079
-9999 -9999 -9999 -9999 -9999 -9999 -9999 -9999 -9999 -9999 -9999 -9999 -9999 0.643814127171084 0.403875341321618 0.092135744524909 0 0 0 0 0 0 0 0 0 0.00928424775109582 0.14975281436886 0.409707397494497 0.626855991901455 0.645293000716041 0.621359714543783 0.603674679087638 0.602242209609393 0.608352546522723 0.595693700219171 0.576809894338564 0.569834178447648 0.576268895441838 0.575526706783976 0.540385369945437 0.500423970638866 0.493393615028406 0.524369477021497 0.543906080097608 0.53811308417457 0.525011857942444 0.521977491380452 0.527037954274435 0.52818239568028 0.524669355372732 0.514566912652955 0.513612582805629 0.519997665586513 0.516655122152875 0.51603046988917 0.510006121275872 0.524447432819303 0.554028263237152
-9999 -9999 -9999 -9999 -9999 -9999 -9999 -9999 -9999 -9999 -9999 -9999 -9999 0.526449675061645 0.519858985458604 0.210980424087104 0 0 0 0 0 0 0 0 0 0 0 0.208103417495293 0.467078386957057 0.658262076554381 0.619415715995868 0.593827941152517 0.594671255168618 0.631543580649972 0.60768190116962 0.588699822352329 0.598204292561916 0.629331620737354 0.646144584156814 0.582254383578323 0.502969604642682 0.47137449699767 0.502880584150995 0.532965864021739 0.534562071849382 0.537471709134885 0.542079399725809 0.552773677833118 0.564477609257163 0.558032550806031 0.543725272940763 0.542120263652078 0.541044222172049 0.529613010305165 0.543721626621188 0.547836058188257 0.568211063296247 0.600669876940664
-9999 -9999 -9999 -9999 -9999 -9999 -9999 -9999 -9999 -9999 -9999 -9999 -9999 0.447943432895575 0.608933067234287 0.394950481624543 0.16795568091642 0 0 0 0 0 0 0 0 0 0 0.17509926325197 0.37305639698813 0.545336596288121 0.610874064315456 0.554700694860801 0.557962139117691 0.582707462425776 0.574163760534898 0.593327473659329 0.610835327495533 0.653733289076636 0.673468619167405 0.594535622263945 0.496824676013101 0.460189223099346 0.465085098671834 0.512854274069236 0.532153489167513 0.548049682221275 0.564184394869289 0.577384527909555 0.584259603717594 0.588131548278573 0.587977595449676 0.589493663220822 0.589304255155707 0.594910972883836 0.597250823117157 0.603571933417664 0.602146094835535 0.600614951800839
-9999 -9999 -9999 -9999 -9999 -9999 -9999 -9999 -9999 -9999 -9999 -9999 -9999 -9999 0.578077224715407 0.564933748406236 0.391576202544026 0.177230976263769 0 0 0 0 0 0 0 0 0 0 0.21433689463608 0.368955368603364 0.593423697693783 0.55628370049688 0.544239026795331 0.543442243100666 0.531837390980929 0.564457743102238 0.586115446332922 0.62703126693057 0.66012816880849 0.569382286290693 0.475356529443628 0.448688605425384 0.46431119877588 0.510350258402635 0.545352663087527 0.570643032717457 0.591573327925682 0.605785495976748 0.610053002304876 0.615822476401212 0.617570614466217 0.614057310813959 0.610356918732925 0.607859264363334 0.605936740695566 0.603870109984377 0.602507183591817 0.600922962269132
-9999 -9999 -9999 -9999 -9999 -9999 -9999 -9999 -9999 -9999 -9999 -9999 -9999 -9999 -9999 0.598203707010169 0.514143847478945 0.442183991750547 0.282735958438573 0.0631016450352588 0 0 0 0 0 0 0 0 0.0170500404848141 0.270306045062828 0.426442884936442 0.524043103181337 0.583376198890574 0.528686467927702 0.518272327751861 0.521769776899848 0.520028093494689 0.539865832273612 0.514135892532186 0.501305248359539 0.468883432052318 0.470138268926668 0.498098498896271 0.544804332064577 0.571179425135222 0.600116328401424 0.621448553187102 0.635106243740357 0.62925997327671 0.622829366099763 0.617476460089387 0.614129321671053 0.610669123191336 0.608059612720736 0.606040197127403 0.604508736153657 0.603332832731833 0.601726912068969
-9999 -9999 -9999 -9999 -9999 -9999 -9999 -9999 -9999 -9999 -9999 -9999 -9999 -9999 -9999 -9999 -9999 0.406923628143481 0.467615343135604 0.337244315635697 0.143685006601953 0 0 0 0 0 0 0 0 0.0649386752891667 0.289801133101738 0.346113664336196 0.490514880949342 0.572699415635463 0.554356431998881 0.507970091866419 0.492819005357487 0.495775667591989 0.458843856911416 0.488283235276796 0.493780879314278 0.503157201498046 0.547191791239943 0.568272170582914 0.581787455159115 0.605100465898118 0.624225789273227 0.638707532154943 0.631961576195888 0.625841277531987 0.619720090508974 0.615801423918793 0.612205666514312 0.609804983555049 0.608080292785725 0.60635834424071 0.605280853474981 0.603834625882361
-9999 -9999 -9999 -9999 -9999 -9999 -9999 -9999 -9999 -9999 -9999 -9999 -9999 -9999 -9999 -9999 -9999 -9999 -9999 0.521166378765088 0.412132062053876 0.23317538076987 0.0187166100551146 0 0 0 0 0 0 0 0.0609082805443615 0.222329171090601 0.324207407023811 0.42974106392023 0.574623311715523 0.561440727992015 0.501910663144108 0.521559044775459 0.542652752045151 0.545663228927171 0.538397371366244 0.570355350676524 0.575930446532046 0.581492780788624 0.590537259834483 0.589900800935553 0.603450639819197 0.630866338877189 0.635385457152476 0.629494930234846 0.615352487733743 0.611379455223333 0.614916372776591 0.612270182425855 0.610525244082161 0.609177771631452 0.608076760389365 0.606594540226027
-9999 -9999 -9999 -9999 -9999 -9999 -9999 -9999 -9999 -9999 -9999 -9999 -9999 -9999 -9999 -9999 -9999 -9999 -9999 -9999 -9999 0.472263510706152 0.294243291853731 0.0754886432473659 0 0 0 0 0 0 0 0.00802877468379448 0.212483108188885 0.295463850400189 0.423837054519757 0.577945379162426 0.612907701639511 0.612650525441769 0.617526421593777 0.610042355342675 0.613844120981226 0.607564104992078 0.601219421644772 0.596259183180252 0.597288880343747 0.59229379557526 0.601388527118878 0.621422646548938 0.630131613276375 0.617004730837267 0.598831217410662 0.597596169795355 0.605305589818819 0.613381693049358 0.615031695815921 0.612859241663422 0.61184171046211 0.61144692601097
-9999 -9999 -9999 -9999 -9999 -9999 -9999 -9999 -9999 -9999 -9999 -9999 -9999 -9999 -9999 -9999 -9999 -9999 -9999 -9999 -9999 -9999 -9999 0.51158302814667 0.232697157599434 0 0 0 0 0 0 0 0 0.0895843489673223 0.31774848094827 0.422564592318018 0.55453032906482 0.653863674356956 0.63364635464552 0.62620180976016 0.644574397272025 0.644262961677613 0.625566152033186 0.615183371868302 0.609643320791251 0.616680063955552 0.615195936031875 0.62162812065764 0.627960570285836 0.60706041306753 0.581870676246543 0.581033271782856 0.604270569174223 0.623109907569229 0.620022286900664 0.615492472529661 0.61741092724044 0.616006239787408
-9999 -9999 -9999 -9999 -9999 -9999 -9999 -9999 -9999 -9999 -9999 -9999 -9999 -9999 -9999 -9999 -9999 -9999 -9999 -9999 -9999 -9999 -9999 0.576461663819466 0.46995837281754 0.226863598493483 0.0159372737078346 0 0 0 0 0 0 0 0.0729273495165295 0.258211678785202 0.471910802098738 0.661139718543928 0.62354687969112 0.616390977006079 0.647627600207608 0.651399184212631 0.635872657718324 0.624046221802689 0.60757180704984 0.613000431837919 0.610487715506229 0.61154878722855 0.610526452326151 0.59017923676629 0.575834983412441 0.580761597594032 0.605390765516426 0.628582774350932 0.628279070524218 0.619514672682419 0.62422945845374 0.624072540515267
-9999 -9999 -9999 -9999 -9999 -9999 -9999 -9999 -9999 -9999 -9999 -9999 -9999 -9999 -9999 -9999 -9999 -9999 -9999 -9999 -9999 -9999 -9999 -9999 -9999 0.469761691908052 0.270313963113905 0.0371781171905663 0 0 0 0 0 0 0 0.0711965125213434 0.288312306442508 0.507527786299192 0.567418303126631 0.590290252597516 0.641107132874966 0.652512502529965 0.632375595128012 0.61831796389889 0.610884371480991 0.593443867006598 0.583554141156263 0.591682909752629 0.584555761970773 0.57920339711457 0.573482905694813 0.583966784200463 0.615720740032456 0.636323299797636 0.630545118801409 0.628098776085142 0.629219766325366 0.630579050964888
-9999 -9999 -9999 -9999 -9999 -9999 -9999 -9999 -9999 -9999 -9999 -9999 -9999 -9999 -9999 -9999 -9999 -9999 -9999 -9999 -9999 -9999 -9999 -9999 -9999 0.500562138145051 0.428564498013758 0.192070176197254 0 0 0 0 0 0 0 0 0.184549119954702 0.401157172062313 0.552260929859811 0.553152643598578 0.591526961787345 0.608277904521761 0.619272840330456 0.615372835007494 0.603228186268531 0.590447754067435 0.57845255247436 0.566000262017521 0.567157654144614 0.586786903249316 0.599216207033225 0.612098814117429 0.627189708816339 0.6364315962164 0.62979226967261 0.623233776287383 0.625057359002114 0.637185334843506
-9999 -9999 -9999 -9999 -9999 -9999 -9999 -9999 -9999 -9999 -9999 -9999 -9999 -9999 -9999 -9999 -9999 -9999 -9999 -9999 -9999 -9999 -9999 -9999 -9999 -9999 0.495576401305613 0.318732715212709 0.0825358597962066 0 0 0 0 0 0 0 0.127201083780555 0.329601011694742 0.540736673976192 0.517942398697924 0.524115240532526 0.540262400961157 0.58832506923422 0.630100814397528 0.608500244806872 0.596366558926704 0.587131535003642 0.561630336609903 0.558526312770517 0.592465517587608 0.633285551895121 0.648602156789196 0.643861242005134 0.637362345006414 0.621469456397294 0.607796639177168 0.610928318516458 0.636032989787993
-9999 -9999 -9999 -9999 -9999 -9999 -9999 -9999 -9999 -9999 -9999 -9999 -9999 -9999 -9999 -9999 -9999 -9999 -9999 -9999 -9999 -9999 -9999 -9999 -9999 -9999 0.446348969338047 0.389701881185339 0.14840509191855 0 0 0 0 0 0 0 0.118374811992555 0.306172968167853 0.497958681400853 0.480593775969408 0.484798108174269 0.498028841618878 0.515386328676015 0.553974322854477 0.594048060809263 0.609045731721336 0.610967168601936 0.577006261480964 0.56604892152357 0.591877814834146 0.639712288343761 0.654421657891314 0.653773659414476 0.634725538465359 0.604103955542334 0.585075862852974 0.589677693769893 0.625476868640714
-9999 -9999 -9999 -9999 -9999 -9999 -9999 -9999 -9999 -9999 -9999 -9999 -9999 -9999 -9999 -9999 -9999 -9999 -9999 -9999 -9999 -9999 -9999 -9999 -9999 -9999 0.41355307909929 0.433282425481842 0.191094711223495 0 0 0 0 0 0 0 0.119059553477722 0.294198467269158 0.448250921341254 0.459276763059551 0.461742932443669 0.463007702395481 0.463507751117854 0.450307194111106 0.539470646672802 0.605336737846534 0.625410934578776 0.592806930106242 0.546969114275567 0.59862756594218 0.644696369727245 0.657727443015281 0.652542634285084 0.634231088594473 0.597698222060706 0.558946519667719 0.562417564432579 0.614452649009866
-9999 -9999 -9999 -9999 -9999 -9999 -9999 -9999 -9999 -9999 -9999 -9999 -9999 -9999 -9999 -9999 -9999 -9999 -9999 -9999 -9999 -9999 -9999 -9999 -9999 -9999 0.415152277708167 0.421345273534393 0.154455421018671 0 0 0 0 0 0 0 0.146301305895563 0.321367097662501 0.429675186340673 0.431237822881196 0.441645802034306 0.443313553166709 0.423896272755303 0.423058876604685 0.471152322973925 0.533238709314058 0.575758563454001 0.595449680491117 0.60213460733183 0.621239632272464 0.642267483415234 0.644553494061832 0.637822549192517 0.625235703412481 0.59610163079279 0.571799811755764 0.572698550037228 0.603839593736197
-9999 -9999 -9999 -9999 -9999 -9999 -9999 -9999 -9999 -9999 -9999 -9999 -9999 -9999 -9999 -9999 -9999 -9999 -9999 -9999 -9999 -9999 -9999 -9999 -9999 -9999 0.418980051409245 0.391703030046558 0.107387627581669 0 0 0 0 0 0 0 0.179355265645631 0.3505121133704 0.400651865612289 0.412364221291903 0.435155604661543 0.440679275876679 0.407848820306768 0.388231495259382 0.429904150062936 0.485847996741485 0.532606890146362 0.595175785673928 0.642541560080792 0.632052040119179 0.628641814800997 0.626175569560131 0.621474126263401 0.620505129046227 0.599867257445255 0.579338059468521 0.576194453993649 0.592933361483461
-9999 -9999 -9999 -9999 -9999 -9999 -9999 -9999 -9999 -9999 -9999 -9999 -9999 -9999 -9999 -9999 -9999 -9999 -9999 -9999 -9999 -9999 -9999 -9999 -9999 -9999 0.407108689467092 0.354053618406831 0.0381600159769371 0 0 0 0 0 0 0.0297618401819865 0.218884681036895 0.390707670562599 0.413670232375457 0.41396747028838 0.431693864298357 0.432703517615093 0.408745563451845 0.402980857939301 0.453369599613276 0.527031290311075 0.569834932858595 0.582351330580617 0.579746250864656 0.600713124612452 0.611671114028305 0.612223343880279 0.609031007199143 0.604900552192963 0.590673729241652 0.571600229534207 0.563052024038588 0.567709631487139
-9999 -9999 -9999 -9999 -9999 -9999 -9999 -9999 -9999 -9999 -9999 -9999 -9999 -9999 -9999 -9999 -9999 -9999 -9999 -9999 -9999 -9999 -9999 -9999 -9999 -9999 0.39023339252206 0.322732231630268 0 0 0 0 0 0 0 0.0766623544910686 0.263400018397748 0.425719431719299 0.419160080833159 0.422395875117867 0.444694753874598 0.445739235830031 0.416778531210207 0.411348909893068 0.484439888709838 0.565954117214627 0.598725314116429 0.575221150607105 0.541997294667798 0.574032931544558 0.594415882906692 0.598856249098389 0.606393165681087 0.593769027476743 0.577831918540036 0.560199344779545 0.546132095330422 0.540804570961377
-9999 -9999 -9999 -9999 -9999 -9999 -9999 -9999 -9999 -9999 -9999 -9999 -9999 -9999 -9999 -9999 -9999 -9999 -9999 -9999 -9999 -9999 -9999 -9999 -9999 0.255872712201918 0.364652374158433 0.308717444937397 0 0 0 0 0 0 0 0.128812577086845 0.315501603800895 0.473614877214762 0.434240504183435 0.434931418875274 0.462274666425796 0.46047074411755 0.420938227434066 0.422857448881969 0.477933471501724 0.551605598217616 0.582698682786537 0.5711518496486 0.557647801223315 0.567910682004382 0.592108809023337 0.596106727742779 0.59161312154441 0.57903782053795 0.567430499436933 0.554245407854587 0.541070626555177 0.530155683246016
-9999 -9999 -9999 -9999 -9999 -9999 -9999 -9999 -9999 -9999 -9999 -9999 -9999 -9999 -9999 -9999 -9999 -9999 -9999 -9999 -9999 -9999 -9999 -9999 -9999 0.248679678122917 0.355933214096066 0.297800200411013 0 0 0 0 0 0 0.00144019706260268 0.179359649122356 0.361652004273973 0.457700924327464 0.425555725367294 0.431230404506888 0.461053652308881 0.45063448272673 0.406425372585875 0.401049817386569 0.441811018031591 0.509462190983444 0.547182864043743 0.548247589359574 0.543967941795221 0.560850024220904 0.579489044532042 0.583470178127491 0.569651108057964 0.56068254499078 0.555692493785137 0.551513308611827 0.542342437675823 0.528429716735575
