meets/meet004/_saidas_enm/CCSM_Maxent_21k_Cavanillesia_umbellata4.asc
NCOLS 154 
NROWS 168 
XLLCORNER -112 
YLLCORNER -55.5 
CELLSIZE 0.5 
NODATA_value -9999 
[rows 75 to 99 of 168, columns 56 to 111 of 154]
-9999 -9999 -9999 -9999 -9999 -9999 -9999 -9999 -9999 -9999 -9999 0.0606976449489594 0.0827272310853004 0.10314517468214 0.123186282813549 0.164024248719215 0.18080872297287 0.236215248703957 0.238526582717896 0.230018600821495 0.247080489993095 0.267206966876984 0.176660478115082 0.197665467858315 0.351199418306351 0.460098445415497 0.469999432563782 0.469287604093552 0.473786860704422 0.476288676261902 0.474407613277435 0.475116431713104 0.470163732767105 0.464394390583038 0.454670548439026 0.443511515855789 0.440881997346878 0.436207890510559 0.436727911233902 0.438857614994049 0.439136803150177 0.445384711027145 0.448788404464722 0.452031195163727 0.446109235286713 0.437941938638687 0.425281584262848 0.410659074783325 0.384616136550903 0.353088229894638 0.321488529443741 0.284745991230011 0.257607817649841 0.234490662813187 0.211484581232071 0.208412349224091
-9999 -9999 -9999 -9999 -9999 -9999 -9999 -9999 -9999 -9999 -9999 0.0714134052395821 0.0983306020498276 0.13114407658577 0.146690279245377 0.248372212052345 0.195188105106354 0.24588817358017 0.272094696760178 0.238914504647255 0.221000924706459 0.240178972482681 0.259853482246399 0.17422541975975 0.196634322404861 0.350610315799713 0.365687489509583 0.382962346076965 0.470614552497864 0.471217155456543 0.469422042369843 0.470608860254288 0.467258989810944 0.461483746767044 0.44729295372963 0.434980928897858 0.428584694862366 0.421732306480408 0.418909698724747 0.413383275270462 0.411791086196899 0.421260833740234 0.424066543579102 0.425646722316742 0.423706591129303 0.408110350370407 0.39500418305397 0.378028810024261 0.355391174554825 0.329629898071289 0.305011212825775 0.277595847845078 0.243896156549454 0.224150404334068 0.226533234119415 0.238360062241554
-9999 -9999 -9999 -9999 -9999 -9999 -9999 -9999 -9999 -9999 -9999 -9999 0.0905548557639122 0.122572340071201 0.214760646224022 0.229965284466743 0.254447132349014 0.230450704693794 0.244340568780899 0.242036879062653 0.243428274989128 0.242195561528206 0.24597530066967 0.256011813879013 0.170552432537079 0.191924855113029 0.206598445773125 0.346550762653351 0.364871352910995 0.381504118442535 0.470796823501587 0.475322008132935 0.471282631158829 0.46569237112999 0.452743977308273 0.437038004398346 0.425255119800568 0.414775401353836 0.408661991357803 0.402102500200272 0.398999959230423 0.40841069817543 0.413652658462524 0.410161197185516 0.396382302045822 0.377196758985519 0.360125839710236 0.342317074537277 0.323372095823288 0.304029226303101 0.283053427934647 0.258525669574738 0.239905267953873 0.241536825895309 0.246726542711258 0.257685542106628
-9999 -9999 -9999 -9999 -9999 -9999 -9999 -9999 -9999 -9999 -9999 -9999 0.0757252424955368 0.112003467977047 0.196259170770645 0.201983466744423 0.202829360961914 0.213318407535553 0.246969923377037 0.194336742162704 0.245420888066292 0.237119540572166 0.246315389871597 0.254623293876648 0.262627840042114 0.167886987328529 0.178509548306465 0.305546939373016 0.32284089922905 0.341380953788757 0.231949701905251 0.379869550466537 0.47545462846756 0.470053732395172 0.307267248630524 0.297473967075348 0.2812480032444 0.267818540334702 0.260490536689758 0.253138244152069 0.393324792385101 0.401630997657776 0.411754995584488 0.405449092388153 0.380396991968155 0.35282975435257 0.33072429895401 0.310043185949326 0.291718333959579 0.276511192321777 0.26425102353096 0.247097000479698 0.248486503958702 0.255230844020844 0.263141632080078 0.261771529912949
-9999 -9999 -9999 -9999 -9999 -9999 -9999 -9999 -9999 -9999 -9999 -9999 -9999 0.0749344527721405 0.185314759612083 0.171413764357567 0.165535897016525 0.161420866847038 0.186517387628555 0.139587670564651 0.148057878017426 0.18998895585537 0.253993451595306 0.267360687255859 0.276752114295959 0.166260719299316 0.275674670934677 0.272164553403854 0.16877107322216 0.179113835096359 0.19016632437706 0.205783680081367 0.220760628581047 0.240949034690857 0.32016995549202 0.302497237920761 0.291893690824509 0.275067567825317 0.262888699769974 0.250129252672195 0.24408233165741 0.389967083930969 0.398617386817932 0.391163408756256 0.368112623691559 0.337672114372253 0.307095557451248 0.169718638062477 0.1563750654459 0.150603830814362 0.151845425367355 0.155929431319237 0.157422974705696 0.159264042973518 0.164309203624725 0.15883107483387
-9999 -9999 -9999 -9999 -9999 -9999 -9999 -9999 -9999 -9999 -9999 -9999 -9999 0.140136167407036 0.183638229966164 0.132243871688843 0.141653999686241 0.125400245189667 0.132698133587837 0.168420389294624 0.201558500528336 0.154908269643784 0.261116623878479 0.324383348226547 0.311617910861969 0.28621718287468 0.285617858171463 0.263459980487823 0.258648693561554 0.163156449794769 0.165759414434433 0.185188874602318 0.198382243514061 0.220626726746559 0.239839121699333 0.314409136772156 0.314850658178329 0.293193966150284 0.274723201990128 0.251194924116135 0.23137429356575 0.235618203878403 0.383218377828598 0.374274104833603 0.352492451667786 0.327706724405289 0.291112959384918 0.154466807842255 0.142810299992561 0.146871387958527 0.151590391993523 0.155506268143654 0.160362228751183 0.165059551596642 0.162263736128807 0.131237596273422
-9999 -9999 -9999 -9999 -9999 -9999 -9999 -9999 -9999 -9999 -9999 -9999 -9999 -9999 0.156720608472824 0.14442577958107 0.131830528378487 0.120428323745728 0.121500715613365 0.148373022675514 0.187403976917267 0.250384449958801 0.260881751775742 0.386778265237808 0.391287863254547 0.432535320520401 0.354036808013916 0.294516652822495 0.270541220903397 0.267020672559738 0.275680363178253 0.292944699525833 0.313699543476105 0.347305089235306 0.386081755161285 0.422939479351044 0.522179782390594 0.504976451396942 0.474212795495987 0.281245738267899 0.243441522121429 0.233954399824142 0.226296037435532 0.216964274644852 0.336378455162048 0.312769651412964 0.176094859838486 0.158360660076141 0.15023709833622 0.152742505073547 0.154841154813766 0.160527020692825 0.162498205900192 0.161529660224915 0.139998108148575 0.116826802492142
-9999 -9999 -9999 -9999 -9999 -9999 -9999 -9999 -9999 -9999 -9999 -9999 -9999 -9999 0.130151033401489 0.112301662564278 0.0844178944826126 0.0902330502867699 0.130045965313911 0.134195148944855 0.162296384572983 0.210671305656433 0.257910519838333 0.278122216463089 0.313340812921524 0.371811777353287 0.397305101156235 0.325288772583008 0.317215621471405 0.291906833648682 0.278698354959488 0.301312237977982 0.317161858081818 0.354532271623611 0.406417906284332 0.463316023349762 0.588950574398041 0.584190011024475 0.547285676002502 0.483728677034378 0.26303705573082 0.247201457619667 0.219709604978561 0.20344614982605 0.198958143591881 0.192002236843109 0.18091981112957 0.166722327470779 0.160036444664001 0.163543909788132 0.159171983599663 0.165126904845238 0.162389829754829 0.145466595888138 0.122680731117725 0.112304523587227
-9999 -9999 -9999 -9999 -9999 -9999 -9999 -9999 -9999 -9999 -9999 -9999 -9999 -9999 -9999 0.0906569734215736 0.0781491100788116 0.077672652900219 0.0668680742383003 0.0843308940529823 0.132213816046715 0.159088850021362 0.184391841292381 0.218299195170403 0.261534720659256 0.301734238862991 0.336186796426773 0.27222016453743 0.279890149831772 0.280937552452087 0.296695113182068 0.297896265983582 0.29632768034935 0.337945163249969 0.406949371099472 0.39675435423851 0.431538105010986 0.520458221435547 0.594281435012817 0.566056072711945 0.521733164787292 0.44304233789444 0.228414863348007 0.196685016155243 0.192613393068314 0.193211600184441 0.187689140439034 0.181740716099739 0.179001167416573 0.184377431869507 0.186467602849007 0.186551228165627 0.168566808104515 0.142396211624146 0.121237061917782 0.103202626109123
-9999 -9999 -9999 -9999 -9999 -9999 -9999 -9999 -9999 -9999 -9999 -9999 -9999 -9999 -9999 0.238583356142044 0.0776697993278503 0.0826296880841255 0.0693032294511795 0.0716321915388107 0.121325045824051 0.148349091410637 0.157001838088036 0.176803112030029 0.226424396038055 0.264020323753357 0.306366711854935 0.222975462675095 0.365086585283279 0.265508443117142 0.301219046115875 0.259127616882324 0.26077476143837 0.302163124084473 0.379072546958923 0.385752141475677 0.414356261491776 0.424083769321442 0.521158635616302 0.509302914142609 0.489982724189758 0.518720686435699 0.243809938430786 0.190123721957207 0.187324196100235 0.194745764136314 0.192558258771896 0.194168880581856 0.197062134742737 0.208417505025864 0.217584028840065 0.217239335179329 0.181839540600777 0.155230954289436 0.129263907670975 0.10747404396534
-9999 -9999 -9999 -9999 -9999 -9999 -9999 -9999 -9999 -9999 -9999 -9999 -9999 -9999 -9999 0.489843845367432 0.0789867118000984 0.066253125667572 0.0546478182077408 0.0640164688229561 0.0852637887001038 0.147517591714859 0.156534031033516 0.173209086060524 0.181949615478516 0.208485707640648 0.239358305931091 0.281515032052994 0.297701269388199 0.29930379986763 0.270578593015671 0.207059428095818 0.232372388243675 0.268884122371674 0.333681404590607 0.412130951881409 0.456498831510544 0.398378193378448 0.422143638134003 0.442270487546921 0.517355620861053 0.557527542114258 0.25276705622673 0.191468551754951 0.179681986570358 0.187486201524734 0.197002053260803 0.206810146570206 0.217791303992271 0.232585370540619 0.377705216407776 0.39077490568161 0.354255884885788 0.319916635751724 0.283387839794159 0.254286080598831
-9999 -9999 -9999 -9999 -9999 -9999 -9999 -9999 -9999 -9999 -9999 -9999 -9999 -9999 -9999 -9999 0.402753531932831 0.0512159131467342 0.0484889000654221 0.0556278415024281 0.0238505993038416 0.0675426572561264 0.119520477950573 0.146624729037285 0.157454267144203 0.156582191586494 0.186482593417168 0.187736839056015 0.19738607108593 0.225324153900146 0.265606701374054 0.213460311293602 0.210299342870712 0.248753413558006 0.293047249317169 0.340827226638794 0.381505072116852 0.453548282384872 0.416351795196533 0.508919179439545 0.511438846588135 0.518305242061615 0.230613097548485 0.184515580534935 0.179584339261055 0.189896017313004 0.213187590241432 0.232544332742691 0.392430275678635 0.421345412731171 0.430361747741699 0.456532627344131 0.432432353496552 0.397298097610474 0.355620115995407 0.327792555093765
-9999 -9999 -9999 -9999 -9999 -9999 -9999 -9999 -9999 -9999 -9999 -9999 -9999 -9999 -9999 -9999 -9999 0.368856489658356 0.0766735598444939 0.0413650162518024 0.035621102899313 0.0488843955099583 0.0688414126634598 0.0846956595778465 0.102814175188541 0.0994989797472954 0.0960503295063972 0.0898618176579475 0.079072929918766 0.166229322552681 0.212755545973778 0.282167583703995 0.279957205057144 0.290946841239929 0.294047057628632 0.285937607288361 0.315095961093903 0.34420371055603 0.377220064401627 0.485884696245193 0.442452967166901 0.264232248067856 0.213694751262665 0.192028790712357 0.199363440275192 0.220480859279633 0.246206223964691 0.425717949867249 0.461682975292206 0.492846548557281 0.527356326580048 0.527553677558899 0.496370047330856 0.455738425254822 0.405351400375366 0.367695182561874
-9999 -9999 -9999 -9999 -9999 -9999 -9999 -9999 -9999 -9999 -9999 -9999 -9999 -9999 -9999 -9999 -9999 -9999 -9999 0.0809052512049675 0.0304758530110121 0.038116741925478 0.0476668067276478 0.0463454611599445 0.0503307692706585 0.0749172791838646 0.0768651515245438 0.0626045688986778 0.061051644384861 0.0909243449568748 0.177581503987312 0.244774833321571 0.313117355108261 0.3840371966362 0.30406853556633 0.289408206939697 0.299844741821289 0.174423843622208 0.177593797445297 0.183157786726952 0.211813792586327 0.22557707130909 0.216297328472137 0.210694655776024 0.22674760222435 0.242374762892723 0.264303714036942 0.45271036028862 0.494170069694519 0.533888876438141 0.577154636383057 0.572071611881256 0.551082730293274 0.501721978187561 0.439061135053635 0.397586703300476
-9999 -9999 -9999 -9999 -9999 -9999 -9999 -9999 -9999 -9999 -9999 -9999 -9999 -9999 -9999 -9999 -9999 -9999 -9999 -9999 -9999 0.0773154646158218 0.0354132056236267 0.0326125659048557 0.0349181666970253 0.0488146431744099 0.0596026293933392 0.0705098062753677 0.0722453147172928 0.0678829103708267 0.0888056233525276 0.164899304509163 0.284291952848434 0.328911811113358 0.372992962598801 0.408742725849152 0.31905061006546 0.279348999261856 0.160591408610344 0.166254550218582 0.187398597598076 0.258668303489685 0.251804113388062 0.257482916116714 0.249780744314194 0.255745857954025 0.271036863327026 0.431833207607269 0.468900322914124 0.535133361816406 0.574957013130188 0.574581742286682 0.559662878513336 0.52916818857193 0.462359249591827 0.402408927679062
-9999 -9999 -9999 -9999 -9999 -9999 -9999 -9999 -9999 -9999 -9999 -9999 -9999 -9999 -9999 -9999 -9999 -9999 -9999 -9999 -9999 -9999 -9999 0.0860052034258842 0.0492753833532333 0.0388847813010216 0.0393913686275482 0.0482781492173672 0.0601227879524231 0.0635908842086792 0.0747255906462669 0.114702053368092 0.216078668832779 0.263171166181564 0.294272541999817 0.352549165487289 0.369955062866211 0.298215419054031 0.299437433481216 0.315128713846207 0.350354760885239 0.446241587400436 0.455367088317871 0.453286707401276 0.441748917102814 0.426870852708817 0.420854508876801 0.433248937129974 0.46565979719162 0.521376192569733 0.562081754207611 0.562999606132507 0.548753559589386 0.533312201499939 0.504986345767975 0.454277962446213
-9999 -9999 -9999 -9999 -9999 -9999 -9999 -9999 -9999 -9999 -9999 -9999 -9999 -9999 -9999 -9999 -9999 -9999 -9999 -9999 -9999 -9999 -9999 -9999 -9999 0.0405632369220257 0.033967699855566 0.043475765734911 0.0377670340240002 0.0521663017570972 0.0767315030097961 0.0960519462823868 0.168702811002731 0.189131006598473 0.214513093233109 0.243765458464622 0.275283604860306 0.319298326969147 0.354348093271255 0.403139561414719 0.42011421918869 0.459076344966888 0.498882621526718 0.515524089336395 0.492637187242508 0.473290115594864 0.456525474786758 0.460130989551544 0.477376520633698 0.519475758075714 0.550169348716736 0.550696790218353 0.534156858921051 0.525489151477814 0.524766743183136 0.512134671211243
-9999 -9999 -9999 -9999 -9999 -9999 -9999 -9999 -9999 -9999 -9999 -9999 -9999 -9999 -9999 -9999 -9999 -9999 -9999 -9999 -9999 -9999 -9999 -9999 -9999 0.112583085894585 0.038351085036993 0.0417867638170719 0.0416218228638172 0.0319156758487225 0.0437436662614346 0.0613374784588814 0.0898082181811333 0.144826903939247 0.170198872685432 0.187124863266945 0.233998313546181 0.262021899223328 0.293806254863739 0.342966556549072 0.369514226913452 0.437488049268723 0.511599361896515 0.542867362499237 0.533424019813538 0.499929785728455 0.478668630123138 0.47013658285141 0.469221025705338 0.488844364881516 0.515362620353699 0.51972371339798 0.518429636955261 0.51947820186615 0.523922681808472 0.514826595783234
-9999 -9999 -9999 -9999 -9999 -9999 -9999 -9999 -9999 -9999 -9999 -9999 -9999 -9999 -9999 -9999 -9999 -9999 -9999 -9999 -9999 -9999 -9999 -9999 -9999 -9999 -9999 0.0395772829651833 0.0395952202379704 0.0125599866732955 0.0065302774310112 0.0142992213368416 0.0233354214578867 0.0919651836156845 0.127448037266731 0.0940738320350647 0.182646155357361 0.213453903794289 0.240497171878815 0.282463550567627 0.297101140022278 0.393880933523178 0.499540835618973 0.54865437746048 0.538450479507446 0.510114967823029 0.494023144245148 0.464511811733246 0.453375101089478 0.462729305028915 0.464595466852188 0.492130100727081 0.506035506725311 0.512793719768524 0.523126006126404 0.504578411579132
-9999 -9999 -9999 -9999 -9999 -9999 -9999 -9999 -9999 -9999 -9999 -9999 -9999 -9999 -9999 -9999 -9999 -9999 -9999 -9999 -9999 -9999 -9999 -9999 -9999 -9999 -9999 0.0637118220329285 0.0334893018007278 0.0123208314180374 0.00835892651230097 0.0119472704827785 0.0260407421737909 0.0638213530182838 0.0838801488280296 0.0703172460198402 0.0952331200242043 0.12854965031147 0.214473217725754 0.243001028895378 0.252799063920975 0.332645803689957 0.445784538984299 0.522360622882843 0.538836121559143 0.5235396027565 0.512616276741028 0.482388615608215 0.465273797512054 0.458539336919785 0.459025621414185 0.476524353027344 0.499112010002136 0.510091364383698 0.505663692951202 0.481348007917404
-9999 -9999 -9999 -9999 -9999 -9999 -9999 -9999 -9999 -9999 -9999 -9999 -9999 -9999 -9999 -9999 -9999 -9999 -9999 -9999 -9999 -9999 -9999 -9999 -9999 -9999 -9999 -9999 0.0454223491251469 0.0167670119553804 0.0191309247165918 0.0228206105530262 0.0533231273293495 0.0666078329086304 0.0733283758163452 0.082091361284256 0.0798414424061775 0.0864266231656075 0.128528594970703 0.203755766153336 0.217365503311157 0.163808554410934 0.215398654341698 0.283909916877747 0.493179678916931 0.535474061965942 0.52702796459198 0.506482422351837 0.491389393806458 0.471225023269653 0.463598847389221 0.485875338315964 0.420085281133652 0.49358919262886 0.478239297866821 0.450028240680695
-9999 -9999 -9999 -9999 -9999 -9999 -9999 -9999 -9999 -9999 -9999 -9999 -9999 -9999 -9999 -9999 -9999 -9999 -9999 -9999 -9999 -9999 -9999 -9999 -9999 -9999 -9999 -9999 0.0604718551039696 0.0214075054973364 0.0266182888299227 0.050616666674614 0.0556555986404419 0.0575100928544998 0.0649082958698273 0.0727588161826134 0.0683319345116615 0.0670420303940773 0.0875902771949768 0.16486094892025 0.102284729480743 0.127288654446602 0.169287517666817 0.221302732825279 0.261822164058685 0.448946505784988 0.500258982181549 0.53260999917984 0.532464563846588 0.489856421947479 0.46799036860466 0.488009989261627 0.510996103286743 0.494593173265457 0.463898360729218 0.408283650875092
-9999 -9999 -9999 -9999 -9999 -9999 -9999 -9999 -9999 -9999 -9999 -9999 -9999 -9999 -9999 -9999 -9999 -9999 -9999 -9999 -9999 -9999 -9999 -9999 -9999 -9999 -9999 -9999 0.0589723214507103 0.0243863221257925 0.0288050416857004 0.0571978949010372 0.0505537465214729 0.0523181594908237 0.0604367554187775 0.0653244331479073 0.0810290649533272 0.053862065076828 0.0649487301707268 0.0753850936889648 0.0786311030387878 0.104142785072327 0.136495918035507 0.174270614981651 0.191580250859261 0.203579261898994 0.283195912837982 0.536904096603394 0.552204489707947 0.505127668380737 0.445830911397934 0.490029662847519 0.514389514923096 0.491697132587433 0.452261835336685 0.388901799917221
-9999 -9999 -9999 -9999 -9999 -9999 -9999 -9999 -9999 -9999 -9999 -9999 -9999 -9999 -9999 -9999 -9999 -9999 -9999 -9999 -9999 -9999 -9999 -9999 -9999 -9999 -9999 -9999 0.0746950507164001 0.0531641840934753 0.05433164909482 0.0607411079108715 0.0496191680431366 0.0497747324407101 0.0564605295658112 0.0631841719150543 0.0540336780250072 0.0467869192361832 0.0595907010138035 0.0672927349805832 0.0699117332696915 0.0878853648900986 0.119255699217319 0.148418694734573 0.157532557845116 0.166828885674477 0.22147898375988 0.442577034235001 0.494221448898315 0.506736218929291 0.502936184406281 0.505941033363342 0.508039116859436 0.47872793674469 0.426527678966522 0.368171155452728
-9999 -9999 -9999 -9999 -9999 -9999 -9999 -9999 -9999 -9999 -9999 -9999 -9999 -9999 -9999 -9999 -9999 -9999 -9999 -9999 -9999 -9999 -9999 -9999 -9999 -9999 -9999 -9999 0.0855137705802917 0.0737949311733246 0.0964483618736267 0.0585256703197956 0.0504319295287132 0.0495942048728466 0.0554410256445408 0.0560830608010292 0.0700495094060898 0.0446557141840458 0.0643114820122719 0.0624482966959476 0.0621734969317913 0.0833779647946358 0.116734549403191 0.148348793387413 0.152616798877716 0.153506711125374 0.186788812279701 0.240008637309074 0.436237126588821 0.495266497135162 0.519177913665771 0.505094528198242 0.48461177945137 0.448345422744751 0.39605724811554 0.346264272928238
