meets/meet004/_saidas_enm/CCSM_Maxent_0k_Cavanillesia_umbellata3.asc
NCOLS 154 
NROWS 168 
XLLCORNER -112 
YLLCORNER -55.5 
CELLSIZE 0.5 
NODATA_value -9999 
[rows 50 to 74 of 168, columns 56 to 111 of 154]
-9999 -9999 -9999 -9999 -9999 -9999 -9999 -9999 -9999 -9999 -9999 -9999 -9999 0.00759593211114407 0.0190925486385822 0.0523041449487209 0.0471698381006718 0.0359448343515396 0.038077536970377 0.172804743051529 0.19140413403511 0.232875600457191 0.292541354894638 0.0856344625353813 0.0823423936963081 0.0946541503071785 0.0706556662917137 0.0567855015397072 0.0671252384781837 0.0642860382795334 0.052810650318861 0.0747387185692787 0.0673660710453987 0.100255988538265 0.120770491659641 0.464096397161484 0.43588662147522 0.413910984992981 0.412446469068527 0.410402059555054 0.426156014204025 0.419924944639206 0.425130426883698 0.371815085411072 0.0600940547883511 0.0570842400193214 0.0581723041832447 0.0634894073009491 0.0650877729058266 0.0664916411042213 0.0745869874954224 0.0712527856230736 0.0934612601995468 0.0309954099357128 0.0470551997423172 0.187453955411911
-9999 -9999 -9999 -9999 -9999 -9999 -9999 -9999 -9999 -9999 -9999 -9999 -9999 0.0268354751169682 0.0396039597690105 0.045438677072525 0.0463002696633339 0.0464431755244732 0.0487300679087639 0.0518779493868351 0.0595243088901043 0.0689821839332581 0.0887637063860893 0.100220575928688 0.0960698351264 0.0823795795440674 0.079628050327301 0.077250063419342 0.059376385062933 0.0550501272082329 0.0517779216170311 0.0634887516498566 0.0727172493934631 0.0787442550063133 0.119936041533947 0.134473726153374 0.453444063663483 0.472493797540665 0.449489146471024 0.439464449882507 0.444277942180634 0.43626856803894 0.381032079458237 0.381573677062988 0.0623536854982376 0.0644794255495071 0.0658939927816391 0.0731254443526268 0.0735077857971191 0.0707813575863838 0.0713373348116875 0.0775550529360771 0.100291565060616 0.0419570468366146 0.049764197319746 0.188717380166054
-9999 -9999 -9999 -9999 -9999 -9999 -9999 -9999 -9999 -9999 -9999 0.0320443250238895 0.0398129150271416 0.039039634168148 0.0404968298971653 0.0439162515103817 0.0491497069597244 0.0575872473418713 0.0598657615482807 0.0557516328990459 0.0606192909181118 0.0679904520511627 0.0736802592873573 0.0785819441080093 0.0779237747192383 0.0788143426179886 0.0741486847400665 0.0699378475546837 0.0529283508658409 0.0423520468175411 0.0425455011427402 0.0527182631194592 0.074358344078064 0.0830279588699341 0.109827928245068 0.122477188706398 0.375890165567398 0.460000693798065 0.46185302734375 0.448324263095856 0.454565078020096 0.446135103702545 0.3897884786129 0.390336364507675 0.377396553754807 0.0841250196099281 0.067109189927578 0.0741290599107742 0.0731035694479942 0.329316198825836 0.336821764707565 0.399299085140228 0.167610660195351 0.245863497257233 0.0540546700358391 0.205678701400757
-9999 -9999 -9999 -9999 -9999 -9999 -9999 -9999 -9999 -9999 0.0404661931097507 0.0366753116250038 0.0346268229186535 0.035235945135355 0.0398197397589684 0.040515623986721 0.0493534170091152 0.0605950243771076 0.0685221776366234 0.0681863725185394 0.0707339569926262 0.0711658075451851 0.0733090490102768 0.0738978534936905 0.0717323794960976 0.0682186037302017 0.064036950469017 0.0471788346767426 0.0437558777630329 0.0424083359539509 0.0441650673747063 0.048691663891077 0.0738378390669823 0.0854124054312706 0.101683586835861 0.115106791257858 0.119152717292309 0.368632674217224 0.376634001731873 0.374852895736694 0.441176265478134 0.385336607694626 0.388484984636307 0.386521935462952 0.317353188991547 0.315210461616516 0.310797661542892 0.312678635120392 0.302048712968826 0.331675559282303 0.392713904380798 0.163136973977089 0.186650067567825 0.281235218048096 0.0624349676072598 0.21818995475769
-9999 -9999 -9999 -9999 -9999 -9999 -9999 -9999 -9999 -9999 0.0603385493159294 0.0464285351336002 0.0344633385539055 0.0412807166576385 0.0474444217979908 0.0479304641485214 0.051630649715662 0.0750370249152184 0.091954804956913 0.0823578014969826 0.0793991833925247 0.0758899450302124 0.0723093375563622 0.069670781493187 0.0655626356601715 0.0613593719899654 0.0579082742333412 0.0467568598687649 0.0466868430376053 0.0448308065533638 0.0447375066578388 0.0515925101935863 0.0705537348985672 0.0850448980927467 0.0814324617385864 0.107928648591042 0.111633688211441 0.343995720148087 0.346715062856674 0.356248468160629 0.371182233095169 0.327783137559891 0.332374781370163 0.330265402793884 0.31532895565033 0.295437216758728 0.280028820037842 0.303355813026428 0.410165041685104 0.140261635184288 0.212207943201065 0.241347163915634 0.258986055850983 0.297693729400635 0.0600637122988701 0.20621483027935
-9999 -9999 -9999 -9999 -9999 -9999 -9999 -9999 0.0580096356570721 0.136898130178452 0.126329183578491 0.0647550374269485 0.043179377913475 0.0460404679179192 0.0543435141444206 0.0601294450461864 0.0590935237705708 0.0797291547060013 0.0988688766956329 0.0864985585212708 0.0751958712935448 0.0719105377793312 0.0689742788672447 0.0641869232058525 0.0578538291156292 0.0564243979752064 0.0577752180397511 0.0475747920572758 0.0488088689744473 0.0485644079744816 0.0514533407986164 0.0553994961082935 0.0627506449818611 0.0741507187485695 0.0798312649130821 0.0990986675024033 0.101589635014534 0.100649178028107 0.326660245656967 0.323968321084976 0.276747971773148 0.283299922943115 0.297091841697693 0.294575899839401 0.273823082447052 0.294133692979813 0.104823157191277 0.147576063871384 0.206608176231384 0.254758834838867 0.285643965005875 0.260396242141724 0.270293414592743 0.289528876543045 0.285028785467148 0.189406991004944
-9999 -9999 -9999 -9999 -9999 -9999 -9999 -9999 0.121331222355366 0.1641825735569 0.165232941508293 0.0854515582323074 0.0553965009748936 0.0534799322485924 0.0623514167964458 0.0698867291212082 0.0684786066412926 0.084663949906826 0.0760226622223854 0.0849316492676735 0.0727429762482643 0.0712917521595955 0.0699261501431465 0.0691421255469322 0.0671688094735146 0.0651343390345573 0.0536653771996498 0.0570004060864449 0.0587734803557396 0.0589632913470268 0.0606918521225452 0.0643179267644882 0.0686056539416313 0.0691394433379173 0.0700043812394142 0.0684490725398064 0.0691768229007721 0.0694168508052826 0.0696986168622971 0.070025809109211 0.0667833015322685 0.0655748620629311 0.0666899308562279 0.0781206414103508 0.0916856005787849 0.106963478028774 0.117683731019497 0.183688759803772 0.218906879425049 0.228648081421852 0.233485862612724 0.249224454164505 0.267137467861176 0.279680013656616 0.274887681007385 0.600378036499023
-9999 -9999 -9999 -9999 -9999 -9999 -9999 0.101837307214737 0.138021126389503 0.178178668022156 0.159304037690163 0.381564348936081 0.0735564827919006 0.0611281432211399 0.064439944922924 0.0727647319436073 0.0740586370229721 0.0892714485526085 0.0789735540747643 0.0727647319436073 0.0640049949288368 0.0629378706216812 0.0634724870324135 0.0628847032785416 0.0605612173676491 0.0604901537299156 0.0621115081012249 0.0654420331120491 0.0667776018381119 0.0656092241406441 0.0642013996839523 0.0674108639359474 0.0700469017028809 0.0713711306452751 0.0704781040549278 0.0693598091602325 0.0688392221927643 0.0685542300343513 0.0666586682200432 0.0637951418757439 0.0624727681279182 0.0676478296518326 0.0767692252993584 0.0936366841197014 0.11345861107111 0.167471006512642 0.196057200431824 0.205518156290054 0.216358423233032 0.220627680420876 0.229118496179581 0.245421841740608 0.273521989583969 0.28583836555481 0.27612292766571 0.264800250530243
-9999 -9999 -9999 -9999 -9999 -9999 -9999 0.13391686975956 0.14635694026947 0.154158845543861 0.404665917158127 0.399534225463867 0.249517261981964 0.056655403226614 0.060627855360508 0.0742081552743912 0.0761417523026466 0.0928957834839821 0.0816841945052147 0.0767127349972725 0.0708247572183609 0.068591371178627 0.0721788480877876 0.074026070535183 0.0729212239384651 0.0727937445044518 0.0737603977322578 0.07517209649086 0.0746374055743217 0.0721094161272049 0.0704652443528175 0.0701704472303391 0.0725269019603729 0.0737201794981956 0.0734758228063583 0.0734534338116646 0.0740521773695946 0.0118141481652856 0.011823508888483 0.011655137874186 0.0124956304207444 0.0139021314680576 0.0167496763169765 0.026547284796834 0.190371796488762 0.206518039107323 0.201340064406395 0.197346717119217 0.209749564528465 0.21479806303978 0.226040542125702 0.244407892227173 0.273321032524109 0.2868312895298 0.280453264713287 0.267274111509323
-9999 -9999 -9999 -9999 -9999 -9999 0.114091336727142 0.123556867241859 0.125337019562721 0.407911419868469 0.39813706278801 0.393746584653854 0.194042146205902 0.0460547395050526 0.0571190938353539 0.0789805352687836 0.0899442210793495 0.099459245800972 0.0880917906761169 0.0833276957273483 0.0794376060366631 0.0825767815113068 0.0853268057107925 0.0844139084219933 0.0835899338126183 0.0818153694272041 0.0838635787367821 0.0859373658895493 0.0853895619511604 0.0831859782338142 0.0805154591798782 0.079019196331501 0.0780518352985382 0.0775502398610115 0.0774531960487366 0.0782190039753914 0.0798555687069893 0.0127229373902082 0.0134606715291739 0.0139697091653943 0.0149868130683899 0.0176379978656769 0.0265625342726707 0.0339904651045799 0.0352729149162769 0.0334723629057407 0.188790276646614 0.186164513230324 0.199514716863632 0.205779924988747 0.038045272231102 0.0421987324953079 0.0468851700425148 0.0533604249358177 0.0540796145796776 0.27089124917984
-9999 -9999 -9999 -9999 -9999 -9999 0.107476569712162 0.107797496020794 0.338149607181549 0.388550370931625 0.409293234348297 0.375000566244125 0.18197026848793 0.0477571189403534 0.0599017851054668 0.0823018923401833 0.0962506756186485 0.107318289577961 0.0947021022439003 0.0905855819582939 0.0869263261556625 0.0902302488684654 0.0940683856606483 0.0920760631561279 0.0894854590296745 0.0872069299221039 0.0897130146622658 0.0939341858029366 0.0975436195731163 0.093315064907074 0.0917259156703949 0.0908276736736298 0.0903391018509865 0.08897465467453 0.0865520834922791 0.0858508124947548 0.0874464586377144 0.0143862906843424 0.0155664198100567 0.0167955663055182 0.0188706945627928 0.0276866443455219 0.033609963953495 0.0343340784311295 0.0323773697018623 0.0308550130575895 0.0301293767988682 0.0299539379775524 0.0327437222003937 0.033897627145052 0.0358464792370796 0.0392585285007954 0.0437182374298573 0.0499399937689304 0.0531067214906216 0.0525215826928616
-9999 -9999 -9999 -9999 -9999 -9999 0.0992987081408501 0.306783825159073 0.307630151510239 0.376191318035126 0.420730978250504 0.364240705966949 0.197469934821129 0.0542109683156013 0.0670779347419739 0.085685707628727 0.098013162612915 0.110055446624756 0.0968352034687996 0.0951858907938004 0.0925775915384293 0.0984330400824547 0.100542850792408 0.100994966924191 0.0973693281412125 0.0932972580194473 0.0973365902900696 0.10362820327282 0.107553407549858 0.107886992394924 0.105638667941093 0.106766104698181 0.105404049158096 0.104608781635761 0.10230777412653 0.0950113981962204 0.0156391672790051 0.0163908433169127 0.0182608459144831 0.0261020120233297 0.0309537835419178 0.0358618795871735 0.0339702479541302 0.0322447530925274 0.0306106675416231 0.0290629100054502 0.0289210937917233 0.0287920571863651 0.0315911322832108 0.0330884493887424 0.034714225679636 0.0379248522222042 0.0417744740843773 0.046765673905611 0.0499754473567009 0.0521871075034142
-9999 -9999 -9999 -9999 -9999 -9999 -9999 0.280845373868942 0.296091884374619 0.371423363685608 0.427460759878159 0.385932415723801 0.240011975169182 0.224894970655441 0.0756671652197838 0.0956903621554375 0.10698701441288 0.0990373492240906 0.108561918139458 0.101601704955101 0.101511783897877 0.10654878616333 0.111626222729683 0.109344176948071 0.10564661771059 0.103060506284237 0.108531065285206 0.113642483949661 0.118995495140553 0.121767893433571 0.121442347764969 0.121230490505695 0.120335586369038 0.119841083884239 0.118727214634418 0.019090885296464 0.0186292845755816 0.0190867800265551 0.0271298587322235 0.031517006456852 0.0355295725166798 0.0335743203759193 0.0317774303257465 0.0302911568433046 0.0289888456463814 0.0281283967196941 0.0278746709227562 0.0302800945937634 0.0309824123978615 0.032103642821312 0.033853642642498 0.0363443717360497 0.0395118668675423 0.0438828766345978 0.045764684677124 0.047570064663887
-9999 -9999 -9999 -9999 -9999 -9999 -9999 -9999 0.291061401367188 0.383688628673553 0.449352592229843 0.403443664312363 0.264959216117859 0.260364592075348 0.0941179394721985 0.105461142957211 0.116373911499977 0.107053212821484 0.11690329015255 0.11768727004528 0.119840621948242 0.124477311968803 0.121264807879925 0.152273282408714 0.119710646569729 0.1174136698246 0.122482396662235 0.127775177359581 0.133701473474503 0.172863438725471 0.17355027794838 0.139215409755707 0.137534812092781 0.13756163418293 0.171087816357613 0.029977248981595 0.030002923682332 0.0316266603767872 0.0332103632390499 0.0359781682491302 0.0338574275374413 0.0322755537927151 0.0305278599262238 0.0304881837219 0.0285948198288679 0.0266079138964415 0.0264219753444195 0.0260919667780399 0.0264639854431152 0.0275318026542664 0.028604157269001 0.0312397126108408 0.0339369103312492 0.0369765348732471 0.0416117198765278 0.0422781817615032
-9999 -9999 -9999 -9999 -9999 -9999 0.293603956699371 0.262990117073059 0.310421347618103 0.384827017784119 0.429731458425522 0.401904344558716 0.285811871290207 0.298111468553543 0.334259003400803 0.125175580382347 0.133584454655647 0.113789856433868 0.122437760233879 0.127233400940895 0.12985448539257 0.132931441068649 0.453302532434464 0.459000676870346 0.463954716920853 0.470429062843323 0.488812774419785 0.499896049499512 0.511516988277435 0.503807425498962 0.199869632720947 0.198125526309013 0.196086898446083 0.195277437567711 0.19413822889328 0.0342541076242924 0.0347603410482407 0.0357180014252663 0.0365582369267941 0.034895732998848 0.0308430623263121 0.0281644612550735 0.027773579582572 0.0989615246653557 0.093089871108532 0.0889950320124626 0.0872936323285103 0.0873193144798279 0.088563472032547 0.0909947752952576 0.094978392124176 0.100963361561298 0.108186677098274 0.11528255790472 0.122106306254864 0.509424388408661
-9999 -9999 -9999 -9999 -9999 0.0493220537900925 0.260134339332581 0.257075011730194 0.327097505331039 0.387456208467484 0.418840140104294 0.342232137918472 0.306877642869949 0.329278022050858 0.384843826293945 0.437261432409286 0.129607170820236 0.380623906850815 0.386778563261032 0.404433965682983 0.411596924066544 0.478468626737595 0.470557928085327 0.484590590000153 0.501843810081482 0.515557885169983 0.526113033294678 0.534223973751068 0.543112218379974 0.551921010017395 0.554872095584869 0.559505820274353 0.556610703468323 0.552692413330078 0.547881007194519 0.520065248012543 0.138161435723305 0.131323754787445 0.124513052403927 0.113068625330925 0.102795489132404 0.102258071303368 0.0936744064092636 0.0876977890729904 0.0831232592463493 0.0790498182177544 0.0789700150489807 0.0785069465637207 0.0793812945485115 0.0814880430698395 0.0833873227238655 0.0884863808751106 0.0932978391647339 0.0977171510457993 0.43936225771904 0.44771084189415
-9999 -9999 -9999 -9999 -9999 0.287388741970062 0.271768063306808 0.297516107559204 0.355994194746017 0.400320738554001 0.42097994685173 0.352325558662415 0.353970378637314 0.388515889644623 0.431316614151001 0.47594952583313 0.41633927822113 0.422439366579056 0.432449102401733 0.5042964220047 0.513937056064606 0.522300839424133 0.518785178661346 0.525328755378723 0.535613834857941 0.150132894515991 0.150801599025726 0.151869788765907 0.152982354164124 0.153708726167679 0.154301837086678 0.556221425533295 0.554651319980621 0.550317049026489 0.543245375156403 0.533053755760193 0.135835900902748 0.128299444913864 0.121476002037525 0.111171342432499 0.102119639515877 0.0942971557378769 0.0874045565724373 0.0820995643734932 0.0780238211154938 0.0751635357737541 0.0739657431840897 0.0737865194678307 0.0743255391716957 0.0752971693873405 0.0769324377179146 0.0794314071536064 0.0822609886527061 0.388473093509674 0.394599467515945 0.39847058057785
-9999 -9999 -9999 -9999 -9999 -9999 0.343868881464005 0.339757651090622 0.396496653556824 0.336185067892075 0.36637070775032 0.344315826892853 0.357416361570358 0.397261798381805 0.429313600063324 0.498620301485062 0.429978609085083 0.460408210754395 0.147103399038315 0.149128958582878 0.161338165402412 0.557013034820557 0.556421935558319 0.561258137226105 0.557367742061615 0.152130037546158 0.15032970905304 0.150317549705505 0.149624273180962 0.148328870534897 0.146987602114677 0.145893588662148 0.144157186150551 0.141041442751884 0.137087762355804 0.131778210401535 0.125605836510658 0.118733681738377 0.112758688628674 0.10397906601429 0.0964102298021317 0.0898479744791985 0.0836088061332703 0.0790256261825562 0.0753239765763283 0.0724511221051216 0.0714292824268341 0.0707836598157883 0.0707181915640831 0.0710211470723152 0.07159723341465 0.0724560543894768 0.0733649134635925 0.353469043970108 0.353497117757797 0.352976411581039
-9999 -9999 -9999 -9999 -9999 -9999 0.376804083585739 0.379897624254227 0.409587532281876 0.341340869665146 0.297412097454071 0.311431556940079 0.291223853826523 0.300729662179947 0.345900148153305 0.398287743330002 0.470006048679352 0.490021109580994 0.171787574887276 0.173143714666367 0.589749574661255 0.590047299861908 0.588445782661438 0.579015851020813 0.56426727771759 0.552186250686646 0.549361884593964 0.15018655359745 0.148784667253494 0.146069958806038 0.143018424510956 0.141245976090431 0.138853400945663 0.13524317741394 0.130655512213707 0.125042289495468 0.119373269379139 0.11335463821888 0.107894226908684 0.100168250501156 0.0952320322394371 0.0890654623508453 0.0836697220802307 0.0793509781360626 0.0758737325668335 0.0732125863432884 0.0714323222637177 0.0701924264431 0.0696241408586502 0.0692617520689964 0.0688316524028778 0.0682286471128464 0.330994069576263 0.327362477779388 0.322255313396454 0.316038697957993
-9999 -9999 -9999 -9999 -9999 -9999 0.439182430505753 0.387366443872452 0.400050669908524 0.375702142715454 0.249010652303696 0.261571288108826 0.230789333581924 0.235136747360229 0.269912272691727 0.325676620006561 0.429448634386063 0.498486280441284 0.182519420981407 0.181608065962791 0.601987719535828 0.594821929931641 0.598759651184082 0.590726554393768 0.571247339248657 0.554643750190735 0.551480531692505 0.151849448680878 0.14942966401577 0.144948244094849 0.141021803021431 0.138049617409706 0.135959967970848 0.131720438599586 0.125924631953239 0.120498038828373 0.114718668162823 0.109723411500454 0.104941293597221 0.100144892930984 0.0939046069979668 0.0892599821090698 0.084669828414917 0.0807802230119705 0.0769985541701317 0.0745984613895416 0.0722370818257332 0.0706009194254875 0.0692949071526527 0.0678933262825012 0.0670517385005951 0.0647118985652924 0.314606934785843 0.305780321359634 0.294041365385056 0.284886479377747
-9999 -9999 -9999 -9999 -9999 -9999 -9999 -9999 0.24180805683136 0.330863386392593 0.306892961263657 0.279698491096497 0.18643556535244 0.195154219865799 0.231266424059868 0.298153668642044 0.405948489904404 0.481124073266983 0.147580623626709 0.191901475191116 0.605357646942139 0.601491510868073 0.178007289767265 0.173516094684601 0.585863649845123 0.564535021781921 0.560563445091248 0.156694561243057 0.153883591294289 0.148058250546455 0.142132669687271 0.139459148049355 0.136412784457207 0.131797716021538 0.125890985131264 0.119344621896744 0.114256016910076 0.109205134212971 0.104584559798241 0.100676566362381 0.096740335226059 0.0934467315673828 0.0873483642935753 0.0835508033633232 0.0802413299679756 0.077351912856102 0.0748234018683434 0.072481706738472 0.0706753358244896 0.0689635202288628 0.0666846111416817 0.31857892870903 0.305258274078369 0.291265845298767 0.275037914514542 0.259263157844543
-9999 -9999 -9999 -9999 -9999 -9999 -9999 -9999 0.361015915870667 0.283121883869171 0.307984828948975 0.251402467489243 0.150891810655594 0.16331484913826 0.201554536819458 0.268792986869812 0.387568414211273 0.476381301879883 0.139390394091606 0.193052634596825 0.604844093322754 0.588541150093079 0.145777821540833 0.141128867864609 0.157696962356567 0.573148787021637 0.567568063735962 0.145208448171616 0.145047202706337 0.151222378015518 0.144986361265182 0.141656056046486 0.138962954282761 0.133806303143501 0.126673549413681 0.120005801320076 0.114528447389603 0.110003113746643 0.105552978813648 0.101322658360004 0.0978265330195427 0.0945330709218979 0.0916191935539246 0.0888140201568604 0.0830225422978401 0.0802970603108406 0.0769170001149178 0.0735376179218292 0.0705606937408447 0.0673928409814835 0.0647773295640945 0.308311998844147 0.293324768543243 0.275686919689178 0.255296289920807 0.238240927457809
-9999 -9999 -9999 -9999 -9999 -9999 -9999 -9999 -9999 0.26709857583046 0.288637816905975 0.225091710686684 0.121821627020836 0.133793354034424 0.176117211580276 0.244682058691978 0.374293863773346 0.435185939073563 0.149749413132668 0.168698206543922 0.580663025379181 0.535191476345062 0.125041663646698 0.119530312716961 0.131532400846481 0.531700849533081 0.136574998497963 0.126440137624741 0.126767680048943 0.13350884616375 0.138684183359146 0.138187572360039 0.133751109242439 0.135167628526688 0.131122604012489 0.123424023389816 0.118095085024834 0.112813957035542 0.108186922967434 0.104453809559345 0.100470617413521 0.0972864702343941 0.0940521135926247 0.090748131275177 0.0877944976091385 0.0842172652482986 0.37342768907547 0.351326584815979 0.338532447814941 0.327665090560913 0.314908564090729 0.301557540893555 0.285313040018082 0.26685243844986 0.244254857301712 0.266483068466187
-9999 -9999 -9999 -9999 -9999 -9999 -9999 -9999 -9999 -9999 0.242323100566864 0.19515486061573 0.132394462823868 0.154798522591591 0.20029391348362 0.272960722446442 0.409951001405716 0.493340075016022 0.123359650373459 0.136899441480637 0.523175239562988 0.490500807762146 0.106281735002995 0.102395601570606 0.110677637159824 0.479492455720901 0.116373181343079 0.109650805592537 0.110626503825188 0.116396524012089 0.120467208325863 0.119923986494541 0.115043848752975 0.114490926265717 0.116279050707817 0.11676087975502 0.117206357419491 0.115984067320824 0.112306974828243 0.107444517314434 0.103049747645855 0.099618524312973 0.0965709313750267 0.0929635539650917 0.0888044163584709 0.388497054576874 0.37372812628746 0.35781466960907 0.33631905913353 0.321662545204163 0.297153353691101 0.2704117000103 0.244962349534035 0.228240683674812 0.222225412726402 0.255364567041397
-9999 -9999 -9999 -9999 -9999 -9999 -9999 -9999 -9999 -9999 -9999 0.155778124928474 0.150907024741173 0.166588947176933 0.204285502433777 0.266149789094925 0.383529841899872 0.427602469921112 0.41050922870636 0.45763885974884 0.473507255315781 0.45380511879921 0.0934364274144173 0.0889450162649155 0.0944276303052902 0.0979552268981934 0.0994536802172661 0.0976165756583214 0.0992487892508507 0.103221118450165 0.105529941618443 0.105860695242882 0.102523230016232 0.101236701011658 0.0996686071157455 0.0964029058814049 0.0967513918876648 0.0953726097941399 0.0964649021625519 0.0986582413315773 0.0998392552137375 0.101969085633755 0.0982364639639854 0.0940286591649055 0.402712166309357 0.388816893100739 0.373746782541275 0.357238531112671 0.341271013021469 0.303567796945572 0.267517685890198 0.244893446564674 0.226318374276161 0.209941163659096 0.199939891695976 0.241992250084877
