meets/meet004/_saidas_enm/CCSM_SVM_0k_Cavanillesia_umbellata1.asc
NCOLS 154 
NROWS 168 
XLLCORNER -112 
YLLCORNER -55.5 
CELLSIZE 0.5 
NODATA_value -9999 
[rows 96 to 119 of 168, columns 56 to 111 of 154]
-9999 -9999 -9999 -9999 -9999 -9999 -9999 -9999 -9999 -9999 -9999 -9999 -9999 -9999 -9999 -9999 -9999 -9999 -9999 -9999 -9999 -9999 -9999 -9999 -9999 -9999 -9999 -9999 0.0733073454710436 0.113685239440159 0.107564280601871 0.101384547858695 0.0985467028034 0.100747693807081 0.102922006009914 0.104849946710332 0.104908362089524 0.114395754570828 0.146743422339983 0.153221344510936 0.100159841108167 0.0155277572928385 0.0512078475843895 0.0426913472169136 0.0182915307175149 0.031947594471996 0.0825649819709489 0.130601651313858 0.100166758874005 0.00734869992133369 -0.0176094492497395 -0.012410589531678 0.033932841343752 0.0554711286263395 0.0292612084055133 -0.0153877801509565
-9999 -9999 -9999 -9999 -9999 -9999 -9999 -9999 -9999 -9999 -9999 -9999 -9999 -9999 -9999 -9999 -9999 -9999 -9999 -9999 -9999 -9999 -9999 -9999 -9999 -9999 -9999 -9999 0.0641893284869269 0.115441202667778 0.104094936485073 0.10034025196417 0.0993824181535261 0.101931567923088 0.102806889953837 0.1030133913517 0.0999265483076546 0.105944689245206 0.128841012774107 0.128553889536192 0.0688379433780803 -0.0231263352303087 -6.07263896624244e-05 0.00796468790089272 -0.00968468498316943 -0.0110567862352216 -0.0147920801187189 0.112837811029585 0.144144548959927 0.0197985613737057 -0.010708418553217 5.996316303708e-05 0.0489964805557128 0.0653742407644959 0.0319584011764734 -0.0047276924527529
-9999 -9999 -9999 -9999 -9999 -9999 -9999 -9999 -9999 -9999 -9999 -9999 -9999 -9999 -9999 -9999 -9999 -9999 -9999 -9999 -9999 -9999 -9999 -9999 -9999 -9999 -9999 -9999 0.0610912799751742 0.117883965488592 0.110095614137112 0.0997789440217545 0.0998900795088455 0.102364672468012 0.103356239066498 0.102155906330228 0.0964096660429191 0.097630193326056 0.112965029018548 0.117031698801374 0.0544948863883463 -0.0603128639958087 -0.0392944890972576 -0.0203575886966239 -0.0201096477760893 -0.0239880108120694 -0.0358759935658154 -0.0115963110969268 0.0165374543225461 0.0298693244378974 0.0293853319849253 0.0361939503563636 0.0439057279121161 0.0413292464187258 0.0259263868988224 -0.000847587977727493
-9999 -9999 -9999 -9999 -9999 -9999 -9999 -9999 -9999 -9999 -9999 -9999 -9999 -9999 -9999 -9999 -9999 -9999 -9999 -9999 -9999 -9999 -9999 -9999 -9999 -9999 -9999 -9999 0.0569473287663505 0.123128914639232 0.10975912152005 0.0997349352811064 0.100198367965348 0.102534368592308 0.103627471098809 0.101832704430678 0.092821270174944 0.0901117675285905 0.105231138158796 0.105144185465428 0.0266942310591728 -0.0831505775767933 -0.069017623627369 -0.0455081981234346 -0.0330236793408248 -0.0282907120990055 -0.0407113455477675 -0.0177579655122046 0.00131083375981256 0.0321501715406962 0.14886031734324 0.0621555157803685 0.0327762706204012 0.0291003057530543 0.0208896373929073 0.00526875162675422
-9999 -9999 -9999 -9999 -9999 -9999 -9999 -9999 -9999 -9999 -9999 -9999 -9999 -9999 -9999 -9999 -9999 -9999 -9999 -9999 -9999 -9999 -9999 -9999 -9999 -9999 -9999 -9999 0.0562885435599548 0.12454604483394 0.110604621494488 0.0993072354449842 0.099708895660084 0.102098700029783 0.103537374098655 0.0999410096505858 0.0892460245053553 0.0848491542559291 0.0981205316744013 0.0882513066499661 0.000848849895921266 -0.105005511596669 -0.0918810301054391 -0.0669920597396084 -0.0499231372687143 -0.0507307641743147 -0.0744844540447866 -0.0463423948078711 0.0042112109735476 0.0178660366568702 0.0153450180832952 0.0239701040191291 0.0276852242838134 0.0281445790918263 0.0214763858099446 0.00355216817453419
-9999 -9999 -9999 -9999 -9999 -9999 -9999 -9999 -9999 -9999 -9999 -9999 -9999 -9999 -9999 -9999 -9999 -9999 -9999 -9999 -9999 -9999 -9999 -9999 -9999 -9999 -9999 -9999 0.0523260198518956 0.124525965009355 0.106922143642356 0.0981660074647615 0.0986718680850813 0.101464662650475 0.103184593163745 0.0977557844971803 0.0845298471672018 0.0823167506808767 0.0940479888864025 0.0707866865285585 -0.02874983711478 -0.111772950025203 -0.0971104808667795 -0.0794697606564278 -0.0647030123507144 -0.0649670624788809 -0.0874264366027211 0.0146744890433203 0.0722613234897287 -0.00178450085124632 0.0196423698383866 0.0270786734857373 0.0306468314173143 0.0328279623910437 0.0336899255137112 0.0090576982027909
-9999 -9999 -9999 -9999 -9999 -9999 -9999 -9999 -9999 -9999 -9999 -9999 -9999 -9999 -9999 -9999 -9999 -9999 -9999 -9999 -9999 -9999 -9999 -9999 -9999 -9999 -9999 0.0766849810950773 0.0500201624874814 0.121523853939798 0.104542798518824 0.095889504510808 0.0971729492423962 0.100736483197887 0.102751371426059 0.0942685861984381 0.0801481935118766 0.0837260977270836 0.0815461293611779 0.0499962283342989 -0.0516394102699488 -0.100662966012702 -0.0822475218097501 -0.0784645623054558 -0.0716404303352686 -0.0768395753867404 -0.0901290604190547 -0.0282453140177445 0.0154726737795647 -0.0175015231118137 -0.0196770339590618 0.0175989414639516 0.0446715584839964 0.0506056484091426 0.0553899680564371 0.0539239337650144
-9999 -9999 -9999 -9999 -9999 -9999 -9999 -9999 -9999 -9999 -9999 -9999 -9999 -9999 -9999 -9999 -9999 -9999 -9999 -9999 -9999 -9999 -9999 -9999 -9999 -9999 -9999 0.0765588128965602 0.0511906985346964 0.119404353280573 0.0991178328553466 0.0925888591099385 0.094703934303501 0.0997403852070869 0.101821273065583 0.0898946915904791 0.0747675984645497 0.0827533310330402 0.0716900940718663 0.0329095322769672 -0.0640290567738998 -0.0858886684565647 -0.0633210319372471 -0.0671526986975106 -0.0672681112416273 -0.0727446734842718 -0.0925105497792647 -0.067301742818947 -0.0356988895837611 -0.0462658307152243 -0.0462260068461641 -0.0218950251826706 0.010675418347363 0.0617304527292868 0.0940520839968761 0.10050589942843
-9999 -9999 -9999 -9999 -9999 -9999 -9999 -9999 -9999 -9999 -9999 -9999 -9999 -9999 -9999 -9999 -9999 -9999 -9999 -9999 -9999 -9999 -9999 -9999 -9999 -9999 -9999 0.0755298126353687 0.0593561761897973 0.115517554065042 0.0930530056735972 0.0882866556465457 0.0920894647054243 0.0988462234987108 0.100409176156593 0.0842900420445401 0.0684299992131915 0.0736516971619505 0.0708477051780727 0.0204764825492916 -0.0728593440439458 -0.0787040402594714 -0.0656455572233773 -0.0606636847617049 -0.0610528626816535 -0.0670078548800034 -0.0908896004570137 -0.0862658017885883 -0.0684430204880352 -0.0651918509985559 -0.0744682658664476 -0.0562055828480592 -0.0218142029484029 0.0323616448887647 0.0940698346448161 0.152906494251162
-9999 -9999 -9999 -9999 -9999 -9999 -9999 -9999 -9999 -9999 -9999 -9999 -9999 -9999 -9999 -9999 -9999 -9999 -9999 -9999 -9999 -9999 -9999 -9999 -9999 -9999 -9999 0.0792433927746825 0.0734875427561926 0.110803605929883 0.0864477619556747 0.0839328097672534 0.0898491074215617 0.0983683692818983 0.098783737793688 0.0777351199383257 0.0624561204556051 0.0678380764733569 0.0704982916914808 0.0122690048037358 -0.0731324293144556 -0.0691553006723661 -0.0563410791633791 -0.0548627229517361 -0.0600905668617794 -0.0715697718350632 -0.0826606277048004 -0.0719539806010407 -0.0563391837255082 -0.047410639858738 -0.0686255028324642 -0.0670591330549367 -0.053479426580045 -0.00586203495336185 0.0598943310301303 0.126037629302951
-9999 -9999 -9999 -9999 -9999 -9999 -9999 -9999 -9999 -9999 -9999 -9999 -9999 -9999 -9999 -9999 -9999 -9999 -9999 -9999 -9999 -9999 -9999 -9999 -9999 -9999 -9999 0.0969078127964244 0.0980804368040386 0.103616434772113 0.0831268122218938 0.0821024815656827 0.0885448864774346 0.0985718024171027 0.0969477733655567 0.0728115803992203 0.0596671738806219 0.0606172343180791 0.0683690500919209 0.00528190913245707 -0.0643255231391179 -0.0557652611682068 -0.0501962321114029 -0.0510407217375656 -0.0564055596127432 -0.0466921023069215 -0.0492647763460495 -0.0247821042855899 0.00471613362411449 0.0145202087919457 0.0283439794688422 -0.0351971029859929 -0.0644450386393479 -0.0389160738957319 0.0116077609447692 0.0686998448377044
-9999 -9999 -9999 -9999 -9999 -9999 -9999 -9999 -9999 -9999 -9999 -9999 -9999 -9999 -9999 -9999 -9999 -9999 -9999 -9999 -9999 -9999 -9999 -9999 -9999 -9999 -9999 0.136408755936528 0.117582504621615 0.0978340804915095 0.0837786308604238 0.0826264509240016 0.0885066927583984 0.0992476724427384 0.0949186922316779 0.07077096663389 0.0593005048553164 0.0557653646091285 0.0673716509156134 -0.0016255349233244 -0.0567065707155389 -0.043114139186517 -0.0396497998777213 -0.0441823908021209 -0.0535052880080161 -0.0455557772248362 -0.0474152183148194 -0.025326735705397 0.00950682956359478 0.0438925796598157 0.0635620796766204 -0.00797371849578299 -0.0591496523319135 -0.0527725514762202 -0.0117683687839839 0.043734606820518
-9999 -9999 -9999 -9999 -9999 -9999 -9999 -9999 -9999 -9999 -9999 -9999 -9999 -9999 -9999 -9999 -9999 -9999 -9999 -9999 -9999 -9999 -9999 -9999 -9999 -9999 -9999 0.180862709982894 0.128200513812309 0.0940283395251929 0.0866575324223148 0.0838288459966051 0.0884374281753857 0.099593441771863 0.0916242979067418 0.0710701675081471 0.0573235154009266 0.0533690793935765 0.0664662156042148 -0.0085579715299024 -0.0474378429349018 -0.031902567427089 -0.0289393862957026 -0.0331056210063963 -0.0455871864457622 -0.0598658935937562 -0.0646217438235414 -0.0607797288362431 -0.0362265235964748 0.017551144014735 0.0350489240987796 -0.00723429826878874 -0.051843355652133 -0.0525201719662046 -0.0248834176458815 0.0240082590670156
-9999 -9999 -9999 -9999 -9999 -9999 -9999 -9999 -9999 -9999 -9999 -9999 -9999 -9999 -9999 -9999 -9999 -9999 -9999 -9999 -9999 -9999 -9999 -9999 -9999 -9999 -9999 0.191854832921434 0.119449741315907 0.0935298548265508 0.0878069778668771 0.0839336540546409 0.0871418732844573 0.0997315042772476 0.0863921373280304 0.064746903703532 0.0499384233657471 0.0566693470869793 0.0519310972823236 -0.0196310245476781 -0.0354014143721008 -0.0184844654693686 -0.0181620811671162 -0.0241014392431916 -0.0353451862122195 -0.0484132717492378 -0.0568119887107688 -0.0533452360850969 -0.0360957661238993 -0.00496178490476473 0.00423068853539077 -0.0165581148342951 -0.041443840233389 -0.0420309508735305 -0.0224170196396286 0.0124791997982501
-9999 -9999 -9999 -9999 -9999 -9999 -9999 -9999 -9999 -9999 -9999 -9999 -9999 -9999 -9999 -9999 -9999 -9999 -9999 -9999 -9999 -9999 -9999 -9999 -9999 -9999 0.1778386560245 0.170042415923733 0.104906073135959 0.0931019611518252 0.0900848273436199 0.0846597030046901 0.0879952378409927 0.100308241683675 0.0791324009315947 0.0588423322470562 0.0503431810013965 0.0628339310348164 0.0406936058582685 0.000974238952093864 -0.00710296701031049 0.00268524736942966 -0.0035761281482497 -0.0126653501773005 -0.0198365491660003 -0.0285655416230214 -0.0282948296123026 -0.019288496443373 -0.00766515768890297 -0.00440164187784181 -0.00898566462646672 -0.0150248216920953 -0.0276290967804886 -0.0280937115314703 -0.0164620746620901 0.00495727558705078
-9999 -9999 -9999 -9999 -9999 -9999 -9999 -9999 -9999 -9999 -9999 -9999 -9999 -9999 -9999 -9999 -9999 -9999 -9999 -9999 -9999 -9999 -9999 -9999 -9999 -9999 0.169213411584533 0.110956383617326 0.0898734453049419 0.0927669756304908 0.0905750258447395 0.0869128403812908 0.0924852674636573 0.101795997861756 0.0750370948321746 0.0499381405731513 0.0558033898894297 0.0533539962351596 0.0505887827562257 0.0472269728938962 0.0380396982990073 0.0341679598503775 0.0243627779944009 0.0140103729625188 0.00940369953730325 0.00594081937430624 0.00349518477854466 0.00329689966639662 0.00524146322366875 0.00516820621154884 0.000498447431862503 -0.00812965485331946 -0.0159831349731479 -0.0160607430673389 -0.00720405374287397 0.00721935400708318
-9999 -9999 -9999 -9999 -9999 -9999 -9999 -9999 -9999 -9999 -9999 -9999 -9999 -9999 -9999 -9999 -9999 -9999 -9999 -9999 -9999 -9999 -9999 -9999 -9999 -9999 0.133315092819232 0.062433814271908 0.0865588192975824 0.0913071988614449 0.0931013009363176 0.0887480155497684 0.0974868767170612 0.101598250300378 0.0694272982454012 0.050803432947579 0.0524240579976371 0.0486297622804819 0.0672402638043469 0.0847944989802967 0.0824998297823327 0.0730924726956714 0.0588284335076278 0.0500058558810738 0.0478747678356018 0.0424237685678068 0.0358749379411296 0.0220297350734581 0.0136730288188531 0.0144531499336489 0.0149548023731019 0.00422058376053996 -0.00505408593747686 -0.00524533886236672 0.000587197067344447 0.00980917646157048
-9999 -9999 -9999 -9999 -9999 -9999 -9999 -9999 -9999 -9999 -9999 -9999 -9999 -9999 -9999 -9999 -9999 -9999 -9999 -9999 -9999 -9999 -9999 -9999 -9999 -9999 0.0752225789996352 0.0600279348352313 0.0829806809355225 0.0858108520792779 0.0858412190285356 0.0876534602870836 0.0966789545272282 0.0889007549779467 0.0551053401600926 0.0584715578975282 0.0660727370022506 0.0719790826222928 0.0908408401844499 0.106144770862018 0.113100928130471 0.105063165705221 0.0920271220945726 0.0868611937809427 0.0923739606924317 0.0944058532181612 0.0710069713167142 0.0385826927799555 0.0222338903917039 0.019748403481334 0.0201242571954428 0.0148183577560098 0.0089355555169725 0.00671774052470775 0.0080229184398487 0.0117923915754199
-9999 -9999 -9999 -9999 -9999 -9999 -9999 -9999 -9999 -9999 -9999 -9999 -9999 -9999 -9999 -9999 -9999 -9999 -9999 -9999 -9999 -9999 -9999 -9999 -9999 0.276767018693117 0.0554907575933695 0.0737167663222845 0.0798519270343001 0.0775069090099116 0.0819906607658769 0.0842994903543129 0.0859474865355112 0.0679764456308577 0.0725738201778785 0.096605233940048 0.102313259093499 0.102357572804962 0.105716574396401 0.116492309436485 0.126047093675827 0.116216340313436 0.108499457373386 0.109881099080281 0.12164887365721 0.140690565395797 0.102484458296037 0.051256571712781 0.0293434530266615 0.0271111879149541 0.027369220646124 0.0247986316365773 0.0210292887170043 0.0176171845930049 0.0159216408107761 0.0149877250189149
-9999 -9999 -9999 -9999 -9999 -9999 -9999 -9999 -9999 -9999 -9999 -9999 -9999 -9999 -9999 -9999 -9999 -9999 -9999 -9999 -9999 -9999 -9999 -9999 -9999 0.148160124153743 0.0624530706306372 0.0800070499712912 0.0788733730064705 0.0711979970811098 0.076446788560583 0.0767093469984683 0.0712848096301534 0.0770775659495592 0.0885814006373638 0.0926179810390745 0.0972789416098728 0.108314510870673 0.111313324630077 0.112537738445511 0.115435407744209 0.11027545781125 0.106200536648472 0.108641631498546 0.120654119798789 0.128350472683211 0.102624489168175 0.0615271017986141 0.0414505976712789 0.0361641784979219 0.0366424189194144 0.0330146340823811 0.0293926423519716 0.0259672356977323 0.0233281967143789 0.0214723212103951
-9999 -9999 -9999 -9999 -9999 -9999 -9999 -9999 -9999 -9999 -9999 -9999 -9999 -9999 -9999 -9999 -9999 -9999 -9999 -9999 -9999 -9999 -9999 -9999 -9999 0.098810870691364 0.067609291132137 0.0825987162178887 0.077953006282163 0.0663768997870816 0.0734958121871117 0.0688039838332665 0.0656183767902983 0.0816773136483783 0.0824940451771586 0.0798657102516127 0.0829104587514163 0.0936545222044906 0.0996156479476503 0.100266411399 0.1037952424178 0.0998834703512205 0.0946908743106292 0.0946049493795978 0.103257222714034 0.114323456527874 0.0897986945410219 0.0596882321899022 0.0464115531093292 0.0429191938124667 0.0428818559381098 0.0389514520214481 0.0358071271217566 0.0327011276799791 0.0302153762751562 0.0279984508446242
-9999 -9999 -9999 -9999 -9999 -9999 -9999 -9999 -9999 -9999 -9999 -9999 -9999 -9999 -9999 -9999 -9999 -9999 -9999 -9999 -9999 -9999 -9999 -9999 -9999 0.0501387139626371 0.0575506628102175 0.0766964741449487 0.0695094751752491 0.0576795656980232 0.062847945257695 0.060092687683246 0.0608610217015312 0.0757138487014658 0.0754422191260861 0.0726950138115841 0.0713168394504087 0.0706119879577796 0.0737232555830252 0.0801542661473921 0.0856530191691423 0.0856062946958432 0.0807616222539385 0.0775847159624006 0.0774063594906071 0.07592034097116 0.0676848947733092 0.0562675011307945 0.049286943431931 0.046468816460294 0.0452961029795894 0.0429333875914297 0.040616981631068 0.0377773044560946 0.0355183865389163 0.0335412409274055
-9999 -9999 -9999 -9999 -9999 -9999 -9999 -9999 -9999 -9999 -9999 -9999 -9999 -9999 -9999 -9999 -9999 -9999 -9999 -9999 -9999 -9999 -9999 -9999 -9999 0.0373323397054574 0.0462697246086993 0.0704943051868184 0.0615671177227055 0.0498995882200019 0.0570982844129444 0.0535816409030039 0.0589568138470139 0.0726579118888695 0.070583981174171 0.0681078054070778 0.0640460692772592 0.0567182786783341 0.0570572454465658 0.0640223994551302 0.0700706642675373 0.0724572726662832 0.0693326285706048 0.0662376238764626 0.0635695030413748 0.059838453910008 0.0573435289495127 0.0533449457770671 0.0501664303809778 0.0486383066387157 0.0473442653775442 0.0458194494087534 0.0441709029068687 0.0418254641487916 0.0402678622920318 0.038432249176515
-9999 -9999 -9999 -9999 -9999 -9999 -9999 -9999 -9999 -9999 -9999 -9999 -9999 -9999 -9999 -9999 -9999 -9999 -9999 -9999 -9999 -9999 -9999 -9999 -9999 0.0325037295696474 0.0408548934818033 0.0639809024020137 0.0552063051326747 0.0451324412989469 0.051470376166717 0.0498416041024128 0.0570923068656666 0.0681379449504008 0.0682711479333184 0.0659832146449604 0.0603212414069391 0.0536427613922855 0.0526088591783684 0.0557144543963424 0.0600785353551225 0.0630621272571849 0.063840298552839 0.0635544778865584 0.0607680603010802 0.0577056405867419 0.0549723798361335 0.052648234980142 0.0508602635462538 0.0497606844202226 0.048901494056281 0.0480508062966671 0.0470813238383257 0.0450595498770223 0.0435092142675912 0.0423075657140755
