meets/meet004/_saidas_enm/CCSM_Maha_6k_Cavanillesia_umbellata2.asc
NCOLS 154 
NROWS 168 
XLLCORNER -112 
YLLCORNER -55.5 
CELLSIZE 0.5 
NODATA_value -9999 
[rows 100 to 124 of 168, columns 56 to 111 of 154]
-9999 -9999 -9999 -9999 -9999 -9999 -9999 -9999 -9999 -9999 -9999 -9999 -9999 -9999 -9999 -9999 -9999 -9999 -9999 -9999 -9999 -9999 -9999 -9999 -9999 -9999 -9999 -9999 -24.8603749852159 -14.712477563206 -25.0778730881652 -45.8921734016298 -61.1514848993246 -66.189115364311 -54.3468637302086 -36.5706223983295 -23.6202101168236 -17.925594169695 -11.4829613359965 -10.4523680801309 -10.9204981668071 -8.11167639228372 -6.26212394999301 -5.24015252394309 -6.52530953767146 -7.20582834567987 -5.80702433110986 -4.29826745244082 -3.66860471880976 -3.56910058164518 -3.82594401533984 -3.80517347205898 -4.04419625004828 -4.54233433635731 -5.20167196634771 -6.3148375979808
-9999 -9999 -9999 -9999 -9999 -9999 -9999 -9999 -9999 -9999 -9999 -9999 -9999 -9999 -9999 -9999 -9999 -9999 -9999 -9999 -9999 -9999 -9999 -9999 -9999 -9999 -9999 -9999 -26.7961808890099 -16.6085598624268 -29.4825087963096 -49.6370557998352 -62.4185085211204 -63.9771329860572 -49.7781398438758 -33.2770419358124 -20.7367788645315 -15.1367681316715 -10.175047340715 -10.740545050807 -10.9345139087952 -9.23309312595831 -6.64087485802735 -5.60453785552262 -6.22411472217423 -6.48174097451834 -4.62472141154028 -3.42519746716361 -3.30342165061747 -3.44274548967893 -4.05770832385063 -3.89575625444285 -4.19698284938822 -4.77596464276237 -5.27792416348252 -6.83697404617246
-9999 -9999 -9999 -9999 -9999 -9999 -9999 -9999 -9999 -9999 -9999 -9999 -9999 -9999 -9999 -9999 -9999 -9999 -9999 -9999 -9999 -9999 -9999 -9999 -9999 -9999 -9999 -67.1219507285459 -31.4476668744542 -19.0743563489311 -31.7851210090511 -52.3304580718575 -61.3489537688484 -58.6731596249511 -45.639987353564 -29.1944122598616 -18.0842666328874 -13.3443956265641 -9.59059186837066 -11.010068520339 -10.853241432642 -10.5051340735789 -7.45351549856781 -6.87394707854253 -7.83844221063778 -6.85967144632742 -4.66942035545329 -3.19760937020454 -2.97645756070452 -3.40049521996907 -3.73246896036003 -3.73808894285841 -3.73601699358661 -4.17062817179446 -4.84729632337683 -5.98557525662099
-9999 -9999 -9999 -9999 -9999 -9999 -9999 -9999 -9999 -9999 -9999 -9999 -9999 -9999 -9999 -9999 -9999 -9999 -9999 -9999 -9999 -9999 -9999 -9999 -9999 -9999 -9999 -68.8288894918007 -32.8981513889591 -19.9663723067943 -36.1874617815949 -55.9881214119057 -62.2389175152428 -56.2257866520089 -42.1975929193419 -26.9167153776764 -16.2509871163583 -11.8355497380677 -9.06544623355718 -11.3602701186483 -12.3283019459376 -12.3144436390066 -8.9311226854397 -8.38809472615512 -9.98677055236563 -9.77983412223544 -6.83177658736255 -3.99264132276738 -3.3799371920082 -3.77866130617805 -3.91997604027509 -3.72287748084244 -3.54021866337845 -3.88285752402353 -4.69107434606224 -5.62908224698005
-9999 -9999 -9999 -9999 -9999 -9999 -9999 -9999 -9999 -9999 -9999 -9999 -9999 -9999 -9999 -9999 -9999 -9999 -9999 -9999 -9999 -9999 -9999 -9999 -9999 -9999 -9999 -66.3479327708875 -32.3225803284443 -22.65621046368 -41.3244440179126 -61.4942746283216 -66.1418598594285 -57.2490203975485 -40.1441146222469 -24.9662980778043 -14.9255719186843 -11.7400231388181 -10.6405087561907 -10.5449625258557 -12.9064218091493 -13.8489557435157 -11.6481914268023 -11.0603095545894 -11.7644310837499 -12.2484351523519 -9.57782297563551 -6.9129867866689 -4.89388466116142 -4.38060557064913 -4.52598718164234 -4.04766839028156 -4.21931563454379 -4.62373607079771 -5.22941671943318 -6.51981736771384
-9999 -9999 -9999 -9999 -9999 -9999 -9999 -9999 -9999 -9999 -9999 -9999 -9999 -9999 -9999 -9999 -9999 -9999 -9999 -9999 -9999 -9999 -9999 -9999 -9999 -9999 -9999 -64.4847896811759 -31.796534984686 -25.9555642154072 -51.4430007817436 -71.0611902748131 -73.221027036825 -61.4217983479687 -39.6995121766408 -24.1009435745966 -15.0785478322182 -11.3137355910598 -12.1030332632089 -10.9342091382489 -14.3671966327355 -15.9649918165306 -14.4679325006402 -13.3121940469265 -13.5487564642422 -13.2497093789341 -10.4797241616779 -8.89400372968069 -7.11024465545101 -5.62880731109943 -5.1254345726026 -4.76755281783314 -4.93188504693458 -5.54935160389147 -6.22658989449663 -7.53320458799124
-9999 -9999 -9999 -9999 -9999 -9999 -9999 -9999 -9999 -9999 -9999 -9999 -9999 -9999 -9999 -9999 -9999 -9999 -9999 -9999 -9999 -9999 -9999 -9999 -9999 -9999 -9999 -55.8182963196233 -31.9747632162193 -31.895976209398 -64.0674114229604 -83.1467414539303 -82.7813943287747 -66.6084866807262 -39.4742864330245 -23.8248147157553 -15.3741554967179 -10.2669184947736 -10.6459499196875 -10.8630204329434 -15.4637796157663 -18.3416897522826 -16.9489090865303 -15.291992844605 -14.3030273056856 -12.2662772624032 -11.2457290331601 -9.69864180599784 -8.32565665103716 -7.52568262517091 -6.15945272180712 -5.80239783025617 -5.65434245272065 -6.13765399001814 -7.06242600191391 -7.67588939531289
-9999 -9999 -9999 -9999 -9999 -9999 -9999 -9999 -9999 -9999 -9999 -9999 -9999 -9999 -9999 -9999 -9999 -9999 -9999 -9999 -9999 -9999 -9999 -9999 -9999 -9999 -9999 -44.9059637514318 -29.6868774847751 -39.3086029253276 -75.9136903989895 -94.6483559355586 -89.342470234595 -69.9665095050106 -39.7172666323958 -24.9105222623477 -14.0641499895822 -9.41256950245906 -9.55289587860568 -11.4768856048893 -17.2601056840819 -20.8847158772739 -19.9461105657905 -18.1355279980056 -16.9438359976156 -14.6812439809546 -13.8084555326583 -12.2665862895343 -10.707324159117 -9.86944628469567 -8.7826344516121 -8.63472151013711 -8.40935959873238 -8.06778680314891 -7.8308384114154 -8.33258945068208
-9999 -9999 -9999 -9999 -9999 -9999 -9999 -9999 -9999 -9999 -9999 -9999 -9999 -9999 -9999 -9999 -9999 -9999 -9999 -9999 -9999 -9999 -9999 -9999 -9999 -9999 -9999 -35.3813066086883 -25.2704470850612 -47.113292768037 -88.6510370660988 -102.310845670274 -93.4159173472266 -70.0327592644692 -38.5001259119832 -26.1645932146431 -12.6227676512323 -8.76561365638763 -9.50203849739199 -12.8020364466339 -19.7247913940567 -24.0570134591738 -23.7371358703973 -22.1279635606922 -21.0937684293094 -20.1192414440438 -17.8929381954313 -16.8424931252171 -15.0803594740108 -13.3188689757642 -13.0031913362621 -12.3963007067046 -12.6306317442843 -12.0716452356153 -11.1456008613441 -10.5355066077536
-9999 -9999 -9999 -9999 -9999 -9999 -9999 -9999 -9999 -9999 -9999 -9999 -9999 -9999 -9999 -9999 -9999 -9999 -9999 -9999 -9999 -9999 -9999 -9999 -9999 -9999 -9999 -28.1129169532857 -25.4990165246363 -51.1351627857261 -87.1420998230667 -99.0366151852961 -85.0193888991371 -61.5891617489331 -33.7831518382943 -22.7088303764838 -11.1088808275134 -9.06202702662764 -10.1472776132273 -14.6525821116053 -21.914814821475 -26.7891420533214 -26.8499054120265 -25.920390871738 -25.156321667459 -24.4575551421699 -22.8495184250803 -21.5801938333977 -19.7249616046698 -18.2564514149044 -17.8654042825242 -17.3435366352737 -17.5527189920929 -16.7422532689096 -15.842119715045 -15.166728763029
-9999 -9999 -9999 -9999 -9999 -9999 -9999 -9999 -9999 -9999 -9999 -9999 -9999 -9999 -9999 -9999 -9999 -9999 -9999 -9999 -9999 -9999 -9999 -9999 -9999 -9999 -36.7066001908119 -23.3324214868318 -27.1963131152803 -54.8694976948281 -85.916704594222 -89.611656640831 -73.0878186335592 -50.2986958532853 -27.6293571052937 -18.5248664670385 -9.62144311036172 -11.2816641091214 -12.0716460799689 -17.8572201230653 -25.2925226685172 -29.1977577916449 -28.7934454083906 -28.6091629093328 -27.9036450213473 -27.3226343870843 -25.7154611558077 -25.0147249742351 -23.621212819704 -22.999692972975 -22.5948747048754 -21.647306957215 -22.2368708845636 -21.1728906790578 -20.6123453672867 -20.2868611389503
-9999 -9999 -9999 -9999 -9999 -9999 -9999 -9999 -9999 -9999 -9999 -9999 -9999 -9999 -9999 -9999 -9999 -9999 -9999 -9999 -9999 -9999 -9999 -9999 -9999 -9999 -27.0648654983664 -23.1174977581689 -34.4466149584384 -61.5272944762697 -82.569337028758 -79.4717279867044 -60.1805177980982 -39.7062862920041 -25.1222225436161 -14.3877310784571 -10.171467741759 -13.2867882512557 -16.2513295854486 -22.6948976261434 -28.6444163538391 -32.2324437632472 -32.2027857231961 -32.3726920390262 -32.3734755550478 -31.892045141826 -30.8153965139765 -29.9708078413055 -28.5813478935591 -27.7910554504652 -27.4172413303687 -27.0880971641449 -27.2300008030936 -26.55075158249 -26.445601848703 -26.2989392030215
-9999 -9999 -9999 -9999 -9999 -9999 -9999 -9999 -9999 -9999 -9999 -9999 -9999 -9999 -9999 -9999 -9999 -9999 -9999 -9999 -9999 -9999 -9999 -9999 -9999 -9999 -21.094249316864 -28.202427671815 -49.5221600932855 -71.672828946926 -90.1107973595895 -67.7187001740057 -50.2216432023975 -31.6594402719155 -20.2332315525245 -13.2276713823731 -14.9984199863525 -17.5246809450991 -23.7820432588209 -28.3439391635645 -33.0935146339436 -34.6450065268483 -35.8384767349716 -36.3157439689477 -36.8131688149076 -37.9644298167723 -35.7950223579163 -34.4733721201204 -33.2790503183637 -32.8469299249098 -32.5817816094534 -32.1021013730955 -32.4001082884884 -31.6409616433786 -32.0420327244098 -31.9810399980644
-9999 -9999 -9999 -9999 -9999 -9999 -9999 -9999 -9999 -9999 -9999 -9999 -9999 -9999 -9999 -9999 -9999 -9999 -9999 -9999 -9999 -9999 -9999 -9999 -9999 -9999 -20.5930396696511 -43.4265382078763 -69.4137915139647 -81.8066134041257 -76.4865154798758 -57.9834437701206 -37.5623031102153 -24.1759486377344 -18.7218861395325 -17.7767181939306 -17.8156720702552 -23.6381520552054 -30.3120243564329 -33.8617964815074 -35.4080529505833 -37.0026655449284 -38.4875748943374 -38.9154686313468 -38.6844295874852 -38.3612942686493 -38.6613272474252 -39.3310045943016 -38.5194434586626 -38.3527341235654 -37.7287054280514 -37.3109297910485 -37.7195850576607 -37.2057614013643 -37.8501008730442 -38.1642926698093
-9999 -9999 -9999 -9999 -9999 -9999 -9999 -9999 -9999 -9999 -9999 -9999 -9999 -9999 -9999 -9999 -9999 -9999 -9999 -9999 -9999 -9999 -9999 -9999 -9999 -15.1506338499659 -26.6666063837242 -66.5985897817733 -92.2674822187611 -85.2261405716641 -71.1264147543615 -50.2206800944015 -29.047477886543 -22.8105470385598 -22.1508671998844 -22.2984614413886 -23.8598371368446 -30.9912437996097 -36.9487983774794 -37.9127074688344 -37.0706956778705 -39.3539854232898 -40.3352406474508 -39.7907699914648 -39.76926071807 -37.607329484027 -39.8941352915891 -42.658403730361 -43.4947290178896 -44.1983963803908 -43.3055189662619 -42.3529703448002 -43.1272459158988 -43.010605113945 -44.0579906580851 -44.5496890130961
-9999 -9999 -9999 -9999 -9999 -9999 -9999 -9999 -9999 -9999 -9999 -9999 -9999 -9999 -9999 -9999 -9999 -9999 -9999 -9999 -9999 -9999 -9999 -9999 -9999 -15.5696048254731 -35.2302200392001 -73.651811792523 -95.6663242027719 -87.7203993403509 -64.1824931459034 -46.7123537310943 -31.8909660810535 -28.5112189746749 -26.8058599210761 -28.6912454173985 -32.3944906042655 -36.5904858805122 -40.0345765926591 -40.9934751215319 -40.3212138969132 -41.9874292158319 -42.4934984049868 -42.0690106054111 -41.0434286018158 -40.467001720926 -43.2465877845382 -46.634549292374 -47.4461350138863 -48.6176454311576 -47.7850575912038 -48.1315468130601 -48.8773463089381 -48.3535597757279 -49.5077270579523 -50.5614621635693
-9999 -9999 -9999 -9999 -9999 -9999 -9999 -9999 -9999 -9999 -9999 -9999 -9999 -9999 -9999 -9999 -9999 -9999 -9999 -9999 -9999 -9999 -9999 -9999 -9999 -17.2153925167597 -42.4988930617451 -81.3613174171636 -101.957169760298 -83.799923624423 -61.2220012015818 -46.7223155838012 -38.2784496402097 -32.6420133758945 -33.096779264436 -39.3266404192581 -40.3372724841012 -42.1925454661496 -43.5500680945833 -42.8496122124099 -43.2123696155598 -44.1305721675914 -45.6683586922916 -45.3183443863219 -44.3908311588013 -43.0455047086539 -46.5870174173812 -50.9992198308246 -52.1526193519603 -52.9399358482231 -51.9883929594306 -53.0873936816632 -54.647984900836 -54.6333898964609 -55.8731317644884 -56.4779150447597
-9999 -9999 -9999 -9999 -9999 -9999 -9999 -9999 -9999 -9999 -9999 -9999 -9999 -9999 -9999 -9999 -9999 -9999 -9999 -9999 -9999 -9999 -9999 -9999 -9999 -18.686873585172 -45.7656258617624 -82.9428833279713 -102.195550659949 -86.6157458872386 -61.9597849326405 -50.6716914092714 -41.7372047728923 -37.9123716216631 -40.4245196409369 -45.3260325049369 -47.3356730868354 -48.2403381119343 -47.8708701330119 -46.0558818847395 -45.0550153080469 -46.809003664333 -49.0574846998407 -49.9007465266531 -50.8446945165204 -51.3756857082487 -53.0012409937686 -54.6250875810406 -54.4728281291551 -55.8498361491797 -56.9134223948975 -58.0639132066976 -59.5101870437255 -59.4212722257473 -60.8310725960438 -61.9416692664508
-9999 -9999 -9999 -9999 -9999 -9999 -9999 -9999 -9999 -9999 -9999 -9999 -9999 -9999 -9999 -9999 -9999 -9999 -9999 -9999 -9999 -9999 -9999 -9999 -9999 -20.139966754589 -48.3762658963016 -87.5980335941733 -107.152422187857 -89.6060742513352 -63.1316063491994 -52.6941367476634 -44.2717502123102 -42.8344764015058 -46.3962955092176 -51.0677074923646 -51.9914686715105 -53.4488032302305 -53.360180477364 -49.7546045368996 -48.1608836772966 -49.6759062416628 -53.3879248118853 -54.7238885033174 -56.9073673798363 -58.6425709169027 -57.0958737873136 -57.4486823820475 -57.1267899841999 -59.4181928981167 -61.1064411207743 -62.0898901678118 -63.9294292406861 -64.1845735375349 -66.1117441302091 -66.7674139878212
-9999 -9999 -9999 -9999 -9999 -9999 -9999 -9999 -9999 -9999 -9999 -9999 -9999 -9999 -9999 -9999 -9999 -9999 -9999 -9999 -9999 -9999 -9999 -9999 -9999 -22.293795399284 -50.9886977933985 -90.0213962837374 -109.431387277655 -96.6647173300102 -67.3628381666784 -54.5423252445861 -47.3635000766423 -47.9293580515912 -50.4883971380426 -53.0716560705728 -55.7289118579295 -57.2198370744072 -56.9420766717021 -54.3793691044999 -52.8261594060881 -55.2150455657129 -60.3856998476152 -62.1269661300973 -61.9575350031496 -60.506168219499 -60.7616659843767 -61.4768207395381 -60.4810673085194 -62.1146922439799 -64.4043402263396 -66.0945616129839 -68.1326349569066 -67.9955073985443 -69.1482003896569 -70.0949323686564
-9999 -9999 -9999 -9999 -9999 -9999 -9999 -9999 -9999 -9999 -9999 -9999 -9999 -9999 -9999 -9999 -9999 -9999 -9999 -9999 -9999 -9999 -9999 -9999 -9999 -23.376793709422 -53.6932773333742 -95.8666083026038 -116.182738733186 -104.903601852699 -72.3604735808142 -59.142053396245 -53.056647443339 -53.6224163382544 -55.4367010111855 -57.5887037222611 -59.4911781172245 -61.2243088389299 -61.5697109374873 -59.1091134161962 -57.5416806214708 -60.0254991040658 -65.9657287629094 -66.6931073411128 -64.5631858085159 -62.5626800902375 -61.9144957479074 -63.690762724993 -63.4352422847428 -66.293892551747 -67.3948530759488 -68.6745407607138 -71.1589025939277 -71.258177492714 -72.6979511083629 -72.8571640572892
-9999 -9999 -9999 -9999 -9999 -9999 -9999 -9999 -9999 -9999 -9999 -9999 -9999 -9999 -9999 -9999 -9999 -9999 -9999 -9999 -9999 -9999 -9999 -9999 -9999 -24.5654954825261 -55.648795825886 -101.416493882225 -124.757940503374 -113.799622701941 -80.1140612757967 -65.8555475260673 -59.9985617916633 -60.4069858855309 -61.9975426811619 -64.5652544519171 -65.7586060170279 -66.9176889342484 -66.5206014047966 -63.2922420803281 -61.7735552679701 -64.2213496789224 -68.7622624522287 -69.2824482764036 -67.6079224322309 -64.7986928178134 -65.355534482152 -66.6030778682997 -66.6128573309652 -68.5143720645648 -70.5930732731951 -71.646792290746 -72.9960649666186 -72.779165217256 -74.1417533148866 -75.1996649265439
-9999 -9999 -9999 -9999 -9999 -9999 -9999 -9999 -9999 -9999 -9999 -9999 -9999 -9999 -9999 -9999 -9999 -9999 -9999 -9999 -9999 -9999 -9999 -9999 -9999 -25.5180295370619 -57.4407007924223 -104.609120379047 -132.617364261317 -121.295353517672 -90.2854770609144 -74.7139907124886 -68.2325371670699 -66.7771512386798 -68.1065437805901 -70.041766269591 -69.9965455565944 -70.8041200545702 -69.8975106484845 -65.360223244324 -64.2022374823407 -66.161661180608 -70.7596488885824 -71.9092028912723 -70.5856368325737 -68.1419691430026 -67.9941202200218 -70.0528018713669 -69.2802248454493 -71.5040820902567 -72.2824435929247 -72.5516867367788 -74.6312662491461 -75.1199821418228 -76.4651880022872 -77.474544991945
-9999 -9999 -9999 -9999 -9999 -9999 -9999 -9999 -9999 -9999 -9999 -9999 -9999 -9999 -9999 -9999 -9999 -9999 -9999 -9999 -9999 -9999 -9999 -9999 -9999 -26.5026330652828 -59.7761030908132 -107.30559704713 -138.797640694703 -129.643413760855 -101.474411478404 -85.2652217747566 -74.4324287450008 -72.6971717983364 -72.1624932660096 -71.8327516767709 -72.4946751763466 -72.9696415700431 -70.9334221644159 -66.9547308695955 -65.1137165754476 -66.9415632343045 -72.3061504134823 -73.743426508276 -73.5842485811841 -71.8295867273281 -71.8459047228188 -73.0630866397439 -72.0810168070696 -72.9790003396263 -72.3532623899135 -73.4935552225869 -76.9815891401145 -75.9873535700098 -76.7582345023883 -78.1404292755235
-9999 -9999 -9999 -9999 -9999 -9999 -9999 -9999 -9999 -9999 -9999 -9999 -9999 -9999 -9999 -9999 -9999 -9999 -9999 -9999 -9999 -9999 -9999 -9999 -20.609475255501 -30.7978699941426 -64.6112935642317 -110.254867685622 -143.082121598786 -137.322564468217 -111.440984663871 -91.9979931555883 -80.8096289162828 -77.403244247363 -76.3269589483893 -75.5420230528353 -76.0885000202419 -76.0937075794598 -73.7390639072872 -69.059845751704 -66.0324747428303 -68.7669404038893 -73.7390935632991 -75.5854833713051 -75.6268895087222 -74.7472879794476 -75.7567887887324 -76.3272952393544 -74.0777034099297 -73.2817675711146 -72.8310922926935 -74.6148237364403 -77.2184882604469 -73.9353701559914 -69.8744143299273 -68.3066010393406
