meets/meet004/_saidas_enm/CCSM_SVM_21k_Aralia_warmingiana5.asc
NCOLS 154 
NROWS 168 
XLLCORNER -112 
YLLCORNER -55.5 
CELLSIZE 0.5 
NODATA_value -9999 
[rows 75 to 99 of 168, columns 56 to 111 of 154]
-9999 -9999 -9999 -9999 -9999 -9999 -9999 -9999 -9999 -9999 -9999 0.0791181402100948 0.0526477509270162 0.0498517070213346 0.0643652318933001 0.0843395536903623 0.0700756243630199 0.148264120398964 0.199469423221948 0.153951393191708 0.219929622930344 0.27315655339077 0.343887655625721 0.398595806738506 0.453931086727462 0.501731208304246 0.513064033572519 0.54164238708606 0.554044258724243 0.571244226779572 0.593198841537296 0.601929972905419 0.614055817852445 0.639179656773198 0.670887080396767 0.700286936574753 0.735642660311713 0.76916411500999 0.807799011452609 0.843694796412953 0.86536052534826 0.868780499326608 0.858236314298809 0.845594139699341 0.827368408245223 0.820572972796709 0.81510306880002 0.799822228119025 0.759456279540645 0.690582485496278 0.608742388075532 0.544534699534235 0.480618894377943 0.432656119788985 0.392571575758932 0.355230596047459
-9999 -9999 -9999 -9999 -9999 -9999 -9999 -9999 -9999 -9999 -9999 0.0807521981934102 0.0541732243274295 0.0380780180367536 0.058220732176278 0.0771967774948494 0.0574754234534425 0.0799817760111317 0.134496827735405 0.103357474511924 0.0997047604105262 0.197745301106348 0.28131493403452 0.34534897378677 0.411933367134217 0.465589504875889 0.473497318221796 0.49686939835661 0.513578746522851 0.531479379402857 0.553907272161945 0.567841579026547 0.593241526348341 0.613702860229489 0.643188601776276 0.675702741960088 0.69991204571304 0.734862424710152 0.779148422253456 0.827818253151343 0.879151562200771 0.898961013187596 0.917115347296072 0.920833509441017 0.903482732048944 0.909262828655872 0.89720993348742 0.875475626455378 0.835101286637081 0.766179614260496 0.691427783640667 0.615174455810865 0.529611656290898 0.464756635200452 0.4128289513414 0.365968721040114
-9999 -9999 -9999 -9999 -9999 -9999 -9999 -9999 -9999 -9999 -9999 -9999 0.0777652556567254 0.0495899678345731 0.0557686419679361 0.0726492911324202 0.0708674357145606 0.0454732064031484 0.0333354320308368 0.0284603821863378 0.05608046881388 0.108278021029644 0.198011087345042 0.257027715993735 0.363118946752371 0.436483178023151 0.45731483364434 0.447041941241938 0.45165629148763 0.466224307860156 0.498297100706907 0.508965541530666 0.538015963187846 0.562034917231245 0.590478753153304 0.621844117524449 0.644314461407094 0.672654877840677 0.713653213374761 0.762799036712228 0.816959992760904 0.854017081485772 0.884394781034844 0.910512927164628 0.927635692670324 0.938088486058149 0.933804261799494 0.914848243764995 0.879558885538805 0.816394453167787 0.733075773383767 0.657309919412597 0.579759847159391 0.518466136762759 0.465300647778276 0.42051336067173
-9999 -9999 -9999 -9999 -9999 -9999 -9999 -9999 -9999 -9999 -9999 -9999 0.0808462693502964 0.0832095382388545 0.0808076564547557 0.0909599519448481 0.074410806727798 0.0711659306158405 0.0599200952368371 0.0297580685775399 0.0478391195543624 0.0489661311376167 0.122374706986043 0.221512495783894 0.36882624093036 0.447776586547734 0.413883104191797 0.384763955548854 0.381932523999319 0.385346144141109 0.436001873038156 0.436367458643979 0.45904646392262 0.4904674367089 0.52427582859666 0.552314423054479 0.576737070828685 0.592474412148365 0.626375534904716 0.675665894568389 0.719397704431149 0.768840263667235 0.799127333130657 0.838131807587239 0.879512250464969 0.90170662466522 0.919380349870432 0.912303730131531 0.887318485154949 0.828287976021324 0.757259012576785 0.697694583857049 0.630042241286821 0.57820435723065 0.532411324492306 0.492133703946049
-9999 -9999 -9999 -9999 -9999 -9999 -9999 -9999 -9999 -9999 -9999 -9999 -9999 0.082124529727846 0.0951678236615813 0.0740316806118999 0.0726572875254067 0.0786545585201223 0.0782931488661376 0.0695621725487033 0.0501232273678465 0.013638949127083 0.0742029649772986 0.228876406184275 0.379614995513774 0.4759414500163 0.422685232553901 0.333369826395694 0.303695550546712 0.322078138568453 0.343033910815531 0.358715354598771 0.385178364345487 0.418640896277404 0.450109615199983 0.486784417613098 0.512915177140097 0.530528751454945 0.557633762093962 0.594112203406182 0.633863338475057 0.679629989867819 0.718445615267609 0.771330174807975 0.827422493118933 0.862858322929585 0.885000853461283 0.889816853328662 0.876415116722846 0.838066501634111 0.785661222026441 0.738519622123051 0.690232679005175 0.653460134515483 0.619974890864488 0.593860071734106
-9999 -9999 -9999 -9999 -9999 -9999 -9999 -9999 -9999 -9999 -9999 -9999 -9999 0.08038205191262 0.109103896184169 0.0625150918005329 0.0711468719767278 0.0820155112911297 0.0830822710669648 0.0815451991673849 0.0819451870987875 0.0550050827479852 0.0353206273562469 0.0942934336911199 0.150629959636848 0.379667672370099 0.360146666964108 0.270909947178979 0.233174604974191 0.266853074629748 0.266071871209235 0.274053429666459 0.315630990510278 0.354121683236384 0.383441883516634 0.424305089886806 0.461555561300972 0.486335765679671 0.509670350476855 0.536914320166234 0.562281637674853 0.614784101355034 0.661797178121874 0.723636302225039 0.794775111307641 0.840110124269908 0.856934910845638 0.864453106700098 0.858099787478319 0.832986049588929 0.802967411773511 0.774596325554243 0.744848539474052 0.725115257468872 0.687950123125456 0.640742630851218
-9999 -9999 -9999 -9999 -9999 -9999 -9999 -9999 -9999 -9999 -9999 -9999 -9999 -9999 0.123421593890761 0.078644497202328 0.0665767116083014 0.079365161451229 0.0822901664072758 0.0829499345741711 0.0822329962499683 0.0751114043184833 0.0632812308387989 0.0542454683557319 0.0425944665293179 0.045274612978475 0.0675908607308882 0.141445814899539 0.171857258231305 0.169687696446017 0.17768260604981 0.226487106125567 0.245819099276147 0.285713149620686 0.348451292395994 0.390898132398499 0.432172058608503 0.465151923974251 0.490152813095353 0.516085496567909 0.543582669801634 0.587807094695427 0.636793575339103 0.700142530933029 0.765875816318532 0.806197685005961 0.829176879855769 0.835454176402488 0.833859848358365 0.81946161549327 0.802179866100972 0.794396167470632 0.758849235812811 0.723919673257195 0.712943835642342 0.687021503493666
-9999 -9999 -9999 -9999 -9999 -9999 -9999 -9999 -9999 -9999 -9999 -9999 -9999 -9999 0.0850598266392774 0.0979260473073331 0.0591436744899013 0.0728184131968528 0.0801167775365018 0.0827911784556761 0.0831491850699475 0.0828652183052896 0.0826405148139855 0.0815322275518476 0.0749920849821819 0.0669231657306013 0.0535040841776769 0.01139864818534 -0.00176822831224127 -0.0315250354927297 0.0158869019384163 0.134616182616684 0.191268471638298 0.240058579449378 0.324270752689388 0.371008962671714 0.432840626009861 0.477835118368215 0.500584738607423 0.520721438135687 0.534821099025807 0.58044581553708 0.623757393976028 0.683813701784359 0.741570169718604 0.779015081451788 0.809401470141933 0.814877707325966 0.820448372031732 0.818928185894013 0.800123903585988 0.79560759034748 0.750078669125739 0.726778162905927 0.736656523890968 0.739529902942595
-9999 -9999 -9999 -9999 -9999 -9999 -9999 -9999 -9999 -9999 -9999 -9999 -9999 -9999 -9999 0.0851023793285284 0.0595424761164977 0.0585602245760204 0.0750383389662098 0.0819943321940808 0.0841696310061904 0.0847327529876171 0.0851599834529298 0.0852002432332092 0.0849897758945502 0.0847299294782607 0.0825054356783382 0.0781868536148658 0.0661230852409331 0.024892266844306 -0.0104960615098041 0.0676704336974364 0.13455316369423 0.176428183232417 0.282266100688368 0.375783928881349 0.432014105434793 0.464783788468847 0.505328150395672 0.551362728093323 0.588017028424538 0.59357579558724 0.613000268820571 0.65976612718541 0.718137044443192 0.766561621094455 0.798084302573949 0.813881743728606 0.821781687134429 0.834151012495565 0.83061053165944 0.811994008139922 0.778030290093908 0.759684546405294 0.757122830947681 0.752645590407495
-9999 -9999 -9999 -9999 -9999 -9999 -9999 -9999 -9999 -9999 -9999 -9999 -9999 -9999 -9999 0.0664042651977743 0.0770492603469402 0.0325853653910745 0.0588352601177632 0.0786646701544533 0.0842799075132176 0.0847984362052197 0.0853385069835075 0.085388108895769 0.0853984064249113 0.0854342602520355 0.0853733425467941 0.0853767533614325 0.0846489187116872 0.071530650046035 0.0573806656429567 0.00469320312099314 0.0481359081958678 0.139061088467717 0.243334184342641 0.381354333293806 0.411112076504586 0.434285067001125 0.488461820360592 0.575733636247725 0.663674326703726 0.606230749752796 0.599120875053867 0.63608907637597 0.694207581062357 0.751598532626554 0.781987666228633 0.795051765502733 0.813377084340342 0.835282623964019 0.84930460825176 0.840490797194609 0.814713230017771 0.796683516104786 0.783660347973612 0.768502188662479
-9999 -9999 -9999 -9999 -9999 -9999 -9999 -9999 -9999 -9999 -9999 -9999 -9999 -9999 -9999 0.108397036610205 0.0842651326314476 0.0342269670910562 0.0361628483556323 0.0618075826464504 0.0783698814272776 0.0831830875122362 0.0847027121181793 0.0851630165146454 0.0852652619574613 0.0853293022912384 0.085340851593243 0.0853624985216013 0.0850381508698436 0.0817661528269565 0.0746936610867284 0.0547850740374337 0.0509390526476889 0.192283432760877 0.262981158649765 0.328455464072782 0.379249230643666 0.40483749052046 0.454705317214572 0.544762868811247 0.624496075394298 0.571017215773423 0.581646304057575 0.621897867322752 0.671645801589339 0.722216879273925 0.751795986336584 0.774827179334695 0.800089506758761 0.831914947893404 0.85361060222689 0.848985136030902 0.835327456790652 0.818321650088394 0.794663510982444 0.785455004715154
-9999 -9999 -9999 -9999 -9999 -9999 -9999 -9999 -9999 -9999 -9999 -9999 -9999 -9999 -9999 -9999 0.131438130110623 0.0682917102733126 0.0355398592113149 0.0317670803114125 0.0576169323423785 0.0731171122243784 0.0817041074921402 0.0839443316709072 0.0845929005198924 0.0847912693980895 0.0851580889961355 0.0853074074735155 0.0852136431009429 0.0845093013108824 0.0823045962688388 0.0787505444297097 0.0690629768738088 0.149823574496485 0.278461056960877 0.363433311978122 0.391491797057718 0.415689898946297 0.46024069512741 0.527649185221981 0.606390022957292 0.551607430424526 0.568246077735409 0.595403830796215 0.636739921042453 0.683286903280548 0.715786144542357 0.744800480332508 0.774823802919165 0.807319932099836 0.833564314524737 0.815731255294327 0.800913917444438 0.78268248297423 0.75328124144214 0.755509857606894
-9999 -9999 -9999 -9999 -9999 -9999 -9999 -9999 -9999 -9999 -9999 -9999 -9999 -9999 -9999 -9999 -9999 0.14858453374506 0.0830355076665876 0.0471499219168385 0.0429587065357532 0.0482337612631062 0.0709737451920642 0.0799882080444982 0.0827985822164488 0.0840765051277942 0.0849205747996349 0.0852022154564765 0.0852355127882989 0.0850564645172364 0.0845380762691263 0.0811259260457925 0.0787107439455361 0.0782952502146047 0.160195001616512 0.435246961289691 0.499652836471185 0.495165420710125 0.467753732973063 0.50588177985203 0.531888382245554 0.548175840957491 0.568885043555005 0.590802888186973 0.615717786305399 0.647000495423634 0.676656675405061 0.698306809150138 0.720910619182629 0.741913721769745 0.742919916348988 0.722499348586415 0.680184936015176 0.667327620276928 0.677250815072294 0.693093272268318
-9999 -9999 -9999 -9999 -9999 -9999 -9999 -9999 -9999 -9999 -9999 -9999 -9999 -9999 -9999 -9999 -9999 -9999 -9999 0.0855613669003418 0.0661939915074546 0.0517581803586077 0.0602591148133184 0.073047069827008 0.0790535247706192 0.0821048694095006 0.0839853561344904 0.0849605469725025 0.0851445520909007 0.0851551062952678 0.085034123065559 0.0837930564303354 0.0803318212665496 0.0769361515659089 0.0798475823150955 0.213657928137635 0.402611352656903 0.580915383506994 0.579835243470815 0.575755324224017 0.56901809764206 0.569158143655943 0.573155064707121 0.585956518299027 0.599199939351614 0.617425970650352 0.639151573938663 0.650468748880244 0.666092609499618 0.681262946841439 0.668448404867135 0.641611728968683 0.581087662358383 0.571985464627755 0.603516905538318 0.635771740708107
-9999 -9999 -9999 -9999 -9999 -9999 -9999 -9999 -9999 -9999 -9999 -9999 -9999 -9999 -9999 -9999 -9999 -9999 -9999 -9999 -9999 0.0845317452688985 0.0765252687078014 0.0725577435784661 0.0752112952514439 0.0795116977988673 0.0820271158226458 0.0839125012255357 0.0847303925524932 0.0850984184809913 0.0851044113459121 0.0847738003838221 0.0838702467521193 0.0800679182714695 0.0730508583732681 0.0700704201932598 0.128724619184097 0.462870228378745 0.618346123123312 0.63174529534852 0.5886883342691 0.576868534733815 0.570245651842431 0.578546893090311 0.592269496935459 0.604239617952432 0.629030937918483 0.644396209578695 0.64882336452958 0.664439530721195 0.654741923877357 0.614168870498886 0.56718948174135 0.553224583698127 0.564495503888811 0.609719087413842
-9999 -9999 -9999 -9999 -9999 -9999 -9999 -9999 -9999 -9999 -9999 -9999 -9999 -9999 -9999 -9999 -9999 -9999 -9999 -9999 -9999 -9999 -9999 0.0844992189446552 0.0730284293895146 0.0712823155415696 0.0760760959480586 0.0811507021924979 0.0833451433575969 0.084417126154541 0.0848113587606737 0.0849064160614475 0.0846489083584598 0.0836417169019023 0.0803733831900825 0.073942811377097 0.0757151608663297 0.132396164485001 0.378032935665148 0.589985189124484 0.652497596096788 0.634638104190842 0.605505984866962 0.593972988068745 0.593176622155936 0.614342099714543 0.642386173639591 0.659228299179908 0.663795825877941 0.670513380719819 0.656962040169522 0.618439127492963 0.56998380206483 0.546408918746594 0.551115174053194 0.576724862353423
-9999 -9999 -9999 -9999 -9999 -9999 -9999 -9999 -9999 -9999 -9999 -9999 -9999 -9999 -9999 -9999 -9999 -9999 -9999 -9999 -9999 -9999 -9999 -9999 -9999 0.0717550241444371 0.063578574856902 0.0671819377037971 0.0775447393589227 0.0817238282412151 0.0832657239801286 0.0843466763702837 0.0847235343019732 0.0844985990180885 0.0839265908644889 0.0829279977472815 0.0778006206716041 0.0796098925341311 0.143827565170707 0.454351767277485 0.704960301827008 0.693577106982158 0.665639362586626 0.636136782653468 0.636685463050307 0.657877784979282 0.665491430713647 0.689567564743309 0.691703471683749 0.68216127545584 0.662618456352458 0.616874215863455 0.572192213785904 0.548004426599576 0.53473166677799 0.527869101573806
-9999 -9999 -9999 -9999 -9999 -9999 -9999 -9999 -9999 -9999 -9999 -9999 -9999 -9999 -9999 -9999 -9999 -9999 -9999 -9999 -9999 -9999 -9999 -9999 -9999 0.0811033010037631 0.0707841113786778 0.0527298941652323 0.0600040954775264 0.0720675205745635 0.0781401846974699 0.0816024300210296 0.0833897423529855 0.083806972712271 0.0840143589997163 0.0836459198576789 0.08109818586188 0.0809899387283121 0.106053791315543 0.276933502242568 0.640244007958703 0.736378653525484 0.742179008111528 0.696893719179094 0.680184399300473 0.701900340138976 0.702834961126388 0.710758964212324 0.70019379081069 0.681108662966034 0.649880396220566 0.60640274723066 0.574049256391863 0.554985885854947 0.545577473604645 0.521056489172797
-9999 -9999 -9999 -9999 -9999 -9999 -9999 -9999 -9999 -9999 -9999 -9999 -9999 -9999 -9999 -9999 -9999 -9999 -9999 -9999 -9999 -9999 -9999 -9999 -9999 -9999 -9999 0.0656725044082679 0.0532168495432356 0.0592499304784312 0.0737047722745695 0.0771039033040865 0.0796078700038893 0.0809569492878864 0.081950167249514 0.0805698320104433 0.0793384553118682 0.0795353288221842 0.089436892887958 0.187704204614884 0.519676099629461 0.775996386633029 0.800619319314268 0.716537717291107 0.704409063070431 0.722343819206099 0.715393916539298 0.706777339084095 0.690870337517508 0.658768212587097 0.619936947856838 0.594354835041138 0.576782271670941 0.568435523519777 0.564055155202284 0.542122646616601
-9999 -9999 -9999 -9999 -9999 -9999 -9999 -9999 -9999 -9999 -9999 -9999 -9999 -9999 -9999 -9999 -9999 -9999 -9999 -9999 -9999 -9999 -9999 -9999 -9999 -9999 -9999 0.0776465851612921 0.065430615657657 0.0572110511979061 0.0589764461346459 0.0692031159492664 0.0751547712800846 0.0777284837555924 0.0779221941835143 0.0763507741423917 0.0748541879413195 0.0729040815215309 0.0703705123771454 0.135150909267761 0.49135728060773 0.80650639683658 0.776276154953566 0.672484558924586 0.673700571692093 0.718290252588889 0.709902506613304 0.686923659740975 0.66005808586059 0.624526462531813 0.596457737561966 0.584932624476019 0.58574927888547 0.594087485744045 0.602456435329278 0.601124691323616
-9999 -9999 -9999 -9999 -9999 -9999 -9999 -9999 -9999 -9999 -9999 -9999 -9999 -9999 -9999 -9999 -9999 -9999 -9999 -9999 -9999 -9999 -9999 -9999 -9999 -9999 -9999 -9999 0.0736952864623336 0.063403096701874 0.0331301302140316 0.055652128706386 0.0721021953711248 0.0770735859008772 0.0755787322616865 0.0707344133104558 0.0689372272945823 0.0675741965071875 0.0469458152094839 0.0773350597211524 0.408321513630374 0.813234529115402 0.789839517872537 0.614942067958306 0.620836160671169 0.704412223058468 0.673040713157002 0.641268106017291 0.615443875333837 0.58988575512541 0.560317699094849 0.577601600101579 0.607227938694787 0.635462996033176 0.64677459048126 0.666313056845472
-9999 -9999 -9999 -9999 -9999 -9999 -9999 -9999 -9999 -9999 -9999 -9999 -9999 -9999 -9999 -9999 -9999 -9999 -9999 -9999 -9999 -9999 -9999 -9999 -9999 -9999 -9999 -9999 0.0779092812962677 0.07432265452091 0.028631706190032 0.0477533886392004 0.073188147446521 0.0787029293704701 0.0761519302152508 0.0681677794096825 0.0643854267749047 0.0609509900220915 0.0379411452292868 0.0306300477076549 0.304124966776443 0.756522276816799 0.808049843402704 0.638785057087283 0.57114378780841 0.576908059437253 0.590770669539538 0.618037381434662 0.611500571311139 0.584323415153778 0.578001848743798 0.590560340292347 0.62052941705593 0.661341437157746 0.700421867636195 0.751437477124922
-9999 -9999 -9999 -9999 -9999 -9999 -9999 -9999 -9999 -9999 -9999 -9999 -9999 -9999 -9999 -9999 -9999 -9999 -9999 -9999 -9999 -9999 -9999 -9999 -9999 -9999 -9999 -9999 0.0798098618345621 0.0783020366088497 0.0274725604846601 0.0465800574351179 0.0779565028487998 0.0815725441698126 0.0776597746690591 0.0677193788886732 0.0629428648135993 0.0614280941928056 0.0388427827223847 0.0009626778534505 0.2225606693673 0.713087263215754 0.777712638049036 0.606484325642865 0.521420557128033 0.487864419783766 0.504526528625065 0.579595280248626 0.623731664087923 0.600996483052587 0.605549702418554 0.620120880542367 0.642655536585076 0.693000808540689 0.75573113917997 0.829379283729625
-9999 -9999 -9999 -9999 -9999 -9999 -9999 -9999 -9999 -9999 -9999 -9999 -9999 -9999 -9999 -9999 -9999 -9999 -9999 -9999 -9999 -9999 -9999 -9999 -9999 -9999 -9999 -9999 0.0786747601289192 0.0752395148306222 0.0158251406838603 0.0521465791551488 0.0783672577076534 0.0819237944854478 0.0795829418248631 0.0727153830710243 0.0662529592016224 0.0608264674869725 0.0326515444383687 -0.00968961507000987 0.217122229192082 0.666701256720145 0.735866795959081 0.546727933841524 0.449057206568231 0.440694721907655 0.468561717392651 0.520393676940051 0.575378176596074 0.623695981302512 0.653416594669083 0.671558464949752 0.694104118066124 0.748828512547796 0.825343417129166 0.89836015310341
-9999 -9999 -9999 -9999 -9999 -9999 -9999 -9999 -9999 -9999 -9999 -9999 -9999 -9999 -9999 -9999 -9999 -9999 -9999 -9999 -9999 -9999 -9999 -9999 -9999 -9999 -9999 -9999 0.0776500417845856 0.0652107339314091 0.0123766965393122 0.0591989431323495 0.0791698721588587 0.0820640221289319 0.0801413131340421 0.0761588735803999 0.0677760738795617 0.0609727827555876 0.0265927661601139 -0.00990057323304783 0.24728213278661 0.667972123124504 0.656222405641603 0.444922936714294 0.369160788233614 0.36398513166661 0.434826775703162 0.512608607464913 0.571131237905521 0.633459642224801 0.704213318030968 0.723750237360134 0.745561375744641 0.807668763741742 0.890733828438932 0.957019896506714
