meets/meet004/_saidas_enm/CCSM_SVM_21k_Cavanillesia_umbellata2.asc
NCOLS 154 
NROWS 168 
XLLCORNER -112 
YLLCORNER -55.5 
CELLSIZE 0.5 
NODATA_value -9999 
[rows 96 to 119 of 168, columns 56 to 111 of 154]
-9999 -9999 -9999 -9999 -9999 -9999 -9999 -9999 -9999 -9999 -9999 -9999 -9999 -9999 -9999 -9999 -9999 -9999 -9999 -9999 -9999 -9999 -9999 -9999 -9999 -9999 -9999 -9999 0.0594594390138231 0.109091793066563 0.122872337246952 0.117378049176807 0.119424595239692 0.120818327873953 0.121265431006127 0.123609901474461 0.134461693955114 0.160192221833773 0.225105034394181 0.251242845056098 0.157203836989764 0.0184785121511188 -0.0562901613629953 -0.0551555269507573 -0.0152005893051683 0.085782334516032 0.200276347996915 0.305304815120919 0.270516832669144 0.125462853650771 0.0720522462239649 0.126301307456552 0.247898987890879 0.270143038112026 0.198378574736891 0.0890737267324573
-9999 -9999 -9999 -9999 -9999 -9999 -9999 -9999 -9999 -9999 -9999 -9999 -9999 -9999 -9999 -9999 -9999 -9999 -9999 -9999 -9999 -9999 -9999 -9999 -9999 -9999 -9999 -9999 0.0551030034210691 0.104985091355626 0.122130225661325 0.116270557875784 0.119863645417517 0.121065603433162 0.121225017955471 0.122547927610397 0.131412106983335 0.15386111543513 0.203940152904772 0.216949900304762 0.138393484383907 0.0100553138020523 -0.07943871648365 -0.0903021631602283 -0.0905144796526998 -0.0878541284145243 0.0202503383832757 0.307952652093749 0.346890395947724 0.155137210842444 0.0339742948293906 0.134784912357854 0.258849956703215 0.264290418075097 0.154067160166779 0.051690698645086
-9999 -9999 -9999 -9999 -9999 -9999 -9999 -9999 -9999 -9999 -9999 -9999 -9999 -9999 -9999 -9999 -9999 -9999 -9999 -9999 -9999 -9999 -9999 -9999 -9999 -9999 -9999 -9999 0.0524064425012253 0.105130626883534 0.121477879639221 0.116190543445283 0.120118312267317 0.121300164646389 0.121482381808784 0.122444688629774 0.129082104455127 0.14941170325981 0.195732426723558 0.199328394695017 0.122036626233265 -0.00725650252570342 -0.0905084049443484 -0.0945197379528009 -0.0891947321346309 -0.096173751643595 -0.0840971235778046 0.0319293775824108 0.132634836872767 0.167616061931603 0.182232064521131 0.20454108395673 0.227028947239486 0.189871151101537 0.104215134188885 0.0155156719922059
-9999 -9999 -9999 -9999 -9999 -9999 -9999 -9999 -9999 -9999 -9999 -9999 -9999 -9999 -9999 -9999 -9999 -9999 -9999 -9999 -9999 -9999 -9999 -9999 -9999 -9999 -9999 -9999 0.0521130553763994 0.104132347670606 0.120299809979645 0.11707878559519 0.120450869304925 0.121416437599039 0.121585829571597 0.122137203193034 0.127414578499354 0.148638459619057 0.196359828396909 0.182339085401482 0.0961673218426924 -0.0256754780570201 -0.0974723035550197 -0.0897429305531576 -0.0761686834793027 -0.077999025538193 -0.104222499037657 -0.0660450818647249 0.0199205802433284 0.194441525889678 0.390099837652118 0.227784013934978 0.172550846749532 0.119174537523926 0.0488748582896041 -0.00971813565589985
-9999 -9999 -9999 -9999 -9999 -9999 -9999 -9999 -9999 -9999 -9999 -9999 -9999 -9999 -9999 -9999 -9999 -9999 -9999 -9999 -9999 -9999 -9999 -9999 -9999 -9999 -9999 -9999 0.0529211827327797 0.104199288707799 0.118432989891004 0.117547701361469 0.120064452423052 0.12116463943411 0.121555994410697 0.122274856929728 0.128020409204448 0.149898402620282 0.190562979582712 0.162536033027756 0.0720053429257079 -0.0421543241901116 -0.0946738277683448 -0.0838859996604428 -0.0705020437046227 -0.0813341487247761 -0.0999095719761916 0.0101756540304344 0.141631748455642 0.157106325982287 0.125758438956089 0.106846623213748 0.0892208581582586 0.0521465820044837 0.00819095306846901 -0.0331442553207855
-9999 -9999 -9999 -9999 -9999 -9999 -9999 -9999 -9999 -9999 -9999 -9999 -9999 -9999 -9999 -9999 -9999 -9999 -9999 -9999 -9999 -9999 -9999 -9999 -9999 -9999 -9999 -9999 0.0526318292339071 0.105131491642142 0.117653952827209 0.117678288263326 0.119437988185885 0.120692543323538 0.121428111184626 0.122393985897445 0.128766517482503 0.154836442341249 0.186619073743183 0.140906627767746 0.0458246546954981 -0.0439579603734995 -0.0704401398575907 -0.0666846916706555 -0.0627963767531987 -0.0725527901236366 -0.070232916059544 0.14558569710547 0.273849899046701 0.119738066055902 -0.0124175953098341 0.0199361568596525 0.023645035278489 0.011346303996208 -0.00729372815241341 -0.043560177599932
-9999 -9999 -9999 -9999 -9999 -9999 -9999 -9999 -9999 -9999 -9999 -9999 -9999 -9999 -9999 -9999 -9999 -9999 -9999 -9999 -9999 -9999 -9999 -9999 -9999 -9999 -9999 0.0861367194374532 0.051655383431671 0.105800705258142 0.114897762822652 0.116159855067408 0.118529700443199 0.120283413588976 0.121322902958524 0.122496980101765 0.131240811078164 0.163810885923548 0.178831128041553 0.114877919199756 0.0259868794572279 -0.0293284623960492 -0.0244403157231269 -0.0309149470130374 -0.0475531468994559 -0.0605592143286092 -0.0485146827844365 0.0968000209449972 0.196580758890968 0.0957188196651831 0.00737616527490731 -0.00870424944452247 0.00107921914673315 -0.00591672096123486 -0.0254863701404539 -0.0395709696042965
-9999 -9999 -9999 -9999 -9999 -9999 -9999 -9999 -9999 -9999 -9999 -9999 -9999 -9999 -9999 -9999 -9999 -9999 -9999 -9999 -9999 -9999 -9999 -9999 -9999 -9999 -9999 0.0844679345092237 0.0506520861785343 0.107824860421483 0.11165980023237 0.114712068237505 0.11742369049575 0.119811961006843 0.121183108215262 0.122171038522117 0.128780454591293 0.155381436051044 0.151107554597924 0.0905180341960916 0.0174427692021349 -0.0114466342414093 0.00854873319809979 -0.0020599198363046 -0.0277522227448576 -0.0423691421598802 -0.0470998217127743 0.0365142542162136 0.103075909814643 0.0429163376137917 -0.0132298758632147 -0.0353081933220661 -0.0287505410532177 -0.0296012562238286 -0.0403204457312061 -0.042273859419986
-9999 -9999 -9999 -9999 -9999 -9999 -9999 -9999 -9999 -9999 -9999 -9999 -9999 -9999 -9999 -9999 -9999 -9999 -9999 -9999 -9999 -9999 -9999 -9999 -9999 -9999 -9999 0.083053203428008 0.0530621332454538 0.10930818735464 0.108100144662821 0.112904203467657 0.116862959925293 0.119810274735382 0.120800705582742 0.120187737976186 0.122504961997217 0.124892023796363 0.116183433226132 0.0711099050744015 0.0135723325034833 -0.00428623577871373 -5.33995551202371e-05 -0.00369245267166862 -0.0146840359659852 -0.0267907901617281 -0.0417268880786033 -0.0177631217061503 0.0193618995729787 -0.00191243146238224 -0.0495640643772774 -0.0557045342234284 -0.064636778044013 -0.0629586893797174 -0.0560579627208571 -0.0440348924442296
-9999 -9999 -9999 -9999 -9999 -9999 -9999 -9999 -9999 -9999 -9999 -9999 -9999 -9999 -9999 -9999 -9999 -9999 -9999 -9999 -9999 -9999 -9999 -9999 -9999 -9999 -9999 0.085250173263493 0.0619689936107606 0.110562973950025 0.103196583150361 0.112670091212344 0.117056053018851 0.120013407063484 0.120359998017968 0.116159710837431 0.108117144194122 0.104556469508936 0.0990302572374275 0.0603606161181964 0.017095360386821 0.00815158215055561 0.00964088859824136 0.00398026106414584 -0.0038566293940076 -0.0154589713744317 -0.0191675164031433 -0.0083220228034126 0.0105949015059922 0.00836590388294178 -0.0296889840808253 -0.044431372061332 -0.0641791259490612 -0.0614400640643419 -0.0462341273647552 -0.029691573443467
-9999 -9999 -9999 -9999 -9999 -9999 -9999 -9999 -9999 -9999 -9999 -9999 -9999 -9999 -9999 -9999 -9999 -9999 -9999 -9999 -9999 -9999 -9999 -9999 -9999 -9999 -9999 0.0995605133685374 0.0811373310050673 0.108404654570666 0.101375640782546 0.112969556768172 0.117803456109862 0.120525881439982 0.119859797339792 0.110863771404405 0.0940499777515665 0.0881153993873505 0.0882074911897138 0.0486427644185519 0.0206044460688015 0.0211548802566062 0.0196776004833014 0.0144588302420846 0.00503177958176937 0.0101235896660036 0.00626735368871706 0.0200880760597184 0.0444641019337166 0.0408872727550977 0.0395922077013379 -0.00952519085334258 -0.0408678770850865 -0.0455712524640047 -0.033677907933321 -0.0172039444182359
-9999 -9999 -9999 -9999 -9999 -9999 -9999 -9999 -9999 -9999 -9999 -9999 -9999 -9999 -9999 -9999 -9999 -9999 -9999 -9999 -9999 -9999 -9999 -9999 -9999 -9999 -9999 0.122833465614973 0.10089924020565 0.104864841752845 0.103442946059523 0.113655349621122 0.118276954234038 0.12079579863439 0.119079857702311 0.107250702617309 0.0873272023572851 0.0758723140795131 0.0790398385701074 0.0384489095881978 0.0259979750503834 0.033083948000563 0.0328789598073002 0.0239493555451695 0.0122869933255382 0.0082118465636995 0.00146293442748796 0.00966771707038283 0.0287006819541091 0.0389907484146865 0.0437800533872551 0.00685258867802852 -0.0230440656181445 -0.0286814318954933 -0.01762003623841 -0.00114344170337577
-9999 -9999 -9999 -9999 -9999 -9999 -9999 -9999 -9999 -9999 -9999 -9999 -9999 -9999 -9999 -9999 -9999 -9999 -9999 -9999 -9999 -9999 -9999 -9999 -9999 -9999 -9999 0.141453413363653 0.11159368262002 0.101716258378285 0.106195274062168 0.113490104859995 0.118145429468349 0.120788922893574 0.118122543761174 0.104166242312714 0.0734865752164398 0.0637647677588435 0.0706834471502666 0.0323137472449673 0.034345161093086 0.0441958887609357 0.0461556538068492 0.0395122909386595 0.0254811788067232 0.0117192252189538 -0.00310351565861761 -0.0108099053706177 -0.00334033034767556 0.015792891105482 0.0215144364634244 0.00432740944220772 -0.0130644790411102 -0.0162159412483099 -0.00767619136765318 0.00682726048904719
-9999 -9999 -9999 -9999 -9999 -9999 -9999 -9999 -9999 -9999 -9999 -9999 -9999 -9999 -9999 -9999 -9999 -9999 -9999 -9999 -9999 -9999 -9999 -9999 -9999 -9999 -9999 0.139766191819983 0.114108707253056 0.101012131684831 0.103982072680972 0.110746427221225 0.116178685339248 0.120113435270309 0.115023240970559 0.095682019701816 0.0586788316131264 0.0635954330476433 0.0563156837123343 0.0246995645574258 0.0360044854443814 0.0514796394333537 0.0540052999613786 0.0493415449048962 0.0383362704621216 0.0254709284981363 0.00882940068256283 -0.00061269368245559 -0.00117928634664599 0.00592733450844257 0.00807479771462744 0.00178057429049849 -0.00527940440495045 -0.00613309144817553 0.000381091932571798 0.0114312025241924
-9999 -9999 -9999 -9999 -9999 -9999 -9999 -9999 -9999 -9999 -9999 -9999 -9999 -9999 -9999 -9999 -9999 -9999 -9999 -9999 -9999 -9999 -9999 -9999 -9999 -9999 0.146440772877803 0.132161006462227 0.113124296427333 0.0988417881790696 0.101192635302908 0.105119669939724 0.112263650290932 0.118354704832675 0.109936140135029 0.0864405931755241 0.0548666143921236 0.0706415002012488 0.049354338706 0.0270490364806262 0.0432143285884434 0.0545140052679838 0.056836875522609 0.0535594605840511 0.043167030419418 0.0326104232635511 0.0216880698198892 0.0132886931563798 0.010089979954591 0.00795300255275055 0.00607221999353669 0.00367407783091822 0.00171905166150749 0.00149516052914345 0.00632554405426927 0.0137750791570865
-9999 -9999 -9999 -9999 -9999 -9999 -9999 -9999 -9999 -9999 -9999 -9999 -9999 -9999 -9999 -9999 -9999 -9999 -9999 -9999 -9999 -9999 -9999 -9999 -9999 -9999 0.138607645411069 0.122442945035325 0.106713929816629 0.095149148166454 0.094319349725327 0.0995917234258198 0.109248058261492 0.116830753881298 0.104524849821952 0.0768342510959892 0.0725837710076449 0.0730752378550048 0.0514063499640273 0.0379441370458565 0.0452875009803516 0.0541225712603469 0.0566224915537432 0.0545686697231743 0.0470654786371689 0.0387423680351298 0.0295521495556558 0.0219944190799329 0.0170641247670621 0.0140461444879865 0.0117203234729897 0.00908178990166042 0.00775421386885605 0.00774086403793994 0.0117486052304655 0.0176870628338414
-9999 -9999 -9999 -9999 -9999 -9999 -9999 -9999 -9999 -9999 -9999 -9999 -9999 -9999 -9999 -9999 -9999 -9999 -9999 -9999 -9999 -9999 -9999 -9999 -9999 -9999 0.130645681779756 0.110777065965766 0.095718957801023 0.0905632926769298 0.0918322023009349 0.0955957008674652 0.109338331436157 0.115925014853629 0.109413969134717 0.0813301332471121 0.0825902394445112 0.067007698270208 0.0490760304168394 0.0447732947971513 0.048130270045549 0.0510098337413167 0.0520859969984253 0.0507842734362091 0.0451197697591558 0.0412842939599914 0.034391154171225 0.0280335888988125 0.0232233648566633 0.0204072737458611 0.018777114307523 0.0157181948126192 0.0141769911104933 0.0142494203184207 0.0175751014461813 0.0219894431081819
-9999 -9999 -9999 -9999 -9999 -9999 -9999 -9999 -9999 -9999 -9999 -9999 -9999 -9999 -9999 -9999 -9999 -9999 -9999 -9999 -9999 -9999 -9999 -9999 -9999 -9999 0.120922338870578 0.0985614368809264 0.0912117304437105 0.0866616659177745 0.0818629994792985 0.0903547085305924 0.106269100047776 0.113878318812364 0.108286328474789 0.0910421112987509 0.0795510352171956 0.0581143432382814 0.0477823484894174 0.0482756289099476 0.0510170500602533 0.0500211782061703 0.0491309171272357 0.0474272991602375 0.0437297428013246 0.0405921758440884 0.0361629828258677 0.0326589032430165 0.0296133529795293 0.0268391674074628 0.0249242617445981 0.0230271976776712 0.0217509770515706 0.0209469170502324 0.0224448976320435 0.0248519690048383
-9999 -9999 -9999 -9999 -9999 -9999 -9999 -9999 -9999 -9999 -9999 -9999 -9999 -9999 -9999 -9999 -9999 -9999 -9999 -9999 -9999 -9999 -9999 -9999 -9999 0.172957192375373 0.110771754463499 0.0942109198661188 0.0964125534824573 0.082845581813484 0.0785619014049618 0.0853986293659045 0.100923401268632 0.100554443282792 0.0894841881804838 0.0975014183464258 0.0790769517570685 0.0528947250120211 0.0488463223327976 0.0531311384823675 0.0595952735736232 0.0532408013400755 0.050670486508419 0.0491290579275424 0.0481740141891646 0.0528730750033066 0.0409550443505717 0.0364183755829926 0.0360833013807166 0.0342338035910648 0.0317962785356931 0.029844663060023 0.0292526264760768 0.0280853096461491 0.0285233669405233 0.0284329164461746
-9999 -9999 -9999 -9999 -9999 -9999 -9999 -9999 -9999 -9999 -9999 -9999 -9999 -9999 -9999 -9999 -9999 -9999 -9999 -9999 -9999 -9999 -9999 -9999 -9999 0.135509297468934 0.102146245786515 0.0908744331716429 0.0921029981356025 0.0783578146347377 0.0723024194045771 0.0777216212113252 0.0835498895596494 0.0793479282131533 0.0825208078503631 0.0869820852961985 0.0754826695732692 0.0583791873702376 0.054996940105153 0.0559640039382971 0.0580523710022139 0.0548796035283279 0.0521776594899652 0.0507790010352309 0.0521969641098004 0.0534650272231361 0.043210039851042 0.0398501633312178 0.040818563734675 0.0401216594203088 0.0381049767668366 0.0371594579083757 0.0367543934064469 0.035222333298365 0.0349990195453551 0.0348612756860076
-9999 -9999 -9999 -9999 -9999 -9999 -9999 -9999 -9999 -9999 -9999 -9999 -9999 -9999 -9999 -9999 -9999 -9999 -9999 -9999 -9999 -9999 -9999 -9999 -9999 0.124390923865764 0.0959150041946403 0.0891130463424888 0.0899982004398545 0.0718374963870111 0.0693553511084223 0.06899096166599 0.0678518669652656 0.0671261436483342 0.0742949565511516 0.082931230073841 0.0748481415848175 0.0637558683209652 0.0600922705762532 0.0603582475491614 0.0586347103068853 0.0561915258343279 0.0534731416307623 0.0515586065942907 0.0511208927274108 0.0543768612020257 0.044734087819113 0.0442359249820179 0.045951732613877 0.0454446039432823 0.0436096690800518 0.0433488463212909 0.0435960304527692 0.0425560228075422 0.0425366176144352 0.0419267664818997
-9999 -9999 -9999 -9999 -9999 -9999 -9999 -9999 -9999 -9999 -9999 -9999 -9999 -9999 -9999 -9999 -9999 -9999 -9999 -9999 -9999 -9999 -9999 -9999 -9999 0.116870507352801 0.0919638306658626 0.085200532491554 0.0836830058469002 0.064474465979142 0.0566206260078443 0.0594219784587401 0.0606911514990648 0.0603008939825539 0.0706688724165744 0.0799726459840425 0.0756817510739515 0.0670473637461564 0.06440072648663 0.0636341204604807 0.0626194258100173 0.0580978133404091 0.0553278477673029 0.0534090061173724 0.0505640985093943 0.0485026249898116 0.0472843529303656 0.048415305923957 0.0491114376262436 0.0494435024687297 0.0493034464098387 0.0492891574837994 0.0494834640764102 0.0482658842154157 0.0483588718798472 0.0484716897818869
-9999 -9999 -9999 -9999 -9999 -9999 -9999 -9999 -9999 -9999 -9999 -9999 -9999 -9999 -9999 -9999 -9999 -9999 -9999 -9999 -9999 -9999 -9999 -9999 -9999 0.112458472723764 0.0881781439216206 0.0835587611297248 0.0816510819327349 0.0592886569979728 0.0506572581837879 0.053501707369177 0.0589852886573833 0.0603296747187905 0.0724444699839127 0.0825078850233373 0.0781961105807108 0.069281454004377 0.0664276240371886 0.066814924902722 0.0661062900296638 0.060704376906436 0.058586375727646 0.0581486208710039 0.0562022007641776 0.0562287855195876 0.0535918848071633 0.0530095662234659 0.0527562588427375 0.0534810325326294 0.0539976777584744 0.0537697639009889 0.0542818762402879 0.053597438853954 0.0543298022833545 0.0542616552482544
-9999 -9999 -9999 -9999 -9999 -9999 -9999 -9999 -9999 -9999 -9999 -9999 -9999 -9999 -9999 -9999 -9999 -9999 -9999 -9999 -9999 -9999 -9999 -9999 -9999 0.107946837983135 0.0842559082600216 0.0827724775694381 0.079713757942052 0.0569065427929258 0.0461611015677206 0.0526625891308289 0.0587838824433182 0.0627049171652432 0.073826553245094 0.0836290878696257 0.0789091561296226 0.071711236724659 0.0683635112543129 0.0674110688893725 0.0659788164727672 0.0625391033005229 0.0632044298629784 0.0641864699344916 0.0621082588900785 0.059435210833774 0.0580047727893173 0.0573546225689983 0.056230117216523 0.0566430733136317 0.0573825345873083 0.0578731817881151 0.0585671949302434 0.0577580452003537 0.0583246017016156 0.0591279525347332
