meets/meet004/_saidas_enm/CCSM_Maha_0k_Aralia_warmingiana1.asc
NCOLS 154 
NROWS 168 
XLLCORNER -112 
YLLCORNER -55.5 
CELLSIZE 0.5 
NODATA_value -9999 
[rows 75 to 99 of 168, columns 56 to 111 of 154]
-9999 -9999 -9999 -9999 -9999 -9999 -9999 -9999 -9999 -9999 -9999 -66.3847911857662 -82.2950156557544 -75.4687328045002 -60.553433273936 -37.2434657530743 -12.3442665788545 -1.59155856774078 -1.92056841982525 -3.86813411999356 -4.61839188495963 -3.53378162784224 -2.80023556913527 -2.55276527994281 -1.96764316181111 -1.58672375513502 -1.39970761242198 -1.2582345455497 -1.13264799318647 -0.902444175033759 -0.796818968818735 -0.730637324776474 -0.796168525865927 -0.79539058776835 -0.624508707091513 -0.611051920461957 -0.621066952020521 -0.712085896572613 -0.324890353619815 -0.00783646175150077 0.0615761137709077 0.124442642671687 -0.0560083837546979 -0.534438300698922 -1.33380937620234 -2.46080657856634 -3.21501530371564 -4.35561544225604 -5.84733998180472 -7.62676433552461 -9.71476242127351 -10.9833491178519 -12.3142606968397 -12.8598197928895 -12.3747087183773 -12.2555908500344
-9999 -9999 -9999 -9999 -9999 -9999 -9999 -9999 -9999 -9999 -9999 -63.5304011824814 -65.7563903078777 -62.8145253264119 -59.5979375177668 -45.7565647426136 -22.1840374712946 -3.40420581222681 -1.44902030459832 -1.6039125327764 -4.76824591442883 -3.77709073237825 -2.41285738795334 -2.09029844585492 -1.86407586709038 -1.84530212297901 -1.58863480779621 -1.43450136726321 -1.35239957961807 -1.21627826897928 -1.18807145786392 -1.12806493805025 -1.06852843301253 -1.02855019663469 -0.765744498203472 -0.602925920295994 -0.546087769235028 -0.471577346984644 -0.503834832620663 -0.119435587826773 0.255045541356628 0.378494272468788 0.297735805593688 0.147388721055713 -0.203239719828754 -0.889493499141247 -1.64659254059636 -2.41503670327446 -3.40752483936744 -4.78426587203598 -6.31979085942248 -7.50699241411777 -8.61021663414413 -9.31851959817854 -9.68407162176614 -11.0592926716729
-9999 -9999 -9999 -9999 -9999 -9999 -9999 -9999 -9999 -9999 -9999 -9999 -65.8506057400601 -59.6675566541962 -53.9994894783067 -43.6662604267494 -31.6015744508811 -18.9755049662656 -6.95215180124018 -2.49967525750387 -1.64339129936513 -2.07182265553077 -2.78754616195553 -2.02662176169692 -1.61289530669254 -1.52046117441703 -1.50922878431572 -1.58246549966131 -1.67028683737568 -1.69183480450329 -1.67641197560671 -1.58177404634919 -1.44938209689734 -1.30484763463761 -1.01717760239021 -0.806454823292434 -0.668765643694794 -0.576852678246242 -0.447424757853112 -0.306996867375418 -0.300583741014926 -0.00383571400065841 -0.0673724691690603 -0.0731862099063021 0.103282504691733 0.016793143330777 -0.429364480551973 -1.09952138188445 -1.52998366251474 -2.29690644476398 -3.37703594537577 -4.20639135747304 -5.05311959069315 -5.99893196696976 -6.94972272224079 -8.60728417735074
-9999 -9999 -9999 -9999 -9999 -9999 -9999 -9999 -9999 -9999 -9999 -9999 -72.398478169128 -62.9161959340504 -44.7213436455936 -36.9391638509919 -47.405686038318 -54.9477163617089 -41.4990869580067 -18.1878834134264 -3.08077700303202 -1.24474193163482 -2.55670824499538 -2.37054394206714 -1.35844963864917 -1.04967874149221 -1.4765370219428 -1.91781599461979 -2.23309273382906 -2.42953484857597 -2.46912801560014 -2.36777074910936 -2.26739147827617 -2.03583342662279 -1.61725567395704 -1.38539629226638 -1.2208419017099 -1.14057978790343 -0.901965622876851 -0.505589326334233 -0.385858757552304 -0.717121366132961 -0.793615993924318 -0.730107944567806 -0.250473820865668 -0.112274163863614 -0.303159504455874 -0.639475933612267 -0.709145750581426 -0.939782754884493 -1.63198261317597 -2.17295680542806 -2.88783848430607 -3.60912260194965 -5.06175418393545 -7.22543542507551
-9999 -9999 -9999 -9999 -9999 -9999 -9999 -9999 -9999 -9999 -9999 -9999 -9999 -68.7291249589254 -46.4853007533079 -51.9591972842586 -75.985931541433 -107.177860709887 -104.630275130049 -75.1343243473565 -32.7984281571559 -6.40648306189491 -1.66757990769598 -2.34164824114291 -0.866490441737533 -0.987107821837463 -1.05015728267361 -2.29361262213652 -3.51825664605386 -3.45970467819596 -3.442983199271 -3.31400401218589 -3.21494122421525 -2.94560378854382 -2.5294044309747 -2.2770994718654 -1.95592895904046 -1.78523188288565 -1.45030269497604 -1.0046826563477 -0.765306098395735 -0.827867550057842 -1.21526770093937 -0.896152244104712 -0.570607426522415 -0.567928953413454 -0.573513602125463 -0.677552693336996 -0.403608272135164 -0.291747783080905 -0.525147707361485 -0.789478217219872 -1.60251792889731 -2.86247554864861 -4.1696714283515 -5.86132636982058
-9999 -9999 -9999 -9999 -9999 -9999 -9999 -9999 -9999 -9999 -9999 -9999 -9999 -66.6418089867367 -49.7857193008399 -67.2530881536309 -104.993813346648 -179.513863530371 -187.782405331169 -141.00861373459 -106.812664885428 -40.076644165073 -8.79573625613732 -10.0161998681849 -11.4184674452103 -1.7685308776324 -1.23474606641046 -2.44484192802247 -4.28054533856745 -4.54495366787413 -4.52668446999101 -4.49038271368932 -4.2632242667318 -3.89207999686982 -3.48375743370512 -3.34082501214869 -2.62470487765749 -2.29160959399864 -1.90935834112503 -1.49503238187145 -1.35541126630488 -0.931619649424831 -1.04876513317659 -0.966549344675957 -0.634338815652004 -1.06277824214715 -0.801339094278565 -0.804308546312261 -0.51371927789183 -0.331070690133248 -0.312719048901489 -0.851918761387632 -1.61938985375104 -2.51536307533123 -3.44367374776712 -4.85632232446613
-9999 -9999 -9999 -9999 -9999 -9999 -9999 -9999 -9999 -9999 -9999 -9999 -9999 -9999 -49.0139621280448 -66.7479927443094 -111.748924263063 -186.572058918206 -206.670238307912 -181.877545417464 -148.113725632431 -105.794812814757 -79.1038496784427 -69.9111569107997 -50.2284531935597 -35.9756501771198 -19.8418851347057 -6.31947150927424 -5.16234154271907 -4.01763789113706 -5.02380678000319 -4.75887493625943 -4.79651877466655 -4.76364571430992 -4.01485081181969 -3.54992609353861 -2.80482775227088 -2.25266512690317 -1.7519042671861 -1.3791227658459 -1.19127457774447 -0.818345251007985 -0.63483800703891 -0.740638240574518 -0.534834185017127 -0.610921458742723 -0.724044462143004 -1.10632527716332 -1.22715146291649 -0.985230557631304 -1.05108376118933 -1.22900868052589 -1.69328597178519 -2.14669477292882 -2.36390458936313 -2.9844728040208
-9999 -9999 -9999 -9999 -9999 -9999 -9999 -9999 -9999 -9999 -9999 -9999 -9999 -9999 -47.7898760925968 -53.7439628110395 -97.5015322048309 -159.951947420351 -198.858917041235 -204.129749898927 -197.793781421661 -203.32419204021 -232.57825950246 -230.722876759813 -159.441890025028 -135.061939755104 -74.9486893445865 -34.2560364781148 -20.8311691974013 -9.52947905009097 -7.28450244788888 -4.32979421512157 -4.4001718651701 -5.04866205859085 -4.351195606618 -3.86405563483556 -2.72512383672591 -2.11601114835385 -1.4555264874876 -0.908541116186216 -0.896494309797295 -0.518324555429007 -0.495252229169529 -0.673417991957658 -0.92993442887566 -0.841993660613232 -1.03360774273586 -1.45074304168849 -1.90446045052165 -1.57362798018034 -1.7807153455763 -1.49857874263919 -1.67312926866791 -1.74007061395481 -1.44279332327644 -1.39560468662888
-9999 -9999 -9999 -9999 -9999 -9999 -9999 -9999 -9999 -9999 -9999 -9999 -9999 -9999 -9999 -57.6579903810349 -74.124937060875 -111.793857868317 -159.753357023451 -208.949104522919 -260.900633356149 -282.486764533297 -317.511921104453 -317.737223937555 -289.746871953893 -271.917763502533 -211.040712445915 -163.539884220155 -99.3879294341874 -31.9645076830903 -8.81173876130341 -4.4406130599632 -3.95248504827683 -5.61180156147257 -4.39090477008125 -2.89600350009734 -2.43246443276812 -2.11504974997778 -1.32700891672684 -0.427635750725181 0.0701673859631438 0.0492357355697832 -0.43336073123188 -0.7898786048687 -0.986052469452651 -1.20766192532904 -1.32895499829959 -1.65663134327573 -1.97671288978849 -1.46076263762938 -1.15698028174364 -1.03046934059564 -1.08673166697621 -1.03068130212927 -0.855852658873243 -0.729107822539971
-9999 -9999 -9999 -9999 -9999 -9999 -9999 -9999 -9999 -9999 -9999 -9999 -9999 -9999 -9999 -56.8770601787515 -75.1663623181977 -79.2153895891607 -123.313258594118 -192.304329922884 -295.079506836779 -302.315625961404 -357.079317964418 -372.271597466874 -369.754101267295 -446.22425051332 -356.669810562273 -378.6642865609 -273.15075014643 -93.5073547809146 -24.6712896654093 -5.82736443358737 -5.85968361863386 -5.32807671969295 -4.041649033734 -2.19928082947263 -2.44620673653508 -2.30951885900619 -1.49606240797357 -0.762902337060244 -0.332828800747146 0.10701157737413 -0.411544565944824 -0.991116727339135 -0.998826930541063 -1.33286731396627 -1.63216071549527 -1.78473032710947 -1.90424043612464 -1.1182648074945 -0.558815914713516 -0.4250012938442 -0.444320940209573 -0.423713504004544 -0.38336505962092 -0.293854322925093
-9999 -9999 -9999 -9999 -9999 -9999 -9999 -9999 -9999 -9999 -9999 -9999 -9999 -9999 -9999 -21.7816861635678 -98.8821743893688 -85.7747775476844 -100.179539402581 -135.92317427404 -192.490325959814 -241.838470919316 -285.617506294985 -303.790637242995 -297.221572825691 -306.276057733442 -322.600410679034 -328.051310905367 -255.784538977759 -143.170808228755 -57.4101794489835 -9.77918353387678 -3.97395693768727 -3.51672740315435 -2.7784112246512 -3.11499973066673 -2.79457542821034 -2.10449815236743 -1.60383177219661 -1.49960126359443 -1.89236510247081 -0.26660479328401 -0.336866827132068 -1.01252567889325 -1.09087249572888 -1.16562659332568 -1.61030847514971 -1.79225458455302 -1.79628376432067 -1.15515635938766 -0.466675586176431 -0.392881175242678 -0.327496199201238 -0.349230654291145 -0.579744769230648 -0.421206703577075
-9999 -9999 -9999 -9999 -9999 -9999 -9999 -9999 -9999 -9999 -9999 -9999 -9999 -9999 -9999 -9999 -57.6649341512377 -119.825919272539 -104.856142939411 -102.702626405176 -124.925479611725 -170.324204507877 -213.221514482951 -240.932517820028 -238.490952427897 -239.446056882011 -263.810133704565 -294.841776694783 -255.239339077892 -179.022730246074 -104.535037672298 -34.6868171010476 -6.55878101444627 -5.67613086091205 -2.1448389798872 -1.95017270656449 -2.01379409476059 -1.59908668760311 -1.21910817400467 -1.08015493413885 -1.92100309317767 -0.0432165847942811 -0.491860685175564 -1.1403019782588 -1.0367817827925 -0.893936074299993 -0.906193411464453 -1.36215753154323 -1.14128352077094 -0.805175729275029 -0.771843336636469 -0.285763314875119 0.0195366012886766 -0.0228779514215391 -0.365950432847014 -0.668146026899002
-9999 -9999 -9999 -9999 -9999 -9999 -9999 -9999 -9999 -9999 -9999 -9999 -9999 -9999 -9999 -9999 -9999 -49.400583184677 -144.354560446259 -117.322900604476 -110.003057660716 -127.967222704884 -163.575218544059 -200.013129730837 -221.000102704467 -245.541656590718 -270.719953795169 -288.106913908955 -255.613042219741 -208.988573885426 -152.247264805598 -84.5691357847637 -36.4593816144059 -14.8537449934494 -5.89136896561471 -1.44165693360333 -0.82892843770156 -0.79588582734869 -1.12246719825057 -0.286008204225941 -0.00315700228064331 -0.00188854724230314 -0.582003601831505 -0.80405706532732 -0.514458860242397 -0.177957283746327 -0.078830687095224 -0.112642084854627 -0.398238288224557 -0.310959724980245 -0.269298429897043 -0.223580607832459 -0.366164444261489 -0.489622247746551 -0.796594222906096 -1.38473680379382
-9999 -9999 -9999 -9999 -9999 -9999 -9999 -9999 -9999 -9999 -9999 -9999 -9999 -9999 -9999 -9999 -9999 -9999 -9999 -162.540002431669 -149.993099248838 -138.869382748184 -143.221653125385 -178.046441818697 -214.45289371623 -244.730240283938 -280.457018789969 -299.793410263069 -270.438540396658 -229.418286487246 -195.723465230307 -136.760049494977 -96.9010344393785 -55.2787637744949 -18.2383240762666 -6.16180890538216 -2.39584508285269 -0.878272086769594 -0.624672146120427 -0.641353425002874 -1.34809610455243 -0.718733511624078 -0.641778183252705 -0.428786422906816 0.0385701696627971 0.254798267875239 0.356205922663203 0.357978354360656 0.0186674305047849 -0.701807396572782 -1.27275554305978 -1.39834701717306 -1.87195394284033 -1.83542299879779 -1.66664846108322 -1.9255626832557
-9999 -9999 -9999 -9999 -9999 -9999 -9999 -9999 -9999 -9999 -9999 -9999 -9999 -9999 -9999 -9999 -9999 -9999 -9999 -9999 -9999 -170.1140102542 -151.586226536923 -149.973378390129 -172.628268455977 -222.668879748716 -254.566317277117 -278.37500514889 -271.781024907475 -237.138174196629 -209.861546705133 -177.249601761074 -157.336460824947 -119.3107867599 -60.5547768219829 -28.5507349965918 -11.5766168951213 -3.01195612547469 -0.503769669598135 -0.319638317097477 -0.579411514623628 -0.539455775831507 -0.319518442657442 0.157674721802259 0.373106396523659 0.526441600417216 0.586105502836019 0.507674126379809 0.14578127083125 -0.687824961034026 -1.53049279876539 -2.02497342757508 -2.28861268460256 -2.23040763922828 -1.9904586301897 -1.46397244503208
-9999 -9999 -9999 -9999 -9999 -9999 -9999 -9999 -9999 -9999 -9999 -9999 -9999 -9999 -9999 -9999 -9999 -9999 -9999 -9999 -9999 -9999 -9999 -149.179754984977 -138.147101877246 -160.424029415828 -201.08615833023 -233.544814191191 -250.52795251989 -241.970606948965 -232.401849490679 -201.107572138498 -200.809506963444 -173.673586047874 -123.757088844432 -77.3673723216376 -32.6267321372192 -9.12435102269876 -2.93101805824094 -0.861796689700852 -1.0783119481893 -0.446476634253549 -0.132106623364736 0.321048095955322 0.656912310410123 0.797561862540254 0.796712006522265 0.697947101798491 0.346665772907028 -0.562100606508005 -1.39462321854071 -1.87486908011561 -2.19260287394377 -2.26868985252524 -2.13588960982922 -2.02124032070333
-9999 -9999 -9999 -9999 -9999 -9999 -9999 -9999 -9999 -9999 -9999 -9999 -9999 -9999 -9999 -9999 -9999 -9999 -9999 -9999 -9999 -9999 -9999 -9999 -9999 -116.682618138524 -143.71392279913 -176.252891706413 -206.299364092369 -224.943091695477 -228.205422049938 -219.408335751629 -229.316985470834 -216.555528808734 -187.265677113258 -167.010181913367 -88.9428926028297 -42.4852063285822 -12.5906279855206 -1.45139079462539 0.0565655533981594 -1.15502224542735 -0.589874896761152 0.235428608959459 0.751884580659259 0.967201966394959 0.94488837012367 0.832656023761229 0.440738901243434 -0.398954584299411 -1.14923705173515 -1.73628175426521 -1.99753536491595 -2.16946864950061 -2.50299784510562 -3.34253413219163
-9999 -9999 -9999 -9999 -9999 -9999 -9999 -9999 -9999 -9999 -9999 -9999 -9999 -9999 -9999 -9999 -9999 -9999 -9999 -9999 -9999 -9999 -9999 -9999 -9999 -161.375917359867 -144.383396142403 -149.440102060032 -169.985499654364 -201.575136898724 -215.731800480893 -226.665633635582 -243.191437221623 -227.720603015206 -198.241831227498 -180.402718339724 -129.336310084446 -81.7534155172316 -33.4656571140909 -6.103020260043 0.301315762576292 -1.07912299874523 -0.31074800929952 0.427593731995485 0.68504767827516 0.96633168418836 1 0.95166863531387 0.68214443863705 -0.187969517904358 -1.16697943981742 -1.76070397487895 -1.95077672335846 -2.10048056750692 -2.56189801289596 -3.82749448038766
-9999 -9999 -9999 -9999 -9999 -9999 -9999 -9999 -9999 -9999 -9999 -9999 -9999 -9999 -9999 -9999 -9999 -9999 -9999 -9999 -9999 -9999 -9999 -9999 -9999 -9999 -9999 -161.38907666217 -152.879206936623 -174.729117060593 -199.942975629405 -218.356887382003 -227.789813614127 -226.74647500171 -203.874021358918 -175.999596628243 -136.662284040252 -104.465581883684 -53.8451303890169 -14.0365876542425 0.132459967813245 -0.0794386628683117 0.397011306680489 0.309972787188464 0.668317034813243 0.850971364654459 0.954428168316094 0.949190004062251 0.905071195527549 0.0446770859050749 -1.49694213425328 -1.89788293562254 -1.93502446185022 -1.92746061161852 -2.55047231938818 -3.94070016245992
-9999 -9999 -9999 -9999 -9999 -9999 -9999 -9999 -9999 -9999 -9999 -9999 -9999 -9999 -9999 -9999 -9999 -9999 -9999 -9999 -9999 -9999 -9999 -9999 -9999 -9999 -9999 -187.405104918575 -156.909237297605 -159.771076423576 -172.966242813197 -205.451661662835 -230.301455511027 -236.059127458356 -216.470801080096 -177.761366333061 -146.621255740508 -117.812676146907 -68.6407853851148 -24.6268024172529 -3.37087877912382 -0.482857925753984 -1.05090214930778 0.390343170155803 0.3946048401458 0.795837956018987 0.832384498760915 0.833722306911727 0.639955538374705 -0.0831806120435541 -1.15169010300667 -1.99933598465531 -2.15487701723346 -2.05499208278371 -2.43643626317022 -2.94147011032649
-9999 -9999 -9999 -9999 -9999 -9999 -9999 -9999 -9999 -9999 -9999 -9999 -9999 -9999 -9999 -9999 -9999 -9999 -9999 -9999 -9999 -9999 -9999 -9999 -9999 -9999 -9999 -9999 -161.976032623448 -139.824569149025 -137.785093221032 -180.420597279403 -228.074596895692 -246.665954671814 -221.79220320959 -176.482246694955 -151.219260855897 -130.077548835142 -85.6490904897153 -34.7918302854313 -7.53645223698031 -0.175166388692431 -3.4675553987429 -2.0976887322631 -0.125100025359767 0.116227228097935 0.0436279248324986 -0.197599244634644 -0.444196974100738 -0.596065907775352 -1.20369205380339 -1.96717256066993 -2.60693530685434 -2.56184548148342 -2.13624705680193 -1.80997873351799
-9999 -9999 -9999 -9999 -9999 -9999 -9999 -9999 -9999 -9999 -9999 -9999 -9999 -9999 -9999 -9999 -9999 -9999 -9999 -9999 -9999 -9999 -9999 -9999 -9999 -9999 -9999 -9999 -172.332060766297 -133.46065382672 -129.847484738482 -165.750545117869 -217.339280084243 -245.887125901448 -229.363853192897 -178.774978494311 -155.950070749076 -137.149989458754 -91.6522943188925 -39.700037328197 -9.08475882307304 -0.22129825828505 -3.20661710817456 -3.05950833351251 -2.19586410015469 -0.64133389931369 -0.900873326547013 -1.66217169480076 -2.02165488212413 -1.18801192654569 -1.20016833043298 -1.73565789155604 -2.51747409863623 -2.39006087955102 -1.4564414299863 -0.478087413717093
-9999 -9999 -9999 -9999 -9999 -9999 -9999 -9999 -9999 -9999 -9999 -9999 -9999 -9999 -9999 -9999 -9999 -9999 -9999 -9999 -9999 -9999 -9999 -9999 -9999 -9999 -9999 -9999 -184.233262142686 -128.462184534736 -121.740004939723 -158.057975118721 -217.422546023917 -251.978606728754 -233.225308036316 -177.194248244242 -158.837619020732 -141.653384042027 -95.5949419117453 -42.881989103037 -9.45092342226568 -0.300238232153265 -3.41434661650856 -3.41693922257897 -3.79405212241704 -4.05244508664751 -1.83362614335072 -2.60614800401942 -3.34379323962928 -1.40595575627917 -0.861654836034688 -1.5500526151657 -2.36307184159313 -1.71032468421339 -0.367329168510675 0.219286744381995
-9999 -9999 -9999 -9999 -9999 -9999 -9999 -9999 -9999 -9999 -9999 -9999 -9999 -9999 -9999 -9999 -9999 -9999 -9999 -9999 -9999 -9999 -9999 -9999 -9999 -9999 -9999 -9999 -183.133172045275 -130.873000297181 -121.026773639225 -159.448451755074 -223.123121550393 -260.906349433065 -251.152689511832 -200.440675338952 -169.95635204415 -142.163521921413 -88.3721709798393 -37.3524186269909 -8.17430693311648 -1.04933921568906 -4.17926081700933 -3.78891658115006 -5.51660444985302 -5.23686330831311 -3.45579176246951 -1.88971391126484 -1.59473433344818 -1.37085464296732 -1.32141436699456 -1.47640498920047 -1.16449491096021 -0.213840012940251 0.605143546336199 0.705415086626009
-9999 -9999 -9999 -9999 -9999 -9999 -9999 -9999 -9999 -9999 -9999 -9999 -9999 -9999 -9999 -9999 -9999 -9999 -9999 -9999 -9999 -9999 -9999 -9999 -9999 -9999 -9999 -9999 -187.165235864077 -135.923361580202 -116.911830475875 -169.628446894045 -235.814274892352 -272.819167252271 -261.101412623054 -223.027960557277 -176.178022095798 -135.730618078966 -81.7317173221863 -31.1606122524672 -6.50560878835911 -1.77359893786638 -3.57087817689803 -4.91224594080281 -7.00958011748079 -7.32066011888938 -4.82442588590412 -2.92784859112017 -1.53065007984491 -1.10331082309474 -2.36397973388214 -0.94767194321822 -0.210984958622278 0.600003699114248 1 0.556461748234128
