meets/meet004/_saidas_enm/CCSM_Maxent_0k_Cavanillesia_umbellata4.asc
NCOLS 154 
NROWS 168 
XLLCORNER -112 
YLLCORNER -55.5 
CELLSIZE 0.5 
NODATA_value -9999 
[rows 75 to 99 of 168, columns 56 to 111 of 154]
-9999 -9999 -9999 -9999 -9999 -9999 -9999 -9999 -9999 -9999 -9999 0.115700826048851 0.134353533387184 0.160766616463661 0.195119962096214 0.233093366026878 0.29217067360878 0.451499164104462 0.484754920005798 0.5197873711586 0.44475182890892 0.443998396396637 0.279957950115204 0.116611912846565 0.117959417402744 0.119336187839508 0.121799625456333 0.122796922922134 0.214135140180588 0.217880174517632 0.2193433791399 0.221292063593864 0.218959406018257 0.216442123055458 0.211876064538956 0.205310180783272 0.202731341123581 0.198662608861923 0.196254104375839 0.194391533732414 0.191375002264977 0.192321628332138 0.191184058785439 0.403585880994797 0.397668570280075 0.384660691022873 0.369614690542221 0.349669903516769 0.32373833656311 0.294928044080734 0.260626286268234 0.238264009356499 0.218286722898483 0.204101085662842 0.2038584202528 0.201344713568687
-9999 -9999 -9999 -9999 -9999 -9999 -9999 -9999 -9999 -9999 -9999 0.11490786075592 0.150520727038383 0.16942597925663 0.251879841089249 0.282843023538589 0.33816197514534 0.413819462060928 0.442357033491135 0.48409765958786 0.425635993480682 0.433865904808044 0.277346044778824 0.115477584302425 0.114128597080708 0.114354774355888 0.11603657156229 0.118406437337399 0.120845675468445 0.122573778033257 0.123281300067902 0.214316681027412 0.213775709271431 0.210647970438004 0.204227149486542 0.196191608905792 0.193147122859955 0.188692420721054 0.185565859079361 0.181502237915993 0.178133964538574 0.181882098317146 0.389525175094604 0.386708348989487 0.377929508686066 0.358167707920074 0.343287378549576 0.324497848749161 0.302853047847748 0.279764413833618 0.258154630661011 0.23126146197319 0.224929451942444 0.224741786718369 0.228191137313843 0.233319148421288
-9999 -9999 -9999 -9999 -9999 -9999 -9999 -9999 -9999 -9999 -9999 -9999 0.143928527832031 0.232784613966942 0.235252112150192 0.250084966421127 0.267645090818405 0.317288488149643 0.369349449872971 0.44442692399025 0.493538618087769 0.510592401027679 0.427032709121704 0.118883840739727 0.267275750637054 0.26074430346489 0.111279480159283 0.116074696183205 0.119435481727123 0.120950117707253 0.120763465762138 0.122739009559155 0.1227186024189 0.120948649942875 0.116963669657707 0.111598938703537 0.10809026658535 0.104416623711586 0.17816886305809 0.174482971429825 0.172844633460045 0.177690714597702 0.179832682013512 0.379951953887939 0.362163126468658 0.338811695575714 0.318540245294571 0.299813359975815 0.281421065330505 0.267318040132523 0.259735286235809 0.257158041000366 0.247302263975143 0.245691478252411 0.249760434031487 0.252469599246979
-9999 -9999 -9999 -9999 -9999 -9999 -9999 -9999 -9999 -9999 -9999 -9999 0.15211147069931 0.230843216180801 0.234106868505478 0.220539346337318 0.210389837622643 0.23120704293251 0.268228530883789 0.33349683880806 0.427263677120209 0.481880813837051 0.515837669372559 0.283397972583771 0.257432848215103 0.245132014155388 0.260551005601883 0.116708889603615 0.121415421366692 0.122655294835567 0.12068697810173 0.123220890760422 0.122781023383141 0.120579689741135 0.117127195000648 0.112096183001995 0.106875106692314 0.101275235414505 0.0983316898345947 0.0970369502902031 0.171478897333145 0.176996514201164 0.184702754020691 0.178895726799965 0.160691395401955 0.324225276708603 0.300879061222076 0.281434863805771 0.272169470787048 0.272952198982239 0.275851994752884 0.269522845745087 0.266659170389175 0.266378223896027 0.258192986249924 0.242855563759804
-9999 -9999 -9999 -9999 -9999 -9999 -9999 -9999 -9999 -9999 -9999 -9999 -9999 0.162441790103912 0.206419453024864 0.178167030215263 0.170151948928833 0.179937615990639 0.208231166005135 0.188343480229378 0.237936928868294 0.320925772190094 0.456823408603668 0.464651256799698 0.236003950238228 0.23979526758194 0.257798194885254 0.120108045637608 0.128226786851883 0.128757700324059 0.126363500952721 0.127117976546288 0.12544883787632 0.122385181486607 0.118085965514183 0.110817454755306 0.106433361768723 0.100771479308605 0.097058430314064 0.0940917581319809 0.0933549329638481 0.172439754009247 0.182045474648476 0.178307086229324 0.166733011603355 0.336203157901764 0.310147166252136 0.173899412155151 0.220851495862007 0.223731264472008 0.226262718439102 0.227137923240662 0.167831256985664 0.164468362927437 0.143739521503448 0.119381844997406
-9999 -9999 -9999 -9999 -9999 -9999 -9999 -9999 -9999 -9999 -9999 -9999 -9999 0.178216546773911 0.208728462457657 0.142719626426697 0.145902723073959 0.151789918541908 0.116920709609985 0.196646079421043 0.235789835453033 0.227935448288918 0.394712001085281 0.397902488708496 0.432060033082962 0.306813776493073 0.26226082444191 0.124980419874191 0.13769905269146 0.139414384961128 0.135971590876579 0.140792429447174 0.134983092546463 0.130229666829109 0.123946905136108 0.112613797187805 0.112367585301399 0.105798833072186 0.10030272603035 0.0941498354077339 0.0880884081125259 0.0941114723682404 0.183034092187881 0.181951314210892 0.171568170189857 0.353214651346207 0.315335392951965 0.228813081979752 0.218762710690498 0.221922501921654 0.225087687373161 0.225309148430824 0.222138673067093 0.146371394395828 0.122908711433411 0.103930234909058
-9999 -9999 -9999 -9999 -9999 -9999 -9999 -9999 -9999 -9999 -9999 -9999 -9999 -9999 0.247502207756042 0.14989897608757 0.146792948246002 0.0939985811710358 0.0997901260852814 0.170932397246361 0.206275060772896 0.243342131376266 0.287341713905334 0.325606256723404 0.367609113454819 0.44151970744133 0.469155430793762 0.420793682336807 0.130850940942764 0.241057813167572 0.26649221777916 0.267029881477356 0.261605143547058 0.25442698597908 0.140728503465652 0.132558137178421 0.131201386451721 0.127166882157326 0.118593417108059 0.106143794953823 0.0957410857081413 0.0979553386569023 0.101440072059631 0.0995495915412903 0.171102836728096 0.352185308933258 0.201363980770111 0.178651124238968 0.224482581019402 0.224551230669022 0.224233254790306 0.219638451933861 0.190542131662369 0.168271541595459 0.110805667936802 0.0984445512294769
-9999 -9999 -9999 -9999 -9999 -9999 -9999 -9999 -9999 -9999 -9999 -9999 -9999 -9999 0.340120732784271 0.1689712703228 0.147705420851707 0.0984009727835655 0.0956638231873512 0.156066745519638 0.174478828907013 0.169742286205292 0.1777184009552 0.192259430885315 0.278090536594391 0.323749929666519 0.383945167064667 0.481496632099152 0.421666026115417 0.458106756210327 0.197211220860481 0.220292583107948 0.290549904108047 0.291063576936722 0.273442417383194 0.263518869876862 0.269234031438828 0.269719958305359 0.252806752920151 0.224508598446846 0.109630398452282 0.108185365796089 0.100734420120716 0.094296932220459 0.0943741202354431 0.220151409506798 0.204060882329941 0.185460075736046 0.23541148006916 0.236088484525681 0.221105188131332 0.204780086874962 0.169123321771622 0.153068855404854 0.102739050984383 0.0988094061613083
-9999 -9999 -9999 -9999 -9999 -9999 -9999 -9999 -9999 -9999 -9999 -9999 -9999 -9999 -9999 0.231768950819969 0.204439714550972 0.148987010121346 0.127677977085114 0.139213517308235 0.127018839120865 0.152471214532852 0.169623762369156 0.19465745985508 0.237126857042313 0.270071595907211 0.300230354070663 0.312653005123138 0.377866327762604 0.444518715143204 0.508309960365295 0.487920582294464 0.213559225201607 0.309119403362274 0.308565318584442 0.315702646970749 0.307939559221268 0.304470866918564 0.297719091176987 0.293530523777008 0.28070342540741 0.23466445505619 0.107275515794754 0.0915386825799942 0.0902791097760201 0.220189034938812 0.210907161235809 0.200263246893883 0.257453888654709 0.259123533964157 0.236163198947906 0.201778143644333 0.169943988323212 0.153219893574715 0.141186282038689 0.126435741782188
-9999 -9999 -9999 -9999 -9999 -9999 -9999 -9999 -9999 -9999 -9999 -9999 -9999 -9999 -9999 0.485989093780518 0.179863676428795 0.172442674636841 0.107235863804817 0.121745906770229 0.0766913294792175 0.145817086100578 0.15351115167141 0.172189980745316 0.245901435613632 0.273787647485733 0.297753393650055 0.280784696340561 0.299562811851501 0.383692562580109 0.415255218744278 0.513936161994934 0.175494983792305 0.207820549607277 0.302638381719589 0.338528007268906 0.32859268784523 0.329692482948303 0.330862104892731 0.328587979078293 0.330601990222931 0.289414763450623 0.114339381456375 0.0885249748826027 0.087471567094326 0.220670700073242 0.217142969369888 0.216411903500557 0.217948749661446 0.275052696466446 0.392920225858688 0.218897342681885 0.184949442744255 0.166723862290382 0.110024727880955 0.132260203361511
-9999 -9999 -9999 -9999 -9999 -9999 -9999 -9999 -9999 -9999 -9999 -9999 -9999 -9999 -9999 0.660219788551331 0.218703061342239 0.144602537155151 0.105526499450207 0.110523104667664 0.0906213745474815 0.11228783428669 0.132698804140091 0.16601274907589 0.222048625349998 0.257612824440002 0.300060153007507 0.307939261198044 0.323722064495087 0.356937408447266 0.391422629356384 0.363756656646729 0.417230010032654 0.214474454522133 0.246181488037109 0.282377690076828 0.301650792360306 0.333278983831406 0.327632874250412 0.322503209114075 0.323705911636353 0.310037553310394 0.116355866193771 0.0869330167770386 0.0827196463942528 0.214808732271194 0.226119175553322 0.235572382807732 0.380672872066498 0.368653982877731 0.330471605062485 0.305061727762222 0.277969896793365 0.260150194168091 0.241442605853081 0.228501096367836
-9999 -9999 -9999 -9999 -9999 -9999 -9999 -9999 -9999 -9999 -9999 -9999 -9999 -9999 -9999 -9999 0.583027005195618 0.131230905652046 0.102822445333004 0.0765524879097939 0.0276798009872437 0.0319472067058086 0.0353224389255047 0.0430501289665699 0.0630176737904549 0.0672025382518768 0.234169349074364 0.255858093500137 0.226079121232033 0.299966633319855 0.333831250667572 0.310641676187515 0.461460411548615 0.460532933473587 0.263675093650818 0.218602254986763 0.24752850830555 0.291671097278595 0.319428890943527 0.312729984521866 0.311929494142532 0.277389049530029 0.103344842791557 0.0833312496542931 0.0839576944708824 0.08985585719347 0.103178612887859 0.413993269205093 0.433954387903214 0.420044362545013 0.38134178519249 0.164724633097649 0.151171803474426 0.141570597887039 0.130895391106606 0.125161394476891
-9999 -9999 -9999 -9999 -9999 -9999 -9999 -9999 -9999 -9999 -9999 -9999 -9999 -9999 -9999 -9999 -9999 0.542625486850739 0.124565042555332 0.094756543636322 0.0249501802027225 0.02651990018785 0.0308779962360859 0.0350022353231907 0.0547190383076668 0.0363997556269169 0.0904946327209473 0.106929533183575 0.137165755033493 0.27029874920845 0.304379135370255 0.372669845819473 0.413718491792679 0.453790694475174 0.442035466432571 0.233738005161285 0.111139334738255 0.216534569859505 0.23648864030838 0.240016758441925 0.209530666470528 0.111326687037945 0.0933974534273148 0.0872373506426811 0.0957202911376953 0.109941974282265 0.214176848530769 0.245013549923897 0.267607688903809 0.261789321899414 0.242814049124718 0.20833183825016 0.184741601347923 0.170168906450272 0.155585080385208 0.142856106162071
-9999 -9999 -9999 -9999 -9999 -9999 -9999 -9999 -9999 -9999 -9999 -9999 -9999 -9999 -9999 -9999 -9999 -9999 -9999 0.103218205273151 0.0699637457728386 0.0762517154216766 0.0779070407152176 0.0688251033425331 0.0678311586380005 0.0602040030062199 0.0617632381618023 0.0736327767372131 0.0952194333076477 0.163778558373451 0.26017814874649 0.335757821798325 0.361395210027695 0.400770664215088 0.432961970567703 0.41492971777916 0.454327374696732 0.0985284894704819 0.103151708841324 0.102541878819466 0.084968090057373 0.0909102335572243 0.0898452550172806 0.0964095890522003 0.112624444067478 0.216599449515343 0.236410871148109 0.271063536405563 0.298627644777298 0.310210406780243 0.291159063577652 0.250651061534882 0.210674554109573 0.186811253428459 0.167091444134712 0.156099155545235
-9999 -9999 -9999 -9999 -9999 -9999 -9999 -9999 -9999 -9999 -9999 -9999 -9999 -9999 -9999 -9999 -9999 -9999 -9999 -9999 -9999 0.0911014154553413 0.0854450166225433 0.0784903317689896 0.0750535279512405 0.0651668012142181 0.061962466686964 0.061867743730545 0.0806640833616257 0.115002155303955 0.160107269883156 0.284503161907196 0.336690694093704 0.345909416675568 0.361863017082214 0.39939072728157 0.427760869264603 0.425772488117218 0.224718868732452 0.0980649888515472 0.110622733831406 0.110851816833019 0.187092453241348 0.201085820794106 0.218890905380249 0.23330882191658 0.246788129210472 0.258816003799438 0.280895948410034 0.315710693597794 0.307712942361832 0.266282379627228 0.217170491814613 0.189521461725235 0.169316455721855 0.15211808681488
-9999 -9999 -9999 -9999 -9999 -9999 -9999 -9999 -9999 -9999 -9999 -9999 -9999 -9999 -9999 -9999 -9999 -9999 -9999 -9999 -9999 -9999 -9999 0.109328575432301 0.0958354920148849 0.0825959742069244 0.0600994229316711 0.0526306964457035 0.0533569529652596 0.0702495574951172 0.108578853309155 0.220262929797173 0.262444496154785 0.290664553642273 0.299196809530258 0.325122267007828 0.358668118715286 0.404310077428818 0.434318959712982 0.477672159671783 0.435969859361649 0.226648345589638 0.235801741480827 0.238643646240234 0.24243937432766 0.250929892063141 0.256609857082367 0.263102799654007 0.280039668083191 0.310508787631989 0.324365973472595 0.289156228303909 0.231116160750389 0.197954937815666 0.182485699653625 0.165136560797691
-9999 -9999 -9999 -9999 -9999 -9999 -9999 -9999 -9999 -9999 -9999 -9999 -9999 -9999 -9999 -9999 -9999 -9999 -9999 -9999 -9999 -9999 -9999 -9999 -9999 0.103728860616684 0.0764776095747948 0.0588019676506519 0.0209701545536518 0.0273573845624924 0.118870571255684 0.154874935746193 0.180233955383301 0.200559049844742 0.237045153975487 0.226997718214989 0.279648929834366 0.301218032836914 0.358376413583755 0.444063484668732 0.501666605472565 0.467104911804199 0.272679895162582 0.285282760858536 0.273813277482986 0.273030549287796 0.272976011037827 0.284948974847794 0.294031471014023 0.312427908182144 0.322308003902435 0.30309534072876 0.255557179450989 0.222765132784843 0.203497722744942 0.194797679781914
-9999 -9999 -9999 -9999 -9999 -9999 -9999 -9999 -9999 -9999 -9999 -9999 -9999 -9999 -9999 -9999 -9999 -9999 -9999 -9999 -9999 -9999 -9999 -9999 -9999 0.0997178852558136 0.080967091023922 0.0694615021348 0.0469824559986591 0.0181572549045086 0.0232977755367756 0.0385489463806152 0.0999629646539688 0.145285606384277 0.184996470808983 0.212807178497314 0.225048184394836 0.247358053922653 0.292297154664993 0.369645982980728 0.43374428153038 0.528486847877502 0.269913494586945 0.29680323600769 0.2862668633461 0.26820495724678 0.270255863666534 0.278362303972244 0.285173356533051 0.29534986615181 0.30163761973381 0.28496652841568 0.266618400812149 0.255737274885178 0.249229699373245 0.23141522705555
-9999 -9999 -9999 -9999 -9999 -9999 -9999 -9999 -9999 -9999 -9999 -9999 -9999 -9999 -9999 -9999 -9999 -9999 -9999 -9999 -9999 -9999 -9999 -9999 -9999 -9999 -9999 0.0681752040982246 0.0679455697536469 0.0119890188798308 0.010478095151484 0.0144362580031157 0.0259710829705 0.0356029160320759 0.112113036215305 0.137470632791519 0.19001042842865 0.214383602142334 0.249109253287315 0.297102391719818 0.335693269968033 0.469230115413666 0.259121745824814 0.302009344100952 0.292608469724655 0.271919369697571 0.266446024179459 0.263780564069748 0.261405915021896 0.273001462221146 0.270413249731064 0.269943922758102 0.261047601699829 0.259495973587036 0.271645575761795 0.263739258050919
-9999 -9999 -9999 -9999 -9999 -9999 -9999 -9999 -9999 -9999 -9999 -9999 -9999 -9999 -9999 -9999 -9999 -9999 -9999 -9999 -9999 -9999 -9999 -9999 -9999 -9999 -9999 0.0801668763160706 0.0844351872801781 0.0144622391089797 0.0126595115289092 0.0194552037864923 0.019803874194622 0.0247302204370499 0.03595320135355 0.0476559139788151 0.136955812573433 0.188845112919807 0.22546549141407 0.242439776659012 0.290162831544876 0.405273616313934 0.455273002386093 0.294163525104523 0.298856556415558 0.282542020082474 0.275473952293396 0.264880478382111 0.256023734807968 0.254723876714706 0.257412552833557 0.265607744455338 0.272380948066711 0.271519422531128 0.267651796340942 0.255170792341232
-9999 -9999 -9999 -9999 -9999 -9999 -9999 -9999 -9999 -9999 -9999 -9999 -9999 -9999 -9999 -9999 -9999 -9999 -9999 -9999 -9999 -9999 -9999 -9999 -9999 -9999 -9999 -9999 0.085192047059536 0.0265984069555998 0.0253325868397951 0.0224856585264206 0.0230391416698694 0.0252397190779448 0.0311620756983757 0.0387547500431538 0.104017309844494 0.107600688934326 0.129036530852318 0.200176358222961 0.251249462366104 0.21555332839489 0.460606634616852 0.236859872937202 0.284451186656952 0.296156793832779 0.288944900035858 0.280351579189301 0.267184317111969 0.251342296600342 0.249597683548927 0.264934778213501 0.290507853031158 0.282707452774048 0.264633744955063 0.237697005271912
-9999 -9999 -9999 -9999 -9999 -9999 -9999 -9999 -9999 -9999 -9999 -9999 -9999 -9999 -9999 -9999 -9999 -9999 -9999 -9999 -9999 -9999 -9999 -9999 -9999 -9999 -9999 -9999 0.0791474655270576 0.0339553616940975 0.0410082265734673 0.0374705009162426 0.0573215372860432 0.0534106567502022 0.0563336350023746 0.0346067138016224 0.0829267725348473 0.0790653973817825 0.0930544659495354 0.0938816294074059 0.119958750903606 0.172297820448875 0.255479723215103 0.111089400947094 0.230575531721115 0.257917046546936 0.287576973438263 0.297084599733353 0.292313814163208 0.260139882564545 0.23781906068325 0.250661373138428 0.274516373872757 0.263581961393356 0.246089249849319 0.212913453578949
-9999 -9999 -9999 -9999 -9999 -9999 -9999 -9999 -9999 -9999 -9999 -9999 -9999 -9999 -9999 -9999 -9999 -9999 -9999 -9999 -9999 -9999 -9999 -9999 -9999 -9999 -9999 -9999 0.0536466054618359 0.0390067957341671 0.0422866009175777 0.0465992949903011 0.0741779804229736 0.0577975064516068 0.0556744076311588 0.0305789709091187 0.0384800881147385 0.0627530738711357 0.071526363492012 0.0751082450151443 0.0921728312969208 0.145268902182579 0.220848977565765 0.0908305048942566 0.101858593523502 0.104971669614315 0.247488051652908 0.306766986846924 0.298884063959122 0.271440207958221 0.22073158621788 0.246515572071075 0.259014099836349 0.242957130074501 0.221007853746414 0.186481893062592
-9999 -9999 -9999 -9999 -9999 -9999 -9999 -9999 -9999 -9999 -9999 -9999 -9999 -9999 -9999 -9999 -9999 -9999 -9999 -9999 -9999 -9999 -9999 -9999 -9999 -9999 -9999 -9999 0.0674280449748039 0.041361540555954 0.08261638879776 0.0494490303099155 0.0737500339746475 0.062670111656189 0.0525662004947662 0.0279292855411768 0.034861508756876 0.0544444918632507 0.0377260372042656 0.0673527345061302 0.0844106301665306 0.127457067370415 0.199809372425079 0.0789698362350464 0.0842180326581001 0.0886824950575829 0.115766391158104 0.253248989582062 0.279105812311172 0.275072932243347 0.263261944055557 0.259403347969055 0.25362029671669 0.231952846050262 0.198481410741806 0.1643325984478
-9999 -9999 -9999 -9999 -9999 -9999 -9999 -9999 -9999 -9999 -9999 -9999 -9999 -9999 -9999 -9999 -9999 -9999 -9999 -9999 -9999 -9999 -9999 -9999 -9999 -9999 -9999 -9999 0.0660020858049393 0.0943996012210846 0.0762801766395569 0.0470017641782761 0.0620883293449879 0.0529047884047031 0.0482631884515285 0.0241566319018602 0.0612791739404202 0.0792794227600098 0.0547851473093033 0.0629556998610497 0.0756484568119049 0.120783880352974 0.193627193570137 0.075165681540966 0.0743929818272591 0.0742176473140717 0.0963794365525246 0.12084074318409 0.240998208522797 0.270653635263443 0.273534178733826 0.260853201150894 0.237906396389008 0.213416248559952 0.183196574449539 0.34662526845932
