meets/meet004/_saidas_enm/CCSM_Maxent_6k_Aralia_warmingiana1.asc
NCOLS 154 
NROWS 168 
XLLCORNER -112 
YLLCORNER -55.5 
CELLSIZE 0.5 
NODATA_value -9999 
[rows 75 to 99 of 168, columns 56 to 111 of 154]
-9999 -9999 -9999 -9999 -9999 -9999 -9999 -9999 -9999 -9999 -9999 0.268475264310837 0.280827552080154 0.284261167049408 0.288327634334564 0.323829978704453 0.433973401784897 0.5681192278862 0.631603062152863 0.598401725292206 0.567077159881592 0.515035569667816 0.477680861949921 0.449613928794861 0.450535506010056 0.44620481133461 0.432739496231079 0.416551142930984 0.399071574211121 0.386018514633179 0.368780076503754 0.347243696451187 0.327566176652908 0.315932661294937 0.313352584838867 0.310784935951233 0.30579337477684 0.299226969480515 0.298311471939087 0.300474613904953 0.301578104496002 0.302071303129196 0.300621926784515 0.302984535694122 0.303796708583832 0.296878278255463 0.286642253398895 0.271425366401672 0.255640804767609 0.236651882529259 0.220909029245377 0.213194027543068 0.207481205463409 0.207540109753609 0.206942111253738 0.194432109594345
-9999 -9999 -9999 -9999 -9999 -9999 -9999 -9999 -9999 -9999 -9999 0.315710604190826 0.305796980857849 0.297433257102966 0.28066474199295 0.277119874954224 0.341307491064072 0.415818989276886 0.51370644569397 0.601443946361542 0.599134922027588 0.554477035999298 0.510613739490509 0.460985839366913 0.464486330747604 0.448162108659744 0.437570691108704 0.420434057712555 0.399970203638077 0.387670248746872 0.370964616537094 0.346832871437073 0.329654008150101 0.320817977190018 0.325219064950943 0.333582282066345 0.322789639234543 0.319492787122726 0.319680631160736 0.324540376663208 0.336976200342178 0.321314632892609 0.319067299365997 0.322190523147583 0.325800001621246 0.343537300825119 0.328363806009293 0.307063490152359 0.290709048509598 0.270756185054779 0.254615426063538 0.244942501187325 0.234722197055817 0.223954916000366 0.204078584909439 0.182341858744621
-9999 -9999 -9999 -9999 -9999 -9999 -9999 -9999 -9999 -9999 -9999 -9999 0.328957051038742 0.299013137817383 0.278733640909195 0.262659341096878 0.252373039722443 0.257840156555176 0.323158890008926 0.459296405315399 0.598776280879974 0.655000627040863 0.541827917098999 0.461134344339371 0.469333946704865 0.473733693361282 0.456001311540604 0.425745725631714 0.398349404335022 0.381113886833191 0.364669591188431 0.342413008213043 0.326947271823883 0.320176839828491 0.325233936309814 0.333985596895218 0.329510152339935 0.326050341129303 0.3257797062397 0.329304605722427 0.332556664943695 0.31394374370575 0.301070094108582 0.303977966308594 0.3198521733284 0.340348392724991 0.341167628765106 0.331946492195129 0.321837335824966 0.304921537637711 0.286082297563553 0.274226188659668 0.257653266191483 0.236722022294998 0.214788064360619 0.173837974667549
-9999 -9999 -9999 -9999 -9999 -9999 -9999 -9999 -9999 -9999 -9999 -9999 0.344191551208496 0.281476557254791 0.259834438562393 0.224746763706207 0.172455251216888 0.129150465130806 0.154382199048996 0.270066231489182 0.434846937656403 0.574843525886536 0.616922855377197 0.458501756191254 0.512319445610046 0.519626498222351 0.474314600229263 0.431286960840225 0.392423003911972 0.372928887605667 0.353418081998825 0.333057671785355 0.319325536489487 0.31307390332222 0.318088918924332 0.323416322469711 0.32329061627388 0.321771860122681 0.320219308137894 0.319739103317261 0.311519235372543 0.291566520929337 0.262115478515625 0.265547603368759 0.29582342505455 0.320639818906784 0.343451112508774 0.349143266677856 0.349044948816299 0.335826277732849 0.311804533004761 0.297052204608917 0.277985543012619 0.254668384790421 0.201341539621353 0.156568482518196
-9999 -9999 -9999 -9999 -9999 -9999 -9999 -9999 -9999 -9999 -9999 -9999 -9999 0.336232870817184 0.242663457989693 0.163914561271667 0.11367405205965 0.0866076499223709 0.0892788767814636 0.130721747875214 0.217775836586952 0.36607226729393 0.539161264896393 0.539676189422607 0.495614945888519 0.503084897994995 0.468153357505798 0.417023897171021 0.376852214336395 0.358382076025009 0.341948628425598 0.322512447834015 0.310913354158401 0.304690331220627 0.307544589042664 0.315801560878754 0.314180225133896 0.313691258430481 0.313162177801132 0.313566505908966 0.303663223981857 0.275805115699768 0.247712910175323 0.251154184341431 0.279107660055161 0.313884854316711 0.350544452667236 0.37380638718605 0.383800595998764 0.372837573289871 0.34948742389679 0.329121321439743 0.278727680444717 0.228663146495819 0.180685758590698 0.143112406134605
-9999 -9999 -9999 -9999 -9999 -9999 -9999 -9999 -9999 -9999 -9999 -9999 -9999 0.339457452297211 0.22331802546978 0.10824366658926 0.0829933732748032 0.0658061131834984 0.057078804820776 0.0640036389231682 0.0687492936849594 0.136165618896484 0.281415313482285 0.390629291534424 0.426073044538498 0.4753657579422 0.421378701925278 0.384196370840073 0.331810534000397 0.328284561634064 0.325033783912659 0.283471822738647 0.292684137821198 0.286930650472641 0.295811474323273 0.27167609333992 0.298313736915588 0.289468169212341 0.293500691652298 0.277940571308136 0.278579086065292 0.287260711193085 0.242240503430367 0.244957700371742 0.275535106658936 0.314845502376556 0.358955264091492 0.403088748455048 0.42264261841774 0.407736867666245 0.394302248954773 0.329260289669037 0.265571177005768 0.216292411088943 0.175210401415825 0.142461583018303
-9999 -9999 -9999 -9999 -9999 -9999 -9999 -9999 -9999 -9999 -9999 -9999 -9999 -9999 0.246563613414764 0.123747549951077 0.085019052028656 0.063495822250843 0.0492390990257263 0.0401731207966805 0.0343825072050095 0.0338310897350311 0.0354656353592873 0.0494119040668011 0.0960619226098061 0.197771370410919 0.337814509868622 0.302072286605835 0.256437391042709 0.264982312917709 0.237830191850662 0.250330567359924 0.247591853141785 0.247897520661354 0.264699280261993 0.270564556121826 0.263644069433212 0.264550149440765 0.273038804531097 0.290193527936935 0.26777184009552 0.289779216051102 0.270807325839996 0.272393792867661 0.284024983644485 0.318089783191681 0.361319005489349 0.402795135974884 0.370422899723053 0.34353706240654 0.299558758735657 0.255159378051758 0.20204122364521 0.176617234945297 0.168283313512802 0.139810547232628
-9999 -9999 -9999 -9999 -9999 -9999 -9999 -9999 -9999 -9999 -9999 -9999 -9999 -9999 0.303218960762024 0.140232726931572 0.120832532644272 0.0765062496066093 0.0503932349383831 0.0311066657304764 0.0186526831239462 0.00867008045315742 0.00572189316153526 0.00750446785241365 0.0107933524996042 0.0167524665594101 0.0472446158528328 0.203767716884613 0.247325211763382 0.289130300283432 0.189473137259483 0.224332496523857 0.224421948194504 0.214520439505577 0.236667096614838 0.237919524312019 0.219713047146797 0.217836782336235 0.240421026945114 0.268484085798264 0.241275951266289 0.248458653688431 0.242814213037491 0.292011797428131 0.293274879455566 0.316532492637634 0.356650352478027 0.369068831205368 0.309779435396194 0.281001716852188 0.219259515404701 0.216079875826836 0.168231248855591 0.152031779289246 0.158495172858238 0.144192978739738
-9999 -9999 -9999 -9999 -9999 -9999 -9999 -9999 -9999 -9999 -9999 -9999 -9999 -9999 -9999 0.338372677564621 0.221033349633217 0.110349662601948 0.0585912093520164 0.0312651582062244 0.0143868336454034 0.00543202925473452 0.00278474413789809 0.00267284410074353 0.0029274367261678 0.00333259417675436 0.00589603977277875 0.0103596746921539 0.0185562130063772 0.122072115540504 0.357008099555969 0.35070988535881 0.251602619886398 0.186093524098396 0.193858951330185 0.193560302257538 0.199532300233841 0.207641735672951 0.216204568743706 0.221534252166748 0.232557043433189 0.26104673743248 0.21319742500782 0.205913946032524 0.312820881605148 0.322298318147659 0.353286385536194 0.35443976521492 0.343407690525055 0.317691951990128 0.287335216999054 0.257021486759186 0.205404669046402 0.181444957852364 0.172791257500648 0.150176584720612
-9999 -9999 -9999 -9999 -9999 -9999 -9999 -9999 -9999 -9999 -9999 -9999 -9999 -9999 -9999 0.506697297096252 0.369855761528015 0.193475946784019 0.0910483971238136 0.0447174645960331 0.0185405649244785 0.00749683007597923 0.00311264209449291 0.00183669792022556 0.00146774400491267 0.000923602725379169 0.00186670769471675 0.00245531927794218 0.00445797340944409 0.0149718215689063 0.110844902694225 0.370982080698013 0.345239222049713 0.207951858639717 0.195849433541298 0.17359921336174 0.175189614295959 0.183433696627617 0.177973002195358 0.162360087037086 0.162588134407997 0.209123000502586 0.206951647996902 0.151250615715981 0.244556233286858 0.325746327638626 0.344211101531982 0.329579830169678 0.321286857128143 0.286859482526779 0.257212847471237 0.23263892531395 0.214134126901627 0.191329047083855 0.167651772499084 0.167639583349228
-9999 -9999 -9999 -9999 -9999 -9999 -9999 -9999 -9999 -9999 -9999 -9999 -9999 -9999 -9999 0.344558745622635 0.350499927997589 0.279645472764969 0.179354652762413 0.100516237318516 0.0390689112246037 0.0186113808304071 0.0110377920791507 0.00649243872612715 0.00312016834504902 0.00197543972171843 0.00189917511306703 0.00197095540352166 0.0029163786675781 0.00717920297756791 0.0395035594701767 0.187110513448715 0.47093465924263 0.342731714248657 0.267528980970383 0.213156878948212 0.200387522578239 0.169386252760887 0.150093421339989 0.129854738712311 0.120505005121231 0.184525266289711 0.187301427125931 0.128604874014854 0.153076365590096 0.300343304872513 0.331746429204941 0.310227513313293 0.291858464479446 0.262324184179306 0.244057387113571 0.198538944125175 0.167929530143738 0.14519852399826 0.122096605598927 0.111940510571003
-9999 -9999 -9999 -9999 -9999 -9999 -9999 -9999 -9999 -9999 -9999 -9999 -9999 -9999 -9999 -9999 0.234372928738594 0.242186933755875 0.220225393772125 0.175842359662056 0.0149855595082045 0.0165365990251303 0.0127599081024528 0.0183574296534061 0.0149667114019394 0.0131382150575519 0.00649031111970544 0.00447443826124072 0.00454579619690776 0.00769154168665409 0.0191738046705723 0.0708526000380516 0.25470170378685 0.464785993099213 0.404083222150803 0.299886137247086 0.248275578022003 0.192347079515457 0.168044179677963 0.147100552916527 0.125241234898567 0.20637272298336 0.147442147135735 0.112652570009232 0.152570486068726 0.283472061157227 0.300411552190781 0.263685613870621 0.23363171517849 0.199463084340096 0.192003697156906 0.141441747546196 0.111709445714951 0.0940201357007027 0.0768718123435974 0.0723275616765022
-9999 -9999 -9999 -9999 -9999 -9999 -9999 -9999 -9999 -9999 -9999 -9999 -9999 -9999 -9999 -9999 -9999 0.289194256067276 0.193328231573105 0.209698244929314 0.160825997591019 0.0995228812098503 0.0679567009210587 0.0397894866764545 0.0291274935007095 0.0196732170879841 0.0126090785488486 0.0106776794418693 0.010600189678371 0.0103348279371858 0.0107903778553009 0.0240845363587141 0.0621128119528294 0.169307455420494 0.383313357830048 0.448916852474213 0.324858725070953 0.276554226875305 0.230258971452713 0.245223358273506 0.248865306377411 0.221078440546989 0.151993155479431 0.156954690814018 0.225231930613518 0.281058609485626 0.247264757752419 0.19161830842495 0.15569369494915 0.12607753276825 0.0959343016147614 0.0803937166929245 0.063904881477356 0.0560319796204567 0.0523040071129799 0.0511063262820244
-9999 -9999 -9999 -9999 -9999 -9999 -9999 -9999 -9999 -9999 -9999 -9999 -9999 -9999 -9999 -9999 -9999 -9999 -9999 0.10006257891655 0.176757052540779 0.159674137830734 0.106681615114212 0.064089760184288 0.0458098724484444 0.0283985193818808 0.0215793866664171 0.0197348576039076 0.0179832261055708 0.0155278388410807 0.00965675711631775 0.0122057115659118 0.0162665471434593 0.0375682339072227 0.140105351805687 0.366071611642838 0.427714675664902 0.301878273487091 0.206692337989807 0.22542130947113 0.160008922219276 0.218316435813904 0.225694805383682 0.246300756931305 0.27405834197998 0.248019501566887 0.235063493251801 0.171315640211105 0.130056783556938 0.0956599414348602 0.0659813359379768 0.0566929802298546 0.0464514866471291 0.0419466756284237 0.0422902703285217 0.0427568480372429
-9999 -9999 -9999 -9999 -9999 -9999 -9999 -9999 -9999 -9999 -9999 -9999 -9999 -9999 -9999 -9999 -9999 -9999 -9999 -9999 -9999 0.153962656855583 0.193062752485275 0.139072984457016 0.07650475949049 0.039998721331358 0.0295261889696121 0.0290303472429514 0.0300630312412977 0.0228963475674391 0.0185208171606064 0.0116870775818825 0.00702495593577623 0.00977285206317902 0.0318014062941074 0.0972119122743607 0.262434184551239 0.473386347293854 0.288916975259781 0.374659150838852 0.334338217973709 0.314253747463226 0.318667203187943 0.266067713499069 0.255169481039047 0.238988772034645 0.225878819823265 0.201345652341843 0.151238635182381 0.0971375033259392 0.0673821568489075 0.0546881780028343 0.0475700721144676 0.0442311763763428 0.0405148975551128 0.0441708527505398
-9999 -9999 -9999 -9999 -9999 -9999 -9999 -9999 -9999 -9999 -9999 -9999 -9999 -9999 -9999 -9999 -9999 -9999 -9999 -9999 -9999 -9999 -9999 0.219122365117073 0.167645528912544 0.101228676736355 0.067204587161541 0.0474719703197479 0.0443790182471275 0.0389240421354771 0.034378919750452 0.0182434879243374 0.00759006617590785 0.00637719174847007 0.0108196083456278 0.022520087659359 0.07532899081707 0.233670800924301 0.416435837745667 0.470390528440475 0.378134846687317 0.317109256982803 0.276450484991074 0.250296115875244 0.240222424268723 0.239039689302444 0.232728213071823 0.225324958562851 0.177831634879112 0.119148835539818 0.0802866965532303 0.0650346279144287 0.0555476769804955 0.0482349023222923 0.0439124219119549 0.0435046628117561
-9999 -9999 -9999 -9999 -9999 -9999 -9999 -9999 -9999 -9999 -9999 -9999 -9999 -9999 -9999 -9999 -9999 -9999 -9999 -9999 -9999 -9999 -9999 -9999 -9999 0.25084587931633 0.158525705337524 0.0909038782119751 0.0430865995585918 0.0684410706162453 0.0664207264780998 0.0369702465832233 0.0178666729480028 0.011052175424993 0.00831463467329741 0.00716810254380107 0.022123409435153 0.0593290403485298 0.166454493999481 0.403038024902344 0.56075519323349 0.403942316770554 0.297861695289612 0.225501134991646 0.231608748435974 0.242091238498688 0.2378069460392 0.221008762717247 0.194546222686768 0.137309327721596 0.096610352396965 0.0774638056755066 0.0671554505825043 0.0568689629435539 0.0440411567687988 0.0393099747598171
-9999 -9999 -9999 -9999 -9999 -9999 -9999 -9999 -9999 -9999 -9999 -9999 -9999 -9999 -9999 -9999 -9999 -9999 -9999 -9999 -9999 -9999 -9999 -9999 -9999 0.227593183517456 0.235522150993347 0.171540632843971 0.122863568365574 0.0502793714404106 0.0370335727930069 0.0442488081753254 0.0468531772494316 0.0283622648566961 0.0171002242714167 0.0120373144745827 0.0201074108481407 0.0349782593548298 0.0923162847757339 0.278793841600418 0.50333034992218 0.55918675661087 0.345862984657288 0.228466913104057 0.226979553699493 0.252679586410522 0.259810656309128 0.240442648530006 0.209092378616333 0.164479359984398 0.124547384679317 0.0989823639392853 0.0808603689074516 0.065975621342659 0.0515455678105354 0.0424638167023659
-9999 -9999 -9999 -9999 -9999 -9999 -9999 -9999 -9999 -9999 -9999 -9999 -9999 -9999 -9999 -9999 -9999 -9999 -9999 -9999 -9999 -9999 -9999 -9999 -9999 -9999 -9999 0.246540203690529 0.209433227777481 0.0244396720081568 0.0158704202622175 0.0158516187220812 0.0143824489787221 0.0360998809337616 0.047856230288744 0.0439167618751526 0.0368229933083057 0.0417444482445717 0.0835620760917664 0.223241046071053 0.442104637622833 0.597951114177704 0.399289011955261 0.218632534146309 0.23689529299736 0.274325281381607 0.262175500392914 0.270169168710709 0.238707318902016 0.174244701862335 0.139943182468414 0.119570091366768 0.0966486632823944 0.0783573165535927 0.057834304869175 0.050517525523901
-9999 -9999 -9999 -9999 -9999 -9999 -9999 -9999 -9999 -9999 -9999 -9999 -9999 -9999 -9999 -9999 -9999 -9999 -9999 -9999 -9999 -9999 -9999 -9999 -9999 -9999 -9999 0.161016657948494 0.249675020575523 0.0385848619043827 0.028540251776576 0.0254069939255714 0.0200082212686539 0.0194234792143106 0.0371248349547386 0.0471903048455715 0.0591744855046272 0.0562290623784065 0.0937202572822571 0.206731572747231 0.401896446943283 0.600405037403107 0.543474435806274 0.290198653936386 0.242596328258514 0.261345982551575 0.251120120286942 0.242841601371765 0.215346276760101 0.176756024360657 0.142398998141289 0.114306889474392 0.101782396435738 0.0903590396046638 0.0757862105965614 0.070794403553009
-9999 -9999 -9999 -9999 -9999 -9999 -9999 -9999 -9999 -9999 -9999 -9999 -9999 -9999 -9999 -9999 -9999 -9999 -9999 -9999 -9999 -9999 -9999 -9999 -9999 -9999 -9999 -9999 0.188172489404678 0.101608790457249 0.0550276078283787 0.0339924246072769 0.0422256328165531 0.0622981674969196 0.0474033243954182 0.0484067089855671 0.0769432857632637 0.0660834461450577 0.0985842868685722 0.201115071773529 0.380439102649689 0.571805477142334 0.681857287883759 0.380436599254608 0.274197459220886 0.220280006527901 0.212272524833679 0.195303589105606 0.173407658934593 0.162665173411369 0.136751562356949 0.114023983478546 0.0979947820305824 0.0889959037303925 0.0899935662746429 0.102627284824848
-9999 -9999 -9999 -9999 -9999 -9999 -9999 -9999 -9999 -9999 -9999 -9999 -9999 -9999 -9999 -9999 -9999 -9999 -9999 -9999 -9999 -9999 -9999 -9999 -9999 -9999 -9999 -9999 0.0968635231256485 0.0900446400046349 0.0668411999940872 0.0639111623167992 0.118609771132469 0.0862395092844963 0.0901218578219414 0.0690178349614143 0.077302560210228 0.0718670040369034 0.0987753123044968 0.196960061788559 0.276836603879929 0.400562852621078 0.560395121574402 0.342552870512009 0.298728793859482 0.266630500555038 0.193479806184769 0.161114931106567 0.140630424022675 0.147613778710365 0.13945347070694 0.119723185896873 0.101230166852474 0.090871587395668 0.100467182695866 0.130287244915962
-9999 -9999 -9999 -9999 -9999 -9999 -9999 -9999 -9999 -9999 -9999 -9999 -9999 -9999 -9999 -9999 -9999 -9999 -9999 -9999 -9999 -9999 -9999 -9999 -9999 -9999 -9999 -9999 0.0699555054306984 0.13452060520649 0.0567273609340191 0.129437640309334 0.0852115154266357 0.0624357759952545 0.0757474005222321 0.0677022486925125 0.0767775923013687 0.0623904205858707 0.0877604186534882 0.128224968910217 0.128256484866142 0.315108329057693 0.464623779058456 0.230757832527161 0.157056048512459 0.105996757745743 0.216729581356049 0.152062281966209 0.138463482260704 0.143297016620636 0.164930999279022 0.126513451337814 0.103984609246254 0.0995799675583839 0.125360026955605 0.166852444410324
-9999 -9999 -9999 -9999 -9999 -9999 -9999 -9999 -9999 -9999 -9999 -9999 -9999 -9999 -9999 -9999 -9999 -9999 -9999 -9999 -9999 -9999 -9999 -9999 -9999 -9999 -9999 -9999 0.0681124329566956 0.227704837918282 0.162592530250549 0.146590828895569 0.0824409127235413 0.0597346015274525 0.0660623610019684 0.0775972008705139 0.0676039606332779 0.0558376349508762 0.0808370262384415 0.0863709226250648 0.102028615772724 0.228199690580368 0.385800749063492 0.169683143496513 0.0862633585929871 0.0737551301717758 0.119304113090038 0.20710277557373 0.168654948472977 0.156778812408447 0.151717990636826 0.135810285806656 0.123313672840595 0.13878670334816 0.177211597561836 0.23139551281929
-9999 -9999 -9999 -9999 -9999 -9999 -9999 -9999 -9999 -9999 -9999 -9999 -9999 -9999 -9999 -9999 -9999 -9999 -9999 -9999 -9999 -9999 -9999 -9999 -9999 -9999 -9999 -9999 0.064130075275898 0.22578664124012 0.194794878363609 0.112972624599934 0.0781665816903114 0.0594439767301083 0.0628789737820625 0.0672481581568718 0.0552414655685425 0.0453738979995251 0.0766029432415962 0.0742994397878647 0.0888175219297409 0.194508776068687 0.340370148420334 0.141826167702675 0.076948419213295 0.0701284036040306 0.0731129422783852 0.148253992199898 0.222017139196396 0.180311486124992 0.149783983826637 0.160345643758774 0.168347731232643 0.197451442480087 0.250741302967072 0.310393333435059
