meets/meet004/_saidas_enm/CCSM_Maxent_21k_Aralia_warmingiana1.asc
NCOLS 154 
NROWS 168 
XLLCORNER -112 
YLLCORNER -55.5 
CELLSIZE 0.5 
NODATA_value -9999 
[rows 100 to 124 of 168, columns 56 to 111 of 154]
-9999 -9999 -9999 -9999 -9999 -9999 -9999 -9999 -9999 -9999 -9999 -9999 -9999 -9999 -9999 -9999 -9999 -9999 -9999 -9999 -9999 -9999 -9999 -9999 -9999 -9999 -9999 -9999 0.0394004546105862 0.0900233015418053 0.141282290220261 0.0636112242937088 0.0554506853222847 0.0521783940494061 0.0579504780471325 0.0484880991280079 0.0230093970894814 0.0132997641339898 0.0355274714529514 0.10140485316515 0.0761725157499313 0.112421363592148 0.197249740362167 0.256497532129288 0.263536214828491 0.258560210466385 0.435083240270615 0.700457155704498 0.685311019420624 0.680173814296722 0.682672202587128 0.685190856456757 0.682433068752289 0.671883165836334 0.648406863212585 0.61749404668808
-9999 -9999 -9999 -9999 -9999 -9999 -9999 -9999 -9999 -9999 -9999 -9999 -9999 -9999 -9999 -9999 -9999 -9999 -9999 -9999 -9999 -9999 -9999 -9999 -9999 -9999 -9999 -9999 0.0401743203401566 0.110768735408783 0.109401494264603 0.0610797442495823 0.0599051378667355 0.0566723681986332 0.0545552708208561 0.0434911996126175 0.0257906354963779 0.0157059077173471 0.0530686341226101 0.116375677287579 0.093351699411869 0.146627157926559 0.232422798871994 0.236262455582619 0.241099074482918 0.23908132314682 0.523892223834991 0.649897754192352 0.637235105037689 0.661122679710388 0.69065797328949 0.684356093406677 0.679521679878235 0.669690668582916 0.648862957954407 0.614368140697479
-9999 -9999 -9999 -9999 -9999 -9999 -9999 -9999 -9999 -9999 -9999 -9999 -9999 -9999 -9999 -9999 -9999 -9999 -9999 -9999 -9999 -9999 -9999 -9999 -9999 -9999 -9999 0.0406400822103024 0.0401424393057823 0.135910302400589 0.131082728505135 0.0674713626503944 0.0621063858270645 0.0533193871378899 0.0477876700460911 0.0354975275695324 0.0299702994525433 0.0240848641842604 0.0852035358548164 0.140572756528854 0.127889975905418 0.200117439031601 0.380039900541306 0.370899528264999 0.221418380737305 0.217448949813843 0.518599510192871 0.636698842048645 0.624656319618225 0.640580713748932 0.659196615219116 0.668812036514282 0.673333048820496 0.667290270328522 0.650294363498688 0.629799485206604
-9999 -9999 -9999 -9999 -9999 -9999 -9999 -9999 -9999 -9999 -9999 -9999 -9999 -9999 -9999 -9999 -9999 -9999 -9999 -9999 -9999 -9999 -9999 -9999 -9999 -9999 -9999 0.0369336903095245 0.0443580038845539 0.174438551068306 0.133842408657074 0.0677785500884056 0.0607856698334217 0.0494845993816853 0.0392215885221958 0.032116174697876 0.0322507843375206 0.033381387591362 0.105252347886562 0.101799003779888 0.123786129057407 0.219862088561058 0.409134596586227 0.397914528846741 0.213109314441681 0.199655205011368 0.405509382486343 0.629835724830627 0.616349995136261 0.623067319393158 0.633032619953156 0.645695090293884 0.652619600296021 0.652443766593933 0.644436538219452 0.627477288246155
-9999 -9999 -9999 -9999 -9999 -9999 -9999 -9999 -9999 -9999 -9999 -9999 -9999 -9999 -9999 -9999 -9999 -9999 -9999 -9999 -9999 -9999 -9999 -9999 -9999 -9999 -9999 0.0423793531954288 0.0517273135483265 0.201751157641411 0.142371028661728 0.0729496106505394 0.0593779608607292 0.0425828136503696 0.0306692309677601 0.026089359074831 0.030593529343605 0.0445343516767025 0.036135409027338 0.0510667972266674 0.082547701895237 0.144451484084129 0.225284606218338 0.220418736338615 0.192935317754745 0.185665354132652 0.295062005519867 0.570363402366638 0.605489313602448 0.600157380104065 0.605003654956818 0.611626744270325 0.622382164001465 0.605842530727386 0.58766120672226 0.555112540721893
-9999 -9999 -9999 -9999 -9999 -9999 -9999 -9999 -9999 -9999 -9999 -9999 -9999 -9999 -9999 -9999 -9999 -9999 -9999 -9999 -9999 -9999 -9999 -9999 -9999 -9999 -9999 0.0517155416309834 0.0623609833419323 0.266130894422531 0.122072733938694 0.0698477029800415 0.0553580075502396 0.0386222042143345 0.0252273604273796 0.0210815574973822 0.0245782826095819 0.016748858615756 0.0216886252164841 0.0456715263426304 0.0831385031342506 0.12213771790266 0.161214783787727 0.183725237846375 0.179858192801476 0.17218017578125 0.344749927520752 0.526944518089294 0.578112483024597 0.562631130218506 0.56330794095993 0.569531738758087 0.533728659152985 0.499257773160934 0.514800190925598 0.499673753976822
-9999 -9999 -9999 -9999 -9999 -9999 -9999 -9999 -9999 -9999 -9999 -9999 -9999 -9999 -9999 -9999 -9999 -9999 -9999 -9999 -9999 -9999 -9999 -9999 -9999 -9999 -9999 0.0776808857917786 0.0831012725830078 0.245441392064095 0.0983769446611404 0.0661716461181641 0.0537132956087589 0.0332609079778194 0.0209658686071634 0.0159277115017176 0.017155883833766 0.0122312242165208 0.0227637309581041 0.0475927367806435 0.0833287760615349 0.120575927197933 0.153944298624992 0.171312689781189 0.196711242198944 0.357052654027939 0.436166048049927 0.562964737415314 0.542535066604614 0.522394120693207 0.508825123310089 0.519995510578156 0.534651458263397 0.493763566017151 0.492122083902359 0.52171379327774
-9999 -9999 -9999 -9999 -9999 -9999 -9999 -9999 -9999 -9999 -9999 -9999 -9999 -9999 -9999 -9999 -9999 -9999 -9999 -9999 -9999 -9999 -9999 -9999 -9999 -9999 -9999 0.117950104176998 0.116678155958652 0.174084916710854 0.0885798335075378 0.0672121644020081 0.0516775883734226 0.0314663536846638 0.0155339473858476 0.0116986893117428 0.0136625170707703 0.011738003231585 0.02275101095438 0.0504676178097725 0.0845427662134171 0.117789253592491 0.144295752048492 0.159480184316635 0.159408137202263 0.277852654457092 0.356489598751068 0.497652739286423 0.520669281482697 0.492758721113205 0.470072507858276 0.476164847612381 0.490099221467972 0.479806840419769 0.492972910404205 0.494126886129379
-9999 -9999 -9999 -9999 -9999 -9999 -9999 -9999 -9999 -9999 -9999 -9999 -9999 -9999 -9999 -9999 -9999 -9999 -9999 -9999 -9999 -9999 -9999 -9999 -9999 -9999 -9999 0.188088744878769 0.154554381966591 0.127870142459869 0.0908344760537148 0.0734910145401955 0.0558518283069134 0.0317933931946754 0.0136380419135094 0.00819013267755508 0.0142101952806115 0.0155440894886851 0.0234121289104223 0.0522898733615875 0.088678278028965 0.115903995931149 0.136736527085304 0.148572474718094 0.148918196558952 0.14667683839798 0.172512218356133 0.258877694606781 0.403039366006851 0.470221757888794 0.443710684776306 0.445990532636642 0.453542590141296 0.443696796894073 0.462251305580139 0.459216773509979
-9999 -9999 -9999 -9999 -9999 -9999 -9999 -9999 -9999 -9999 -9999 -9999 -9999 -9999 -9999 -9999 -9999 -9999 -9999 -9999 -9999 -9999 -9999 -9999 -9999 -9999 -9999 0.151791736483574 0.122007176280022 0.108237266540527 0.0717543736100197 0.0738547220826149 0.0650930106639862 0.0345608778297901 0.0131518421694636 0.00954264681786299 0.0206299219280481 0.0509055741131306 0.0521204844117165 0.0566251426935196 0.0898687765002251 0.114067874848843 0.129741594195366 0.139153838157654 0.139081716537476 0.134935304522514 0.12818531692028 0.164843276143074 0.274099886417389 0.417143940925598 0.429373979568481 0.425425618886948 0.419547468423843 0.410348773002625 0.431564211845398 0.430485367774963
-9999 -9999 -9999 -9999 -9999 -9999 -9999 -9999 -9999 -9999 -9999 -9999 -9999 -9999 -9999 -9999 -9999 -9999 -9999 -9999 -9999 -9999 -9999 -9999 -9999 -9999 0.0970363616943359 0.114397332072258 0.102465137839317 0.10323778539896 0.030075965449214 0.0382469110190868 0.0825476571917534 0.0448551848530769 0.0188871473073959 0.01249491982162 0.0256235264241695 0.0758895799517632 0.186327263712883 0.116604149341583 0.0932384580373764 0.109939314424992 0.122608006000519 0.128599256277084 0.124638579785824 0.121676430106163 0.113410323858261 0.154562950134277 0.23392528295517 0.301677495241165 0.34762054681778 0.377005159854889 0.365749210119247 0.383055716753006 0.406557083129883 0.403490364551544
-9999 -9999 -9999 -9999 -9999 -9999 -9999 -9999 -9999 -9999 -9999 -9999 -9999 -9999 -9999 -9999 -9999 -9999 -9999 -9999 -9999 -9999 -9999 -9999 -9999 -9999 0.0838726460933685 0.10214027017355 0.0993939340114594 0.0662928819656372 0.0167027097195387 0.017761817201972 0.0553955808281898 0.064302571117878 0.0325261764228344 0.0278640650212765 0.0462239123880863 0.113236032426357 0.226311475038528 0.189522862434387 0.109530992805958 0.09945048391819 0.106515690684319 0.110614635050297 0.107872903347015 0.103772342205048 0.106406182050705 0.137734234333038 0.189575791358948 0.24469630420208 0.280834883451462 0.308755606412888 0.317380607128143 0.338786154985428 0.372841149568558 0.381354510784149
-9999 -9999 -9999 -9999 -9999 -9999 -9999 -9999 -9999 -9999 -9999 -9999 -9999 -9999 -9999 -9999 -9999 -9999 -9999 -9999 -9999 -9999 -9999 -9999 -9999 -9999 0.078881561756134 0.0816654786467552 0.0755581632256508 0.0190269965678453 0.01958710514009 0.0229458920657635 0.0411909036338329 0.0832779705524445 0.0608233846724033 0.0505856163799763 0.0837132409214973 0.173321098089218 0.244300469756126 0.250852227210999 0.187801331281662 0.142039388418198 0.104424707591534 0.0926408320665359 0.102331750094891 0.101651087403297 0.128028497099876 0.131671145558357 0.151000067591667 0.19441020488739 0.241493344306946 0.26022857427597 0.267567247152328 0.293053716421127 0.322711288928986 0.327548712491989
-9999 -9999 -9999 -9999 -9999 -9999 -9999 -9999 -9999 -9999 -9999 -9999 -9999 -9999 -9999 -9999 -9999 -9999 -9999 -9999 -9999 -9999 -9999 -9999 -9999 -9999 0.0789570882916451 0.0530981980264187 0.054020419716835 0.0131608378142118 0.0256767831742764 0.0275154057890177 0.0911850482225418 0.123187132179737 0.0895308926701546 0.0854756161570549 0.129768028855324 0.230331882834435 0.271244704723358 0.320354163646698 0.361035287380219 0.285112261772156 0.206789627671242 0.192001551389694 0.24011355638504 0.270985394716263 0.204023271799088 0.132674023509026 0.122003011405468 0.147560551762581 0.187532931566238 0.218483433127403 0.239552885293961 0.267889380455017 0.293112814426422 0.308198213577271
-9999 -9999 -9999 -9999 -9999 -9999 -9999 -9999 -9999 -9999 -9999 -9999 -9999 -9999 -9999 -9999 -9999 -9999 -9999 -9999 -9999 -9999 -9999 -9999 -9999 0.120079606771469 0.0830986648797989 0.0357893705368042 0.0262002795934677 0.0135063594207168 0.0265598651021719 0.0342326462268829 0.191735580563545 0.155929192900658 0.121857799589634 0.102474540472031 0.169283777475357 0.279615014791489 0.300424307584763 0.342522025108337 0.323201417922974 0.341684818267822 0.316543936729431 0.339539527893066 0.348711907863617 0.33668127655983 0.34281188249588 0.138290092349052 0.0954848304390907 0.110908836126328 0.146447315812111 0.182662144303322 0.213239222764969 0.244339168071747 0.267695218324661 0.296486914157867
-9999 -9999 -9999 -9999 -9999 -9999 -9999 -9999 -9999 -9999 -9999 -9999 -9999 -9999 -9999 -9999 -9999 -9999 -9999 -9999 -9999 -9999 -9999 -9999 -9999 0.102169334888458 0.0784407258033752 0.0439708195626736 0.00824445951730013 0.0151667166501284 0.026428360491991 0.0578331463038921 0.207437098026276 0.184143304824829 0.151846393942833 0.148918032646179 0.195730641484261 0.277397036552429 0.327631771564484 0.321860164403915 0.308038741350174 0.314869254827499 0.323964089155197 0.328278660774231 0.319360375404358 0.311617344617844 0.331959515810013 0.146681725978851 0.092821940779686 0.0943225100636482 0.128541320562363 0.151190623641014 0.173201024532318 0.204525470733643 0.228790014982224 0.257735520601273
-9999 -9999 -9999 -9999 -9999 -9999 -9999 -9999 -9999 -9999 -9999 -9999 -9999 -9999 -9999 -9999 -9999 -9999 -9999 -9999 -9999 -9999 -9999 -9999 -9999 0.104867942631245 0.0746363028883934 0.0176786091178656 0.00788922887295485 0.0172113925218582 0.026744244620204 0.0767237022519112 0.224857345223427 0.215699762105942 0.182799056172371 0.169571042060852 0.204308047890663 0.263899892568588 0.278628140687943 0.275966882705688 0.286599189043045 0.293949991464615 0.265089690685272 0.284802377223969 0.304929137229919 0.290424972772598 0.302328437566757 0.11415172368288 0.0763212740421295 0.0817440152168274 0.110945984721184 0.122847534716129 0.138295039534569 0.16474986076355 0.189412340521812 0.21918848156929
-9999 -9999 -9999 -9999 -9999 -9999 -9999 -9999 -9999 -9999 -9999 -9999 -9999 -9999 -9999 -9999 -9999 -9999 -9999 -9999 -9999 -9999 -9999 -9999 -9999 0.0781042277812958 0.0630782097578049 0.022529574111104 0.00787358265370131 0.0161620192229748 0.0294152908027172 0.0809400677680969 0.211719691753387 0.2380001693964 0.200720176100731 0.180941790342331 0.192093715071678 0.21192841231823 0.226178407669067 0.236876085400581 0.246364235877991 0.26845571398735 0.174485266208649 0.150889664888382 0.178169548511505 0.186123758554459 0.130038127303123 0.0825737044215202 0.0691945105791092 0.0700570344924927 0.0820379033684731 0.0951158702373505 0.113073155283928 0.141644820570946 0.167060136795044 0.199092447757721
-9999 -9999 -9999 -9999 -9999 -9999 -9999 -9999 -9999 -9999 -9999 -9999 -9999 -9999 -9999 -9999 -9999 -9999 -9999 -9999 -9999 -9999 -9999 -9999 -9999 0.0633523687720299 0.0529855564236641 0.0302117690443993 0.00688908295705914 0.0145005332306027 0.0412415191531181 0.0793879255652428 0.170678988099098 0.249340489506721 0.193433701992035 0.154914334416389 0.156566888093948 0.170970171689987 0.187699615955353 0.199405193328857 0.212719306349754 0.213452056050301 0.100597433745861 0.0713463723659515 0.0675166323781013 0.0535712465643883 0.0605927370488644 0.0565132610499859 0.0561592020094395 0.0573720708489418 0.0609220303595066 0.0746334195137024 0.0922167748212814 0.118247710168362 0.143121033906937 0.178537502884865
-9999 -9999 -9999 -9999 -9999 -9999 -9999 -9999 -9999 -9999 -9999 -9999 -9999 -9999 -9999 -9999 -9999 -9999 -9999 -9999 -9999 -9999 -9999 -9999 -9999 0.0572340302169323 0.0452742427587509 0.0312823876738548 0.00905321538448334 0.013203501701355 0.0284554399549961 0.060737282037735 0.175742149353027 0.221134200692177 0.176555424928665 0.141230538487434 0.140347674489021 0.148888930678368 0.161665216088295 0.177543327212334 0.196794614195824 0.12856413424015 0.0519985482096672 0.0458184964954853 0.0478479191660881 0.0489839799702168 0.0491605624556541 0.0489685609936714 0.0485718511044979 0.0470246411859989 0.0482855215668678 0.0575595572590828 0.0712820068001747 0.0965628772974014 0.12269526720047 0.151555493474007
-9999 -9999 -9999 -9999 -9999 -9999 -9999 -9999 -9999 -9999 -9999 -9999 -9999 -9999 -9999 -9999 -9999 -9999 -9999 -9999 -9999 -9999 -9999 -9999 -9999 0.0548887215554714 0.0420222356915474 0.0275981519371271 0.00839084107428789 0.0118176499381661 0.0222380459308624 0.0398194715380669 0.11640714854002 0.204436123371124 0.166648328304291 0.137843087315559 0.135689169168472 0.139829143881798 0.150472566485405 0.165311858057976 0.157763555645943 0.0845092311501503 0.0385632328689098 0.0420205593109131 0.0435614064335823 0.0451433397829533 0.0464200116693974 0.0462247915565968 0.0456617288291454 0.0443350858986378 0.0429787896573544 0.0483449250459671 0.059600368142128 0.0792083367705345 0.101696684956551 0.131010711193085
-9999 -9999 -9999 -9999 -9999 -9999 -9999 -9999 -9999 -9999 -9999 -9999 -9999 -9999 -9999 -9999 -9999 -9999 -9999 -9999 -9999 -9999 -9999 -9999 -9999 0.0542099364101887 0.0406972020864487 0.0266961324959993 0.00508544128388166 0.01024947501719 0.0213758982717991 0.0299750957638025 0.0441181138157845 0.0758330523967743 0.125241324305534 0.147421449422836 0.14552828669548 0.10487063229084 0.0832065939903259 0.10275000333786 0.0979200080037117 0.0579007156193256 0.0350046828389168 0.0380533449351788 0.0400198400020599 0.0412944257259369 0.0425682887434959 0.0433275736868382 0.0437152311205864 0.0424076654016972 0.040835227817297 0.0396794117987156 0.0513515621423721 0.0721338838338852 0.0899813249707222 0.113591715693474
-9999 -9999 -9999 -9999 -9999 -9999 -9999 -9999 -9999 -9999 -9999 -9999 -9999 -9999 -9999 -9999 -9999 -9999 -9999 -9999 -9999 -9999 -9999 -9999 -9999 0.0572072863578796 0.0433618947863579 0.0269156098365784 0.0042284014634788 0.00886724609881639 0.0186704657971859 0.0266463831067085 0.0301616527140141 0.0298870448023081 0.0442319847643375 0.0546884164214134 0.0716932490468025 0.0622732639312744 0.0583657287061214 0.0946364849805832 0.0907833203673363 0.0597331002354622 0.0318126231431961 0.0345834046602249 0.0356507338583469 0.0367152504622936 0.0381877869367599 0.0396258533000946 0.0405340828001499 0.0404236428439617 0.0399596393108368 0.0390785448253155 0.0398625396192074 0.0399692393839359 0.0498661175370216 0.0533472001552582
-9999 -9999 -9999 -9999 -9999 -9999 -9999 -9999 -9999 -9999 -9999 -9999 -9999 -9999 -9999 -9999 -9999 -9999 -9999 -9999 -9999 -9999 -9999 -9999 -9999 0.0602383241057396 0.0415737926959991 0.0251589249819517 0.00549493543803692 0.00735784834250808 0.0161268580704927 0.0234373509883881 0.0269165188074112 0.0278243385255337 0.0278563406318426 0.0515178516507149 0.0556200779974461 0.0586547069251537 0.0668893530964851 0.100189730525017 0.117216363549232 0.0774883776903152 0.0376960970461369 0.0309827663004398 0.0317773297429085 0.0326320491731167 0.0340629070997238 0.0359889231622219 0.0373173952102661 0.0379753448069096 0.0383538901805878 0.0371100194752216 0.0356760509312153 0.0343806259334087 0.033017311245203 0.0325843505561352
-9999 -9999 -9999 -9999 -9999 -9999 -9999 -9999 -9999 -9999 -9999 -9999 -9999 -9999 -9999 -9999 -9999 -9999 -9999 -9999 -9999 -9999 -9999 -9999 0.0457740277051926 0.062971405684948 0.0413645878434181 0.023295758292079 0.0105809383094311 0.00570511166006327 0.0123201087117195 0.0191378388553858 0.0239562727510929 0.0260158441960812 0.0236424095928669 0.0291729625314474 0.0349896885454655 0.0386779755353928 0.0484417602419853 0.0914879590272903 0.136700466275215 0.0986069813370705 0.0532511509954929 0.0424086004495621 0.0423157326877117 0.0421836599707603 0.030006181448698 0.0317152813076973 0.0330095365643501 0.0339020192623138 0.0344274267554283 0.0337769240140915 0.0331583805382252 0.0324169360101223 0.0309889297932386 0.0307565927505493
