meets/meet004/_saidas_enm/CCSM_Maxent_0k_Aralia_warmingiana5.asc
NCOLS 154 
NROWS 168 
XLLCORNER -112 
YLLCORNER -55.5 
CELLSIZE 0.5 
NODATA_value -9999 
[rows 50 to 74 of 168, columns 56 to 111 of 154]
-9999 -9999 -9999 -9999 -9999 -9999 -9999 -9999 -9999 -9999 -9999 -9999 -9999 0.000175078879692592 0.000376316049369052 0.000725639809388667 0.0050699207931757 0.0209174361079931 0.0420879647135735 0.0707563683390617 0.0757215991616249 0.0889304801821709 0.0801353603601456 0.0447385013103485 0.0293611157685518 0.0182499345391989 0.00760100083425641 0.00222079176455736 0.000819971202872694 0.000598000129684806 0.000544942857231945 0.000711020722519606 0.000890352355781943 0.004405009560287 0.0377719588577747 0.135990664362907 0.220646783709526 0.27307403087616 0.309385925531387 0.328187733888626 0.320933610200882 0.336921662092209 0.31630539894104 0.192575544118881 0.0772852227091789 0.0131969088688493 0.0223714523017406 0.0176875405013561 0.0169616118073463 0.0255398787558079 0.0199179779738188 0.0256176684051752 0.0453013479709625 0.0615132749080658 0.0715057849884033 0.0951897874474525
-9999 -9999 -9999 -9999 -9999 -9999 -9999 -9999 -9999 -9999 -9999 -9999 -9999 0.000553063233383 0.000916154007427394 0.0013839730527252 0.0067739519290626 0.0241660345345736 0.0438058488070965 0.0495571345090866 0.0532941557466984 0.0412809625267982 0.0376032330095768 0.0209462102502584 0.0110027668997645 0.00512189231812954 0.00223726569674909 0.00117190659511834 0.00096780271269381 0.000754481297917664 0.000660034478642046 0.000627487548626959 0.000650783709716052 0.00130783976055682 0.012929430231452 0.0698202028870583 0.173111617565155 0.265132695436478 0.286726355552673 0.307715475559235 0.289485424757004 0.268053948879242 0.207007378339767 0.135591834783554 0.0752544328570366 0.0400692000985146 0.0331544950604439 0.033840823918581 0.0319739505648613 0.031721081584692 0.0300825014710426 0.0360894799232483 0.0528312064707279 0.0679921954870224 0.082879550755024 0.100890621542931
-9999 -9999 -9999 -9999 -9999 -9999 -9999 -9999 -9999 -9999 -9999 0.00119566929060966 0.0013502036454156 0.00151033559814095 0.00321192969568074 0.00298788747750223 0.00639967294409871 0.0226362943649292 0.0337907783687115 0.0280231162905693 0.0255078673362732 0.0180388744920492 0.0118656763806939 0.00612747203558683 0.00284360465593636 0.00149514421354979 0.00117876718286425 0.000976755982264876 0.000833508383948356 0.000698466843459755 0.000654979317914695 0.000665478990413249 0.000712518114596605 0.000863302499055862 0.00668362714350224 0.0444210395216942 0.11659263074398 0.212804809212685 0.267571032047272 0.27735435962677 0.277025789022446 0.229514688253403 0.180404469370842 0.137073948979378 0.10942418128252 0.0973474010825157 0.0726621299982071 0.0761785730719566 0.0651880279183388 0.0481735989451408 0.0481859818100929 0.0591006949543953 0.0650976896286011 0.0728319957852364 0.0916564241051674 0.113470762968063
-9999 -9999 -9999 -9999 -9999 -9999 -9999 -9999 -9999 -9999 0.00217880983836949 0.00237082107923925 0.00489414017647505 0.00608531665056944 0.00395194487646222 0.00319205946289003 0.00408269418403506 0.0106655098497868 0.0149240279570222 0.0149481995031238 0.0125877754762769 0.00789497140794992 0.0044244471937418 0.00223311223089695 0.001729512703605 0.00143951119389385 0.00115372100844979 0.000954130198806524 0.000799928093329072 0.000695258495397866 0.00063293386483565 0.000667493906803429 0.000757994363084435 0.00094227958470583 0.00401241192594171 0.0279610306024551 0.0827016681432724 0.143712177872658 0.194866850972176 0.215282827615738 0.215361326932907 0.183648765087128 0.156053066253662 0.130890801548958 0.107007689774036 0.100326016545296 0.0816366598010063 0.0735991299152374 0.057009618729353 0.0583603531122208 0.0761376842856407 0.0816155299544334 0.0739329159259796 0.0794438496232033 0.113490715622902 0.142281860113144
-9999 -9999 -9999 -9999 -9999 -9999 -9999 -9999 -9999 -9999 0.00703861424699426 0.0140823675319552 0.0159204974770546 0.0149416327476501 0.00945758074522018 0.0045853485353291 0.00418962398543954 0.00445226300507784 0.0061497357673943 0.00559140834957361 0.00464933179318905 0.00258112116716802 0.00239659356884658 0.00220901519060135 0.00183622259646654 0.00147921999450773 0.00120885588694364 0.000979316071607172 0.000829275231808424 0.000744513759855181 0.000664723396766931 0.000677757896482944 0.00076862215064466 0.000950980291236192 0.00280112470500171 0.0176854357123375 0.0497123450040817 0.0911815389990807 0.123774118721485 0.137624144554138 0.143887758255005 0.12444132566452 0.109115600585938 0.0934635326266289 0.0794041752815247 0.0727298930287361 0.0524186752736568 0.0600410774350166 0.0787235796451569 0.0878944396972656 0.114222936332226 0.101420745253563 0.0798899903893471 0.081247441470623 0.131423681974411 0.173040881752968
-9999 -9999 -9999 -9999 -9999 -9999 -9999 -9999 0.00339216110296547 0.0142442947253585 0.0499193370342255 0.0381025709211826 0.0338620655238628 0.0310569498687983 0.0139238107949495 0.00589122576639056 0.00438735261559486 0.00363922142423689 0.00277584139257669 0.00244501256383955 0.00254955003038049 0.00239519635215402 0.00229844031855464 0.00211352552287281 0.00177661399357021 0.00154009729158133 0.00120762956794351 0.00100817112252116 0.00085974542889744 0.000773461535573006 0.000731015170458704 0.00071065325755626 0.000748683873098344 0.000918048666790128 0.00171517429407686 0.00846127793192863 0.0239614248275757 0.045345563441515 0.0627157241106033 0.0641419216990471 0.0612000599503517 0.0516929179430008 0.0476161018013954 0.0421109795570374 0.0340022444725037 0.0428057760000229 0.0531411208212376 0.0659169480204582 0.0758130326867104 0.0957197695970535 0.104281671345234 0.0902981460094452 0.0699369087815285 0.0692120343446732 0.131669491529465 0.195813938975334
-9999 -9999 -9999 -9999 -9999 -9999 -9999 -9999 0.0070900060236454 0.0565446391701698 0.143630295991898 0.104302123188972 0.0782460123300552 0.0398605093359947 0.0187311116605997 0.00785083789378405 0.00437948945909739 0.00358941173180938 0.00214894372038543 0.00203848723322153 0.00206911005079746 0.00191803183406591 0.00186282093636692 0.00173932139296085 0.00153760088142008 0.00140814494807273 0.00117157795466483 0.000991660286672413 0.000892728974577039 0.000840779161080718 0.000821604102384299 0.000816538638900965 0.00084705202607438 0.000926855369471014 0.00113064737524837 0.00373638630844653 0.00800747517496347 0.0153967030346394 0.0207139849662781 0.0207754168659449 0.0188264567404985 0.0157912950962782 0.0143150184303522 0.0165663659572601 0.0211363527923822 0.029397577047348 0.0333193391561508 0.0429079309105873 0.0552630014717579 0.0582619458436966 0.0626809075474739 0.0534339435398579 0.0455124787986279 0.055951576679945 0.118519619107246 0.193464875221252
-9999 -9999 -9999 -9999 -9999 -9999 -9999 0.00711024180054665 0.0262413918972015 0.129472404718399 0.281815052032471 0.209676593542099 0.124843865633011 0.0549058616161346 0.0245049335062504 0.0114475917071104 0.00559441093355417 0.00367658352479339 0.00188476906623691 0.00162242713849992 0.00156008859630674 0.0015096461866051 0.00136564846616238 0.00129233812913299 0.00123291730415076 0.00109584245365113 0.00104191130958498 0.000974769238382578 0.000942121492698789 0.000912460731342435 0.000904146989341825 0.000914412317797542 0.000941560312639922 0.000991294160485268 0.0010249731130898 0.00144085893407464 0.00310254422947764 0.00486632436513901 0.00605352502316236 0.00655780080705881 0.00639010034501553 0.00573743600398302 0.00629299925640225 0.0083357896655798 0.0109748765826225 0.0144189381971955 0.0159508306533098 0.0188405681401491 0.0205041747540236 0.0212265662848949 0.0227247215807438 0.0213065091520548 0.0222509913146496 0.0376993454992771 0.0980597734451294 0.177958756685257
-9999 -9999 -9999 -9999 -9999 -9999 -9999 0.0291971284896135 0.0868816152215004 0.261391311883926 0.397808283567429 0.298960268497467 0.135180741548538 0.0543346032500267 0.0284168124198914 0.0186746064573526 0.0100471945479512 0.00627275882288814 0.00319743668660522 0.00232701422646642 0.00171112443786114 0.00137343106325716 0.00119444378651679 0.00114355620462447 0.00117707077879459 0.00109784642700106 0.00114740454591811 0.00112544163130224 0.00108629406895489 0.00113472098018974 0.00105668639298528 0.00104221375659108 0.00101899809669703 0.00102891214191914 0.00100748334079981 0.000942621321883053 0.00103698275052011 0.00150806666351855 0.00175155710894614 0.00183739548083395 0.00208917493000627 0.00213772244751453 0.00258753867819905 0.00314129563048482 0.00342284375801682 0.00502112694084644 0.00651808548718691 0.00878289807587862 0.0100275678560138 0.00993339717388153 0.0102660870179534 0.0124542266130447 0.0135210836306214 0.0260671358555555 0.0669272169470787 0.13759571313858
-9999 -9999 -9999 -9999 -9999 -9999 0.0470537431538105 0.115105599164963 0.24578757584095 0.365862190723419 0.45167800784111 0.320549577474594 0.098871611058712 0.0483711324632168 0.0328196249902248 0.0225090142339468 0.0164388883858919 0.0107105514034629 0.00585031509399414 0.00443120859563351 0.00329990452155471 0.00304809212684631 0.0029871400911361 0.00314124277792871 0.00294841779395938 0.00287330173887312 0.00280853803269565 0.00294161774218082 0.00302181951701641 0.00266589736565948 0.00253926077857614 0.00222727446816862 0.00202336953952909 0.00181838450953364 0.00147285789716989 0.00125536555424333 0.00096611469052732 0.000901124149095267 0.00093614897923544 0.000976321869529784 0.00114643643610179 0.00152769102714956 0.00210747378878295 0.0032734707929194 0.00483873346820474 0.00826336536556482 0.00998765602707863 0.010933019220829 0.0114632798358798 0.0120928985998034 0.013828475959599 0.0177085306495428 0.0235803686082363 0.024131378158927 0.0469973161816597 0.0957631841301918
-9999 -9999 -9999 -9999 -9999 -9999 0.120296128094196 0.220633566379547 0.356807351112366 0.424650251865387 0.447613090276718 0.30441752076149 0.0879441723227501 0.0603538379073143 0.0456667989492416 0.0330801568925381 0.0247829630970955 0.0155914211645722 0.0105417715385556 0.00886531453579664 0.00783219002187252 0.00750166736543179 0.00739507377147675 0.00757333403453231 0.00729049509391189 0.00664572091773152 0.00690455688163638 0.00718194292858243 0.00720464857295156 0.00681606167927384 0.00607462506741285 0.0055720224045217 0.00486509641632438 0.0042861751280725 0.00366674340330064 0.00310688279569149 0.00281724706292152 0.00258661666885018 0.00277272472158074 0.00318742799572647 0.00378782674670219 0.00522107165306807 0.00744476448744535 0.0113401776179671 0.0171275101602077 0.0189681407064199 0.0196071527898312 0.0195141900330782 0.0199452042579651 0.0221316479146481 0.0239803846925497 0.0306308008730412 0.0359194986522198 0.0313646979629993 0.0336703211069107 0.0557545498013496
-9999 -9999 -9999 -9999 -9999 -9999 0.194744065403938 0.271993160247803 0.408144563436508 0.461017668247223 0.439171731472015 0.300779908895493 0.109534852206707 0.0690855458378792 0.0560451410710812 0.0387620478868484 0.0334961339831352 0.0217089522629976 0.0162833668291569 0.0142781594768167 0.0128833502531052 0.013391843996942 0.0142382439225912 0.0146345347166061 0.0132516911253333 0.0123735088855028 0.0124822100624442 0.0132240755483508 0.0139148263260722 0.0126082850620151 0.011708359234035 0.0105996141210198 0.0095562944188714 0.00857463292777538 0.00727778347209096 0.00624634046107531 0.00598949240520597 0.00626268750056624 0.00722499703988433 0.00853261537849903 0.0114503502845764 0.0150411427021027 0.0210911296308041 0.0280455481261015 0.0311631578952074 0.029010996222496 0.0283791273832321 0.0300233494490385 0.0316335558891296 0.0336572453379631 0.0384404920041561 0.0457974076271057 0.0428225174546242 0.0390197783708572 0.0381764657795429 0.0368830114603043
-9999 -9999 -9999 -9999 -9999 -9999 -9999 0.290481507778168 0.401734113693237 0.450383424758911 0.446260541677475 0.324600428342819 0.136472046375275 0.0977542474865913 0.0745690017938614 0.0522166304290295 0.0446148328483105 0.03066186606884 0.0241609234362841 0.0229667387902737 0.0231072325259447 0.0243412721902132 0.0257868636399508 0.0263741202652454 0.0251601804047823 0.0235180873423815 0.0241913162171841 0.0250250808894634 0.0262200459837914 0.0257700756192207 0.0234571993350983 0.0218981634825468 0.0195179339498281 0.0181566663086414 0.0170117411762476 0.0153794903308153 0.0150575749576092 0.0148227261379361 0.01759048178792 0.0224688667804003 0.0293549038469791 0.0386912748217583 0.0494043491780758 0.05336619541049 0.0503045655786991 0.0467156283557415 0.0488656125962734 0.0503783784806728 0.0534866191446781 0.0589585080742836 0.0653978511691093 0.0763729363679886 0.0606417916715145 0.0504953190684319 0.0514365881681442 0.0481530241668224
-9999 -9999 -9999 -9999 -9999 -9999 -9999 -9999 0.370125383138657 0.416840940713882 0.465101957321167 0.346418708562851 0.163086667656898 0.128061190247536 0.0898938477039337 0.06370959430933 0.0538776479661465 0.0384674333035946 0.0327282473444939 0.0325686410069466 0.0344654135406017 0.0366714634001255 0.0402484536170959 0.0418784357607365 0.039890605956316 0.0388841778039932 0.0405600890517235 0.0429216586053371 0.0449480004608631 0.0447832010686398 0.042825885117054 0.0391105487942696 0.0363348461687565 0.0343553870916367 0.0327333584427834 0.0329315029084682 0.0316679887473583 0.0324089676141739 0.0343566946685314 0.0420358180999756 0.0549976117908955 0.0681891813874245 0.077531524002552 0.0656822025775909 0.0584800504148006 0.0529986545443535 0.0533807426691055 0.0561794377863407 0.0596501417458057 0.0646680146455765 0.0739639028906822 0.0873727723956108 0.0786025449633598 0.0718967542052269 0.0697657540440559 0.0707392394542694
-9999 -9999 -9999 -9999 -9999 -9999 0.19101570546627 0.216507464647293 0.325879752635956 0.392462283372879 0.421891808509827 0.326526880264282 0.17799811065197 0.138183623552322 0.110423251986504 0.0902923420071602 0.062757596373558 0.0463351793587208 0.0409759469330311 0.0435788668692112 0.0480973161756992 0.0520990006625652 0.0554719232022762 0.0591421276330948 0.0623306110501289 0.0646452978253365 0.0683829560875893 0.0712418481707573 0.0741136893630028 0.075629249215126 0.0738601088523865 0.0699739307165146 0.0654215067625046 0.0629075616598129 0.0608234144747257 0.0595440529286861 0.0606175549328327 0.0618063099682331 0.0629143863916397 0.0706079080700874 0.0815712735056877 0.0948761180043221 0.0852182656526566 0.0718027949333191 0.0643442273139954 0.0594188161194324 0.0613151453435421 0.0651950538158417 0.0699958875775337 0.0764071941375732 0.0849718153476715 0.102221056818962 0.103044308722019 0.0978236347436905 0.0958716347813606 0.0908826887607574
-9999 -9999 -9999 -9999 -9999 0.124417491257191 0.146694585680962 0.22595040500164 0.322623401880264 0.391908288002014 0.419175148010254 0.307883501052856 0.180688917636871 0.145977169275284 0.126446396112442 0.110513262450695 0.0665243789553642 0.0550323314964771 0.0496670342981815 0.0543992929160595 0.0618603304028511 0.0672069415450096 0.0715733543038368 0.0785416960716248 0.0877439007163048 0.0978622958064079 0.102018490433693 0.107495725154877 0.112362705171108 0.113033674657345 0.113230764865875 0.111832864582539 0.107786774635315 0.103880316019058 0.0977403372526169 0.0931771993637085 0.0941736847162247 0.0940481126308441 0.0899848639965057 0.0895689949393272 0.098887987434864 0.110458724200726 0.0931971147656441 0.0791678950190544 0.070721335709095 0.0640354827046394 0.0683562979102135 0.0751337930560112 0.0811819508671761 0.0860852971673012 0.0923527926206589 0.112752676010132 0.128303274512291 0.123970970511436 0.120090685784817 0.110929578542709
-9999 -9999 -9999 -9999 -9999 0.219763949513435 0.168155685067177 0.257067292928696 0.33754289150238 0.380820333957672 0.36028978228569 0.287218451499939 0.214586645364761 0.189619958400726 0.163652792572975 0.107848607003689 0.0737648084759712 0.0642243027687073 0.0606766939163208 0.071426123380661 0.0815627351403236 0.0886165276169777 0.0952444598078728 0.105318032205105 0.118884675204754 0.130173921585083 0.140364587306976 0.147201642394066 0.154171720147133 0.159279733896255 0.160985469818115 0.158637136220932 0.152869001030922 0.146991044282913 0.138465449213982 0.131473541259766 0.129712894558907 0.126713007688522 0.119630016386509 0.11248467862606 0.120126888155937 0.124403119087219 0.104152426123619 0.0898918285965919 0.0822586342692375 0.0779820159077644 0.0810203552246094 0.0867832228541374 0.0931881591677666 0.100510999560356 0.110720790922642 0.128688126802444 0.148545891046524 0.147026523947716 0.14680241048336 0.14392264187336
-9999 -9999 -9999 -9999 -9999 -9999 0.237167328596115 0.294999331235886 0.365421384572983 0.347125232219696 0.341454833745956 0.295799493789673 0.23560419678688 0.221159070730209 0.186178788542747 0.122099719941616 0.0889085829257965 0.0803884267807007 0.0788563713431358 0.0951495617628098 0.11007309705019 0.118588872253895 0.125766813755035 0.140078291296959 0.157368138432503 0.169266566634178 0.183648034930229 0.192134663462639 0.201088771224022 0.209046974778175 0.213509693741798 0.208453670144081 0.201595142483711 0.194797873497009 0.183871522545815 0.174705699086189 0.17220863699913 0.167193785309792 0.157217487692833 0.142953157424927 0.143063098192215 0.14362359046936 0.121346779167652 0.106475174427032 0.100360490381718 0.0941524133086205 0.0979660302400589 0.102499015629292 0.108534000813961 0.116161078214645 0.127656728029251 0.145070001482964 0.168180748820305 0.17247898876667 0.17763489484787 0.178855001926422
-9999 -9999 -9999 -9999 -9999 -9999 0.2680604159832 0.311466008424759 0.350713580846786 0.365202248096466 0.354992002248764 0.301156401634216 0.234595850110054 0.202064901590347 0.190354511141777 0.15424457192421 0.146177843213081 0.0958274453878403 0.0821366757154465 0.108606047928333 0.154945984482765 0.163350522518158 0.166360095143318 0.177941918373108 0.198065519332886 0.219745114445686 0.229883134365082 0.238323569297791 0.246381878852844 0.251393258571625 0.254451066255569 0.250102579593658 0.242883205413818 0.23629966378212 0.227773949503899 0.220565930008888 0.216756597161293 0.211191713809967 0.199355721473694 0.182324483990669 0.168565452098846 0.168754905462265 0.148023784160614 0.133220225572586 0.12543848156929 0.12083762139082 0.121308498084545 0.123683393001556 0.127493605017662 0.131551623344421 0.1390031427145 0.157086163759232 0.178019553422928 0.199686601758003 0.20892907679081 0.211288273334503
-9999 -9999 -9999 -9999 -9999 -9999 0.371937900781631 0.287389397621155 0.337134838104248 0.379171222448349 0.353346437215805 0.288010537624359 0.222109228372574 0.179926127195358 0.166030392050743 0.165381625294685 0.168211951851845 0.0982451811432838 0.075834795832634 0.113987050950527 0.196336880326271 0.210233852267265 0.199335232377052 0.208436250686646 0.235818862915039 0.266282439231873 0.275113761425018 0.277482688426971 0.284510403871536 0.290025264024734 0.293308645486832 0.29130956530571 0.281551241874695 0.27666762471199 0.272725224494934 0.266292154788971 0.265448987483978 0.244527012109756 0.230747058987617 0.224635079503059 0.208805575966835 0.200094223022461 0.18063360452652 0.165883123874664 0.159129023551941 0.152447789907455 0.151845201849937 0.150237709283829 0.151099264621735 0.151427716016769 0.152978405356407 0.173098236322403 0.191953718662262 0.208470284938812 0.217276766896248 0.219024240970612
-9999 -9999 -9999 -9999 -9999 -9999 -9999 -9999 0.259819775819778 0.368792116641998 0.386373549699783 0.302591174840927 0.201909258961678 0.17561000585556 0.163891956210136 0.173263818025589 0.177148386836052 0.0814658254384995 0.0522692278027534 0.107746228575706 0.227500379085541 0.237364307045937 0.201521664857864 0.208334594964981 0.248496830463409 0.29153236746788 0.297416716814041 0.295082211494446 0.30160391330719 0.313331127166748 0.324993073940277 0.310470581054688 0.29444083571434 0.283242970705032 0.278586357831955 0.271418243646622 0.260991841554642 0.249631762504578 0.240838199853897 0.234104990959167 0.228249803185463 0.222183138132095 0.213524892926216 0.201523244380951 0.193557515740395 0.188176155090332 0.184724539518356 0.182510614395142 0.180734068155289 0.177163034677505 0.17983366549015 0.191980689764023 0.20730958878994 0.217688724398613 0.218129172921181 0.213435783982277
-9999 -9999 -9999 -9999 -9999 -9999 -9999 -9999 0.46292906999588 0.352731108665466 0.394512116909027 0.293523907661438 0.180489763617516 0.16779550909996 0.163907766342163 0.17179349064827 0.208361223340034 0.087491549551487 0.0472795777022839 0.116700865328312 0.256938278675079 0.255753040313721 0.214225649833679 0.220242276787758 0.255195319652557 0.304857045412064 0.309106945991516 0.299951761960983 0.307634085416794 0.32684263586998 0.326346874237061 0.308594822883606 0.28606778383255 0.273939788341522 0.27214252948761 0.265492528676987 0.261012494564056 0.253325343132019 0.248841911554337 0.246778696775436 0.24237547814846 0.241560101509094 0.237721815705299 0.234430834650993 0.231641501188278 0.22627180814743 0.218702465295792 0.208918660879135 0.199926972389221 0.189976543188095 0.185986638069153 0.192050322890282 0.202372848987579 0.214908197522163 0.222935438156128 0.226728156208992
-9999 -9999 -9999 -9999 -9999 -9999 -9999 -9999 -9999 0.337938636541367 0.370968520641327 0.255580127239227 0.151569724082947 0.149573758244514 0.16109399497509 0.176086097955704 0.255451798439026 0.147416725754738 0.0662962049245834 0.128330647945404 0.26942840218544 0.27230966091156 0.222054973244667 0.230873242020607 0.271703749895096 0.310795545578003 0.313024789094925 0.302112728357315 0.302680850028992 0.322600573301315 0.338245868682861 0.312916845083237 0.28839236497879 0.272146821022034 0.266492277383804 0.261361837387085 0.257829129695892 0.25355276465416 0.252548158168793 0.253012090921402 0.254049450159073 0.255086183547974 0.255372703075409 0.255539357662201 0.253268450498581 0.247480273246765 0.235822036862373 0.220864534378052 0.208140924572945 0.194986686110497 0.185560211539268 0.185367211699486 0.189375817775726 0.205579489469528 0.236097007989883 0.267012774944305
-9999 -9999 -9999 -9999 -9999 -9999 -9999 -9999 -9999 -9999 0.346879899501801 0.222897782921791 0.148542642593384 0.152723103761673 0.172030612826347 0.191311031579971 0.296777486801147 0.2747902572155 0.119561851024628 0.178178325295448 0.287244856357574 0.279375374317169 0.241544261574745 0.249486982822418 0.291711032390594 0.329260259866714 0.329392313957214 0.316277503967285 0.315187901258469 0.324675649404526 0.331278860569 0.324269771575928 0.295563012361526 0.277006506919861 0.269985765218735 0.262825667858124 0.259336292743683 0.255508542060852 0.256021469831467 0.260326743125916 0.263966590166092 0.268628537654877 0.271155476570129 0.27315229177475 0.273626714944839 0.268254339694977 0.255956321954727 0.237601026892662 0.222163513302803 0.205389007925987 0.192729756236076 0.188995078206062 0.190308481454849 0.20905938744545 0.247226566076279 0.285839557647705
-9999 -9999 -9999 -9999 -9999 -9999 -9999 -9999 -9999 -9999 -9999 0.196020498871803 0.163886293768883 0.173499837517738 0.188415914773941 0.21269254386425 0.31572899222374 0.381286054849625 0.232765078544617 0.252653390169144 0.285764187574387 0.277712792158127 0.268962830305099 0.273050636053085 0.309902369976044 0.33846527338028 0.33717679977417 0.330369532108307 0.328436702489853 0.329861253499985 0.333186715841293 0.318592816591263 0.297531098127365 0.285362333059311 0.278122156858444 0.267980009317398 0.266051769256592 0.26263028383255 0.264521449804306 0.26956108212471 0.272454231977463 0.282780170440674 0.287997514009476 0.292997300624847 0.295318961143494 0.288715958595276 0.279719084501266 0.262582540512085 0.245036154985428 0.225401192903519 0.209106430411339 0.205647453665733 0.208372503519058 0.223038867115974 0.248722776770592 0.274118959903717
