meets/meet004/_saidas_enm/CCSM_Maha_6k_Aralia_warmingiana3.asc
NCOLS 154 
NROWS 168 
XLLCORNER -112 
YLLCORNER -55.5 
CELLSIZE 0.5 
NODATA_value -9999 
[rows 100 to 124 of 168, columns 56 to 111 of 154]
-9999 -9999 -9999 -9999 -9999 -9999 -9999 -9999 -9999 -9999 -9999 -9999 -9999 -9999 -9999 -9999 -9999 -9999 -9999 -9999 -9999 -9999 -9999 -9999 -9999 -9999 -9999 -9999 -113.699212410664 -90.2747442136085 -122.636760151752 -173.950353235679 -225.276262570094 -248.957011416591 -230.12815583635 -188.213913812043 -140.81562925931 -95.75875817947 -51.1471583852241 -18.9714404016943 -1.67326008235122 -3.88273663045676 -5.74870968797703 -7.52568611638439 -9.92898295260444 -9.79932493306072 -7.79285462641464 -6.05618820105845 -5.78615767149457 -5.97055540597114 -6.43542570318938 -7.72164073042506 -8.71236183066087 -8.83667507893113 -8.94295262732638 -8.72201272786833
-9999 -9999 -9999 -9999 -9999 -9999 -9999 -9999 -9999 -9999 -9999 -9999 -9999 -9999 -9999 -9999 -9999 -9999 -9999 -9999 -9999 -9999 -9999 -9999 -9999 -9999 -9999 -9999 -118.564812931001 -100.51780430634 -136.797991341118 -179.838604769014 -215.007499574503 -231.307292155962 -210.73159797615 -177.498517989473 -129.670383919945 -87.2163089099209 -45.0017992287593 -15.6047485188766 -0.751207595996236 -3.94884535640168 -4.79300037375215 -7.38749852422293 -9.73456717142967 -9.43402978856077 -6.25632063200178 -4.64551887707691 -4.60290260743133 -4.21184416292103 -4.14839108365868 -5.32417503841258 -6.9815469489634 -7.503070332071 -7.77539041445667 -7.63118600753364
-9999 -9999 -9999 -9999 -9999 -9999 -9999 -9999 -9999 -9999 -9999 -9999 -9999 -9999 -9999 -9999 -9999 -9999 -9999 -9999 -9999 -9999 -9999 -9999 -9999 -9999 -9999 -161.080592178721 -133.668643753284 -110.426099315354 -133.349853533823 -174.502938899453 -200.603304924627 -211.827966977646 -194.083416444125 -159.181648510325 -119.502626227155 -77.3917287379989 -37.1312869971336 -11.6492705409914 -0.518866890152199 -4.87237329464805 -4.53792288054665 -6.61674807571637 -9.35957866998588 -8.69849850310087 -5.93243059699269 -3.55657014155168 -2.92922784710945 -2.89869154064285 -3.23004274200948 -3.94671903564943 -5.43763488328527 -6.21620560165871 -5.85226042475289 -6.03759299365915
-9999 -9999 -9999 -9999 -9999 -9999 -9999 -9999 -9999 -9999 -9999 -9999 -9999 -9999 -9999 -9999 -9999 -9999 -9999 -9999 -9999 -9999 -9999 -9999 -9999 -9999 -9999 -168.651687174184 -141.554743129449 -111.115032465282 -134.493530067647 -172.225511422757 -189.628880955639 -199.519484180404 -181.783421213519 -150.214742431878 -108.677452927653 -66.626981202609 -29.6642205216397 -8.12400040757772 -1.54510583629146 -5.93614680019728 -5.74857321899507 -7.23303234687748 -9.63147179071961 -9.57401333634432 -7.30766041217226 -4.23395114741949 -2.62614750761193 -2.2028848213172 -2.28376184940334 -2.75677713269252 -3.80695458689533 -4.36699190530181 -4.3680332191864 -4.2529872367198
-9999 -9999 -9999 -9999 -9999 -9999 -9999 -9999 -9999 -9999 -9999 -9999 -9999 -9999 -9999 -9999 -9999 -9999 -9999 -9999 -9999 -9999 -9999 -9999 -9999 -9999 -9999 -171.836280743393 -144.28620778804 -118.595262681343 -141.600546287579 -176.100541717025 -190.232874490836 -193.716222199622 -177.020231671829 -143.270833402344 -100.93966862361 -54.2514584318264 -21.0988397599371 -4.09474032457709 -2.19625800733268 -6.89350265353181 -7.89703011238189 -8.67815277525072 -9.78554567432068 -10.6766571569081 -8.13471885491278 -5.5132655790647 -3.63221825396668 -2.24368510073577 -1.90235461645178 -1.73227607513398 -2.20298984939589 -2.54243557385758 -2.9588323665872 -3.52458061027331
-9999 -9999 -9999 -9999 -9999 -9999 -9999 -9999 -9999 -9999 -9999 -9999 -9999 -9999 -9999 -9999 -9999 -9999 -9999 -9999 -9999 -9999 -9999 -9999 -9999 -9999 -9999 -176.002236036818 -144.666167912611 -121.284447597103 -152.109836259842 -190.534020971866 -198.672570981813 -197.971123102015 -180.045241407833 -144.558910523006 -95.5461621164997 -46.3605466351229 -16.2589828512529 -2.34585011458982 -3.61972497581082 -8.2390522699946 -10.2435775784726 -9.66104929831279 -9.93958859703278 -9.62891926681129 -7.24859597503067 -5.82697907184454 -4.1179204891374 -2.47588355482311 -1.9048444567806 -1.50902208412355 -1.5653948731131 -1.82828909787132 -2.35390110993098 -3.12449217138772
-9999 -9999 -9999 -9999 -9999 -9999 -9999 -9999 -9999 -9999 -9999 -9999 -9999 -9999 -9999 -9999 -9999 -9999 -9999 -9999 -9999 -9999 -9999 -9999 -9999 -9999 -9999 -162.075608324672 -144.595866079442 -128.732675126829 -169.086821120289 -205.872813460026 -216.5880005432 -208.105366483876 -187.645582356089 -150.94466538606 -94.3253184215084 -42.4761503409114 -13.7599077773218 -2.14806521562438 -5.16971763815321 -9.77135244961235 -11.820697571666 -10.4918261947304 -9.54713933429367 -7.72844461550622 -6.71777060332598 -5.22321279567223 -4.10268029314641 -3.22196233745241 -2.28798380758318 -1.84304035760775 -1.6283354793448 -1.72375174978394 -2.124233807702 -2.78459343988495
-9999 -9999 -9999 -9999 -9999 -9999 -9999 -9999 -9999 -9999 -9999 -9999 -9999 -9999 -9999 -9999 -9999 -9999 -9999 -9999 -9999 -9999 -9999 -9999 -9999 -9999 -9999 -141.159388371521 -139.402207396222 -138.490962039841 -189.483140787161 -222.418803273414 -229.91430388754 -215.70722220277 -193.432027329802 -156.219196743887 -95.8078385998533 -40.7552516451838 -12.5265646760314 -3.09503333592547 -7.13139348136923 -11.3165875132985 -13.2561650854745 -11.9289480852034 -10.6080758672609 -8.61158146839282 -7.50770082548117 -6.16495371851552 -4.97757220965921 -4.34988415640765 -3.83490828585762 -3.25633713709756 -2.80531670111176 -2.54517487907099 -2.50630104161918 -2.8891065672007
-9999 -9999 -9999 -9999 -9999 -9999 -9999 -9999 -9999 -9999 -9999 -9999 -9999 -9999 -9999 -9999 -9999 -9999 -9999 -9999 -9999 -9999 -9999 -9999 -9999 -9999 -9999 -122.810514682761 -119.463590078628 -147.859571444595 -211.016096299594 -233.270473178804 -238.856081331352 -216.161443432222 -191.341473280999 -164.402704639433 -96.5411884555093 -39.0238397310277 -12.2701708108083 -4.60970885005199 -9.90998525985861 -13.243886812644 -14.7611418233614 -14.3469049747102 -12.8485390861044 -11.684244851338 -9.5399327260359 -8.12500133114209 -6.87762775699566 -6.04395245453842 -5.98317755460562 -5.20336930410589 -4.68521346737023 -4.23681768770758 -3.93543663999559 -3.31369698639404
-9999 -9999 -9999 -9999 -9999 -9999 -9999 -9999 -9999 -9999 -9999 -9999 -9999 -9999 -9999 -9999 -9999 -9999 -9999 -9999 -9999 -9999 -9999 -9999 -9999 -9999 -9999 -109.943268503844 -114.659502115012 -151.098081750433 -203.368613618788 -226.15694605714 -223.295362286788 -195.763100741419 -172.852774544291 -147.248274995366 -87.8475328078523 -35.2520837033708 -9.72836027001645 -4.90451846980066 -12.3222270806095 -15.011284658668 -16.3428161071393 -16.4015642412211 -14.8861335912436 -13.6022734238754 -11.6450087718691 -10.2107644739234 -8.96524312675915 -8.23104451175443 -8.05416277209065 -7.35969523306904 -6.79368247787316 -5.59437925447507 -4.29352212754153 -3.02718410772453
-9999 -9999 -9999 -9999 -9999 -9999 -9999 -9999 -9999 -9999 -9999 -9999 -9999 -9999 -9999 -9999 -9999 -9999 -9999 -9999 -9999 -9999 -9999 -9999 -9999 -9999 -97.7629429760076 -99.0264673369753 -113.072667118688 -148.752662352765 -190.435474788627 -201.328664331238 -200.270323056017 -166.477386063281 -143.270526889437 -128.374589476138 -70.7677428916853 -29.3570026861705 -9.57745625328597 -5.93468880049284 -14.6590399466768 -17.0501437816921 -17.7406731433373 -18.049995250503 -16.3086472873883 -14.9880713993197 -13.3594943581837 -12.2094832694307 -11.3824504910706 -10.6377132686244 -9.50451634967111 -8.06936866423552 -7.03742671499085 -5.65991596784378 -4.23047446544523 -2.98036266758549
-9999 -9999 -9999 -9999 -9999 -9999 -9999 -9999 -9999 -9999 -9999 -9999 -9999 -9999 -9999 -9999 -9999 -9999 -9999 -9999 -9999 -9999 -9999 -9999 -9999 -9999 -87.1592685923263 -97.5512189606742 -117.453406327661 -143.409188621873 -163.000075471939 -173.901417977764 -166.671819541031 -134.951920009427 -105.227447611081 -81.6452349646481 -44.4245150917264 -16.2815055923516 -8.09237022281072 -9.13381271844573 -16.4898983482424 -20.1641139820107 -20.0249152944044 -19.9536338069977 -19.4210465615066 -18.0030736062787 -16.465383670941 -15.1851126344082 -13.8017100185766 -11.5872066161491 -9.74564606736777 -8.23103393343279 -7.0418239158028 -5.68214044571576 -4.40035731043338 -3.08859098196326
-9999 -9999 -9999 -9999 -9999 -9999 -9999 -9999 -9999 -9999 -9999 -9999 -9999 -9999 -9999 -9999 -9999 -9999 -9999 -9999 -9999 -9999 -9999 -9999 -9999 -9999 -80.2820414547982 -104.548497358169 -127.65381478886 -139.269514058595 -140.942115513259 -144.283222369573 -136.437088319244 -105.1127535745 -68.784990972622 -48.2997238251228 -23.5579351847971 -9.17442763153075 -9.159746471095 -13.7632761541468 -20.2563337236005 -23.468041828345 -24.2249974091203 -23.457825822238 -23.0406131358391 -22.8138426395577 -20.0950674261553 -17.0287342970611 -14.4695256961161 -12.1450928961565 -10.1841617170376 -8.52199403054582 -7.07470579862729 -5.70635243785542 -4.58217894010685 -3.34511845017902
-9999 -9999 -9999 -9999 -9999 -9999 -9999 -9999 -9999 -9999 -9999 -9999 -9999 -9999 -9999 -9999 -9999 -9999 -9999 -9999 -9999 -9999 -9999 -9999 -9999 -9999 -79.857410738601 -122.005134526549 -146.607135819796 -139.411733169045 -121.355925414964 -109.95579542506 -92.5398962174285 -64.1827556061715 -39.6984395516834 -25.2306057443333 -13.5766549971507 -9.62964805141246 -13.9155343602347 -19.326931866692 -22.7441609136615 -24.5310309980104 -24.7352956307075 -24.6496943544427 -24.2286390087305 -23.0602178937895 -21.1139582233077 -17.8696379192792 -15.2468891030786 -12.9946512010118 -10.9914511577565 -8.9622947104951 -7.57315541287605 -6.23914853720907 -5.14923345484873 -4.02910268787818
-9999 -9999 -9999 -9999 -9999 -9999 -9999 -9999 -9999 -9999 -9999 -9999 -9999 -9999 -9999 -9999 -9999 -9999 -9999 -9999 -9999 -9999 -9999 -9999 -9999 -45.075969977397 -85.0937732992364 -146.731150422019 -170.4708104351 -134.742018322796 -103.707602990602 -79.5748530507836 -58.5561921601557 -34.7242462092173 -23.1246696528947 -23.3254965150077 -14.1663228373183 -13.9375650953718 -21.2158742095237 -24.6127624528078 -26.9828561039064 -26.2101246840906 -25.3237811285904 -24.1610113726826 -23.8094379276699 -23.1912898616314 -21.4451336559382 -18.6801131784191 -16.121126762016 -13.8706823054062 -12.1064593945621 -9.99094380327337 -8.35102032323021 -7.03647808119824 -5.89685240650073 -5.12813156125504
-9999 -9999 -9999 -9999 -9999 -9999 -9999 -9999 -9999 -9999 -9999 -9999 -9999 -9999 -9999 -9999 -9999 -9999 -9999 -9999 -9999 -9999 -9999 -9999 -9999 -57.0424958520957 -92.3892931328721 -141.617432633687 -154.306838757148 -122.611288806468 -87.2547778624869 -60.2306809021522 -38.5232839578255 -21.5022213060418 -18.1135159028645 -19.685872271578 -18.783440806993 -20.2909721412743 -25.3732927907964 -27.3708800882394 -28.4696456515363 -27.3396413811718 -25.996230983254 -24.7110122139395 -23.961930121609 -23.3715535961781 -21.8087238408364 -20.225936343067 -17.3607572504268 -15.0249314270339 -12.9479160063205 -10.9167873420887 -9.27226391391937 -7.7508703818575 -6.61245039814601 -5.63210916144047
-9999 -9999 -9999 -9999 -9999 -9999 -9999 -9999 -9999 -9999 -9999 -9999 -9999 -9999 -9999 -9999 -9999 -9999 -9999 -9999 -9999 -9999 -9999 -9999 -9999 -60.718336683759 -94.6952035452409 -135.81071513237 -139.451751034522 -106.140988630908 -74.4625112892197 -48.0117237044827 -27.846296490067 -18.8302884864365 -18.8451153180995 -24.5179835976509 -23.6014348240336 -23.939264496963 -26.4638046568335 -27.2505510931501 -28.6269270012018 -26.9016236048448 -26.0248638776669 -24.9966946993101 -24.3632152308036 -23.8448154850233 -22.1933233526102 -21.5434095908852 -18.883556526994 -16.2619148875362 -14.1795280187049 -12.1390287689105 -10.4348033957203 -8.8609704582608 -7.2584806652457 -6.00395169984504
-9999 -9999 -9999 -9999 -9999 -9999 -9999 -9999 -9999 -9999 -9999 -9999 -9999 -9999 -9999 -9999 -9999 -9999 -9999 -9999 -9999 -9999 -9999 -9999 -9999 -53.399498105385 -91.7158128055661 -127.728622203697 -126.069018836972 -95.9680879485227 -65.1929045434107 -40.3130876759915 -25.2953281231617 -20.5024355782495 -21.9879046641923 -26.5088904066479 -27.0266208586302 -25.8134645304742 -25.2889825946553 -25.348175249553 -25.8843639346299 -25.5362317703082 -25.6067177851737 -25.4000761089887 -25.1803716891441 -24.4667439418325 -23.1290012040227 -21.7653136431105 -19.9042405598492 -17.4462015508113 -15.4128184577663 -13.2442138939164 -11.2387870727373 -9.55581996169603 -8.0526207174418 -6.86898394884259
-9999 -9999 -9999 -9999 -9999 -9999 -9999 -9999 -9999 -9999 -9999 -9999 -9999 -9999 -9999 -9999 -9999 -9999 -9999 -9999 -9999 -9999 -9999 -9999 -9999 -47.555622558535 -85.1734370832392 -125.183511064631 -120.189855249259 -87.2692841346293 -56.6454332276716 -33.8177510237215 -25.3512962964983 -21.5257415448986 -25.5177692994842 -30.1989924395631 -30.554810141687 -30.8421845560012 -29.5582973334401 -27.0616269025146 -26.2013673508308 -25.4629072182353 -26.1608528845004 -26.4196177084739 -26.4903089463344 -25.8448635427806 -23.5869263573822 -21.9023582272132 -20.3556939022047 -18.8506544084744 -16.8987991342215 -14.4572876174083 -12.2545270444706 -10.5247807863121 -9.00525728698035 -7.99612875164835
-9999 -9999 -9999 -9999 -9999 -9999 -9999 -9999 -9999 -9999 -9999 -9999 -9999 -9999 -9999 -9999 -9999 -9999 -9999 -9999 -9999 -9999 -9999 -9999 -9999 -50.0375820682115 -84.133848030284 -120.564902894633 -113.93955631986 -79.1652617137683 -49.1663384023757 -31.8233814311671 -25.6088617283558 -24.181323667686 -28.1161669015176 -32.4047746087464 -33.3213125049299 -33.7719594983617 -32.7273252504722 -29.9543768342115 -27.9545765239779 -27.0375647024655 -28.4858322845055 -29.0494460507635 -27.7388076297126 -25.6162278638504 -23.9790030806979 -22.5620945971488 -20.8270163811978 -19.9752424957347 -17.9012739213007 -15.4727752984951 -13.4150207811767 -11.7740278602898 -10.1503682743858 -8.90688640566539
-9999 -9999 -9999 -9999 -9999 -9999 -9999 -9999 -9999 -9999 -9999 -9999 -9999 -9999 -9999 -9999 -9999 -9999 -9999 -9999 -9999 -9999 -9999 -9999 -9999 -49.4624824653671 -82.7463278726612 -122.589697562364 -114.202261510847 -74.4359981121386 -45.8274227499114 -31.6092852153016 -27.4131117780731 -26.9553367689282 -30.524111117988 -33.7837568412421 -34.5312311304698 -35.6476955945337 -35.175325463543 -32.4373439453273 -30.0635943736563 -28.5593821255565 -30.2605356662356 -30.5297210592152 -28.2305263687531 -25.7324597620178 -23.9711903748573 -22.9216728559974 -21.4642368474307 -20.8811044613169 -19.4320965867313 -17.0478754097367 -14.8288366614462 -13.0910511750943 -11.3213440063177 -9.90801522962748
-9999 -9999 -9999 -9999 -9999 -9999 -9999 -9999 -9999 -9999 -9999 -9999 -9999 -9999 -9999 -9999 -9999 -9999 -9999 -9999 -9999 -9999 -9999 -9999 -9999 -49.2921279020991 -82.7733621319915 -126.772818471204 -118.460902146038 -76.203581649025 -47.4084689034388 -34.1959483810478 -29.9533873309635 -29.0875105016301 -31.5080838020888 -34.1934026045208 -35.7573521067292 -36.7131647950094 -36.5933359654019 -34.8636117817506 -32.3492608722675 -30.206473640106 -30.8705283547896 -30.8879978133856 -28.8852760766672 -26.1711791604729 -24.7171683667402 -23.6918742296666 -22.3262128287856 -21.4979729685998 -20.9490066582459 -18.3725705186347 -16.0647973168062 -14.1717451390891 -12.430322800132 -11.0144984560492
-9999 -9999 -9999 -9999 -9999 -9999 -9999 -9999 -9999 -9999 -9999 -9999 -9999 -9999 -9999 -9999 -9999 -9999 -9999 -9999 -9999 -9999 -9999 -9999 -9999 -48.4529208650857 -80.1583048508615 -125.157411512614 -123.300120403797 -80.3983349462037 -50.327575157028 -37.099974262587 -33.1196506571322 -31.3152521072146 -33.356628654961 -35.8801484505239 -37.20509620042 -38.3083121547007 -38.2382964023955 -36.3244913530109 -34.1487812335819 -31.2832261599446 -31.4211790383309 -31.4374552653156 -29.6821538468664 -27.2773313181686 -25.6767262684047 -24.7310241619792 -23.206156348552 -22.4125709015462 -21.5594908877333 -19.7787813166044 -17.1975926194413 -15.359521121666 -13.5487877183106 -12.2730612753525
-9999 -9999 -9999 -9999 -9999 -9999 -9999 -9999 -9999 -9999 -9999 -9999 -9999 -9999 -9999 -9999 -9999 -9999 -9999 -9999 -9999 -9999 -9999 -9999 -9999 -48.7784245060532 -80.1049151683291 -122.293253813006 -125.419039718131 -86.4159678279016 -55.5445684904038 -41.2096915356291 -36.1579845696694 -33.3915971167056 -34.9414644614874 -37.4143587041852 -38.5293158416688 -39.597472765933 -38.8725956672666 -36.7857455832504 -34.7904460425041 -31.9836571595867 -32.0015779775397 -31.8723836479304 -30.7692738351791 -28.9987746854576 -27.2262672669517 -25.8669468935802 -24.2288595683883 -23.0536190376041 -21.9011338143726 -20.8103552273961 -18.7876573980509 -16.8136230005815 -15.0139361441973 -13.5168992448856
-9999 -9999 -9999 -9999 -9999 -9999 -9999 -9999 -9999 -9999 -9999 -9999 -9999 -9999 -9999 -9999 -9999 -9999 -9999 -9999 -9999 -9999 -9999 -9999 -54.0417710940481 -50.3017608275834 -80.2923153613164 -121.944876125406 -131.207481572469 -95.6938092655959 -61.9342488970558 -45.4057058683502 -39.3166802149173 -34.8878647142672 -35.5161195581794 -37.7569772982972 -38.4756312888465 -39.083844825471 -38.2177287288068 -35.9384028949927 -34.109790334429 -32.5599315410841 -32.7540575382593 -32.5719703596262 -31.6679572059451 -30.3250206675082 -28.8127280514602 -27.2760275341496 -25.3558693953382 -23.7151642172705 -22.4229250522045 -22.0020953209464 -20.5658374897541 -18.8912619875422 -18.0457407787783 -17.3876550095979
