meets/meet004/_saidas_enm/CCSM_Gower_0k_Cavanillesia_umbellata1.asc
NCOLS 154 
NROWS 168 
XLLCORNER -112 
YLLCORNER -55.5 
CELLSIZE 0.5 
NODATA_value -9999 
[rows 52 to 77 of 168, columns 59 to 117 of 154]
-9999 -9999 -9999 -9999 -9999 -9999 -9999 -9999 0 0 0 0 0 0 0 0.0287944856072361 0.0544644418702923 0.0311822873106694 0 0 0 0 0 0 0 0 0 0 0 0 0 0 0.186991118707036 0.4860521393366 0.563073239600028 0.576300762663506 0.585859079504779 0.62171151986468 0.615147905358512 0.606564260794607 0.587804357216069 0.558851250206888 0.547818578683015 0.505877777620796 0.516737057484171 0.469941524023969 0.367980461819175 0.34706386893175 0.421986012977857 0.394334354819293 0.307845837189084 0.413648165723603 0.539203560713939 0.611757258541824 0.653032771218744 0.632301688067765 0.579865080127695 0.528052815278802 0.465573109906279
-9999 -9999 -9999 -9999 -9999 -9999 -9999 0 0 0 0 0 0 0 0 0 0 0 0 0 0 0 0 0 0 0 0 0 0 0 0 0 0.0851402287407671 0.396003522945432 0.493260886969743 0.514765152505574 0.524200357825306 0.566362425465799 0.574851020186957 0.576109905608747 0.558802778573934 0.518724899348149 0.490224910304758 0.443416570418803 0.407780556359056 0.342632845621494 0.358201759702045 0.437490610342409 0.382705663444855 0.294468055123431 0.218662966697455 0.401143255232561 0.553884164278899 0.64617886796272 0.69285342864746 0.667076300161358 0.619535471738371 0.560017598874856 0.513100317157789
-9999 -9999 -9999 -9999 -9999 -9999 -9999 0 0 0.000968712300844499 0 0 0 0 0 0 0 0 0 0 0 0 0 0 0 0 0 0 0 0 0 0 0 0.263461698481171 0.422275438199857 0.443028108837654 0.452316751729333 0.477163778973724 0.492327440826028 0.500156720356436 0.480747870660902 0.431070606819219 0.381557265227164 0.308876245687689 0.331746529970419 0.413913126770919 0.368170385046656 0.301275365454251 0.220175720923982 0.150530862961627 0.118231936667414 0.365758313663775 0.54450576892128 0.652621544582349 0.711237358527132 0.692298950430329 0.650825317681292 0.623836571793819 0.577941913008823
-9999 -9999 -9999 -9999 -9999 0 0 0 0.00499630744942969 0.118758086580126 0 0 0 0 0 0 0 0 0 0 0 0 0 0 0 0 0 0 0 0 0 0 0 0.120679743061068 0.325997465202058 0.375595731745902 0.368328796599634 0.364257776146634 0.352344954324712 0.362828009858212 0.339875479863429 0.284177488394785 0.33520938749381 0.404648673794549 0.313650977135823 0.227942604167026 0.153555618217732 0.0866356594374813 0.0339264348592317 0 0 0.286331937998585 0.508140496980286 0.641015706931088 0.713315293926154 0.709779489781165 0.683917420182529 0.661447999976425 0.615516617962315
-9999 -9999 -9999 -9999 -9999 0 0 0.182075839110521 0.276025190957087 0.30043002741253 0 0 0 0 0 0 0 0 0 0 0 0 0 0 0 0 0 0 0 0 0 0 0 0 0.117230435791731 0.240022376824988 0.270546897998637 0.25118415143581 0.227424816618639 0.222821618028826 0.29066294698293 0.230648673425421 0.175043322892138 0.07331227492921 0 0 0 0 0 0 0 0.19969847180009 0.449409572134857 0.596984474738869 0.697029925973403 0.719841174891426 0.702431828251491 0.681042421207272 0.632748031021221
-9999 -9999 -9999 -9999 0 0 0.011880025426235 0.373505781163262 0.461548817655803 0.396866937713914 0.0762476508141084 0 0 0 0 0 0 0 0 0 0 0 0 0 0 0 0 0 0 0 0 0 0 0 0 0 0.011059208129611 0.0395618544269379 0 0 0 0 0 0 0 0 0 0 0 0 0 0.102222819218354 0.379034916272698 0.542303542527624 0.669105189607035 0.708083497485148 0.700915712686636 0.682116352464453 0.633755332143557
-9999 -9999 -9999 -9999 0 0 0.343630977403104 0.584482668823062 0.561204499894861 0.440447756342208 0.176427698883242 0 0 0 0 0 0 0 0 0 0 0 0 0 0 0 0 0 0 0 0 0 0 0 0 0 0 0 0 0 0 0 0 0 0 0 0 0 0 0 0 0 0.272592202954965 0.465679036563511 0.608213064654776 0.668409278820831 0.672017689373598 0.650720718100632 0.608168621354117
-9999 -9999 -9999 0 0.0221052598202099 0.351370578178907 0.549567762644519 0.633851838120293 0.583256308574823 0.327210493968995 0.179529638067182 0 0 0 0 0 0 0 0 0 0 0 0 0 0 0 0 0 0 0 0 0 0 0 0 0 0 0 0 0 0 0 0 0 0 0 0 0 0 0 0 0 0.161867313920098 0.362455879799371 0.517000502513465 0.585641766036576 0.618215124653204 0.588095485371385 0.572500145988663
-9999 -9999 -9999 0.147685619644883 0.381559632443635 0.501675037464578 0.629257051366939 0.676189205897865 0.582512567670829 0.265734527788204 0.183659852665881 0.132607621001109 0 0 0 0 0 0 0 0 0 0 0 0 0 0 0 0 0 0 0 0 0 0 0 0 0 0 0 0 0 0 0 0 0 0 0 0 0 0 0 0 0.0192365837095171 0.213876316402012 0.377593966821916 0.454075797306741 0.498699341959379 0.521342790906046 0.513772479918188
-9999 -9999 -9999 0.414524133774557 0.428626499147596 0.504856818704731 0.631705712566196 0.678905019568999 0.55029375324309 0.289501546460827 0.227224182615188 0.22685917220107 0.0801226817363738 0.0673949923257136 0.042131427660578 0.0455911123100921 0.0198650847186571 0 0 0 0 0 0 0 0 0 0 0 0 0 0 0 0 0 0 0 0 0 0 0 0 0 0 0 0 0 0 0 0 0 0 0 0 0.0540121889470708 0.20373778334565 0.281062906901986 0.336842580684542 0.353743650697572 0.349101530527667
-9999 -9999 -9999 -9999 0.437161274268046 0.516240828102211 0.638939565050278 0.667856459355971 0.55851773232332 0.329545532264477 0.286838663666089 0.280589412486261 0.233146441883316 0.208945554423781 0.182930215515622 0.184037917161026 0.184021681582361 0.167272589975802 0.16472711904451 0.162187087868956 0.172127279062247 0.179490365052415 0.170200266514117 0.165262307320602 0.14798765162118 0.138714876612694 0.1223515892208 0.0950036775338748 0.074176945025939 0.0406488013119861 0.0210710367215478 0.00570364307249915 0 0 0 0 0 0.00281170154495669 0.0378092488166302 0.0620084625051688 0.090114425076354 0.130132866894414 0.149541747991317 0.176792915714652 0.182962100853103 0.187562878879398 0.194872571574782 0.192402420338327 0.194781518432579 0.185176499881312 0.181755228276165 0.172526473444884 0.146787976259526 0.120219037594315 0.0788603236509053 0.0456890279133801 0.0718477253073789 0.0910566744587652 0.0786489263740627
-9999 -9999 -9999 -9999 -9999 0.528523962200148 0.65494125930801 0.677327488241934 0.561575851711541 0.35987712477767 0.339504662691093 0.320812688250442 0.301609025954182 0.300090335588815 0.280771503371517 0.283012096915819 0.286321476929858 0.28074673156077 0.286115937851503 0.298652649991476 0.308915795298519 0.309022330822439 0.314088668251376 0.30037002272231 0.293754693924774 0.284922706508185 0.257647854925251 0.244764672189027 0.212914232833294 0.1914213394688 0.170744827907789 0.148492042510939 0.139508997261926 0.129345943460466 0.136714887649122 0.141009951402928 0.15408829583733 0.186483715029483 0.201235412017514 0.239206246087154 0.268236716068189 0.292108874904035 0.326378415480834 0.331616230748351 0.351293417335974 0.355652419141842 0.351326725378802 0.361165402361163 0.350398033541461 0.349057510350462 0.347349175983008 0.32480415017019 0.319657555421976 0.280354399639219 0.257267741531973 0.222731903989651 0.183048300059417 0.156476348606412 0.120331347628172
-9999 -9999 -9999 0.466159305581959 0.502704767211691 0.585303746761053 0.648754394704011 0.633188188792347 0.535197947086805 0.374951141649709 0.356346535491412 0.353573802022444 0.358846065210999 0.361036248601862 0.364452102778202 0.369221596920932 0.385511740520283 0.396191989559624 0.412573939498127 0.423779466469483 0.435268230588624 0.448097369419079 0.449184088185338 0.448625405023792 0.439560319349466 0.431125485394749 0.417170449408381 0.394347744987264 0.374885386907026 0.349060523138255 0.334277694009692 0.324337921259149 0.310343773024079 0.312846479106414 0.311881215372803 0.320653700230471 0.344128505831777 0.361002795508865 0.391744026825298 0.416871597596978 0.439962097278624 0.466274878829987 0.448063299967185 0.441051593495187 0.437675654049271 0.441002053440812 0.453862881975352 0.470012151426477 0.496532816202405 0.512402754822563 0.507250064308366 0.497746325100163 0.480665444838586 0.464882548338209 0.43944045574908 0.421302663343132 0.40554778360953 0.377617148550216 0.368244030970497
-9999 -9999 0.47921671778392 0.509406164161538 0.563690151292176 0.602553485624044 0.617053698885458 0.602596403215722 0.503298278887067 0.380601905866051 0.371538371480371 0.390512656462048 0.427113136674555 0.409077704994132 0.424063499822101 0.439385545261876 0.44320047970648 0.467711340105836 0.480008719191112 0.508455051193302 0.525616333204395 0.533928077500112 0.546311692236715 0.543671979899434 0.54782612833313 0.546071155146751 0.527244264472518 0.517699322151683 0.501082218186711 0.486645538398352 0.476797519344163 0.458999556443093 0.455921243214735 0.452867043087246 0.458867198952109 0.465172585855575 0.477457643826612 0.496214682907868 0.51307135884485 0.482809250955939 0.458864002005541 0.441348955094518 0.423563469208573 0.423646844453084 0.423008705490734 0.427060014735458 0.438459927076545 0.449244984887204 0.472427183599839 0.497353592427639 0.51806095112485 0.539349098743496 0.553883530183103 0.560942456351156 0.56188522521294 0.552726346468271 0.536240141989638 0.508462750531196 0.462549612268706
-9999 -9999 0.549506665368485 0.542157316869649 0.562210389452036 0.584546999219891 0.581921268830185 0.539957099483556 0.467622422613868 0.41547152649134 0.426541400911529 0.43097384715798 0.439554152411944 0.430305920908194 0.459146560876593 0.470735304370164 0.501022974792331 0.51981486070588 0.539702972134984 0.564217418993645 0.581834428352592 0.604511714469691 0.616608537994772 0.625201316539672 0.62856119044519 0.628395962251541 0.625257609237764 0.61522873517797 0.605760401625603 0.59120298355653 0.582430960335701 0.576134646890814 0.567255183769801 0.56773326945861 0.566153888347905 0.57112068769554 0.571789983948047 0.536371498929408 0.50790578772812 0.47897580880469 0.457037023011281 0.442876874666286 0.430713790814354 0.428393472918756 0.428146257739214 0.431370120739143 0.439570242787262 0.4481750531131 0.462491401188902 0.47674335325767 0.490259117076545 0.502698521647921 0.509485822386057 0.51057624324752 0.504140701150061 0.49062796915826 0.470342196121656 0.443065636219859 0.412311449392113
-9999 -9999 -9999 0.599933492880284 0.574677238366535 0.590886285539908 0.524814497086933 0.503775531686765 0.455965160132512 0.41950242014365 0.444171864950943 0.439049294650069 0.448076117281926 0.434183422038717 0.495283163889632 0.515054008080826 0.544915265094436 0.554639377851357 0.583747208447992 0.611048756678318 0.636833760400699 0.6598681212632 0.671649537491981 0.682799821921565 0.689200322211715 0.694349626039276 0.69533155864227 0.690318023289006 0.688208045973927 0.678979412626024 0.675920839096901 0.672430324665485 0.665091972691235 0.666738693388607 0.63947311103165 0.608817112955494 0.576625806744993 0.540950586609802 0.517886101615107 0.491135739556466 0.471837190051411 0.459691872706127 0.446445031948638 0.446628457486562 0.444994605876859 0.446019727246821 0.450630408586535 0.452313133248657 0.45998765775538 0.46465788417881 0.468494176247508 0.472966788182313 0.471473006983388 0.465240601342263 0.45371104807553 0.436257486617549 0.413512113549609 0.385045137065822 0.354953768272801
-9999 -9999 -9999 0.604924303879647 0.577167468509573 0.567703932989216 0.531340651650247 0.496204657369312 0.476402508109566 0.428416546228888 0.399951276828647 0.402953387612198 0.393680681605899 0.438093366114478 0.513990506041186 0.54601422803546 0.567363862800448 0.586754796752862 0.609578408249873 0.641279477042333 0.66499111449055 0.686745980012284 0.702672904506899 0.714853216809131 0.72356928748533 0.728364559726127 0.731676426099985 0.73208912673471 0.731622341699757 0.729394147558981 0.727933037266585 0.719669186726551 0.699605795173934 0.678243609327554 0.651866513690846 0.623887427915147 0.595042624130899 0.56543672765857 0.541774014673116 0.519538643428107 0.502089852044722 0.49003627778667 0.479764932755281 0.47534634797892 0.472095016625708 0.470395859460851 0.469873051200362 0.467886476828973 0.466502993498968 0.462199375605219 0.457740285619161 0.451328820271099 0.440611129658004 0.429270459217926 0.412409074223867 0.392325887872289 0.368717899365505 0.340283605977567 0.311490829356503
-9999 -9999 -9999 0.573741347001602 0.567328277833818 0.557262427192601 0.541559523013794 0.524141163679607 0.497861239687167 0.466049224357021 0.42652233356652 0.396729464696636 0.383488474230593 0.414227026495467 0.500788504026877 0.563140438909351 0.607861902100475 0.61014786293767 0.640796317397737 0.666899429396872 0.686597523043001 0.708126271861374 0.725606086298405 0.720012153476767 0.709021317626596 0.71419425279183 0.732490569425432 0.745651072878224 0.747085591133916 0.7462860179057 0.746580837818744 0.732874711765906 0.712724196619906 0.695165745061895 0.671346570597897 0.64748190963232 0.622980384082374 0.595049657969709 0.575834499878909 0.554287975914656 0.538227846221917 0.527608390848428 0.515455851691056 0.510404500349919 0.503387292122391 0.497902413764415 0.493658583500548 0.486052517649136 0.478379630329032 0.466467096666422 0.453557091896757 0.438231206042149 0.418715820264824 0.402427814406833 0.3813024071806 0.359058255764387 0.334341831279671 0.306044212656189 0.279585093969845
-9999 -9999 -9999 -9999 -9999 0.489815958442405 0.548839168193362 0.593068950319523 0.494728479694443 0.414280569913302 0.423481489110037 0.439834470842298 0.415125183821553 0.406422506054846 0.449598943597481 0.522737294829928 0.608733240141111 0.643942510138891 0.662268508644674 0.644563426431455 0.643983710903999 0.670023843360699 0.690471861573527 0.685129460144023 0.671694152336566 0.675996746320799 0.694413365692403 0.711628427408595 0.716857406145152 0.718141350946739 0.726997989802762 0.740654662492175 0.732420244930081 0.715065213809541 0.69595746425646 0.675362096198285 0.653659833340941 0.631285082941726 0.611497805944311 0.593357492198082 0.577476022011107 0.564106452893699 0.552341947177325 0.542686244951402 0.533838848035353 0.525108388689514 0.515476601515544 0.504638345245843 0.491706329411626 0.475546266656121 0.457326865679471 0.435163118317237 0.410935909449039 0.388746149010518 0.363725207814578 0.34025389407225 0.31634999924313 0.289124192126536 0.265950239983539
-9999 -9999 -9999 -9999 -9999 0.553801953613667 0.564865863798328 0.588450380352173 0.442631051796732 0.309765373948963 0.304175269799485 0.407988116802356 0.444639157197279 0.428085286682765 0.455705616570601 0.515549474936085 0.613219138297198 0.669858218609735 0.644918075930605 0.60573939618165 0.6037443028407 0.636232746687256 0.659180950153502 0.654302779402789 0.63698666586374 0.640387047111126 0.660229656450926 0.675206406047725 0.679999541258082 0.67823412954122 0.687335712863555 0.703664357253868 0.717510628544609 0.724618150635963 0.721506579036199 0.70422389034145 0.686707869203328 0.6661177138665 0.649986477722806 0.63220197718066 0.616378422975653 0.6025154917129 0.587884227759014 0.576325754904438 0.563227750580405 0.550353422330518 0.536726297482031 0.521898203272122 0.506293298371974 0.486548645831381 0.463924121390574 0.437018778395609 0.408863776917647 0.384439499289696 0.357791922232488 0.334798666983049 0.312454101454174 0.286645612857721 0.267431348145299
-9999 -9999 -9999 -9999 -9999 -9999 0.579346764143488 0.643429807869016 0.431599169196671 0.231639779753819 0.190558708543212 0.300359605110914 0.482887966697712 0.475963105412646 0.507197977822227 0.558873007360317 0.623698856815815 0.640916940626152 0.613225956530724 0.578514837030806 0.57517294751959 0.603959807402252 0.628104366689665 0.623775164910428 0.610379448841387 0.613216073045659 0.628881514533114 0.642618402809327 0.645258052954433 0.643657960483985 0.651416207268671 0.665595232877676 0.679056671645331 0.686385077655397 0.691736638028766 0.700207818903062 0.708849987371722 0.698507352098035 0.682333075126602 0.6668564448087 0.651477299858507 0.635253229169834 0.620187304295784 0.604557473734659 0.589286423525714 0.572840487774266 0.553962367793094 0.535354347222212 0.516830732717045 0.497091703205063 0.47258768852509 0.442386567592022 0.412610448178063 0.388646826355603 0.364691269193156 0.34360842881903 0.323779430849262 0.302803917153524 0.284426800532531
-9999 -9999 -9999 -9999 -9999 -9999 -9999 0.580925299332704 0.456032557272042 0.196761121626754 0.1292150698802 0.227139937312384 0.427300561069098 0.543123586938294 0.571506202106091 0.583983405647155 0.601058038480949 0.611717372994358 0.588940695883881 0.55471165224412 0.551474612720447 0.577750245837241 0.598759323157723 0.597604098983045 0.58682730003405 0.590119865009842 0.603709582661339 0.613980395890632 0.616262186674584 0.61259470775251 0.618280182535749 0.630527232456856 0.640867580998989 0.648415380560971 0.653267019892817 0.662291969049945 0.673183594361445 0.682971448244447 0.689125917926095 0.694512850772326 0.681238896820786 0.665084604642809 0.649101305490539 0.632255319146184 0.61346206910027 0.593867328281133 0.571759035057285 0.549724069603027 0.529212985326875 0.507171254855808 0.482033830863719 0.453149311155423 0.424866002755726 0.403373623180563 0.381863780281459 0.36375637499689 0.347529308863068 0.329635829296779 0.313316231800685
-9999 -9999 -9999 -9999 -9999 -9999 -9999 -9999 0.50591994198356 0.213991126473293 0.108502694086355 0.182285836877971 0.363919788064641 0.60948366685443 0.587562783662266 0.557008538668481 0.579914557736069 0.58550771647523 0.568464889142245 0.540750007572591 0.535360956836703 0.55409298901487 0.567833113987947 0.571596857806841 0.569083783564128 0.573312986272677 0.582643970485189 0.589402833443654 0.592092809270854 0.590121301706919 0.593158718777244 0.598829002965958 0.602390575019881 0.611282532679048 0.616182177509778 0.625635613313246 0.636949097060864 0.64547541531393 0.655736144828825 0.661182723310172 0.671764781685973 0.687462358949426 0.672820592369177 0.65451040636265 0.635192164130146 0.61405856591777 0.589194631929248 0.564494603565343 0.541797636648452 0.517279960555687 0.493075563154388 0.468342402984228 0.44468366169224 0.42555531895907 0.408742200652014 0.393351736880749 0.378373904774135 0.364235524947525 0.348193036445915
-9999 -9999 -9999 -9999 -9999 -9999 -9999 -9999 0.53229785118281 0.263992056244725 0.137304751444373 0.164978937421108 0.310576620464205 0.537465865350863 0.607595010181373 0.572285330890183 0.576703226007507 0.574248690978022 0.559634465879437 0.535042666507546 0.527403058699591 0.537158074971816 0.545107270357668 0.550800405461099 0.552854638703279 0.558202991278865 0.565598554620401 0.569895517412643 0.574279625378017 0.574287054505575 0.576508120067384 0.578849756715786 0.57870555856778 0.585387510755566 0.589635338920618 0.598404578704456 0.609702764518112 0.617643874354466 0.630971871624213 0.639114562858637 0.649491602910172 0.661807760850592 0.665891489723213 0.661969306702959 0.651784051261665 0.635053961324845 0.610800558481344 0.585137689549822 0.561166542732566 0.535721748069368 0.512835043350587 0.491776485890098 0.470818920610633 0.45418916720496 0.439153002745459 0.425690235263823 0.413496348048828 0.400824826796734 0.386973500357408
-9999 -9999 -9999 -9999 -9999 -9999 -9999 -9999 0.571015909987047 0.330930657322355 0.185680759052752 0.179015721859381 0.245440854569595 0.421156663330316 0.632739601980054 0.623230514287063 0.608479536681789 0.578857916577202 0.563366720023174 0.543932398937619 0.529580794220676 0.529677164392713 0.528112204945614 0.534611496375285 0.540237185156454 0.545313192810267 0.550478019719584 0.553464855144542 0.558682154524689 0.56382510070266 0.565640788560338 0.564596086849593 0.564744834538343 0.566901366392223 0.571805969479245 0.579388307569233 0.587004137627719 0.599569261134891 0.614766721255926 0.627724087835762 0.636408684281032 0.638805805097154 0.634831719330773 0.631623690354112 0.625880111908051 0.618938022595207 0.612075110566535 0.607086778590378 0.584791917757005 0.559860593326911 0.538175795814726 0.518640715288734 0.501602698070613 0.4849256481626 0.47065623276989 0.458377818216096 0.447090326022881 0.437562688172526 0.424398495021051
-9999 -9999 -9999 -9999 -9999 -9999 -9999 -9999 -9999 0.426903604599818 0.281561637071933 0.217375913301832 0.230467095064776 0.314151717265138 0.463009585335506 0.555794155265092 0.642215489574097 0.626801393908688 0.592395234005566 0.56396815114438 0.54027174019822 0.53023209276715 0.524646206274831 0.527632273809973 0.53333654331575 0.536898528213661 0.539178521062047 0.539782466403138 0.54500526899364 0.549451606997493 0.551768842502004 0.551781256720713 0.55061150456611 0.550762010970247 0.552560408921722 0.559491766355107 0.568228329537322 0.582594645949765 0.603932270708276 0.621791172944306 0.628748322805819 0.623547256451266 0.612504226799957 0.605266004494773 0.59905755752596 0.594387573677118 0.59384773475043 0.592420017030145 0.588085621673543 0.585020804147758 0.567620500147667 0.549526242886506 0.532656870038718 0.518217629884335 0.504425207802602 0.492557727090299 0.482613516200099 0.472392499498123 0.46264347763489
