meets/meet004/_saidas_enm/CCSM_Maha_6k_Aralia_warmingiana5.asc
NCOLS 154 
NROWS 168 
XLLCORNER -112 
YLLCORNER -55.5 
CELLSIZE 0.5 
NODATA_value -9999 
[rows 100 to 124 of 168, columns 56 to 111 of 154]
-9999 -9999 -9999 -9999 -9999 -9999 -9999 -9999 -9999 -9999 -9999 -9999 -9999 -9999 -9999 -9999 -9999 -9999 -9999 -9999 -9999 -9999 -9999 -9999 -9999 -9999 -9999 -9999 -129.108570681135 -90.2961019829619 -108.445622467566 -154.517046301303 -200.1217896264 -221.261414457458 -205.203678131444 -167.912975082896 -125.300893657458 -85.9155482322922 -46.5073610081971 -18.313486770526 -1.54300150131627 -3.83958590891526 -6.35700996029516 -7.56486359590169 -9.70362358016813 -9.52153518457525 -7.27965707374779 -5.52931664866852 -5.39704538552765 -5.74258082363791 -6.33148465415634 -7.81777884567191 -8.64977180274516 -8.8169671776616 -8.85393623167221 -8.72785970948692
-9999 -9999 -9999 -9999 -9999 -9999 -9999 -9999 -9999 -9999 -9999 -9999 -9999 -9999 -9999 -9999 -9999 -9999 -9999 -9999 -9999 -9999 -9999 -9999 -9999 -9999 -9999 -9999 -134.483606299295 -99.7028395946066 -121.453188994586 -159.589460427924 -190.807207940949 -205.543252470133 -187.657249229505 -157.322700923637 -115.184783832481 -78.7046651971001 -41.3176387437051 -15.0480737666668 -0.673388483301358 -4.0163291208577 -5.1817313266917 -7.34846228254291 -9.75123349743931 -9.43241525953239 -5.96525833146456 -4.33424547172893 -4.40091037391972 -4.02429564123738 -3.96279928788934 -5.30640515465707 -7.15986676003247 -7.49073040055142 -7.76365235260806 -7.63416902259139
-9999 -9999 -9999 -9999 -9999 -9999 -9999 -9999 -9999 -9999 -9999 -9999 -9999 -9999 -9999 -9999 -9999 -9999 -9999 -9999 -9999 -9999 -9999 -9999 -9999 -9999 -9999 -177.845781690965 -150.395700486587 -110.567763992909 -118.008299056872 -154.57263228378 -177.856200733999 -188.317081629269 -172.490866611815 -140.364135474109 -106.372365671867 -70.4067444220244 -34.5537334953443 -10.9374152511895 -0.437770339634175 -5.16972649651774 -4.6327186081246 -6.55535723972077 -9.42483831264586 -8.93129163521214 -5.94579919836807 -3.41402462107677 -2.79694344593936 -2.78140433468147 -3.13199231184064 -3.91515636038218 -5.57349332968854 -6.2555477510953 -5.87648435735201 -5.95523978682944
-9999 -9999 -9999 -9999 -9999 -9999 -9999 -9999 -9999 -9999 -9999 -9999 -9999 -9999 -9999 -9999 -9999 -9999 -9999 -9999 -9999 -9999 -9999 -9999 -9999 -9999 -9999 -186.120466696321 -159.128554881366 -111.507667486777 -119.24925581327 -152.340220602804 -167.906577969767 -177.39698265317 -160.551909209891 -131.975216955857 -97.269319075331 -61.2284884906515 -27.9061231235293 -7.12952970924395 -1.45995895974756 -6.03631040284296 -5.71421961066089 -7.19548605581741 -9.8293824235214 -9.96331125587233 -7.59787528271288 -4.33494011983065 -2.61124010870121 -2.15750274423989 -2.2351618732691 -2.7506036105893 -3.88495592735272 -4.58745195723353 -4.43188934366665 -4.28745493105775
-9999 -9999 -9999 -9999 -9999 -9999 -9999 -9999 -9999 -9999 -9999 -9999 -9999 -9999 -9999 -9999 -9999 -9999 -9999 -9999 -9999 -9999 -9999 -9999 -9999 -9999 -9999 -189.630531763869 -162.04301385352 -119.582515993689 -127.076319698325 -155.815310093926 -168.339866126479 -172.311841082024 -155.612415004764 -125.938324664146 -91.1631403065245 -50.4339786762193 -20.943427291973 -3.64637927283022 -2.11711772502325 -6.97444205984855 -7.97039733715754 -8.78899456550937 -10.0337628334529 -11.2191546886545 -8.54124692877432 -5.76785112184176 -3.80267558183421 -2.33937842271758 -1.95334625491372 -1.77907269910152 -2.27601941474151 -2.69199103554331 -3.19351700987244 -3.61030885164446
-9999 -9999 -9999 -9999 -9999 -9999 -9999 -9999 -9999 -9999 -9999 -9999 -9999 -9999 -9999 -9999 -9999 -9999 -9999 -9999 -9999 -9999 -9999 -9999 -9999 -9999 -9999 -194.204435327959 -161.10706790256 -120.778308607132 -135.833620346286 -168.848570806675 -175.791546501403 -176.098436619091 -158.152834660814 -127.570513712288 -87.1528540213124 -44.0768938319626 -16.6215071181368 -2.12121021324487 -3.48893013574122 -8.29377505239188 -10.3278253040935 -9.80151194606188 -10.1923221673201 -10.0202316854614 -7.54025647476197 -6.09166135178963 -4.3322450158206 -2.62699516578562 -2.05156085926448 -1.63772441196882 -1.69785064151493 -2.01351409052935 -2.6274854434371 -3.31556999487285
-9999 -9999 -9999 -9999 -9999 -9999 -9999 -9999 -9999 -9999 -9999 -9999 -9999 -9999 -9999 -9999 -9999 -9999 -9999 -9999 -9999 -9999 -9999 -9999 -9999 -9999 -9999 -178.260891569047 -156.784687097486 -125.574899614252 -150.526151398993 -182.580168334333 -191.588524377113 -183.60899912189 -164.915406391168 -134.341341179453 -87.0888104892906 -41.7117676015703 -14.3514022587197 -2.06909515799206 -4.94847788585628 -9.80111333300822 -11.7947904692321 -10.6123375709555 -9.71703317798491 -7.88524121373596 -6.91281191547438 -5.39621041275927 -4.27897128875004 -3.40218211486222 -2.48126895893575 -2.04698065073304 -1.83781707480643 -1.96039031615625 -2.42114338428877 -3.06515013184165
-9999 -9999 -9999 -9999 -9999 -9999 -9999 -9999 -9999 -9999 -9999 -9999 -9999 -9999 -9999 -9999 -9999 -9999 -9999 -9999 -9999 -9999 -9999 -9999 -9999 -9999 -9999 -153.625387183552 -146.480707500912 -133.03245668054 -168.906784255945 -197.466178155159 -203.369940551004 -190.283329301423 -170.118857315609 -140.024311823746 -89.4832089757778 -41.1071151446157 -14.0066714466186 -3.08916572608487 -6.81686481208443 -11.2111359933247 -12.8233102608596 -12.0096231831623 -10.7506716728309 -8.72741591368682 -7.67031971073006 -6.32204046750285 -5.14253252266276 -4.54948988732496 -4.09500401751476 -3.55841657668342 -3.11657006619507 -2.85458502629191 -2.82967247697464 -1.97361679164619
-9999 -9999 -9999 -9999 -9999 -9999 -9999 -9999 -9999 -9999 -9999 -9999 -9999 -9999 -9999 -9999 -9999 -9999 -9999 -9999 -9999 -9999 -9999 -9999 -9999 -9999 -9999 -129.784819171153 -122.473291302146 -140.201668790957 -189.5887498128 -207.577655559895 -211.422188339273 -191.451425504887 -168.586375881625 -148.602603089525 -91.3265298413225 -40.0788266856277 -14.220218672196 -5.16271763245645 -9.48837821976583 -13.0103344960473 -14.3582539755241 -14.3817972753866 -13.0207320161634 -11.9522861861682 -9.71707779562942 -8.30000648872856 -7.03078346924607 -6.21871484110996 -6.24029930253383 -5.36832919122399 -4.410750925932 -3.36763163039554 -2.31201215750387 -1.29804848875161
-9999 -9999 -9999 -9999 -9999 -9999 -9999 -9999 -9999 -9999 -9999 -9999 -9999 -9999 -9999 -9999 -9999 -9999 -9999 -9999 -9999 -9999 -9999 -9999 -9999 -9999 -9999 -110.657018406074 -114.369884774027 -143.474826775194 -185.706311780641 -201.878063058245 -198.005145219954 -174.309964493159 -153.114538519804 -134.128668004895 -83.9520966796927 -35.6920098102806 -11.3541615000629 -5.46704924223301 -12.0303456273008 -14.5910910141902 -15.8686509170598 -16.3138557097446 -14.9404500097936 -13.745395500637 -11.7519033657916 -10.3115411152593 -9.06645540614788 -8.13543942139545 -6.92424166469368 -5.82010621287319 -4.84784560804611 -3.6307969751088 -2.55070772661787 -1.45414283625914
-9999 -9999 -9999 -9999 -9999 -9999 -9999 -9999 -9999 -9999 -9999 -9999 -9999 -9999 -9999 -9999 -9999 -9999 -9999 -9999 -9999 -9999 -9999 -9999 -9999 -9999 -94.0666485123912 -96.5149890557529 -110.407192131661 -141.875606924116 -177.952105465439 -184.226345508872 -177.785999456423 -148.055420159081 -128.148669557888 -118.178465191692 -68.5057229858398 -30.8906245943914 -10.5886998883898 -6.03422757531018 -14.0314053105929 -16.3664900403343 -17.0891717599498 -17.3249142186685 -16.0561522268754 -14.8302029291603 -13.2092035657084 -12.127427542555 -10.4495599986866 -8.75466052955331 -7.49289279149477 -6.34193619219318 -5.5616375233383 -4.39754510026722 -3.28220058451369 -2.23350595993396
-9999 -9999 -9999 -9999 -9999 -9999 -9999 -9999 -9999 -9999 -9999 -9999 -9999 -9999 -9999 -9999 -9999 -9999 -9999 -9999 -9999 -9999 -9999 -9999 -9999 -9999 -83.155582637984 -92.6802147107265 -113.298024613915 -138.377904899538 -156.148480847136 -163.501206545679 -150.807920246952 -119.549298164064 -95.3232933982306 -75.6246186441842 -43.516495000012 -17.0241133110721 -8.47454316605816 -8.82590353507503 -15.8780270492827 -19.1682507383419 -19.1320704886571 -19.1084801464009 -18.7489595547349 -17.4699939770839 -15.7226726628042 -13.4889664697213 -11.5127042749067 -9.75861977418533 -8.30958211871498 -7.13058537303657 -6.22765901010494 -5.10847024130983 -4.14642971312455 -2.90753631994638
-9999 -9999 -9999 -9999 -9999 -9999 -9999 -9999 -9999 -9999 -9999 -9999 -9999 -9999 -9999 -9999 -9999 -9999 -9999 -9999 -9999 -9999 -9999 -9999 -9999 -9999 -76.4976796403116 -97.6070938652389 -121.595368941535 -134.658815513523 -138.610443797228 -137.895179087422 -124.811380672863 -92.3507310162286 -62.8918080157923 -45.5157024503891 -23.8782932459386 -9.24845191924924 -9.02614900352525 -13.1641558438598 -19.3547637851028 -22.4395601454163 -23.0524826670224 -22.4257439907914 -21.4315003340065 -20.5593185352629 -17.5649995141604 -14.7292896555321 -12.5077496376282 -10.7388057233948 -9.27574975098929 -7.96208926969736 -6.6749963127267 -5.38690971338361 -4.34723009482816 -3.19987463677099
-9999 -9999 -9999 -9999 -9999 -9999 -9999 -9999 -9999 -9999 -9999 -9999 -9999 -9999 -9999 -9999 -9999 -9999 -9999 -9999 -9999 -9999 -9999 -9999 -9999 -9999 -75.0723126357537 -110.707794126157 -135.547618384711 -132.768942800616 -117.924447138724 -104.643083526793 -83.2575714330546 -56.0788653527737 -36.704168445463 -23.9871570477781 -12.8487177416949 -9.46117463415799 -13.3761064935092 -18.4664610679073 -21.7680485035277 -23.5114329102632 -23.7655840950258 -23.6773703492268 -23.2272840805021 -21.8859430871679 -18.8448807625194 -15.9230241752154 -13.6368250606939 -11.9715999184498 -10.2558885227101 -8.39925437648374 -7.14511086681978 -5.92653025232548 -4.96903560477556 -3.97534129450857
-9999 -9999 -9999 -9999 -9999 -9999 -9999 -9999 -9999 -9999 -9999 -9999 -9999 -9999 -9999 -9999 -9999 -9999 -9999 -9999 -9999 -9999 -9999 -9999 -9999 -45.5451382793304 -79.3258034088367 -132.05878913119 -154.001446036419 -126.440329980091 -98.664414111046 -73.44219264192 -50.8001229462581 -31.7021374175678 -20.482384141796 -20.6196097421031 -13.2481922742142 -13.4381190785986 -20.2804758236195 -23.6086529325153 -26.0396037436923 -25.2484845146608 -24.4928539984935 -23.4310893843938 -23.1769334995865 -22.750632426002 -20.5408682887719 -17.0793376297739 -14.8487494049566 -12.914929857577 -11.2414994627294 -9.31361185078217 -7.9049058249912 -6.75393728572857 -5.80894289124198 -5.19912091056211
-9999 -9999 -9999 -9999 -9999 -9999 -9999 -9999 -9999 -9999 -9999 -9999 -9999 -9999 -9999 -9999 -9999 -9999 -9999 -9999 -9999 -9999 -9999 -9999 -9999 -55.9279903540114 -86.8435811519691 -129.864611019856 -141.736529043636 -114.516386700529 -80.8525433591249 -54.072815751358 -32.343386931383 -19.9051456304111 -15.7747011325059 -17.7330140008262 -17.6562562030918 -19.5546943162798 -24.3957687835485 -26.3615010583318 -27.545852729685 -26.4984695563774 -25.2890232111082 -24.1289042654989 -23.6129224311676 -23.2487891652187 -21.5695276969494 -18.4095794817268 -15.9386584467145 -13.8363935500275 -11.9294731750306 -10.163287915812 -8.78272551984358 -7.45282474237451 -6.47954523026698 -5.49370188573114
-9999 -9999 -9999 -9999 -9999 -9999 -9999 -9999 -9999 -9999 -9999 -9999 -9999 -9999 -9999 -9999 -9999 -9999 -9999 -9999 -9999 -9999 -9999 -9999 -9999 -57.7761159275018 -88.8698223754367 -126.571212456374 -129.673396272253 -98.2938047204683 -67.3816885578404 -41.7599047489888 -23.669713292756 -17.6096789930947 -17.1450297080011 -22.4996434609738 -22.2952795963101 -23.0882245654145 -25.5967771187717 -26.4121070858391 -27.7976419551054 -26.1955794854995 -25.4427527571425 -24.5343880682831 -24.1560099972143 -23.9516584376364 -22.202908572503 -19.7151085924883 -17.1325330355077 -14.815450080889 -12.930364579918 -11.2226710616402 -9.84867503181391 -8.34245041198549 -6.971165662388 -5.89430169457483
-9999 -9999 -9999 -9999 -9999 -9999 -9999 -9999 -9999 -9999 -9999 -9999 -9999 -9999 -9999 -9999 -9999 -9999 -9999 -9999 -9999 -9999 -9999 -9999 -9999 -50.185863775522 -83.9288280878699 -117.190263184523 -115.230710213787 -86.7753048296889 -56.7784142749293 -34.7089499160061 -22.0595160575438 -19.7972307551322 -20.3726691335999 -24.5618473602735 -25.3167166349231 -24.53656583677 -24.3211705472267 -24.4575833900259 -25.1257353745758 -24.9697448915731 -25.1672697119803 -25.035612765062 -24.9431034253529 -24.4106891548432 -23.1997009729256 -20.5517303030517 -17.8481595562768 -15.7100203548627 -13.9625780783064 -12.1385915151845 -10.4047584378794 -8.9169224292478 -7.67342000265096 -6.72566242968551
-9999 -9999 -9999 -9999 -9999 -9999 -9999 -9999 -9999 -9999 -9999 -9999 -9999 -9999 -9999 -9999 -9999 -9999 -9999 -9999 -9999 -9999 -9999 -9999 -9999 -42.9941748504179 -78.0837178852014 -112.328632167532 -107.727691861323 -77.8456266370571 -51.3726604035744 -31.2461072302456 -23.5756143034022 -20.7002532469732 -23.9032166395702 -28.1411536739756 -28.3756255699198 -28.6869443125554 -27.8627029504904 -25.6439847969637 -25.0999851088356 -24.8454624554508 -25.7972713276154 -26.1327398198897 -26.3033715419956 -25.7881746352801 -23.7461414606396 -21.4542429919216 -18.8094455777815 -16.8293473515571 -15.2233232807259 -13.0964464993176 -11.2264229543098 -9.72869312484075 -8.53433025624875 -7.7317330029248
-9999 -9999 -9999 -9999 -9999 -9999 -9999 -9999 -9999 -9999 -9999 -9999 -9999 -9999 -9999 -9999 -9999 -9999 -9999 -9999 -9999 -9999 -9999 -9999 -9999 -43.8149969669942 -78.0519862201014 -108.977321483574 -102.700045226553 -72.054433857533 -45.1878783339146 -30.1383659497395 -24.6135485758142 -23.0638827067494 -26.4883112004452 -30.0928586100803 -30.7813074787898 -31.2735228390938 -30.5781293199595 -28.1247301186425 -26.5816672969529 -26.3386687648168 -28.113219615327 -28.7572960304833 -27.5947648848929 -25.6821537306647 -24.2705185938721 -22.824480208136 -20.2311292445409 -18.0399078735829 -15.9890698530398 -13.905219204617 -12.1826234998671 -10.7494973683049 -9.43508882204703 -8.46775001167247
-9999 -9999 -9999 -9999 -9999 -9999 -9999 -9999 -9999 -9999 -9999 -9999 -9999 -9999 -9999 -9999 -9999 -9999 -9999 -9999 -9999 -9999 -9999 -9999 -9999 -42.192260144227 -75.8324671889118 -111.353417121986 -103.690124419446 -69.0549126457475 -43.2687125349302 -29.7874785322507 -26.0594748476385 -25.7690263716505 -28.8223308848497 -31.5041487617429 -32.0590756470687 -33.1100430589123 -32.9278717327165 -30.4354334427961 -28.4812147142117 -27.7921703666019 -29.8962224161403 -30.24698772872 -28.1576929222329 -25.87835484165 -24.3456979130383 -23.5380576867836 -21.735942525935 -19.3566701721648 -17.2029241382413 -15.1576590649563 -13.3311511985944 -11.8379206986357 -10.4693700160028 -9.55884768921734
-9999 -9999 -9999 -9999 -9999 -9999 -9999 -9999 -9999 -9999 -9999 -9999 -9999 -9999 -9999 -9999 -9999 -9999 -9999 -9999 -9999 -9999 -9999 -9999 -9999 -41.1470628670624 -74.7905320508478 -115.293713828608 -107.759142986282 -71.0448175360806 -44.667189992132 -32.2470180697418 -28.6323585202267 -28.0269473389386 -30.0333575081884 -32.2462519389763 -33.5751275860807 -34.604042801816 -34.5739980217576 -32.7756138266675 -30.6135365076272 -29.346862741537 -30.5130853643163 -30.6638462951939 -28.8526089168683 -26.3721612328112 -25.1669813580514 -24.3628628638644 -23.0396241994351 -20.6740371563933 -18.5835230841967 -16.233627837234 -14.3193514621953 -12.7864234809171 -11.5976425858693 -10.7075473616027
-9999 -9999 -9999 -9999 -9999 -9999 -9999 -9999 -9999 -9999 -9999 -9999 -9999 -9999 -9999 -9999 -9999 -9999 -9999 -9999 -9999 -9999 -9999 -9999 -9999 -39.5187614578099 -71.016739974968 -114.341255528236 -112.603285280971 -74.9832596351605 -47.3263332869362 -35.218474052384 -31.9849942207318 -30.3344258588575 -31.9535404514398 -34.0299515234861 -35.0920375543218 -36.2096444692548 -36.2285252884652 -34.1684994037489 -32.2018685786938 -30.2884037388665 -31.0265297460216 -31.2342982140122 -29.6769515000161 -27.4836580971148 -26.1254154968965 -25.4477983993457 -24.1251460006902 -21.8096169838528 -19.7095096569743 -17.4615744812746 -15.3896987001265 -13.9940467525068 -12.7160706819698 -11.9052652398829
-9999 -9999 -9999 -9999 -9999 -9999 -9999 -9999 -9999 -9999 -9999 -9999 -9999 -9999 -9999 -9999 -9999 -9999 -9999 -9999 -9999 -9999 -9999 -9999 -9999 -39.0360655950413 -69.3230009053745 -110.144633288249 -115.740732035515 -80.3235286004228 -52.2416203899469 -39.6260800853674 -35.0020665695177 -32.5087333101101 -33.5279262190645 -35.2704414268651 -36.2837537361622 -37.5106475042554 -36.875543222556 -34.6053176528168 -32.7062710203772 -30.8440253754181 -31.5449049844644 -31.6480506569881 -30.7205149452481 -29.1190092207105 -27.6399800090699 -26.5862507905068 -25.1741353384595 -22.8758751144294 -20.5337603172768 -18.553302449684 -16.9964660037419 -15.4237871670794 -14.0980776394228 -13.0443012290163
-9999 -9999 -9999 -9999 -9999 -9999 -9999 -9999 -9999 -9999 -9999 -9999 -9999 -9999 -9999 -9999 -9999 -9999 -9999 -9999 -9999 -9999 -9999 -9999 -41.9612041747415 -40.2706487540589 -68.2856889424356 -107.152018333433 -119.143167917906 -88.246941658037 -57.7458222590923 -43.5789875036067 -38.2304816172883 -34.1351780140583 -34.3849788175707 -35.920128343968 -36.5801661260863 -37.1810828535171 -36.326588799184 -33.9843797446676 -32.2773233366202 -31.4722793976538 -32.2094280301823 -32.2792050341037 -31.5334398289193 -30.3634520632758 -29.1774332113235 -27.9573945772989 -26.249643310007 -24.4575266845726 -21.8439061960645 -19.9988454820254 -18.5338397978781 -17.1849152755048 -16.7703269406387 -16.7115947444611
