meets/meet004/_saidas_enm/CCSM_Gower_0k_Cavanillesia_umbellata2.asc
NCOLS 154 
NROWS 168 
XLLCORNER -112 
YLLCORNER -55.5 
CELLSIZE 0.5 
NODATA_value -9999 
[rows 52 to 77 of 168, columns 58 to 115 of 154]
-9999 -9999 -9999 -9999 -9999 -9999 -9999 -9999 -9999 0 0 0 0 0 0 0.0353435094682812 0.175088161705869 0.196765212390728 0.177104546074439 0.093050321274764 0 0 0 0 0 0 0 0 0 0 0 0 0 0.308677654369468 0.552173772540098 0.665859444906958 0.675982358248918 0.683296820112001 0.710168916012766 0.702941018096008 0.698842591767853 0.684784427903035 0.662628391553104 0.654183204887347 0.621818782888126 0.630280823558048 0.593815633205376 0.514362974651534 0.498063822045058 0.55644653599777 0.47947898771884 0.409581762433059 0.494992987811634 0.593720345840744 0.650308850884919 0.682682123714282 0.688907557820166 0.673684834774155
-9999 -9999 -9999 -9999 -9999 -9999 -9999 -9999 0 0 0 0 0 0 0 0 0 0 0 0 0 0 0 0 0 0 0 0 0 0 0 0 0 0.222669447675547 0.480819762700645 0.611987132616615 0.628744226257301 0.636087176445823 0.668376631482632 0.674872882394078 0.675836296932922 0.662591296615709 0.631829839598705 0.609621362663611 0.573146192966369 0.54537700347301 0.494610968823435 0.506742968900206 0.540836211837085 0.470138132102311 0.398594785517543 0.335423015644569 0.484948300956223 0.605177358883961 0.677191696516486 0.715930452647626 0.725046664182896 0.708541781589495
-9999 -9999 -9999 -9999 -9999 -9999 -9999 -9999 0 0 0.151590626605813 0 0 0 0 0 0 0 0 0 0 0 0 0 0 0 0 0 0 0 0 0 0 0.14014659231659 0.372837145974414 0.5508616417126 0.572843486181044 0.580081615680115 0.599443540017087 0.611259749278984 0.617360677023368 0.602236425917737 0.563525661273341 0.524942632239456 0.468306303586698 0.486127860648308 0.532595548229845 0.458462533146947 0.404213750585531 0.336700464258276 0.277888711697461 0.250613812777831 0.456525014143409 0.59785869816941 0.682350660735769 0.731792510758625 0.746783379847131 0.732157270049839
-9999 -9999 -9999 -9999 -9999 -9999 0 0 0.0244475992910247 0.154991738133986 0.251058121221866 0.121101611568049 0 0 0 0 0 0 0 0 0 0 0 0 0 0 0 0 0 0 0 0 0 0.00598353398863738 0.252680868238238 0.424411466928857 0.520297136459973 0.514634412823869 0.511462090066303 0.502179081982993 0.510347951685735 0.492462305055657 0.449059917883538 0.488826275420351 0.495444327156223 0.414324505613195 0.343259225792481 0.280442972886065 0.223932267396632 0.179421847470957 0.136571771522402 0.14540196898785 0.391835940078192 0.569439455115532 0.673110169974985 0.733585399018421 0.75025101948348 0.754735696667687
-9999 -9999 -9999 -9999 -9999 -9999 0 0 0.304526935768625 0.383273906227516 0.403523117582871 0.136635940771198 0 0 0 0 0 0 0 0 0 0 0 0 0 0 0 0 0 0 0 0 0 0 0.0658005812236047 0.249768093173924 0.353365603241381 0.407888716753237 0.423010679881731 0.404190312306677 0.400544002755172 0.402341431592871 0.345544371893621 0.298588312073835 0.212681306221629 0.140653161892992 0.0747562903474918 0.0081385748177133 0 0 0 0.0479787737770133 0.31940840646915 0.523493523175379 0.638811742690578 0.719534026188112 0.746840624776402 0.754624568564407
-9999 -9999 -9999 -9999 -9999 0 0 0.160804708828378 0.462748240212125 0.532997437998867 0.48151330872658 0.21516009080482 0 0 0 0 0 0 0 0 0 0 0 0 0 0 0 0 0 0 0 0 0 0 0 0.0237944581044857 0.121712632851193 0.16011156786781 0.184180689844811 0.150293390118028 0.111288946154617 0.0649905504640169 0.00240913722032232 0 0 0 0 0 0 0 0 0 0.237094878549549 0.46718956994378 0.596140136818858 0.695929380313916 0.729071290244327 0.745817523026542
-9999 -9999 -9999 -9999 -9999 0 0.127571256997923 0.438751023370581 0.62905565198124 0.628647638601362 0.540234649548451 0.299757351405985 0.043979220399932 0 0 0 0 0 0 0 0 0 0 0 0 0 0 0 0 0 0 0 0 0 0 0 0 0 0 0 0 0 0 0 0 0 0 0 0 0 0 0 0.122364501960113 0.380422050121533 0.536231020237029 0.647552722928994 0.695344344692239 0.714739431193689
-9999 -9999 -9999 -9999 0 0.169439430366325 0.444967930419579 0.601808949058489 0.67021774685285 0.646415941890781 0.482593176801202 0.348143886065683 0.137126397364422 0 0 0 0 0 0 0 0 0 0 0 0 0 0 0 0 0 0 0 0 0 0 0 0 0 0 0 0 0 0 0 0 0 0 0 0 0 0 0 0.0432554082345422 0.287461802492589 0.453872303110219 0.576365005924702 0.629960181905328 0.669025183428324
-9999 -9999 -9999 -9999 0.275486039758492 0.469217571931801 0.572115066465285 0.683533388109618 0.697113494530116 0.677574731412638 0.434536399495292 0.369522981977857 0.262753390840904 0.131373214318138 0.0796170402728488 0.0558676338041689 0.0566287602463919 0.0361386993223103 0 0 0 0 0 0 0 0 0 0 0 0 0 0 0 0 0 0 0 0 0 0 0 0 0 0 0 0 0 0 0 0 0 0 0 0.167016970553278 0.33138091833822 0.466032113757432 0.527146749111396 0.562059640447282
-9999 -9999 -9999 -9999 0.417699145770338 0.507864148149431 0.574892411900075 0.68566590919448 0.730273236797701 0.656078785512336 0.45320866406659 0.404031385058837 0.342344319300279 0.218432369138548 0.207684443991005 0.186350571579445 0.189272109845137 0.167547709604447 0.136443998392639 0.125081801096925 0.126900872092545 0.139935992799614 0.13088784603539 0.13417107837084 0.114871116730606 0.114856275825047 0.112103923882724 0.0845888849769594 0.0792130849577377 0.0469386383102874 0.0302834673825649 0.00529053437002658 0 0 0 0 0 0 0 0 0 0.0174503243330506 0.0386405933155858 0.0789876445352037 0.0826886836976194 0.108410093160152 0.11769286757416 0.110700115558833 0.129320222382522 0.120292428860207 0.132958647057676 0.144754340137661 0.120844651888948 0.120753203642315 0.196383306421018 0.322819411934362 0.387458843946143 0.433271821367207
-9999 -9999 -9999 -9999 -9999 0.515443632941528 0.584817970338357 0.692061854661498 0.745092445165875 0.662373153091818 0.484412743961344 0.451133625685426 0.435122292685307 0.347653617928402 0.327217125606289 0.305248415791712 0.306183816867781 0.306170106697884 0.292026299674603 0.289876771181878 0.287731836302778 0.296125852486759 0.302343626548009 0.29449858252774 0.290328712091629 0.275741091321165 0.267910676193519 0.25409266238274 0.230998658571922 0.213411478775115 0.185098564518125 0.168566078409687 0.155589049247233 0.134233410174187 0.130205729747523 0.121375956307948 0.124820318475177 0.143832507889531 0.153146942902065 0.182700698205718 0.203135777108253 0.226869918645501 0.260663579325307 0.277053451398424 0.30006575955769 0.305275341434655 0.309160478496976 0.31533316447372 0.31324723986196 0.31525627444873 0.307145295535046 0.304256195248647 0.296462953055877 0.274728022839339 0.252291824499664 0.217366368093563 0.189354794890392 0.21144456409174
-9999 -9999 -9999 -9999 -9999 -9999 0.595523722134055 0.705849011728307 0.702552809793485 0.664713506414792 0.508048488933327 0.492173347589519 0.473624953738371 0.408124534318446 0.403245592648923 0.387216768839222 0.389078077523201 0.391827249846036 0.387196190369478 0.391656504164646 0.40207101742343 0.410455907858167 0.410542946350632 0.414682095020571 0.403474094331419 0.3980021812064 0.390665261524069 0.368007462551711 0.357305128803939 0.330568484765351 0.312418763976892 0.294958438587122 0.276167025310698 0.268581273111834 0.259999060111173 0.266221781140943 0.269848757117523 0.28089279366645 0.308249176224696 0.320706278995745 0.352687626089543 0.376803854583154 0.39663496436185 0.424722699621472 0.429001944026731 0.444905950247444 0.448407359407748 0.444932705245828 0.452835714981895 0.44418672480095 0.443109936951437 0.441737701318267 0.423436540091421 0.419231821968006 0.38687027190272 0.367691694276111 0.338859038636294 0.305348132542871
-9999 -9999 -9999 -9999 0.541113734707278 0.573013907396309 0.645011928944751 0.73058006625537 0.718750565862743 0.644515344159571 0.519794842783225 0.505297294516663 0.5031366555354 0.478095861860198 0.461938195663078 0.455475787975648 0.459306928962763 0.472392139880697 0.480971150279437 0.49413010550196 0.503120744475345 0.512330797877556 0.522465555182792 0.523316989943014 0.522879592316325 0.515771582829222 0.509009735309671 0.497822295278878 0.479489743497085 0.46385642148939 0.443112357001542 0.431176333765431 0.423055635581192 0.411622551846326 0.413667238505524 0.412878627372697 0.420045662640283 0.439150667755983 0.452705099499837 0.477398282417421 0.497582239753181 0.516086620263479 0.538082163216709 0.525125403910712 0.518898511951506 0.515900438618788 0.51885451687449 0.530275843495944 0.544476845810637 0.567626472288243 0.572771110286393 0.568743435605337 0.56131470110658 0.547963185278074 0.535607443076642 0.515675493280417 0.501135196785108 0.488486279762559
-9999 -9999 -9999 0.552511420918895 0.578861004048448 0.627159523941311 0.695843544887814 0.706686042283508 0.695875636407271 0.619808721128281 0.524198173134448 0.517135458336616 0.531921077016465 0.507501973423254 0.497617935492231 0.505115186941385 0.515631473879005 0.518625863007236 0.537822127339064 0.547449846226283 0.56968533094217 0.583099693955064 0.589596688479192 0.599267994698098 0.59720803046713 0.600449822030055 0.599080285683541 0.584372189854643 0.576911248350037 0.56392224993692 0.552637611454971 0.54493577154397 0.531001600499196 0.528591563839846 0.526200405524821 0.530897976734573 0.53583451582642 0.545452588412305 0.560117470948599 0.573293734240771 0.555647307660172 0.534717192292757 0.519162590112685 0.503367818968735 0.503441862091006 0.502875149495523 0.506472999043415 0.516596928614035 0.526174823813864 0.546584903554177 0.568342919752755 0.586404355796877 0.604958710310816 0.617626651102096 0.623779080188743 0.624600780037861 0.616618071245015 0.602249001283383
-9999 -9999 -9999 0.613811856931895 0.629317226821659 0.665199112867974 0.682293134473385 0.680283684853317 0.648162592081034 0.592008484785145 0.551370154296026 0.55999629974334 0.563450261781026 0.553889158293088 0.536486262553888 0.53221851396119 0.540189613748978 0.563875941485267 0.578564889500822 0.594110717963895 0.613241167504785 0.626989032612484 0.644674383017326 0.654081428612999 0.660763567886818 0.663376360159052 0.663247871126528 0.660807343674449 0.653008430566546 0.64564541950356 0.634300014321894 0.627454550968586 0.622541068427229 0.615611761714085 0.615984847600898 0.614752338835011 0.618628302459541 0.629688515767896 0.602363489555074 0.577553303784964 0.552301133849118 0.533094705547992 0.520519490909053 0.509717810984314 0.507657204353874 0.507437659765145 0.510300678442839 0.517582967604522 0.525224648619328 0.537912057171203 0.550352445440362 0.562150222253652 0.573008455705348 0.578930432679072 0.579880823271782 0.574267319955935 0.562472189594567 0.544764938566941
-9999 -9999 -9999 -9999 0.691307488833838 0.674739888612847 0.687119416755566 0.63655783129331 0.620180618035966 0.582924620066833 0.554511208440603 0.573734752532855 0.569743014704389 0.573998284255218 0.565951307293772 0.561489083183297 0.574843500543862 0.598178258546313 0.605766708308151 0.628481717448852 0.64975788729346 0.669809490526171 0.688243590184404 0.698068352975556 0.707442131500697 0.712822879637559 0.717221404589341 0.718068637586405 0.713762504310096 0.711988696640029 0.704230404406385 0.70165913449431 0.698724742154319 0.692555564445843 0.69393992331197 0.691681710323062 0.665560964440348 0.637448397425096 0.606354537423326 0.586251960208098 0.56291541736258 0.546069904010021 0.535452400109759 0.523688267294572 0.52385116216357 0.522400186214759 0.523310566596671 0.527405178183077 0.528899556863926 0.535715078182808 0.539803158786122 0.543151820261982 0.547055919067378 0.545752012205067 0.540311806845663 0.530141004239094 0.514641005496101 0.494441503244898
-9999 -9999 -9999 -9999 0.69046608568685 0.676645641021558 0.6694032760284 0.641559247865395 0.614281051288707 0.598850323423135 0.561457497551771 0.539276075728626 0.541615455859319 0.534389745100158 0.568998112072955 0.583559818908902 0.599035861216762 0.615696572059754 0.630828762709053 0.648614476820519 0.673318682687121 0.692470775358924 0.710759572611836 0.724402911894449 0.734938687934529 0.742490765124691 0.746502432541757 0.74927153551703 0.749616600935289 0.749226314708978 0.747363286939074 0.746141629903086 0.744818976569029 0.74246842964801 0.725664847028344 0.703229925499252 0.678857022415505 0.65350015377882 0.627696203679871 0.60707222204658 0.587692284993362 0.572477154017348 0.561955708037334 0.552989952355557 0.549133013323423 0.546294958281527 0.544811780765973 0.544355426596423 0.542621365438598 0.541413736497234 0.537657150922009 0.533719252553162 0.52802541722477 0.518507348867736 0.508436030301087 0.493461926199627 0.47562663430495 0.454661068448337
-9999 -9999 -9999 -9999 0.559100826277225 0.669115790263582 0.661412478519942 0.649389787546737 0.636041812123174 0.61557193494979 0.590782577745381 0.559981441608089 0.536765494397733 0.526447517400788 0.550400383766921 0.611124719924891 0.6348300932027 0.647279642797424 0.649057310941531 0.672936740520081 0.694075050245458 0.706260272353683 0.728606825371158 0.744552326347413 0.740948815614394 0.729536217608021 0.734907658903173 0.753906078093772 0.761806502193631 0.763100560498331 0.762392087095436 0.762663987940957 0.763208715536733 0.754276826216053 0.739804738395743 0.719805569793572 0.699495094219084 0.678067084591984 0.653506284342231 0.636758709041417 0.617979158498199 0.603981447415157 0.594725727130124 0.584133799461747 0.579731135348509 0.573609676653145 0.568821980479801 0.565117582936491 0.558478323139954 0.55178073554304 0.54138240250647 0.530004280248222 0.516393808136064 0.499062763366445 0.484597860548042 0.465837002700195 0.446082620775319 0.424132685264065
-9999 -9999 -9999 -9999 -9999 -9999 0.609302688926972 0.654964810246859 0.65636917551763 0.575084409138565 0.510259206752171 0.517676957644013 0.570354859408208 0.551100268466179 0.544318749422041 0.577963776998901 0.634956479134457 0.665313138553714 0.675423834976175 0.690215797721902 0.662906435873199 0.662316789098322 0.689067970592271 0.710280987136677 0.704736744620167 0.690800433029092 0.69526312979135 0.714371405088835 0.732243372578403 0.737673008059972 0.739006222938498 0.748202726309972 0.762383459935109 0.763544088976075 0.756204966651577 0.740458263359088 0.723216900171468 0.704757485624434 0.685299585938583 0.667938396930933 0.652031424049754 0.638189429277338 0.626536760874863 0.616283035954632 0.607867305032892 0.600156078023073 0.592546771629953 0.584151884623808 0.574701708574526 0.563413479614431 0.549307520363206 0.53335210636578 0.513669128935546 0.492153651541012 0.472447572656629 0.450227204738066 0.429383015752435 0.408154664123685
-9999 -9999 -9999 -9999 -9999 -9999 0.538386407458321 0.667231325290535 0.650601078991613 0.533106768532319 0.425937233984788 0.421423349070989 0.505185306924057 0.574098887728096 0.561199365172197 0.582722372016858 0.629355405671482 0.675470127768323 0.688896182818991 0.663267245239596 0.623871087904038 0.621877113202472 0.654433041232105 0.677821605123768 0.672815848983201 0.655199875981008 0.658658509984955 0.678909334576099 0.694443380358646 0.699414871757255 0.697583767734482 0.707026351698782 0.723973689325055 0.738351297205164 0.745731563233682 0.750056688061066 0.747275688282344 0.732823180984494 0.715361608603522 0.701628499909267 0.686098102408606 0.672266881226905 0.660013366522174 0.647261028307943 0.637186877807611 0.625770900240809 0.61454987459046 0.602672725391104 0.589748833577437 0.576146300821047 0.558911388532583 0.539162664491791 0.515317086514372 0.490313451091996 0.468622962681183 0.444958026909482 0.424538387724572 0.404694830955708
-9999 -9999 -9999 -9999 -9999 -9999 -9999 0.678313437837543 0.69490089842935 0.524217799888707 0.362852552270585 0.329680499904156 0.418342284601829 0.578450014159249 0.598507921022738 0.622847542431807 0.630067558134511 0.648022646055018 0.659197481234414 0.631353337608066 0.596815062476738 0.593531657183233 0.622092496931638 0.646221137005233 0.641895022661297 0.628508538908233 0.631343461171557 0.64699773061402 0.660928091579264 0.663613159832646 0.66198545816879 0.669878863966283 0.684474568161944 0.698436917252723 0.706039800574103 0.711593548068227 0.720384778339495 0.729358312728732 0.739016618585058 0.729138992208318 0.715990041060368 0.702898390889447 0.68879450645653 0.675634611884689 0.661793120168266 0.648483156123823 0.634149183637716 0.617695364500322 0.601476958997889 0.585332120256383 0.568114319235673 0.546725006718965 0.520084063500551 0.493640760533492 0.472359367104424 0.451085135664637 0.432362080196307 0.414752525587859
-9999 -9999 -9999 -9999 -9999 -9999 -9999 -9999 0.641195755397782 0.543905067088052 0.33468881067947 0.27932736284422 0.359219029465332 0.520754184996996 0.650587605801396 0.625925609365025 0.602187929258407 0.61919235501842 0.62984571289347 0.607081806557936 0.573021769666948 0.569784730143275 0.596063851892459 0.616894928573985 0.615740352128029 0.604982054513824 0.608260314529355 0.621842412490551 0.632107238928208 0.634387402418776 0.630722539014403 0.636403959115869 0.648642274869296 0.659147276015496 0.666825628963176 0.671762000327918 0.681048387387527 0.69234529831881 0.702497365651493 0.708884192438004 0.714474648811185 0.722949450209776 0.714482750915904 0.700874505045129 0.686144557535278 0.669680447612051 0.652475787720957 0.633206609513355 0.614001342429307 0.59612426190814 0.576912660368821 0.554970451116424 0.529642142068383 0.504524561012023 0.485437805727094 0.466335541773645 0.45025488340341 0.435844099376194
-9999 -9999 -9999 -9999 -9999 -9999 -9999 -9999 -9999 0.58410195953958 0.348601656820045 0.262040401935754 0.323000339820374 0.469650948278042 0.675439733690484 0.605704666925175 0.575318656091309 0.598190287587462 0.603685564121873 0.586878236324569 0.559060124995419 0.553671074259531 0.572403106437698 0.586236017190756 0.590018150272402 0.587507361792452 0.591704245898888 0.600871934673203 0.607543684999369 0.610232152569868 0.608261750420882 0.611297464425847 0.616964569313082 0.620524144410429 0.629411116391065 0.634307450313708 0.643754144257381 0.655161663577851 0.663834318342956 0.67427424759042 0.679897865774385 0.690873690550037 0.707157782596123 0.714546755537906 0.705482008679456 0.688740375698777 0.670209464146347 0.648403152271316 0.626875065799065 0.607092810522034 0.585723658906199 0.564608670231758 0.543019338878732 0.522124045755842 0.505136722622196 0.490205482757338 0.476537660881384 0.463236285148746
-9999 -9999 -9999 -9999 -9999 -9999 -9999 -9999 -9999 0.598812973755893 0.388976296815308 0.286079172021194 0.309010063619545 0.426592297523607 0.609520170901278 0.625725661469783 0.59069457483961 0.595035155270437 0.592623575449544 0.577944583302265 0.553352783930374 0.545713176122419 0.555468192394644 0.563417387780496 0.569110522883927 0.571164756126107 0.576513108701693 0.583964517952906 0.588332514547405 0.592653968486882 0.592661267602148 0.59484346375148 0.597144120951853 0.597002446321112 0.603567462043714 0.607776060111614 0.616540383024252 0.627832233998652 0.635768104727327 0.64908659693555 0.657364226495852 0.667920647125762 0.680546161434665 0.684781848948887 0.680713718530443 0.6702531322145 0.659115530326719 0.647047230373187 0.637146573080002 0.623974389721395 0.60179717876003 0.581849551535002 0.563474718511922 0.545181066667265 0.530565607889358 0.517212428895902 0.505256537856417 0.494427502363595
-9999 -9999 -9999 -9999 -9999 -9999 -9999 -9999 -9999 0.632558915489037 0.443027730111655 0.325741664056649 0.320359794590071 0.373996613586681 0.515803723110346 0.675602837441525 0.641350760463709 0.626609692020381 0.597152138012883 0.581695788529004 0.562242516360447 0.547890911643504 0.547987281815541 0.546422322368442 0.552921613798113 0.558547302579282 0.563623310233095 0.568788137142412 0.57177497256737 0.576992271947517 0.582161746775279 0.584007450069086 0.58294547822166 0.583096684883042 0.585288866721498 0.5902236024185 0.597673246979836 0.605155797388684 0.617704412422766 0.632893003513753 0.645841129352909 0.654611992855507 0.65705017933021 0.653008012535891 0.649745026036111 0.64399846848434 0.637061330026804 0.630203249883886 0.625217714841834 0.620787869821029 0.620772553644733 0.603936081245919 0.586909667485985 0.57205192212241 0.557494689889327 0.545039058057094 0.53428542665321 0.524261334136185
-9999 -9999 -9999 -9999 -9999 -9999 -9999 -9999 -9999 -9999 0.520434336269791 0.403163343016428 0.351334796989392 0.361905635435948 0.429479108767832 0.54952682594192 0.619291916476497 0.691984020726915 0.644919093458874 0.610534407736464 0.582307162007499 0.558581857621048 0.548542210189978 0.542956323697659 0.545942391232801 0.551646660738578 0.555208645636489 0.557488638484875 0.558092583825966 0.563315386416468 0.567761724420321 0.570078959924832 0.570091374143541 0.568921621988938 0.569072128393075 0.57087052634455 0.577801883777935 0.586637766113712 0.600823473334141 0.622064975677355 0.639912445608858 0.646864633874407 0.641667276738478 0.630632122589701 0.623397961645637 0.617192995723625 0.612525630312602 0.611986094071041 0.610559176865318 0.606227211783657 0.60320717292787 0.602819721530626 0.605718906182825 0.599125887929969 0.586540914096845 0.57451566300436 0.564156656243362 0.555476452724043
