meets/meet004/_saidas_enm/CCSM_SVM_21k_Cavanillesia_umbellata5.asc
NCOLS 154 
NROWS 168 
XLLCORNER -112 
YLLCORNER -55.5 
CELLSIZE 0.5 
NODATA_value -9999 
[rows 50 to 74 of 168, columns 55 to 109 of 154]
-9999 -9999 -9999 -9999 -9999 -9999 -9999 -9999 -9999 -9999 -9999 -9999 -9999 -9999 0.103151886333117 0.0988897141479649 0.16685978088175 0.470130298659848 0.435058069346884 0.246535126547459 0.158076518421285 0.150543429838357 0.00703969827605444 -0.0793237706321264 -0.0773191714814358 -0.0898425384722549 -0.0572461862651026 0.0326453675716458 0.00886836195853352 -0.0212892971796039 -0.0404487769813991 -0.0152885626856069 -0.0571768726682725 -0.0699212218198502 0.0288537294130504 0.214640734877934 0.181262452535198 -0.0160508597408817 -0.0958703178213102 -0.12585653410775 -0.122810981357876 -0.0637996859344882 -0.103960301499284 -0.0915034278973398 -0.115863722885797 -0.192724853832974 -0.257042258426515 -0.293667350373444 -0.282047756976226 -0.278367946165106 -0.257105620499812 -0.20867992383298 -0.147259286159936 -0.0672983780187948 0.00759883218350982
-9999 -9999 -9999 -9999 -9999 -9999 -9999 -9999 -9999 -9999 -9999 -9999 -9999 -9999 0.0975464588180289 0.0950122944325293 0.12613249431542 0.341544982429354 0.382335996617205 0.253583485556442 0.131947237710293 0.0984164896329299 0.0821962128046026 0.0955736466467904 0.14355581795594 0.19706335485083 0.249312266933914 0.31681641201232 0.234706143828885 0.135901629767556 0.0790670878506737 0.0630955063892332 0.0675879521608756 0.125051256548673 0.338804085781357 0.472158951146477 0.341283948710752 0.0729017842783439 -0.0482706958842434 -0.0895228709103654 -0.107030826727058 -0.0884695848926025 -0.114736532692187 -0.116736991304122 -0.141285186759815 -0.191452656555644 -0.225517508928467 -0.250325762274107 -0.215874111454483 -0.209614499575756 -0.198904996229627 -0.14362507077751 -0.104319031008736 -0.0118503936034893 0.0500743420175611
-9999 -9999 -9999 -9999 -9999 -9999 -9999 -9999 -9999 -9999 -9999 -9999 0.0989132632554983 0.0936374219461405 0.0944989036181771 0.0927392859885846 0.0880449015330218 0.150708952529485 0.267969620833993 0.227506959560984 0.127809944811392 0.106312746754655 0.164847278946318 0.254669411463322 0.330038046894048 0.369723526116606 0.315922514680173 0.217368141620119 0.0926690726809453 0.0510530603998738 0.0554558755488989 0.0623233721940437 0.070630649954481 0.202341788753829 0.58981773981223 0.811273787159314 0.451525457734078 0.119469988241882 -0.0213077645321442 -0.072442937496091 -0.102012211917402 -0.106407024818705 -0.139732345084502 -0.134969103750716 -0.156385691268015 -0.198742431041046 -0.182013352241127 -0.210362570138064 -0.154321494851021 -0.146900662660573 -0.153568550159625 -0.085404493446962 -0.0413941669123627 0.0341189613697637 0.0703928341907957
-9999 -9999 -9999 -9999 -9999 -9999 -9999 -9999 -9999 -9999 -9999 0.0994658712060125 0.0954356106264993 0.0944145155714216 0.0954979818442494 0.0951643174092913 0.0882720010991729 0.0670412880078223 0.144896309836449 0.252043695950695 0.259037138194914 0.199083710959646 0.202369672503163 0.198026488211095 0.196579382705262 0.156983012800003 0.082129149916638 0.0348888271304032 0.0349345440917561 0.049636741951414 0.060660849605508 0.0622389164786377 0.0518122598572152 0.106054690931998 0.489324921310846 0.845827442876656 0.533014179479271 0.189750792507635 0.00804473363226826 -0.0385323724376438 -0.0725761884023324 -0.0885221750210701 -0.118451740031044 -0.126609213365346 -0.145465535509398 -0.18293556697208 -0.181079621312583 -0.188680239767505 -0.159040011869693 -0.143769921845475 -0.103612032324011 -0.0304679571122937 0.00775900286262426 0.0386108206617227 0.0497697944245363
-9999 -9999 -9999 -9999 -9999 -9999 -9999 -9999 -9999 -9999 -9999 0.0897766774763222 0.0801491209314965 0.0735364364113099 0.0903299725935636 0.0962849853840527 0.0935410895924527 0.070969988081143 0.0466332284092438 0.101911700536389 0.151538905556602 0.160672614954601 0.105204872282306 0.0552577476828687 0.0323596376056577 0.0262687727853146 0.0294250934910172 0.0439592195791458 0.0557209703848914 0.0598612628105148 0.0612150349011453 0.0618707289584193 0.0582367898777492 0.0448996421627734 0.267465676925122 0.714628642106594 0.542402862091125 0.293038225318014 0.0562051022411494 -0.00306007392404894 -0.0348809776914196 -0.0594398319699642 -0.0849203423481976 -0.100819999057999 -0.120103430543026 -0.144382679184468 -0.16520121602148 -0.17137427086334 -0.132769999725479 -0.101000645040544 -0.0355767917493897 0.00677533863154123 0.00392161086294485 0.0101808249037575 0.00338695219533919
-9999 -9999 -9999 -9999 -9999 -9999 -9999 -9999 -9999 0.0930063919835262 0.0839434798864154 0.0602162946219874 0.054581569610977 0.0547456229816373 0.078967635566471 0.0928893827085767 0.090690206804361 0.0746040698029733 0.0490149915449902 0.0370659148617166 0.0336763235046216 0.0304375527369083 0.026945080444935 0.0278507340165716 0.0343004258074864 0.0425933562965605 0.0522797274944112 0.0577934738417427 0.059106210902355 0.0589345893574894 0.0587079280748636 0.0583985951594904 0.0569419011596285 0.0411558789570999 0.107320903606555 0.527223410196068 0.575142236446647 0.288316082214317 0.0917340491137415 0.0106153589704227 -0.0369894089196953 -0.071605022348018 -0.0752501664634186 -0.0739101834564698 -0.0861762062927925 -0.116318110934312 -0.128118625942791 -0.115112769497186 -0.0882391904269682 -0.0659259554294561 -0.0455927750364263 -0.0298962376659312 -0.0318374970688327 -0.0235861137740481 -0.0199088099531076
-9999 -9999 -9999 -9999 -9999 -9999 -9999 -9999 -9999 0.0818225852587851 0.058050858171716 0.155406000818673 0.096481316683446 0.0473928481408542 0.0708790072792584 0.0845603825402405 0.0844734675450764 0.0732033696826486 0.064487621261851 0.0580566402513586 0.0513843993538201 0.0489066319452712 0.050017967546222 0.0514556832425608 0.0533589334512271 0.0567636983848845 0.0594044518467204 0.0601275519335946 0.0622023775757298 0.0638632256484137 0.0632678882726382 0.0604601966366265 0.0565149924359801 0.0459497067125848 0.0371032882668593 0.266806195372841 0.50459164092536 0.419833461254004 0.150293806280038 0.0526659574981668 -0.00621202783693314 -0.0462310415520252 -0.0463580538457511 -0.0574859018966823 -0.0645390925006303 -0.0326348016920064 -0.0394364569004199 -0.0484846397056291 -0.0555989159747032 -0.0662246159229697 -0.0438308842369005 -0.0322427079197359 -0.0242695982080967 -0.0149010752170732 -0.0143827403966933
-9999 -9999 -9999 -9999 -9999 -9999 -9999 -9999 0.0941795481000542 0.0660611920132338 0.125312760779475 0.216880720765 0.132483242923024 0.0511600506243348 0.0611481740950366 0.0713546069556193 0.0753556701889552 0.0650920646063687 0.0640784784660351 0.065298035297466 0.0632293304701077 0.0609594365428034 0.0606108445135844 0.0600849575932356 0.0606314370807038 0.0624440795365037 0.0624705904606175 0.0619004235337648 0.0614314456057798 0.0614455761963931 0.0623521157007018 0.0636401223039654 0.0584011702074889 0.0507642433227497 0.029362933937672 0.0965796392408812 0.32243883597507 0.414162286711679 0.345217520247936 0.229832020459309 0.134256632929938 0.0537829964147333 0.0228945282718976 0.0323357844485034 0.0153974504951138 0.00403071425727192 -0.0386887147719494 -0.0268825503675534 0.00751068544034622 0.0144478408121184 0.0234790433389593 0.0218611279257294 0.0191091033377885 0.0136154816778502 0.00133682694043558
-9999 -9999 -9999 -9999 -9999 -9999 -9999 -9999 0.0853935716128129 0.0995250583388391 0.257628761932211 0.213535893202999 0.133916217260111 0.0511328212533594 0.0572206070462202 0.0545558952373128 0.0533618211838814 0.0519620683780187 0.0572279713726615 0.0580222962792533 0.0589787132688029 0.0568982016956324 0.0566414049157828 0.0574114104747466 0.056446487226944 0.0561322563127886 0.0562402861683189 0.0561055540103066 0.0571196853480196 0.0573430935960664 0.056635688277235 0.0573862871891884 0.0584999201429215 0.0548697725063673 0.0427801483025898 0.0259517373698915 0.0802404955706864 0.192436108935279 0.2635605516384 0.25676697154538 0.195673135260364 0.109782397165492 0.055171459962537 -0.0107882106579434 -0.0275856499033355 -0.00587375589320199 0.0114704102557326 0.0226522071861905 0.0227833457689377 0.0222990465666679 0.0228613497699807 0.0247000165141334 0.0286381017677171 0.0379121282479365 0.0451228442968613
-9999 -9999 -9999 -9999 -9999 -9999 -9999 0.1010342469472 0.0939095862356857 0.223732057991864 0.28202726468655 0.19296321472983 0.140613612078137 0.0488916479274213 0.0632007852261409 0.0474726738344119 0.0432347419761586 0.0410786308842139 0.0425333204911111 0.0434760566139329 0.0508453328777668 0.0521128551398902 0.0507215401196475 0.0509462548564167 0.050259070936287 0.0502471162927859 0.0503832433535056 0.0505069023293765 0.0506024246169948 0.0516272589588085 0.0539473762644114 0.0561944474148904 0.05806311330826 0.0592495359866975 0.0571965114611601 0.0416996554607892 0.0225496572680045 0.0173780014488877 0.019411324246784 0.0135703789867924 0.00319237565594738 -0.00942803031753164 -0.00238335968640202 0.0106662663265558 0.0145705523063071 0.0216402312714908 0.024396134985374 0.0281276956319242 0.0347859293131014 0.0380714241286031 0.0443116520980403 0.0395614299842995 0.0345754234286687 0.0255090806076173 0.0244006852191854
-9999 -9999 -9999 -9999 -9999 -9999 -9999 0.103003347338919 0.107219143687838 0.172553494750205 0.233537022320454 0.165608215422965 0.119549366399582 0.0385007430636375 0.0589514247314993 0.0391810694867675 0.0325319358813734 0.0336165181635456 0.0323271510900853 0.0302126207202126 0.0355138806040901 0.0408195578294153 0.0406463401235853 0.0409859857373037 0.0390777021917232 0.0388967118926103 0.040531292282646 0.040399118895493 0.0419036067516236 0.0436005992359032 0.0470010356261075 0.0514021029975461 0.0544452236255631 0.0573698164252812 0.058069337377937 0.0573800207509519 0.0500351727984059 0.0373837799938074 0.0276253593218533 0.0252408654339621 0.0217458380100311 0.0200585366154117 0.0238081751905921 0.0269798635537172 0.0298743437269267 0.0397668919367454 0.0385830995995147 0.035411107914396 0.0310653530406106 0.0268266487705245 0.0274786001225018 0.0337806553691697 0.0475108674660799 0.064079208067419 0.0699644715329267
-9999 -9999 -9999 -9999 -9999 -9999 -9999 0.115323790154417 0.089229792747578 0.0695372593474441 0.133565114654011 0.131555039655189 0.104018303156777 0.0244928499362478 0.0461472483347429 0.0215560500903338 0.0180957999180215 0.0232353059896046 0.0225472659783763 0.0187055130372087 0.0224130220394969 0.0306893976832798 0.0291699400604332 0.0291887535540574 0.0277908348617422 0.0278264798425417 0.0287098609472914 0.0292973387393944 0.0302874102152942 0.031861607848271 0.0353697880812551 0.0386658830517292 0.042433684103284 0.0465321940510934 0.0479613885735321 0.048239782929013 0.0482955303292976 0.0419728956706559 0.0350473608995541 0.0302630063023782 0.0261884451683871 0.0278817750380899 0.0289480880656559 0.0283220515692023 0.0275145090377987 0.0321475928312302 0.0352163761843125 0.0357050403201986 0.0469699125917896 0.0620054632239519 0.079983161263611 0.107776411912426 0.117992620135916 0.13863360698272 0.144152302169149
-9999 -9999 -9999 -9999 -9999 -9999 -9999 -9999 0.0496182370417876 -0.0446576549502002 0.0300063871532176 0.112160200381497 0.106284699844798 0.00542008703413227 0.0204353046981858 0.00111279329211267 0.00175555243937259 0.0136641770986341 0.0168176471111261 0.0133916277121104 0.00791683022661183 0.0141880300482423 0.0197692494664841 0.0249676278325929 0.026188927098339 0.0220576252331333 0.018897562296336 0.0180117507165213 0.0191545653902927 0.0192372341455612 0.0196581365841696 0.0214951348385995 0.0233369877474727 0.0272525017501412 0.0280568458120962 0.0281401052181479 0.0284184172913615 0.025997152687976 0.0241592045732731 0.0234056376886666 0.0253806136623586 0.0313026413888891 0.047510425947231 0.0652860888393146 0.0859892349570012 0.119677706724832 0.140053232336899 0.15884724879578 0.159745155093748 0.195576467421586 0.241439194980894 0.268696162414492 0.285653709548503 0.270689987265821 0.255859983669815
-9999 -9999 -9999 -9999 -9999 -9999 -9999 -9999 -9999 -0.09594148793506 -0.0210435938385606 0.125647567862585 0.129346305964658 -0.00621775149266263 -0.00328548139211282 -0.0113635541828452 0.00799991535881339 0.03256287339062 0.0404977473833028 0.0272073349920048 0.011534756633867 0.0154672759674376 0.023872763054587 0.0387818742977369 0.0467968303898849 0.0375535045709974 0.0275466367826351 0.0289774057767028 0.0287745162992649 0.0303460918441836 0.034085490901567 0.0331521008194303 0.0332948094602901 0.0318984816052452 0.0347210330537024 0.0394419866897091 0.0468672960067619 0.0473801127800677 0.053736305410291 0.065040273267793 0.0789416037201862 0.110962689079757 0.139005594836035 0.190438495618059 0.231141886782773 0.272814041783764 0.316205175533597 0.30983705507765 0.292479731601433 0.305697820531022 0.347501709291875 0.364036123016721 0.387989255774421 0.393741928912366 0.373835930664568
-9999 -9999 -9999 -9999 -9999 -9999 -9999 0.0250595879183225 -0.0560713430368631 -0.113295050730657 -0.0132199577345417 0.120043823491156 0.126744496093798 0.0075120140658631 -0.00964158122979508 0.0336526322852106 0.120735396412742 0.136189856068279 0.0737607668883131 0.0361881579322662 0.0195574966179879 0.0212433587709187 0.0342834671184458 0.0463221267509999 0.0641560082826426 0.0749889220306651 0.0797795577879658 0.0836977921859255 0.0780451987375347 0.0728360279977148 0.0782306939126811 0.0767268098998214 0.0759879585781726 0.0726185770914126 0.0768181969629849 0.0836572723290516 0.0945375388535152 0.117312121363262 0.140748978845494 0.165683094487767 0.205416898005312 0.239326853145347 0.292659554448283 0.336843202409542 0.372971143798577 0.427179907360028 0.445429453781917 0.437837715508153 0.400798565292059 0.392722228829221 0.427086427692401 0.463638704394593 0.479589502523068 0.478138369752702 0.461595737344839
-9999 -9999 -9999 -9999 -9999 -9999 0.0496497827836568 -0.0805076916688421 -0.148032405974255 -0.115210771984197 -0.0199080106696697 0.0940694954542345 0.138355202041615 0.0662555219812919 0.0814247876840601 0.200905277761355 0.349261883642894 0.310302849264327 0.157446458385739 0.0638799033821633 0.0538988193595486 0.0539563899973833 0.0672861836193147 0.062872816914005 0.0902475586385356 0.138968785891176 0.168327282000758 0.176246412360536 0.165526139350823 0.155662889021617 0.135158301384741 0.127504027767814 0.132784040108276 0.120971972232577 0.118185277020229 0.125528553150621 0.119550104966598 0.159184801277541 0.203485154267314 0.234942868618915 0.294864039231212 0.319429413240013 0.358061371603561 0.400220561710894 0.420597046812669 0.475824050292359 0.476631584703452 0.478758293338864 0.461206998695461 0.453933633196693 0.460022517737924 0.47249141272947 0.465683899499008 0.439074737029597 0.41190818778575
-9999 -9999 -9999 -9999 -9999 -9999 -0.025661415704295 -0.1798413311 -0.213722986943712 -0.137613536347337 -0.00866260220401899 0.117995506770275 0.164325603947373 0.189377656946633 0.259450243159141 0.367054679681193 0.446416427221074 0.390094707083825 0.268118027800364 0.16504216282206 0.171962043462631 0.205907362012275 0.224200383434106 0.222223671069528 0.244404814964403 0.279261015085915 0.295517464057046 0.284391166436198 0.267922980236426 0.256617791186475 0.229460536253373 0.200110247800913 0.178595474294537 0.165257818055082 0.150793961306259 0.144727622896403 0.145402921838821 0.179693057415379 0.221509618643136 0.243482342984549 0.294807435405811 0.330811118027794 0.383941122291643 0.419591345038464 0.457606916187542 0.485686962394374 0.492155673272026 0.477077128320017 0.453662960703179 0.439789554174293 0.401568058721222 0.376573288763525 0.354722221357297 0.329020775862073 0.308462684083773
-9999 -9999 -9999 -9999 -9999 -9999 -9999 -0.224378048322357 -0.253881252224717 -0.116036741605001 -0.000900837503859664 0.121707242036221 0.137289302750221 0.21591174700977 0.298289908935768 0.358540484906723 0.476330288321218 0.420490983373104 0.330668946424572 0.290399744562443 0.282102821423559 0.351765890572779 0.357701832297282 0.396799708557626 0.421273802096254 0.422785570509753 0.431379588188997 0.398650559509958 0.3771857477498 0.345215423797708 0.299384299533728 0.27677359860528 0.238176244745704 0.211018891035426 0.18687804410615 0.161840564075894 0.153081179155316 0.173664717141987 0.215122050959543 0.253963464718426 0.309739922912012 0.367495759659062 0.410965533191184 0.462179587508841 0.479644795562762 0.474650136581311 0.461492290412242 0.429913458746256 0.390095996754308 0.361942821239155 0.306486897026743 0.270409426841467 0.241481345263554 0.20510275958653 0.17437740529414
-9999 -9999 -9999 -9999 -9999 -9999 -9999 -0.148034545129056 -0.273497289578476 -0.0907515556563165 0.0355567731415168 0.114074089141155 0.106074532639726 0.0985572592884752 0.128683040901021 0.194320879819715 0.258483577975632 0.316801703152489 0.35115372322518 0.38212087316685 0.363952357898565 0.373205155087618 0.413288868016558 0.46143935487429 0.476960824114372 0.466407693665898 0.443511009135026 0.428562918920776 0.41357372836977 0.388638181010189 0.346906599900389 0.306779451169742 0.284710557678432 0.265329467758204 0.24480245694194 0.225614072977254 0.211009175660905 0.230159599149816 0.261960112089042 0.285755834116054 0.330514143307775 0.374838357723778 0.416772900740247 0.450195982196768 0.452827101577628 0.439394695061947 0.419434869353493 0.376513282282626 0.331028539777123 0.300082807145333 0.249906227325077 0.207488995191444 0.15870005531468 0.107370206627851 0.0825896387080213
-9999 -9999 -9999 -9999 -9999 -9999 -9999 0.0553231494530308 -0.283404160940395 -0.142140012386654 0.00427053350388523 0.0782923170737396 0.102631282210647 0.0774859381777727 0.0777260208930489 0.0854781881221777 0.0992967551755601 0.184618573380193 0.320220307764225 0.37531176264594 0.369756658853752 0.362537894525798 0.407815178612807 0.462212176782309 0.473788685240362 0.450615930606602 0.424361174121771 0.41478503440888 0.405450875644489 0.387446732927923 0.349631796684699 0.325570081125892 0.310660589781575 0.302065765661759 0.287294907227643 0.269993205016083 0.254443966576159 0.253636177617067 0.279959902510247 0.290356013016806 0.315036279570718 0.350551525870011 0.358075432164691 0.398987629655304 0.402246454553372 0.371306820889851 0.365097649331994 0.312769311080446 0.276494492531248 0.241377044730013 0.17706518759764 0.157845226239566 0.0949067084916221 0.0371879844383088 0.00101984922106696
-9999 -9999 -9999 -9999 -9999 -9999 -9999 -9999 -9999 -0.242939387511809 -0.0867333420160428 0.0538433458818908 0.104038021106445 0.0983996344923024 0.100447322693264 0.0894002909391703 0.0872582826825104 0.134650000960885 0.226321122539537 0.306408203106182 0.380392666466069 0.37435330552354 0.417998918938977 0.454914442948281 0.457117690685876 0.445969976008167 0.411871951989105 0.403161005580508 0.38932739607487 0.372431463513787 0.349633620866503 0.32734032823909 0.32137110958756 0.314938179692415 0.310013483453642 0.303023805801285 0.289771353799487 0.290351038227435 0.292588001482482 0.288481932857022 0.303074444001062 0.314485174426861 0.339052633794689 0.356325390465473 0.350615817178694 0.339638712901746 0.316863917590119 0.287144511014566 0.247079508029911 0.215457378934552 0.170589384378122 0.119965087287519 0.0658582467601378 0.00564260459651766 -0.0247984076436672
-9999 -9999 -9999 -9999 -9999 -9999 -9999 -9999 -9999 -0.10518845367416 -0.171417166865689 -0.00309390801122994 0.0984762753480293 0.113093295758593 0.123793997388073 0.117747342711385 0.101768168867598 0.126896946822622 0.216212725632572 0.285861061714466 0.377225725152449 0.380368187479799 0.404756796012113 0.431017950708567 0.423737257964219 0.41312230694676 0.396912960256154 0.385091045804376 0.364538481327508 0.351713021442088 0.328208490301555 0.312116952416048 0.306158081612059 0.296165498312759 0.29146588680985 0.291859347923877 0.289709722467135 0.284766583299356 0.288323151593873 0.281110908754687 0.279021514916507 0.285869554689658 0.279290053340233 0.298348616623886 0.291411989511099 0.266407306234483 0.256835565817383 0.22941847779499 0.20513743270891 0.178979090003605 0.127907603997118 0.0994773934131017 0.0478118037712706 -0.00515192238678819 -0.0420574376567732
-9999 -9999 -9999 -9999 -9999 -9999 -9999 -9999 -9999 -9999 -0.195219900582083 -0.082158914911265 0.118089355788774 0.125548506160713 0.14020594214956 0.156449819799548 0.134109615951021 0.158548347140699 0.285900992835357 0.354992160164184 0.425155427630217 0.402315263343278 0.406230174784469 0.414863651056855 0.399205535464451 0.387102809440895 0.366654729088493 0.348845475540576 0.32824030659939 0.311137861772142 0.301092386035115 0.289371385681188 0.281375470053026 0.267897921104572 0.26041842487977 0.262406200605944 0.26280195055394 0.268558486785924 0.267880923063704 0.267773328794682 0.27369685221696 0.270265043232592 0.275978532624878 0.26670443985962 0.253654752365372 0.248859372001498 0.225969640137799 0.212628331254195 0.181437467578098 0.151714191470262 0.121634188978251 0.0802757791803507 0.0373832055252711 -0.00821159241606123 -0.041039529285391
-9999 -9999 -9999 -9999 -9999 -9999 -9999 -9999 -9999 -9999 -9999 -0.136677530751224 0.0876407369636304 0.138525697714468 0.161243798198431 0.181438823057391 0.184363085059076 0.222266200947323 0.38967941803766 0.463024417345703 0.474586694350178 0.425326416658818 0.405670310243356 0.409713477340576 0.37997828336745 0.35719509883131 0.334845871110186 0.31827661032168 0.292389916696577 0.278582354520788 0.26334336587664 0.254120231065964 0.247053944280479 0.226346177396718 0.216379986877343 0.218121501861016 0.216099572296698 0.222292203313315 0.228203804496148 0.234283177500032 0.23924767781937 0.237851586002399 0.237653872275534 0.24526056215036 0.235235314557357 0.212087161544585 0.191436651841018 0.177757332148888 0.157486103008605 0.128257420155934 0.0825326004134348 0.0471443824721577 0.0132783165369862 -0.0230188312448557 -0.0516017781536348
-9999 -9999 -9999 -9999 -9999 -9999 -9999 -9999 -9999 -9999 -9999 -9999 0.0770823244505445 0.146989745267162 0.174893289846039 0.222147980422269 0.249998341614926 0.255862857234714 0.47141113624179 0.57245774917361 0.484075671956116 0.473820806243535 0.428659179301863 0.399992374732723 0.369333844849203 0.343125176555479 0.3111774750326 0.296133345620879 0.271291898620549 0.252851086699748 0.237305582175551 0.223076805410703 0.213088531798092 0.192527518703029 0.178559719160931 0.169462021463109 0.164065051046679 0.172105195421225 0.175218541169658 0.186477369181467 0.196279978460609 0.200054849820546 0.203726898329296 0.203063811975448 0.196830493999933 0.186933419529827 0.170270716653543 0.152926513606496 0.125975597886381 0.0922917876126597 0.0512001783900622 0.0183680902979359 -0.0124196876852077 -0.044026776713172 -0.0689374553481895
