meets/meet004/_saidas_enm/CCSM_Maxent_0k_Aralia_warmingiana3.asc
NCOLS 154 
NROWS 168 
XLLCORNER -112 
YLLCORNER -55.5 
CELLSIZE 0.5 
NODATA_value -9999 
[rows 75 to 99 of 168, columns 56 to 111 of 154]
-9999 -9999 -9999 -9999 -9999 -9999 -9999 -9999 -9999 -9999 -9999 0.204376205801964 0.202989041805267 0.219787061214447 0.239464953541756 0.285881608724594 0.39934703707695 0.562656223773956 0.609937369823456 0.561163485050201 0.532166600227356 0.492387980222702 0.464821666479111 0.445406019687653 0.463664948940277 0.474569946527481 0.467142283916473 0.457489550113678 0.447746992111206 0.440832287073135 0.431858330965042 0.411283642053604 0.387780159711838 0.37321400642395 0.37026846408844 0.36809030175209 0.362564653158188 0.356682896614075 0.355398207902908 0.35793000459671 0.360426664352417 0.364394009113312 0.365819811820984 0.366550952196121 0.365176647901535 0.356393545866013 0.34319669008255 0.322815418243408 0.301780045032501 0.278365880250931 0.258927047252655 0.251163721084595 0.246345341205597 0.249807745218277 0.260711252689362 0.270135700702667
-9999 -9999 -9999 -9999 -9999 -9999 -9999 -9999 -9999 -9999 -9999 0.240417242050171 0.230046361684799 0.233243763446808 0.227292999625206 0.237727850675583 0.305080652236938 0.416553437709808 0.532388269901276 0.594273567199707 0.551316559314728 0.525567293167114 0.504080474376678 0.458160042762756 0.47099044919014 0.458496868610382 0.461516350507736 0.45585623383522 0.446616381406784 0.44162130355835 0.433862179517746 0.41405662894249 0.391334384679794 0.379424661397934 0.38373139500618 0.39227283000946 0.38246950507164 0.380679368972778 0.383064538240433 0.392050296068192 0.408048748970032 0.393595159053802 0.393378287553787 0.401155084371567 0.401968032121658 0.410997807979584 0.391577243804932 0.365930587053299 0.345175832509995 0.320935726165771 0.300802201032639 0.291215717792511 0.282096147537231 0.276874035596848 0.273572713136673 0.258531004190445
-9999 -9999 -9999 -9999 -9999 -9999 -9999 -9999 -9999 -9999 -9999 -9999 0.262579768896103 0.244864150881767 0.232196941971779 0.227216780185699 0.228945896029472 0.252034038305283 0.329143732786179 0.465248018503189 0.589616000652313 0.629134237766266 0.528269112110138 0.457420289516449 0.474002122879028 0.486116379499435 0.477011799812317 0.453874200582504 0.435032308101654 0.425174444913864 0.417548954486847 0.404180943965912 0.396437674760818 0.385426849126816 0.38944211602211 0.396660059690475 0.391343295574188 0.387962818145752 0.389126688241959 0.395726174116135 0.400431841611862 0.380532503128052 0.366519272327423 0.373490691184998 0.398570030927658 0.427137166261673 0.425866156816483 0.412189900875092 0.395978659391403 0.372361898422241 0.34977799654007 0.337548643350601 0.325764983892441 0.312810957431793 0.282125324010849 0.209803402423859
-9999 -9999 -9999 -9999 -9999 -9999 -9999 -9999 -9999 -9999 -9999 -9999 0.295361965894699 0.256083220243454 0.244397073984146 0.228635787963867 0.169085070490837 0.123487077653408 0.145499482750893 0.254893630743027 0.436733067035675 0.577368676662445 0.58843994140625 0.445634245872498 0.521315515041351 0.539086222648621 0.494740933179855 0.452762991189957 0.417607694864273 0.402156978845596 0.388909488916397 0.375144094228745 0.366358637809753 0.367252022027969 0.379702866077423 0.383173882961273 0.377864986658096 0.371380656957626 0.373566538095474 0.382760941982269 0.375761210918427 0.352394819259644 0.317464023828506 0.323732107877731 0.365523546934128 0.402752101421356 0.433313846588135 0.443274617195129 0.443636238574982 0.425131916999817 0.39707949757576 0.386030167341232 0.370276391506195 0.320209264755249 0.240950033068657 0.176243230700493
-9999 -9999 -9999 -9999 -9999 -9999 -9999 -9999 -9999 -9999 -9999 -9999 -9999 0.298783391714096 0.246522843837738 0.159227386116982 0.110262684524059 0.073321707546711 0.073117583990097 0.108527556061745 0.188666507601738 0.337157160043716 0.532213509082794 0.528540015220642 0.501079857349396 0.511650741100311 0.480475813150406 0.422391504049301 0.384735643863678 0.375716358423233 0.363303899765015 0.349898874759674 0.340495377779007 0.339267075061798 0.348424315452576 0.360081523656845 0.36259451508522 0.355331659317017 0.354494035243988 0.360142081975937 0.359492272138596 0.334842503070831 0.302063673734665 0.308179438114166 0.347126722335815 0.395173400640488 0.444855362176895 0.47818186879158 0.488176792860031 0.479867815971375 0.458414286375046 0.430434048175812 0.339383512735367 0.265882521867752 0.199484705924988 0.150996074080467
-9999 -9999 -9999 -9999 -9999 -9999 -9999 -9999 -9999 -9999 -9999 -9999 -9999 0.359739989042282 0.250514358282089 0.105711460113525 0.0855148062109947 0.0485222302377224 0.0417776070535183 0.0495500639081001 0.053680881857872 0.115424916148186 0.269241183996201 0.399683684110641 0.444940984249115 0.486543089151382 0.438256561756134 0.380483239889145 0.318865954875946 0.333624511957169 0.335395902395248 0.298429131507874 0.313876271247864 0.311576455831528 0.31766664981842 0.328141897916794 0.332500070333481 0.341040641069412 0.3388811647892 0.342538505792618 0.342079490423203 0.334487497806549 0.302065134048462 0.310129582881927 0.350059688091278 0.397327393293381 0.46024677157402 0.502206802368164 0.518168151378632 0.50631719827652 0.470561563968658 0.381682604551315 0.293507814407349 0.228587970137596 0.177216961979866 0.136602818965912
-9999 -9999 -9999 -9999 -9999 -9999 -9999 -9999 -9999 -9999 -9999 -9999 -9999 -9999 0.295899540185928 0.156889453530312 0.0856010317802429 0.0486403666436672 0.035615649074316 0.0294712912291288 0.0263246316462755 0.0270314291119576 0.0310862045735121 0.0497216768562794 0.117619089782238 0.247970372438431 0.372524738311768 0.308476656675339 0.247966691851616 0.255283802747726 0.230785250663757 0.25467586517334 0.25699371099472 0.264257878065109 0.289197444915771 0.295335590839386 0.298221856355667 0.301743417978287 0.316826403141022 0.327381491661072 0.336354792118073 0.333730131387711 0.332523107528687 0.348357409238815 0.372616618871689 0.416877150535583 0.47256726026535 0.495323330163956 0.507129013538361 0.453953295946121 0.388343453407288 0.318902492523193 0.254189729690552 0.207920536398888 0.16760379076004 0.134151503443718
-9999 -9999 -9999 -9999 -9999 -9999 -9999 -9999 -9999 -9999 -9999 -9999 -9999 -9999 0.370467811822891 0.193973258137703 0.120452806353569 0.0641621276736259 0.0391177386045456 0.0236824080348015 0.01442901045084 0.00680304132401943 0.0022059315815568 0.00211127661168575 0.0076847281306982 0.0190598741173744 0.0679944530129433 0.235676467418671 0.256843715906143 0.292462140321732 0.17944024503231 0.22208034992218 0.224606290459633 0.220648065209389 0.247466921806335 0.249980553984642 0.240320220589638 0.233930096030235 0.251047164201736 0.289762437343597 0.33137571811676 0.332238852977753 0.341053396463394 0.359924852848053 0.386880666017532 0.419818848371506 0.456232011318207 0.467098474502563 0.434403866529465 0.384135097265244 0.319234073162079 0.292170315980911 0.231471836566925 0.201980575919151 0.167838826775551 0.14184895157814
-9999 -9999 -9999 -9999 -9999 -9999 -9999 -9999 -9999 -9999 -9999 -9999 -9999 -9999 -9999 0.366621166467667 0.223639324307442 0.109186120331287 0.0545788332819939 0.0261008273810148 0.0112341353669763 0.00431678676977754 0.00134879967663437 0.000850359036121517 0.000951586873270571 0.00113840098492801 0.00267280801199377 0.00624161306768656 0.0263197552412748 0.164088636636734 0.405146360397339 0.373092770576477 0.260100781917572 0.205895841121674 0.218154728412628 0.221036359667778 0.223831698298454 0.223781540989876 0.221669971942902 0.216955840587616 0.23516882956028 0.282320916652679 0.331707447767258 0.358801811933517 0.385854512453079 0.415289878845215 0.446454972028732 0.421930909156799 0.401441127061844 0.359570264816284 0.317126125097275 0.2730493247509 0.235725790262222 0.207397103309631 0.178790479898453 0.160975486040115
-9999 -9999 -9999 -9999 -9999 -9999 -9999 -9999 -9999 -9999 -9999 -9999 -9999 -9999 -9999 0.519217789173126 0.364490658044815 0.198924615979195 0.0956962555646896 0.0408126562833786 0.0145975491032004 0.00627770135179162 0.00261508231051266 0.00111943320371211 0.000609070237260312 0.00013610407768283 0.000356713804649189 0.000372205104213208 0.000934473122470081 0.021451672539115 0.158943638205528 0.429754972457886 0.361306190490723 0.21823550760746 0.20705945789814 0.211502611637115 0.216291442513466 0.21671099960804 0.211565241217613 0.201116159558296 0.195166319608688 0.216121330857277 0.314703911542892 0.345555484294891 0.387168228626251 0.414660781621933 0.434166967868805 0.401602119207382 0.382445871829987 0.340731561183929 0.301923841238022 0.267219007015228 0.235146552324295 0.20670722424984 0.17756561934948 0.169377997517586
-9999 -9999 -9999 -9999 -9999 -9999 -9999 -9999 -9999 -9999 -9999 -9999 -9999 -9999 -9999 0.234476670622826 0.453883677721024 0.347580403089523 0.213694617152214 0.0995340198278427 0.0397084131836891 0.0183975845575333 0.0103713599964976 0.00648208102211356 0.0033435239456594 0.0019032625714317 0.00107178010512143 0.000714898866135627 0.0015193885192275 0.0085991732776165 0.0483754128217697 0.226970538496971 0.520611524581909 0.377483308315277 0.289490312337875 0.233603671193123 0.213445976376534 0.210128590464592 0.203358843922615 0.191334679722786 0.184959456324577 0.198287829756737 0.311290264129639 0.333753943443298 0.362959235906601 0.424689590930939 0.420204371213913 0.387753784656525 0.358242720365524 0.31526181101799 0.287755757570267 0.231403693556786 0.193001419305801 0.165413737297058 0.136571615934372 0.123189531266689
-9999 -9999 -9999 -9999 -9999 -9999 -9999 -9999 -9999 -9999 -9999 -9999 -9999 -9999 -9999 -9999 0.377479463815689 0.468902051448822 0.383940786123276 0.246392294764519 0.0365137606859207 0.0327656045556068 0.0203552599996328 0.0185817871242762 0.0147036081179976 0.011935974471271 0.00579003803431988 0.00373250618577003 0.00400056224316359 0.00727766845375299 0.0202358197420835 0.0834820717573166 0.31790217757225 0.527078747749329 0.450448900461197 0.335987985134125 0.260453104972839 0.206503182649612 0.204517751932144 0.194177433848381 0.184531897306442 0.208499118685722 0.331636697053909 0.330999583005905 0.36585995554924 0.419685035943985 0.407140791416168 0.347280830144882 0.295142740011215 0.245058491826057 0.230704888701439 0.169315308332443 0.132507041096687 0.110821902751923 0.0884545147418976 0.0817087814211845
-9999 -9999 -9999 -9999 -9999 -9999 -9999 -9999 -9999 -9999 -9999 -9999 -9999 -9999 -9999 -9999 -9999 0.38985887169838 0.470286518335342 0.435728490352631 0.327449709177017 0.17082753777504 0.0842014402151108 0.0451021902263165 0.033667977899313 0.0255537461489439 0.0165645387023687 0.0120957847684622 0.00974583253264427 0.00882096029818058 0.0110708614811301 0.0282081700861454 0.0830940008163452 0.237526699900627 0.474678933620453 0.505415976047516 0.389226824045181 0.310371309518814 0.251774251461029 0.25309556722641 0.293084800243378 0.333631038665771 0.369677484035492 0.372917085886002 0.402493208646774 0.393100768327713 0.363322556018829 0.270614683628082 0.210349589586258 0.161338582634926 0.117720171809196 0.0968433544039726 0.0760584473609924 0.0662684068083763 0.0600751861929893 0.0574109591543674
-9999 -9999 -9999 -9999 -9999 -9999 -9999 -9999 -9999 -9999 -9999 -9999 -9999 -9999 -9999 -9999 -9999 -9999 -9999 0.418414622545242 0.498751103878021 0.339124321937561 0.179449036717415 0.0976056903600693 0.0626616328954697 0.042850561439991 0.0306091699749231 0.0240853317081928 0.0178787894546986 0.0121469600126147 0.00889844540506601 0.012780730612576 0.0214918833225965 0.0570788383483887 0.206147253513336 0.469675451517105 0.511853456497192 0.412440896034241 0.344744503498077 0.358073979616165 0.394992738962173 0.392365515232086 0.396596401929855 0.405865997076035 0.396102905273438 0.367140561342239 0.340757131576538 0.251815170049667 0.180160716176033 0.123402588069439 0.0804831683635712 0.0686201974749565 0.0554633624851704 0.0500473715364933 0.0491772964596748 0.0488603189587593
-9999 -9999 -9999 -9999 -9999 -9999 -9999 -9999 -9999 -9999 -9999 -9999 -9999 -9999 -9999 -9999 -9999 -9999 -9999 -9999 -9999 0.39847606420517 0.311064541339874 0.204126626253128 0.108466386795044 0.0515615046024323 0.0424893870949745 0.0345020852982998 0.0270836856216192 0.0190753918141127 0.0138463852927089 0.0103529877960682 0.00790012627840042 0.0139677282422781 0.049491859972477 0.155315488576889 0.375290483236313 0.560373187065125 0.428879112005234 0.444072484970093 0.407421767711639 0.398264557123184 0.406165182590485 0.376067280769348 0.373183071613312 0.35096201300621 0.327817142009735 0.298614054918289 0.213346585631371 0.127207383513451 0.0832272097468376 0.070155493915081 0.0605394467711449 0.0535885691642761 0.0490778833627701 0.053053691983223
-9999 -9999 -9999 -9999 -9999 -9999 -9999 -9999 -9999 -9999 -9999 -9999 -9999 -9999 -9999 -9999 -9999 -9999 -9999 -9999 -9999 -9999 -9999 0.325737059116364 0.219368949532509 0.120474576950073 0.0878966152667999 0.0614066272974014 0.0460680387914181 0.0351258590817451 0.0246003493666649 0.0145500842481852 0.00752394646406174 0.00752443075180054 0.0151491379365325 0.0362635366618633 0.12171409279108 0.341750234365463 0.530665636062622 0.583792924880981 0.483188450336456 0.414737433195114 0.37294727563858 0.341598093509674 0.333969116210938 0.332930505275726 0.320922255516052 0.304655462503433 0.251490712165833 0.159015700221062 0.10162952542305 0.0848047807812691 0.072168692946434 0.0625408366322517 0.0555073656141758 0.0537764951586723
-9999 -9999 -9999 -9999 -9999 -9999 -9999 -9999 -9999 -9999 -9999 -9999 -9999 -9999 -9999 -9999 -9999 -9999 -9999 -9999 -9999 -9999 -9999 -9999 -9999 0.347978681325912 0.218892619013786 0.126136407256126 0.07650376111269 0.0669967755675316 0.0503066033124924 0.0289446879178286 0.0150947626680136 0.0109238987788558 0.00967589858919382 0.00942424591630697 0.0337252765893936 0.095509298145771 0.259608447551727 0.529111683368683 0.649665415287018 0.498143762350082 0.380877941846848 0.296744972467422 0.303631722927094 0.311778873205185 0.305398434400558 0.285934239625931 0.24823297560215 0.185889810323715 0.128489390015602 0.107117526233196 0.0924363732337952 0.0803766623139381 0.0634860321879387 0.0527399890124798
-9999 -9999 -9999 -9999 -9999 -9999 -9999 -9999 -9999 -9999 -9999 -9999 -9999 -9999 -9999 -9999 -9999 -9999 -9999 -9999 -9999 -9999 -9999 -9999 -9999 0.449540555477142 0.367901831865311 0.260170340538025 0.188429191708565 0.115976467728615 0.0758444145321846 0.0559289380908012 0.0369521751999855 0.0241524074226618 0.0163110643625259 0.0130996564403176 0.0231279972940683 0.0461121760308743 0.132376283407211 0.372639387845993 0.619674265384674 0.635178923606873 0.411786079406738 0.276578038930893 0.27623462677002 0.309807509183884 0.312066316604614 0.297918319702148 0.26025116443634 0.207483053207397 0.169646352529526 0.145505324006081 0.123125314712524 0.104817345738411 0.0820345655083656 0.0637333989143372
-9999 -9999 -9999 -9999 -9999 -9999 -9999 -9999 -9999 -9999 -9999 -9999 -9999 -9999 -9999 -9999 -9999 -9999 -9999 -9999 -9999 -9999 -9999 -9999 -9999 -9999 -9999 0.418907523155212 0.349105179309845 0.125966802239418 0.0525905825197697 0.0351970121264458 0.0349531844258308 0.0526781380176544 0.0401089265942574 0.0360577441751957 0.0333529263734818 0.040419228374958 0.0959977433085442 0.28076034784317 0.54036957025528 0.677009999752045 0.444614887237549 0.236593201756477 0.269530713558197 0.316190868616104 0.307916641235352 0.316185861825943 0.287498414516449 0.220699965953827 0.177592188119888 0.178620338439941 0.163266196846962 0.136776208877563 0.0988972708582878 0.0782388672232628
-9999 -9999 -9999 -9999 -9999 -9999 -9999 -9999 -9999 -9999 -9999 -9999 -9999 -9999 -9999 -9999 -9999 -9999 -9999 -9999 -9999 -9999 -9999 -9999 -9999 -9999 -9999 0.434687733650208 0.488899677991867 0.215896755456924 0.087206244468689 0.0546784214675426 0.0453855246305466 0.0606721974909306 0.0675339177250862 0.0613854639232159 0.0507134795188904 0.0488483123481274 0.0901129096746445 0.231403142213821 0.467986077070236 0.673311173915863 0.560055494308472 0.303641051054001 0.264892637729645 0.280206471681595 0.275946736335754 0.280470550060272 0.256055563688278 0.218234121799469 0.191611140966415 0.183499306440353 0.176371902227402 0.166303098201752 0.136756867170334 0.112237863242626
-9999 -9999 -9999 -9999 -9999 -9999 -9999 -9999 -9999 -9999 -9999 -9999 -9999 -9999 -9999 -9999 -9999 -9999 -9999 -9999 -9999 -9999 -9999 -9999 -9999 -9999 -9999 -9999 0.504462242126465 0.372931867837906 0.128211304545403 0.079246997833252 0.120710395276546 0.102230682969093 0.0918193683028221 0.0896177440881729 0.068288579583168 0.0560714155435562 0.0879640430212021 0.20386515557766 0.419990479946136 0.637408673763275 0.670248568058014 0.371080279350281 0.287864148616791 0.220298737287521 0.219946160912514 0.213851079344749 0.202689811587334 0.202368229627609 0.197572812438011 0.188772171735764 0.165497243404388 0.152246922254562 0.145047053694725 0.162771433591843
-9999 -9999 -9999 -9999 -9999 -9999 -9999 -9999 -9999 -9999 -9999 -9999 -9999 -9999 -9999 -9999 -9999 -9999 -9999 -9999 -9999 -9999 -9999 -9999 -9999 -9999 -9999 -9999 0.363690108060837 0.333027482032776 0.199931412935257 0.186805263161659 0.108288921415806 0.0765846744179726 0.0991363599896431 0.0997565016150475 0.0751947090029716 0.0602723471820354 0.0871055498719215 0.190000906586647 0.372221350669861 0.590018749237061 0.689325094223022 0.430649876594543 0.32651686668396 0.280713021755219 0.206951126456261 0.184081315994263 0.182552874088287 0.200614348053932 0.196784228086472 0.187807828187943 0.165867611765862 0.150229498744011 0.157692804932594 0.211444765329361
-9999 -9999 -9999 -9999 -9999 -9999 -9999 -9999 -9999 -9999 -9999 -9999 -9999 -9999 -9999 -9999 -9999 -9999 -9999 -9999 -9999 -9999 -9999 -9999 -9999 -9999 -9999 -9999 0.321317076683044 0.355062544345856 0.129936799407005 0.210176408290863 0.0700900182127953 0.0488662086427212 0.0812862142920494 0.0981802716851234 0.0725838541984558 0.0532652661204338 0.0770183056592941 0.167005017399788 0.282486319541931 0.504696011543274 0.635498821735382 0.401635080575943 0.318161249160767 0.277303338050842 0.233020111918449 0.183816656470299 0.171412974596024 0.198023527860641 0.197957739233971 0.186572566628456 0.163781180977821 0.152393400669098 0.199551358819008 0.269401878118515
-9999 -9999 -9999 -9999 -9999 -9999 -9999 -9999 -9999 -9999 -9999 -9999 -9999 -9999 -9999 -9999 -9999 -9999 -9999 -9999 -9999 -9999 -9999 -9999 -9999 -9999 -9999 -9999 0.317360877990723 0.336490213871002 0.206770926713943 0.156129449605942 0.0703146159648895 0.0508148819208145 0.0735172480344772 0.078748881816864 0.0593722350895405 0.0484328716993332 0.0743391066789627 0.148373693227768 0.238831222057343 0.438416570425034 0.575111865997314 0.327287048101425 0.232433840632439 0.224234074354172 0.250010788440704 0.220267936587334 0.207090556621552 0.197901755571365 0.188853114843369 0.179767951369286 0.1741553992033 0.207538604736328 0.273672550916672 0.3606276512146
-9999 -9999 -9999 -9999 -9999 -9999 -9999 -9999 -9999 -9999 -9999 -9999 -9999 -9999 -9999 -9999 -9999 -9999 -9999 -9999 -9999 -9999 -9999 -9999 -9999 -9999 -9999 -9999 0.297662913799286 0.301259756088257 0.180061116814613 0.115911178290844 0.0713072940707207 0.0549447201192379 0.0733582302927971 0.0634879246354103 0.0503317937254906 0.0412814877927303 0.0675504431128502 0.135671958327293 0.205813467502594 0.402371913194656 0.54316657781601 0.269038021564484 0.198835402727127 0.174254819750786 0.223317995667458 0.244788691401482 0.223296627402306 0.199143096804619 0.156193092465401 0.202638208866119 0.235892862081528 0.288937002420425 0.37610650062561 0.458489865064621
