meets/meet004/_saidas_enm/CCSM_Maxent_0k_Cavanillesia_umbellata2.asc
NCOLS 154 
NROWS 168 
XLLCORNER -112 
YLLCORNER -55.5 
CELLSIZE 0.5 
NODATA_value -9999 
[rows 50 to 74 of 168, columns 56 to 111 of 154]
-9999 -9999 -9999 -9999 -9999 -9999 -9999 -9999 -9999 -9999 -9999 -9999 -9999 0.000200820199097507 0.00192717695608735 0.0630889534950256 0.120488077402115 0.125949874520302 0.134450018405914 0.147429957985878 0.166710659861565 0.185144141316414 0.202050074934959 0.414081692695618 0.402778744697571 0.181470856070518 0.138235151767731 0.110207192599773 0.0849930569529533 0.0522866435348988 0.032597191631794 0.0530611388385296 0.0784864947199821 0.156908214092255 0.187644496560097 0.394426912069321 0.377403825521469 0.350831478834152 0.334094077348709 0.338039427995682 0.329794675111771 0.346412062644958 0.358849167823792 0.370719820261002 0.0566378831863403 0.0638644471764565 0.0664710327982903 0.0708964765071869 0.0736445635557175 0.0728582069277763 0.0745838209986687 0.0712367221713066 0.0647056847810745 0.158153995871544 0.146145656704903 0.161360576748848
-9999 -9999 -9999 -9999 -9999 -9999 -9999 -9999 -9999 -9999 -9999 -9999 -9999 0.0224809739738703 0.0394858159124851 0.039846409112215 0.0772725865244865 0.10613015294075 0.121518857777119 0.134781137108803 0.145898938179016 0.157320603728294 0.163837760686874 0.157713919878006 0.136022701859474 0.106825493276119 0.0745915845036507 0.0447784811258316 0.0207563079893589 0.0110252033919096 0.00624474231153727 0.0162662323564291 0.0398659706115723 0.0997862219810486 0.177463516592979 0.418834656476974 0.41476646065712 0.400774538516998 0.381419658660889 0.368891209363937 0.361577898263931 0.362777650356293 0.342508494853973 0.374588787555695 0.155988425016403 0.05876175314188 0.0638243034482002 0.0682009533047676 0.0705892443656921 0.0710179284214973 0.0697042420506477 0.0678951889276505 0.0612297728657722 0.149540856480598 0.150281846523285 0.172071546316147
-9999 -9999 -9999 -9999 -9999 -9999 -9999 -9999 -9999 -9999 -9999 0.0390595942735672 0.0623228661715984 0.061989426612854 0.0600451268255711 0.0350399874150753 0.0455847904086113 0.0802530571818352 0.110611200332642 0.12267979234457 0.12899574637413 0.123410746455193 0.113889262080193 0.0964356437325478 0.0712051764130592 0.0486942604184151 0.0263300947844982 0.0127299167215824 0.00469295587390661 0.0013723885640502 0.0012301973765716 0.00246444111689925 0.017960699275136 0.0646183714270592 0.147759005427361 0.19377389550209 0.452976435422897 0.449834197759628 0.440293669700623 0.423648655414581 0.409726947546005 0.408717602491379 0.37809357047081 0.400451630353928 0.434942215681076 0.170241221785545 0.0651145502924919 0.192274048924446 0.0701615586876869 0.23310561478138 0.223293527960777 0.211014151573181 0.179555594921112 0.387244492769241 0.152466535568237 0.180863156914711
-9999 -9999 -9999 -9999 -9999 -9999 -9999 -9999 -9999 -9999 0.034345418214798 0.0635469332337379 0.0865284949541092 0.0716437250375748 0.0363944917917252 0.0176837164908648 0.021005155518651 0.0556855127215385 0.0865947604179382 0.0979260057210922 0.0984645560383797 0.0832614526152611 0.0620763972401619 0.0437898896634579 0.0274368450045586 0.0146457189694047 0.00655128853395581 0.00218501198105514 0.00161765597295016 0.00147578271571547 0.00137030659243464 0.0013894549338147 0.00943903997540474 0.045120894908905 0.124488681554794 0.18662117421627 0.210765510797501 0.22830431163311 0.488781571388245 0.486340194940567 0.479059606790543 0.440478295087814 0.438205152750015 0.45065701007843 0.462699562311172 0.218425944447517 0.226219788193703 0.228899449110031 0.226361274719238 0.218207627534866 0.204031303524971 0.178977742791176 0.381797134876251 0.357520818710327 0.177466198801994 0.217064008116722
-9999 -9999 -9999 -9999 -9999 -9999 -9999 -9999 -9999 -9999 0.0767225325107574 0.103052131831646 0.105285584926605 0.0639039725065231 0.029223769903183 0.0118542443960905 0.00912592466920614 0.0306301806122065 0.0591695681214333 0.0571245886385441 0.0555584356188774 0.0378642864525318 0.0241184271872044 0.0140177197754383 0.00674430187791586 0.00299530220218003 0.00161135126836598 0.00165089429356158 0.00174451794009656 0.00164092017803341 0.00153415277600288 0.00162452692165971 0.00489046704024076 0.029924662783742 0.0877425223588943 0.171478137373924 0.202673479914665 0.228654190897942 0.234461769461632 0.238770827651024 0.242456242442131 0.221085995435715 0.221808508038521 0.22484864294529 0.227873429656029 0.228091046214104 0.226308584213257 0.217996880412102 0.22850638628006 0.181803688406944 0.394484430551529 0.370624333620071 0.344173580408096 0.328840434551239 0.174620315432549 0.217394977807999
-9999 -9999 -9999 -9999 -9999 -9999 -9999 -9999 0.0139884101226926 0.154304683208466 0.27644807100296 0.104895234107971 0.0991136655211449 0.0681662857532501 0.032031174749136 0.0148791577666998 0.0089311758056283 0.0126225175336003 0.0252945125102997 0.0201236698776484 0.014596663415432 0.0105335703119636 0.00684620998799801 0.00354800210334361 0.00137314316816628 0.00140351674053818 0.00157891388516873 0.00160732830408961 0.00182704371400177 0.0017935554496944 0.00210138293914497 0.00243007647804916 0.00317123392596841 0.0159577485173941 0.0658192336559296 0.144648730754852 0.188802272081375 0.211524918675423 0.233138218522072 0.240550920367241 0.222206234931946 0.22626031935215 0.228819385170937 0.229043573141098 0.22648748755455 0.220384687185287 0.200580105185509 0.207402750849724 0.435071289539337 0.409227162599564 0.430804133415222 0.375364750623703 0.351038545370102 0.347820818424225 0.446862727403641 0.209839209914207
-9999 -9999 -9999 -9999 -9999 -9999 -9999 -9999 0.141704484820366 0.259915083646774 0.320021420717239 0.127819404006004 0.105406105518341 0.0672463551163673 0.0349636040627956 0.0192126370966434 0.0164574552327394 0.0125129809603095 0.0135839488357306 0.0113449217751622 0.0083056278526783 0.00702764885500073 0.00570137752220035 0.00606478052213788 0.00635716877877712 0.00663625774905086 0.00623283302411437 0.00610544439405203 0.00670151505619287 0.00803540553897619 0.00905862264335155 0.00914917979389429 0.00882100407034159 0.00906957034021616 0.0365176908671856 0.0838631689548492 0.123202815651894 0.152508765459061 0.167156800627708 0.17472605407238 0.179752245545387 0.181019425392151 0.181619226932526 0.177659586071968 0.169091194868088 0.160872265696526 0.355586051940918 0.359542548656464 0.376838564872742 0.342700690031052 0.320720463991165 0.299253165721893 0.282582938671112 0.316525936126709 0.425212979316711 0.502393007278442
-9999 -9999 -9999 -9999 -9999 -9999 -9999 0.159452229738235 0.253559619188309 0.387195229530334 0.371877044439316 0.342486977577209 0.125285163521767 0.0764337405562401 0.0461043305695057 0.0271796472370625 0.026584854349494 0.0259798616170883 0.0254087522625923 0.0204472560435534 0.0161653328686953 0.015629269182682 0.0147014884278178 0.0152730513364077 0.0154548771679401 0.0151913370937109 0.0164626054465771 0.0183225907385349 0.0191453564912081 0.0195659305900335 0.0194548331201077 0.0194333661347628 0.0188748873770237 0.018645441159606 0.0207776743918657 0.05096036195755 0.0856038704514503 0.118346318602562 0.137768670916557 0.146356776356697 0.152413621544838 0.147273972630501 0.140736386179924 0.130763709545135 0.117357775568962 0.27815705537796 0.241759940981865 0.245609477162361 0.239323765039444 0.211566209793091 0.202268689870834 0.19138802587986 0.191753342747688 0.260751485824585 0.378644317388535 0.442407220602036
-9999 -9999 -9999 -9999 -9999 -9999 -9999 0.315477550029755 0.392663806676865 0.446624547243118 0.381473958492279 0.348442792892456 0.140434876084328 0.0902246758341789 0.0636907666921616 0.046638447791338 0.0462131388485432 0.0454898290336132 0.0440748743712902 0.0426059067249298 0.0376182682812214 0.0348724164068699 0.0313327126204967 0.0339836329221725 0.0386677384376526 0.03897325694561 0.040718887001276 0.038174320012331 0.0395322740077972 0.0442255772650242 0.0432058200240135 0.0415719337761402 0.0354337878525257 0.0322067476809025 0.0300519075244665 0.0246833469718695 0.0446662567555904 0.0178921259939671 0.0217810552567244 0.0227998569607735 0.0233710128813982 0.02038549259305 0.0179772414267063 0.045486144721508 0.128027811646461 0.128456443548203 0.102182239294052 0.10157348960638 0.121854066848755 0.147052004933357 0.149880468845367 0.159052267670631 0.145326554775238 0.21561025083065 0.329813152551651 0.414132922887802
-9999 -9999 -9999 -9999 -9999 -9999 0.347518563270569 0.42864802479744 0.452150642871857 0.444663733243942 0.340425282716751 0.346803247928619 0.13576377928257 0.101179331541061 0.0814513564109802 0.0658847540616989 0.0711648091673851 0.0752578601241112 0.0706922188401222 0.0680956318974495 0.0604412406682968 0.0588755235075951 0.0598866529762745 0.0635481253266335 0.0641907751560211 0.0665249601006508 0.0651644244790077 0.0668976157903671 0.0690523907542229 0.065893217921257 0.066360630095005 0.0620825923979282 0.0585123561322689 0.0548811703920364 0.047697726637125 0.0436831377446651 0.0400233007967472 0.0100740073248744 0.00916960835456848 0.00895061809569597 0.00944350473582745 0.00929387286305428 0.032455712556839 0.0353396385908127 0.0471862517297268 0.0557909607887268 0.200977519154549 0.218378111720085 0.253011256456375 0.250281751155853 0.0785336568951607 0.0754396021366119 0.0732417106628418 0.0696168169379234 0.101458959281445 0.406950294971466
-9999 -9999 -9999 -9999 -9999 -9999 0.450967073440552 0.473260909318924 0.473417699337006 0.455663293600082 0.371606379747391 0.376932263374329 0.147698044776917 0.12277177721262 0.10964784771204 0.101668275892735 0.102316848933697 0.10505199432373 0.100888557732105 0.103965535759926 0.101815469563007 0.100841529667377 0.10031919926405 0.105058334767818 0.109096303582191 0.109017387032509 0.1073844358325 0.102405607700348 0.101084239780903 0.100257508456707 0.0964466035366058 0.0931392908096313 0.0867957696318626 0.0825607031583786 0.078652411699295 0.0752881318330765 0.075446255505085 0.0192066989839077 0.0195506997406483 0.0206423178315163 0.0638204962015152 0.0678854733705521 0.0696348994970322 0.0890497788786888 0.0983190983533859 0.103361345827579 0.109562739729881 0.110981024801731 0.126095697283745 0.126984894275665 0.124575860798359 0.122817657887936 0.117885187268257 0.113369300961494 0.105617068707943 0.136460185050964
-9999 -9999 -9999 -9999 -9999 -9999 0.470550060272217 0.481475532054901 0.456805735826492 0.480846226215363 0.407476216554642 0.40071839094162 0.161547526717186 0.136946171522141 0.129229053854942 0.123717322945595 0.149846598505974 0.155054152011871 0.13085263967514 0.132514074444771 0.131599619984627 0.131904035806656 0.134126424789429 0.138283237814903 0.138130471110344 0.139503180980682 0.133960634469986 0.13071084022522 0.126566499471664 0.122088223695755 0.121314741671085 0.115495577454567 0.112621940672398 0.108289860188961 0.103067815303802 0.104141414165497 0.0273599158972502 0.028218736872077 0.0286600235849619 0.0887034460902214 0.0931055024266243 0.112086683511734 0.120708778500557 0.126876160502434 0.132025301456451 0.139951422810555 0.14012722671032 0.14365516602993 0.16230933368206 0.158589318394661 0.159420430660248 0.153685316443443 0.152016624808311 0.149130448698997 0.138407424092293 0.134773328900337
-9999 -9999 -9999 -9999 -9999 -9999 -9999 0.445868611335754 0.439388126134872 0.475216776132584 0.432806521654129 0.412110179662704 0.191225603222847 0.162014335393906 0.149221539497375 0.168113678693771 0.177326574921608 0.164646312594414 0.172835394740105 0.158032685518265 0.158819541335106 0.160726249217987 0.161923259496689 0.164355009794235 0.165878042578697 0.164594143629074 0.162480890750885 0.157660007476807 0.153415396809578 0.150320634245872 0.146939441561699 0.144280299544334 0.139714494347572 0.137462764978409 0.136514693498611 0.0369894169270992 0.0376633517444134 0.0379799194633961 0.115308158099651 0.119381561875343 0.144502311944962 0.150910973548889 0.155469477176666 0.159811049699783 0.16511994600296 0.167708680033684 0.170085847377777 0.19101482629776 0.190574809908867 0.189924120903015 0.18827785551548 0.186666190624237 0.183847829699516 0.181043550372124 0.176726937294006 0.170781761407852
-9999 -9999 -9999 -9999 -9999 -9999 -9999 -9999 0.420698434114456 0.473330825567245 0.394488155841827 0.405940800905228 0.198504224419594 0.169304758310318 0.177983373403549 0.180611193180084 0.192397147417068 0.179812714457512 0.187190040946007 0.191049367189407 0.192821502685547 0.195358067750931 0.444391369819641 0.412986308336258 0.413237243890762 0.414096266031265 0.409796386957169 0.405983537435532 0.401501893997192 0.393407225608826 0.392298579216003 0.385269850492477 0.380975842475891 0.377283334732056 0.374253660440445 0.128586232662201 0.128952354192734 0.131786242127419 0.133665844798088 0.161816149950027 0.167289301753044 0.169626757502556 0.174162223935127 0.199575781822205 0.202282577753067 0.204675033688545 0.204856157302856 0.20554880797863 0.205461695790291 0.205090150237083 0.20559249818325 0.204595237970352 0.2039964646101 0.202454969286919 0.197338283061981 0.19542121887207
-9999 -9999 -9999 -9999 -9999 -9999 0.421065509319305 0.368312895298004 0.375676214694977 0.424685627222061 0.378429621458054 0.408523172140121 0.20213308930397 0.20017372071743 0.199662879109383 0.193047866225243 0.201696500182152 0.189662143588066 0.196639314293861 0.20092548429966 0.203473672270775 0.456810742616653 0.47509354352951 0.477666139602661 0.479612052440643 0.480075925588608 0.47970449924469 0.47795644402504 0.476045340299606 0.472856193780899 0.419029802083969 0.416186213493347 0.412140846252441 0.410531103610992 0.410430073738098 0.145865246653557 0.147327870130539 0.148515850305557 0.177631691098213 0.181684732437134 0.184232741594315 0.186247512698174 0.209020957350731 0.21868896484375 0.217717587947845 0.216183692216873 0.21491913497448 0.214154928922653 0.214039534330368 0.214753091335297 0.216046512126923 0.217625826597214 0.21917051076889 0.219972029328346 0.219986885786057 0.532916247844696
-9999 -9999 -9999 -9999 -9999 0.139216020703316 0.381049543619156 0.368178337812424 0.406299918889999 0.408395946025848 0.361102789640427 0.171337530016899 0.204326435923576 0.203467279672623 0.197609305381775 0.196145355701447 0.179782897233963 0.204653635621071 0.212068274617195 0.213894695043564 0.473617434501648 0.477085262537003 0.482211172580719 0.484986007213593 0.486173540353775 0.488064229488373 0.488518059253693 0.48991522192955 0.490343540906906 0.487957179546356 0.486903250217438 0.484615713357925 0.482814818620682 0.482297152280807 0.48063462972641 0.446793794631958 0.195888251066208 0.197293281555176 0.198297023773193 0.199021145701408 0.198746293783188 0.220454826951027 0.217231377959251 0.214058235287666 0.210733726620674 0.206981346011162 0.205836415290833 0.203737944364548 0.203344359993935 0.20472714304924 0.205475255846977 0.208243981003761 0.210494965314865 0.212278798222542 0.526414573192596 0.527672648429871
-9999 -9999 -9999 -9999 -9999 0.411974549293518 0.387946635484695 0.386316925287247 0.419591993093491 0.384361863136292 0.361249536275864 0.157989114522934 0.175703540444374 0.179091766476631 0.170871138572693 0.168965414166451 0.167812764644623 0.19013586640358 0.205546453595161 0.465405076742172 0.470393925905228 0.479212641716003 0.483649909496307 0.486433058977127 0.488815248012543 0.224271044135094 0.225234672427177 0.226234212517738 0.227078840136528 0.22749374806881 0.227591082453728 0.544802069664001 0.544022619724274 0.543932139873505 0.543862283229828 0.543364286422729 0.226067200303078 0.225187167525291 0.22414630651474 0.222401589155197 0.219508200883865 0.215647652745247 0.210950657725334 0.206469550728798 0.201926872134209 0.197958469390869 0.195017471909523 0.193185240030289 0.192412525415421 0.192279696464539 0.193121999502182 0.194278970360756 0.196014970541 0.500178337097168 0.502564370632172 0.50437730550766
-9999 -9999 -9999 -9999 -9999 -9999 0.415257602930069 0.408830791711807 0.417092144489288 0.368735313415527 0.137374892830849 0.141566887497902 0.147526651620865 0.150271415710449 0.150656208395958 0.142453581094742 0.15063501894474 0.16954131424427 0.152390092611313 0.159797057509422 0.161121338605881 0.454452037811279 0.463095664978027 0.521537125110626 0.529499351978302 0.219707578420639 0.222583368420601 0.223918944597244 0.227224409580231 0.228274092078209 0.229048028588295 0.229609340429306 0.229427963495255 0.229441478848457 0.22902275621891 0.227998748421669 0.226548656821251 0.224187508225441 0.221618548035622 0.218050852417946 0.213645726442337 0.209020435810089 0.20348097383976 0.198704019188881 0.193362727761269 0.188815370202065 0.185682415962219 0.183003768324852 0.181167080998421 0.1798375248909 0.179397821426392 0.178797885775566 0.178964450955391 0.469078540802002 0.468533247709274 0.468555480241776
-9999 -9999 -9999 -9999 -9999 -9999 0.454400688409805 0.439116716384888 0.431886821985245 0.353770643472672 0.119311906397343 0.127800315618515 0.149826228618622 0.157767847180367 0.155252978205681 0.153444156050682 0.15924359858036 0.35895973443985 0.131047904491425 0.144381448626518 0.423568516969681 0.476974964141846 0.475856781005859 0.48337721824646 0.498215973377228 0.510008573532104 0.509585499763489 0.202100977301598 0.206264227628708 0.214551582932472 0.223705872893333 0.226702496409416 0.227796047925949 0.227626547217369 0.226816907525063 0.225458726286888 0.223268941044807 0.220458418130875 0.217227980494499 0.213337779045105 0.208966046571732 0.204065814614296 0.198970854282379 0.194138392806053 0.189067482948303 0.184482082724571 0.18025253713131 0.173720315098763 0.167726472020149 0.161762803792953 0.158272176980972 0.158342465758324 0.436928898096085 0.436838299036026 0.432840168476105 0.429316222667694
-9999 -9999 -9999 -9999 -9999 -9999 0.541297018527985 0.469254434108734 0.467583507299423 0.378769308328629 0.274808347225189 0.112081184983253 0.15112142264843 0.164048239588737 0.160859569907188 0.158889397978783 0.15774941444397 0.137936681509018 0.116896875202656 0.136672735214233 0.458363771438599 0.452172785997391 0.439410090446472 0.445290565490723 0.467537373304367 0.484073489904404 0.480967253446579 0.180400103330612 0.183944597840309 0.194484815001488 0.205256476998329 0.207838013768196 0.209373980760574 0.213311657309532 0.217325881123543 0.220789894461632 0.218009024858475 0.215347900986671 0.212088659405708 0.207555994391441 0.204260513186455 0.19918192923069 0.19494791328907 0.190644398331642 0.184797495603561 0.17891401052475 0.170052498579025 0.161178305745125 0.153087884187698 0.143733263015747 0.137543350458145 0.137520655989647 0.397315263748169 0.391898304224014 0.377687692642212 0.36795648932457
-9999 -9999 -9999 -9999 -9999 -9999 -9999 -9999 0.1984623670578 0.424996376037598 0.266727775335312 0.273469895124435 0.145266950130463 0.15034119784832 0.154152378439903 0.145979329943657 0.150153189897537 0.143183872103691 0.120981961488724 0.131698459386826 0.436720699071884 0.423256307840347 0.143429130315781 0.145371481776237 0.433094292879105 0.451962441205978 0.448677092790604 0.161005318164825 0.163793057203293 0.173291191458702 0.182353869080544 0.185125440359116 0.185252338647842 0.188995569944382 0.194522023200989 0.19928266108036 0.199310913681984 0.198160648345947 0.197657316923141 0.196905747056007 0.19603905081749 0.191978424787521 0.187544286251068 0.182787641882896 0.17749410867691 0.171340018510818 0.162395745515823 0.152901545166969 0.1437097042799 0.134124949574471 0.127884745597839 0.366822630167007 0.364278376102448 0.354318022727966 0.334606498479843 0.31602481007576
-9999 -9999 -9999 -9999 -9999 -9999 -9999 -9999 0.486895442008972 0.382727295160294 0.259359329938889 0.26488932967186 0.137975290417671 0.140088707208633 0.14426401257515 0.134787619113922 0.144012704491615 0.143147870898247 0.121341623365879 0.128637328743935 0.417265772819519 0.399513304233551 0.128828957676888 0.130108892917633 0.143379300832748 0.4238460958004 0.421085208654404 0.144995599985123 0.146985873579979 0.155840799212456 0.163014024496078 0.165175601840019 0.163961872458458 0.167237460613251 0.173013031482697 0.177843764424324 0.178501605987549 0.178130656480789 0.178593158721924 0.178879767656326 0.179628491401672 0.177026644349098 0.174354463815689 0.171449705958366 0.167958006262779 0.163556531071663 0.154512718319893 0.144663989543915 0.134685933589935 0.123842291533947 0.116761565208435 0.335547626018524 0.32814434170723 0.313772916793823 0.290028303861618 0.27224799990654
-9999 -9999 -9999 -9999 -9999 -9999 -9999 -9999 -9999 0.37195086479187 0.295580625534058 0.29583677649498 0.131617709994316 0.328585177659988 0.336766839027405 0.126989737153053 0.132608130574226 0.133941441774368 0.113038495182991 0.118369802832603 0.39443027973175 0.37430864572525 0.119621977210045 0.120309613645077 0.130434527993202 0.397371500730515 0.138353332877159 0.134005174040794 0.135654523968697 0.141931191086769 0.147503972053528 0.148770913481712 0.14767774939537 0.144908800721169 0.154523342847824 0.158193230628967 0.159105107188225 0.158628836274147 0.159851714968681 0.161498114466667 0.163026854395866 0.161775648593903 0.160283133387566 0.159302219748497 0.158899053931236 0.156340435147285 0.412175089120865 0.3902328312397 0.367860347032547 0.344561725854874 0.322415620088577 0.304768681526184 0.286165982484818 0.270879477262497 0.257587850093842 0.266441494226456
-9999 -9999 -9999 -9999 -9999 -9999 -9999 -9999 -9999 -9999 0.333955675363541 0.315430998802185 0.285522162914276 0.315096706151962 0.326323091983795 0.305927634239197 0.315373241901398 0.336534172296524 0.100855588912964 0.107658326625824 0.372008889913559 0.357592046260834 0.0723938643932343 0.0725511685013771 0.120565116405487 0.373182326555252 0.127862170338631 0.1247598528862 0.126546800136566 0.131594941020012 0.135504856705666 0.136673286557198 0.130421876907349 0.131630018353462 0.134175837039948 0.140687614679337 0.141477912664413 0.141206040978432 0.142337903380394 0.143929868936539 0.145237922668457 0.145182177424431 0.145111933350563 0.145773276686668 0.146632626652718 0.408938705921173 0.393232703208923 0.37103208899498 0.347702622413635 0.321173161268234 0.297440648078918 0.278512984514236 0.258927971124649 0.242553412914276 0.228052467107773 0.236296728253365
-9999 -9999 -9999 -9999 -9999 -9999 -9999 -9999 -9999 -9999 -9999 0.267555981874466 0.295954525470734 0.277741879224777 0.27669095993042 0.294103384017944 0.299919664859772 0.305570304393768 0.200978443026543 0.349376738071442 0.352402299642563 0.244727745652199 0.0689531490206718 0.0686351731419563 0.0724022388458252 0.0752824172377586 0.118117921054363 0.117973290383816 0.120052628219128 0.123596519231796 0.126280888915062 0.127565711736679 0.122085385024548 0.122302107512951 0.122465126216412 0.121718518435955 0.122663058340549 0.122000403702259 0.12736240029335 0.128699570894241 0.129126459360123 0.130263462662697 0.129494860768318 0.130781009793282 0.386170119047165 0.384871512651443 0.370032429695129 0.349233895540237 0.327377647161484 0.302827090024948 0.280117332935333 0.262962251901627 0.245285630226135 0.228688627481461 0.217315718531609 0.231223836541176
