meets/meet004/_saidas_enm/CCSM_Gower_6k_Cavanillesia_umbellata2.asc
NCOLS 154 
NROWS 168 
XLLCORNER -112 
YLLCORNER -55.5 
CELLSIZE 0.5 
NODATA_value -9999 
[rows 52 to 77 of 168, columns 58 to 115 of 154]
-9999 -9999 -9999 -9999 -9999 -9999 -9999 -9999 -9999 0 0 0 0 0.0792270778115501 0.274774736356359 0.462754021442932 0.539430574111594 0.535611053042172 0.511158180755282 0.452253558484406 0.384084113951832 0.291903897539234 0.1570878393667 0.0204480459139432 0 0 0 0 0 0 0 0.0517319681218209 0.383619012726873 0.613087299914783 0.603391590492653 0.597947525384264 0.580322672292312 0.551066338694637 0.559207487995792 0.544597727543608 0.519265493994528 0.491188940688377 0.45591838876248 0.473508203266827 0.550647427985861 0.612919203399562 0.696710582234073 0.744491182161248 0.703680818611733 0.645610540789974 0.578495484853982 0.521179102052171 0.45267928563205 0.52664484554328 0.612974051888918 0.671603733600342 0.697925736641992 0.700959760698143
-9999 -9999 -9999 -9999 -9999 -9999 -9999 -9999 0 0 0 0 0 0 0.104295346087543 0.299104987600214 0.396237160294703 0.403146930791401 0.371166605266711 0.276949706401471 0.161341384241771 0.0443117980264037 0 0 0 0 0 0 0 0 0 0 0.276766032527438 0.548261694896253 0.608767352531532 0.59891330417554 0.583460843515124 0.566683791185296 0.552408893184277 0.52655307669003 0.512305012037747 0.518352716611085 0.541946326572656 0.590674135534374 0.650982804341198 0.714332696275435 0.725046879643197 0.681915545264593 0.628962423170677 0.569640415225904 0.509388250221517 0.44941221799025 0.390426732031867 0.498459362552374 0.612648348307901 0.68743379097282 0.717339778478916 0.728569052281824
-9999 -9999 -9999 -9999 -9999 -9999 -9999 -9999 0 0 0 0 0 0 0 0.111340111943305 0.208923588934175 0.199345268486613 0.16393345440406 0.041247787067349 0 0 0 0 0 0 0 0 0 0 0 0 0.159717930515611 0.464290686036016 0.610261770391604 0.618832519466008 0.611027784958507 0.601979180591014 0.603348124902965 0.57816380741675 0.579803968137824 0.597546577495715 0.633067500088742 0.697433018969134 0.718414408278051 0.674833850662297 0.625015414528212 0.565363847124869 0.520958841295281 0.457811270774236 0.398051194115757 0.351131657402577 0.296950512138968 0.445924724118051 0.589853706188935 0.688006578107284 0.730462086489699 0.746923908801296
-9999 -9999 -9999 -9999 -9999 -9999 0 0 0 0 0.0457857119613158 0.0192773104783012 0 0 0 0 0 0 0 0 0 0 0 0 0 0 0 0 0 0 0 0 0.0289839694234566 0.329826156803502 0.518109990716862 0.625058246312443 0.633062843061275 0.631460825612784 0.635685222375426 0.628325537311738 0.634513396235497 0.665397655089718 0.697403021907007 0.660965853508964 0.605866592256504 0.541882391683465 0.482832168810211 0.426070941595481 0.369680088915132 0.31902466305399 0.264395077679607 0.222887255632365 0.19310615178975 0.37764910132352 0.558218476246947 0.67623017475716 0.724691370145929 0.748601897827977
-9999 -9999 -9999 -9999 -9999 -9999 0 0 0 0.124813251377292 0.265727932340733 0.0783937256289416 0 0 0 0 0 0 0 0 0 0 0 0 0 0 0 0 0 0 0 0 0 0.16089502633935 0.352085010630957 0.498265430469752 0.563982137558608 0.594217882746752 0.607757845900448 0.600933428709378 0.59291279143822 0.565258985756275 0.517342124676412 0.472230735983413 0.396108336293231 0.328200724289934 0.264066033602078 0.19567475918706 0.155374492155442 0.116209483728082 0.0892992470593219 0.0786625580324901 0.0570949060228917 0.286819261952877 0.494135080049399 0.643397516433714 0.71125378223623 0.743148384438134
-9999 -9999 -9999 -9999 -9999 0 0 0 0.15339443267 0.337098624553121 0.386686317068454 0.199982579373889 0 0 0 0 0 0 0 0 0 0 0 0 0 0 0 0 0 0 0 0 0 0 0.155086578587604 0.307803807715978 0.387361443824145 0.415627348090741 0.431203546114214 0.398599304438264 0.360522461313452 0.314844191971051 0.253559308505353 0.197106129192704 0.113332185495151 0.0405728792193241 0 0 0 0 0 0 0 0.201371405450265 0.421561007580187 0.599680442596448 0.677781210265066 0.725738507210609
-9999 -9999 -9999 -9999 -9999 0 0 0.0782375427656815 0.427418021232984 0.513381160526587 0.481846401734092 0.288094166411346 0.0768728861640727 0 0 0 0 0 0 0 0 0 0 0 0 0 0 0 0 0 0 0 0 0 0 0.0563920124672418 0.11955123163402 0.127780301753364 0.129732658215095 0.0739910649884954 0.0304404982975713 0 0 0 0 0 0 0 0 0 0 0 0 0.0885564950716002 0.330020501995342 0.529503228085433 0.623801449137702 0.679634883610525
-9999 -9999 -9999 -9999 0 0 0.00261422440094727 0.329976120620624 0.576034173239391 0.59836608132391 0.528367745977021 0.346641962866153 0.160322167384785 0 0 0 0 0 0 0 0 0 0 0 0 0 0 0 0 0 0 0 0 0 0 0 0 0 0 0 0 0 0 0 0 0 0 0 0 0 0 0 0 0 0.221069880740239 0.429332799694474 0.537163456579351 0.616778060391202
-9999 -9999 -9999 -9999 0 0.00699667314144226 0.309142245384433 0.550996737045244 0.681229352467823 0.664474794012282 0.5636772445699 0.414826498238235 0.261832689328436 0.12929577022384 0.0424975326573463 0 0 0 0 0 0 0 0 0 0 0 0 0 0 0 0 0 0 0 0 0 0 0 0 0 0 0 0 0 0 0 0 0.00134850716972967 0.015676906789769 0.0426458003709753 0.0561514484552337 0.0683942061474285 0.0697117958771226 0.0598305796142056 0.0830396357785924 0.28569926828005 0.400345345882933 0.485841299444982
-9999 -9999 -9999 -9999 0.0622772089020198 0.252067938838665 0.539448091321376 0.665351183097329 0.720564389640599 0.696441519108188 0.60381004091671 0.455902321806661 0.323780466575754 0.196300480033805 0.156060848702041 0.0940997853106982 0.0669523768369148 0.0140780465642488 0 0 0 0 0 0 0 0 0 0 0 0 0 0 0 0 0 0 0 0 0 0 0 0 0.0223276112674587 0.0740659762260772 0.0931611333696021 0.12899937613854 0.146458358779711 0.155641769797455 0.179075276990672 0.178878528985552 0.197201393672195 0.208428185372431 0.190710829632581 0.191524959308942 0.158210801220639 0.134277932890863 0.237658550276863 0.332608897266731
-9999 -9999 -9999 -9999 -9999 0.52556351291781 0.669013720940291 0.744097363822396 0.730150739642865 0.70583989917782 0.616273009379003 0.509979850200376 0.399488558514265 0.30644586485736 0.257641829611605 0.203618318551847 0.17906863391866 0.151597269677825 0.112411342640725 0.0932712387546516 0.0763322531758642 0.0782044687475792 0.0810888340783953 0.0706435220622914 0.0690401388941247 0.0575209106834043 0.0547702548445739 0.0480734728886734 0.0310057247864199 0.0212194903190784 0 0 0 0 0 0 0 0.0197444456485049 0.046547686455285 0.0957671963857036 0.13653375053578 0.175750631461616 0.226719742815443 0.256985649572976 0.29196008096742 0.307971085922918 0.319561479809341 0.336259194666332 0.343722191374932 0.354731777258072 0.354464465716971 0.355316873208633 0.353250961698787 0.336479334765452 0.318145728090023 0.287216432854019 0.262412120684033 0.231065159963021
-9999 -9999 -9999 -9999 -9999 -9999 0.723199488819079 0.761334988295543 0.675974469059936 0.719410438159244 0.631466518306391 0.525271638327791 0.431673061689827 0.357776765083479 0.329595981425385 0.282410311595313 0.259054542478832 0.236468026967142 0.210399057630622 0.201494231611507 0.197917573371869 0.200287171292736 0.197571568259416 0.202083486233165 0.193961129291887 0.193694275675746 0.191721707314063 0.176754442045213 0.173083508719787 0.152086878219303 0.140395778188018 0.127397971757781 0.114185042867923 0.111674102989354 0.10790041406068 0.121468817974158 0.132529674216052 0.160373757199346 0.202217902434939 0.232712500480033 0.284132916704801 0.323360539619423 0.359484847594093 0.398137262175024 0.412959649064426 0.437088852290105 0.447615599681717 0.453676816840623 0.468209755510281 0.468364437046161 0.475389708053854 0.47684946883249 0.466316335197546 0.467194141149534 0.440308191165945 0.426910216925415 0.401595209832456 0.371948934726272
-9999 -9999 -9999 -9999 0.568941458622294 0.691256578002633 0.755939566645194 0.761742587475271 0.702823840562359 0.71568650849441 0.632101941761428 0.553037790756481 0.484905546737701 0.420560030730474 0.382867550971928 0.351912735468708 0.335285984616578 0.325565544830546 0.31437748082672 0.314190697429618 0.31225713944826 0.317266015745289 0.327370340288437 0.328994147369492 0.33299822368922 0.330947775908843 0.330522619300077 0.32648405554267 0.315283836130482 0.305919295393943 0.290058183584588 0.280929754588389 0.276452394723298 0.267697461850326 0.274233891355214 0.279458102124801 0.292610890011657 0.325717628777033 0.354228786620916 0.395834420175692 0.432496132681415 0.463703823885545 0.500705260979576 0.525123629741085 0.54655895407743 0.558563932653833 0.566524866162761 0.57819285506028 0.581018947285266 0.587766808271174 0.587927437085933 0.587247376002059 0.585846864508059 0.57730962870167 0.570381640605571 0.554878986939528 0.54409139468866 0.535810252123681
-9999 -9999 -9999 0.58688914857993 0.683553806291644 0.735765224557609 0.763962491909875 0.75179736941613 0.680764152659605 0.711905682792835 0.637032374995614 0.563611147669607 0.48769189831558 0.450073429457838 0.42312742695361 0.405166661402092 0.397980629430654 0.377711810038754 0.384926232208622 0.384841624108356 0.40068690676757 0.411893581370388 0.417225150549822 0.431177974711086 0.433740106233579 0.445783487304976 0.451736339998068 0.442494303094161 0.443162169699537 0.433127965131428 0.42753746840214 0.421838190650455 0.409069650643144 0.408705155589468 0.407678949200306 0.419108819416597 0.429926685276209 0.452817766276949 0.480036137031911 0.506456674953147 0.54524196763658 0.569200252812629 0.596968900558888 0.595459453394302 0.588587909219605 0.58045280483798 0.577404995238458 0.579307768856987 0.581663131319294 0.593596783878083 0.606386365265033 0.617738278444195 0.629562909150334 0.637233061385303 0.640147224702476 0.638370127633862 0.629474577949195 0.601389802821404
-9999 -9999 -9999 0.630633177137573 0.72707820239738 0.758215345590586 0.763976380768182 0.709006555368196 0.665003509667462 0.682524559834658 0.654562088944521 0.588958757640809 0.534591326549753 0.494501381522241 0.462098322311695 0.438925401425372 0.431329283575049 0.439398386773679 0.441779783300649 0.447935113519196 0.461842133118631 0.474250603914137 0.494844020282946 0.508627974129284 0.521035157334028 0.531051903297557 0.537923265553651 0.543184701543146 0.542727892954267 0.540905984777399 0.53521768515899 0.531331764395732 0.528913324210067 0.524528695585883 0.527640012434146 0.530158229699854 0.537678261335752 0.556717397651798 0.574101752888425 0.599764229074764 0.62398648472084 0.624238719180444 0.606067320527545 0.589474541952846 0.580835965051135 0.573955091558095 0.570883831172771 0.572158468276817 0.574213120620558 0.581203849943792 0.588611256448593 0.595864530371649 0.602573103735684 0.605548419422876 0.604278217772253 0.597635956669108 0.586044747164823 0.568546749479841
-9999 -9999 -9999 -9999 0.755245450657849 0.763986857022595 0.754924744285121 0.684915560624655 0.635699792708144 0.659740567665752 0.678818859032634 0.613644571241525 0.554795538877525 0.519345405611294 0.505146545895488 0.477916912599653 0.47744681786675 0.48823701460174 0.483697874511674 0.500976129626613 0.516762545084127 0.53565105856181 0.55734134310566 0.570971696164989 0.589220998108257 0.602443121120095 0.615417511324778 0.625397203287518 0.626642510395307 0.631507302355918 0.627571840661924 0.627895553389757 0.627713589408675 0.622345339118413 0.626567369907964 0.626741256713268 0.631485801141523 0.646642710545718 0.655757681029651 0.673406910581112 0.646499561244333 0.625452519647691 0.608593521356892 0.591145784626572 0.585315925351374 0.577935697677692 0.574120706519417 0.573551137136615 0.571349500853088 0.57510688036389 0.576737200606346 0.578403306401827 0.580551660172974 0.57904563618316 0.572790917357302 0.562760599925102 0.548453033966406 0.529198637228361
-9999 -9999 -9999 -9999 0.700345514156198 0.763995912675422 0.759948279393849 0.676422920875084 0.619756301415953 0.65892858349281 0.702602345000822 0.638985117562206 0.575281457792773 0.53369061056028 0.520593730886985 0.510348366605117 0.513220535159193 0.517122768852789 0.522752781001348 0.532190048495294 0.55265043622667 0.572058784166029 0.595468878006497 0.615822962796222 0.634840843809897 0.654163849360284 0.667961792038509 0.680109782820869 0.687866755288347 0.692410088523159 0.694869516727435 0.696099276219877 0.696846582176529 0.696274482791347 0.697394080017219 0.69835222393358 0.701148902092784 0.708234963931748 0.705511619945082 0.68317102808807 0.659651305664756 0.639965402409327 0.623900822960469 0.609435860769492 0.60043532518642 0.592506054471302 0.5871324112899 0.58337871840169 0.578882461020385 0.576219872184498 0.571756789803991 0.567761017903993 0.562776213991446 0.554465031728228 0.5454687889203 0.532222827589662 0.516218904818872 0.496996556383484
-9999 -9999 -9999 -9999 0.562718518043657 0.746100451521631 0.743230354451511 0.727846657112848 0.620956826390797 0.630564290351815 0.590672089137608 0.613133562345568 0.599608032422045 0.544135838690506 0.553596799922873 0.547371847298942 0.558791470797861 0.560141147450196 0.553111953915896 0.572595683658136 0.589349419917166 0.614344043287589 0.643745211904051 0.656594497239345 0.68202134546554 0.697740771155273 0.713428794798841 0.730051117510857 0.733272378292585 0.743936987239829 0.743680063758059 0.746983665997681 0.752441561275493 0.7487218072313 0.753705402278406 0.750421727243857 0.751659263704057 0.738872160955861 0.718040281883817 0.699915230198251 0.678356099694315 0.660505957292206 0.64575919353646 0.630824732364297 0.622044948152031 0.611796945090983 0.604125771095445 0.597555237584204 0.589093527436885 0.582119858293375 0.57202143499626 0.561813646498124 0.550290359678256 0.535652181916034 0.523378470870987 0.507254625166889 0.490414849782351 0.471415600005561
-9999 -9999 -9999 -9999 -9999 -9999 0.720049951846493 0.756667742457405 0.638161612084491 0.552706045218357 0.493860377672016 0.504066677577468 0.582493981078876 0.579159703572816 0.574923176614188 0.581761101155192 0.592872750295812 0.589527109740429 0.59220812536249 0.602059455270644 0.621930615959281 0.646233445139659 0.668170627653817 0.689798046052773 0.694054269362136 0.679281856863459 0.682946959583086 0.700825357369496 0.717652151902012 0.721791568091803 0.721837544714221 0.731012292248047 0.745888140961779 0.760538607771208 0.763232205018788 0.763390821721613 0.763564594763877 0.751149652054759 0.734268696037294 0.717365212500558 0.70036214182734 0.684159880141889 0.669165173757399 0.655401650196638 0.643910011259745 0.633179941562519 0.623193100502757 0.612487399795088 0.601432716765277 0.590153297498444 0.576879950223056 0.562347753425162 0.545278244381867 0.526600396755911 0.509847480684991 0.491077953060646 0.473799626994085 0.456556680077584
-9999 -9999 -9999 -9999 -9999 -9999 0.545941747682866 0.753186842070631 0.623787479387493 0.508877947236446 0.406930922190699 0.405721371208283 0.492746323763913 0.60645520222094 0.617986337629755 0.622053821330654 0.637245851338533 0.644304472153515 0.628438771901582 0.644200927678282 0.608926209225359 0.608155015817318 0.644137561631833 0.66980242251195 0.665260620612525 0.646404203810514 0.649517632843167 0.669395944511462 0.683622086645413 0.687673851021944 0.683790757077377 0.692817130193834 0.710559362802866 0.72508002189668 0.733836478620949 0.738912876462678 0.746875620213446 0.755975561960679 0.749995060311189 0.73676987754029 0.721264462545779 0.706973542539551 0.693259788383774 0.678831587481139 0.666869890816515 0.653741493625079 0.641211337246451 0.62748531229855 0.613459656063962 0.599661443731903 0.5834479426802 0.565293413202235 0.543941944948022 0.521992706719318 0.503578801480052 0.483725067147472 0.46728663241042 0.452108600087837
-9999 -9999 -9999 -9999 -9999 -9999 -9999 0.752418525121911 0.667906179666452 0.501997925747413 0.343124622211586 0.313412739232755 0.404921429393765 0.568052746818912 0.640352264884898 0.644658190927777 0.623430747835521 0.64086575688517 0.650306219267714 0.620461683128971 0.582968014435138 0.580469021075738 0.611923752447211 0.63862933189914 0.634897567395085 0.621406140781363 0.624069958880634 0.639524560322653 0.653102779295721 0.654665607796553 0.652012020944667 0.659661321020435 0.67384202447104 0.687836286771274 0.695868450674904 0.702137758063875 0.711553233852833 0.720848555695448 0.730901048112685 0.735091351049619 0.73928369024722 0.727004181827481 0.712668307117757 0.699331883616865 0.685376392416915 0.671598496551077 0.656742455502539 0.639693154305873 0.622902409621044 0.606658919896657 0.58995155087421 0.570058455747122 0.545612385401626 0.521923025410067 0.503885959276007 0.486724917515125 0.471947418096875 0.458818037806082
-9999 -9999 -9999 -9999 -9999 -9999 -9999 -9999 0.718342855707493 0.521729145575103 0.314952426005875 0.262253419005503 0.345189915464846 0.509338497801835 0.672089088093936 0.620358298938971 0.597426393294687 0.614345862139307 0.623761601175045 0.598745618635828 0.560290028519022 0.556847834432567 0.586521811629838 0.609540172511109 0.608789320899711 0.597812049827521 0.601603760721858 0.615881189155378 0.62676524693589 0.62850506883704 0.623643379439259 0.629084451068497 0.641366515731472 0.651895972815693 0.65952175756644 0.664116267089946 0.673653756200725 0.685528229527028 0.695704678922153 0.701998479707184 0.707138444883048 0.715324306407711 0.726787694394624 0.717013904982744 0.703277991509703 0.688040287909673 0.671619289378644 0.652625169116059 0.633558044060861 0.615704157504597 0.59659330109707 0.576110467862014 0.552238360009512 0.529557329037417 0.513497618139593 0.498125835159603 0.485604146966874 0.475258088029439
-9999 -9999 -9999 -9999 -9999 -9999 -9999 -9999 -9999 0.562603629205751 0.328151499763884 0.244354951595857 0.308839367366477 0.45748478288448 0.667857588596669 0.601228155429718 0.570469943823335 0.593857125929528 0.598396816652206 0.578847365763815 0.548685421640854 0.543157382848084 0.561776663204784 0.576877984346416 0.58126608966531 0.579372218453753 0.584153368903842 0.59415016745882 0.601765298518732 0.604325014482241 0.602846165866263 0.60602881943757 0.611611805012802 0.61543019955803 0.624092215199315 0.628920879091958 0.638428393446844 0.649523041367921 0.657894379498429 0.66829332756929 0.673007406277516 0.683500064999584 0.699607924251661 0.706469381861173 0.699780380026652 0.687147354340258 0.672985063597243 0.656493336433735 0.641977796605368 0.625477297341475 0.604070289496581 0.583801471836871 0.563409615794624 0.54412582042761 0.530025873915154 0.517993301125767 0.507273903303451 0.497395096854709
-9999 -9999 -9999 -9999 -9999 -9999 -9999 -9999 -9999 0.602265256739102 0.368127284861015 0.267071575694064 0.292721571380591 0.412626897498709 0.597399574033156 0.620639733678414 0.586202905324025 0.590563190764819 0.588363737904626 0.571098973565115 0.544615861573889 0.536142325424644 0.545716759608232 0.553767572413204 0.559166989661622 0.56172099119305 0.567682887732439 0.575917226203681 0.581149253876998 0.586266359243539 0.587284769471616 0.590173346215028 0.593126616114774 0.593347982725305 0.600033972309121 0.603773632135576 0.612413391458181 0.623618131679895 0.630744173113422 0.643337923004527 0.650332909161611 0.660267075792951 0.672612269739095 0.676407890836592 0.672681792901567 0.662244244320635 0.650712681660685 0.638554553165576 0.6283879240199 0.625188518380769 0.617871618198373 0.598585427677307 0.581605197495065 0.564879613979603 0.552666873504834 0.541789479741218 0.532250775502723 0.523900488345389
-9999 -9999 -9999 -9999 -9999 -9999 -9999 -9999 -9999 0.645928333148423 0.420608256587116 0.305896954598033 0.303092433041274 0.359131372021211 0.502644631295804 0.670998833345417 0.636502018021202 0.621995215280631 0.591254692193068 0.574669789195922 0.55478413054931 0.539739377290865 0.538572568713894 0.536149108451361 0.542465386141308 0.548457102401925 0.554050539810778 0.559016739220757 0.562480306240452 0.56849672295685 0.574865985044172 0.577724326906415 0.577819033317182 0.57885555658853 0.581403069555055 0.585958154491613 0.593548169935802 0.600613474198205 0.612846911041941 0.626808084366469 0.637708471771355 0.645605858526084 0.648165971961015 0.643642564040161 0.640363704695993 0.63502008223844 0.628177565911081 0.620739767454849 0.615244251605183 0.610791791292817 0.610544219661904 0.608803919130244 0.602637168123323 0.589711386052605 0.577683731521522 0.56725035854099 0.558350023150741 0.550280356089988
-9999 -9999 -9999 -9999 -9999 -9999 -9999 -9999 -9999 -9999 0.498075598422992 0.381791903517082 0.332939584738227 0.346030439429421 0.41521279210027 0.537727105427437 0.655126231988393 0.6853555510848 0.637518820675069 0.602446270075778 0.57430721722065 0.550181398986056 0.539403553477553 0.533000120293374 0.535830562158931 0.54110327758754 0.544871440901322 0.54679206131534 0.547544977280934 0.553132015607979 0.558302473709287 0.561541049012593 0.562877689220763 0.562645402551113 0.563137363960554 0.565189165551647 0.572371111028655 0.58092691335743 0.594440456862685 0.61451948535654 0.630862925504773 0.637051923896796 0.631647867053942 0.620537187091806 0.613463147822609 0.607525018409508 0.602576577231924 0.601551948969231 0.599843836339319 0.595026061290761 0.591846997448274 0.590816984592352 0.592324670696513 0.597625503586538 0.598472679587924 0.594563573727916 0.586126539098325 0.570591142432789
