meets/meet004/_saidas_enm/CCSM_Maxent_21k_Cavanillesia_umbellata3.asc
NCOLS 154 
NROWS 168 
XLLCORNER -112 
YLLCORNER -55.5 
CELLSIZE 0.5 
NODATA_value -9999 
[rows 100 to 124 of 168, columns 56 to 111 of 154]
-9999 -9999 -9999 -9999 -9999 -9999 -9999 -9999 -9999 -9999 -9999 -9999 -9999 -9999 -9999 -9999 -9999 -9999 -9999 -9999 -9999 -9999 -9999 -9999 -9999 -9999 -9999 -9999 0.176741883158684 0.105049297213554 0.0695906430482864 0.0336332730948925 0.0342209972441196 0.0359540022909641 0.0354033894836903 0.0392193719744682 0.0506399236619473 0.0519595444202423 0.0606024712324142 0.0458720773458481 0.0437745861709118 0.0603022351861 0.0932256877422333 0.121878102421761 0.125766307115555 0.122419737279415 0.176007285714149 0.304206520318985 0.391697585582733 0.403127104043961 0.389861911535263 0.388194352388382 0.376291573047638 0.335893899202347 0.285033762454987 0.233982130885124
-9999 -9999 -9999 -9999 -9999 -9999 -9999 -9999 -9999 -9999 -9999 -9999 -9999 -9999 -9999 -9999 -9999 -9999 -9999 -9999 -9999 -9999 -9999 -9999 -9999 -9999 -9999 -9999 0.180290699005127 0.143149226903915 0.0625217854976654 0.0304063614457846 0.0259432140737772 0.0289713237434626 0.0354436188936234 0.0392692722380161 0.0566049255430698 0.0575405545532703 0.0607959292829037 0.0461861789226532 0.0462131947278976 0.0677256211638451 0.106115512549877 0.127662435173988 0.118816129863262 0.115256242454052 0.191179797053337 0.352076828479767 0.42763152718544 0.361689776182175 0.290004849433899 0.31711146235466 0.315555721521378 0.295677602291107 0.265004009008408 0.211442872881889
-9999 -9999 -9999 -9999 -9999 -9999 -9999 -9999 -9999 -9999 -9999 -9999 -9999 -9999 -9999 -9999 -9999 -9999 -9999 -9999 -9999 -9999 -9999 -9999 -9999 -9999 -9999 0.177000865340233 0.160872146487236 0.138930037617683 0.0546204634010792 0.0260166916996241 0.0253753867000341 0.03053143247962 0.0356106460094452 0.0392674058675766 0.0601675882935524 0.0684987753629684 0.061204481869936 0.0484423711895943 0.0514070354402065 0.0768934339284897 0.132121816277504 0.153702214360237 0.119222477078438 0.112566486001015 0.182291910052299 0.305881649255753 0.371163308620453 0.326992720365524 0.287057667970657 0.284626543521881 0.296908318996429 0.281672418117523 0.247563168406487 0.213559791445732
-9999 -9999 -9999 -9999 -9999 -9999 -9999 -9999 -9999 -9999 -9999 -9999 -9999 -9999 -9999 -9999 -9999 -9999 -9999 -9999 -9999 -9999 -9999 -9999 -9999 -9999 -9999 0.167375117540359 0.149260476231575 0.132719665765762 0.0420323349535465 0.0223365686833858 0.0230528097599745 0.0305118411779404 0.0355236120522022 0.0401213727891445 0.0622918382287025 0.0613397620618343 0.0507878474891186 0.042929757386446 0.0502944625914097 0.0794214382767677 0.135018840432167 0.153868943452835 0.112856686115265 0.100005507469177 0.151712819933891 0.247646614909172 0.304174989461899 0.279080003499985 0.253425419330597 0.25061422586441 0.264062404632568 0.255798429250717 0.225440263748169 0.201961278915405
-9999 -9999 -9999 -9999 -9999 -9999 -9999 -9999 -9999 -9999 -9999 -9999 -9999 -9999 -9999 -9999 -9999 -9999 -9999 -9999 -9999 -9999 -9999 -9999 -9999 -9999 -9999 0.152640044689178 0.139404624700546 0.112005643546581 0.0340462774038315 0.0191868599504232 0.0225230474025011 0.0311737917363644 0.036032672971487 0.0424523651599884 0.0560369789600372 0.037295613437891 0.0297320131212473 0.0333727188408375 0.0430344603955746 0.0659448802471161 0.0977521985769272 0.108854547142982 0.0958980694413185 0.0917413458228111 0.124926641583443 0.184243708848953 0.229114517569542 0.22616508603096 0.202358826994896 0.210036337375641 0.206565633416176 0.199148505926132 0.191013589501381 0.179672136902809
-9999 -9999 -9999 -9999 -9999 -9999 -9999 -9999 -9999 -9999 -9999 -9999 -9999 -9999 -9999 -9999 -9999 -9999 -9999 -9999 -9999 -9999 -9999 -9999 -9999 -9999 -9999 0.151141032576561 0.148627027869225 0.0917328670620918 0.023648040369153 0.0165593884885311 0.0212602950632572 0.0297628864645958 0.0354934930801392 0.0441854670643806 0.0441396273672581 0.0235515870153904 0.0213627349585295 0.0290167890489101 0.0391270965337753 0.0571326650679111 0.0747961699962616 0.0901254117488861 0.0918106734752655 0.0915241315960884 0.131095513701439 0.169655680656433 0.203074231743813 0.214564949274063 0.195010855793953 0.195024713873863 0.179249152541161 0.172702416777611 0.176228076219559 0.170901030302048
-9999 -9999 -9999 -9999 -9999 -9999 -9999 -9999 -9999 -9999 -9999 -9999 -9999 -9999 -9999 -9999 -9999 -9999 -9999 -9999 -9999 -9999 -9999 -9999 -9999 -9999 -9999 0.165229558944702 0.188037812709808 0.0743665546178818 0.0167080368846655 0.0139100942760706 0.02064617164433 0.0286317840218544 0.0362522788345814 0.0425075255334377 0.0357739739120007 0.0202798191457987 0.0227123908698559 0.0298427473753691 0.038966353982687 0.0540079958736897 0.0711605474352837 0.0831874832510948 0.0976666286587715 0.129032179713249 0.145750507712364 0.182485297322273 0.215498849749565 0.22536925971508 0.23594331741333 0.204463973641396 0.17943911254406 0.16917397081852 0.170212104916573 0.175409615039825
-9999 -9999 -9999 -9999 -9999 -9999 -9999 -9999 -9999 -9999 -9999 -9999 -9999 -9999 -9999 -9999 -9999 -9999 -9999 -9999 -9999 -9999 -9999 -9999 -9999 -9999 -9999 0.231612771749496 0.200520008802414 0.0585735589265823 0.0136536750942469 0.0118614351376891 0.0185608584433794 0.0261100698262453 0.0337023586034775 0.0366418473422527 0.0321276821196079 0.0201856940984726 0.0235384572297335 0.0304199960082769 0.0390507392585278 0.0525615587830544 0.0660955756902695 0.0764232948422432 0.0833487510681152 0.111230313777924 0.128438875079155 0.156926244497299 0.189558729529381 0.211661174893379 0.229059830307961 0.20302326977253 0.173767790198326 0.164033025503159 0.170149549841881 0.177986145019531
-9999 -9999 -9999 -9999 -9999 -9999 -9999 -9999 -9999 -9999 -9999 -9999 -9999 -9999 -9999 -9999 -9999 -9999 -9999 -9999 -9999 -9999 -9999 -9999 -9999 -9999 -9999 0.22027225792408 0.161475628614426 0.0426999218761921 0.0107073169201612 0.00922219734638929 0.0161054637283087 0.0241781026124954 0.0311545561999083 0.0356656014919281 0.033106591552496 0.0231286771595478 0.0237042065709829 0.0312845669686794 0.0402809605002403 0.0521258153021336 0.0625075027346611 0.0698573961853981 0.073086254298687 0.0742028430104256 0.0888441875576973 0.108488127589226 0.135129883885384 0.170580059289932 0.188032895326614 0.177110657095909 0.158890455961227 0.15467044711113 0.165577054023743 0.173855349421501
-9999 -9999 -9999 -9999 -9999 -9999 -9999 -9999 -9999 -9999 -9999 -9999 -9999 -9999 -9999 -9999 -9999 -9999 -9999 -9999 -9999 -9999 -9999 -9999 -9999 -9999 -9999 0.18216860294342 0.13041578233242 0.0345699489116669 0.00895818509161472 0.0073859142139554 0.0137097500264645 0.0208297651261091 0.0291620418429375 0.0375744700431824 0.0383373014628887 0.0325600169599056 0.0327711589634418 0.0353342406451702 0.0418530516326427 0.0523057729005814 0.0600241534411907 0.0659129098057747 0.0683527290821075 0.0689633339643478 0.0700735226273537 0.0861844345927238 0.108024440705776 0.135370388627052 0.150650024414062 0.153488025069237 0.146653056144714 0.148188188672066 0.160928547382355 0.169268563389778
-9999 -9999 -9999 -9999 -9999 -9999 -9999 -9999 -9999 -9999 -9999 -9999 -9999 -9999 -9999 -9999 -9999 -9999 -9999 -9999 -9999 -9999 -9999 -9999 -9999 -9999 0.189833745360374 0.149948418140411 0.107851728796959 0.0256758034229279 0.00723302736878395 0.00583032052963972 0.0115016112104058 0.0183166079223156 0.0295781623572111 0.0434639155864716 0.0461334250867367 0.0530711784958839 0.0583825148642063 0.0476771704852581 0.0446356385946274 0.0524865165352821 0.0584101900458336 0.0621502883732319 0.0633446127176285 0.0643148273229599 0.0663691461086273 0.080808088183403 0.0974258854985237 0.112606167793274 0.123725429177284 0.132286116480827 0.136709451675415 0.143450438976288 0.156249672174454 0.164243057370186
-9999 -9999 -9999 -9999 -9999 -9999 -9999 -9999 -9999 -9999 -9999 -9999 -9999 -9999 -9999 -9999 -9999 -9999 -9999 -9999 -9999 -9999 -9999 -9999 -9999 -9999 0.167214661836624 0.11867517977953 0.0776273086667061 0.0146649647504091 0.00524619268253446 0.00481621874496341 0.00984585843980312 0.0166507363319397 0.0278614144772291 0.0399867221713066 0.0476679652929306 0.0547705814242363 0.0633919239044189 0.0588426887989044 0.0522096417844296 0.0502087399363518 0.0536403581500053 0.0564762577414513 0.0575918592512608 0.0581312365829945 0.0659235790371895 0.0750720500946045 0.0870077013969421 0.100173816084862 0.110302038490772 0.120267249643803 0.127704501152039 0.135592401027679 0.147137120366096 0.153357833623886
-9999 -9999 -9999 -9999 -9999 -9999 -9999 -9999 -9999 -9999 -9999 -9999 -9999 -9999 -9999 -9999 -9999 -9999 -9999 -9999 -9999 -9999 -9999 -9999 -9999 -9999 0.138929769396782 0.0773599743843079 0.0283364523202181 0.00771934678778052 0.00602645799517632 0.00604751100763679 0.0103706615045667 0.0179359763860703 0.0322455875575542 0.0399768501520157 0.049687035381794 0.0528017692267895 0.0602002926170826 0.0682191252708435 0.0663288980722427 0.0622884295880795 0.0561567172408104 0.0548432357609272 0.0591289140284061 0.060298465192318 0.0684139207005501 0.0719760060310364 0.0777075216174126 0.0894245505332947 0.101074561476707 0.109594248235226 0.117569901049137 0.12613682448864 0.137036934494972 0.142548069357872
-9999 -9999 -9999 -9999 -9999 -9999 -9999 -9999 -9999 -9999 -9999 -9999 -9999 -9999 -9999 -9999 -9999 -9999 -9999 -9999 -9999 -9999 -9999 -9999 -9999 -9999 0.102627940475941 0.0434209294617176 0.0116043742746115 0.00506590493023396 0.00697528291493654 0.00803541205823421 0.0164155699312687 0.0304316636174917 0.0535339638590813 0.0685630887746811 0.0707201510667801 0.0620729960501194 0.067393496632576 0.0810301750898361 0.091540589928627 0.0837737172842026 0.0724739953875542 0.0715667754411697 0.0821883752942085 0.0899303555488586 0.0817064493894577 0.0706807896494865 0.0700056552886963 0.0784148350358009 0.0899988636374474 0.100578106939793 0.11033508181572 0.119500115513802 0.129058539867401 0.136640921235085
-9999 -9999 -9999 -9999 -9999 -9999 -9999 -9999 -9999 -9999 -9999 -9999 -9999 -9999 -9999 -9999 -9999 -9999 -9999 -9999 -9999 -9999 -9999 -9999 -9999 0.227994129061699 0.0835871025919914 0.0193549320101738 0.00468499679118395 0.00506776291877031 0.00755494879558682 0.0112427687272429 0.0288473889231682 0.0561599135398865 0.0913611277937889 0.104209713637829 0.113021552562714 0.0794511288404465 0.0783267691731453 0.0996961519122124 0.133888512849808 0.100011967122555 0.0873056352138519 0.0911631509661674 0.112027585506439 0.146253943443298 0.101352877914906 0.0700053349137306 0.0622020438313484 0.0691323056817055 0.0799427032470703 0.090729333460331 0.102474115788937 0.112304739654064 0.121943235397339 0.131196185946465
-9999 -9999 -9999 -9999 -9999 -9999 -9999 -9999 -9999 -9999 -9999 -9999 -9999 -9999 -9999 -9999 -9999 -9999 -9999 -9999 -9999 -9999 -9999 -9999 -9999 0.165800720453262 0.0635057538747787 0.00891150441020727 0.00338462856598198 0.00527620082721114 0.00828403607010841 0.0151820685714483 0.0368020385503769 0.0710225850343704 0.108306422829628 0.124368883669376 0.13707759976387 0.106568351387978 0.098790742456913 0.102357044816017 0.114095941185951 0.0970089510083199 0.0883847698569298 0.0935492962598801 0.121145859360695 0.141449317336082 0.101941339671612 0.0691459253430367 0.0591109655797482 0.0621411539614201 0.0733977630734444 0.0820381119847298 0.0911340415477753 0.100391015410423 0.109237462282181 0.118614137172699
-9999 -9999 -9999 -9999 -9999 -9999 -9999 -9999 -9999 -9999 -9999 -9999 -9999 -9999 -9999 -9999 -9999 -9999 -9999 -9999 -9999 -9999 -9999 -9999 -9999 0.136833816766739 0.0451749600470066 0.0048792902380228 0.00337162730284035 0.00591891119256616 0.00896527245640755 0.0181829743087292 0.0399117469787598 0.0756673663854599 0.115417063236237 0.130128055810928 0.130473807454109 0.109523504972458 0.0972803682088852 0.0957548916339874 0.0948341861367226 0.0839793309569359 0.0749643817543983 0.0783576369285583 0.100830934941769 0.132422968745232 0.0883958339691162 0.0596711747348309 0.0525235198438168 0.056695681065321 0.0661487281322479 0.0721911638975143 0.0796517133712769 0.0880527049303055 0.0968387350440025 0.0275586824864149
-9999 -9999 -9999 -9999 -9999 -9999 -9999 -9999 -9999 -9999 -9999 -9999 -9999 -9999 -9999 -9999 -9999 -9999 -9999 -9999 -9999 -9999 -9999 -9999 -9999 0.117062650620937 0.0425675995647907 0.00544753856956959 0.0036355338525027 0.00602545775473118 0.0105227110907435 0.0197660401463509 0.0381822921335697 0.0679125413298607 0.10665612667799 0.123531222343445 0.103914648294449 0.0756134316325188 0.0654661431908607 0.073876328766346 0.0817494168877602 0.0693211331963539 0.0581206642091274 0.0559481419622898 0.061306469142437 0.0646849125623703 0.0578566901385784 0.0503950454294682 0.0484820231795311 0.050960149616003 0.0565172396600246 0.0626797303557396 0.070241704583168 0.0786714926362038 0.087115153670311 0.024981627240777
-9999 -9999 -9999 -9999 -9999 -9999 -9999 -9999 -9999 -9999 -9999 -9999 -9999 -9999 -9999 -9999 -9999 -9999 -9999 -9999 -9999 -9999 -9999 -9999 -9999 0.0996907874941826 0.0387286767363548 0.00604515615850687 0.0034716222435236 0.00615504989400506 0.0123352259397507 0.0209191739559174 0.037652313709259 0.066742442548275 0.101606011390686 0.113490059971809 0.0888935104012489 0.0569562092423439 0.0464969053864479 0.0596645995974541 0.0690963715314865 0.0569086223840714 0.0435619913041592 0.0395255349576473 0.0397313050925732 0.0367298983037472 0.040348369628191 0.0414908118546009 0.0427856296300888 0.0452837087213993 0.0478837676346302 0.0538564175367355 0.0613733157515526 0.0694139152765274 0.0777083486318588 0.0223359651863575
-9999 -9999 -9999 -9999 -9999 -9999 -9999 -9999 -9999 -9999 -9999 -9999 -9999 -9999 -9999 -9999 -9999 -9999 -9999 -9999 -9999 -9999 -9999 -9999 -9999 0.0812326446175575 0.0352103933691978 0.00755891762673855 0.00427650427445769 0.00632541021332145 0.0114947892725468 0.0197180602699518 0.0390965044498444 0.0660852938890457 0.0930280312895775 0.105363771319389 0.0787869319319725 0.0556233376264572 0.045543622225523 0.0484476499259472 0.051818385720253 0.0428215935826302 0.0323426276445389 0.0296999849379063 0.0306831877678633 0.0315532833337784 0.032813411206007 0.0342825539410114 0.0368439555168152 0.0390478037297726 0.0417082794010639 0.0466427095234394 0.0528408735990524 0.0606807880103588 0.0688698664307594 0.0196302961558104
-9999 -9999 -9999 -9999 -9999 -9999 -9999 -9999 -9999 -9999 -9999 -9999 -9999 -9999 -9999 -9999 -9999 -9999 -9999 -9999 -9999 -9999 -9999 -9999 -9999 0.0747454240918159 0.0351671315729618 0.00699895992875099 0.00399282528087497 0.00595740042626858 0.0100633539259434 0.0173768848180771 0.0343405641615391 0.0546600855886936 0.0717100873589516 0.0822369083762169 0.0636014714837074 0.0476229712367058 0.0391313806176186 0.0399233959615231 0.040496613830328 0.0346902944147587 0.0264243464916945 0.028351740911603 0.0292014721781015 0.0294206868857145 0.0305030178278685 0.0317530669271946 0.0325074717402458 0.0339607782661915 0.0363270454108715 0.041030514985323 0.046670988202095 0.0533101558685303 0.0606829822063446 0.0682225748896599
-9999 -9999 -9999 -9999 -9999 -9999 -9999 -9999 -9999 -9999 -9999 -9999 -9999 -9999 -9999 -9999 -9999 -9999 -9999 -9999 -9999 -9999 -9999 -9999 -9999 0.0744610652327538 0.0347776859998703 0.00628780154511333 0.00314464326947927 0.00563623989000916 0.00975695345550776 0.0142133198678493 0.0237431954592466 0.0345488041639328 0.041637908667326 0.0415531732141972 0.0394960269331932 0.0334477834403515 0.0295746512711048 0.0315702669322491 0.0316015407443047 0.028537156060338 0.0249255709350109 0.0269252210855484 0.0276374947279692 0.0278492160141468 0.0288068242371082 0.0298322830349207 0.0305930115282536 0.0313144586980343 0.032076757401228 0.0362207740545273 0.0418904647231102 0.0488733313977718 0.0546707734465599 0.0611373819410801
-9999 -9999 -9999 -9999 -9999 -9999 -9999 -9999 -9999 -9999 -9999 -9999 -9999 -9999 -9999 -9999 -9999 -9999 -9999 -9999 -9999 -9999 -9999 -9999 -9999 0.0772004351019859 0.0366038419306278 0.00664716912433505 0.00272059207782149 0.00529329292476177 0.00957127753645182 0.0140644190832973 0.0188268925994635 0.0230585522949696 0.0267105177044868 0.0270496960729361 0.0290833078324795 0.0265685394406319 0.0253221560269594 0.0301330145448446 0.0302279703319073 0.0286163128912449 0.0247441530227661 0.0254323240369558 0.0260120611637831 0.0261756274849176 0.0269462931901217 0.0281052347272635 0.0288187861442566 0.0296836048364639 0.0301485527306795 0.0312561765313148 0.0360849648714066 0.0370584540069103 0.0414188615977764 0.0433152318000793
-9999 -9999 -9999 -9999 -9999 -9999 -9999 -9999 -9999 -9999 -9999 -9999 -9999 -9999 -9999 -9999 -9999 -9999 -9999 -9999 -9999 -9999 -9999 -9999 -9999 0.0735334008932114 0.0371907353401184 0.00818704441189766 0.0028250957839191 0.00458983099088073 0.00918923318386078 0.0136035187169909 0.017913680523634 0.0209328159689903 0.0219230856746435 0.0258060805499554 0.0258980933576822 0.0255749449133873 0.0266204010695219 0.031504150480032 0.0344208180904388 0.032096054404974 0.0267801955342293 0.0258782766759396 0.0262543931603432 0.0264942049980164 0.0250417161732912 0.0263351015746593 0.0272386521100998 0.0282023046165705 0.0289301853626966 0.0294760167598724 0.0299130696803331 0.0303744208067656 0.0325994044542313 0.0314797386527061
-9999 -9999 -9999 -9999 -9999 -9999 -9999 -9999 -9999 -9999 -9999 -9999 -9999 -9999 -9999 -9999 -9999 -9999 -9999 -9999 -9999 -9999 -9999 -9999 0.116428025066853 0.0755573883652687 0.03795550391078 0.0100401835516095 0.00329885631799698 0.00372484582476318 0.00791492592543364 0.0123501094058156 0.0170199498534203 0.0202198307961226 0.0190593842417002 0.0210369154810905 0.0220867656171322 0.0224758181720972 0.0246896669268608 0.0330183915793896 0.0396744832396507 0.0372384898364544 0.0310271438211203 0.0293133296072483 0.029100090265274 0.0286814346909523 0.0254522301256657 0.0243088025599718 0.0251174904406071 0.0261887963861227 0.0271437969058752 0.0277318060398102 0.0280479043722153 0.0283861663192511 0.0291647408157587 0.0295023061335087
