meets/meet004/_saidas_enm/CCSM_SVM_0k_Aralia_warmingiana5.asc
NCOLS 154 
NROWS 168 
XLLCORNER -112 
YLLCORNER -55.5 
CELLSIZE 0.5 
NODATA_value -9999 
[rows 100 to 124 of 168, columns 56 to 111 of 154]
-9999 -9999 -9999 -9999 -9999 -9999 -9999 -9999 -9999 -9999 -9999 -9999 -9999 -9999 -9999 -9999 -9999 -9999 -9999 -9999 -9999 -9999 -9999 -9999 -9999 -9999 -9999 -9999 0.0766693493901214 0.107167360684651 0.0165850604031245 0.00879920350182339 0.0406751385754455 0.0545393417782565 0.0527452045813294 0.0420088896910825 0.036651889255886 0.034132775307071 0.0143657749042917 0.107963607886223 0.645158673609838 0.758687692065404 0.271587567631621 -0.0284135275894665 -0.0665414785486559 -0.0544263845458584 -0.0751110113675265 -0.050163996019974 0.0202722257069633 0.0779391518013608 0.104231989347047 0.132680500672676 0.173071650680907 0.248399815333897 0.353691261577228 0.465941467110497
-9999 -9999 -9999 -9999 -9999 -9999 -9999 -9999 -9999 -9999 -9999 -9999 -9999 -9999 -9999 -9999 -9999 -9999 -9999 -9999 -9999 -9999 -9999 -9999 -9999 -9999 -9999 -9999 0.0776250059609374 0.102049749387872 0.00677815228026424 0.0117500254767788 0.0353141482866781 0.0477374369244848 0.0462951285997851 0.0402373157720428 0.0338151531743365 0.0331353674294257 0.0166674683845596 0.164852663674425 0.661264215682349 0.599289973178294 0.127641660341933 -0.105178759048105 -0.100852452842214 -0.0775223242025739 -0.103736854074206 -0.057769569613764 0.022346490769678 0.0751254487472059 0.181774712036067 0.186831853088179 0.215589414740299 0.286938923774995 0.394524930047654 0.539847192676487
-9999 -9999 -9999 -9999 -9999 -9999 -9999 -9999 -9999 -9999 -9999 -9999 -9999 -9999 -9999 -9999 -9999 -9999 -9999 -9999 -9999 -9999 -9999 -9999 -9999 -9999 -9999 0.0801686945165571 0.0789671511446508 0.101967470103345 0.0130201256658904 0.00845816481111228 0.0268525369402631 0.0377813921927425 0.0393829257291473 0.0357716883053901 0.0313362020492839 0.0271083210574324 0.022135615932701 0.256904889185987 0.664623544320675 0.456591246625546 0.0516095927476354 -0.134378335552311 -0.117952433031684 -0.0782708726325425 -0.0834346396199203 -0.0464228628456151 0.0191015062873324 0.0727682102154463 0.145831326477851 0.197850706151942 0.212956435858872 0.272869594520162 0.392335459746624 0.522334665871477
-9999 -9999 -9999 -9999 -9999 -9999 -9999 -9999 -9999 -9999 -9999 -9999 -9999 -9999 -9999 -9999 -9999 -9999 -9999 -9999 -9999 -9999 -9999 -9999 -9999 -9999 -9999 0.0812557312198109 0.0807078966401545 0.103979522287781 0.0120579008871066 0.00837607450228628 0.0202772678597804 0.0303753639740607 0.0359966907101456 0.0383230323503352 0.029321334991976 0.024290082142248 0.0395118810617754 0.340496222277847 0.620363234718667 0.350171573448977 0.0148613499733952 -0.133764316482102 -0.10096527607893 -0.0529935578509787 -0.0453385171884955 -0.020395534403443 0.0313423203887863 0.0777753376210075 0.133940706392341 0.179041979471728 0.188424836333807 0.275129439016525 0.398278470470012 0.517053040462722
-9999 -9999 -9999 -9999 -9999 -9999 -9999 -9999 -9999 -9999 -9999 -9999 -9999 -9999 -9999 -9999 -9999 -9999 -9999 -9999 -9999 -9999 -9999 -9999 -9999 -9999 -9999 0.0828374656822317 0.0835155199360017 0.101117919086817 0.0104041107864757 0.010964234050613 0.020325618471811 0.0286308122947042 0.0372641663171889 0.0411065819074289 0.030337578902895 0.0236411294938473 0.0706219627278054 0.413745843698896 0.607666900600842 0.303915082821399 0.0344625505347678 -0.0878355325855579 -0.076965600252448 -0.025857048863028 -0.0193412427835098 0.00294623063519306 0.0451023451852356 0.0991986808283536 0.162449660836069 0.202093182900289 0.253032900430068 0.345640723556899 0.459998559921228 0.575453717057032
-9999 -9999 -9999 -9999 -9999 -9999 -9999 -9999 -9999 -9999 -9999 -9999 -9999 -9999 -9999 -9999 -9999 -9999 -9999 -9999 -9999 -9999 -9999 -9999 -9999 -9999 -9999 0.0875666260121941 0.0882560412255228 0.0882640666486191 0.010610258940949 0.0204487649773851 0.0259317344482488 0.0335143864463442 0.0433684281766304 0.047698351679241 0.0377762270563594 0.0339558250972384 0.0985542685074355 0.43901311698944 0.550218554036108 0.259894833319599 0.0506674179885596 -0.0579989194968891 -0.0579760966058112 -0.0268731477064631 -0.0199070371734479 0.0107384822793474 0.0580306212140024 0.110863852413678 0.17849766238318 0.235770484401526 0.307235512377944 0.414246298962564 0.514915241368194 0.623121961157565
-9999 -9999 -9999 -9999 -9999 -9999 -9999 -9999 -9999 -9999 -9999 -9999 -9999 -9999 -9999 -9999 -9999 -9999 -9999 -9999 -9999 -9999 -9999 -9999 -9999 -9999 -9999 0.100936940166298 0.0977455889553951 0.0677645477503032 0.0205867429629468 0.0334348086568917 0.0371351807581989 0.041588139690944 0.0512454141616664 0.0563559290391795 0.0504389493210324 0.0467077172973269 0.111744351181718 0.436098519070663 0.469205390005586 0.223013191018896 0.0632791228636596 -0.0253038864063011 -0.0453350297454783 -0.0399734701067649 -0.0123852865411654 0.0268727701177641 0.0747092127490946 0.13135087111081 0.185948443622902 0.246460963483192 0.335549665806285 0.447339133600913 0.554765820953092 0.649456425874915
-9999 -9999 -9999 -9999 -9999 -9999 -9999 -9999 -9999 -9999 -9999 -9999 -9999 -9999 -9999 -9999 -9999 -9999 -9999 -9999 -9999 -9999 -9999 -9999 -9999 -9999 -9999 0.130402898108237 0.106510235149052 0.0540939243443285 0.0346828825886875 0.0447077789275648 0.0441827969788745 0.0468955777934608 0.0583528845908868 0.0643193188593252 0.0603031031116171 0.0554607143681008 0.119258774949751 0.416033446065476 0.404670922618364 0.184005856688749 0.0695677941586699 -0.00211472219215975 -0.0125675874878841 -0.00535039477357513 0.02132730771997 0.0587180009961284 0.106700544972284 0.161190761288025 0.213778292256547 0.271143085397004 0.36386280976174 0.482404896381207 0.586037923111038 0.679424102157906
-9999 -9999 -9999 -9999 -9999 -9999 -9999 -9999 -9999 -9999 -9999 -9999 -9999 -9999 -9999 -9999 -9999 -9999 -9999 -9999 -9999 -9999 -9999 -9999 -9999 -9999 -9999 0.162380750600796 0.110848307110193 0.0474901457487458 0.0484756815889223 0.0510465160946789 0.0468408503086437 0.0473601259579163 0.0617357657815091 0.0708891455355624 0.0652972111464498 0.0618996224639269 0.123732036087029 0.387892315568569 0.32634153468352 0.139043440553332 0.0628090228437277 0.0196601581618176 0.0214742851363006 0.050082018717543 0.0654687243019945 0.10551144647774 0.145627762596304 0.184868559136683 0.233280954899755 0.296788699847705 0.398403312550052 0.510219551974928 0.603699145642406 0.705541937313609
-9999 -9999 -9999 -9999 -9999 -9999 -9999 -9999 -9999 -9999 -9999 -9999 -9999 -9999 -9999 -9999 -9999 -9999 -9999 -9999 -9999 -9999 -9999 -9999 -9999 -9999 -9999 0.167612597167285 0.100952541656757 0.0474381055058208 0.0492076597323657 0.0488999621793641 0.0366786303835185 0.0358288904380676 0.057182377296119 0.0687610413239402 0.0644976364501235 0.0661024823877787 0.141226495715044 0.341924230804698 0.248543585851239 0.0886051736733377 0.0441273133433852 0.0223992479565177 0.0313737586275121 0.0607992266763088 0.0853473225960608 0.123120127824818 0.163490092003123 0.201978052341679 0.250099680029098 0.313602300999289 0.404584547310111 0.507600430636833 0.60073569720986 0.704735325589534
-9999 -9999 -9999 -9999 -9999 -9999 -9999 -9999 -9999 -9999 -9999 -9999 -9999 -9999 -9999 -9999 -9999 -9999 -9999 -9999 -9999 -9999 -9999 -9999 -9999 -9999 0.125709807524952 0.153836239500937 0.088171367545275 0.0465854996364833 0.0517699488725681 0.0438573466198616 0.0235550917456728 0.012573582218397 0.0447997195159794 0.0667486888215082 0.0634162584385966 0.0797325045627094 0.162248985488394 0.275344261908614 0.130942837232025 0.0305700292801909 0.0102958477823976 0.00888622764889868 0.0177895703500661 0.0412071320569689 0.0695505465217897 0.109325258831835 0.153606482112036 0.205963719610047 0.262559418868928 0.321223311521952 0.393459279700279 0.48195852346758 0.572555911263587 0.66831736885618
-9999 -9999 -9999 -9999 -9999 -9999 -9999 -9999 -9999 -9999 -9999 -9999 -9999 -9999 -9999 -9999 -9999 -9999 -9999 -9999 -9999 -9999 -9999 -9999 -9999 -9999 0.136087500592315 0.122203598010174 0.0642335788780079 0.0453019538877604 0.0496935477825201 0.0390359801483082 0.012259009307704 -0.0119646852867179 0.0183221140803626 0.0488140574255051 0.0633214897296536 0.122380761815436 0.218446031941676 0.201747288494244 0.0734747968950187 -0.00458893026976698 -0.0183797885661261 -0.0181091269316284 -0.00666833403420725 0.016539941689183 0.0545621905134238 0.102943713674285 0.154344694860232 0.207824836671623 0.264437242539855 0.329506519606651 0.40259509743661 0.487830612621541 0.565499677556316 0.650131031932475
-9999 -9999 -9999 -9999 -9999 -9999 -9999 -9999 -9999 -9999 -9999 -9999 -9999 -9999 -9999 -9999 -9999 -9999 -9999 -9999 -9999 -9999 -9999 -9999 -9999 -9999 0.138522246436906 0.0835017687624326 0.0449508412392373 0.0446591609502918 0.0563794372964417 0.0318982414189083 0.00487927236778463 -0.0280670032561856 0.00248100000223705 0.0471790506124425 0.104293302452306 0.205807114640179 0.21235737932109 0.142074198239708 0.0460846916607893 0.00226414071278142 -0.018410825616327 -0.0210180697792957 -0.0105417984331223 0.00067440296891863 0.0409155030157942 0.0964434682529953 0.153753511284526 0.201137419310288 0.250698473307695 0.317627863641232 0.404527622198094 0.484049505061861 0.536088148744068 0.609075869131933
-9999 -9999 -9999 -9999 -9999 -9999 -9999 -9999 -9999 -9999 -9999 -9999 -9999 -9999 -9999 -9999 -9999 -9999 -9999 -9999 -9999 -9999 -9999 -9999 -9999 -9999 0.121789891150542 0.059300554314955 0.0401289331712077 0.0387344402129312 0.0347472169339995 0.0168687946992655 -0.00501821539877462 0.0277525315160673 0.102231723287613 0.138785947194198 0.191376623971929 0.22752228525098 0.15478350916645 0.108082737074213 0.0820455476779183 0.0448810416522052 0.0177348154497133 0.0112761984461351 0.0219368500449387 0.0325152367110081 0.0422005509061102 0.0822287478605855 0.13997048032666 0.187405311094413 0.229681230379099 0.286988826774828 0.354440461574015 0.422785047230138 0.474354282674202 0.526237739482516
-9999 -9999 -9999 -9999 -9999 -9999 -9999 -9999 -9999 -9999 -9999 -9999 -9999 -9999 -9999 -9999 -9999 -9999 -9999 -9999 -9999 -9999 -9999 -9999 -9999 0.229668600134779 0.0927571527702282 0.0527655557780242 0.046866279053658 0.0272870744052784 0.0183707917507223 0.012870192071363 0.0759064966125479 0.199646479920092 0.218996679314242 0.166515460966446 0.212875051489724 0.179448995810879 0.106069199138026 0.105907395486205 0.120735349649166 0.0775127339766497 0.0523027282174739 0.0499025071372116 0.0633575836521914 0.086168000550195 0.0511512825200772 0.0662763551481457 0.121830300288535 0.163070106419545 0.195992312024811 0.243494291055855 0.284374095911371 0.333449767209308 0.371796147749691 0.403178100146711
-9999 -9999 -9999 -9999 -9999 -9999 -9999 -9999 -9999 -9999 -9999 -9999 -9999 -9999 -9999 -9999 -9999 -9999 -9999 -9999 -9999 -9999 -9999 -9999 -9999 0.167042253828736 0.0701121499259801 0.044036947889728 0.0414202085494997 0.0188587244405025 -0.000529934926476905 0.0293280822887411 0.162094159091676 0.27639077466078 0.218625976853948 0.174981574636625 0.177901576092663 0.154666592105442 0.113649259140356 0.10380607066876 0.104892130083214 0.08013733840847 0.0602249196310886 0.0585151017192527 0.0752233817787172 0.0801475967709476 0.044033180678496 0.0441936034975811 0.0893839312320837 0.131352578194394 0.158184662000569 0.194731865718868 0.225806144570162 0.262142352167126 0.288586682225216 0.303062839421935
-9999 -9999 -9999 -9999 -9999 -9999 -9999 -9999 -9999 -9999 -9999 -9999 -9999 -9999 -9999 -9999 -9999 -9999 -9999 -9999 -9999 -9999 -9999 -9999 -9999 0.139997361093767 0.0580191164583041 0.0420861336548223 0.0402629005830965 0.00646534316821062 -0.00483396066780473 0.0500262422085819 0.177776416011656 0.21416934006641 0.172262113868154 0.138149355276851 0.140625920269399 0.12908080501493 0.10919406472488 0.102314557201905 0.0923186883368884 0.0711801331596506 0.0468767649400003 0.0402321133847902 0.0535166376138259 0.0692725861608972 0.0270982384408526 0.0260540969573773 0.0639836108446986 0.098604568086622 0.119776731357739 0.151287066071336 0.173037761345157 0.196527227115275 0.20603152759192 0.213581576193829
-9999 -9999 -9999 -9999 -9999 -9999 -9999 -9999 -9999 -9999 -9999 -9999 -9999 -9999 -9999 -9999 -9999 -9999 -9999 -9999 -9999 -9999 -9999 -9999 -9999 0.125384479310392 0.0562584841331047 0.0369897940915123 0.0291188545823977 -0.00636870823459634 -0.0177530886374695 0.0504357416292641 0.127246433419852 0.150198370304144 0.137103476426892 0.120925174617454 0.113255641065059 0.0945625338760748 0.0823751870793233 0.0886153997889063 0.0896632595581132 0.0602127547058267 0.0255334551888436 0.00975355691795493 0.00763317778760092 0.00476157085657286 0.000199233987449476 0.0159381884313184 0.0481776572091132 0.074041008808543 0.0915714202566568 0.113164865926206 0.126079905252169 0.13989109852899 0.138967103889464 0.128691946902817
-9999 -9999 -9999 -9999 -9999 -9999 -9999 -9999 -9999 -9999 -9999 -9999 -9999 -9999 -9999 -9999 -9999 -9999 -9999 -9999 -9999 -9999 -9999 -9999 -9999 0.118850176834748 0.0578055614027084 0.0369640224659612 0.0248629720143335 -0.01355757909544 -0.0138748776374671 0.0445599791749594 0.0894649862246972 0.112806336268437 0.113350317247744 0.104430348553854 0.0945411847020174 0.0669043016915113 0.0549175593869877 0.0702149377289859 0.0769426822679781 0.0435800641681349 0.00181213510156647 -0.0160801022001533 -0.0218526619057068 -0.0230469028207204 -0.01177081663532 0.00852151808466611 0.0349940904937863 0.052632063064549 0.0684724627426618 0.0845219964892044 0.088463156678238 0.0920789313534016 0.0795203210142887 0.0682800742749119
-9999 -9999 -9999 -9999 -9999 -9999 -9999 -9999 -9999 -9999 -9999 -9999 -9999 -9999 -9999 -9999 -9999 -9999 -9999 -9999 -9999 -9999 -9999 -9999 -9999 0.11117996750465 0.0587601873303767 0.0392721436848376 0.0238220033183254 -0.0109741439837286 -0.0116904262936556 0.0303379686882804 0.0700485619940805 0.0939456997303992 0.099920294907562 0.0970616404089251 0.0831005078615177 0.0593355264598628 0.047481613273834 0.051762525408749 0.0512555344926069 0.0197138089489985 -0.017177000103304 -0.0304323446591001 -0.0309392668307402 -0.0260131765728947 -0.0171941078835673 -0.00165743430441817 0.0189045934402764 0.0360088926288559 0.0501430585582767 0.0592487849454182 0.0586767735503838 0.0590001116544545 0.047192472731704 0.0335097487288072
-9999 -9999 -9999 -9999 -9999 -9999 -9999 -9999 -9999 -9999 -9999 -9999 -9999 -9999 -9999 -9999 -9999 -9999 -9999 -9999 -9999 -9999 -9999 -9999 -9999 0.109031049732794 0.0557848685742858 0.0425201874991565 0.0284019086761835 -0.0054680992784803 -0.0129976908774578 0.012056132077452 0.0469897390947053 0.0705831025257964 0.0796938577486148 0.0820153658565334 0.0651587519660768 0.0436653927033879 0.0328926466621582 0.0328956010807174 0.0310174896162632 0.00239142594907665 -0.0264592211496396 -0.034745124904587 -0.0344508022441878 -0.0287762510298512 -0.0212567113834994 -0.0102111913249814 0.00518395947122302 0.0198004779491214 0.0337078859125655 0.0409331710655594 0.0373214727320882 0.0346643875237484 0.0192477140859299 0.0084940132216737
-9999 -9999 -9999 -9999 -9999 -9999 -9999 -9999 -9999 -9999 -9999 -9999 -9999 -9999 -9999 -9999 -9999 -9999 -9999 -9999 -9999 -9999 -9999 -9999 -9999 0.106412301114872 0.0537741888475398 0.0441675807042949 0.0338779821321428 0.0028569588113298 -0.0173231318078891 -0.00610573172343865 0.0152658477847109 0.033047258578112 0.0421566375847631 0.0382664929773716 0.031998322941458 0.0177192497169185 0.0121979835162845 0.0168329081552761 0.0120862248286036 -0.00863535155699757 -0.0287667909169878 -0.0354824545396822 -0.0359953909445123 -0.032039049639188 -0.0262437252299093 -0.0165534793877421 -0.00245663119145029 0.00935660863788523 0.0183155964888904 0.0262852640900404 0.0252060589620104 0.0198294258073355 0.00392866642932338 -0.0127140111803182
-9999 -9999 -9999 -9999 -9999 -9999 -9999 -9999 -9999 -9999 -9999 -9999 -9999 -9999 -9999 -9999 -9999 -9999 -9999 -9999 -9999 -9999 -9999 -9999 -9999 0.104830334984369 0.0515917575536839 0.0444380305638654 0.0407227714894864 0.0107751382296324 -0.0166507988868484 -0.0200445128764426 -0.00871076978803875 0.00505360393628784 0.0118676750375046 0.0103938866052788 0.0112268149602504 0.0040149217776248 0.00277274561497126 0.0106056452652555 0.00599684123625827 -0.0119113468939297 -0.0295940095341006 -0.0355976444855294 -0.0377059587853589 -0.0359684760065933 -0.0318142224152291 -0.0230016308346425 -0.00776742579398082 0.0057773240182839 0.0171460256567587 0.0265114910636474 0.0217394593600863 0.018069773693502 -0.00125585420729152 -0.0160158495328361
-9999 -9999 -9999 -9999 -9999 -9999 -9999 -9999 -9999 -9999 -9999 -9999 -9999 -9999 -9999 -9999 -9999 -9999 -9999 -9999 -9999 -9999 -9999 -9999 -9999 0.102161614397395 0.0545004860464657 0.0482757394920287 0.0476235068019354 0.0206780890508629 -0.0103482155380469 -0.0246548562659032 -0.0198988189797731 -0.0115744932973413 -0.000341395921380161 0.00636124669860888 0.00488026617171367 0.00225873064212539 0.00455154612534558 0.0106447873531429 0.0111354772973143 -0.00922449825432758 -0.0293434395831939 -0.0354951292906835 -0.0382844969154533 -0.0390733572432943 -0.0378321881418627 -0.02866933287065 -0.0135339375759506 0.00334655634801623 0.0255864239732528 0.0236764448655105 0.0221742645635314 0.00879831262275949 -0.0182999497001239 -0.0188196357301819
-9999 -9999 -9999 -9999 -9999 -9999 -9999 -9999 -9999 -9999 -9999 -9999 -9999 -9999 -9999 -9999 -9999 -9999 -9999 -9999 -9999 -9999 -9999 -9999 0.0931218447606471 0.098596539793693 0.0538543538292424 0.0532610101178984 0.0556623564109033 0.0326417793524197 -0.000635649697834417 -0.0220279533376203 -0.0251616715946796 -0.0217733467627164 -0.0129688099863972 -0.004184238009246 -0.00447374529518052 -0.00562239443316076 -0.00162066284805773 0.00882963771692491 0.01288437753023 -0.00672928519327942 -0.0272971706935216 -0.0345061449937686 -0.0377193945822747 -0.0400287138199419 -0.0414764647836358 -0.0367043973054637 -0.0264899542663556 -0.014886233918081 -0.00190738225920761 0.000546959834447636 -0.00190973449855281 -0.0238319463832235 -0.0607578688211015 -0.0746086413263676
