meets/meet004/_saidas_enm/CCSM_Maha_0k_Cavanillesia_umbellata2.asc
NCOLS 154 
NROWS 168 
XLLCORNER -112 
YLLCORNER -55.5 
CELLSIZE 0.5 
NODATA_value -9999 
[rows 100 to 124 of 168, columns 56 to 111 of 154]
-9999 -9999 -9999 -9999 -9999 -9999 -9999 -9999 -9999 -9999 -9999 -9999 -9999 -9999 -9999 -9999 -9999 -9999 -9999 -9999 -9999 -9999 -9999 -9999 -9999 -9999 -9999 -9999 -46.6890831219091 -18.6658133670341 -20.8335958010625 -39.5549425077711 -53.1746886186315 -55.0367060065049 -41.6413197586314 -26.1031820581825 -12.9455016866211 -6.08587788851999 -5.17396087134371 -6.48596497572883 -9.47857244126672 -8.88197943085712 -6.71925022699571 -5.89921158540611 -6.59032122079836 -6.01566194177571 -3.46654105780888 -1.08130244919877 -0.187323936822982 0.0406393353461412 -0.00153440383000536 -0.0821069298829267 -0.19277080212649 -0.491130348164936 -1.12647913634057 -1.26605354750189
-9999 -9999 -9999 -9999 -9999 -9999 -9999 -9999 -9999 -9999 -9999 -9999 -9999 -9999 -9999 -9999 -9999 -9999 -9999 -9999 -9999 -9999 -9999 -9999 -9999 -9999 -9999 -9999 -50.0355740405642 -19.0841253950126 -25.401006200877 -43.7923730715839 -54.8177972039908 -53.7323557185739 -37.4898001476903 -23.1844309067442 -10.8537212793308 -5.5118870252632 -6.19960168439027 -8.56409858751225 -10.7230067261725 -10.7584463706132 -7.90165015050426 -7.2907030751589 -8.03439087124623 -7.51725970733578 -4.45879567120967 -2.43907846634251 -1.18821267162339 -0.306125216234001 0.172524418288664 0.214171157003459 0.0630195176987322 -0.287702457382294 -0.903071480376334 -1.02496738842266
-9999 -9999 -9999 -9999 -9999 -9999 -9999 -9999 -9999 -9999 -9999 -9999 -9999 -9999 -9999 -9999 -9999 -9999 -9999 -9999 -9999 -9999 -9999 -9999 -9999 -9999 -9999 -73.7791549886811 -53.1523688938677 -20.829297677788 -29.0759984477825 -47.3178174851818 -54.0721403749495 -49.6716196076543 -33.3691750281403 -19.3040476766213 -9.02727817463963 -4.19646145938468 -5.89232975896027 -10.3389685312731 -10.9764431758503 -12.5477080734642 -9.34762036297284 -8.6861471465622 -9.56354535013618 -8.87416535490738 -5.85297874310016 -3.23767123017739 -2.07427164860247 -1.41938801052172 -0.759199113832365 -0.0394588058077208 0.229443549122602 -0.000275231992103331 -0.57369454229625 -0.772098707649223
-9999 -9999 -9999 -9999 -9999 -9999 -9999 -9999 -9999 -9999 -9999 -9999 -9999 -9999 -9999 -9999 -9999 -9999 -9999 -9999 -9999 -9999 -9999 -9999 -9999 -9999 -9999 -73.9437838431911 -50.2666836764628 -22.6324176845036 -34.0045316609044 -51.5963641714872 -56.0293973541713 -48.537179222581 -29.8942588822796 -16.9825649483966 -7.77655242306444 -3.83307806866163 -6.31296600219275 -9.96762272503275 -12.6210432672277 -14.3319313456547 -11.0912786800718 -10.5399292644921 -11.6742445414156 -11.2687873729027 -8.00056749998884 -4.84146252363279 -3.195144138898 -2.58401642409603 -1.98531353642424 -1.35347039844977 -0.648817322572753 -0.181732521253693 -0.570875693026696 -0.848288585116488
-9999 -9999 -9999 -9999 -9999 -9999 -9999 -9999 -9999 -9999 -9999 -9999 -9999 -9999 -9999 -9999 -9999 -9999 -9999 -9999 -9999 -9999 -9999 -9999 -9999 -9999 -9999 -70.0116834452322 -44.0991416375492 -23.5184140662746 -40.1149681730624 -57.6528921413253 -60.1799077460092 -49.4441227096459 -28.5379932980074 -15.0909563058906 -7.56357050031502 -6.52762930015567 -8.7232348399726 -9.8699005317387 -13.0889783349817 -15.8314803762333 -13.6865741326101 -12.9972543688329 -13.8448019041802 -13.7479777030552 -10.4307510049163 -7.34214269995608 -5.3647595399529 -4.35375261302412 -3.74317948876327 -2.70602253840181 -1.97852234312035 -1.53703449666632 -1.50926974589198 -1.17485311414551
-9999 -9999 -9999 -9999 -9999 -9999 -9999 -9999 -9999 -9999 -9999 -9999 -9999 -9999 -9999 -9999 -9999 -9999 -9999 -9999 -9999 -9999 -9999 -9999 -9999 -9999 -9999 -61.3059448197194 -39.0101043244168 -26.1868683617374 -50.4212540056902 -68.7027396424561 -66.5865018712761 -53.2515841843437 -28.5995984207905 -14.4910629456104 -7.82874668117467 -8.76365045770116 -10.7093653053347 -10.5421558305536 -14.4334624118756 -17.4282738363751 -15.9585598458143 -14.9543870288324 -15.3040588329122 -14.9209303042086 -11.7913727796469 -9.33604617298179 -7.42944676380477 -6.3460178783011 -5.75693474869956 -4.66818660913249 -3.97735242711926 -3.34278099757141 -2.79172426388845 -2.79704507477048
-9999 -9999 -9999 -9999 -9999 -9999 -9999 -9999 -9999 -9999 -9999 -9999 -9999 -9999 -9999 -9999 -9999 -9999 -9999 -9999 -9999 -9999 -9999 -9999 -9999 -9999 -9999 -50.5042523241479 -34.4694608179835 -31.5718552132616 -62.5291801605279 -80.9309379025014 -77.1248057592467 -57.8144286225903 -29.2877576233757 -14.6132331887682 -8.4464302427281 -7.88076170996229 -10.3647590743148 -10.9662387995784 -15.7681502741344 -18.9844187432443 -17.8055823068381 -16.3265187420131 -15.5991012608426 -13.8082744657344 -12.4086494702208 -10.5511101373279 -8.96669454123163 -8.23084765836325 -7.19386644529934 -6.77860910204933 -6.51085941516706 -5.71233974930463 -5.03426840818581 -4.4171392091302
-9999 -9999 -9999 -9999 -9999 -9999 -9999 -9999 -9999 -9999 -9999 -9999 -9999 -9999 -9999 -9999 -9999 -9999 -9999 -9999 -9999 -9999 -9999 -9999 -9999 -9999 -9999 -39.8439430134868 -30.6161197052193 -38.6706228632431 -74.0363145714775 -92.067054222299 -84.3795181547472 -60.2534919503433 -29.9476753130419 -15.143786771519 -9.58041995036063 -7.5800974622094 -10.4804522605581 -11.7455322299592 -17.2210371592351 -20.8572853226284 -20.3083713707281 -18.9388512089666 -17.3727692703538 -15.5945377698355 -14.4195881887014 -12.9068657303264 -11.5481277603872 -10.8517931246538 -10.1749336885954 -10.0610679237993 -9.83646520952695 -9.07891836077121 -8.10832957309729 -7.19931234120478
-9999 -9999 -9999 -9999 -9999 -9999 -9999 -9999 -9999 -9999 -9999 -9999 -9999 -9999 -9999 -9999 -9999 -9999 -9999 -9999 -9999 -9999 -9999 -9999 -9999 -9999 -9999 -30.9176768480194 -25.8480865219339 -46.1434297461523 -86.4413778484971 -99.347404731236 -88.1777127274977 -59.7601251363779 -28.2107005668361 -16.3926659714676 -11.0605064214487 -8.22629236138917 -11.2498582750377 -13.139485729079 -19.5433417830646 -23.3544281188993 -23.6659343775848 -22.6844747208287 -21.7155477103601 -20.5036922856348 -18.2504725851724 -17.0384311054969 -15.6306994879102 -15.036266508697 -14.7199522473717 -14.2234493253324 -14.4226620008857 -13.3468369291971 -11.9966721186073 -10.8205519234439
-9999 -9999 -9999 -9999 -9999 -9999 -9999 -9999 -9999 -9999 -9999 -9999 -9999 -9999 -9999 -9999 -9999 -9999 -9999 -9999 -9999 -9999 -9999 -9999 -9999 -9999 -9999 -25.3238650804156 -25.5395038994003 -49.9555082597704 -84.7973864327714 -95.4890301089601 -79.362853404555 -50.9513536189669 -23.5741139751833 -13.916286897522 -12.7468157866161 -9.37503479727945 -12.3267575162621 -14.9545345842874 -21.4474369989154 -25.961546395891 -26.3694002741274 -25.9028147086116 -25.3662315105518 -24.556920118269 -22.957504761473 -21.9090772435546 -20.5567411566603 -19.9513307507415 -19.7006064342874 -19.3499918855555 -19.2721162057183 -18.0245222680188 -16.7095846317246 -15.4203800355937
-9999 -9999 -9999 -9999 -9999 -9999 -9999 -9999 -9999 -9999 -9999 -9999 -9999 -9999 -9999 -9999 -9999 -9999 -9999 -9999 -9999 -9999 -9999 -9999 -9999 -9999 -26.2464244100478 -22.6638133722776 -26.7668575149677 -53.6858077455153 -83.5209171851576 -85.8302044446444 -66.0825331484825 -40.0242652763 -17.1542322166569 -11.7947850187886 -9.59500097939052 -12.1555326814708 -14.433290403695 -17.9667306780875 -24.8671783456988 -28.7025756680991 -28.8064394002941 -28.4561780467445 -28.6243949855554 -27.7183640715065 -26.9848737363536 -26.746675332587 -25.5574808937654 -25.1271964077666 -24.6466731057437 -23.781954624399 -23.9659827156802 -22.5721922060684 -21.5970944631814 -20.5638681401428
-9999 -9999 -9999 -9999 -9999 -9999 -9999 -9999 -9999 -9999 -9999 -9999 -9999 -9999 -9999 -9999 -9999 -9999 -9999 -9999 -9999 -9999 -9999 -9999 -9999 -9999 -22.3554578303391 -21.5606606355873 -34.1234979662177 -60.6735521489957 -79.0501364758532 -74.6107979628875 -51.4376475882373 -30.7143216107603 -12.8692564009604 -9.95388355439606 -8.00043417120541 -15.5445727493559 -17.4687009981413 -22.5712748673706 -28.1942157945793 -32.0629362072007 -32.5977172358539 -32.6040317719662 -32.8850277776126 -32.7890938535917 -32.0917040211275 -31.4704766890402 -30.2535664137181 -29.8647548655731 -29.5987262430975 -28.9701596887564 -28.5111911736208 -27.1444437157143 -26.6133585568062 -26.203248785279
-9999 -9999 -9999 -9999 -9999 -9999 -9999 -9999 -9999 -9999 -9999 -9999 -9999 -9999 -9999 -9999 -9999 -9999 -9999 -9999 -9999 -9999 -9999 -9999 -9999 -9999 -19.8929048095517 -27.9333096744423 -50.1069852993409 -70.9634264114947 -85.781122961173 -62.7884104085791 -39.062181176567 -22.8716159577247 -11.7669854146613 -8.24693079054427 -11.5693508733699 -17.9635167169678 -23.4624157811666 -28.0769983493646 -32.8960918808988 -34.9148259942323 -36.3457980853752 -36.6590781500937 -37.0414308734949 -38.2798341446313 -36.3560070617655 -35.6892685121296 -34.6743039726438 -34.8715625010626 -34.5702681618048 -33.7568231167114 -33.1115558831681 -31.739108318128 -32.1184301237008 -31.933808421842
-9999 -9999 -9999 -9999 -9999 -9999 -9999 -9999 -9999 -9999 -9999 -9999 -9999 -9999 -9999 -9999 -9999 -9999 -9999 -9999 -9999 -9999 -9999 -9999 -9999 -9999 -19.4982262641591 -44.371068002144 -70.2568808577203 -78.2829464668026 -70.9739776321744 -47.4813669973938 -25.8953334165975 -14.6469804578242 -10.6643485870111 -12.3169368998965 -18.505760090004 -22.8291056745284 -29.3709637660452 -33.2361299537046 -35.1691704220963 -37.1305384537751 -38.4388356337286 -38.701327313192 -38.6361735493353 -38.6181389623046 -39.1240815593113 -40.1059565973542 -39.5820684548199 -39.9754189769823 -39.8602797870305 -39.501267187364 -39.0326816027922 -37.6411709601762 -37.7095972514294 -37.8653817036125
-9999 -9999 -9999 -9999 -9999 -9999 -9999 -9999 -9999 -9999 -9999 -9999 -9999 -9999 -9999 -9999 -9999 -9999 -9999 -9999 -9999 -9999 -9999 -9999 -9999 -13.4197012818869 -26.5082149274535 -67.7926186093729 -92.8564794819713 -80.6915405660956 -60.9404516998267 -36.2117539580887 -17.7547044208333 -11.9608430370901 -16.5464425284672 -24.0892422702491 -24.643782888443 -29.9160594992223 -35.7822241306647 -37.2321482715558 -37.403875064054 -38.9869207797773 -40.1078785146339 -39.9276223414029 -40.0258434065748 -38.4593688938642 -40.7337098077697 -43.8829930182048 -44.818122293664 -46.070482375366 -45.6933501792339 -44.7148978769748 -45.3344409502929 -44.4463185325332 -45.0858757056002 -44.7540849123415
-9999 -9999 -9999 -9999 -9999 -9999 -9999 -9999 -9999 -9999 -9999 -9999 -9999 -9999 -9999 -9999 -9999 -9999 -9999 -9999 -9999 -9999 -9999 -9999 -9999 -14.6496154068221 -35.6683114379126 -75.1134316779292 -95.0966331015027 -82.1607866611964 -52.0647053988154 -32.2112730883549 -19.989099019223 -18.9661384199663 -24.1017659685187 -29.3686460810201 -32.4475913671748 -35.782916423931 -39.461453992404 -40.5219708282071 -40.5709662137594 -41.6223852424929 -42.4832077086526 -42.1804030449505 -41.7591441431997 -41.7431907748078 -44.384879185508 -48.2788154895194 -49.5760876239989 -50.7459087867388 -50.8456593787968 -51.1902337008098 -51.8588317101009 -50.9776851668962 -51.5291193848468 -52.0066518182348
-9999 -9999 -9999 -9999 -9999 -9999 -9999 -9999 -9999 -9999 -9999 -9999 -9999 -9999 -9999 -9999 -9999 -9999 -9999 -9999 -9999 -9999 -9999 -9999 -9999 -16.9560619484895 -42.5435835828149 -82.3736486762904 -100.498871240598 -77.7871951589399 -47.4850546200612 -32.6719219736841 -27.8119399233429 -26.215820247159 -31.5901362489728 -38.7499744077814 -39.8302696062403 -41.0105418282687 -42.6717903467974 -42.7468420671199 -43.4794539889664 -44.2706850695677 -45.725337353607 -45.9236125296623 -45.8054695016854 -44.97398822731 -48.7005807611647 -53.4047078393396 -54.8981429109218 -56.1178902552382 -55.7575751677382 -56.6434009005218 -58.1177367718476 -57.859430989898 -59.0308782422462 -59.0821783673103
-9999 -9999 -9999 -9999 -9999 -9999 -9999 -9999 -9999 -9999 -9999 -9999 -9999 -9999 -9999 -9999 -9999 -9999 -9999 -9999 -9999 -9999 -9999 -9999 -9999 -18.8736463273512 -46.1959151205329 -84.1178915727963 -100.851833617198 -80.5645113750102 -51.0871454876026 -39.1889373983796 -33.389241021123 -33.5498043316179 -38.6690363092486 -43.8347296325162 -45.634227771719 -46.2638764704989 -46.51570300328 -45.6222348459834 -45.3227992515081 -47.1423670700525 -49.4808094025455 -50.8220041237844 -52.5939653262035 -54.0114597782773 -55.7617639554209 -57.7057365303024 -58.1618397906785 -60.1337770781034 -61.4739241577879 -62.5818098337487 -63.876813012593 -63.3614052131931 -64.6558252487248 -65.5314840429131
-9999 -9999 -9999 -9999 -9999 -9999 -9999 -9999 -9999 -9999 -9999 -9999 -9999 -9999 -9999 -9999 -9999 -9999 -9999 -9999 -9999 -9999 -9999 -9999 -9999 -20.8907498873793 -48.5184694016178 -88.1891340549435 -105.996650124908 -83.3145078354414 -55.1539839953701 -44.6415715762214 -39.3843042442981 -40.6354452473275 -44.7368055054181 -49.3577490740444 -50.5590616116626 -51.8935124621407 -51.911552669407 -49.6783547496453 -48.6183047038694 -51.0374152963198 -54.9286776354722 -57.3845241849106 -60.6934461087095 -62.8691573032523 -61.656458199187 -61.8974363556459 -61.7954240485282 -64.7646921432953 -66.2144426286585 -67.1634565620989 -68.85628410643 -68.8488236559019 -70.9165411808696 -71.0457675929766
-9999 -9999 -9999 -9999 -9999 -9999 -9999 -9999 -9999 -9999 -9999 -9999 -9999 -9999 -9999 -9999 -9999 -9999 -9999 -9999 -9999 -9999 -9999 -9999 -9999 -23.180307249714 -51.7040230275818 -90.9509223871833 -109.62267969407 -91.924483257905 -62.8941966795372 -48.9756997646638 -45.3135517066041 -46.5876846294562 -49.5229922578682 -52.0636171689027 -54.1963446097898 -55.8133127290797 -55.9161337291355 -54.3119594199512 -53.7105582451179 -56.9604963378902 -62.745718016216 -65.6721821315035 -66.4664162757888 -66.0099847642052 -66.160850009819 -66.425081016381 -65.8222162848634 -67.9169251774853 -69.9223002582129 -71.7344755418656 -73.6278399446025 -73.1956136077378 -74.4373438417805 -75.2656736281503
-9999 -9999 -9999 -9999 -9999 -9999 -9999 -9999 -9999 -9999 -9999 -9999 -9999 -9999 -9999 -9999 -9999 -9999 -9999 -9999 -9999 -9999 -9999 -9999 -9999 -24.7234204619573 -53.9974455918953 -96.2637952203899 -116.225837095433 -100.751774405437 -68.0653074355325 -55.6377074062693 -52.0345621928721 -52.943812985638 -54.7996024954312 -56.6454703970169 -58.9209727570714 -60.4512541629264 -60.5462503239117 -59.2922941270759 -58.5950954091121 -62.2676380480669 -69.3548822731863 -71.939628177752 -71.1220123886864 -68.9621987767116 -68.562300508529 -69.5318335146723 -69.2742234299197 -71.9020557454106 -72.8562826051096 -74.1610666324133 -76.5923616490818 -76.5306781802313 -78.2717338045101 -78.1517479462032
-9999 -9999 -9999 -9999 -9999 -9999 -9999 -9999 -9999 -9999 -9999 -9999 -9999 -9999 -9999 -9999 -9999 -9999 -9999 -9999 -9999 -9999 -9999 -9999 -9999 -26.3986271763305 -56.7150230828283 -101.801063008033 -124.22585734907 -110.486495137649 -77.0771332542467 -63.8201985793534 -60.1417117273256 -60.397258786901 -61.9990509313385 -64.3161186318614 -65.2851571258222 -66.3247951797974 -65.8264815181228 -63.4679670738038 -62.9048057630425 -66.4089298180645 -72.6926562742171 -75.2934616637748 -74.0917341626284 -71.7681903332341 -71.7474896341299 -72.2303464287809 -72.1074978638917 -74.0320992645815 -75.6934055468165 -76.9818572136762 -78.13203993696 -77.9916819654262 -79.5898920886538 -80.7056638634368
-9999 -9999 -9999 -9999 -9999 -9999 -9999 -9999 -9999 -9999 -9999 -9999 -9999 -9999 -9999 -9999 -9999 -9999 -9999 -9999 -9999 -9999 -9999 -9999 -9999 -28.0116466176115 -58.4955072355445 -105.843729917562 -132.19359869972 -118.889389098597 -88.4956810643429 -74.0856612084033 -68.8890440054562 -68.0456222187077 -69.0110704663505 -70.864837211082 -70.686512666895 -70.8756755875322 -69.4821734584242 -66.2784708643074 -65.4701894798482 -68.5807667135965 -74.9826365256161 -77.743316335377 -77.1739530095406 -74.9366522894278 -74.3333530166355 -75.2139546631172 -74.3875337323523 -76.200728348602 -76.8414523064821 -77.1969928391922 -79.3252305434587 -79.7176619557941 -81.4746198402273 -82.3645318658918
-9999 -9999 -9999 -9999 -9999 -9999 -9999 -9999 -9999 -9999 -9999 -9999 -9999 -9999 -9999 -9999 -9999 -9999 -9999 -9999 -9999 -9999 -9999 -9999 -9999 -29.8673513687984 -61.5635735187805 -109.178523243365 -138.731750553018 -128.156863705094 -101.452417666467 -85.6140042706951 -76.9703442179225 -74.8659926323922 -73.8406795648915 -73.8224168701747 -73.9411804697752 -73.2985858676745 -71.0838279629866 -67.7787417636008 -65.9295745215401 -69.3438209454672 -76.2854693898558 -79.4827865817804 -79.8051412090354 -78.4035138127945 -77.8230219858499 -77.8590488572474 -76.6135131239367 -77.0840604646301 -76.2258225232901 -77.3547464260277 -80.7099525012284 -79.9438639038189 -81.0853937555333 -82.3152203739768
-9999 -9999 -9999 -9999 -9999 -9999 -9999 -9999 -9999 -9999 -9999 -9999 -9999 -9999 -9999 -9999 -9999 -9999 -9999 -9999 -9999 -9999 -9999 -9999 -22.5201395380453 -33.2805936195553 -67.644428134378 -113.223606159306 -143.75582507041 -136.06257919732 -112.69864309536 -94.3832447350685 -84.2602456385821 -81.19034080582 -79.619361658959 -78.5736749436464 -78.1632528378175 -76.7986568972402 -73.7558535907219 -69.4930684987938 -67.1445974369335 -70.6200110430074 -77.0137774737759 -80.2004158750808 -81.0834412717625 -80.738804927313 -80.8282341803028 -80.537954330156 -78.2407045563889 -76.9723533336924 -76.2018288422624 -77.8497320648343 -80.5046112444031 -77.2884658018495 -73.3830573419473 -71.8640390098189
