meets/meet004/_saidas_enm/CCSM_SVM_21k_Aralia_warmingiana1.asc
NCOLS 154 
NROWS 168 
XLLCORNER -112 
YLLCORNER -55.5 
CELLSIZE 0.5 
NODATA_value -9999 
[rows 75 to 99 of 168, columns 56 to 111 of 154]
-9999 -9999 -9999 -9999 -9999 -9999 -9999 -9999 -9999 -9999 -9999 0.0507561374666387 0.0382889574921539 0.044414590884521 0.0683356024976935 0.0998117333356186 0.104883072760469 0.254743750836807 0.360743026632732 0.300636204418597 0.362147108186819 0.417182724029746 0.485121696501914 0.534232822698897 0.574605271269071 0.611491930964145 0.616091887228356 0.63533789354818 0.639629882774389 0.645007402661005 0.653751495080061 0.653960753281487 0.655670813882994 0.667141874652966 0.682550254268051 0.697041666025001 0.722240217160569 0.747183161257098 0.77985882111411 0.81489791199508 0.839850267412849 0.851116436170024 0.85318434099061 0.845298511739146 0.829912657702938 0.823617260663704 0.80957962733518 0.784865276927329 0.733847566341716 0.653315925122582 0.563670742959809 0.488023141141855 0.416209116266021 0.363453397140065 0.318124751434806 0.279475216856725
-9999 -9999 -9999 -9999 -9999 -9999 -9999 -9999 -9999 -9999 -9999 0.041087150207956 0.0314523525910435 0.0257878380989435 0.056159255094375 0.0795008931672991 0.0700789946382454 0.12788281215753 0.231165429550123 0.218479784730573 0.225936400437087 0.333379924556751 0.417125219478825 0.482082361114362 0.525322671274183 0.572163416168869 0.571977379603569 0.587071897942305 0.594808710145976 0.602081730180285 0.610380081035458 0.615562107625973 0.622722680823313 0.62903249411197 0.64085523724158 0.651777650577243 0.667947537666528 0.685061938276276 0.717866096761507 0.75782168669116 0.793043310176954 0.81970102520043 0.837784838375861 0.849377958186268 0.850603758421579 0.850524472468001 0.840223935241837 0.814792631774717 0.766914713675903 0.693199518573306 0.613874462659152 0.534594523067787 0.446022250454618 0.380999793687561 0.328615848883195 0.283548535330844
-9999 -9999 -9999 -9999 -9999 -9999 -9999 -9999 -9999 -9999 -9999 -9999 0.0479323030718542 0.0275421804534864 0.0412062005248359 0.0652829841368657 0.0693199606074766 0.0472373421115522 0.0483972444220813 0.0798896101213799 0.156446792056239 0.234327220472396 0.333608913995144 0.392782216324631 0.487179768335415 0.538472204140807 0.547106963922548 0.534363045921485 0.533066072674886 0.536299495344239 0.556158710375474 0.557776647629105 0.572141772662905 0.582816202834146 0.592827686701658 0.602141931993712 0.610046388749672 0.620710231059898 0.644702182844307 0.677637113637986 0.711674710694422 0.739470427007038 0.764239252650327 0.79008471263967 0.813312287644498 0.830190073051171 0.827795039981037 0.808844950748196 0.769891229419416 0.702102125661283 0.619789978748183 0.545583227638927 0.472412389042976 0.415648433524288 0.364761691612033 0.323315369708544
-9999 -9999 -9999 -9999 -9999 -9999 -9999 -9999 -9999 -9999 -9999 -9999 0.0497904092770118 0.0562595482214703 0.0599116555055766 0.0769500364025783 0.0706652000459571 0.0665514357807088 0.0545341931140963 0.0297369279808931 0.0898323449046194 0.134052253915864 0.254050563360447 0.374006097590118 0.488602251045123 0.551195804375145 0.504200469117707 0.471695668851377 0.46547837297108 0.458095128885944 0.500171772821298 0.495725556458196 0.507369128245982 0.52540263992904 0.54221676092113 0.549148424310906 0.558452039474997 0.55489222628263 0.571272584559292 0.602170056525899 0.625673608633714 0.65375452642118 0.669476641490127 0.701389779971204 0.740007924532024 0.76233414743916 0.780242837766887 0.775341979854908 0.747600499763944 0.68560403957431 0.61597806767883 0.563379097918592 0.5039386485593 0.457902887499749 0.416480188908227 0.381294554270137
-9999 -9999 -9999 -9999 -9999 -9999 -9999 -9999 -9999 -9999 -9999 -9999 -9999 0.0491604918364001 0.0739631692212039 0.0646827683780603 0.0723216408081558 0.0780251630582006 0.0751275323892727 0.0664945979538384 0.0522947642949174 0.0393803152215928 0.181522036274048 0.406382522013365 0.561534895894677 0.614808088388376 0.537908162680362 0.434685615546192 0.391033288429923 0.399462948696536 0.415084168786113 0.423111140934008 0.441980071201241 0.465386911127619 0.481528281232263 0.499384087968227 0.50726203372327 0.506892267945139 0.516434224534865 0.534250160207708 0.553516058692421 0.576163944321174 0.594903890577207 0.630878074807094 0.670967259142891 0.69723549875859 0.717202034854074 0.728397821609689 0.715772943331626 0.673653039909678 0.623304967698806 0.584074842006728 0.54726761736731 0.519350707723853 0.491578771927902 0.472343576442315
-9999 -9999 -9999 -9999 -9999 -9999 -9999 -9999 -9999 -9999 -9999 -9999 -9999 0.0309021107371299 0.0871237951177747 0.058980250770596 0.0721452310956629 0.0864060864971235 0.086433045841741 0.0794313410106501 0.0774820127054943 0.0533960179074378 0.0609420325078746 0.172147120035476 0.282138920822798 0.563920916989585 0.541836592789837 0.419542862547601 0.353811960467723 0.355749221724032 0.346148936726599 0.352944698151483 0.376601288640501 0.407648662626947 0.424005031740398 0.449610627049364 0.468967206046348 0.473202379466904 0.479238048936491 0.490329354307516 0.500760147409331 0.530042749895747 0.554698122258193 0.592002017821203 0.63412403434175 0.654177205049473 0.677321986125442 0.695602186464356 0.693270609066341 0.666364696763379 0.632940626608776 0.615528163838847 0.596682323105733 0.585426614811633 0.554909928124244 0.515178586629561
-9999 -9999 -9999 -9999 -9999 -9999 -9999 -9999 -9999 -9999 -9999 -9999 -9999 -9999 0.081212883270621 0.0692084917069064 0.0661550283206858 0.0831459043918484 0.0852754246712864 0.0807133656244425 0.0723713895261586 0.0581644568712057 0.0568699874331507 0.0552439479510703 0.0351477986813674 0.0494775618144508 0.153361077321266 0.344258026079925 0.381084705032751 0.333182953860256 0.295294434530214 0.308473274675482 0.317116491793952 0.346808633201147 0.391417135416921 0.42093419782736 0.445260853802547 0.459403412177574 0.465766882507812 0.473492588224354 0.486340147584515 0.511636957866637 0.540498933374476 0.576066156871552 0.609009506867293 0.629102389365827 0.651044249671135 0.670977078924764 0.674977584082948 0.657437234740266 0.64078690733233 0.638270433761346 0.611154323167827 0.581381280925216 0.573606282929109 0.556170402971218
-9999 -9999 -9999 -9999 -9999 -9999 -9999 -9999 -9999 -9999 -9999 -9999 -9999 -9999 0.0405947956170471 0.0664013882543549 0.0527654239987216 0.0754212643036201 0.0835564039706788 0.0828108505601338 0.075315679706487 0.0695454163826129 0.0822047041694033 0.08679906118376 0.0776965080209381 0.0746232168237665 0.0540601348042254 0.0225675363083111 0.107591947115562 0.123409764913956 0.162884908012768 0.266894592000874 0.278430238499272 0.302531678541119 0.364548636294645 0.402368048782816 0.451444479932515 0.479561677228133 0.483807320301564 0.481408901549903 0.4802558000289 0.508196731645183 0.537856283755016 0.574488218515341 0.599991237300484 0.614028098880383 0.641511573298296 0.659779790913095 0.668705739293226 0.660803455405769 0.64754883353518 0.639644985331158 0.599520304649861 0.579648265017379 0.591045787055111 0.60026969742979
-9999 -9999 -9999 -9999 -9999 -9999 -9999 -9999 -9999 -9999 -9999 -9999 -9999 -9999 -9999 0.0465923385162483 0.0404167517465577 0.0573107165005151 0.0787172845665618 0.0841534292328072 0.0849258989704639 0.0829119126987735 0.0900252212111949 0.0926256102965456 0.0920215321294728 0.0927611489857689 0.0874531360941261 0.084226672973519 0.0726889368390695 0.0280816771841438 0.0928101452210605 0.223378627858656 0.232767745932511 0.252653062115055 0.336741744985167 0.410686735395285 0.451292416240642 0.473156758448633 0.499156163187894 0.526107726954291 0.538602246184707 0.524735590949006 0.535317018333329 0.565967624762557 0.595722721262582 0.618787701658454 0.640891468980284 0.656794814864886 0.658296894346194 0.664352142368194 0.657026044024915 0.639262272953442 0.612562566103356 0.599242402499202 0.600849467280872 0.605261313903383
-9999 -9999 -9999 -9999 -9999 -9999 -9999 -9999 -9999 -9999 -9999 -9999 -9999 -9999 -9999 0.087257268557022 0.0534216834656792 0.0200531841822491 0.059522570069948 0.0818548627521986 0.0888171094712599 0.0855641929166519 0.0943045212495037 0.0958042447529516 0.0951649413422637 0.0979085937082617 0.0961675971269587 0.0973957433805558 0.0937173593794858 0.0666517654707172 0.0681489433805508 0.0955051507051017 0.174430813684696 0.244727875369094 0.321384052900019 0.418781274596554 0.440610745282199 0.451977914428709 0.494279432297012 0.569979412050023 0.641421842938575 0.556467485259472 0.535740072957797 0.56261510287036 0.594280885109274 0.620294457993987 0.631452411564709 0.627448738573221 0.631847247218242 0.645665764657249 0.654156498012004 0.647544984045199 0.629297410621288 0.617510737121974 0.611642138324252 0.605650012057062
-9999 -9999 -9999 -9999 -9999 -9999 -9999 -9999 -9999 -9999 -9999 -9999 -9999 -9999 -9999 0.146191166258596 0.081470981248649 0.00856627808086075 0.0292700268903492 0.0630288544444533 0.0809564882659333 0.0845406293514903 0.0890379561951737 0.0913830342499425 0.0902836105319697 0.0905941115017513 0.0903773038084794 0.0924698923893571 0.0854286768910783 0.067052321091672 0.0698452542256875 0.0819063208218184 0.163796037569914 0.352650466493924 0.384895940712029 0.40038725836909 0.416071549823182 0.429699664776126 0.473016573732476 0.553669239529435 0.624908264091498 0.54583243901936 0.541441406720953 0.572953018581556 0.600275285721371 0.612259217846294 0.608591591914509 0.601612293174301 0.607372711891058 0.631563607390249 0.648617743079962 0.648171151803753 0.63950794889786 0.628417126214871 0.614039969228221 0.60834831507924
-9999 -9999 -9999 -9999 -9999 -9999 -9999 -9999 -9999 -9999 -9999 -9999 -9999 -9999 -9999 -9999 0.177845918449205 0.0597810733773674 0.0136348337243673 0.0259815771865027 0.0586362563394263 0.076296062008248 0.0868517225498799 0.0899459526527066 0.0898117033888804 0.0913062812751695 0.0882740294366898 0.0894002420033284 0.0841587279033251 0.0762570997913034 0.0735824369873879 0.0860657773555313 0.119814151843558 0.296173295083761 0.454697212964845 0.48062543718535 0.478571468245265 0.462861212524297 0.481997809264846 0.53732596531933 0.609095637707228 0.528156814475328 0.542567821171027 0.561605261664046 0.578280414373598 0.590497591202168 0.586152647050889 0.579352923232139 0.587916333094691 0.614060108156885 0.634387446137579 0.62664313629353 0.62308191417106 0.612334701623485 0.590585535532412 0.593015124213948
-9999 -9999 -9999 -9999 -9999 -9999 -9999 -9999 -9999 -9999 -9999 -9999 -9999 -9999 -9999 -9999 -9999 0.195259331271496 0.082080114101202 0.0290220491971813 0.039510152373663 0.0479989035036028 0.0738979502812734 0.0838025521333764 0.0874943582269145 0.090881709280986 0.0921641919730222 0.0927132650219952 0.0905514144745498 0.0835844343132573 0.0814041202080057 0.0731390779758178 0.0831417877848414 0.111098433520873 0.291172758955528 0.597391386434114 0.615509015270534 0.559386853116448 0.515102840239125 0.516690399537349 0.526097131438353 0.529142422273021 0.546539154059778 0.558247028814058 0.562268330050159 0.566986727645082 0.568189685252066 0.567578951518829 0.574238144397916 0.584610067502993 0.588918292751966 0.575549591966625 0.548616813226714 0.538803083088932 0.542028054917979 0.548237120025827
-9999 -9999 -9999 -9999 -9999 -9999 -9999 -9999 -9999 -9999 -9999 -9999 -9999 -9999 -9999 -9999 -9999 -9999 -9999 0.0927880638626027 0.0583229708465814 0.0387670090495607 0.0577356737050986 0.0772438538466892 0.0852268122925413 0.0888433182077642 0.092254142117084 0.0947467583604362 0.093822959454181 0.0880883991911466 0.0833376134143005 0.0734961643062689 0.0680557674799074 0.0765727069558698 0.106286493692707 0.337353820701453 0.579831063536699 0.708808072744348 0.661564254621546 0.61603362435755 0.574850610672205 0.562123430053835 0.555183893579746 0.551831314444977 0.548362112964955 0.550453033367331 0.551816328311778 0.550405208591717 0.55403244712034 0.560281593547053 0.555986547309563 0.532868549187615 0.484571717204621 0.474649495880014 0.492091960246474 0.510621545558389
-9999 -9999 -9999 -9999 -9999 -9999 -9999 -9999 -9999 -9999 -9999 -9999 -9999 -9999 -9999 -9999 -9999 -9999 -9999 -9999 -9999 0.0855583760167587 0.0744737925445896 0.072299047738919 0.0799691920968174 0.0859552874655764 0.0896699641683473 0.0927668259105172 0.0938076532857863 0.0923486706442505 0.0874638591687323 0.0762826603591321 0.0724049298820256 0.0673466619861841 0.0682035922220294 0.0821219286721733 0.208126805038975 0.608745389654927 0.751833307398525 0.697854248609916 0.612437334411314 0.578233618007533 0.54625587338735 0.544453457575975 0.541403769274987 0.542951130484179 0.551126880116383 0.554232118075268 0.550502293343548 0.560704775470569 0.558166616830915 0.523793856802123 0.482506142799562 0.46668199313756 0.474096673603459 0.50661448015934
-9999 -9999 -9999 -9999 -9999 -9999 -9999 -9999 -9999 -9999 -9999 -9999 -9999 -9999 -9999 -9999 -9999 -9999 -9999 -9999 -9999 -9999 -9999 0.0794821184184918 0.0692347489527184 0.0736713871443296 0.0820261995816217 0.089113111945773 0.0920612585799565 0.0931297515858514 0.0913215824378732 0.0829084724383468 0.0722459657077505 0.0672334982283591 0.0626063082717428 0.0649451407928389 0.084153964977746 0.191231695687793 0.497296025753236 0.679909797505761 0.66918152882814 0.623807611726981 0.566675677381365 0.547401935187332 0.544405698641143 0.551113953907563 0.563143719831968 0.571110390170938 0.570128882868809 0.576668395412968 0.571542079664698 0.538899194405019 0.495532033343336 0.474047091456329 0.478306823257805 0.497346806741751
-9999 -9999 -9999 -9999 -9999 -9999 -9999 -9999 -9999 -9999 -9999 -9999 -9999 -9999 -9999 -9999 -9999 -9999 -9999 -9999 -9999 -9999 -9999 -9999 -9999 0.0630359746958187 0.058835072222082 0.0701642575935013 0.0839671823660058 0.0896051814643063 0.0912785423888096 0.0901655802527268 0.0853112133996002 0.0760473758989254 0.0676922356712998 0.0708911376084626 0.0653390040033669 0.0803317635712051 0.171219907827396 0.509253146183193 0.695880721847317 0.668292640009942 0.611274470006443 0.589031651782588 0.574186391661206 0.58143425598616 0.586370770506895 0.600724242535216 0.603273746207946 0.597818817156977 0.588118910450567 0.548902348602414 0.512037260348773 0.490851558702294 0.477801187309919 0.466376063320426
-9999 -9999 -9999 -9999 -9999 -9999 -9999 -9999 -9999 -9999 -9999 -9999 -9999 -9999 -9999 -9999 -9999 -9999 -9999 -9999 -9999 -9999 -9999 -9999 -9999 0.0887096919230933 0.0651166362187633 0.0438327881717684 0.0606693525345176 0.076597964187768 0.0839480111119782 0.0886800416363152 0.0912477578555615 0.0883986653948121 0.0781503991919467 0.0684513909398923 0.0631366993637464 0.0712967251119557 0.116879833154408 0.315444351184784 0.618669266885509 0.696743608941629 0.677900080446969 0.653671948398032 0.623600179431497 0.617611842230455 0.615082913615153 0.620595802678649 0.618301606227566 0.607756901180204 0.585226712411276 0.551840349663674 0.527967666665247 0.51135080401021 0.500647721816226 0.472294495113348
-9999 -9999 -9999 -9999 -9999 -9999 -9999 -9999 -9999 -9999 -9999 -9999 -9999 -9999 -9999 -9999 -9999 -9999 -9999 -9999 -9999 -9999 -9999 -9999 -9999 -9999 -9999 0.0578823576884408 0.0435786753921497 0.0614258943765806 0.0786339092180386 0.0815832117715756 0.0847674202003771 0.0874098561664083 0.0878290127137114 0.0833908999187964 0.0725368255300698 0.0706398596230342 0.0978619320534915 0.214395272276073 0.520383292797045 0.703607434583756 0.720720851732016 0.685918925971472 0.648586493271922 0.636625064173026 0.628368604896035 0.618922693671823 0.615424659037179 0.596088552003037 0.567664117407124 0.553605492603005 0.544387365867005 0.53593140492263 0.525774933347828 0.497593536045048
-9999 -9999 -9999 -9999 -9999 -9999 -9999 -9999 -9999 -9999 -9999 -9999 -9999 -9999 -9999 -9999 -9999 -9999 -9999 -9999 -9999 -9999 -9999 -9999 -9999 -9999 -9999 0.0810813605368277 0.0586869003018278 0.0577751206696023 0.0615862779926608 0.0716007380722735 0.0781277674076594 0.0819949844870358 0.0828157548672587 0.0808973837099373 0.076913541391959 0.0712563121601673 0.0776512187067555 0.162804076008258 0.483974291248052 0.713430656034384 0.703443838605863 0.646838045419693 0.634556437560393 0.644247033900076 0.635099221179869 0.612420585126806 0.601335899382631 0.585198758505355 0.5710690562077 0.56687962947077 0.566809016410833 0.570161582686018 0.570283458943668 0.557179769974832
-9999 -9999 -9999 -9999 -9999 -9999 -9999 -9999 -9999 -9999 -9999 -9999 -9999 -9999 -9999 -9999 -9999 -9999 -9999 -9999 -9999 -9999 -9999 -9999 -9999 -9999 -9999 -9999 0.0729080892225957 0.0615649084529576 0.0332825454707065 0.056266148839709 0.0753460832674065 0.0816884219934895 0.0794819192797917 0.0734982127318203 0.0717362987513506 0.0684528908521221 0.0488323802115312 0.0999835511269205 0.393902105464411 0.718768386447591 0.722721012798638 0.604604526857096 0.588178129606799 0.646881215324996 0.615585807740504 0.588448097303274 0.578050320175004 0.573321294380566 0.564984310192436 0.575953889147878 0.599675163063734 0.62070791612585 0.618180792575727 0.621583128736757
-9999 -9999 -9999 -9999 -9999 -9999 -9999 -9999 -9999 -9999 -9999 -9999 -9999 -9999 -9999 -9999 -9999 -9999 -9999 -9999 -9999 -9999 -9999 -9999 -9999 -9999 -9999 -9999 0.0807820893011761 0.0737508767160135 0.027378132278744 0.0496390145384785 0.0791544766139496 0.0863367434107253 0.0821527772666388 0.071012971646741 0.066627361653058 0.061753306046306 0.037834211573264 0.0490461868832868 0.319110523602875 0.682935728596131 0.74903699876136 0.62780635140247 0.554557385196409 0.53551398612497 0.558330876501809 0.589972410986847 0.598453950754001 0.586263223938636 0.593764650147442 0.602075489868338 0.625552172212032 0.655414121812005 0.673819527581307 0.698381615050796
-9999 -9999 -9999 -9999 -9999 -9999 -9999 -9999 -9999 -9999 -9999 -9999 -9999 -9999 -9999 -9999 -9999 -9999 -9999 -9999 -9999 -9999 -9999 -9999 -9999 -9999 -9999 -9999 0.0848800140926025 0.077047647377687 0.0279868434993354 0.0501603425583954 0.0867721487018606 0.0914209569694388 0.0848615786069132 0.0710272354454805 0.0652259981743418 0.0623637245634247 0.0375493575209299 0.0162241050839296 0.249511978343139 0.665371098058481 0.729118484808975 0.600838428091376 0.522164970495505 0.490535281163575 0.487278491669797 0.56699942191983 0.629569951272055 0.613545872400898 0.636355053995471 0.639088996849525 0.655837273104055 0.68868972552865 0.724640120381962 0.765474358537494
-9999 -9999 -9999 -9999 -9999 -9999 -9999 -9999 -9999 -9999 -9999 -9999 -9999 -9999 -9999 -9999 -9999 -9999 -9999 -9999 -9999 -9999 -9999 -9999 -9999 -9999 -9999 -9999 0.0823767979871372 0.0714162574641148 0.0114451839041563 0.0573197596434527 0.0872788646986172 0.0919460301622722 0.0880064799942942 0.0781276705804051 0.0695912107160198 0.0617848144267661 0.0307622219352379 0.00617709057749521 0.247344454056976 0.626937884119661 0.692428819225296 0.547971969101527 0.464301854723467 0.452142462409187 0.470635438884251 0.516238244272025 0.585204931908191 0.639738310698506 0.667857093962308 0.68696933869419 0.706686555435314 0.739146972822104 0.782216936691513 0.825794587824925
-9999 -9999 -9999 -9999 -9999 -9999 -9999 -9999 -9999 -9999 -9999 -9999 -9999 -9999 -9999 -9999 -9999 -9999 -9999 -9999 -9999 -9999 -9999 -9999 -9999 -9999 -9999 -9999 0.0800287310609708 0.0532330831724662 0.00901641405547232 0.0651464058366897 0.0880444533747582 0.0919200251497354 0.0887770706168585 0.0830925855382627 0.0717593564092817 0.0616899220400746 0.0244553408103139 0.00764486807197562 0.272083833643205 0.617452187925654 0.606055134960127 0.446694813134338 0.383613112267251 0.382665923408199 0.439206910860704 0.514316738841604 0.575056986122285 0.632691633090113 0.712361178853806 0.731754201838659 0.750976348791101 0.789620104305855 0.836499712145275 0.868230078177118
