meets/meet004/_saidas_enm/CCSM_Maxent_21k_Cavanillesia_umbellata2.asc
NCOLS 154 
NROWS 168 
XLLCORNER -112 
YLLCORNER -55.5 
CELLSIZE 0.5 
NODATA_value -9999 
[rows 75 to 99 of 168, columns 56 to 111 of 154]
-9999 -9999 -9999 -9999 -9999 -9999 -9999 -9999 -9999 -9999 -9999 0.0955827236175537 0.259938061237335 0.273723810911179 0.277282744646072 0.300067454576492 0.301682233810425 0.282986849546432 0.274870723485947 0.282506227493286 0.27899631857872 0.188529461622238 0.181059971451759 0.180886328220367 0.186009019613266 0.222115784883499 0.324146807193756 0.32654082775116 0.332055479288101 0.336610555648804 0.338043481111526 0.340352565050125 0.338526993989944 0.337900578975677 0.33447453379631 0.329754531383514 0.331440925598145 0.331544816493988 0.335371106863022 0.340218603610992 0.343057066202164 0.350090116262436 0.354349881410599 0.359477460384369 0.364913254976273 0.364111959934235 0.355781853199005 0.341903775930405 0.326125919818878 0.30598458647728 0.285477846860886 0.265744239091873 0.24650514125824 0.229407250881195 0.2199946641922 0.216519191861153
-9999 -9999 -9999 -9999 -9999 -9999 -9999 -9999 -9999 -9999 -9999 0.0985747650265694 0.255405277013779 0.273401618003845 0.286616057157516 0.345962345600128 0.31958419084549 0.310544401407242 0.300174623727798 0.298981606960297 0.113035999238491 0.282280206680298 0.186360463500023 0.182522803544998 0.184178397059441 0.186747938394547 0.190868303179741 0.226187035441399 0.230367511510849 0.23261958360672 0.233881339430809 0.3335040807724 0.335094690322876 0.334111481904984 0.327253341674805 0.322550535202026 0.320756047964096 0.319948554039001 0.321804910898209 0.321269333362579 0.32500758767128 0.334693729877472 0.34010836482048 0.343006253242493 0.34096547961235 0.331707894802094 0.324512600898743 0.314861625432968 0.301551312208176 0.285799026489258 0.270556449890137 0.252287924289703 0.23458556830883 0.228610754013062 0.231071338057518 0.234953433275223
-9999 -9999 -9999 -9999 -9999 -9999 -9999 -9999 -9999 -9999 -9999 -9999 0.271780490875244 0.257242172956467 0.328912615776062 0.339306563138962 0.359686255455017 0.387942582368851 0.350264579057693 0.337985157966614 0.31910565495491 0.30296915769577 0.286283820867538 0.190420478582382 0.184656605124474 0.182575166225433 0.185829967260361 0.191558822989464 0.195899575948715 0.231142863631248 0.230383232235909 0.234841197729111 0.235626712441444 0.235039353370667 0.230455249547958 0.224917531013489 0.220827132463455 0.218119516968727 0.218013361096382 0.309653609991074 0.312841594219208 0.324629783630371 0.33346962928772 0.333264470100403 0.322645127773285 0.308362632989883 0.296929031610489 0.28635436296463 0.27546015381813 0.264882832765579 0.25284805893898 0.236697182059288 0.23506885766983 0.233922883868217 0.236796244978905 0.240224495530128
-9999 -9999 -9999 -9999 -9999 -9999 -9999 -9999 -9999 -9999 -9999 -9999 0.117282196879387 0.276948243379593 0.307237565517426 0.323070824146271 0.331447541713715 0.326177030801773 0.344115495681763 0.349001556634903 0.349242657423019 0.325597494840622 0.302196860313416 0.284107595682144 0.183879017829895 0.17455843091011 0.182866722345352 0.190876483917236 0.195534586906433 0.198249116539955 0.193436861038208 0.198667302727699 0.232428103685379 0.2310471534729 0.227755293250084 0.224890053272247 0.216763824224472 0.210793256759644 0.209266096353531 0.207509502768517 0.211822032928467 0.315708577632904 0.330550909042358 0.329591244459152 0.311158418655396 0.290730327367783 0.275712221860886 0.261652648448944 0.250515133142471 0.243200734257698 0.241095662117004 0.161098390817642 0.158552080392838 0.15840770304203 0.159077763557434 0.159099593758583
-9999 -9999 -9999 -9999 -9999 -9999 -9999 -9999 -9999 -9999 -9999 -9999 -9999 0.116511680185795 0.299924582242966 0.302184760570526 0.303817391395569 0.289774835109711 0.307468265295029 0.28300017118454 0.33535897731781 0.339919120073318 0.304779261350632 0.283150911331177 0.269668966531754 0.17811593413353 0.184162989258766 0.190996378660202 0.194218292832375 0.194922983646393 0.192297279834747 0.195510387420654 0.196599051356316 0.19735224545002 0.230093389749527 0.222292065620422 0.219034597277641 0.21107192337513 0.206299096345901 0.200867250561714 0.200728610157967 0.210862442851067 0.31502091884613 0.314873218536377 0.301422834396362 0.281056821346283 0.258816838264465 0.16309866309166 0.156095445156097 0.158557772636414 0.160630285739899 0.160082802176476 0.157319024205208 0.15581426024437 0.15618996322155 0.141421049833298
-9999 -9999 -9999 -9999 -9999 -9999 -9999 -9999 -9999 -9999 -9999 -9999 -9999 0.337691903114319 0.298946559429169 0.267733305692673 0.280452877283096 0.258879542350769 0.265502989292145 0.288369357585907 0.295439034700394 0.342080473899841 0.327038615942001 0.304004997014999 0.294337540864944 0.268983870744705 0.279013931751251 0.284166812896729 0.197159916162491 0.198292061686516 0.194955408573151 0.203047320246696 0.201289057731628 0.202077120542526 0.203099459409714 0.224565878510475 0.230234578251839 0.21996434032917 0.211116075515747 0.198170706629753 0.187477827072144 0.195194616913795 0.207744374871254 0.297845125198364 0.291232258081436 0.282068341970444 0.174393236637115 0.156698286533356 0.149206236004829 0.150808870792389 0.153212770819664 0.1529840528965 0.152622014284134 0.152803719043732 0.143009260296822 0.123338334262371
-9999 -9999 -9999 -9999 -9999 -9999 -9999 -9999 -9999 -9999 -9999 -9999 -9999 -9999 0.285161346197128 0.264510542154312 0.251693397760391 0.246040523052216 0.247423216700554 0.267936170101166 0.289313763380051 0.331034243106842 0.35530886054039 0.419012874364853 0.41438701748848 0.386987328529358 0.317045569419861 0.294991344213486 0.201038643717766 0.300445556640625 0.306520491838455 0.312006771564484 0.314023941755295 0.31571227312088 0.314970344305038 0.314570546150208 0.36430037021637 0.357266396284103 0.339450776576996 0.217349976301193 0.193925067782402 0.191131681203842 0.193464770913124 0.194380164146423 0.196647018194199 0.187874764204025 0.173930823802948 0.156639039516449 0.148227155208588 0.148304358124733 0.148202046751976 0.149276569485664 0.148347780108452 0.142835333943367 0.127188846468925 0.114088639616966
-9999 -9999 -9999 -9999 -9999 -9999 -9999 -9999 -9999 -9999 -9999 -9999 -9999 -9999 0.33419406414032 0.241795048117638 0.225221514701843 0.230459049344063 0.260124355554581 0.25328665971756 0.284355968236923 0.314840376377106 0.339633494615555 0.343189567327499 0.36593171954155 0.41633015871048 0.426247745752335 0.350214391946793 0.324600487947464 0.333026528358459 0.138259440660477 0.33453705906868 0.338820308446884 0.347256362438202 0.348075360059738 0.362949758768082 0.417510837316513 0.41954243183136 0.394628793001175 0.350278288125992 0.206018835306168 0.200186297297478 0.188124790787697 0.18242110311985 0.18604739010334 0.182825699448586 0.172387897968292 0.157679364085197 0.15056686103344 0.151253595948219 0.146033421158791 0.149262100458145 0.143025994300842 0.12806561589241 0.116894088685513 0.11144182831049
-9999 -9999 -9999 -9999 -9999 -9999 -9999 -9999 -9999 -9999 -9999 -9999 -9999 -9999 -9999 0.131868213415146 0.252723097801208 0.23065909743309 0.206140145659447 0.230152010917664 0.261936634778976 0.278597116470337 0.302183210849762 0.322163820266724 0.345616936683655 0.362579703330994 0.376585274934769 0.339297115802765 0.384538173675537 0.398229777812958 0.362991034984589 0.33920893073082 0.140802070498466 0.359485059976578 0.34393772482872 0.366513043642044 0.412563800811768 0.411602199077606 0.430683076381683 0.41371476650238 0.384681761264801 0.333229631185532 0.193752005696297 0.174835979938507 0.176284208893776 0.178256243467331 0.172843918204308 0.165781795978546 0.162734597921371 0.164638668298721 0.164566859602928 0.162849962711334 0.141371965408325 0.127742558717728 0.116531409323215 0.105094857513905
-9999 -9999 -9999 -9999 -9999 -9999 -9999 -9999 -9999 -9999 -9999 -9999 -9999 -9999 -9999 0.463885217905045 0.111920706927776 0.225322648882866 0.157467886805534 0.214329496026039 0.249879315495491 0.279837250709534 0.286859959363937 0.303709149360657 0.334923952817917 0.352028995752335 0.374149858951569 0.383552849292755 0.392987549304962 0.342073440551758 0.369852215051651 0.339733600616455 0.13199058175087 0.138624221086502 0.367230176925659 0.377474963665009 0.371379166841507 0.372254520654678 0.430035054683685 0.446336984634399 0.450375765562057 0.389575928449631 0.202411711215973 0.166778028011322 0.167599782347679 0.175083354115486 0.173288136720657 0.174242243170738 0.175961837172508 0.181424334645271 0.186700433492661 0.184174656867981 0.152797996997833 0.13877746462822 0.124274954199791 0.109697163105011
-9999 -9999 -9999 -9999 -9999 -9999 -9999 -9999 -9999 -9999 -9999 -9999 -9999 -9999 -9999 0.56274539232254 0.141690820455551 0.101527184247971 0.059714313596487 0.159821346402168 0.168356880545616 0.261323869228363 0.297001451253891 0.306783407926559 0.29556331038475 0.318786829710007 0.337942063808441 0.360425680875778 0.358664304018021 0.351006716489792 0.341668903827667 0.330065548419952 0.299206852912903 0.298705786466599 0.329308360815048 0.363202899694443 0.374214649200439 0.371208757162094 0.39478600025177 0.484856933355331 0.493116140365601 0.415939599275589 0.204220160841942 0.163238614797592 0.157061040401459 0.165674790740013 0.174359053373337 0.182552322745323 0.190803989768028 0.199083507061005 0.203016996383667 0.204560026526451 0.182253628969193 0.248280316591263 0.155797719955444 0.215128660202026
-9999 -9999 -9999 -9999 -9999 -9999 -9999 -9999 -9999 -9999 -9999 -9999 -9999 -9999 -9999 -9999 0.506485223770142 0.123042725026608 0.0923466011881828 0.0530933029949665 0.0619699023663998 0.139360576868057 0.167978852987289 0.205714508891106 0.233525916934013 0.23135931789875 0.291778475046158 0.278943359851837 0.275135427713394 0.288774818181992 0.304958909749985 0.314020901918411 0.286364644765854 0.278188586235046 0.295458078384399 0.314910709857941 0.321765065193176 0.357009440660477 0.394194900989532 0.43457305431366 0.472334563732147 0.377747684717178 0.184268951416016 0.155130714178085 0.154525980353355 0.164475545287132 0.183665528893471 0.199246510863304 0.214640945196152 0.323369145393372 0.327387392520905 0.341488599777222 0.315777599811554 0.299242109060287 0.278674840927124 0.266266405582428
-9999 -9999 -9999 -9999 -9999 -9999 -9999 -9999 -9999 -9999 -9999 -9999 -9999 -9999 -9999 -9999 -9999 0.487847000360489 0.133224725723267 0.106535695493221 0.0490117371082306 0.0468513257801533 0.151642426848412 0.163212284445763 0.212497979402542 0.178494364023209 0.200768545269966 0.210546165704727 0.186290562152863 0.237592577934265 0.256819158792496 0.311335563659668 0.33692455291748 0.322737812995911 0.294396042823792 0.270893543958664 0.27961540222168 0.197339996695518 0.202898368239403 0.34231173992157 0.219185918569565 0.199728175997734 0.169210821390152 0.158815249800682 0.167955622076988 0.184109151363373 0.203394740819931 0.227576047182083 0.349501997232437 0.371793270111084 0.395783841609955 0.389010697603226 0.354392290115356 0.333735525608063 0.309614568948746 0.293434768915176
-9999 -9999 -9999 -9999 -9999 -9999 -9999 -9999 -9999 -9999 -9999 -9999 -9999 -9999 -9999 -9999 -9999 -9999 -9999 0.147674545645714 0.124223507940769 0.0998164340853691 0.0885080471634865 0.0780226737260818 0.198620557785034 0.181169122457504 0.191132470965385 0.186157137155533 0.19215889275074 0.185182526707649 0.237287759780884 0.288566827774048 0.343752413988113 0.402008503675461 0.319214105606079 0.277270019054413 0.273174613714218 0.172483280301094 0.163882821798325 0.158752307295799 0.160548761487007 0.171522974967957 0.166241005063057 0.169187322258949 0.186856433749199 0.199031010270119 0.214514896273613 0.33823698759079 0.369268119335175 0.399512648582458 0.432350873947144 0.424935907125473 0.392377018928528 0.359636038541794 0.327296733856201 0.308534175157547
-9999 -9999 -9999 -9999 -9999 -9999 -9999 -9999 -9999 -9999 -9999 -9999 -9999 -9999 -9999 -9999 -9999 -9999 -9999 -9999 -9999 0.138151749968529 0.111684195697308 0.0885633006691933 0.0734433457255363 0.202304720878601 0.181632220745087 0.168986603617668 0.159707590937614 0.182504594326019 0.204835534095764 0.285723179578781 0.32041135430336 0.360334515571594 0.405698865652084 0.387033879756927 0.304601788520813 0.256986200809479 0.15947887301445 0.16095082461834 0.167524307966232 0.195355340838432 0.191490978002548 0.196970522403717 0.20126111805439 0.209765568375587 0.220505774021149 0.228891268372536 0.350515425205231 0.399971753358841 0.430046111345291 0.427520185709 0.412716835737228 0.377453535795212 0.335071623325348 0.300246238708496
-9999 -9999 -9999 -9999 -9999 -9999 -9999 -9999 -9999 -9999 -9999 -9999 -9999 -9999 -9999 -9999 -9999 -9999 -9999 -9999 -9999 -9999 -9999 0.127241402864456 0.0962955728173256 0.0751812160015106 0.0708862021565437 0.142973363399506 0.138326659798622 0.141447365283966 0.178632482886314 0.225458711385727 0.290708988904953 0.324049562215805 0.348324358463287 0.401309788227081 0.398176968097687 0.304021716117859 0.274120807647705 0.271615833044052 0.321254760026932 0.323491305112839 0.329624861478806 0.327747106552124 0.318897545337677 0.319135963916779 0.323823094367981 0.330667674541473 0.352426737546921 0.393990159034729 0.423144370317459 0.420769244432449 0.406141579151154 0.39328670501709 0.364382684230804 0.324743181467056
-9999 -9999 -9999 -9999 -9999 -9999 -9999 -9999 -9999 -9999 -9999 -9999 -9999 -9999 -9999 -9999 -9999 -9999 -9999 -9999 -9999 -9999 -9999 -9999 -9999 0.123003251850605 0.0944568812847137 0.0543232932686806 0.110342539846897 0.123299889266491 0.159465491771698 0.177483484148979 0.266768664121628 0.296246320009232 0.300477117300034 0.328080862760544 0.343515127897263 0.401618778705597 0.383274704217911 0.325757443904877 0.323152124881744 0.341975688934326 0.370473593473434 0.380738019943237 0.363532811403275 0.350664556026459 0.34523993730545 0.358010619878769 0.36993333697319 0.397150725126266 0.41873687505722 0.414161324501038 0.39635768532753 0.388890624046326 0.388802617788315 0.381813794374466
-9999 -9999 -9999 -9999 -9999 -9999 -9999 -9999 -9999 -9999 -9999 -9999 -9999 -9999 -9999 -9999 -9999 -9999 -9999 -9999 -9999 -9999 -9999 -9999 -9999 0.170619681477547 0.112776257097721 0.0869734138250351 0.0452482439577579 0.0983329862356186 0.099226750433445 0.111357972025871 0.177246943116188 0.232332691550255 0.277916312217712 0.28306570649147 0.336006551980972 0.355461657047272 0.371975094079971 0.313188105821609 0.298422425985336 0.333529144525528 0.390697836875916 0.417311757802963 0.400408565998077 0.376576900482178 0.359597116708755 0.358232170343399 0.363691836595535 0.381230682134628 0.396740853786469 0.39464458823204 0.38836458325386 0.388951480388641 0.394257158041 0.390804171562195
-9999 -9999 -9999 -9999 -9999 -9999 -9999 -9999 -9999 -9999 -9999 -9999 -9999 -9999 -9999 -9999 -9999 -9999 -9999 -9999 -9999 -9999 -9999 -9999 -9999 -9999 -9999 0.105482459068298 0.0712575539946556 0.017648147419095 0.0271287187933922 0.0381656624376774 0.0506743639707565 0.129500284790993 0.180452331900597 0.164676517248154 0.273128002882004 0.313986480236053 0.311183840036392 0.273818671703339 0.250222146511078 0.309233993291855 0.395363181829453 0.438973695039749 0.416716456413269 0.387456864118576 0.373823463916779 0.349119246006012 0.338736742734909 0.356623977422714 0.363143533468246 0.377341866493225 0.383235901594162 0.388902276754379 0.399249404668808 0.390667498111725
-9999 -9999 -9999 -9999 -9999 -9999 -9999 -9999 -9999 -9999 -9999 -9999 -9999 -9999 -9999 -9999 -9999 -9999 -9999 -9999 -9999 -9999 -9999 -9999 -9999 -9999 -9999 0.135649681091309 0.0822931751608849 0.0182753521949053 0.0304591134190559 0.0295932982116938 0.0512505285441875 0.102074794471264 0.125374257564545 0.139738827943802 0.166127353906631 0.206445828080177 0.257682949304581 0.240470796823502 0.229638040065765 0.270482033491135 0.340085119009018 0.391010940074921 0.406118720769882 0.400959104299545 0.389314085245132 0.362924844026566 0.346748441457748 0.339276552200317 0.344983130693436 0.367564827203751 0.359170138835907 0.368830680847168 0.397226750850677 0.380349099636078
-9999 -9999 -9999 -9999 -9999 -9999 -9999 -9999 -9999 -9999 -9999 -9999 -9999 -9999 -9999 -9999 -9999 -9999 -9999 -9999 -9999 -9999 -9999 -9999 -9999 -9999 -9999 -9999 0.0890483930706978 0.0239804852753878 0.0425868071615696 0.0459917783737183 0.0959343463182449 0.115671001374722 0.119625888764858 0.127125144004822 0.137483477592468 0.169604048132896 0.184968948364258 0.213101878762245 0.213098883628845 0.156827762722969 0.179059848189354 0.217378437519073 0.363290041685104 0.420595318078995 0.40065985918045 0.381313532590866 0.366392314434052 0.346629589796066 0.33786877989769 0.361739575862885 0.374112635850906 0.383501321077347 0.390789806842804 0.364717483520508
-9999 -9999 -9999 -9999 -9999 -9999 -9999 -9999 -9999 -9999 -9999 -9999 -9999 -9999 -9999 -9999 -9999 -9999 -9999 -9999 -9999 -9999 -9999 -9999 -9999 -9999 -9999 -9999 0.0974390432238579 0.0274627674371004 0.0544006861746311 0.0915156602859497 0.120115280151367 0.136590406298637 0.126857355237007 0.120717018842697 0.140666902065277 0.143503040075302 0.159304484724998 0.184637501835823 0.119971200823784 0.128494888544083 0.145051375031471 0.172199994325638 0.201769679784775 0.330747991800308 0.37339460849762 0.402877151966095 0.401108622550964 0.361668437719345 0.34237939119339 0.362871289253235 0.36736387014389 0.397133052349091 0.371076822280884 0.330615013837814
-9999 -9999 -9999 -9999 -9999 -9999 -9999 -9999 -9999 -9999 -9999 -9999 -9999 -9999 -9999 -9999 -9999 -9999 -9999 -9999 -9999 -9999 -9999 -9999 -9999 -9999 -9999 -9999 0.0996733233332634 0.0304154995828867 0.0529339574277401 0.105260998010635 0.145996317267418 0.160672649741173 0.131043180823326 0.113305456936359 0.126351937651634 0.129126086831093 0.140257745981216 0.103097006678581 0.0974064543843269 0.108210764825344 0.119947418570518 0.137880206108093 0.149199783802032 0.158062323927879 0.221595749258995 0.407911539077759 0.428109288215637 0.375848442316055 0.323998093605042 0.36682516336441 0.401153206825256 0.392754048109055 0.35261133313179 0.307707667350769
-9999 -9999 -9999 -9999 -9999 -9999 -9999 -9999 -9999 -9999 -9999 -9999 -9999 -9999 -9999 -9999 -9999 -9999 -9999 -9999 -9999 -9999 -9999 -9999 -9999 -9999 -9999 -9999 0.111400164663792 0.032931424677372 0.0807891935110092 0.112595908343792 0.140029087662697 0.147302746772766 0.124671764671803 0.110555805265903 0.118323907256126 0.116707496345043 0.126497149467468 0.0927483215928078 0.0867733284831047 0.0935941189527512 0.10670094192028 0.119291380047798 0.122526817023754 0.131783604621887 0.173737838864326 0.229878470301628 0.367423087358475 0.379739701747894 0.380678445100784 0.386042863130569 0.390731543302536 0.371023118495941 0.333697259426117 0.292221963405609
-9999 -9999 -9999 -9999 -9999 -9999 -9999 -9999 -9999 -9999 -9999 -9999 -9999 -9999 -9999 -9999 -9999 -9999 -9999 -9999 -9999 -9999 -9999 -9999 -9999 -9999 -9999 -9999 0.122629128396511 0.0614586174488068 0.130098447203636 0.111319817602634 0.128239616751671 0.131708040833473 0.112384468317032 0.10223301500082 0.11333055794239 0.11220771074295 0.079127661883831 0.0876321345567703 0.0787861794233322 0.0895767584443092 0.104389049112797 0.115073770284653 0.111254796385765 0.112116783857346 0.149143487215042 0.188667565584183 0.227096349000931 0.378254026174545 0.42458376288414 0.38932740688324 0.372077167034149 0.346442252397537 0.310549855232239 0.27803310751915
