meets/meet004/_saidas_enm/CCSM_Maxent_21k_Aralia_warmingiana1.asc
NCOLS 154 
NROWS 168 
XLLCORNER -112 
YLLCORNER -55.5 
CELLSIZE 0.5 
NODATA_value -9999 
[rows 50 to 74 of 168, columns 56 to 111 of 154]
-9999 -9999 -9999 -9999 -9999 -9999 -9999 -9999 -9999 -9999 -9999 -9999 -9999 0.000351870898157358 0.000521747453603894 0.0020505883730948 0.00964622106403112 0.0307136531919241 0.0785575807094574 0.15130715072155 0.194766893982887 0.245149791240692 0.276197493076324 0.276355028152466 0.204042166471481 0.148545950651169 0.085467129945755 0.0239689406007528 0.0139554459601641 0.00969426427036524 0.00673457607626915 0.00983587466180325 0.0156951006501913 0.0217638351023197 0.0619215667247772 0.17339400947094 0.267960578203201 0.367730051279068 0.394652247428894 0.387004911899567 0.392650634050369 0.402697414159775 0.418739229440689 0.38161313533783 0.297500044107437 0.141510009765625 0.186122983694077 0.17816373705864 0.178920671343803 0.202998802065849 0.233730137348175 0.208561077713966 0.216846168041229 0.244167342782021 0.291073739528656 0.316355377435684
-9999 -9999 -9999 -9999 -9999 -9999 -9999 -9999 -9999 -9999 -9999 -9999 -9999 0.000362049991963431 0.00078451813897118 0.00406958814710379 0.0165793597698212 0.0482009761035442 0.0912449657917023 0.120063237845898 0.134055107831955 0.184788659214973 0.254266947507858 0.268591314554214 0.200821876525879 0.12567700445652 0.059819657355547 0.0207272954285145 0.00858443882316351 0.00388855789788067 0.00326727051287889 0.00546907866373658 0.0107540115714073 0.0322010815143585 0.0922656357288361 0.198467016220093 0.314152121543884 0.413533508777618 0.448075473308563 0.437169909477234 0.439440429210663 0.422432899475098 0.419364094734192 0.384634345769882 0.330677390098572 0.296019732952118 0.28078830242157 0.317231953144073 0.311167746782303 0.282706290483475 0.270045042037964 0.237872883677483 0.240890651941299 0.257169544696808 0.287720263004303 0.315172880887985
-9999 -9999 -9999 -9999 -9999 -9999 -9999 -9999 -9999 -9999 -9999 0.000799233792349696 0.000793573679402471 0.000922733393963426 0.00155370810534805 0.0061536175198853 0.0200269762426615 0.0596771650016308 0.10245992988348 0.112636536359787 0.107660807669163 0.150622054934502 0.180429354310036 0.175911664962769 0.126687899231911 0.069121740758419 0.0401679687201977 0.0135255949571729 0.0065272580832243 0.00413308385759592 0.00281645567156374 0.00723785813897848 0.0174828078597784 0.0513884797692299 0.151576787233353 0.252717852592468 0.338780641555786 0.448771178722382 0.479427486658096 0.468658298254013 0.472131103277206 0.431488066911697 0.429188638925552 0.401071339845657 0.363733053207397 0.378942400217056 0.353940457105637 0.404147297143936 0.387865006923676 0.311068207025528 0.276182025671005 0.258752316236496 0.260151892900467 0.274258732795715 0.300338506698608 0.324547827243805
-9999 -9999 -9999 -9999 -9999 -9999 -9999 -9999 -9999 -9999 0.00290537741966546 0.00120783783495426 0.00141715828794986 0.00178197165951133 0.00234935036860406 0.00427828822284937 0.0144948456436396 0.0369811728596687 0.0601577050983906 0.0744403004646301 0.0851452127099037 0.0874995738267899 0.0841173157095909 0.0668554827570915 0.0471899472177029 0.0277733374387026 0.0145348785445094 0.0071455454453826 0.00482814246788621 0.00392386689782143 0.00339770223945379 0.00589173566550016 0.0195382628589869 0.062152061611414 0.169056624174118 0.281366616487503 0.338934600353241 0.423614591360092 0.463981568813324 0.469432979822159 0.471721708774567 0.448699295520782 0.438607037067413 0.414084583520889 0.371947050094604 0.370706170797348 0.348159551620483 0.35018590092659 0.316164761781693 0.260634124279022 0.245872288942337 0.227817982435226 0.250583618879318 0.264482021331787 0.279229551553726 0.311299204826355
-9999 -9999 -9999 -9999 -9999 -9999 -9999 -9999 -9999 -9999 0.00249338150024414 0.00242543569765985 0.00322207389399409 0.00266191991977394 0.003449633019045 0.00337162939831614 0.00532876374199986 0.0164982546120882 0.0301140770316124 0.038796603679657 0.0458676405251026 0.0359642058610916 0.0275698713958263 0.020359568297863 0.0142089640721679 0.0108647570014 0.0065341922454536 0.00554815586656332 0.00506477942690253 0.00448809517547488 0.00383630651049316 0.00525748543441296 0.0144084570929408 0.0505030527710915 0.151615172624588 0.290341019630432 0.356352955102921 0.387971162796021 0.431103974580765 0.448751389980316 0.461007297039032 0.441815435886383 0.424895823001862 0.398231536149979 0.358005046844482 0.335568130016327 0.277154296636581 0.252802968025208 0.215110808610916 0.18305891752243 0.185097917914391 0.183287397027016 0.207778364419937 0.226183831691742 0.243191987276077 0.266869634389877
-9999 -9999 -9999 -9999 -9999 -9999 -9999 -9999 0.00586365023627877 0.00948142632842064 0.0131116611883044 0.00788984261453152 0.00641276361420751 0.00520670600235462 0.00401328084990382 0.00435015512630343 0.00569264683872461 0.0102127082645893 0.0164791196584702 0.0166049115359783 0.0173878092318773 0.0157268363982439 0.013490148819983 0.0114544285461307 0.00827071722596884 0.00653214938938618 0.00608220975846052 0.00576213095337152 0.00513320649042726 0.00483681727200747 0.00461715739220381 0.00525333639234304 0.00923263002187014 0.0371528677642345 0.113026961684227 0.235883012413979 0.32228010892868 0.364648550748825 0.37536209821701 0.387586325407028 0.394541263580322 0.387741893529892 0.381902009248734 0.353496879339218 0.29373562335968 0.251538008451462 0.1925960034132 0.152520924806595 0.123197793960571 0.105281502008438 0.106769517064095 0.11186421662569 0.127420097589493 0.139631479978561 0.156993612647057 0.1767757833004
-9999 -9999 -9999 -9999 -9999 -9999 -9999 -9999 0.00688693812116981 0.0259297136217356 0.0569448545575142 0.0362256690859795 0.0123662063851953 0.00769422901794314 0.00478391721844673 0.00522516807541251 0.00690721021965146 0.00947271659970284 0.0119163719937205 0.011775366961956 0.00976860150694847 0.00842233933508396 0.00821511447429657 0.00752410525456071 0.00674529606476426 0.0062491656281054 0.00617300439625978 0.00601920019835234 0.00594696728512645 0.00567060988396406 0.00570573331788182 0.00643644155934453 0.00731681101024151 0.0223306193947792 0.076542817056179 0.169048562645912 0.241733774542809 0.299762070178986 0.313647657632828 0.308935642242432 0.311944574117661 0.298077285289764 0.277581810951233 0.243022948503494 0.186295732855797 0.138156160712242 0.0941453725099564 0.0634885504841805 0.0475317090749741 0.039587564766407 0.0372712165117264 0.0384359806776047 0.0424014814198017 0.0512153692543507 0.0613537207245827 0.0733238384127617
-9999 -9999 -9999 -9999 -9999 -9999 -9999 0.0089738517999649 0.0143009293824434 0.0768397077918053 0.164138197898865 0.0875123515725136 0.019760150462389 0.0118622370064259 0.00735287880524993 0.00612688343971968 0.00812921486794949 0.0104981865733862 0.0126497680321336 0.0107781402766705 0.00919803883880377 0.0085152555257082 0.00810002163052559 0.0077970321290195 0.0072978432290256 0.00703079300001264 0.0068274955265224 0.00698246620595455 0.00673934537917376 0.00680759036913514 0.0069202883169055 0.00736250262707472 0.00840488821268082 0.0127897597849369 0.0401427708566189 0.0880082473158836 0.145034685730934 0.196971327066422 0.21098767220974 0.182724043726921 0.157094568014145 0.118975266814232 0.0883980095386505 0.0703766569495201 0.0482337735593319 0.0363754965364933 0.0331906974315643 0.0284495707601309 0.0290363729000092 0.0255455859005451 0.0253743585199118 0.0265770815312862 0.0296560153365135 0.0345764234662056 0.0413630828261375 0.0481764748692513
-9999 -9999 -9999 -9999 -9999 -9999 -9999 0.0151126561686397 0.0460614338517189 0.18075767159462 0.287925601005554 0.135651484131813 0.0245746113359928 0.0174739621579647 0.0133413216099143 0.0120262792333961 0.0144201125949621 0.0171279404312372 0.0175147894769907 0.0129872420802712 0.00989108998328447 0.00895334407687187 0.00865092966705561 0.00845106691122055 0.00794257596135139 0.00771253183484077 0.00770536391064525 0.00792162492871284 0.00809202715754509 0.00821543019264936 0.00853490922600031 0.00911588501185179 0.00977283250540495 0.0119747901335359 0.0197781790047884 0.0363093540072441 0.0603369325399399 0.0856663808226585 0.0878438875079155 0.0706435739994049 0.0530854128301144 0.0337807759642601 0.0288375914096832 0.0256915017962456 0.0211359802633524 0.0189135894179344 0.0158582404255867 0.0163345728069544 0.0164300389587879 0.0135607151314616 0.0132762081921101 0.016159038990736 0.0228497590869665 0.0280705522745848 0.0308003053069115 0.0348447822034359
-9999 -9999 -9999 -9999 -9999 -9999 0.0594086982309818 0.0665896013379097 0.155846878886223 0.289439767599106 0.374695062637329 0.165128603577614 0.0288238376379013 0.0214232727885246 0.0194641631096601 0.0196551419794559 0.0232457481324673 0.0256916750222445 0.0272004324942827 0.0193863846361637 0.0129100624471903 0.0105779841542244 0.00942884385585785 0.00921683385968208 0.00888174120336771 0.00861627515405416 0.00872486270964146 0.00924903806298971 0.009352114982903 0.00965151004493237 0.0101073365658522 0.0104609159752727 0.0112395463511348 0.012418488971889 0.0177752021700144 0.0231682565063238 0.026359923183918 0.0288074649870396 0.0293388459831476 0.0260802358388901 0.0232349094003439 0.0206243693828583 0.0158512946218252 0.0146239753812551 0.0110999932512641 0.00977842230349779 0.00894516613334417 0.00695610512048006 0.00735065853223205 0.00915106851607561 0.0126163437962532 0.0162296462804079 0.0271330904215574 0.0331980288028717 0.0318685248494148 0.0354963019490242
-9999 -9999 -9999 -9999 -9999 -9999 0.0832349881529808 0.128859207034111 0.244893044233322 0.323159575462341 0.352399259805679 0.166371524333954 0.0329135395586491 0.0281602386385202 0.0284638833254576 0.0309475138783455 0.0333883874118328 0.0355980470776558 0.0355132631957531 0.0286200884729624 0.0213400032371283 0.0176228918135166 0.014860725030303 0.0148038165643811 0.0146707613021135 0.0140369012951851 0.0146424463018775 0.0150267807766795 0.0153971510007977 0.0158608704805374 0.0155646493658423 0.0156781207770109 0.0151477344334126 0.0141836358234286 0.0151703599840403 0.018543915823102 0.0201131831854582 0.0207846835255623 0.0200247839093208 0.016993110999465 0.0144814047962427 0.0107919434085488 0.00846025068312883 0.0073370523750782 0.00507786404341459 0.00520089734345675 0.00560142053291202 0.00750331440940499 0.0121057871729136 0.0176681689918041 0.0248680487275124 0.0332765355706215 0.0457624346017838 0.0519361346960068 0.0514591485261917 0.0497748367488384
-9999 -9999 -9999 -9999 -9999 -9999 0.103957302868366 0.154174476861954 0.25534787774086 0.315678119659424 0.313636839389801 0.156622216105461 0.0383200421929359 0.033134251832962 0.0341712385416031 0.0368742533028126 0.0427284240722656 0.0461798533797264 0.0463261380791664 0.0372353382408619 0.0290474258363247 0.0258991438895464 0.0228416491299868 0.0227454323321581 0.0218509957194328 0.0219341367483139 0.0217002145946026 0.0231417585164309 0.0233898777514696 0.0231449976563454 0.0239765588194132 0.0227179098874331 0.0230644531548023 0.0214397367089987 0.0181981902569532 0.0172336529940367 0.0162455271929502 0.0155642246827483 0.0147437006235123 0.0114828078076243 0.00926034990698099 0.00814061891287565 0.00874229054898024 0.010559257119894 0.0106547269970179 0.0132226869463921 0.0139645328745246 0.0167067460715771 0.0245798248797655 0.0300092082470655 0.0426762588322163 0.0475366190075874 0.0542307086288929 0.0595726333558559 0.0621675290167332 0.0582580380141735
-9999 -9999 -9999 -9999 -9999 -9999 -9999 0.124970309436321 0.219424724578857 0.290052354335785 0.297220975160599 0.16863551735878 0.0435532368719578 0.03989427536726 0.04225018247962 0.0456747189164162 0.0508677549660206 0.0537416189908981 0.0530078150331974 0.0466903001070023 0.0399684309959412 0.0360183455049992 0.0329840481281281 0.0326452478766441 0.0327896699309349 0.032778337597847 0.0337439887225628 0.0342397913336754 0.0347023718059063 0.0354308448731899 0.0351296178996563 0.0352427810430527 0.0342262275516987 0.0321372300386429 0.0291616711765528 0.0258644111454487 0.0224265586584806 0.0192902367562056 0.0177890378981829 0.0177894104272127 0.0194560214877129 0.0201521515846252 0.0220071338117123 0.0264473650604486 0.0277034621685743 0.0303747579455376 0.0297911856323481 0.0302478037774563 0.042181521654129 0.0520211197435856 0.0654705017805099 0.0761732682585716 0.0874448120594025 0.093538910150528 0.0992484539747238 0.0968510583043098
-9999 -9999 -9999 -9999 -9999 -9999 -9999 -9999 0.169416099786758 0.249375700950623 0.340394198894501 0.189667358994484 0.0535692311823368 0.0455575361847878 0.0493672676384449 0.053871888667345 0.0634342357516289 0.0623791441321373 0.0579178929328918 0.0502089709043503 0.0436876304447651 0.040811650454998 0.0385029166936874 0.0381513945758343 0.0387020632624626 0.0398227535188198 0.0424762070178986 0.0456329360604286 0.0460940450429916 0.0472779311239719 0.0485679656267166 0.046713761985302 0.0454831272363663 0.043345183134079 0.0407465547323227 0.041237760335207 0.0374049842357635 0.0361864343285561 0.0384572632610798 0.0369207412004471 0.0413293540477753 0.0433482229709625 0.0469996556639671 0.0549768842756748 0.0558018200099468 0.0645404383540154 0.0604567155241966 0.054920881986618 0.0643755942583084 0.0768980979919434 0.0904630050063133 0.1028907969594 0.112760230898857 0.126054137945175 0.142621442675591 0.159584954380989
-9999 -9999 -9999 -9999 -9999 -9999 0.0762499496340752 0.0804295688867569 0.144737005233765 0.205298811197281 0.240428641438484 0.174778506159782 0.0849615782499313 0.0648811385035515 0.0867308676242828 0.115196712315083 0.109336271882057 0.0799936130642891 0.0617481358349323 0.0564132481813431 0.0509027987718582 0.0473693683743477 0.0446724258363247 0.0487286001443863 0.0540800951421261 0.0592278987169266 0.0686165690422058 0.0774112567305565 0.0863109603524208 0.091418445110321 0.0922237113118172 0.0915984809398651 0.088287778198719 0.0839842110872269 0.0779446437954903 0.0740967243909836 0.071507416665554 0.0706920325756073 0.0743614286184311 0.0725905150175095 0.0739750191569328 0.0730058997869492 0.0762433633208275 0.0893163159489632 0.099792368710041 0.108092896640301 0.104044280946255 0.095522552728653 0.09117241948843 0.0970979630947113 0.107468456029892 0.11947325617075 0.131875842809677 0.144033372402191 0.151459485292435 0.155075237154961
-9999 -9999 -9999 -9999 -9999 0.176515072584152 0.0673732608556747 0.0936765894293785 0.142671138048172 0.172913864254951 0.186933472752571 0.177824676036835 0.132923051714897 0.132833018898964 0.179030150175095 0.253849685192108 0.185985803604126 0.113951563835144 0.0770412012934685 0.0634240061044693 0.0596135184168816 0.0606095008552074 0.0549604445695877 0.0622460544109344 0.0790138691663742 0.0943156853318214 0.109688207507133 0.124995149672031 0.142015919089317 0.159366279840469 0.159970566630363 0.160674974322319 0.154549568891525 0.14466093480587 0.129146814346313 0.11631827801466 0.1205163449049 0.120204292237759 0.126680552959442 0.117634773254395 0.121346361935139 0.123882584273815 0.118443511426449 0.133919686079025 0.150101512670517 0.171170800924301 0.151324018836021 0.123682007193565 0.11919666826725 0.133146405220032 0.153031572699547 0.145302504301071 0.151101157069206 0.160948991775513 0.160003513097763 0.148343622684479
-9999 -9999 -9999 -9999 -9999 0.25646561384201 0.0966762378811836 0.123629413545132 0.161719530820847 0.173355728387833 0.171703815460205 0.190363839268684 0.216898202896118 0.243033692240715 0.267791479825974 0.286948561668396 0.23161393404007 0.158370926976204 0.111565575003624 0.112966299057007 0.116016164422035 0.113716624677181 0.106409527361393 0.114301085472107 0.133379638195038 0.152577221393585 0.171305015683174 0.19049283862114 0.215159296989441 0.239946573972702 0.256522685289383 0.259900689125061 0.248098939657211 0.232750654220581 0.208907648921013 0.191712617874146 0.188945561647415 0.190801441669464 0.196620106697083 0.190854713320732 0.18660032749176 0.184016793966293 0.185851469635963 0.189023181796074 0.195616483688354 0.19382356107235 0.183589309453964 0.167743012309074 0.167651578783989 0.179172724485397 0.185239419341087 0.190481007099152 0.186615943908691 0.182236358523369 0.181138604879379 0.174075305461884
-9999 -9999 -9999 -9999 -9999 -9999 0.151355385780334 0.171733140945435 0.204859137535095 0.178108736872673 0.153729528188705 0.171179711818695 0.251270920038223 0.278205275535583 0.257429033517838 0.297691911458969 0.234201714396477 0.18908266723156 0.177348509430885 0.172840759158134 0.198105826973915 0.192992553114891 0.197854399681091 0.212423905730247 0.231037929654121 0.261978596448898 0.275479346513748 0.30123046040535 0.311212420463562 0.324160248041153 0.351258844137192 0.344691336154938 0.34080109000206 0.325725227594376 0.298196166753769 0.278098374605179 0.275173366069794 0.273888498544693 0.269784361124039 0.251404523849487 0.237870082259178 0.232687249779701 0.228639349341393 0.229866489768028 0.224988803267479 0.226885035634041 0.226015761494637 0.223083451390266 0.228543147444725 0.238105610013008 0.232461780309677 0.241781249642372 0.234803929924965 0.231505244970322 0.240991950035095 0.242391377687454
-9999 -9999 -9999 -9999 -9999 -9999 0.198740378022194 0.221316277980804 0.25057464838028 0.20454815030098 0.169200450181961 0.1274124532938 0.12618562579155 0.144472777843475 0.153041511774063 0.16329337656498 0.180119201540947 0.209420740604401 0.228873506188393 0.231948286294937 0.256908804178238 0.269762516021729 0.287840336561203 0.311845868825912 0.331488579511642 0.356682687997818 0.382657378911972 0.414036989212036 0.423249423503876 0.423533529043198 0.417404502630234 0.41857236623764 0.415229290723801 0.402166217565536 0.381303668022156 0.359974920749664 0.355872482061386 0.349905699491501 0.337628126144409 0.31265127658844 0.28932911157608 0.278661549091339 0.270194828510284 0.268788546323776 0.266621500253677 0.267652004957199 0.276412189006805 0.288933962583542 0.306377589702606 0.327656358480453 0.325329750776291 0.326427042484283 0.306502282619476 0.30141219496727 0.314205646514893 0.321363598108292
-9999 -9999 -9999 -9999 -9999 -9999 0.305843234062195 0.200273036956787 0.242682427167892 0.19426004588604 0.180613070726395 0.140070736408234 0.0854117646813393 0.0683103054761887 0.0739589333534241 0.0791931748390198 0.123806081712246 0.206906318664551 0.253929674625397 0.268240809440613 0.298186510801315 0.337629824876785 0.361323326826096 0.391479223966599 0.411098033189774 0.434169292449951 0.459971636533737 0.497708082199097 0.505848824977875 0.500917255878448 0.494292080402374 0.488176286220551 0.486527800559998 0.47784760594368 0.459926754236221 0.441223829984665 0.432229727506638 0.425047934055328 0.408257752656937 0.371263653039932 0.344244390726089 0.329523950815201 0.315929263830185 0.312941014766693 0.30669292807579 0.311811655759811 0.329707264900208 0.356640517711639 0.35151869058609 0.33936482667923 0.327911227941513 0.327502906322479 0.322138279676437 0.314735114574432 0.308887362480164 0.293524920940399
-9999 -9999 -9999 -9999 -9999 -9999 -9999 -9999 0.0959051623940468 0.145391851663589 0.194346845149994 0.138927474617958 0.0748378932476044 0.0585232302546501 0.0535399988293648 0.0628729090094566 0.100113466382027 0.171086341142654 0.196699872612953 0.291887402534485 0.351086527109146 0.396860420703888 0.437847584486008 0.462881565093994 0.460236847400665 0.489654630422592 0.513245284557343 0.539250254631042 0.55051988363266 0.553721010684967 0.559214234352112 0.557853102684021 0.564539849758148 0.558702349662781 0.54348361492157 0.529106259346008 0.516067504882812 0.500504910945892 0.477752149105072 0.445690125226974 0.41431987285614 0.392106741666794 0.376504063606262 0.370478302240372 0.363479018211365 0.372578471899033 0.386760532855988 0.386169344186783 0.370688140392303 0.3542560338974 0.339627057313919 0.329660028219223 0.31927502155304 0.303758352994919 0.287258982658386 0.269946694374084
-9999 -9999 -9999 -9999 -9999 -9999 -9999 -9999 0.102381765842438 0.108969338238239 0.179582163691521 0.116880089044571 0.0590656958520412 0.0533226020634174 0.0535546317696571 0.0553569160401821 0.0900083184242249 0.164795443415642 0.159739136695862 0.307157218456268 0.389447301626205 0.446757644414902 0.491416156291962 0.518592953681946 0.518749833106995 0.523996651172638 0.53955489397049 0.570494472980499 0.574754178524017 0.581351041793823 0.596793174743652 0.594642758369446 0.610958695411682 0.616170346736908 0.605290770530701 0.601090967655182 0.58488529920578 0.570197701454163 0.546655416488647 0.511486232280731 0.48296919465065 0.459613442420959 0.451455146074295 0.446560591459274 0.433105140924454 0.445116490125656 0.429351270198822 0.407594442367554 0.390220910310745 0.370374172925949 0.350535869598389 0.335718512535095 0.319486647844315 0.298553168773651 0.27806431055069 0.254484355449677
-9999 -9999 -9999 -9999 -9999 -9999 -9999 -9999 -9999 0.0806918665766716 0.130024150013924 0.0812113732099533 0.0356289967894554 0.0481972843408585 0.0638995543122292 0.0570980049669743 0.0955562964081764 0.183529123663902 0.185500308871269 0.330776214599609 0.419515699148178 0.47887322306633 0.510778248310089 0.543688476085663 0.5585036277771 0.570500552654266 0.590430736541748 0.606580972671509 0.614425539970398 0.615048110485077 0.615864217281342 0.620013236999512 0.628300666809082 0.644837319850922 0.648616790771484 0.654558122158051 0.643337607383728 0.632244110107422 0.609527170658112 0.577606737613678 0.54889190196991 0.524832308292389 0.51488471031189 0.501483738422394 0.486492097377777 0.477695316076279 0.45614418387413 0.434173494577408 0.4089714884758 0.381623953580856 0.359118342399597 0.342319399118423 0.326418101787567 0.304391413927078 0.274696290493011 0.249721765518188
-9999 -9999 -9999 -9999 -9999 -9999 -9999 -9999 -9999 -9999 0.0832800567150116 0.0504193641245365 0.0328464172780514 0.0442215986549854 0.0703478902578354 0.0658561214804649 0.113947816193104 0.21056079864502 0.264027327299118 0.347638458013535 0.428100526332855 0.484248578548431 0.523188292980194 0.553548753261566 0.575030744075775 0.593666791915894 0.610377669334412 0.632294178009033 0.639774918556213 0.643572628498077 0.646259367465973 0.64812159538269 0.6645627617836 0.677275955677032 0.676455736160278 0.685985743999481 0.680608749389648 0.665579855442047 0.650184690952301 0.63074916601181 0.605667889118195 0.57726126909256 0.555026233196259 0.540159940719604 0.521196305751801 0.515875279903412 0.490985810756683 0.460623115301132 0.428943037986755 0.401336163282394 0.374668121337891 0.354346394538879 0.334591597318649 0.311771214008331 0.288419723510742 0.264337003231049
-9999 -9999 -9999 -9999 -9999 -9999 -9999 -9999 -9999 -9999 -9999 0.0301944296807051 0.0324219278991222 0.0377423129975796 0.0640448033809662 0.0794210806488991 0.123149193823338 0.218771263957024 0.303761184215546 0.33706271648407 0.401683181524277 0.457975149154663 0.514438927173615 0.556486368179321 0.57458907365799 0.605070173740387 0.618582963943481 0.638573229312897 0.650432646274567 0.659593939781189 0.670369982719421 0.673790693283081 0.685930490493774 0.703256070613861 0.71142041683197 0.711182534694672 0.697974503040314 0.686335265636444 0.671020746231079 0.652444183826447 0.637233555316925 0.620497167110443 0.604780852794647 0.58521968126297 0.564476907253265 0.542569577693939 0.515394389629364 0.487122148275375 0.4539954662323 0.421530038118362 0.391184121370316 0.366246610879898 0.341627389192581 0.322174400091171 0.308799028396606 0.291666775941849
