meets/meet004/_saidas_enm/CCSM_Gower_6k_Cavanillesia_umbellata2.asc
NCOLS 154 
NROWS 168 
XLLCORNER -112 
YLLCORNER -55.5 
CELLSIZE 0.5 
NODATA_value -9999 
[rows 78 to 103 of 168, columns 58 to 115 of 154]
-9999 -9999 -9999 -9999 -9999 -9999 -9999 -9999 -9999 -9999 0.583909022676825 0.46880370779712 0.385754209374705 0.326890003629397 0.301699628642748 0.348916912489062 0.432453848003845 0.551661334496125 0.693045809446146 0.6472974334314 0.599235018331543 0.559781941423423 0.544870289066597 0.531725039252202 0.535397344320492 0.540041285970593 0.541608037160598 0.539595653913445 0.5352653952536 0.540062402940561 0.541113772081706 0.542616660435262 0.545616677968746 0.544986112447331 0.542777021425384 0.538899305831039 0.544510276724048 0.555707901999192 0.571359416194723 0.597349573097951 0.624954827034624 0.632316525320886 0.61892994584172 0.60133500969091 0.591306025315186 0.580773062782735 0.575303170313332 0.57863363643141 0.583374673482819 0.575707464301996 0.567704644610588 0.565953983809405 0.566833601594809 0.56763374278415 0.575368312966143 0.581220639536451 0.574847299725291 0.553333458703312
-9999 -9999 -9999 -9999 -9999 -9999 -9999 -9999 -9999 -9999 -9999 0.574696351706884 0.421872864019775 0.270240335688634 0.170784714198225 0.134549441004357 0.175524291567325 0.287761146973966 0.459490468120864 0.659973545871852 0.619870574450038 0.563784823057943 0.543287796135342 0.533913653212362 0.540509826740615 0.542359545328194 0.54256022053371 0.542722629230011 0.53604685112406 0.53661304188248 0.533318154659258 0.531152321430337 0.530313401805236 0.523452434271745 0.523324708598847 0.520006656699478 0.523853272756233 0.530247107317699 0.543747762135741 0.573484423281706 0.601825486305271 0.613990598643811 0.612125255891608 0.598962318598894 0.578852485029262 0.557967289804155 0.547680509833639 0.550885297984997 0.555280571316017 0.551665602020731 0.54398811164847 0.541072050068314 0.540842195049751 0.542167572873938 0.548514566156565 0.552700333549174 0.549370635320913 0.533525740873128
-9999 -9999 -9999 -9999 -9999 -9999 -9999 -9999 -9999 -9999 -9999 0.597688207304754 0.466326565400425 0.195623748936576 0.0840841102140854 0 0 0.0343434009951792 0.132708769383278 0.433650412698243 0.605106559065066 0.599418812447098 0.588359457283071 0.549778640777026 0.560585154172032 0.554275147582258 0.546155224693753 0.551240447025371 0.543730228651585 0.545033721615987 0.540259110715356 0.534139156855295 0.521375036353418 0.504834433731407 0.513872112932894 0.511438542121102 0.512007036548974 0.505086557554664 0.505304254317791 0.533338631721046 0.576672573820362 0.591426879518773 0.599391889480952 0.603253839402523 0.567899304679204 0.533935538072147 0.519121023777174 0.521346368466916 0.527293931063054 0.524368526823457 0.520987507959092 0.520263131898364 0.520913918518294 0.518340335796531 0.524718812561657 0.525696976206912 0.52406329062119 0.51219900900323
-9999 -9999 -9999 -9999 -9999 -9999 -9999 -9999 -9999 -9999 -9999 -9999 0.571368511957605 0.359715484434349 0.140094596218787 0 0 0 0.0226384380959433 0.230572041087774 0.311297876232377 0.296885717891171 0.377714163394357 0.482803486060519 0.589217160465663 0.574456443808425 0.550412405839345 0.566654427304169 0.570791049748488 0.577476682440424 0.562859899773335 0.551896224929112 0.541041590438905 0.527746858073463 0.532008902521229 0.526801201763796 0.52184792849907 0.514181444547519 0.503979900346693 0.518676415573116 0.535127559031444 0.551040155764764 0.57556194918167 0.574130218617825 0.551443297918702 0.518194564712933 0.501864747845695 0.501240453424453 0.500969516300679 0.502046865713967 0.499092921569504 0.502273649173262 0.51280167452796 0.51346244371551 0.51032458995987 0.498660983547427 0.497741179528266 0.500236053543783
-9999 -9999 -9999 -9999 -9999 -9999 -9999 -9999 -9999 -9999 -9999 -9999 0.586346775932352 0.550171276168582 0.275174613595723 0 0 0 0 0 0.0391627491207213 0 0.084786167292755 0.147397658349772 0.276821859418203 0.463566167452046 0.596156856070272 0.634243723782903 0.621247355109916 0.604514312848652 0.596263799787701 0.587167304180134 0.569837202614105 0.554935404843264 0.570474423180601 0.565764059061328 0.540991933564071 0.526338292185765 0.496313672358415 0.500454774159999 0.499603952242735 0.521916398674421 0.548631285408753 0.553866502217964 0.537950577962103 0.508707797950122 0.49521418212207 0.496189914116237 0.485576141065305 0.494125442343163 0.489330354380745 0.492215444404947 0.508136487926255 0.519230576057737 0.504078574188181 0.48139126954415 0.485715129122187 0.506371237218548
-9999 -9999 -9999 -9999 -9999 -9999 -9999 -9999 -9999 -9999 -9999 -9999 -9999 0.641809579311637 0.40936903012914 0.102941678765803 0 0 0 0 0 0 0 0 0 0.0198666433798689 0.160335209997633 0.420401665795171 0.636002044252478 0.641271043511891 0.615703138605934 0.596836600849655 0.59532329083701 0.601778460857737 0.588406166418269 0.568722994489601 0.561522491675349 0.568163074831353 0.567394929051054 0.531547528722833 0.490872149151697 0.483716183946832 0.515245483870645 0.535131142517257 0.529234644593951 0.515899342049842 0.512810761224128 0.517961638135101 0.51912652698753 0.515550720072912 0.505267779551482 0.504296398932944 0.510795562380979 0.50739329856501 0.506757485796512 0.500625501662652 0.515324832485071 0.545434176155566
-9999 -9999 -9999 -9999 -9999 -9999 -9999 -9999 -9999 -9999 -9999 -9999 -9999 0.519281866779435 0.522190549843425 0.220457051019948 0 0 0 0 0 0 0 0 0 0 0 0.218685813124066 0.477821326298632 0.666980751838188 0.61361104464997 0.586440479820301 0.587328960594135 0.626662820006909 0.601069968046409 0.581037705915312 0.591057496423254 0.624282351169117 0.642171562883533 0.574357897948573 0.493463265357615 0.46130365587566 0.493372654359205 0.523995460354019 0.52562018722521 0.528581810267842 0.533271825306964 0.544157175389852 0.556070218011192 0.549510007322703 0.534947104924443 0.53331341933872 0.532218152496369 0.520582702043883 0.534943393456994 0.539131336537417 0.559870376734017 0.596494021062654
-9999 -9999 -9999 -9999 -9999 -9999 -9999 -9999 -9999 -9999 -9999 -9999 -9999 0.438711256378107 0.608836157056954 0.400687493678435 0.177913550305674 0 0 0 0 0 0 0 0 0 0 0.184977229895562 0.38371957218127 0.567775097028222 0.604442278957009 0.546118621945808 0.549438337606448 0.574826822663504 0.565984315457178 0.58591320796529 0.604401356048467 0.650212628274134 0.671503301578166 0.587186063374594 0.487208546834666 0.449918537503525 0.454901886452751 0.503524541685197 0.523168571002718 0.539348777337272 0.555771764835641 0.569317725152887 0.576433248160722 0.580440609152508 0.580281272015475 0.581874063826687 0.581674511321866 0.587581517265852 0.590050218516522 0.602786935340742 0.616776345605506 0.615329900596686
-9999 -9999 -9999 -9999 -9999 -9999 -9999 -9999 -9999 -9999 -9999 -9999 -9999 -9999 0.572655518479761 0.566036415304478 0.397405209381915 0.18708509916698 0 0 0 0 0 0 0 0 0 0 0.223775978610783 0.410206620864037 0.611969012319763 0.547729910745201 0.535470037889837 0.534659018261422 0.522846825169384 0.556049996912677 0.578353996556376 0.621806754517611 0.657103794271255 0.56106252567495 0.465356834293195 0.438212441187873 0.454114159482118 0.500975787400852 0.536603571241404 0.562345797540837 0.584065112559438 0.599066540392285 0.603574880816607 0.609744069108052 0.615123876032105 0.621221150089535 0.624532972501593 0.622173480530702 0.620357304836747 0.618404993648612 0.617117460065376 0.615620872892827
-9999 -9999 -9999 -9999 -9999 -9999 -9999 -9999 -9999 -9999 -9999 -9999 -9999 -9999 -9999 0.593639538939268 0.578053864169409 0.44663325123337 0.29140998186777 0.0742323329022838 0 0 0 0 0 0 0 0 0.0286958270058287 0.288360419150497 0.437151350893483 0.534834368899348 0.575518947351916 0.519639605366939 0.509039398369441 0.512599335561173 0.510826533936933 0.531018708602174 0.504829058502688 0.491769172439619 0.45876808369984 0.460045340428827 0.488505128790714 0.536045443326062 0.562895606649827 0.593077436829947 0.615798745050158 0.630496889701315 0.642211538936067 0.632380487004941 0.624990126034682 0.628096697952102 0.624827906789486 0.622362746245937 0.620455038383562 0.619008293023082 0.617897436886973 0.616380350713622
-9999 -9999 -9999 -9999 -9999 -9999 -9999 -9999 -9999 -9999 -9999 -9999 -9999 -9999 -9999 -9999 -9999 0.535313832407448 0.534717187605802 0.344554601905722 0.15391434952167 0 0 0 0 0 0 0 0 0.0760488155157705 0.298396130794596 0.356753982492091 0.501277702788472 0.564468756921641 0.545768208225972 0.498553095028135 0.483131307869531 0.486140796044091 0.448549133996495 0.478514498326298 0.484110367386239 0.493654213958782 0.538475558633677 0.559932575809196 0.573874639290392 0.598342851062288 0.618787553265216 0.634606447671337 0.644942528138423 0.637715643945486 0.619872010341565 0.622578665871416 0.626279453359592 0.624011568645036 0.622382282354653 0.620755586597338 0.619737699238141 0.618371472415721
-9999 -9999 -9999 -9999 -9999 -9999 -9999 -9999 -9999 -9999 -9999 -9999 -9999 -9999 -9999 -9999 -9999 -9999 -9999 0.534244350993415 0.417400643446699 0.242403751590376 0.0303437555808627 0 0 0 0 0 0 0 0.0720635017389002 0.232913979081546 0.334829140868094 0.440452327908222 0.584618675939488 0.552979077552754 0.492385404017782 0.512384838338951 0.533855421567904 0.536919685882746 0.529524011073333 0.562052975557277 0.567812789093153 0.573569659051396 0.582973554063032 0.582303007286578 0.596599918062827 0.625933985398937 0.636362219413958 0.627018681790542 0.609238276317395 0.604976191290085 0.615076491611689 0.618427264149372 0.624045788039917 0.623419052116011 0.62237894535937 0.62097871696225
-9999 -9999 -9999 -9999 -9999 -9999 -9999 -9999 -9999 -9999 -9999 -9999 -9999 -9999 -9999 -9999 -9999 -9999 -9999 -9999 -9999 0.475892696098181 0.30272593814498 0.0864807794576503 0 0 0 0 0 0 0 0.0197754663071775 0.2219429272262 0.306068644639493 0.434543309804122 0.587886726029531 0.606607244408007 0.606330476316029 0.611577822246645 0.60356363299964 0.607615000945248 0.600945524114002 0.594242782462362 0.589002615989385 0.5900904234793 0.584824167481564 0.594421431299942 0.615770864822994 0.625143287797644 0.611016388659286 0.591719801390439 0.590415054622203 0.598559551025354 0.607117344873248 0.61366273674497 0.618242871745681 0.625935630213611 0.625562683998939
-9999 -9999 -9999 -9999 -9999 -9999 -9999 -9999 -9999 -9999 -9999 -9999 -9999 -9999 -9999 -9999 -9999 -9999 -9999 -9999 -9999 -9999 -9999 0.514140224403398 0.241930877465077 0 0 0 0 0 0 0 0 0.100418821202285 0.325590292636941 0.433269768101045 0.564852408453838 0.650353132341129 0.628925785054678 0.620914108617846 0.640511145783868 0.640181813656963 0.62023002596249 0.60905627706625 0.603142079178611 0.610666988387528 0.609069798378136 0.615991992118271 0.622806852966704 0.600413406645335 0.573960770931535 0.573094079291385 0.597466119626955 0.61901322755033 0.615751958917878 0.609388925270184 0.621443114988203 0.629869790850574
-9999 -9999 -9999 -9999 -9999 -9999 -9999 -9999 -9999 -9999 -9999 -9999 -9999 -9999 -9999 -9999 -9999 -9999 -9999 -9999 -9999 -9999 -9999 0.623283866537241 0.473650404422667 0.236162568169046 0.027595506802093 0 0 0 0 0 0 0 0.0839481344344127 0.267160012383671 0.475549603575086 0.658193847162559 0.618056923792834 0.610355878556511 0.643739799909119 0.647728116609142 0.631309363950278 0.618594306197103 0.600953660832659 0.606707038869187 0.604034126790239 0.60515507944292 0.604075049698781 0.582596355763698 0.567713987270029 0.572812903636717 0.598649533561094 0.623476457049155 0.62359611467647 0.61371753993828 0.618791501966917 0.63748988914516
-9999 -9999 -9999 -9999 -9999 -9999 -9999 -9999 -9999 -9999 -9999 -9999 -9999 -9999 -9999 -9999 -9999 -9999 -9999 -9999 -9999 -9999 -9999 -9999 -9999 0.473459085730516 0.279126929651253 0.0485987661660003 0 0 0 0 0 0 0 0.0822366572816295 0.296923957031951 0.510195542793799 0.559063452517959 0.582713317452644 0.636844636306744 0.64890541135627 0.627558218032102 0.612429664895495 0.604453167801094 0.586035835182764 0.575703112926367 0.584180563440776 0.576739764179352 0.571200207039327 0.56527964856842 0.576130187646269 0.60963458237906 0.631785902011809 0.625588294513626 0.622955587397456 0.624161975596039 0.631912767190292
-9999 -9999 -9999 -9999 -9999 -9999 -9999 -9999 -9999 -9999 -9999 -9999 -9999 -9999 -9999 -9999 -9999 -9999 -9999 -9999 -9999 -9999 -9999 -9999 -9999 0.588096600390434 0.433385073073794 0.201758318957391 0 0 0 0 0 0 0 0 0.194321387600062 0.406724967779165 0.543635266277547 0.544542912041271 0.584016263113463 0.601699606481337 0.613457284598871 0.609260173663193 0.596364910482782 0.582879254488199 0.570423102544496 0.557620075625223 0.558798146586177 0.579048936840785 0.59212651766568 0.605736735169295 0.621977266636534 0.631900421644657 0.624778092719081 0.617719967914317 0.6196824726599 0.632697473586211
-9999 -9999 -9999 -9999 -9999 -9999 -9999 -9999 -9999 -9999 -9999 -9999 -9999 -9999 -9999 -9999 -9999 -9999 -9999 -9999 -9999 -9999 -9999 -9999 -9999 -9999 0.538652996843378 0.326547693193676 0.0934491711361284 0 0 0 0 0 0 0 0.137614803478034 0.337119681467817 0.531905109414295 0.508703574556128 0.514986705002307 0.531422362682658 0.580642881527224 0.625110142634878 0.601934494403755 0.589116051420079 0.579405621660793 0.5531720738601 0.550012591207947 0.58500508669256 0.628537496054043 0.644770359028122 0.639757009310476 0.63288465557337 0.615821240684093 0.601191181222878 0.604499594960492 0.631478909443673
-9999 -9999 -9999 -9999 -9999 -9999 -9999 -9999 -9999 -9999 -9999 -9999 -9999 -9999 -9999 -9999 -9999 -9999 -9999 -9999 -9999 -9999 -9999 -9999 -9999 -9999 0.566542306255598 0.395581988653738 0.1585816395097 0 0 0 0 0 0 0 0.128887255735854 0.314330369282435 0.488362813211292 0.470687653384625 0.474967103334911 0.488434226964276 0.506101835874408 0.545379272033649 0.58667238878805 0.602510765536901 0.604540637526661 0.56892622932784 0.557669604518421 0.58438590737476 0.635369637544863 0.650954419201891 0.650256131625421 0.630087181985391 0.597290103257176 0.577278054941087 0.582067950802981 0.620133940887757
-9999 -9999 -9999 -9999 -9999 -9999 -9999 -9999 -9999 -9999 -9999 -9999 -9999 -9999 -9999 -9999 -9999 -9999 -9999 -9999 -9999 -9999 -9999 -9999 -9999 -9999 0.540564963520795 0.43797437314978 0.200793764802048 0 0 0 0 0 0 0 0.129564338217154 0.302682335637146 0.437766937112362 0.448989774769832 0.45150000658169 0.452787373859934 0.453296356826986 0.439859948790302 0.530616462319689 0.598592456872865 0.620062983914759 0.585364784803774 0.538248903156018 0.591504656976528 0.640640127341603 0.654516755789176 0.648937274621672 0.629555064516724 0.590522866144414 0.55044030583603 0.553973366884167 0.60826988713954
-9999 -9999 -9999 -9999 -9999 -9999 -9999 -9999 -9999 -9999 -9999 -9999 -9999 -9999 -9999 -9999 -9999 -9999 -9999 -9999 -9999 -9999 -9999 -9999 -9999 -9999 0.541831674991694 0.426362670191207 0.164564294173585 0 0 0 0 0 0 0 0.156501384856777 0.329110253058954 0.418859314129368 0.420449869903701 0.431043805801027 0.432741354223199 0.412977150149314 0.412124792452415 0.461077512324546 0.52427318050451 0.567634894618875 0.58814907732373 0.595209616091062 0.615573908368434 0.63807166596629 0.640489041378349 0.63337130522466 0.619874403494112 0.588836172229791 0.563537690518497 0.564467861050188 0.597010822355024
-9999 -9999 -9999 -9999 -9999 -9999 -9999 -9999 -9999 -9999 -9999 -9999 -9999 -9999 -9999 -9999 -9999 -9999 -9999 -9999 -9999 -9999 -9999 -9999 -9999 -9999 0.544863621635627 0.397528579118085 0.118022965716085 0 0 0 0 0 0 0.00787713116805777 0.189185627843607 0.357460672540327 0.389317441033655 0.401239058424619 0.424437649705153 0.430060010963781 0.396642981906446 0.376675159049413 0.419092368688836 0.476035749996939 0.523630072782751 0.587860513070701 0.638361492347162 0.627210014336617 0.623539995249259 0.6208858694178 0.61582626630444 0.614783450082396 0.592814309707483 0.571339579041117 0.568086029886378 0.585497987674501
-9999 -9999 -9999 -9999 -9999 -9999 -9999 -9999 -9999 -9999 -9999 -9999 -9999 -9999 -9999 -9999 -9999 -9999 -9999 -9999 -9999 -9999 -9999 -9999 -9999 -9999 0.535460417891038 0.360905623621654 0.0495696821701609 0 0 0 0 0 0 0.0412654420608433 0.22827289688927 0.396560356654668 0.402568403679527 0.402870952267435 0.420914059298094 0.421941751836547 0.397555746935618 0.39168804488045 0.442977069520883 0.517954855108384 0.561523259565166 0.574458235551331 0.571762046422117 0.593707912868267 0.60528430968042 0.605870751711887 0.60249521004535 0.598131655350078 0.583117332587011 0.563331128157717 0.554619162220285 0.559359985968967
-9999 -9999 -9999 -9999 -9999 -9999 -9999 -9999 -9999 -9999 -9999 -9999 -9999 -9999 -9999 -9999 -9999 -9999 -9999 -9999 -9999 -9999 -9999 -9999 -9999 -9999 0.522093640245995 0.3304381686457 0 0 0 0 0 0 0 0.0876413624490867 0.272290319126854 0.430617573350733 0.408156337878025 0.411449945284885 0.434147232496538 0.43521037594821 0.40573223770731 0.400205606712538 0.47460248365346 0.557573106364748 0.5916079215089 0.567078686428076 0.533188253298545 0.565848910886109 0.587059910939369 0.591746245726075 0.599708503562826 0.586378410807761 0.569780762712554 0.551715514858838 0.537396929404028 0.531974219497827
-9999 -9999 -9999 -9999 -9999 -9999 -9999 -9999 -9999 -9999 -9999 -9999 -9999 -9999 -9999 -9999 -9999 -9999 -9999 -9999 -9999 -9999 -9999 -9999 -9999 0.415201378151701 0.501831135502279 0.316805474614344 0.00730085952186721 0 0 0 0 0 0 0.139208271830772 0.323404673308764 0.46756733311314 0.423506199357101 0.42420945844786 0.452041240921057 0.450205088386912 0.409966254176755 0.411919765871269 0.46797981792652 0.542968225989823 0.574817735967336 0.562867066744961 0.54911838351602 0.559564628605205 0.584629273300199 0.58884155682302 0.584107037470546 0.571028839628493 0.559075866736668 0.545655200441233 0.532245028639965 0.521135070785597
-9999 -9999 -9999 -9999 -9999 -9999 -9999 -9999 -9999 -9999 -9999 -9999 -9999 -9999 -9999 -9999 -9999 -9999 -9999 -9999 -9999 -9999 -9999 -9999 -9999 0.409409663468717 0.494924763769395 0.306185872792691 0 0 0 0 0 0 0.0132605835658387 0.189189962290054 0.368296850611332 0.447385780923701 0.414666251783498 0.420442318987167 0.4507984112522 0.440193084989255 0.395194101803355 0.389722502912136 0.431211973670956 0.500071853104576 0.538466471937509 0.539550220432605 0.535194109482253 0.552377819826023 0.571495844618881 0.575616213395406 0.561336150413084 0.552207348286643 0.547128141091925 0.542874287468874 0.533539562889834 0.519378266865878
