meets/meet004/_saidas_enm/CCSM_Maha_21k_Aralia_warmingiana4.asc
NCOLS 154 
NROWS 168 
XLLCORNER -112 
YLLCORNER -55.5 
CELLSIZE 0.5 
NODATA_value -9999 
[rows 50 to 74 of 168, columns 56 to 111 of 154]
-9999 -9999 -9999 -9999 -9999 -9999 -9999 -9999 -9999 -9999 -9999 -9999 -9999 -457.846023630789 -204.031121219099 -86.1365983020337 -70.7194937939309 -81.6458636858875 -79.0058582993968 -55.7671012329764 -36.588172238315 -16.0052051175688 -8.83969037198079 -11.7481957611227 -19.2664259881834 -27.6946436004242 -40.0367696753275 -63.8542920677052 -83.301873841248 -114.43848855363 -129.141482501529 -114.160585378977 -82.1416044962284 -49.6166778976475 -16.9749629301567 -7.94212320664281 -4.92318582364761 -2.27056468348216 -2.59640740133392 -4.02919745335253 -4.03493576920572 -4.37855140534794 -4.03605247228765 -5.20001449727594 -8.45683220018697 -14.254000952798 -13.7607162472517 -12.0105276939756 -9.94540568831422 -5.84752771784124 -3.48951379160082 -4.78836946766231 -4.37191298988308 -3.29658885276163 -2.25420827877414 -2.36400603429128
-9999 -9999 -9999 -9999 -9999 -9999 -9999 -9999 -9999 -9999 -9999 -9999 -9999 -280.702002081903 -148.891768662527 -74.3336806807588 -58.5111399542333 -58.0294018137878 -52.8009268177348 -44.2393937713534 -27.8609733293879 -10.5057211163442 -2.92713806552736 -3.06732553115563 -8.21907552797643 -14.2217819024245 -26.7556720380228 -46.1362312495703 -65.0566076344836 -87.6237341706796 -101.275162527821 -86.32529080504 -64.3747944637187 -36.8034344952285 -13.7710509848368 -6.06278217592354 -4.07219935960993 -1.48600796689181 -1.38511857704198 -2.1203218422792 -2.45282859778769 -3.23449159695855 -2.5048002553627 -2.54133818889848 -3.77715925496488 -4.375678575975 -4.5174305093941 -2.97530080854193 -2.32432566774624 -2.21762024195073 -2.1551664801036 -3.42776759295923 -3.26125866293201 -3.00041921008714 -2.81680712815071 -3.19329519826852
-9999 -9999 -9999 -9999 -9999 -9999 -9999 -9999 -9999 -9999 -9999 -274.529190710474 -218.600163502484 -190.973527926159 -123.970937966854 -69.4959881036258 -49.6319225944228 -37.6093236404873 -30.8332431883247 -29.1978551785715 -23.6181023680964 -11.235160155339 -5.24523480269805 -5.10478072353476 -9.36369488367672 -17.7903917738712 -28.9601775336462 -51.335547716852 -70.7986714304253 -89.4582089278281 -101.838694179597 -78.7572999257603 -52.2813567201308 -26.8697043077058 -7.41891970332989 -3.17438353276109 -3.23972947231994 -1.3554305848606 -1.66995902755931 -2.46974993374556 -2.88028859473337 -2.87755360201441 -2.37435522940071 -2.49836050592249 -3.40939205392248 -2.94127322522399 -2.9362847424159 -2.87587262916512 -2.00252673428227 -1.70241165434123 -2.16485392674827 -2.97368761688311 -3.25775402228685 -3.31731552183874 -3.59945132318251 -4.16503092194749
-9999 -9999 -9999 -9999 -9999 -9999 -9999 -9999 -9999 -9999 -224.959842173303 -199.335283543379 -170.363726396394 -182.184877481292 -142.846639771722 -93.4013849343895 -53.9364983620546 -31.237033348939 -21.7330239141232 -19.9126563600109 -20.5764219846879 -18.8490302623571 -18.8568139486169 -21.2082998625261 -26.6386026381123 -37.2518173651427 -52.910358400451 -73.3846741394208 -90.8226091916561 -109.430160702266 -113.928229824316 -87.5698085512783 -53.0410771573459 -25.3845764659053 -6.91389569166663 -2.00911926557388 -2.76620154931731 -2.33455189713165 -2.38811644337474 -3.25089149766318 -3.25645706823388 -2.98766317483815 -2.79046706392722 -2.76567428501311 -3.25421030428583 -2.82193160784602 -2.38979461005622 -1.85105653388924 -1.69913341084335 -2.68804478519466 -3.50784910445753 -4.6988327592374 -4.63276258862389 -4.81563726193406 -5.58646017224242 -6.04816924483137
-9999 -9999 -9999 -9999 -9999 -9999 -9999 -9999 -9999 -9999 -134.921198241087 -121.474592381961 -156.041055829993 -163.871256059892 -162.218727705001 -125.848113265481 -78.2101267415289 -46.9046148975361 -35.4264107153334 -30.4447295907934 -28.7901993935759 -33.4983041852243 -41.1526091941704 -48.4560161655848 -55.8415977067827 -66.1286307604786 -81.7741047305532 -103.811804120677 -124.048077523343 -142.211052269543 -143.898874808958 -111.334693532633 -65.5467364804787 -32.5992249190199 -9.87295575483278 -2.11087375044247 -1.95715226919835 -3.38057595652878 -3.27913827731528 -2.79454659837746 -2.57028184715392 -2.20677332563328 -2.07235942880528 -2.15443554547584 -1.99952481461301 -1.91641539867033 -2.52609520759486 -3.23356037241106 -5.30522311872776 -7.8556615984428 -8.70864020270364 -10.2719342059267 -9.6653218905801 -9.79492647102716 -11.2167778835978 -11.2712299959553
-9999 -9999 -9999 -9999 -9999 -9999 -9999 -9999 -170.675148248837 -95.6607732340536 -54.5294348376663 -81.3656468085519 -143.182542718358 -147.999064542161 -127.811702136904 -131.868705204607 -113.914693688115 -79.1496476230735 -64.9024546420176 -57.9026976614385 -54.9079006055486 -58.8356564922924 -67.2991842208555 -77.1843682737021 -84.7619254977631 -96.664689599111 -116.498393115576 -142.914961018888 -166.528761661111 -170.628826384819 -164.284659731748 -125.05730630664 -80.0285287502534 -40.4989265755303 -15.0350726090281 -3.58162921727575 -1.82283008685186 -3.00255482910453 -3.03944430222531 -2.14905801173034 -1.69336204408359 -1.44287858199019 -1.38463693311935 -1.39640957406907 -2.31080861618165 -4.02430542296822 -7.80518662866414 -12.9494316902905 -18.512069640122 -22.9829874466939 -24.5080330880746 -25.3211986037415 -22.829607430411 -21.9096530058245 -23.3658840175474 -23.6209915110785
-9999 -9999 -9999 -9999 -9999 -9999 -9999 -9999 -106.328607838864 -43.1430263014299 -30.0855016267962 -62.5482344286806 -136.527018716606 -134.770790487939 -105.889300281555 -100.391387919005 -117.567249497679 -120.925647177523 -106.923347291158 -96.9230587158126 -96.2543278136769 -100.983750030546 -104.521468170687 -110.841948510595 -125.926108326929 -144.305730035127 -163.876487973857 -187.267769495281 -199.565211169262 -201.65823324569 -187.895453738589 -145.223047531975 -92.5327270416481 -52.7753186106696 -22.9922768458709 -8.55285328937909 -3.68944995876781 -2.84892783930812 -3.21882581349125 -4.51195691597186 -3.77798725960794 -3.9482197144126 -4.32306333523351 -6.36716854713801 -9.52691752307462 -15.0739204078893 -24.2001653595881 -34.5215557643081 -45.3890334634642 -49.0017627609668 -50.3895118144708 -48.4257379764574 -44.2867415667711 -42.4252919837074 -41.7003424837621 -41.1112380497923
-9999 -9999 -9999 -9999 -9999 -9999 -9999 -108.474508204686 -59.0282525084715 -22.9748198637256 -22.9988121202693 -60.3179764764392 -141.153139370723 -148.547671496903 -103.961258227709 -83.3245186180558 -94.8447343634602 -121.592477007369 -129.319623844863 -144.525017913459 -148.592456683711 -150.283417348863 -151.881807321711 -158.206131354657 -171.929807244004 -180.072284163468 -181.099780901936 -179.428682595076 -183.826980575467 -187.325440734934 -191.528455834676 -157.291004498515 -109.694819901023 -68.5502027226625 -36.4778100756104 -19.1879226410722 -10.6289446505055 -6.41999221390257 -5.98228980428369 -7.46974150973848 -10.2232615257502 -15.0494504277611 -18.8298961597708 -24.2588792729479 -31.9438619319897 -44.1644748625869 -48.7666865299062 -47.4692416082225 -47.2710971042779 -48.491879931025 -49.9775726300055 -51.0505769468719 -53.1801091729342 -57.0557794776001 -61.4409427259543 -64.5903036670135
-9999 -9999 -9999 -9999 -9999 -9999 -9999 -73.4661273827412 -32.5448048718461 -15.0091330047293 -16.9575496173162 -58.8570635172421 -141.789379462986 -163.572157856236 -110.224440115582 -71.8878904916754 -78.112885168329 -94.2580738960487 -104.358247912758 -118.771277043853 -128.87078477409 -137.725998159241 -147.279556435022 -145.292657363326 -145.358206185662 -149.057820029266 -147.526902294231 -151.933255590895 -151.518249260343 -146.460898826695 -147.843591575275 -148.991666641058 -127.959263572023 -90.5435742699109 -59.3691280684531 -39.1143657696903 -26.9547119134216 -19.7883647489172 -18.4544152081198 -21.4397534988005 -26.9853117798829 -35.7966089902482 -48.9006114204205 -64.3050723136644 -64.5829523216766 -60.1112625562818 -59.3674569898671 -57.8725789012632 -58.5168443107922 -61.5475902578913 -60.4574557370933 -55.8432158810862 -49.1810357505216 -45.8982853407 -46.0816665736803 -48.4396631479451
-9999 -9999 -9999 -9999 -9999 -9999 -98.3070916424658 -42.5920009184584 -14.633858114916 -10.0584828512806 -13.2398392725323 -55.861500106052 -151.020686569309 -190.775942734345 -116.913966031926 -70.974441835265 -66.0911563252234 -73.365612534786 -80.7037143223025 -95.4839369118122 -105.962219511832 -108.981501745022 -114.436474553146 -114.073897878802 -116.207594606225 -117.87411012399 -118.094348997894 -115.879384858434 -118.127917881358 -125.338215311043 -130.062987936448 -137.009011665788 -138.96963622916 -118.061325430629 -89.6980232249508 -72.1899279487566 -58.0002529449177 -51.7121174457941 -51.4937969802073 -56.0232931934679 -68.6214819959586 -78.6054903327505 -78.3373697672619 -75.7517674518387 -75.2818001508825 -78.5859277979624 -82.1758231447373 -86.3679671767984 -85.381657439199 -89.6604894592499 -81.0971131572094 -74.6900640244077 -62.1663393818479 -54.8364268273017 -52.8394977793954 -48.374821327565
-9999 -9999 -9999 -9999 -9999 -9999 -77.5541621939737 -27.7847256335987 -10.7650363267948 -9.89083191562686 -16.8272948662759 -58.1237816191237 -149.743779006485 -189.201787061906 -121.631882419934 -69.3507554660221 -60.2957887556545 -63.3932468020855 -68.0067405649765 -78.2789442239833 -84.2521218137204 -86.0728732703717 -88.3730663117064 -86.7856563521081 -87.7405438186508 -90.674641753631 -89.7010305125396 -90.2933516526061 -91.8965467559662 -95.5554100632948 -101.492289187218 -105.377792808594 -110.656846133506 -115.017105072203 -113.216701126798 -101.68588005481 -92.2589009021125 -88.8991053392302 -88.6526550075802 -83.7292587343041 -78.5172875301734 -79.3228004922401 -81.676135603584 -84.4132606171038 -95.3219715278217 -92.0404694245868 -87.2527849495088 -78.7344556922509 -69.2990231009734 -61.0100069810229 -55.2221478699004 -48.676872304826 -42.9508109211713 -39.3624550153007 -37.8877635678194 -39.1142548299332
-9999 -9999 -9999 -9999 -9999 -9999 -65.9302481476495 -24.8426057423783 -13.1022299976245 -12.931954864377 -21.7001662583959 -58.7476675286267 -143.007331488047 -173.890323229286 -111.738031153259 -68.2228991588635 -57.0310928954708 -58.328570619328 -61.0392467729852 -68.5398061221306 -73.4141220126059 -70.1235531444942 -69.6040404437314 -68.2839255714101 -70.8053510558467 -73.8245733398265 -73.6883576434803 -74.0985378796837 -75.6151295431842 -78.1679351943495 -81.6242531773362 -83.8503365264204 -86.8256981355161 -89.2311076256049 -93.0599491500697 -95.2626625113671 -90.2393973073555 -85.0654383340845 -80.1916476600895 -77.8446697074193 -79.5303981297653 -80.221207330377 -76.6737066302923 -71.8884604582319 -70.2949649493629 -63.5669510318599 -60.9148263231583 -55.1354701816754 -48.1891500366004 -44.3490202967775 -38.0581264512213 -36.4805009176361 -33.14182903525 -31.1715737685173 -31.557390107379 -34.0098194900104
-9999 -9999 -9999 -9999 -9999 -9999 -9999 -32.4714788306271 -18.2424917717863 -15.8970507856977 -21.0240245364766 -49.5696733373188 -114.7835954176 -144.499380944617 -105.032378382438 -65.0794094321253 -54.5051373944781 -53.309389222664 -54.6050858031477 -60.4393578089754 -61.3550798866303 -58.4608123161438 -56.2628621189608 -54.4578476058698 -56.0402312565481 -59.1336150417519 -59.096979886066 -59.2424786047388 -59.4676643380127 -59.6860865609506 -61.7268197858776 -62.4797880270897 -64.6945698145031 -64.8827015187311 -64.9355002500038 -65.3673757550303 -64.1626026248529 -63.1276523835752 -59.9966922622496 -57.080300089813 -54.8911437839242 -52.8928756449095 -51.0569510697546 -47.0300115926511 -44.5764272246299 -41.8471940728148 -39.3635159671672 -37.5499423350761 -32.196893847725 -28.3892984882823 -25.0030688528975 -22.6160092824728 -21.2218718513413 -20.7590685793291 -20.5924383116051 -22.0717439159331
-9999 -9999 -9999 -9999 -9999 -9999 -9999 -9999 -24.9829406677975 -17.7692985439238 -13.7398034778728 -39.1549120835996 -97.896455375195 -115.670188496371 -82.0544510187847 -58.2997450267454 -47.1817267810881 -45.9136486139929 -48.4568100103409 -53.964871843336 -53.5575382168484 -50.7261284660664 -46.5661780903118 -44.4290848245771 -46.2369780950303 -48.0763088965166 -47.464069686712 -46.7768980727382 -46.2884796921019 -45.44207971317 -45.2455523928233 -46.4059186416891 -47.6019743347425 -47.3609254529994 -46.6072033200887 -44.2317970719538 -44.4165345643279 -42.9420742569634 -40.5830045751242 -39.8348820808257 -37.114831493715 -36.0916687095465 -34.3151129400626 -31.3221935515663 -30.2104978299586 -26.4427574708386 -25.5155561721877 -24.9316413658423 -22.4406447526062 -19.7345014528584 -17.307904190777 -15.7231878795123 -14.3065401545173 -13.1137833623035 -12.2758171386206 -11.2517890139067
-9999 -9999 -9999 -9999 -9999 -9999 -46.3310750073659 -40.4863447769742 -28.2649372314924 -23.7766327531111 -24.3853887734213 -40.5774193249393 -69.3773157485867 -71.483513173591 -49.8693550763739 -34.8424236113815 -33.9624792382756 -40.9630267348266 -46.2218160678274 -49.4435004175715 -48.5213488577577 -45.4109940585896 -43.1289203295136 -39.7025802263154 -37.5436354902748 -36.2409000984942 -34.8425016686374 -34.5410696933921 -34.1986259398148 -33.0082952477273 -32.8723729456387 -33.0482829543001 -33.7343912411445 -33.3197846969073 -32.9240433513083 -31.9708804306853 -30.0065234804134 -28.3027089498721 -26.3432219186442 -25.1338485210791 -24.3744623697651 -23.5785726089702 -22.6068988367623 -20.1200250995973 -18.2577395772989 -16.5871507112729 -15.1741323931432 -14.959561813707 -15.0024105093674 -13.6171155016261 -12.3484686189186 -10.8581555965691 -9.56431890054038 -8.45906934166521 -7.70338057528224 -7.53362765727437
-9999 -9999 -9999 -9999 -9999 -36.1820839003851 -38.1204449672426 -35.7603448899777 -31.1411760113155 -31.5749321562395 -38.3863254124837 -38.5809349930362 -44.2437435900805 -37.8303620743364 -27.2560389869134 -18.4633784572536 -24.3118051103287 -33.9582211900378 -42.9083849819463 -44.8104815889593 -42.8877545564215 -40.2973903270167 -40.3301569255014 -36.0791331107536 -30.6934345135986 -27.1116032659117 -25.6301641810539 -24.7955678975443 -24.0193755673122 -24.5602679711752 -24.2896180130432 -23.5438345592514 -24.171720068785 -24.1477737809265 -24.3347592681073 -24.8446832373683 -21.6154499839974 -19.2308430426456 -17.2668654222531 -16.6316349529821 -15.7312610388978 -14.840945297167 -14.4001544390752 -12.7408849251652 -11.5762693720452 -10.14591206451 -10.0634142608233 -10.7659393920479 -10.5971798615129 -9.79429622198505 -9.20218920986652 -8.21089179065734 -7.11189794868284 -6.03371903997172 -5.57616351060553 -6.1923296287857
-9999 -9999 -9999 -9999 -9999 -23.9503955679982 -30.526692951103 -28.2005048413528 -29.1178029964967 -36.8251454473672 -38.7263690755822 -34.7433644838295 -27.3447626667966 -19.7462374430912 -16.7036945821986 -17.2983556875325 -22.961452339729 -30.1875634148985 -36.6920484191927 -32.9532239376852 -28.6305959798733 -26.7719436493366 -26.6153442951438 -24.4345942659828 -21.3391439350863 -19.3033146815722 -18.7602989486772 -18.4086900987971 -17.4043825729485 -17.164982754545 -16.9159257690344 -17.2878651869443 -17.6870838562901 -17.7019710162046 -17.8785827546584 -17.5453801918971 -15.3038116414777 -13.1135372367993 -11.5649227359098 -10.3880549199472 -9.89351164600097 -9.16605645035509 -8.66933470809015 -8.22919764377862 -8.07496276614689 -8.49147327518013 -8.4714772931602 -8.55698693256122 -8.36505250411174 -8.0597426770112 -7.85773390635993 -6.80662421500078 -5.76779939441395 -4.98705959864951 -4.41985799440063 -4.35909675184819
-9999 -9999 -9999 -9999 -9999 -9999 -23.0159895449173 -21.2185121056523 -24.7484437673133 -38.6747100894088 -49.5666752751003 -46.8512586328992 -24.9424987351499 -16.1090986818035 -17.64442082049 -17.6711206246239 -23.3238039527245 -29.1101349876959 -29.565064696262 -26.8644601392293 -20.7617006435088 -18.9914614985946 -17.5283857148133 -15.5000066002369 -13.6883251227189 -11.7584821297916 -11.4105943891922 -10.7914601662828 -10.8990557652 -11.1730714938571 -10.1789633279339 -10.9418191959435 -11.608113686653 -12.0428475657286 -13.296318957444 -13.0302538634644 -10.9329770366159 -8.88606530235657 -7.24443840625294 -6.37885894290382 -5.98370915647513 -5.57799005875186 -5.85866362563027 -6.18401233670813 -6.67789004191119 -7.47683644611493 -7.48605047714581 -7.85641392862698 -7.78062887520462 -7.91001005791959 -7.6082367766538 -6.75049748848063 -5.83790361909325 -5.0333221595303 -4.33144732702968 -4.0941101443166
-9999 -9999 -9999 -9999 -9999 -9999 -23.8609383670045 -16.442970759814 -20.1624758289343 -35.6393004843853 -53.006114133704 -71.3578680277762 -66.5550986185759 -49.1236325657112 -35.3759953833689 -31.0570283284324 -30.0338392947679 -29.1430695631079 -27.5971256688446 -23.2908418592695 -17.280280204874 -14.8923835970844 -13.318163967829 -11.2891675644094 -9.39456713213414 -7.76864514174779 -7.14914780094865 -6.65491827720364 -6.64036932670202 -7.05219398918275 -7.46079054403221 -7.7490344949591 -7.87160598642089 -7.70588079354772 -7.74835529075783 -7.62021863243263 -6.54006706694218 -5.60763800801324 -4.45235170154106 -3.83860594236545 -3.65385198288669 -3.66064121174939 -4.13591070860325 -4.55851030100074 -5.20056611871939 -6.00896938292695 -6.64584174207983 -7.39941099760382 -8.16709383096361 -9.05203346302734 -9.29995962815826 -8.36109871112572 -7.29109734203156 -6.86926621785679 -6.84586758636874 -7.32290333342617
-9999 -9999 -9999 -9999 -9999 -9999 -25.0873345122761 -21.302140683635 -22.2878565459904 -41.6294406424554 -62.6295131628117 -81.3745275885974 -109.872751702886 -101.793737963613 -73.4638093118714 -56.3758926991868 -42.6385267843341 -31.8909019983214 -29.281122777571 -22.8404359874639 -16.3648391052569 -13.1087225820431 -12.2010378594164 -10.1849148048018 -8.0556789427391 -6.36247803873936 -5.77536130187253 -5.41023751063831 -5.19565666512044 -5.28312982249096 -5.26578937594401 -5.39549796218677 -5.60688197061956 -5.12352909396752 -4.56782504031348 -4.08951842709323 -3.14043398959117 -2.62002564191077 -2.44912562004098 -2.51520728614755 -2.3788299519003 -2.19258209545526 -2.73120407099924 -3.19259844350687 -3.79618742376256 -4.63161321877983 -5.42089906659084 -6.83912927144951 -7.71473742314492 -8.97591063203597 -10.5546807633795 -9.25994004339133 -8.69384128736182 -8.86336195894478 -9.40014291302689 -10.902486325178
-9999 -9999 -9999 -9999 -9999 -9999 -9999 -9999 -54.3898812440685 -54.6457919842289 -60.1772365874221 -91.798676844164 -137.648373428784 -134.247502469911 -108.101306310391 -75.0584295726976 -50.9364681018256 -39.914552100412 -36.26762567864 -22.9176572641132 -14.205836205913 -11.5018652146936 -10.188486554218 -8.59810038152222 -8.17496803905851 -6.51875683848808 -5.43175504621334 -4.53922331453863 -4.20345604840754 -4.24644712785881 -4.20571151157012 -4.32307075708596 -4.04701003880899 -3.92689208026846 -3.12796976983082 -2.38712316534681 -1.76554645965217 -1.29200038564085 -1.03539848179423 -1.2071864346616 -1.38519890863968 -1.54384605276164 -1.89054691185193 -2.24581686565279 -2.83135475788869 -3.54628646791151 -4.27580477795943 -5.34514417034982 -6.84410084001252 -8.64084156816097 -9.58531258975654 -9.92591672760804 -10.0989149772462 -10.9282243877412 -12.4182913591175 -14.0211325727172
-9999 -9999 -9999 -9999 -9999 -9999 -9999 -9999 -59.7597423665413 -62.4357084683146 -58.269800836128 -103.199888628743 -172.285894079012 -160.656604867471 -122.94173192753 -87.6825538139912 -55.174294021373 -42.0456617725828 -40.3641041619918 -23.2043669310134 -12.6798760941955 -9.98630648209732 -9.1053709495052 -7.58736915850322 -6.57871822513509 -5.84413639497696 -5.19947050289894 -4.2212441077034 -4.14488750705714 -3.97789681469483 -3.28706361982061 -3.28643791508661 -2.69062251421693 -2.12031670456713 -2.07667323570454 -1.98796120095783 -1.35144488052749 -0.881829067108726 -0.558900350409256 -0.396904036341579 -0.545721452230002 -0.761767897935422 -0.898408297642486 -1.14316368041541 -1.55232571482964 -2.36930083885297 -3.1600400381289 -4.78552146768494 -6.30182130443896 -7.60576958818494 -9.21081636597772 -9.95602601036263 -10.722107903602 -12.0891159962592 -12.96743316561 -13.7046428017625
-9999 -9999 -9999 -9999 -9999 -9999 -9999 -9999 -9999 -68.3157460577341 -55.0797372222782 -110.405710516172 -215.508481701427 -189.64754633274 -129.154653516373 -92.8167137025964 -53.5376348043126 -36.4800530846987 -37.4004884398419 -22.3254503371871 -12.2072181621992 -9.94116908017987 -9.74511563244047 -7.95299964445712 -5.99184542417022 -4.82789141608693 -3.99267209775421 -3.69245373174432 -3.59839841191694 -3.48692571857685 -3.53975764361802 -3.31049110963554 -3.00416188094047 -1.92958968868908 -1.18644330105743 -0.662154428221726 -0.595631958042435 -0.780233399972069 -0.854429219457758 -0.464106159710541 -0.325442484674151 -0.379589860304806 -0.551416089551126 -0.789594793776477 -0.93072682529233 -1.43076891609957 -2.45843419954292 -3.82557825383881 -5.45065247192426 -7.69087087770151 -9.27839739481904 -9.68619492256722 -10.2457230451163 -11.0062170268287 -11.1970954431628 -11.6579574945242
-9999 -9999 -9999 -9999 -9999 -9999 -9999 -9999 -9999 -9999 -67.9854441759098 -137.138198329105 -228.527756396007 -204.783327594522 -136.501693761582 -88.0844955500755 -44.7917547079437 -28.0801213417605 -29.5088239881922 -19.94444368999 -12.3854197298822 -10.4970340847928 -10.1469708245318 -8.86284992669482 -6.64946672406516 -5.15393097717208 -4.38375266607055 -3.81473043312211 -3.59602946214402 -3.55793988110923 -3.45453700786479 -3.30100474122625 -2.83655460207013 -1.99195698894545 -1.35220589030283 -0.582607190018584 -0.218810837135309 0.0338332045610485 -0.193334917861174 -0.769988743171536 -0.685586169938715 -0.414336182509564 -0.378214429150438 -0.407209076958103 -0.519554695371444 -0.909852672957472 -1.54514847587697 -2.93471645640868 -4.9471874977346 -6.60941789104001 -6.91032410824263 -7.50837536970884 -8.26841071425152 -9.44206480726587 -8.87506607126832 -9.41597007649083
-9999 -9999 -9999 -9999 -9999 -9999 -9999 -9999 -9999 -9999 -9999 -159.649426920932 -221.82768462983 -210.110732585812 -141.272867923322 -84.7357754865375 -43.6342797325295 -18.1801485244873 -19.038148254386 -18.3624513538364 -13.8797364702506 -12.3803179939683 -11.4744459233162 -9.27793877522895 -7.88409610840819 -6.05033476380659 -5.32071727188559 -4.68742833811219 -4.41361748672606 -4.04316101108591 -3.72820615020888 -3.6408197198433 -3.25746725869748 -2.35001691232229 -1.59288188878488 -0.985625928179834 -0.464917955328311 -0.161279623391108 -0.0209991170825239 -0.0537206345853729 -0.132843755305676 -0.436298690621169 -0.599839790956272 -0.681519387309596 -0.623618582865301 -0.915802057337003 -1.39310965954152 -2.48431183623043 -4.32848261619047 -4.91085972569896 -5.31642213561194 -6.23734900742792 -7.53758203231047 -7.57016783541184 -7.2049723986413 -7.4400313434266
