meets/meet004/_saidas_enm/CCSM_Gower_0k_Cavanillesia_umbellata1.asc
NCOLS 154 
NROWS 168 
XLLCORNER -112 
YLLCORNER -55.5 
CELLSIZE 0.5 
NODATA_value -9999 
[rows 104 to 129 of 168, columns 59 to 117 of 154]
-9999 -9999 -9999 -9999 -9999 -9999 -9999 -9999 -9999 -9999 -9999 -9999 -9999 -9999 -9999 -9999 -9999 -9999 -9999 -9999 -9999 -9999 -9999 -9999 0.199828107471635 0.221427994319749 0.148264327495405 0 0 0 0 0 0 0 0.0921606628389986 0.308609190608758 0.435138537551201 0.420415914070999 0.414679521174543 0.410997873446812 0.401433165867573 0.380491658722551 0.374112798012516 0.427726865037267 0.486729086926453 0.521143476874468 0.532479834243222 0.52347274265278 0.531227405951652 0.527028584432155 0.52143719472948 0.516098056831699 0.508323684360856 0.519315131220129 0.531790781114077 0.533966852873892 0.528268598505015 0.519796470153768 0.510154333684646
-9999 -9999 -9999 -9999 -9999 -9999 -9999 -9999 -9999 -9999 -9999 -9999 -9999 -9999 -9999 -9999 -9999 -9999 -9999 -9999 -9999 -9999 -9999 -9999 0.259149179079192 0.300435672768043 0.0958304120469757 0 0 0 0 0 0 0 0.1463260472308 0.329022672589511 0.408518485209272 0.408212481117187 0.401565498879374 0.388834141676357 0.386759559354025 0.385571377843813 0.392555847656209 0.445677697308246 0.490665802055072 0.520907606719005 0.539125664646309 0.530966963322044 0.530411906965971 0.513694689686044 0.504052809180194 0.503115983603422 0.498111261720956 0.513821519487489 0.532409572324964 0.539784898054225 0.539363838471223 0.53945483341454 0.538246686769086
-9999 -9999 -9999 -9999 -9999 -9999 -9999 -9999 -9999 -9999 -9999 -9999 -9999 -9999 -9999 -9999 -9999 -9999 -9999 -9999 -9999 -9999 -9999 -9999 0.361989331265063 0.394307263783516 0.0200846139018613 0 0 0 0 0 0 0 0.138002464441859 0.304360214626697 0.413562369472407 0.419401403641072 0.397889354361999 0.383392106543094 0.387723133092756 0.412468894372962 0.460001913955048 0.480198312014283 0.518923123468537 0.54800208698622 0.563375265893718 0.57896058468427 0.554602227945194 0.523790649037028 0.509458881473692 0.504437138033615 0.509939068572606 0.517818641948381 0.528295090703703 0.537306789633047 0.540606540158443 0.548332151625905 0.55813797660769
-9999 -9999 -9999 -9999 -9999 -9999 -9999 -9999 -9999 -9999 -9999 -9999 -9999 -9999 -9999 -9999 -9999 -9999 -9999 -9999 -9999 -9999 -9999 -9999 0.501111510543071 0.318177878855392 0 0 0 0 0 0 0 0 0.0924645592464641 0.291456637330427 0.420697217707303 0.419001844972946 0.395304765219526 0.37518861164617 0.378801149290368 0.406786637708606 0.453132243670298 0.474576590663836 0.508672050374513 0.542041342281556 0.569526558740881 0.587940874443034 0.564310729085331 0.530877888103269 0.51518887528834 0.513837261228738 0.518964973463565 0.521925956598017 0.526744465199855 0.532999055741167 0.537597435928791 0.549234934087455 0.563792155752446
-9999 -9999 -9999 -9999 -9999 -9999 -9999 -9999 -9999 -9999 -9999 -9999 -9999 -9999 -9999 -9999 -9999 -9999 -9999 -9999 -9999 -9999 -9999 -9999 0.476633641506043 0.258423227946034 0 0 0 0 0 0 0 0 0.0693726685562465 0.293631548799598 0.434864144923251 0.409343326854394 0.384697647213674 0.361077740386865 0.358901924590322 0.372313760152861 0.385855625057749 0.431994924621933 0.465748417400761 0.502726919429462 0.547195930659979 0.567255710386822 0.554269731654422 0.527515554557785 0.516963212692215 0.521080765872744 0.52549357268792 0.524877469091392 0.524257398064144 0.52802210587375 0.532911900246935 0.543669012730379 0.56162611610153
-9999 -9999 -9999 -9999 -9999 -9999 -9999 -9999 -9999 -9999 -9999 -9999 -9999 -9999 -9999 -9999 -9999 -9999 -9999 -9999 -9999 -9999 -9999 -9999 0.410101381077243 0.195125896591075 0 0 0 0 0 0 0 0 0.12038184931215 0.357128315922724 0.467191666311862 0.41708250437529 0.381505017317753 0.359104903465289 0.351764004796157 0.360100216649791 0.374618965383572 0.413078854850953 0.448262798377264 0.484888199071769 0.522782921633818 0.541439700609916 0.53931047012894 0.524666939299891 0.521528189672798 0.527898475613209 0.531339261901666 0.526874750505477 0.520948048916035 0.52300177023167 0.529838805199197 0.541789986348116 0.558558140319239
-9999 -9999 -9999 -9999 -9999 -9999 -9999 -9999 -9999 -9999 -9999 -9999 -9999 -9999 -9999 -9999 -9999 -9999 -9999 -9999 -9999 -9999 -9999 0.450206224708684 0.344896243047365 0.146670900292571 0 0 0 0 0 0 0 0.044818847021116 0.228533976981867 0.461191293103408 0.505057209060864 0.425274480924958 0.394098282335342 0.372169012922351 0.363775849240622 0.377444799910228 0.395921124779325 0.426114936329693 0.460281681811718 0.489756492530077 0.509555123664093 0.520837472782383 0.528667645246596 0.525999740058976 0.529029705295324 0.535688589825301 0.539654868711876 0.529698921270862 0.516922130587004 0.517918083679686 0.528829414034716 0.522092167877061 0.506799057264684
-9999 -9999 -9999 -9999 -9999 -9999 -9999 -9999 -9999 -9999 -9999 -9999 -9999 -9999 -9999 -9999 -9999 -9999 -9999 -9999 -9999 -9999 -9999 0.408977549243448 0.24944607536183 0.0675357921065448 0 0 0 0 0 0 0 0.190019432601739 0.38234111113585 0.593058612663996 0.527177939001566 0.461799032090161 0.421914834993834 0.401113467740418 0.393277152157669 0.40442576046616 0.421452821287257 0.444274634630903 0.466722229670386 0.488659689908092 0.506596828144001 0.518057199718204 0.524732593879247 0.526604453289884 0.53117800504009 0.53825257392435 0.539501034785198 0.531000366529085 0.519606929350599 0.521266211263556 0.480024086838526 0.445770411990995 0.409626010330756
-9999 -9999 -9999 -9999 -9999 -9999 -9999 -9999 -9999 -9999 -9999 -9999 -9999 -9999 -9999 -9999 -9999 -9999 -9999 -9999 -9999 -9999 -9999 0.351010231922499 0.13019342396363 0 0 0 0 0 0 0 0.154063755861876 0.359080448738562 0.541565676403259 0.568922898262142 0.542229859231636 0.497555821419974 0.469441199530839 0.44360324296755 0.436010092493526 0.447673186979424 0.450600126998655 0.468314321224354 0.475645877234045 0.485716880165976 0.504358045382462 0.52170058093672 0.525999484095703 0.527327805497522 0.533596729982086 0.540625609422233 0.541661492785401 0.537163066255627 0.497139859826117 0.463031584385188 0.417250037219259 0.37136193158255 0.340742216040454
-9999 -9999 -9999 -9999 -9999 -9999 -9999 -9999 -9999 -9999 -9999 -9999 -9999 -9999 -9999 -9999 -9999 -9999 -9999 -9999 -9999 -9999 -9999 0.280065207645522 0 0 0 0 0 0 0.00735252494334104 0.139250319106688 0.303318958686908 0.467211584780193 0.60084373116696 0.564169536441555 0.559372231506923 0.555039797159263 0.528612229198134 0.502719240531292 0.49764182507948 0.516470227429684 0.530154535895631 0.512223284814986 0.486978395153714 0.482965914896481 0.497117100371179 0.515703105502475 0.526147046922209 0.532920986943103 0.540554323650885 0.546783061901691 0.526251603537363 0.481972956946128 0.436987544353887 0.3979129608981 0.346523337373395 0.303145720854154 0.265525792873905
-9999 -9999 -9999 -9999 -9999 -9999 -9999 -9999 -9999 -9999 -9999 -9999 -9999 -9999 -9999 -9999 -9999 -9999 -9999 -9999 -9999 -9999 0.560847876753584 0.209847780177326 0 0 0 0 0 0.0656778407431396 0.183447883641621 0.294253519698258 0.43815883499645 0.511954869586475 0.551444383056223 0.551323474790725 0.534839688473917 0.515086724610281 0.555903027394065 0.549778728059546 0.552719746058755 0.581693163946776 0.575185462979051 0.561097935889053 0.498580570380795 0.478159308586807 0.491520591403058 0.510598173998887 0.526262870302943 0.538440067021341 0.547795268662168 0.511692799207958 0.473580121145267 0.435266853776998 0.376461409677216 0.337084775347718 0.284260813767667 0.240328091097477 0.214468663957631
-9999 -9999 -9999 -9999 -9999 -9999 -9999 -9999 -9999 -9999 -9999 -9999 -9999 -9999 -9999 -9999 -9999 -9999 -9999 -9999 -9999 -9999 0.42163715602044 0.146792691973847 0 0 0 0 0.0478800052175282 0.186585401527157 0.317060226583542 0.407575191285814 0.430856202465497 0.434181035178003 0.484914473410193 0.502638731895421 0.506394824437719 0.505927256784378 0.533552149248271 0.55635685912301 0.566501232891591 0.555230490371996 0.55396180505093 0.576755229900411 0.511848938529186 0.485786374194417 0.492256485811041 0.515096984473569 0.526755343638929 0.5366492199864 0.519066151893447 0.469481347535245 0.421039530344718 0.37099253032365 0.320764587558981 0.283102731615273 0.236187516406636 0.1931082495675 0.159103583250878
-9999 -9999 -9999 -9999 -9999 -9999 -9999 -9999 -9999 -9999 -9999 -9999 -9999 -9999 -9999 -9999 -9999 -9999 -9999 -9999 -9999 -9999 0.360203377354602 0.112359570265427 0 0 0 0 0.110858115047491 0.289013964507612 0.419914968579157 0.474432372620978 0.363916445884346 0.394541020960025 0.451422753049029 0.476243008437433 0.488208524799726 0.498523930908791 0.525863283684519 0.551183347706366 0.552323386931533 0.550538057617367 0.536805603350146 0.565035641843243 0.503534739516974 0.483440726766675 0.494117850727512 0.518085483659798 0.525766429536236 0.518966893223916 0.474055806862438 0.415268627113747 0.369175233464332 0.318140449390859 0.265871677650307 0.229328988683326 0.181368419798902 0.145253546698596 0.112874697839306
-9999 -9999 -9999 -9999 -9999 -9999 -9999 -9999 -9999 -9999 -9999 -9999 -9999 -9999 -9999 -9999 -9999 -9999 -9999 -9999 -9999 -9999 0.332842468418264 0.0956832401185008 0 0 0 0 0.161782701537928 0.361308727245371 0.48588511854429 0.434177904718375 0.367867512816134 0.393384173833744 0.460448313398778 0.486840651645656 0.483851585973929 0.485930706899738 0.521643050011039 0.527069026629184 0.508239600425892 0.519306172505597 0.526684953739035 0.510981734962491 0.489431803119111 0.483734060676779 0.492124152799241 0.508261101340768 0.520317995321165 0.484761850872537 0.44030170811342 0.378074004343677 0.322755621847723 0.271126983824735 0.222001386638282 0.188140664627348 0.146368445559284 0.111156488222974 0.0807811432463491
-9999 -9999 -9999 -9999 -9999 -9999 -9999 -9999 -9999 -9999 -9999 -9999 -9999 -9999 -9999 -9999 -9999 -9999 -9999 -9999 -9999 -9999 0.32987339831199 0.085374839122657 0 0 0 0 0.200565394521203 0.416406641850461 0.49568600860164 0.406887411440468 0.352450852908414 0.391163255021076 0.438001806031694 0.448740355337187 0.48064493040745 0.476253290298969 0.520101530444991 0.490823219467562 0.456730191407973 0.454206265561045 0.44731970170032 0.464251416202469 0.470309043005715 0.477224786679486 0.487639036359628 0.498684875414274 0.514066732302393 0.46095113023078 0.406868556302772 0.334179276275105 0.286424581223235 0.234165684731561 0.185901912231142 0.152432936321911 0.106196853695055 0.0795823884587429 0.0552954691699941
-9999 -9999 -9999 -9999 -9999 -9999 -9999 -9999 -9999 -9999 -9999 -9999 -9999 -9999 -9999 -9999 -9999 -9999 -9999 -9999 -9999 -9999 0.287369693047189 0.0554939956139107 0 0 0 0.031593006387365 0.229636666778549 0.424737880248347 0.455924353994541 0.385438071241752 0.348630411519298 0.390951522115306 0.402402516950982 0.400846467046082 0.439897472447841 0.485324077069125 0.523148321425056 0.450280300889863 0.411458607337028 0.416484702152735 0.432270341102973 0.443911806692359 0.4549183553847 0.468026746487877 0.479989062039144 0.492409807811174 0.507458400518704 0.444851523862321 0.391158541730765 0.321837893210409 0.261150806555021 0.207865218934169 0.160120482819727 0.129084333053732 0.0914399680169359 0.0623038830860295 0.0399225520766575
-9999 -9999 -9999 -9999 -9999 -9999 -9999 -9999 -9999 -9999 -9999 -9999 -9999 -9999 -9999 -9999 -9999 -9999 -9999 -9999 -9999 -9999 0.267652172685613 0.0322923452779952 0 0 0 0.0429258312222802 0.235631598435323 0.419378181619882 0.446003785138801 0.398496925874875 0.367536680150869 0.408736943906322 0.373810951090569 0.36664230797014 0.392723409902924 0.431769589464004 0.486660379311402 0.420283581059198 0.38597426403448 0.402623395083964 0.422506494097852 0.436473258034829 0.447667427805796 0.460935667972551 0.471980483174108 0.485885815925722 0.50308130058002 0.443040445602181 0.383329645272305 0.306020255163334 0.252558754210763 0.199986444100017 0.149168664436225 0.11527128684047 0.0761990277666638 0.0498394778530996 0.0323870676738626
-9999 -9999 -9999 -9999 -9999 -9999 -9999 -9999 -9999 -9999 -9999 -9999 -9999 -9999 -9999 -9999 -9999 -9999 -9999 -9999 -9999 -9999 0.252127167613752 0.00583456837656648 0 0 0 0.0246545661350634 0.217274811128998 0.388353078866628 0.46975114966197 0.445423369464988 0.409510121022735 0.377289933681655 0.350331887870657 0.341590612435335 0.348246854493538 0.375565438699532 0.438373414678237 0.414554483116004 0.38364858174198 0.397058369598341 0.419751689379272 0.431221019668007 0.439083827449444 0.451445957632109 0.463987774031957 0.479609724469533 0.489161045647595 0.448705605650825 0.388685545083616 0.316414791493593 0.252339741275887 0.196672628592837 0.148730220123723 0.114769825049956 0.0797384676041551 0.0508892670220281 0.0290187709207508
-9999 -9999 -9999 -9999 -9999 -9999 -9999 -9999 -9999 -9999 -9999 -9999 -9999 -9999 -9999 -9999 -9999 -9999 -9999 -9999 -9999 -9999 0.238798517201277 0 0 0 0 0 0.185453090696693 0.352132928900143 0.429292198487054 0.407201337245316 0.359737924210513 0.3359218546485 0.316604638581848 0.311723422326897 0.316906688652469 0.341191899641061 0.407127571595521 0.41733552407 0.386677011198695 0.401866511687648 0.420833646131461 0.428418861744044 0.431871934269573 0.441176199219204 0.453785461941314 0.467715512249829 0.46353073019417 0.46067615086127 0.404124827196959 0.328176798727893 0.268391958328103 0.217102091554783 0.160392303229539 0.121551442995982 0.0833790868983777 0.0544087052961129 0.0320814370899238
-9999 -9999 -9999 -9999 -9999 -9999 -9999 -9999 -9999 -9999 -9999 -9999 -9999 -9999 -9999 -9999 -9999 -9999 -9999 -9999 -9999 -9999 0.221392442124998 0 0 0 0 0 0.14637529998774 0.312557033614423 0.393997772298992 0.370328482869879 0.321682028232638 0.30669419651155 0.286908827964395 0.289848916006211 0.311890027315934 0.336492281986527 0.3938736676728 0.427095019699491 0.39592061285278 0.408938904884093 0.427048178420652 0.429156931839842 0.425703475369404 0.434375383054714 0.447849161729159 0.447134514969696 0.441185907060177 0.43155724166598 0.42575413829692 0.349759489906343 0.295058226776754 0.237903215366474 0.178072262575734 0.140077158826646 0.0938129568470513 0.0606408242240281 0.0347122703420313
-9999 -9999 -9999 -9999 -9999 -9999 -9999 -9999 -9999 -9999 -9999 -9999 -9999 -9999 -9999 -9999 -9999 -9999 -9999 -9999 -9999 0.317612561072081 0.191449865143693 0 0 0 0 0 0.0990735553177173 0.278710421776908 0.373206397006868 0.36299731213644 0.318923622554432 0.308797490264542 0.298887634536589 0.309034121282152 0.337917512699675 0.36466936055217 0.403931492430572 0.433778763111527 0.413827419440917 0.421058381884578 0.434799386215348 0.433451611604831 0.431687768695123 0.433883023967313 0.434608386190294 0.432654212535503 0.427516894373842 0.418408203855659 0.417312419181017 0.388213206908438 0.323037233817864 0.264522032407377 0.2035529153391 0.162091348167963 0.114655004359604 0.0702636684364064 -9999
-9999 -9999 -9999 -9999 -9999 -9999 -9999 -9999 -9999 -9999 -9999 -9999 -9999 -9999 -9999 -9999 -9999 -9999 -9999 -9999 -9999 0.298242909247191 0.163867148572703 0 0 0 0 0 0.052124788739097 0.256093354758481 0.363841726173705 0.3605548585167 0.340776350445179 0.329358673496692 0.334914937316572 0.351707033599021 0.377671083225978 0.415870989747337 0.418717857462489 0.42190131540582 0.421294880703354 0.412187408804513 0.407321631997289 0.401362178105416 0.400378582067385 0.403058625928386 0.411752434654186 0.423122315244459 0.414201616349676 0.412592390328001 0.42078621385827 0.40875523096989 0.356987335200004 0.297244841206422 0.229573024494598 0.183897906217179 0.12189431498459 0.0763543537151277 -9999
-9999 -9999 -9999 -9999 -9999 -9999 -9999 -9999 -9999 -9999 -9999 -9999 -9999 -9999 -9999 -9999 -9999 -9999 -9999 -9999 -9999 0.263326892736461 0.0973371443460124 0 0 0 0 0 0.0271264179331828 0.230475220094407 0.346155957692973 0.356092523071045 0.339287543469246 0.339325404432064 0.349870017629558 0.367985815530246 0.39475536984073 0.419945123328304 0.414760289820428 0.402933305384889 0.394361169450673 0.384516049160001 0.379098083774314 0.372684444238705 0.370889912419854 0.373382380771378 0.381538754048674 0.391623815354062 0.387367942666678 -9999 -9999 -9999 0.23225813612195 0.179065437264483 0.205471789137821 0.170208015186603 -9999 -9999 -9999
-9999 -9999 -9999 -9999 -9999 -9999 -9999 -9999 -9999 -9999 -9999 -9999 -9999 -9999 -9999 -9999 -9999 -9999 -9999 -9999 0.360810930700987 0.205236281400855 0.0229443730424779 0 0 0 0 0 0.0144950960947281 0.214476952987325 0.329000083271421 0.333800886861981 0.323111698394966 0.330266750261972 0.341958081558966 0.361439478886161 0.388086306610063 0.404398566797733 0.393299592582859 0.374639882447493 0.358827607455354 0.350120804626629 0.347792104123765 0.337085157860031 0.336645401101639 0.337991391835085 0.339320881219692 0.34838824676176 0.347257778721522 0.351506082999196 -9999 -9999 -9999 -9999 -9999 -9999 -9999 -9999 -9999
-9999 -9999 -9999 -9999 -9999 -9999 -9999 -9999 -9999 -9999 -9999 -9999 -9999 -9999 -9999 -9999 -9999 -9999 -9999 -9999 0.301922542511833 0.120549851423282 0 0 0 0 0 0 0.0105341860310999 0.197423269660103 0.305903890794327 0.315914764931922 0.301237945943008 0.311258871663652 0.326293443245917 0.346103186881967 0.371578689042168 0.382607221114546 0.365852610211569 0.336136539709787 0.315973315403183 0.305216697566548 0.298807138109005 0.290757579113835 0.286486829002723 0.286599993075216 0.290437352430534 0.298587762308962 0.302565257484621 0.318206023287929 -9999 -9999 -9999 -9999 -9999 -9999 -9999 -9999 -9999
-9999 -9999 -9999 -9999 -9999 -9999 -9999 -9999 -9999 -9999 -9999 -9999 -9999 -9999 -9999 -9999 -9999 -9999 -9999 0.336289491298515 0.236398199169189 0.024033545829023 0 0 0 0 0 0 0.00605402793980181 0.192104893305715 0.293386151844326 0.291989316853291 0.276005289488861 0.291224642672843 0.308166753428221 0.327741206257733 0.353385404784734 0.362702965897516 0.337375313557377 0.295563240969535 0.269100605802966 0.257730841400346 0.245501080304696 0.240144507934722 0.231985219157935 0.231959001278815 0.239590079366381 0.24716595751037 0.261971352999119 0.282224706500395 0.337199494617212 -9999 -9999 -9999 -9999 -9999 -9999 -9999 -9999
