meets/meet004/_saidas_enm/CCSM_Gower_0k_Cavanillesia_umbellata3.asc
NCOLS 154 
NROWS 168 
XLLCORNER -112 
YLLCORNER -55.5 
CELLSIZE 0.5 
NODATA_value -9999 
[rows 52 to 77 of 168, columns 59 to 117 of 154]
-9999 -9999 -9999 -9999 -9999 -9999 -9999 -9999 0 0 0 0 0 0 0.0281838021132754 0.167928454350863 0.189605505035722 0.169944838719433 0.0858906139197582 0 0 0 0 0 0 0 0 0 0 0 0 0 0.301517947014462 0.549765296926541 0.666432329846365 0.676731293855142 0.684173146771017 0.685622748906088 0.671811747459399 0.668667221951193 0.67118400840338 0.663145084260271 0.654553849107794 0.621874175123323 0.630336215793244 0.593871025440573 0.514418366886731 0.498119214280255 0.556501928232967 0.474396136107869 0.402548286086618 0.490440529366229 0.592957279070777 0.651847001256331 0.686166067913927 0.692809251390696 0.676370387666973 0.639153964656325 0.590466960125743
-9999 -9999 -9999 -9999 -9999 -9999 -9999 0 0 0 0 0 0 0 0 0 0 0 0 0 0 0 0 0 0 0 0 0 0 0 0 0 0.215509740320541 0.47578274955059 0.612042524851812 0.628799618492498 0.636151956046106 0.668993293579877 0.675602522768044 0.676582692342345 0.663107344193529 0.631885231833902 0.609676754898808 0.573201585201566 0.545432395708207 0.494666361058632 0.506798361135402 0.537983809862427 0.464735935000176 0.391435078162537 0.328263308289563 0.480052434413197 0.60487688940297 0.680185544947091 0.72054359268593 0.729659804221199 0.709903102561916 0.664053204616247 0.627502303698247
-9999 -9999 -9999 -9999 -9999 -9999 -9999 0 0 0.144430919250807 0 0 0 0 0 0 0 0 0 0 0 0 0 0 0 0 0 0 0 0 0 0 0.132986884961584 0.365677438619408 0.548401200521716 0.57289887841624 0.580137007915312 0.599498932252284 0.61131514151418 0.617416069258565 0.602291818152934 0.563581053508538 0.524998024474653 0.468361695821895 0.486183252883505 0.529423120484033 0.452661170268561 0.397090055552577 0.32954075690327 0.270729004342455 0.243454105422825 0.45065741129909 0.597262525225205 0.685804810510379 0.736405650796929 0.751034138066395 0.733743702676189 0.713181688386192 0.67800909531943
-9999 -9999 -9999 -9999 -9999 0 0 0.0172878919360189 0.14783203077898 0.24389841386686 0.113941904213043 0 0 0 0 0 0 0 0 0 0 0 0 0 0 0 0 0 0 0 0 0 0 0.245521160883232 0.417627229313438 0.52035252869517 0.514689805059066 0.5115174823015 0.50223447421819 0.510403343920932 0.492517697290854 0.449115310118735 0.488881667655547 0.490907299115761 0.407370739236168 0.336099518437475 0.273283265531059 0.216772560041626 0.172262140115951 0.129412064167396 0.138242261632844 0.384676232723186 0.567714768910903 0.675745202885458 0.738198539056725 0.754375681715967 0.758606219740057 0.741833880344371 0.706839663709027
-9999 -9999 -9999 -9999 -9999 0 0 0.297367228413619 0.376114198872511 0.396387815272561 0.129476233416192 0 0 0 0 0 0 0 0 0 0 0 0 0 0 0 0 0 0 0 0 0 0 0.0586408738685988 0.242608385818918 0.346205895886376 0.400826785857556 0.423066072116928 0.404245704541873 0.400599394990368 0.395186269013822 0.338384664538615 0.29142860471883 0.205521598866623 0.133493454537986 0.0675965829924859 0.000978867462707478 0 0 0 0.0408190664220075 0.312248699114144 0.519967618728422 0.639870238211875 0.724147166226416 0.751089301361874 0.758500260385767 0.756722607921599 0.719974597995346
-9999 -9999 -9999 -9999 0 0 0.153645001473373 0.457093397233403 0.507362915916206 0.464308915622904 0.208000383449815 0 0 0 0 0 0 0 0 0 0 0 0 0 0 0 0 0 0 0 0 0 0 0 0.0166347507494798 0.114552925496187 0.152951860512804 0.177020982489805 0.143133682763022 0.104129238799611 0.0578308431090111 0 0 0 0 0 0 0 0 0 0 0.229935171194543 0.461686567297764 0.595474527052408 0.700072159597664 0.733684430282631 0.750103034130576 0.753477919256305 0.720742430209871
-9999 -9999 -9999 -9999 0 0.120411549642917 0.432275762722063 0.572978483537829 0.512577548017868 0.488327557067883 0.292597644050979 0.0368195130449261 0 0 0 0 0 0 0 0 0 0 0 0 0 0 0 0 0 0 0 0 0 0 0 0 0 0 0 0 0 0 0 0 0 0 0 0 0 0 0 0.115204794605107 0.373262342766527 0.533199775870136 0.648974825807526 0.699472312947591 0.719352571231993 0.728644943109666 0.701238529765176
-9999 -9999 -9999 0 0.162279723011319 0.438705213601795 0.601372382210813 0.593798869576163 0.537231955013199 0.482648569036398 0.340984178710677 0.129966690009417 0 0 0 0 0 0 0 0 0 0 0 0 0 0 0 0 0 0 0 0 0 0 0 0 0 0 0 0 0 0 0 0 0 0 0 0 0 0 0 0.0360957008795364 0.280302095137583 0.447914009290406 0.57491459896004 0.630661038607019 0.671351389906827 0.678412775508396 0.673772129531064
-9999 -9999 -9999 0.268326332403486 0.449490623699481 0.522204747299968 0.649713248680263 0.64112865555956 0.580466329496845 0.434591791730489 0.369578374213054 0.255593683485898 0.124213506963132 0.072457332917843 0.0487079264491631 0.049469052891386 0.0289789919673045 0 0 0 0 0 0 0 0 0 0 0 0 0 0 0 0 0 0 0 0 0 0 0 0 0 0 0 0 0 0 0 0 0 0 0 0.159857263198272 0.324221210983214 0.460489539959746 0.523762717516324 0.560042684354801 0.578443235407708 0.572291438738104
-9999 -9999 -9999 0.382167094590414 0.449176005334833 0.525385666268783 0.652160163579991 0.694717563356682 0.63778307872099 0.453264056301787 0.404086777294033 0.335184611945273 0.211272661783543 0.200524736636 0.17919086422444 0.182112402490131 0.160388002249442 0.129284291037634 0.117922093741919 0.119741164737539 0.132776285444609 0.123728138680385 0.127011371015834 0.1077114093756 0.107696568470041 0.104944216527719 0.0774291776219536 0.0720533776027319 0.0397789309552816 0.0231237600275591 0 0 0 0 0 0 0 0 0 0 0.0102906169780448 0.03148088596058 0.0718279371801979 0.0755289763426136 0.101250385805146 0.110533160219154 0.103540408203827 0.122160515027516 0.113132721505202 0.12579893970267 0.137594632782655 0.113684944533942 0.113593496287309 0.189223599066013 0.315659704579356 0.380299136591138 0.42663649727176 0.440676575385791 0.436820267486353
-9999 -9999 -9999 -9999 0.457708467508096 0.536764060180245 0.659387736649008 0.744163166135505 0.662885406869223 0.48446813619654 0.451189017920623 0.428522972868061 0.340493910573396 0.320057418251283 0.298088708436707 0.299024109512776 0.299010399342879 0.284866592319598 0.282717063826872 0.280572128947772 0.288966145131753 0.295183919193003 0.287338875172735 0.283169004736623 0.268581383966159 0.260750968838513 0.246932955027734 0.223838951216916 0.20625177142011 0.177938857163119 0.161406371054681 0.148429341892227 0.127073702819181 0.123046022392517 0.114216248952942 0.117660611120172 0.136672800534525 0.145987235547059 0.175540990850712 0.195976069753248 0.219710211290496 0.253503871970301 0.269893744043418 0.292906052202684 0.298115634079649 0.302000771141971 0.308173457118714 0.306087532506954 0.308096567093724 0.299985588180041 0.297096487893642 0.289303245700871 0.267568315484333 0.245132117144658 0.210206660738557 0.182195087535386 0.204284856736734 0.220505895841377 0.21002814584598
-9999 -9999 -9999 -9999 -9999 0.549040307183089 0.675157816999904 0.701797527639616 0.665266461989118 0.508103881168523 0.492228739824716 0.468341964213537 0.401066566743189 0.39610562605401 0.380057061484216 0.381918370168195 0.38466754249103 0.380036483014472 0.38449679680964 0.394911310068425 0.403437123031476 0.403525624355747 0.407734338549551 0.396337968100918 0.390842473851394 0.383505554169063 0.360847755196705 0.350145421448933 0.323408777410345 0.305259056621886 0.287798731232117 0.269007317955693 0.261421565756828 0.252839352756167 0.259062073785937 0.262689049762517 0.273733086311445 0.30108946886969 0.313546571640739 0.345527918734537 0.369644147228148 0.389475257006844 0.41794369280761 0.422294857286906 0.438641114449417 0.442262229905799 0.4386687841486 0.446841982251712 0.437897300098769 0.436783698989443 0.435364549317533 0.416635917151003 0.412360531496103 0.379710564547715 0.360531986921106 0.331699331281289 0.298188425187865 0.275749682692952 0.245226957598276
-9999 -9999 -9999 0.486698640276938 0.523234197987529 0.605788255587806 0.708941214639412 0.720310115656003 0.644721773637396 0.519850235018422 0.50535268675186 0.503192047770596 0.472965723895085 0.45625565885362 0.449572314151234 0.453534434317396 0.46706700287355 0.475939312773102 0.489548146806652 0.498852399452623 0.508388472444292 0.518900035917545 0.519784229836548 0.51932984589426 0.511951055093362 0.504949850139491 0.493366565293891 0.474407259605028 0.458239465050062 0.436786201776304 0.424505791390963 0.4162486108843 0.404623374481621 0.406702425622487 0.405900560521041 0.413188050162871 0.432689070163375 0.446706901283088 0.47224429558247 0.493118302741675 0.507617245559688 0.486814182204302 0.468607538728726 0.461597732448184 0.458222707891006 0.461548205819298 0.474405549034451 0.49055044198979 0.517063919593692 0.545976444625533 0.566991184271592 0.559268242465953 0.545387953733348 0.532551982120997 0.511851564144599 0.496796566888394 0.48371136975992 0.460508797514203 0.452722349502935
-9999 -9999 0.499752513884806 0.529933228403262 0.585316967106682 0.66740072524291 0.708011329482996 0.696991012813046 0.619864113363478 0.524253565369644 0.517190850571813 0.531976469251662 0.5033887161509 0.493155218847871 0.500917441651973 0.511805986534288 0.514914069754348 0.534852673539241 0.54485428442208 0.567970382394042 0.581916007308436 0.588670308546391 0.59872876302778 0.596585567918793 0.599958340959008 0.598533469810614 0.583238899085226 0.575482474748755 0.561979060556901 0.550247505699429 0.542242575771521 0.52776727187064 0.525263641554616 0.522779622722503 0.527659623882148 0.532787873229989 0.542779463197851 0.55802359725221 0.53578749060406 0.5033440734706 0.47940531374756 0.461895013461716 0.444114347490645 0.444197700140238 0.443559734115277 0.447609945444216 0.459006768378165 0.469788903408929 0.492964819682889 0.517884473386345 0.538583162668529 0.559859374123665 0.574385656176426 0.581440624438021 0.582382864693771 0.573229121289021 0.55675216054713 0.528990343740472 0.483089925200355
-9999 -9999 0.570011245449173 0.587791197223669 0.648570437879841 0.6831518227096 0.681107426139618 0.648430319843253 0.592063877020342 0.551425546531222 0.560051691978537 0.563505654016223 0.551548618748957 0.53346493050998 0.529031444107857 0.537312101168957 0.561930918107162 0.577201606638184 0.593363111476033 0.613266508473121 0.6275698428781 0.645975292636419 0.655778424362435 0.662741916868836 0.66546472144727 0.665330822350219 0.662787535847526 0.654660247450869 0.646987214869442 0.635176217787891 0.628054170056671 0.622942162968189 0.615732884266635 0.616121044330693 0.61483873723083 0.618871305446251 0.592282069877583 0.556883443835686 0.528433693223801 0.499511670192562 0.477578829869558 0.463422518963139 0.451262731339893 0.448943042256733 0.448695894073175 0.451918883397494 0.460116783190315 0.468719261589236 0.483031729895911 0.497279819647046 0.510791920657297 0.523227954116323 0.530012841963792 0.531102651431444 0.52466974278391 0.511160672779099 0.490880397241963 0.463611229361819 0.432865377002048
-9999 -9999 -9999 0.658537189656644 0.675467216051487 0.688064772254605 0.636630521059097 0.620236010271163 0.58298001230203 0.554566600675799 0.573790144768052 0.569798406939586 0.57245414573929 0.566006699528969 0.55944953076353 0.573332835940355 0.597594997132489 0.605490050925108 0.629122838212907 0.651272839197864 0.672168720461425 0.692113285314656 0.702265283465928 0.711876372839806 0.717393342448488 0.721834544627645 0.722681777624709 0.718356755087418 0.716538040894058 0.708583336198803 0.705946970845916 0.702938290092254 0.69661293066964 0.689616138307166 0.659920730550282 0.629287887318035 0.597115181251598 0.561459964043312 0.538408411196078 0.511668305570151 0.492374986024311 0.480232960092942 0.466989709265198 0.467173085094304 0.465539676262815 0.466564519822108 0.471173951654684 0.472856220293862 0.480528664983645 0.485197625763058 0.489032878186209 0.493504278031058 0.492010901650886 0.485780185008581 0.474253756282028 0.456804924786502 0.434065715776303 0.40560645392029 0.375523239969761
-9999 -9999 -9999 0.679313083773977 0.67740611198035 0.670037792813397 0.641715995052562 0.614336443523903 0.598905715658332 0.561512889786968 0.539331467963822 0.541670848094516 0.534445137335355 0.569053504308152 0.582394355032723 0.598487250415885 0.615821121292937 0.631564713584632 0.650081285126062 0.675972046385474 0.696525995023559 0.71527779980186 0.729016051932753 0.739551827972833 0.746893004576158 0.75076340702667 0.753431815348297 0.753764332933165 0.753388238933265 0.751592957627721 0.750415724483951 0.738114539095781 0.718561682959443 0.697981298658995 0.672144177438366 0.644347454656121 0.615521672415253 0.585932375828807 0.562282930414413 0.540060026436712 0.522619449464236 0.510569141757475 0.500300580288424 0.495883192960512 0.492632742726908 0.490934046038247 0.490411379460214 0.488425343455863 0.48704223505359 0.482739783451953 0.478281901891366 0.471872174067788 0.461157387977895 0.449819790890239 0.432962975377208 0.412885231623558 0.389283640945637 0.360857053328265 0.332072079627695
-9999 -9999 -9999 0.53447531559388 0.669745307296147 0.661908024913488 0.649678493009225 0.636105829297866 0.546094530349803 0.47982644305343 0.507366124152793 0.53682088663293 0.526502909635985 0.550455776002118 0.611064547859696 0.635727713997214 0.648690247565153 0.650542764894275 0.675556526885068 0.698170884464182 0.705499089379698 0.727803036187632 0.745909913704888 0.740115306627906 0.728730190426116 0.734088697164217 0.753041367714298 0.766350940847519 0.768094172977139 0.76711670571911 0.766405876628066 0.750993310245862 0.731339032592208 0.714318667591537 0.691228756988402 0.667846710949205 0.643441057695287 0.615528702310223 0.596324318067525 0.574789875137174 0.558738750283063 0.548125249187888 0.535979523901644 0.530931004829271 0.523916537932129 0.518433145991052 0.514190465816687 0.506586461229733 0.498915653282887 0.487006347949183 0.474099841825797 0.458778109327789 0.439268012272897 0.422984420508634 0.40186473832501 0.379626615134113 0.354916888867415 0.326626938975267 0.300174990781792
-9999 -9999 -9999 -9999 -9999 0.609358081162169 0.655348815242682 0.57349447492226 0.438255895710947 0.348312268525673 0.358600193607176 0.464102697304497 0.551155660701376 0.544374141657238 0.578019169234098 0.635011871369654 0.667483048405918 0.678262267007632 0.691893761202064 0.662161541393036 0.661571211249868 0.688324841370211 0.709513209080807 0.70397806065213 0.690055742461171 0.694514417310478 0.713596917618645 0.731430826503619 0.736847387295168 0.73817739176089 0.747351749735815 0.761498335820654 0.750550088612762 0.733623761702038 0.715075252905855 0.695160154941753 0.673901857492885 0.651739833933858 0.631966668530366 0.613837485327926 0.597964919806041 0.584602846942693 0.572844937528936 0.563194649209504 0.554352212986988 0.54562664876834 0.536000262091805 0.525167252016793 0.512238740793914 0.49608305745921 0.4778685939896 0.455710853062965 0.431490209834027 0.409306462880719 0.384292302427651 0.360827349474955 0.336929932666113 0.309711503817031 0.286543831877867
-9999 -9999 -9999 -9999 -9999 0.511320747904732 0.667828069019222 0.543039041471286 0.380009825765348 0.23143288031098 0.225180436229961 0.34127616543349 0.532116600010372 0.561254757407393 0.582777764252055 0.629410797906678 0.674736678755751 0.6881532084171 0.662522422115295 0.622610906711092 0.620577354980687 0.653678326552022 0.677088611455464 0.672069218274392 0.654446050020365 0.657908692391537 0.678175360614174 0.693695406659958 0.698662417604996 0.696832963826767 0.706263912143248 0.723181056842163 0.737524043104135 0.74488653727837 0.739906467474119 0.723043110083465 0.706236124299864 0.686108564061513 0.670301504425427 0.652656074275888 0.636843804876334 0.622990349995805 0.608367289722297 0.596815297648689 0.583724637313624 0.57085752763859 0.557238043454441 0.542418263286701 0.526821756646143 0.507082454959896 0.484464061826526 0.457566010252427 0.429418638856166 0.405000980273643 0.378360624782033 0.355373600767079 0.333035090676017 0.307233596249915 0.288024538655301
-9999 -9999 -9999 -9999 -9999 -9999 0.679102913958351 0.604507250362568 0.367675938441459 0.14405062482167 0.0981020890405117 0.220912674939783 0.442925840534259 0.598563313257934 0.622902934667003 0.628930366406184 0.647236270501935 0.658448288279131 0.63024142989597 0.594857403864572 0.591449561703384 0.620797013712968 0.64539958008081 0.640988981767608 0.627340403282358 0.630231360584171 0.646191339657336 0.660180904306507 0.662868271225487 0.66123949632595 0.669132789239139 0.683735578648609 0.69768534446169 0.705278979234683 0.710823617050186 0.719600427277596 0.728552713945963 0.717511985155544 0.701985087719914 0.686832223487328 0.671762698659606 0.655704753279135 0.640649969835517 0.62503118708792 0.609768699284474 0.593331984691283 0.574464449582543 0.555866862440632 0.537353634038357 0.517622655136459 0.49312528111087 0.462932344763421 0.433164294758518 0.409207167142513 0.385258102000978 0.364180975133728 0.344357350876147 0.323387521601465 0.305015385228878
-9999 -9999 -9999 -9999 -9999 -9999 -9999 0.601412263134186 0.394993003568749 0.105039391089858 0.0294901884013171 0.13901762141312 0.362870000033926 0.650896786789604 0.624706206951794 0.60043389543606 0.617839308882806 0.628704117911935 0.605488386497168 0.570303432401525 0.566943713213637 0.594077723358452 0.615496282405143 0.614318789567489 0.603333914470532 0.606690285860632 0.620541965518264 0.631010054029911 0.633334746454979 0.629598312541229 0.635390684153237 0.647867999944523 0.658398024875116 0.666080132224233 0.671015569116392 0.680312485648595 0.691599215473071 0.701742133465508 0.708118705510928 0.713699991992797 0.70091383309968 0.685096532231096 0.669433923691903 0.652709378199788 0.633929530842539 0.614347035548302 0.592251138339717 0.57022852778619 0.549728943977813 0.52769947520139 0.502568863519326 0.473692171594148 0.445416528047676 0.423929972965623 0.402425959292237 0.384323461163572 0.368100792608648 0.350212162223813 0.333896987382868
-9999 -9999 -9999 -9999 -9999 -9999 -9999 -9999 0.450768196636154 0.124310882092173 0.00632371994684944 0.0888490114424499 0.291999786470985 0.587792515978941 0.60408391296949 0.572687367888222 0.596284748250816 0.601988288748357 0.584576142988253 0.555812659226106 0.5502193703492 0.569661322625925 0.583920602063915 0.587802897367417 0.585218318639875 0.589552893864986 0.599068026336617 0.605959432445281 0.608701261554663 0.60669175025218 0.60978771805105 0.615567305395248 0.619197532044076 0.628260895403244 0.633253232978516 0.64288440984089 0.654407793331127 0.663089387869708 0.673527340801589 0.679163000919208 0.690128933960294 0.706395127457645 0.692671897127826 0.67473552662437 0.65564374143199 0.63452560225937 0.609676959155122 0.584990779980095 0.562306539145019 0.537802609997078 0.513607603470621 0.488881146053895 0.465228816344913 0.446105657444461 0.429297095538031 0.413910802624156 0.398937029550633 0.384802481263272 0.368764340319522
-9999 -9999 -9999 -9999 -9999 -9999 -9999 -9999 0.506150915427732 0.180236140197434 0.038538370735804 0.0694915150208563 0.232340246853148 0.486037232615398 0.62450229042866 0.588504957561921 0.593010040448112 0.590507064831619 0.575412814387138 0.549889017223027 0.541959878035007 0.552084596966695 0.560335056706469 0.566243954360128 0.568376040418911 0.573927088727211 0.581601984271931 0.586060587845543 0.590538609726259 0.590546185468673 0.592811084065378 0.595198933235682 0.595051889317357 0.601865710752253 0.606196419810887 0.615134699725283 0.626650674862996 0.634742412269838 0.648320999102689 0.656612908898817 0.667174943096003 0.679810712316462 0.684042582505112 0.679978118404881 0.669506986637052 0.655505659012408 0.631269918319904 0.605622291484067 0.581664585175259 0.556234057287875 0.533360185035995 0.51230887825979 0.491356992537312 0.474731745839879 0.459699656221695 0.446240537186531 0.434049954548017 0.421381867312522 0.407534294620198
-9999 -9999 -9999 -9999 -9999 -9999 -9999 -9999 0.567344285384716 0.255105918811241 0.0926461788099328 0.0851914389276084 0.159486911201354 0.356000987265496 0.611802958597087 0.640434090763862 0.625403867492044 0.595207254133087 0.579286193749175 0.559115659159922 0.544220146951352 0.544320169429843 0.542695900018168 0.549441506293363 0.555280401495276 0.560548783357057 0.5659093506107 0.569009383284045 0.574424411648156 0.57976181754078 0.581645806944975 0.580561806220256 0.580716149417694 0.582953804499948 0.588016135887488 0.595748112464427 0.603514241978478 0.616321833140632 0.631811163681679 0.645012151322092 0.653857485570547 0.656298497769724 0.652251646325662 0.648984878203389 0.64313350543514 0.636060892751626 0.629068751407521 0.623984261918364 0.605276713563856 0.580359368009248 0.558686729060288 0.539162601761393 0.522132427510175 0.505459897127882 0.491194348785414 0.478919261715239 0.467634828462997 0.458109772628321 0.444949147008865
-9999 -9999 -9999 -9999 -9999 -9999 -9999 -9999 -9999 0.362426193972705 0.199887441624319 0.128096713233368 0.142738995333766 0.236338936722666 0.402793474359645 0.565315788684814 0.662660271450482 0.644072109142059 0.609009515975631 0.579910249175285 0.555316266128998 0.544896128881022 0.539098544423878 0.542197780105363 0.548118234140999 0.55181521371785 0.554181615383617 0.554808449481891 0.560229189621001 0.564844038157181 0.567249093928181 0.567261978629925 0.566047894362448 0.566204104767104 0.568070659704367 0.575264706733064 0.58433068461431 0.599017728374689 0.620768946208288 0.638967687296846 0.646055643693577 0.640756788232448 0.62950613038917 0.622128389695848 0.615800265684094 0.611040260955568 0.610490015831204 0.609034776729843 0.604616829460529 0.601491767139012 0.588114923887016 0.570030811990172 0.553170897719815 0.538739753578975 0.524954172334378 0.513089907741509 0.503148391759409 0.492930144980658 0.48318376512877
