meets/meet004/_saidas_enm/CCSM_Maxent_0k_Cavanillesia_umbellata5.asc
NCOLS 154 
NROWS 168 
XLLCORNER -112 
YLLCORNER -55.5 
CELLSIZE 0.5 
NODATA_value -9999 
[rows 50 to 74 of 168, columns 56 to 111 of 154]
-9999 -9999 -9999 -9999 -9999 -9999 -9999 -9999 -9999 -9999 -9999 -9999 -9999 0.000725573860108852 0.00512700760737062 0.0856236442923546 0.130785599350929 0.136769041419029 0.142861381173134 0.148893505334854 0.164267733693123 0.185943618416786 0.204350873827934 0.406157463788986 0.467229127883911 0.190393388271332 0.168677344918251 0.146551609039307 0.112213522195816 0.0782820656895638 0.0595178939402103 0.0803234204649925 0.0877133905887604 0.179573848843575 0.207905396819115 0.454627603292465 0.438546508550644 0.419081479310989 0.437307626008987 0.43751448392868 0.438424557447433 0.44280219078064 0.454121440649033 0.40034282207489 0.070079505443573 0.0544347688555717 0.065615139901638 0.0660075545310974 0.0701610222458839 0.0800867825746536 0.076922170817852 0.0870295092463493 0.0856941118836403 0.236771687865257 0.223815768957138 0.259080767631531
-9999 -9999 -9999 -9999 -9999 -9999 -9999 -9999 -9999 -9999 -9999 -9999 -9999 0.0366709679365158 0.0610812976956367 0.0604613125324249 0.0974282249808311 0.121235191822052 0.135976299643517 0.150400698184967 0.164777353405952 0.182628497481346 0.19283726811409 0.189158007502556 0.1650610268116 0.140458449721336 0.105887062847614 0.0710109248757362 0.0428560301661491 0.0260511860251427 0.0121694710105658 0.0253951232880354 0.0497166961431503 0.10315565019846 0.200740233063698 0.482378751039505 0.468409091234207 0.496521562337875 0.480533599853516 0.466827690601349 0.46111461520195 0.459337562322617 0.379617780447006 0.371900826692581 0.201053589582443 0.0617120265960693 0.064671479165554 0.0684422105550766 0.0735261142253876 0.0817881748080254 0.0869404971599579 0.0902087017893791 0.0855932980775833 0.233333125710487 0.229790642857552 0.267661720514297
-9999 -9999 -9999 -9999 -9999 -9999 -9999 -9999 -9999 -9999 -9999 0.0534015484154224 0.0796332657337189 0.0836144834756851 0.0848112255334854 0.0560006946325302 0.0670989900827408 0.101564310491085 0.131450086832047 0.148312002420425 0.157859563827515 0.157829985022545 0.152476087212563 0.136133536696434 0.107224501669407 0.0787291377782822 0.0486427471041679 0.0272846389561892 0.0136110140010715 0.00372429494746029 0.0033131199888885 0.00565195875242352 0.026906156912446 0.0737594440579414 0.177258417010307 0.214525505900383 0.493829101324081 0.493541598320007 0.488472044467926 0.508068382740021 0.493906795978546 0.489580929279327 0.396842420101166 0.393356084823608 0.374154031276703 0.227716654539108 0.0791359022259712 0.246062234044075 0.0886765345931053 0.180457875132561 0.18541531264782 0.175555929541588 0.160136595368385 0.374685317277908 0.254955530166626 0.268181174993515
-9999 -9999 -9999 -9999 -9999 -9999 -9999 -9999 -9999 -9999 0.0488028414547443 0.0796700567007065 0.102270297706127 0.0901508927345276 0.0541798546910286 0.0318642929196358 0.0385159775614738 0.0844770148396492 0.120825752615929 0.135254189372063 0.137523859739304 0.122104458510876 0.0984486415982246 0.07567448168993 0.0525296963751316 0.0320843830704689 0.0168998334556818 0.00770577322691679 0.00438632117584348 0.00395220005884767 0.00362777686677873 0.00356973009184003 0.0163528919219971 0.0556397289037704 0.157160475850105 0.210175514221191 0.227161169052124 0.232272237539291 0.522423148155212 0.52203905582428 0.512028336524963 0.498250812292099 0.407221853733063 0.405221939086914 0.411460548639297 0.172650083899498 0.180141925811768 0.188720479607582 0.194148913025856 0.191668525338173 0.182442352175713 0.166706100106239 0.385061383247375 0.379977107048035 0.247980490326881 0.264454871416092
-9999 -9999 -9999 -9999 -9999 -9999 -9999 -9999 -9999 -9999 0.0932107344269753 0.117774501442909 0.118071913719177 0.0790064409375191 0.0440326407551765 0.0224901512265205 0.0205533504486084 0.0587628670036793 0.0953145548701286 0.0961610227823257 0.0942194163799286 0.0696696117520332 0.0489427708089352 0.0319651253521442 0.017948092892766 0.00947246793657541 0.00574177643284202 0.00620368588715792 0.00467351404950023 0.00434575462713838 0.00400011101737618 0.00410097884014249 0.0097326822578907 0.0400293618440628 0.129973337054253 0.200016781687737 0.223037004470825 0.234721526503563 0.238926023244858 0.244162306189537 0.247559651732445 0.189613476395607 0.179798975586891 0.17817784845829 0.185036048293114 0.194309502840042 0.198639929294586 0.24975149333477 0.240283623337746 0.223961368203163 0.484523981809616 0.416780799627304 0.382960587739944 0.353257656097412 0.242281094193459 0.261475950479507
-9999 -9999 -9999 -9999 -9999 -9999 -9999 -9999 0.0206519402563572 0.220620959997177 0.333929091691971 0.121430791914463 0.112791679799557 0.0833117663860321 0.0472667068243027 0.0277422554790974 0.0207219962030649 0.0305065978318453 0.0523766539990902 0.0451628491282463 0.0341504737734795 0.0263379812240601 0.0185764506459236 0.0109277227893472 0.00512978527694941 0.00516510615125299 0.00557371834293008 0.00445606885477901 0.00475090090185404 0.00459770811721683 0.00514931511133909 0.00568308308720589 0.00700067868456244 0.0255042873322964 0.0780319571495056 0.176383852958679 0.214678317308426 0.23145267367363 0.24024398624897 0.247229263186455 0.246004924178123 0.190227866172791 0.184432372450829 0.184364572167397 0.187740206718445 0.187729269266129 0.182759910821915 0.222424641251564 0.488691061735153 0.499933779239655 0.476500272750854 0.375400424003601 0.34537211060524 0.330301016569138 0.389397531747818 0.263171404600143
-9999 -9999 -9999 -9999 -9999 -9999 -9999 -9999 0.209105283021927 0.353105276823044 0.401554614305496 0.136946454644203 0.118730388581753 0.0834595784544945 0.0515729337930679 0.0345228761434555 0.0338679887354374 0.0306115504354239 0.0348244160413742 0.028536232188344 0.0219398234039545 0.0190916806459427 0.0160447508096695 0.0166418571025133 0.0170007925480604 0.0172664523124695 0.0173380542546511 0.0122526856139302 0.0128170233219862 0.0145974066108465 0.0159621592611074 0.015950595960021 0.0154736842960119 0.0162149090319872 0.0500384569168091 0.0981782749295235 0.132956117391586 0.157011762261391 0.166317522525787 0.168324291706085 0.168226271867752 0.164354175329208 0.16067761182785 0.15528304874897 0.149503946304321 0.145482271909714 0.362117350101471 0.395515829324722 0.442143231630325 0.412645846605301 0.393992751836777 0.302286803722382 0.283154010772705 0.303586423397064 0.376781165599823 0.421355128288269
-9999 -9999 -9999 -9999 -9999 -9999 -9999 0.218654662370682 0.339104980230331 0.404553145170212 0.393804728984833 0.398376673460007 0.131881147623062 0.0952361971139908 0.065927155315876 0.0456289760768414 0.0496094226837158 0.0537432059645653 0.0413067191839218 0.033800020813942 0.0281730201095343 0.0273320190608501 0.0254524443298578 0.0258312132209539 0.0258737225085497 0.0247758943587542 0.0260389242321253 0.0277345161885023 0.0283177699893713 0.0288847498595715 0.0288403611630201 0.0287588033825159 0.0281346254050732 0.0279959738254547 0.0306797921657562 0.0613577179610729 0.0922760292887688 0.115942016243935 0.128494903445244 0.134718209505081 0.135208964347839 0.129756763577461 0.122499339282513 0.114107735455036 0.104727014899254 0.277301728725433 0.279368460178375 0.253756463527679 0.241007313132286 0.218780919909477 0.209487244486809 0.200093045830727 0.202522963285446 0.259171038866043 0.347225695848465 0.398804366588593
-9999 -9999 -9999 -9999 -9999 -9999 -9999 0.345978289842606 0.411032468080521 0.443614333868027 0.38973405957222 0.402334541082382 0.141213297843933 0.111876785755157 0.0877918526530266 0.0716184079647064 0.0774290189146996 0.0816910415887833 0.0598050355911255 0.0562440231442451 0.050778828561306 0.0473414734005928 0.0424325577914715 0.0444817431271076 0.0489960461854935 0.0483142733573914 0.0500403270125389 0.0473080202937126 0.048613715916872 0.0535514689981937 0.0528692081570625 0.0516484528779984 0.0455219745635986 0.0421024821698666 0.0396100580692291 0.0331825204193592 0.0518191903829575 0.0347674824297428 0.0396120175719261 0.0411530919373035 0.0409975238144398 0.036718986928463 0.032561969012022 0.0910893604159355 0.161396399140358 0.140731990337372 0.11907272040844 0.118758052587509 0.131369143724442 0.151839166879654 0.153395280241966 0.162081897258759 0.155017510056496 0.21598394215107 0.306917250156403 0.377032786607742
-9999 -9999 -9999 -9999 -9999 -9999 0.367832154035568 0.426965415477753 0.449156999588013 0.435848593711853 0.368599236011505 0.407929390668869 0.14679978787899 0.126410439610481 0.110328927636147 0.0972740799188614 0.108939975500107 0.11888387799263 0.0841223895549774 0.0794710367918015 0.072033517062664 0.0689267516136169 0.0687131285667419 0.0708936527371407 0.0705497339367867 0.0720181986689568 0.0704630091786385 0.0715686976909637 0.073538638651371 0.0712429210543633 0.0719898045063019 0.0687977075576782 0.0660432055592537 0.0625567734241486 0.0556132793426514 0.0509746819734573 0.0461178086698055 0.0219099465757608 0.019859716296196 0.0192160215228796 0.0197884477674961 0.0190918501466513 0.0685822516679764 0.081928625702858 0.0864038243889809 0.0966648086905479 0.187961637973785 0.201431781053543 0.219088047742844 0.217359870672226 0.120295196771622 0.117934606969357 0.117630131542683 0.117831759154797 0.161368787288666 0.362355709075928
-9999 -9999 -9999 -9999 -9999 -9999 0.442851573228836 0.455062657594681 0.448912352323532 0.445066690444946 0.39732351899147 0.403471618890762 0.161132112145424 0.148333057761192 0.14048083126545 0.137561410665512 0.14400926232338 0.150882884860039 0.109199158847332 0.108188860118389 0.105780862271786 0.102651111781597 0.100416921079159 0.10252833366394 0.104625098407269 0.103858165442944 0.102535329759121 0.0989130660891533 0.0979486554861069 0.0974102392792702 0.0944463163614273 0.0920759737491608 0.0871089026331902 0.0835020467638969 0.0800278037786484 0.0760698765516281 0.0743357911705971 0.0354281812906265 0.034931194037199 0.0356517322361469 0.114322401583195 0.117118902504444 0.132309034466743 0.135173782706261 0.142221197485924 0.145069107413292 0.151525393128395 0.153276085853577 0.162842810153961 0.164489358663559 0.162086233496666 0.16226489841938 0.159129738807678 0.159192681312561 0.155396297574043 0.192805036902428
-9999 -9999 -9999 -9999 -9999 -9999 0.452714145183563 0.445557862520218 0.431369960308075 0.458912879228592 0.428580224514008 0.42883512377739 0.174566641449928 0.162661164999008 0.16106241941452 0.161404058337212 0.185477137565613 0.189888581633568 0.131181746721268 0.128448829054832 0.126167848706245 0.123182833194733 0.122387506067753 0.123691916465759 0.12323160469532 0.124309852719307 0.120380066335201 0.118678942322731 0.116087451577187 0.112098962068558 0.111344031989574 0.106532052159309 0.104012422263622 0.100328862667084 0.0960026755928993 0.0956064611673355 0.0467724055051804 0.0467153713107109 0.0458832010626793 0.145152360200882 0.165209367871284 0.162406727671623 0.167330145835876 0.169473722577095 0.170762106776237 0.174684956669807 0.175441712141037 0.179042384028435 0.190123707056046 0.188609823584557 0.19013287127018 0.187978565692902 0.188514932990074 0.189809784293175 0.182378634810448 0.179687798023224
-9999 -9999 -9999 -9999 -9999 -9999 -9999 0.415905147790909 0.417720377445221 0.456406235694885 0.450807571411133 0.442705273628235 0.194581925868988 0.1795254945755 0.181074470281601 0.198417007923126 0.211442306637764 0.21085250377655 0.154538780450821 0.144310370087624 0.14316762983799 0.140775486826897 0.138743251562119 0.138672202825546 0.1396354585886 0.139300763607025 0.138428032398224 0.135771468281746 0.13322639465332 0.130390495061874 0.127080678939819 0.124761842191219 0.121130414307117 0.118809148669243 0.117265425622463 0.0585349090397358 0.0582973472774029 0.0574425384402275 0.176645457744598 0.19842554628849 0.195681735873222 0.197054803371429 0.19647254049778 0.196290135383606 0.197911217808723 0.197586491703987 0.200022026896477 0.211566641926765 0.212564542889595 0.214135035872459 0.214547887444496 0.216902226209641 0.217596262693405 0.219943642616272 0.219192042946815 0.216122075915337
-9999 -9999 -9999 -9999 -9999 -9999 -9999 -9999 0.405329495668411 0.461324483156204 0.432543694972992 0.445020228624344 0.202740967273712 0.187459394335747 0.202016264200211 0.212068527936935 0.225947335362434 0.172747403383255 0.161384999752045 0.159679353237152 0.158288329839706 0.156201377511024 0.395291328430176 0.37870267033577 0.379601866006851 0.380958288908005 0.378926336765289 0.377382218837738 0.374392628669739 0.367178112268448 0.363155245780945 0.358137845993042 0.354749768972397 0.350332051515579 0.345234155654907 0.199365586042404 0.197346404194832 0.219907447695732 0.217821970582008 0.21551601588726 0.213875636458397 0.211314216256142 0.210549458861351 0.219870775938034 0.218449950218201 0.216929689049721 0.217082887887955 0.218124136328697 0.219447091221809 0.221320390701294 0.224145993590355 0.228444889187813 0.2333804666996 0.239461898803711 0.242798581719398 0.246327728033066
-9999 -9999 -9999 -9999 -9999 -9999 0.406975775957108 0.407647639513016 0.421629250049591 0.469802886247635 0.456607043743134 0.451901376247406 0.20867632329464 0.209562674164772 0.216134816408157 0.225120231509209 0.235666990280151 0.176708027720451 0.166589975357056 0.164161369204521 0.163580492138863 0.409029752016068 0.407321661710739 0.40575447678566 0.405529767274857 0.405145674943924 0.439821064472198 0.439278602600098 0.438200533390045 0.435816049575806 0.41612508893013 0.41339448094368 0.40992271900177 0.407258033752441 0.405004680156708 0.243363112211227 0.241693869233131 0.238748043775558 0.236476570367813 0.232953697443008 0.226919949054718 0.222184404730797 0.227990359067917 0.222305133938789 0.217524796724319 0.213649183511734 0.21302792429924 0.213923677802086 0.215553626418114 0.217840194702148 0.221578359603882 0.227943003177643 0.235957205295563 0.245535612106323 0.255290448665619 0.428799569606781
-9999 -9999 -9999 -9999 -9999 0.152747586369514 0.395832806825638 0.388463824987411 0.450606048107147 0.47005221247673 0.448697328567505 0.18850314617157 0.214833572506905 0.217522755265236 0.221054941415787 0.225890219211578 0.178881376981735 0.174644947052002 0.168598204851151 0.16493833065033 0.413274943828583 0.411336988210678 0.413286417722702 0.446854710578918 0.443642169237137 0.442538976669312 0.442179799079895 0.443282544612885 0.443964779376984 0.443085372447968 0.443624645471573 0.441396713256836 0.440319806337357 0.438911736011505 0.436032027006149 0.41892808675766 0.253099054098129 0.249325647950172 0.244405806064606 0.237279772758484 0.227735444903374 0.232045248150826 0.22360460460186 0.215946644544601 0.209324285387993 0.202813714742661 0.204018637537956 0.204573184251785 0.20624241232872 0.208601281046867 0.210710719227791 0.219361290335655 0.228149354457855 0.238880306482315 0.412403255701065 0.43066531419754
-9999 -9999 -9999 -9999 -9999 0.316564798355103 0.411405324935913 0.415291488170624 0.475157618522644 0.431714832782745 0.431032985448837 0.185893759131432 0.202298060059547 0.207403004169464 0.207466781139374 0.209846973419189 0.162498086690903 0.164007812738419 0.162930086255074 0.411717414855957 0.410808771848679 0.446341782808304 0.447089940309525 0.445676535367966 0.444235026836395 0.275920927524567 0.275979280471802 0.27654555439949 0.277086675167084 0.27767089009285 0.277740836143494 0.444391965866089 0.443660348653793 0.442676097154617 0.441295772790909 0.438133895397186 0.268259078264236 0.262380570173264 0.255922436714172 0.248229876160622 0.237617552280426 0.227740302681923 0.21813240647316 0.209805503487587 0.20283642411232 0.19771134853363 0.196243271231651 0.196678832173347 0.198072150349617 0.199673533439636 0.203273817896843 0.209380298852921 0.217838019132614 0.380273550748825 0.393736511468887 0.408081412315369
-9999 -9999 -9999 -9999 -9999 -9999 0.472878307104111 0.442745447158813 0.487564712762833 0.435518950223923 0.172764897346497 0.174566894769669 0.182371228933334 0.185697987675667 0.190606653690338 0.191904187202454 0.156199961900711 0.151588216423988 0.23142172396183 0.236623778939247 0.2598996758461 0.43443289399147 0.436207115650177 0.438634693622589 0.441692799329758 0.273555189371109 0.275912016630173 0.275425970554352 0.275479286909103 0.276075631380081 0.275330305099487 0.276084631681442 0.275249242782593 0.274279773235321 0.273065328598022 0.269951462745667 0.264845281839371 0.258238554000854 0.251305282115936 0.243785157799721 0.233680412173271 0.223864242434502 0.213596314191818 0.205538004636765 0.198765814304352 0.193018212914467 0.191481590270996 0.190555408596992 0.190722152590752 0.191275179386139 0.194019198417664 0.198509007692337 0.205164834856987 0.358620762825012 0.366820901632309 0.376246958971024
-9999 -9999 -9999 -9999 -9999 -9999 0.508095800876617 0.475208699703217 0.474163204431534 0.425252228975296 0.152643769979477 0.154852360486984 0.169828712940216 0.178477197885513 0.183107823133469 0.192206621170044 0.204953983426094 0.368009477853775 0.204369872808456 0.245222508907318 0.423086613416672 0.422838240861893 0.417655378580093 0.41925984621048 0.426449537277222 0.431452751159668 0.426944524049759 0.259299844503403 0.260410755872726 0.265903145074844 0.272208392620087 0.272261172533035 0.270875126123428 0.269202679395676 0.267083525657654 0.263916075229645 0.258634984493256 0.252354472875595 0.245990037918091 0.239532500505447 0.23233887553215 0.223188295960426 0.214537680149078 0.207125261425972 0.200703382492065 0.195651233196259 0.192192643880844 0.189007982611656 0.185358017683029 0.181364580988884 0.180607631802559 0.185343995690346 0.331397712230682 0.339691281318665 0.342430800199509 0.344680398702621
-9999 -9999 -9999 -9999 -9999 -9999 0.536857843399048 0.498175621032715 0.493540972471237 0.432174175977707 0.351882755756378 0.132210358977318 0.1534144282341 0.163701742887497 0.17201840877533 0.182302266359329 0.199489325284958 0.135565191507339 0.188299834728241 0.236893832683563 0.423082053661346 0.415013790130615 0.398665428161621 0.39898869395256 0.41161984205246 0.42103499174118 0.412673145532608 0.242999166250229 0.242737680673599 0.249810263514519 0.25701031088829 0.256215959787369 0.25494047999382 0.255885124206543 0.257113099098206 0.256664574146271 0.251525461673737 0.246188908815384 0.240817055106163 0.23502516746521 0.230199217796326 0.223099529743195 0.216445773839951 0.210151895880699 0.203344374895096 0.199132174253464 0.191457703709602 0.184546500444412 0.178394556045532 0.170204296708107 0.166301771998405 0.17054295539856 0.309570670127869 0.312376081943512 0.306703597307205 0.304190188646317
-9999 -9999 -9999 -9999 -9999 -9999 -9999 -9999 0.195530444383621 0.44376802444458 0.358896940946579 0.319161713123322 0.138318806886673 0.1412273645401 0.152698069810867 0.163393422961235 0.18986251950264 0.139885812997818 0.182170450687408 0.226080358028412 0.413589268922806 0.40064525604248 0.224711626768112 0.223134934902191 0.390361875295639 0.402406066656113 0.394432663917542 0.227957665920258 0.226446837186813 0.232136204838753 0.237075045704842 0.235626593232155 0.231868252158165 0.232269704341888 0.235601305961609 0.238259807229042 0.236406743526459 0.233608916401863 0.231431663036346 0.229095235466957 0.227006927132607 0.222360104322433 0.217381328344345 0.211647838354111 0.205695912241936 0.199783027172089 0.191957965493202 0.183952108025551 0.176226079463959 0.16723258793354 0.16268128156662 0.288244277238846 0.292629510164261 0.291940808296204 0.282236397266388 0.272223055362701
-9999 -9999 -9999 -9999 -9999 -9999 -9999 -9999 0.471331924200058 0.406234502792358 0.337032854557037 0.328795433044434 0.123349972069263 0.124055847525597 0.135509476065636 0.146409064531326 0.179961740970612 0.140124917030334 0.177518367767334 0.223260462284088 0.406664490699768 0.387517541646957 0.208110794425011 0.205535784363747 0.221719235181808 0.386050045490265 0.378832548856735 0.214860007166862 0.212558895349503 0.217705115675926 0.220343604683876 0.217561736702919 0.211554065346718 0.211383029818535 0.215427383780479 0.218713507056236 0.218173280358315 0.216951370239258 0.216416150331497 0.215719044208527 0.215800225734711 0.213112220168114 0.21068312227726 0.207737505435944 0.203726872801781 0.199645265936852 0.190956249833107 0.181722685694695 0.17213836312294 0.16062505543232 0.15440659224987 0.269130975008011 0.269538968801498 0.26697114109993 0.256698071956635 0.30815851688385
-9999 -9999 -9999 -9999 -9999 -9999 -9999 -9999 -9999 0.388613611459732 0.353275626897812 0.339464515447617 0.111615926027298 0.306911885738373 0.330002635717392 0.133591771125793 0.163406893610954 0.144598618149757 0.173829108476639 0.214527294039726 0.393861353397369 0.372165560722351 0.197916090488434 0.193785727024078 0.207813873887062 0.369512796401978 0.215391218662262 0.205688714981079 0.203474000096321 0.206515848636627 0.207836017012596 0.20333893597126 0.196664854884148 0.195296943187714 0.198239848017693 0.200825020670891 0.200950056314468 0.199655055999756 0.200594842433929 0.202160909771919 0.203687995672226 0.202902495861053 0.20162445306778 0.200896814465523 0.200243517756462 0.197182029485703 0.325569123029709 0.309138238430023 0.29282358288765 0.275328904390335 0.259495377540588 0.249385416507721 0.240033209323883 0.237916424870491 0.241353586316109 0.291859477758408
-9999 -9999 -9999 -9999 -9999 -9999 -9999 -9999 -9999 -9999 0.336931228637695 0.336409687995911 0.275542408227921 0.287138849496841 0.310786426067352 0.331770539283752 0.383653312921524 0.445850282907486 0.198173180222511 0.212275296449661 0.383302003145218 0.362239211797714 0.103926748037338 0.101281955838203 0.198295205831528 0.353121310472488 0.20478892326355 0.196636557579041 0.194684535264969 0.197402030229568 0.197952345013618 0.193146914243698 0.185808748006821 0.183190941810608 0.184309422969818 0.184923380613327 0.184993728995323 0.184264928102493 0.185355082154274 0.187382742762566 0.18933217227459 0.190284386277199 0.191009804606438 0.192185431718826 0.19279944896698 0.329750746488571 0.31865382194519 0.302092015743256 0.284885704517365 0.263952761888504 0.246550068259239 0.234620377421379 0.224080786108971 0.22107794880867 0.277655363082886 0.269824028015137
-9999 -9999 -9999 -9999 -9999 -9999 -9999 -9999 -9999 -9999 -9999 0.294644176959991 0.300874888896942 0.289939105510712 0.301906734704971 0.340597599744797 0.384961783885956 0.434926956892014 0.211714655160904 0.365545064210892 0.370898842811584 0.351431339979172 0.103198498487473 0.0994786471128464 0.1038788408041 0.195505440235138 0.194476708769798 0.190055176615715 0.188330635428429 0.189113929867744 0.188109368085861 0.184232890605927 0.178225234150887 0.175428405404091 0.174239039421082 0.172170802950859 0.172923400998116 0.171506062150002 0.172901272773743 0.175257280468941 0.176246002316475 0.179444581270218 0.179731205105782 0.182123303413391 0.321951031684875 0.320379972457886 0.310621082782745 0.294820457696915 0.278054475784302 0.258323192596436 0.240781933069229 0.23028364777565 0.22090408205986 0.215307012200356 0.212859734892845 0.27100744843483
