meets/meet004/_saidas_enm/CCSM_Maxent_0k_Aralia_warmingiana5.asc
NCOLS 154 
NROWS 168 
XLLCORNER -112 
YLLCORNER -55.5 
CELLSIZE 0.5 
NODATA_value -9999 
[rows 75 to 99 of 168, columns 56 to 111 of 154]
-9999 -9999 -9999 -9999 -9999 -9999 -9999 -9999 -9999 -9999 -9999 0.20420441031456 0.167616292834282 0.180775508284569 0.200344249606133 0.224952518939972 0.294978380203247 0.424386441707611 0.42067739367485 0.346247494220734 0.311047285795212 0.284646898508072 0.279910445213318 0.27997761964798 0.309755682945251 0.332444429397583 0.331830114126205 0.329045802354813 0.328224718570709 0.32919043302536 0.331761628389359 0.314225614070892 0.294305145740509 0.284622609615326 0.286854535341263 0.287791162729263 0.286154359579086 0.283747136592865 0.287237823009491 0.295246303081512 0.302544116973877 0.311930418014526 0.317639470100403 0.323890000581741 0.329018205404282 0.325187504291534 0.314653068780899 0.295763790607452 0.276277422904968 0.254203379154205 0.237124189734459 0.232713997364044 0.232047080993652 0.238537847995758 0.251005917787552 0.261840790510178
-9999 -9999 -9999 -9999 -9999 -9999 -9999 -9999 -9999 -9999 -9999 0.2210753262043 0.20922289788723 0.203293472528458 0.204774245619774 0.227079153060913 0.265837997198105 0.374133855104446 0.442703157663345 0.429660618305206 0.318475216627121 0.312005877494812 0.315028667449951 0.288658440113068 0.310978412628174 0.305773258209229 0.318431735038757 0.318672746419907 0.316453814506531 0.318646878004074 0.321910858154297 0.309102118015289 0.291406214237213 0.283930897712708 0.291708052158356 0.305424779653549 0.299735426902771 0.301343083381653 0.308093339204788 0.321556210517883 0.344766557216644 0.335698425769806 0.341528505086899 0.354237735271454 0.35858142375946 0.3719362616539 0.354717433452606 0.330895870923996 0.312538504600525 0.290757536888123 0.273622691631317 0.267280459403992 0.261820048093796 0.258986711502075 0.257649511098862 0.245551764965057
-9999 -9999 -9999 -9999 -9999 -9999 -9999 -9999 -9999 -9999 -9999 -9999 0.238901913166046 0.240121528506279 0.254986941814423 0.268484801054001 0.269467920064926 0.270660847425461 0.33385843038559 0.415263652801514 0.431011766195297 0.440619051456451 0.333866149187088 0.275883197784424 0.309025824069977 0.334826707839966 0.33016911149025 0.306400984525681 0.291596263647079 0.286690890789032 0.289312154054642 0.285210788249969 0.287133812904358 0.280268520116806 0.287627935409546 0.299110442399979 0.298549801111221 0.301170408725739 0.306488275527954 0.31754395365715 0.329160183668137 0.316901534795761 0.310276865959167 0.321883320808411 0.348464399576187 0.378569573163986 0.379315674304962 0.367997169494629 0.354848802089691 0.334991574287415 0.315885752439499 0.306214213371277 0.296860009431839 0.286439687013626 0.267685323953629 0.228078424930573
-9999 -9999 -9999 -9999 -9999 -9999 -9999 -9999 -9999 -9999 -9999 -9999 0.270512610673904 0.284624516963959 0.333236902952194 0.338277518749237 0.270854264497757 0.201667249202728 0.190217062830925 0.253445655107498 0.406337231397629 0.443995296955109 0.389553397893906 0.251446276903152 0.356107413768768 0.405459612607956 0.341744482517242 0.288970679044724 0.255478143692017 0.244995847344398 0.244346186518669 0.237722545862198 0.236983388662338 0.24865810573101 0.271282255649567 0.276662647724152 0.276774704456329 0.275675356388092 0.283371418714523 0.295509487390518 0.294807195663452 0.281546652317047 0.257225215435028 0.268373101949692 0.310087412595749 0.346763461828232 0.380462735891342 0.391806542873383 0.395102977752686 0.381257176399231 0.357190072536469 0.347369283437729 0.332492411136627 0.303925454616547 0.260022401809692 0.216975554823875
-9999 -9999 -9999 -9999 -9999 -9999 -9999 -9999 -9999 -9999 -9999 -9999 -9999 0.280133932828903 0.366564393043518 0.265165984630585 0.200090140104294 0.12238235026598 0.0950316861271858 0.109507448971272 0.159997150301933 0.276169419288635 0.393726497888565 0.363134235143661 0.349291145801544 0.361706465482712 0.316614270210266 0.239886552095413 0.199473559856415 0.19861002266407 0.197825893759727 0.193774282932281 0.193085730075836 0.202351048588753 0.221427962183952 0.245866358280182 0.256134510040283 0.254318177700043 0.258985340595245 0.269754767417908 0.272242993116379 0.256300568580627 0.234351068735123 0.246405273675919 0.288419753313065 0.338711321353912 0.389303147792816 0.422829896211624 0.435396045446396 0.429938465356827 0.411892086267471 0.390823662281036 0.336978316307068 0.289095640182495 0.245886191725731 0.207870244979858
-9999 -9999 -9999 -9999 -9999 -9999 -9999 -9999 -9999 -9999 -9999 -9999 -9999 0.312372595071793 0.390282869338989 0.192265227437019 0.168022617697716 0.0615265555679798 0.0504148416221142 0.0637316927313805 0.0716363117098808 0.102575600147247 0.248473405838013 0.329130351543427 0.354734033346176 0.334019333124161 0.279536783695221 0.193921983242035 0.137654706835747 0.14834076166153 0.156200960278511 0.136111676692963 0.153088212013245 0.161668822169304 0.176589295268059 0.199155703186989 0.215373128652573 0.234982222318649 0.238521844148636 0.248001173138618 0.254622310400009 0.248580515384674 0.226228639483452 0.240735664963722 0.287122279405594 0.343212217092514 0.402698010206223 0.446968287229538 0.468127399682999 0.457735359668732 0.438150107860565 0.380888432264328 0.324613004922867 0.278670608997345 0.239567056298256 0.20384880900383
-9999 -9999 -9999 -9999 -9999 -9999 -9999 -9999 -9999 -9999 -9999 -9999 -9999 -9999 0.432575672864914 0.292902499437332 0.137610241770744 0.0533595196902752 0.0400431267917156 0.0428804904222488 0.0420611090958118 0.0389589071273804 0.0454342104494572 0.072529710829258 0.165803030133247 0.250684529542923 0.300762861967087 0.168450877070427 0.103976771235466 0.103249303996563 0.0867600291967392 0.10066069662571 0.105887837707996 0.115884825587273 0.140958607196808 0.15548674762249 0.169663488864899 0.185009673237801 0.21252752840519 0.227466553449631 0.243616819381714 0.245537623763084 0.246715813875198 0.268482744693756 0.301524043083191 0.352027088403702 0.408342897891998 0.437672942876816 0.455199271440506 0.433856815099716 0.399383038282394 0.358741164207458 0.314513325691223 0.277622282505035 0.244401261210442 0.211685076355934
-9999 -9999 -9999 -9999 -9999 -9999 -9999 -9999 -9999 -9999 -9999 -9999 -9999 -9999 0.473765939474106 0.33740895986557 0.153632611036301 0.0679909661412239 0.0427129082381725 0.0332949943840504 0.0266114231199026 0.0144070098176599 0.00689732329919934 0.00696629518643022 0.0192906204611063 0.0395047813653946 0.103796288371086 0.181254848837852 0.14361684024334 0.149814173579216 0.0596434883773327 0.0866093710064888 0.0871950015425682 0.0850112587213516 0.107830822467804 0.116101957857609 0.123575642704964 0.127537861466408 0.151349350810051 0.195436045527458 0.23347195982933 0.240868091583252 0.253421097993851 0.276784390211105 0.307742059230804 0.347564518451691 0.389429956674576 0.411755293607712 0.410481542348862 0.396385073661804 0.359521687030792 0.349445581436157 0.309822350740433 0.287401139736176 0.258787125349045 0.230463936924934
-9999 -9999 -9999 -9999 -9999 -9999 -9999 -9999 -9999 -9999 -9999 -9999 -9999 -9999 -9999 0.377598911523819 0.247605696320534 0.137713521718979 0.0743634402751923 0.0369972139596939 0.0204632934182882 0.0092010572552681 0.00365401874296367 0.00260468153283 0.00298807653598487 0.00333613948896527 0.00590848457068205 0.0105017051100731 0.0328314192593098 0.149643585085869 0.297642767429352 0.205807223916054 0.106286436319351 0.0692864060401917 0.0836400985717773 0.0984557792544365 0.106027133762836 0.109955556690693 0.118306890130043 0.132409155368805 0.160777881741524 0.200748637318611 0.242548108100891 0.275194585323334 0.306302398443222 0.340367585420609 0.377153217792511 0.387241005897522 0.394957274198532 0.384852051734924 0.368383318185806 0.345811903476715 0.324864000082016 0.304009228944778 0.280195564031601 0.267452597618103
-9999 -9999 -9999 -9999 -9999 -9999 -9999 -9999 -9999 -9999 -9999 -9999 -9999 -9999 -9999 0.505979716777802 0.321055948734283 0.233042046427727 0.126620307564735 0.0540253706276417 0.0214934032410383 0.0112050687894225 0.0083975987508893 0.00374105176888406 0.00196403497830033 0.000496554304845631 0.00115097244270146 0.00126493279822171 0.00225554872304201 0.0249186456203461 0.174623101949692 0.29323536157608 0.163945555686951 0.0777719542384148 0.0817707180976868 0.0968027710914612 0.0997276976704597 0.102007985115051 0.109004229307175 0.116960428655148 0.127292051911354 0.150212004780769 0.224944740533829 0.26531133055687 0.306703150272369 0.338047385215759 0.372436046600342 0.377971023321152 0.38900238275528 0.382138967514038 0.364571005105972 0.347233146429062 0.329270839691162 0.305949091911316 0.281969636678696 0.282791614532471
-9999 -9999 -9999 -9999 -9999 -9999 -9999 -9999 -9999 -9999 -9999 -9999 -9999 -9999 -9999 0.417314350605011 0.307703733444214 0.256566077470779 0.168983608484268 0.0964748412370682 0.0493339449167252 0.0258902572095394 0.0187630709260702 0.0154884597286582 0.00763493636623025 0.00435008388012648 0.00223559536971152 0.00145313399843872 0.00242753908969462 0.0102411052212119 0.0432343631982803 0.16198667883873 0.337130844593048 0.187001064419746 0.129940524697304 0.099849559366703 0.0903280153870583 0.09810471534729 0.108239807188511 0.118018686771393 0.13019110262394 0.130402266979218 0.22062461078167 0.257139503955841 0.291931718587875 0.346826940774918 0.361698418855667 0.368588745594025 0.370015293359756 0.358150780200958 0.357057422399521 0.309828639030457 0.277887165546417 0.251114338636398 0.22004172205925 0.209854677319527
-9999 -9999 -9999 -9999 -9999 -9999 -9999 -9999 -9999 -9999 -9999 -9999 -9999 -9999 -9999 -9999 0.485287219285965 0.215416103601456 0.201231628656387 0.160481885075569 0.0412671454250813 0.0367421209812164 0.0274322479963303 0.0288133565336466 0.0212091691792011 0.0168813597410917 0.00692547811195254 0.00432074721902609 0.00411047553643584 0.00831483490765095 0.0211397688835859 0.0563800223171711 0.244348585605621 0.362255156040192 0.267668396234512 0.164580509066582 0.124524600803852 0.0976065099239349 0.108377076685429 0.116748623549938 0.128848865628242 0.143407359719276 0.240979492664337 0.259158939123154 0.294056385755539 0.338621377944946 0.336406648159027 0.322295665740967 0.301804482936859 0.280022978782654 0.28704634308815 0.225713655352592 0.190516233444214 0.168211236596107 0.14299638569355 0.1401387155056
-9999 -9999 -9999 -9999 -9999 -9999 -9999 -9999 -9999 -9999 -9999 -9999 -9999 -9999 -9999 -9999 -9999 0.513742864131927 0.178171455860138 0.187127888202667 0.140702798962593 0.0999039486050606 0.064702533185482 0.0432605966925621 0.0344170555472374 0.0214126575738192 0.0128918923437595 0.00886622443795204 0.00776665238663554 0.00948868319392204 0.012414182536304 0.0275626070797443 0.0759686231613159 0.217106461524963 0.356899559497833 0.335155665874481 0.224062696099281 0.16724656522274 0.133114755153656 0.147421106696129 0.186202526092529 0.225013643503189 0.267231553792953 0.291530162096024 0.312961637973785 0.303304612636566 0.287557244300842 0.237946793437004 0.202868804335594 0.174731612205505 0.140346050262451 0.124330371618271 0.103325821459293 0.094953291118145 0.0932184606790543 0.0961157158017159
-9999 -9999 -9999 -9999 -9999 -9999 -9999 -9999 -9999 -9999 -9999 -9999 -9999 -9999 -9999 -9999 -9999 -9999 -9999 0.120009310543537 0.130276516079903 0.144695848226547 0.103738263249397 0.0682643353939056 0.0479307062923908 0.0314433127641678 0.0232402142137289 0.0171475522220135 0.0134297013282776 0.0116986902430654 0.01066920068115 0.0149616729468107 0.0305745787918568 0.070083275437355 0.205760613083839 0.373577564954758 0.373425960540771 0.25725656747818 0.197341606020927 0.214475393295288 0.26087948679924 0.265062868595123 0.279991507530212 0.303029417991638 0.300356656312943 0.276496738195419 0.256991624832153 0.203355625271797 0.160081505775452 0.12336902320385 0.0875663608312607 0.0803009569644928 0.0686107501387596 0.0665831491351128 0.0715008825063705 0.0769794434309006
-9999 -9999 -9999 -9999 -9999 -9999 -9999 -9999 -9999 -9999 -9999 -9999 -9999 -9999 -9999 -9999 -9999 -9999 -9999 -9999 -9999 0.154147639870644 0.16306746006012 0.129357069730759 0.0803485736250877 0.0410733819007874 0.0316829532384872 0.0262441579252481 0.022526741027832 0.0150093957781792 0.011825923807919 0.0120913395658135 0.011868136934936 0.0233725365251303 0.067200593650341 0.187143296003342 0.347721815109253 0.447516590356827 0.283950507640839 0.288296312093735 0.252404600381851 0.255237549543381 0.276886612176895 0.266718655824661 0.280387759208679 0.26352271437645 0.245732694864273 0.226603418588638 0.174260228872299 0.118277207016945 0.0845980048179626 0.0721744894981384 0.0670207366347313 0.0665071904659271 0.0664641708135605 0.077077180147171
-9999 -9999 -9999 -9999 -9999 -9999 -9999 -9999 -9999 -9999 -9999 -9999 -9999 -9999 -9999 -9999 -9999 -9999 -9999 -9999 -9999 -9999 -9999 0.1911800801754 0.159224912524223 0.0933620855212212 0.0557091683149338 0.0401451885700226 0.0339006297290325 0.0266491770744324 0.0203375797718763 0.0163328722119331 0.0128991520032287 0.0146020967513323 0.0287254340946674 0.0604027099907398 0.166541397571564 0.372510313987732 0.461420774459839 0.472360491752625 0.341781228780746 0.276583582162857 0.247454583644867 0.233315631747246 0.24376368522644 0.252077639102936 0.243125706911087 0.229252874851227 0.189657285809517 0.130433768033981 0.0918722674250603 0.0789345651865005 0.073026642203331 0.0694833546876907 0.0676730275154114 0.0705906823277473
-9999 -9999 -9999 -9999 -9999 -9999 -9999 -9999 -9999 -9999 -9999 -9999 -9999 -9999 -9999 -9999 -9999 -9999 -9999 -9999 -9999 -9999 -9999 -9999 -9999 0.190335363149643 0.115070529282093 0.0709631219506264 0.047720093280077 0.04788963124156 0.0499618723988533 0.0326058901846409 0.021241994574666 0.0199827216565609 0.020934920758009 0.0239808037877083 0.0651615038514137 0.152834415435791 0.328862994909286 0.50373899936676 0.561090767383575 0.371392250061035 0.25481179356575 0.193064227700233 0.217839047312737 0.238287180662155 0.234134808182716 0.218282639980316 0.185035824775696 0.138581842184067 0.100259371101856 0.0885695591568947 0.082855686545372 0.0768300890922546 0.0675721615552902 0.0595172010362148
-9999 -9999 -9999 -9999 -9999 -9999 -9999 -9999 -9999 -9999 -9999 -9999 -9999 -9999 -9999 -9999 -9999 -9999 -9999 -9999 -9999 -9999 -9999 -9999 -9999 0.152885884046555 0.160625904798508 0.118996344506741 0.0937398821115494 0.0681001618504524 0.0621353164315224 0.0542592443525791 0.0431743711233139 0.0347901582717896 0.0280474275350571 0.0271091144531965 0.0451948493719101 0.085208423435688 0.190563559532166 0.387891203165054 0.573666453361511 0.534533262252808 0.303601771593094 0.18693470954895 0.194635644555092 0.237252295017242 0.242248803377151 0.229732125997543 0.19537590444088 0.149090379476547 0.11706954240799 0.102402828633785 0.095365434885025 0.0874863564968109 0.0757473781704903 0.0641861632466316
-9999 -9999 -9999 -9999 -9999 -9999 -9999 -9999 -9999 -9999 -9999 -9999 -9999 -9999 -9999 -9999 -9999 -9999 -9999 -9999 -9999 -9999 -9999 -9999 -9999 -9999 -9999 0.138959839940071 0.140983611345291 0.0579394809901714 0.0375422313809395 0.0366246923804283 0.0406554155051708 0.0615571066737175 0.0496041215956211 0.0417226664721966 0.0462746173143387 0.0608118176460266 0.127195537090302 0.299537539482117 0.52199649810791 0.613905072212219 0.377167642116547 0.1695346981287 0.195888251066208 0.239002674818039 0.235253393650055 0.237150639295578 0.21480455994606 0.156609982252121 0.12091139703989 0.113382518291473 0.109686687588692 0.0995706766843796 0.0819624066352844 0.0692610368132591
-9999 -9999 -9999 -9999 -9999 -9999 -9999 -9999 -9999 -9999 -9999 -9999 -9999 -9999 -9999 -9999 -9999 -9999 -9999 -9999 -9999 -9999 -9999 -9999 -9999 -9999 -9999 0.0976157560944557 0.142515853047371 0.085738405585289 0.0615576505661011 0.0589833445847034 0.0613186098635197 0.0827016308903694 0.0798875689506531 0.0674871876835823 0.0588487796485424 0.0559682175517082 0.0979963093996048 0.234143018722534 0.456238657236099 0.614876747131348 0.468618005514145 0.215341567993164 0.188642650842667 0.206518337130547 0.203964278101921 0.206476107239723 0.180522873997688 0.151620581746101 0.121803291141987 0.117155313491821 0.113325603306293 0.107588931918144 0.0936930179595947 0.088695116341114
-9999 -9999 -9999 -9999 -9999 -9999 -9999 -9999 -9999 -9999 -9999 -9999 -9999 -9999 -9999 -9999 -9999 -9999 -9999 -9999 -9999 -9999 -9999 -9999 -9999 -9999 -9999 -9999 0.10347007215023 0.137924030423164 0.106021270155907 0.100571915507317 0.182893857359886 0.164884895086288 0.125909969210625 0.114723138511181 0.0790092200040817 0.056195754557848 0.0824301913380623 0.202123835682869 0.438863962888718 0.600315749645233 0.508545458316803 0.206837028264999 0.186735242605209 0.154999956488609 0.153717964887619 0.148090332746506 0.139365017414093 0.123949781060219 0.115790084004402 0.122214205563068 0.109298624098301 0.101500988006592 0.0977241769433022 0.117834225296974
-9999 -9999 -9999 -9999 -9999 -9999 -9999 -9999 -9999 -9999 -9999 -9999 -9999 -9999 -9999 -9999 -9999 -9999 -9999 -9999 -9999 -9999 -9999 -9999 -9999 -9999 -9999 -9999 0.0747192874550819 0.127089470624924 0.155800670385361 0.248327806591988 0.174303904175758 0.134399622678757 0.16571407020092 0.141319617629051 0.0892518311738968 0.058829452842474 0.0738986507058144 0.183853730559349 0.392507821321487 0.578263819217682 0.559047400951385 0.248707503080368 0.178450137376785 0.181395679712296 0.137068256735802 0.118230074644089 0.119812846183777 0.126489296555519 0.114433139562607 0.117823280394077 0.110406987369061 0.101032607257366 0.113969892263412 0.160233661532402
-9999 -9999 -9999 -9999 -9999 -9999 -9999 -9999 -9999 -9999 -9999 -9999 -9999 -9999 -9999 -9999 -9999 -9999 -9999 -9999 -9999 -9999 -9999 -9999 -9999 -9999 -9999 -9999 0.0683559030294418 0.138820961117744 0.122193150222301 0.286427736282349 0.125753030180931 0.0951995849609375 0.142293885350227 0.152682214975357 0.0877882242202759 0.0496080406010151 0.0618466287851334 0.160586327314377 0.334718376398087 0.528871655464172 0.536957025527954 0.250834554433823 0.182510748505592 0.152029022574425 0.142585292458534 0.118054583668709 0.11430586129427 0.127325877547264 0.112050324678421 0.118729777634144 0.109411142766476 0.103736601769924 0.149905249476433 0.214512169361115
-9999 -9999 -9999 -9999 -9999 -9999 -9999 -9999 -9999 -9999 -9999 -9999 -9999 -9999 -9999 -9999 -9999 -9999 -9999 -9999 -9999 -9999 -9999 -9999 -9999 -9999 -9999 -9999 0.0693180039525032 0.146102041006088 0.23603230714798 0.243048503994942 0.12416122853756 0.0965908989310265 0.131082832813263 0.120568476617336 0.0704331621527672 0.0458196960389614 0.0656147450208664 0.150263130664825 0.295251250267029 0.495758712291718 0.51408725976944 0.224140495061874 0.1465814858675 0.137961372733116 0.143812358379364 0.12108863145113 0.130324572324753 0.128612771630287 0.124735996127129 0.122723549604416 0.123157761991024 0.153526410460472 0.215746358036995 0.302840262651443
-9999 -9999 -9999 -9999 -9999 -9999 -9999 -9999 -9999 -9999 -9999 -9999 -9999 -9999 -9999 -9999 -9999 -9999 -9999 -9999 -9999 -9999 -9999 -9999 -9999 -9999 -9999 -9999 0.0678537338972092 0.151532456278801 0.265421211719513 0.203598126769066 0.122837066650391 0.100331388413906 0.129393294453621 0.0925527736544609 0.0609266348183155 0.0445816963911057 0.0666166171431541 0.154956221580505 0.289692759513855 0.47747927904129 0.514278709888458 0.200234800577164 0.142484053969383 0.123891487717628 0.139604538679123 0.133613914251328 0.122097440063953 0.137025728821754 0.111629329621792 0.146503210067749 0.172399640083313 0.218920335173607 0.313941925764084 0.404976218938828
