meets/meet004/_saidas_enm/CCSM_Maxent_6k_Cavanillesia_umbellata1.asc
NCOLS 154 
NROWS 168 
XLLCORNER -112 
YLLCORNER -55.5 
CELLSIZE 0.5 
NODATA_value -9999 
[rows 100 to 124 of 168, columns 56 to 111 of 154]
-9999 -9999 -9999 -9999 -9999 -9999 -9999 -9999 -9999 -9999 -9999 -9999 -9999 -9999 -9999 -9999 -9999 -9999 -9999 -9999 -9999 -9999 -9999 -9999 -9999 -9999 -9999 -9999 0.179224699735641 0.155301675200462 0.0587667040526867 0.0313113108277321 0.0213415008038282 0.0188330970704556 0.0227860361337662 0.0311512760818005 0.0399102717638016 0.0479102469980717 0.0498311966657639 0.0498306900262833 0.0524400845170021 0.0884026736021042 0.160654321312904 0.0545447617769241 0.0490706488490105 0.0461440421640873 0.066857174038887 0.0994616597890854 0.128487199544907 0.131634443998337 0.134745895862579 0.149582669138908 0.15352800488472 0.140862345695496 0.122423954308033 0.270435303449631
-9999 -9999 -9999 -9999 -9999 -9999 -9999 -9999 -9999 -9999 -9999 -9999 -9999 -9999 -9999 -9999 -9999 -9999 -9999 -9999 -9999 -9999 -9999 -9999 -9999 -9999 -9999 -9999 0.168321594595909 0.175702810287476 0.0596216283738613 0.026463570073247 0.0162859987467527 0.0156698636710644 0.0255415700376034 0.0410054437816143 0.0527096167206764 0.0572322867810726 0.0563493445515633 0.054686926305294 0.0574654601514339 0.0952359512448311 0.176848411560059 0.060116358101368 0.0511512532830238 0.0482977256178856 0.0817905515432358 0.127238065004349 0.154085576534271 0.137405514717102 0.103050008416176 0.124374747276306 0.13587275147438 0.12887254357338 0.306113928556442 0.338219612836838
-9999 -9999 -9999 -9999 -9999 -9999 -9999 -9999 -9999 -9999 -9999 -9999 -9999 -9999 -9999 -9999 -9999 -9999 -9999 -9999 -9999 -9999 -9999 -9999 -9999 -9999 -9999 0.136245027184486 0.156786158680916 0.175572335720062 0.0535857640206814 0.0226202495396137 0.0164385195821524 0.0179105829447508 0.030540281906724 0.0551025867462158 0.0647379755973816 0.0686279162764549 0.0656764805316925 0.0606459714472294 0.06729656457901 0.106049783527851 0.191422030329704 0.0624437145888805 0.0499490387737751 0.04963319003582 0.0746142119169235 0.12392944842577 0.148439720273018 0.130737900733948 0.114134639501572 0.119707688689232 0.138686493039131 0.132827773690224 0.291921555995941 0.24801342189312
-9999 -9999 -9999 -9999 -9999 -9999 -9999 -9999 -9999 -9999 -9999 -9999 -9999 -9999 -9999 -9999 -9999 -9999 -9999 -9999 -9999 -9999 -9999 -9999 -9999 -9999 -9999 0.128614529967308 0.14771643280983 0.163955479860306 0.0426553934812546 0.0193332079797983 0.0160472560673952 0.0196239277720451 0.0373571068048477 0.06095976755023 0.0683530494570732 0.0641689673066139 0.058204859495163 0.0567183792591095 0.0668970495462418 0.105571985244751 0.186517551541328 0.0547953583300114 0.0412906594574451 0.113985233008862 0.054062232375145 0.0886788591742516 0.112652987241745 0.108972989022732 0.101709194481373 0.112957164645195 0.128522902727127 0.12471266835928 0.266073703765869 0.232365697622299
-9999 -9999 -9999 -9999 -9999 -9999 -9999 -9999 -9999 -9999 -9999 -9999 -9999 -9999 -9999 -9999 -9999 -9999 -9999 -9999 -9999 -9999 -9999 -9999 -9999 -9999 -9999 0.122170425951481 0.14598873257637 0.128849029541016 0.0363630130887032 0.0170916002243757 0.0159843154251575 0.0213540010154247 0.0415613800287247 0.0643744692206383 0.0593438521027565 0.0396604500710964 0.0356822498142719 0.0472077019512653 0.0618087388575077 0.0971668437123299 0.136290103197098 0.111857391893864 0.101019106805325 0.0897654443979263 0.125538438558578 0.175891473889351 0.216909468173981 0.238568618893623 0.226253420114517 0.0973253324627876 0.0961037576198578 0.240001127123833 0.223972678184509 0.266809344291687
-9999 -9999 -9999 -9999 -9999 -9999 -9999 -9999 -9999 -9999 -9999 -9999 -9999 -9999 -9999 -9999 -9999 -9999 -9999 -9999 -9999 -9999 -9999 -9999 -9999 -9999 -9999 0.119254410266876 0.128792464733124 0.108267568051815 0.0279182363301516 0.0144744468852878 0.0151670118793845 0.0205136686563492 0.0384233556687832 0.0566265247762203 0.0470744296908379 0.0287329070270061 0.0267777219414711 0.0397428907454014 0.0570032447576523 0.0854793712496758 0.110363230109215 0.131591796875 0.101678751409054 0.131440356373787 0.130180522799492 0.160289272665977 0.192801848053932 0.231761202216148 0.2222730666399 0.227384895086288 0.216862887144089 0.201945692300797 0.268350630998611 0.239620804786682
-9999 -9999 -9999 -9999 -9999 -9999 -9999 -9999 -9999 -9999 -9999 -9999 -9999 -9999 -9999 -9999 -9999 -9999 -9999 -9999 -9999 -9999 -9999 -9999 -9999 -9999 -9999 0.138617724180222 0.120659694075584 0.0818625241518021 0.0218339860439301 0.0119714252650738 0.0137564055621624 0.0192939806729555 0.0297682117670774 0.0406131446361542 0.0377821326255798 0.0255626328289509 0.0262692961841822 0.0414645560085773 0.0604460760951042 0.073745995759964 0.0964861363172531 0.117827475070953 0.134832307696342 0.173666268587112 0.19138340651989 0.190524637699127 0.226978495717049 0.303218632936478 0.343751043081284 0.317760765552521 0.287322789430618 0.265599608421326 0.246169924736023 0.245855048298836
-9999 -9999 -9999 -9999 -9999 -9999 -9999 -9999 -9999 -9999 -9999 -9999 -9999 -9999 -9999 -9999 -9999 -9999 -9999 -9999 -9999 -9999 -9999 -9999 -9999 -9999 -9999 0.161023169755936 0.177954897284508 0.0502787753939629 0.0157519597560167 0.00890138186514378 0.0118277557194233 0.0164197329431772 0.0248840358108282 0.0316806137561798 0.0315133444964886 0.0255612786859274 0.0277835875749588 0.0418452210724354 0.0571089461445808 0.0702781528234482 0.0849156752228737 0.098145566880703 0.113709650933743 0.151056796312332 0.165677636861801 0.202554628252983 0.24750292301178 0.288672775030136 0.331294804811478 0.301203399896622 0.2712042927742 0.250240206718445 0.240414753556252 0.241748943924904
-9999 -9999 -9999 -9999 -9999 -9999 -9999 -9999 -9999 -9999 -9999 -9999 -9999 -9999 -9999 -9999 -9999 -9999 -9999 -9999 -9999 -9999 -9999 -9999 -9999 -9999 -9999 0.272587209939957 0.153409495949745 0.0331384092569351 0.00931587442755699 0.00605155248194933 0.00914170406758785 0.0147147234529257 0.0221204273402691 0.03055639564991 0.0335814990103245 0.0303918402642012 0.0317525304853916 0.0450788773596287 0.0540819428861141 0.068100668489933 0.0806456729769707 0.0897503867745399 0.0938184335827827 0.0956421047449112 0.122642703354359 0.146344467997551 0.183581069111824 0.246365249156952 0.272886246442795 0.264871120452881 0.238634526729584 0.225804477930069 0.232318624854088 0.231312915682793
-9999 -9999 -9999 -9999 -9999 -9999 -9999 -9999 -9999 -9999 -9999 -9999 -9999 -9999 -9999 -9999 -9999 -9999 -9999 -9999 -9999 -9999 -9999 -9999 -9999 -9999 -9999 0.233013644814491 0.132262215018272 0.0245195981115103 0.00798455905169249 0.0050203138962388 0.00810636952519417 0.0140552511438727 0.022601718083024 0.0329679623246193 0.0419318042695522 0.0453936159610748 0.0488622263073921 0.0558442026376724 0.0564124248921871 0.0691103339195251 0.0787311419844627 0.0851279944181442 0.088113822042942 0.0888795629143715 0.100521869957447 0.122263386845589 0.153052240610123 0.196168541908264 0.218599393963814 0.224955439567566 0.210276708006859 0.208356618881226 0.217300221323967 0.216930866241455
-9999 -9999 -9999 -9999 -9999 -9999 -9999 -9999 -9999 -9999 -9999 -9999 -9999 -9999 -9999 -9999 -9999 -9999 -9999 -9999 -9999 -9999 -9999 -9999 -9999 -9999 0.333885967731476 0.198907926678658 0.1171994805336 0.021979121491313 0.00799495354294777 0.00627354718744755 0.00720699736848474 0.0135601311922073 0.0239957608282566 0.0366257652640343 0.0553763061761856 0.077800564467907 0.0928532034158707 0.0734572410583496 0.0644521787762642 0.0703777819871902 0.0783723816275597 0.08219925314188 0.0833602771162987 0.090027779340744 0.109130032360554 0.130307927727699 0.156833156943321 0.173608437180519 0.184213429689407 0.199861273169518 0.195798113942146 0.204417243599892 0.210826635360718 0.209454447031021
-9999 -9999 -9999 -9999 -9999 -9999 -9999 -9999 -9999 -9999 -9999 -9999 -9999 -9999 -9999 -9999 -9999 -9999 -9999 -9999 -9999 -9999 -9999 -9999 -9999 -9999 0.283621162176132 0.166058093309402 0.0776620507240295 0.01496512722224 0.00948024727404118 0.00806330237537622 0.0085938423871994 0.0129601890221238 0.0216525755822659 0.0371584929525852 0.058767456561327 0.0738147124648094 0.0947049856185913 0.092634379863739 0.0836025252938271 0.0798395797610283 0.0838443264365196 0.0827407389879227 0.0917681753635406 0.100974872708321 0.116309203207493 0.12929293513298 0.147350564599037 0.165639892220497 0.175172299146652 0.182097941637039 0.182846695184708 0.18720106780529 0.193778470158577 0.191185221076012
-9999 -9999 -9999 -9999 -9999 -9999 -9999 -9999 -9999 -9999 -9999 -9999 -9999 -9999 -9999 -9999 -9999 -9999 -9999 -9999 -9999 -9999 -9999 -9999 -9999 -9999 0.217491999268532 0.134401261806488 0.0348214767873287 0.0114425858482718 0.0106419585645199 0.0102710779756308 0.0104311658069491 0.0147772440686822 0.0265958923846483 0.0403931103646755 0.062895193696022 0.074352391064167 0.0852879583835602 0.110997542738914 0.113171175122261 0.108060821890831 0.103475406765938 0.100006833672523 0.105958186089993 0.10647651553154 0.118366368114948 0.127417847514153 0.134811893105507 0.152313783764839 0.163683205842972 0.169712767004967 0.16925074160099 0.176454365253448 0.181027963757515 0.179087460041046
-9999 -9999 -9999 -9999 -9999 -9999 -9999 -9999 -9999 -9999 -9999 -9999 -9999 -9999 -9999 -9999 -9999 -9999 -9999 -9999 -9999 -9999 -9999 -9999 -9999 -9999 0.183145955204964 0.119334049522877 0.0185532681643963 0.0096149044111371 0.0116554964333773 0.0123063316568732 0.013094418682158 0.0268083401024342 0.05793771520257 0.0858671590685844 0.096642442047596 0.084013968706131 0.0952404513955116 0.126652494072914 0.157897964119911 0.152938708662987 0.133982092142105 0.127520486712456 0.144563809037209 0.157849133014679 0.140604496002197 0.120025277137756 0.119310520589352 0.132011339068413 0.149033725261688 0.156304106116295 0.161519452929497 0.167918190360069 0.171119555830956 0.172199890017509
-9999 -9999 -9999 -9999 -9999 -9999 -9999 -9999 -9999 -9999 -9999 -9999 -9999 -9999 -9999 -9999 -9999 -9999 -9999 -9999 -9999 -9999 -9999 -9999 -9999 0.271033704280853 0.15962690114975 0.0417622774839401 0.0086478665471077 0.00934971310198307 0.0121851060539484 0.01418596226722 0.0251136776059866 0.0532828457653522 0.106991127133369 0.210302397608757 0.154568299651146 0.109938271343708 0.114278309047222 0.163509920239449 0.239894837141037 0.178197875618935 0.165352746844292 0.171190097928047 0.196688175201416 0.252251744270325 0.175523340702057 0.120778925716877 0.105814978480339 0.114727906882763 0.133762314915657 0.145308122038841 0.152977496385574 0.160206124186516 0.16257943212986 0.167928889393806
-9999 -9999 -9999 -9999 -9999 -9999 -9999 -9999 -9999 -9999 -9999 -9999 -9999 -9999 -9999 -9999 -9999 -9999 -9999 -9999 -9999 -9999 -9999 -9999 -9999 0.22417739033699 0.157461851835251 0.0189436282962561 0.00712928315624595 0.00950546748936176 0.0128843113780022 0.015924796462059 0.0368957445025444 0.0769123286008835 0.145861864089966 0.203901007771492 0.185904785990715 0.157561615109444 0.155584827065468 0.174674347043037 0.222554206848145 0.185879915952682 0.171987980604172 0.174746379256248 0.21908937394619 0.250977635383606 0.178129076957703 0.120506457984447 0.103874646127224 0.104529678821564 0.126347273588181 0.132783830165863 0.138452276587486 0.146236211061478 0.149772644042969 0.154520273208618
-9999 -9999 -9999 -9999 -9999 -9999 -9999 -9999 -9999 -9999 -9999 -9999 -9999 -9999 -9999 -9999 -9999 -9999 -9999 -9999 -9999 -9999 -9999 -9999 -9999 0.208056285977364 0.0991638898849487 0.0107291704043746 0.00803214777261019 0.0102924443781376 0.0135015174746513 0.0221781190484762 0.0463175550103188 0.0846067741513252 0.133092001080513 0.191484913229942 0.1888457685709 0.161098763346672 0.158203095197678 0.190541237592697 0.202924758195877 0.17193691432476 0.147701174020767 0.152555361390114 0.196392849087715 0.245331481099129 0.166089192032814 0.10886088758707 0.0954608395695686 0.1010522544384 0.11963302642107 0.121355041861534 0.12392969429493 0.130838170647621 0.135810181498528 0.140841275453568
-9999 -9999 -9999 -9999 -9999 -9999 -9999 -9999 -9999 -9999 -9999 -9999 -9999 -9999 -9999 -9999 -9999 -9999 -9999 -9999 -9999 -9999 -9999 -9999 -9999 0.238349482417107 0.101673908531666 0.0120517825707793 0.0084721390157938 0.0101655470207334 0.0161479096859694 0.0282668899744749 0.0477340184152126 0.0801280364394188 0.127113655209541 0.159528151154518 0.149769082665443 0.117932669818401 0.113327093422413 0.148584350943565 0.181183189153671 0.148221492767334 0.11975883692503 0.112186029553413 0.124283991754055 0.133238404989243 0.115248620510101 0.0965069904923439 0.0932843238115311 0.0962755531072617 0.104182355105877 0.107508443295956 0.112127758562565 0.12024350464344 0.126151040196419 0.132779285311699
-9999 -9999 -9999 -9999 -9999 -9999 -9999 -9999 -9999 -9999 -9999 -9999 -9999 -9999 -9999 -9999 -9999 -9999 -9999 -9999 -9999 -9999 -9999 -9999 -9999 0.246360346674919 0.119194053113461 0.0142815131694078 0.00811002589762211 0.0100400829687715 0.02358721755445 0.038011260330677 0.0554421320557594 0.091101162135601 0.140247330069542 0.156570017337799 0.139654114842415 0.100983187556267 0.088063657283783 0.131845369935036 0.157316565513611 0.131243735551834 0.094364121556282 0.0864319428801537 0.0888705104589462 0.0820391103625298 0.0901588574051857 0.087559275329113 0.0888704359531403 0.0920954421162605 0.0917146131396294 0.0973359793424606 0.101589359343052 0.109926342964172 0.11664491891861 0.124764554202557
-9999 -9999 -9999 -9999 -9999 -9999 -9999 -9999 -9999 -9999 -9999 -9999 -9999 -9999 -9999 -9999 -9999 -9999 -9999 -9999 -9999 -9999 -9999 -9999 -9999 0.22591444849968 0.122646205127239 0.0186380632221699 0.00847966503351927 0.0108192702755332 0.0243346728384495 0.0389550477266312 0.0685300901532173 0.103911772370338 0.145354703068733 0.168574422597885 0.130713045597076 0.0993218570947647 0.0874017402529716 0.104664944112301 0.122827738523483 0.0999500900506973 0.0690845400094986 0.0618079267442226 0.0671458914875984 0.0768445283174515 0.0774535462260246 0.0758792981505394 0.0805158764123917 0.0831071510910988 0.0827256813645363 0.0864263772964478 0.0907686352729797 0.100318238139153 0.108671337366104 0.11662383377552
-9999 -9999 -9999 -9999 -9999 -9999 -9999 -9999 -9999 -9999 -9999 -9999 -9999 -9999 -9999 -9999 -9999 -9999 -9999 -9999 -9999 -9999 -9999 -9999 -9999 0.217436820268631 0.118291079998016 0.0182911921292543 0.00845553819090128 0.0109270038083196 0.0236728116869926 0.0397107601165771 0.0673670694231987 0.0982084646821022 0.128915011882782 0.140583127737045 0.115628518164158 0.0890857353806496 0.0748152658343315 0.0874954536557198 0.0952140912413597 0.0780314281582832 0.0551832802593708 0.0546641871333122 0.0666878819465637 0.071587361395359 0.0763735994696617 0.072896383702755 0.0750443488359451 0.073038212954998 0.0744177550077438 0.0799380242824554 0.0836672261357307 0.0932411029934883 0.101819023489952 0.111045032739639
-9999 -9999 -9999 -9999 -9999 -9999 -9999 -9999 -9999 -9999 -9999 -9999 -9999 -9999 -9999 -9999 -9999 -9999 -9999 -9999 -9999 -9999 -9999 -9999 -9999 0.208617016673088 0.115619771182537 0.0156438499689102 0.00690973084419966 0.00973172672092915 0.0215168390423059 0.0341586023569107 0.0540521070361137 0.0693126320838928 0.0806394517421722 0.0756938755512238 0.0716298818588257 0.0609343275427818 0.0572838969528675 0.0675378441810608 0.0724542438983917 0.0625641420483589 0.0507832691073418 0.0522662289440632 0.0590343177318573 0.0692371800541878 0.0681599676609039 0.0651770383119583 0.0665218159556389 0.0663305893540382 0.0674846768379211 0.0730690360069275 0.0796169638633728 0.0902174636721611 0.0985708758234978 0.107642062008381
-9999 -9999 -9999 -9999 -9999 -9999 -9999 -9999 -9999 -9999 -9999 -9999 -9999 -9999 -9999 -9999 -9999 -9999 -9999 -9999 -9999 -9999 -9999 -9999 -9999 0.204034551978111 0.117475025355816 0.0167605262249708 0.00623056944459677 0.00861574150621891 0.0168063882738352 0.027610132470727 0.0382148586213589 0.0520104803144932 0.0585179813206196 0.0548455305397511 0.0567702651023865 0.050825159996748 0.0489793121814728 0.0672426819801331 0.0676401108503342 0.0604196861386299 0.0494791306555271 0.0495210140943527 0.0583649277687073 0.065187580883503 0.0638459771871567 0.057889249175787 0.0588596314191818 0.0586350820958614 0.0612473264336586 0.0671876445412636 0.0729292929172516 0.080724686384201 0.091234102845192 0.100082330405712
-9999 -9999 -9999 -9999 -9999 -9999 -9999 -9999 -9999 -9999 -9999 -9999 -9999 -9999 -9999 -9999 -9999 -9999 -9999 -9999 -9999 -9999 -9999 -9999 -9999 0.205461025238037 0.116655714809895 0.0217312220484018 0.00717061758041382 0.00804065074771643 0.0121649233624339 0.0191180799156427 0.0320410840213299 0.0410340465605259 0.0492521487176418 0.0575435310602188 0.0539067834615707 0.0496129617094994 0.0537975504994392 0.0680093988776207 0.073182724416256 0.0653784573078156 0.0501394271850586 0.0497236996889114 0.0559772774577141 0.0625801756978035 0.0591430552303791 0.0523108169436455 0.0530914291739464 0.0542485192418098 0.0564968772232533 0.0635153874754906 0.0639125853776932 0.0783692374825478 0.0954680219292641 0.0981415137648582
-9999 -9999 -9999 -9999 -9999 -9999 -9999 -9999 -9999 -9999 -9999 -9999 -9999 -9999 -9999 -9999 -9999 -9999 -9999 -9999 -9999 -9999 -9999 -9999 0.235998630523682 0.190540671348572 0.112752288579941 0.0288819633424282 0.00912430789321661 0.009044767357409 0.0122161889448762 0.017795542255044 0.0268276277929544 0.0366292521357536 0.0445884615182877 0.0512690022587776 0.048772007226944 0.0451377555727959 0.0486296527087688 0.0670261681079865 0.0825700238347054 0.0701400637626648 0.0534469038248062 0.0499334149062634 0.0550429560244083 0.0610205717384815 0.0550697222352028 0.0502640195190907 0.0533998906612396 0.0585762225091457 0.0636044964194298 0.0669628530740738 0.0692552402615547 0.0980057716369629 0.164880201220512 0.216073259711266
