meets/meet004/_saidas_enm/CCSM_Maxent_21k_Cavanillesia_umbellata5.asc
NCOLS 154 
NROWS 168 
XLLCORNER -112 
YLLCORNER -55.5 
CELLSIZE 0.5 
NODATA_value -9999 
[rows 100 to 124 of 168, columns 56 to 111 of 154]
-9999 -9999 -9999 -9999 -9999 -9999 -9999 -9999 -9999 -9999 -9999 -9999 -9999 -9999 -9999 -9999 -9999 -9999 -9999 -9999 -9999 -9999 -9999 -9999 -9999 -9999 -9999 -9999 0.149999588727951 0.0680061280727386 0.12780299782753 0.0882606282830238 0.0866782367229462 0.0882535353302956 0.0876964926719666 0.0940187051892281 0.109429180622101 0.136740356683731 0.0826576203107834 0.0837570130825043 0.0884871855378151 0.108279697597027 0.138807281851768 0.163406163454056 0.167287200689316 0.16538143157959 0.190035954117775 0.234653890132904 0.416735202074051 0.418136835098267 0.410148501396179 0.407847672700882 0.400297909975052 0.379334956407547 0.352254569530487 0.190795391798019
-9999 -9999 -9999 -9999 -9999 -9999 -9999 -9999 -9999 -9999 -9999 -9999 -9999 -9999 -9999 -9999 -9999 -9999 -9999 -9999 -9999 -9999 -9999 -9999 -9999 -9999 -9999 -9999 0.15262034535408 0.199367702007294 0.117518939077854 0.0857886597514153 0.0804770439863205 0.0831673443317413 0.0864415094256401 0.0948082804679871 0.111848913133144 0.137559041380882 0.0820793509483337 0.0838189125061035 0.0903879851102829 0.113474480807781 0.146433040499687 0.166655272245407 0.162363499403 0.159801214933395 0.1933214366436 0.398616194725037 0.425685107707977 0.399166435003281 0.223563343286514 0.379192471504211 0.376129657030106 0.363642543554306 0.206254735589027 0.184033200144768
-9999 -9999 -9999 -9999 -9999 -9999 -9999 -9999 -9999 -9999 -9999 -9999 -9999 -9999 -9999 -9999 -9999 -9999 -9999 -9999 -9999 -9999 -9999 -9999 -9999 -9999 -9999 0.0835731774568558 0.1473598331213 0.191432282328606 0.114647351205349 0.0817228555679321 0.0802271589636803 0.0845751762390137 0.0884249210357666 0.0965671688318253 0.115909546613693 0.138815000653267 0.0822008028626442 0.0857035145163536 0.0942656993865967 0.119031615555286 0.158028304576874 0.176649212837219 0.161110147833824 0.156086340546608 0.186581298708916 0.375783383846283 0.400518268346786 0.38188698887825 0.22041679918766 0.219888925552368 0.223962843418121 0.216899573802948 0.202400624752045 0.187881976366043
-9999 -9999 -9999 -9999 -9999 -9999 -9999 -9999 -9999 -9999 -9999 -9999 -9999 -9999 -9999 -9999 -9999 -9999 -9999 -9999 -9999 -9999 -9999 -9999 -9999 -9999 -9999 0.0772442743182182 0.126070827245712 0.198180258274078 0.103894926607609 0.0774843618273735 0.0773289874196053 0.0842421427369118 0.0906593278050423 0.0981200784444809 0.114206694066525 0.133576676249504 0.0784419029951096 0.0822828859090805 0.094137579202652 0.120641015470028 0.158539310097694 0.174832984805107 0.155173763632774 0.146784067153931 0.171162292361259 0.206446066498756 0.369422435760498 0.21525165438652 0.206915616989136 0.206832394003868 0.21259893476963 0.208569541573524 0.195776775479317 0.185001403093338
-9999 -9999 -9999 -9999 -9999 -9999 -9999 -9999 -9999 -9999 -9999 -9999 -9999 -9999 -9999 -9999 -9999 -9999 -9999 -9999 -9999 -9999 -9999 -9999 -9999 -9999 -9999 0.0680197477340698 0.0978461876511574 0.176773220300674 0.0943147093057632 0.0725126042962074 0.0759449526667595 0.0838092863559723 0.0912303924560547 0.0983713492751122 0.109030924737453 0.061333030462265 0.0685285627841949 0.0772087275981903 0.0900921449065208 0.112840160727501 0.139286205172539 0.150909975171089 0.143800675868988 0.139451444149017 0.156266182661057 0.180490151047707 0.195881694555283 0.19421511888504 0.186072662472725 0.189480513334274 0.189269676804543 0.186174675822258 0.181693434715271 0.175367414951324
-9999 -9999 -9999 -9999 -9999 -9999 -9999 -9999 -9999 -9999 -9999 -9999 -9999 -9999 -9999 -9999 -9999 -9999 -9999 -9999 -9999 -9999 -9999 -9999 -9999 -9999 -9999 0.0603437498211861 0.0782013908028603 0.151523917913437 0.0781197547912598 0.0674632713198662 0.0732187926769257 0.0819240212440491 0.087677463889122 0.0925017222762108 0.0996723473072052 0.0552883967757225 0.0634563192725182 0.0741916969418526 0.0874951481819153 0.106965661048889 0.124858133494854 0.138711005449295 0.13911247253418 0.137384817004204 0.156420052051544 0.171634212136269 0.183123543858528 0.186205148696899 0.17912894487381 0.17960724234581 0.174885585904121 0.172044739127159 0.172362372279167 0.168793648481369
-9999 -9999 -9999 -9999 -9999 -9999 -9999 -9999 -9999 -9999 -9999 -9999 -9999 -9999 -9999 -9999 -9999 -9999 -9999 -9999 -9999 -9999 -9999 -9999 -9999 -9999 -9999 0.0554657317698002 0.191119343042374 0.135035648941994 0.0637485086917877 0.0614335313439369 0.0712894797325134 0.0799854695796967 0.082903690636158 0.0826516523957253 0.047119963914156 0.051740363240242 0.0637753903865814 0.0758566856384277 0.0876655727624893 0.103977389633656 0.121070317924023 0.132399842143059 0.140146628022194 0.15393753349781 0.160406038165092 0.173534899950027 0.183965250849724 0.185555025935173 0.319826871156693 0.177965402603149 0.169554308056831 0.165746793150902 0.165331408381462 0.165862649679184
-9999 -9999 -9999 -9999 -9999 -9999 -9999 -9999 -9999 -9999 -9999 -9999 -9999 -9999 -9999 -9999 -9999 -9999 -9999 -9999 -9999 -9999 -9999 -9999 -9999 -9999 -9999 0.180529341101646 0.182046324014664 0.119084157049656 0.0300569105893373 0.0573808029294014 0.0681548267602921 0.0775346606969833 0.0779865309596062 0.0761270523071289 0.0443016849458218 0.0503548942506313 0.0636017546057701 0.0769879817962646 0.0880827382206917 0.102308675646782 0.115802146494389 0.125789508223534 0.130353480577469 0.143713384866714 0.150698751211166 0.160968601703644 0.17142616212368 0.177046656608582 0.309604585170746 0.172070533037186 0.162097543478012 0.158170789480209 0.159671694040298 0.160998463630676
-9999 -9999 -9999 -9999 -9999 -9999 -9999 -9999 -9999 -9999 -9999 -9999 -9999 -9999 -9999 -9999 -9999 -9999 -9999 -9999 -9999 -9999 -9999 -9999 -9999 -9999 -9999 0.169412419199944 0.156647086143494 0.104023121297359 0.0278029143810272 0.0264236461371183 0.0650541856884956 0.0760220587253571 0.0751743614673615 0.0717500001192093 0.0429009646177292 0.0507846996188164 0.0646789222955704 0.079053595662117 0.0895625799894333 0.101670727133751 0.111593872308731 0.118692167103291 0.121051862835884 0.121324494481087 0.129148364067078 0.137474223971367 0.147643908858299 0.158640876412392 0.162715971469879 0.158483415842056 0.151050075888634 0.149155274033546 0.152132138609886 0.153494209051132
-9999 -9999 -9999 -9999 -9999 -9999 -9999 -9999 -9999 -9999 -9999 -9999 -9999 -9999 -9999 -9999 -9999 -9999 -9999 -9999 -9999 -9999 -9999 -9999 -9999 -9999 -9999 0.15288907289505 0.134827211499214 0.0931448861956596 0.0256774425506592 0.0242322478443384 0.0624746792018414 0.073850505053997 0.0733554288744926 0.0746189951896667 0.0457339882850647 0.057743851095438 0.0730268880724907 0.0839736312627792 0.0921677052974701 0.101949088275433 0.108925893902779 0.114264093339443 0.115874595940113 0.115588806569576 0.115928061306477 0.123382933437824 0.132582113146782 0.141944333910942 0.145647704601288 0.145447865128517 0.141705691814423 0.141504883766174 0.144539877772331 0.145351946353912
-9999 -9999 -9999 -9999 -9999 -9999 -9999 -9999 -9999 -9999 -9999 -9999 -9999 -9999 -9999 -9999 -9999 -9999 -9999 -9999 -9999 -9999 -9999 -9999 -9999 -9999 0.153161242604256 0.135965242981911 0.114462830126286 0.03883271291852 0.0232534874230623 0.0224525425583124 0.0306004956364632 0.0370805524289608 0.0762712582945824 0.0814291462302208 0.0987215489149094 0.134133085608482 0.0903060659766197 0.0944443345069885 0.0957734286785126 0.10260796546936 0.10743547976017 0.110537402331829 0.110863797366619 0.110978454351425 0.111272841691971 0.117448508739471 0.124212801456451 0.128837183117867 0.131760746240616 0.133859694004059 0.133423343300819 0.134838730096817 0.136773779988289 0.136987373232841
-9999 -9999 -9999 -9999 -9999 -9999 -9999 -9999 -9999 -9999 -9999 -9999 -9999 -9999 -9999 -9999 -9999 -9999 -9999 -9999 -9999 -9999 -9999 -9999 -9999 -9999 0.133429780602455 0.112015299499035 0.0791164264082909 0.0292676333338022 0.0211758445948362 0.0210246630012989 0.0292113367468119 0.0371104218065739 0.0425526276230812 0.0935823321342468 0.114514216780663 0.078961007297039 0.0968057587742805 0.102317035198212 0.100973911583424 0.100752294063568 0.103136040270329 0.105198010802269 0.105422392487526 0.10491780936718 0.108378134667873 0.111635945737362 0.116268433630466 0.120213776826859 0.122352600097656 0.124506376683712 0.125239446759224 0.126587644219398 0.127538055181503 0.126460716128349
-9999 -9999 -9999 -9999 -9999 -9999 -9999 -9999 -9999 -9999 -9999 -9999 -9999 -9999 -9999 -9999 -9999 -9999 -9999 -9999 -9999 -9999 -9999 -9999 -9999 -9999 0.109947942197323 0.0799049213528633 0.0514597073197365 0.0238098222762346 0.0231867264956236 0.0250032916665077 0.0321434587240219 0.0403752364218235 0.0509861968457699 0.056341253221035 0.133730888366699 0.0846193134784698 0.0985553935170174 0.107920221984386 0.10932295769453 0.107639595866203 0.103330411016941 0.102236971259117 0.104310758411884 0.103976346552372 0.107473149895668 0.107412993907928 0.108811512589455 0.111795775592327 0.114431872963905 0.116071082651615 0.116485729813576 0.117810234427452 0.117684401571751 0.116125419735909
-9999 -9999 -9999 -9999 -9999 -9999 -9999 -9999 -9999 -9999 -9999 -9999 -9999 -9999 -9999 -9999 -9999 -9999 -9999 -9999 -9999 -9999 -9999 -9999 -9999 -9999 0.0830385088920593 0.0486891083419323 0.018260670825839 0.0212896391749382 0.0259686652570963 0.0302836522459984 0.0410025753080845 0.053192213177681 0.127520844340324 0.146544441580772 0.163514897227287 0.095341794192791 0.10541757941246 0.115532286465168 0.121640063822269 0.117969140410423 0.11111719161272 0.110158041119576 0.115154027938843 0.117961928248405 0.112236984074116 0.104345336556435 0.102243982255459 0.103789038956165 0.106285728514194 0.107929639518261 0.108623683452606 0.109606489539146 0.108903050422668 0.107039324939251
-9999 -9999 -9999 -9999 -9999 -9999 -9999 -9999 -9999 -9999 -9999 -9999 -9999 -9999 -9999 -9999 -9999 -9999 -9999 -9999 -9999 -9999 -9999 -9999 -9999 0.147206768393517 0.069577619433403 0.0295236017554998 0.0131501015275717 0.0205534007400274 0.0279978699982166 0.0367053747177124 0.0542344264686108 0.135697290301323 0.165048837661743 0.209029629826546 0.203039854764938 0.10881132632494 0.113969057798386 0.124662056565285 0.139145568013191 0.124284140765667 0.116761080920696 0.117779396474361 0.126318588852882 0.138806819915771 0.11924621462822 0.101674452424049 0.0953617617487907 0.0956812649965286 0.0985196381807327 0.100331865251064 0.100717075169086 0.101072229444981 0.0993926748633385 0.0986995995044708
-9999 -9999 -9999 -9999 -9999 -9999 -9999 -9999 -9999 -9999 -9999 -9999 -9999 -9999 -9999 -9999 -9999 -9999 -9999 -9999 -9999 -9999 -9999 -9999 -9999 0.122449889779091 0.0487042739987373 0.0115573322400451 0.0138571970164776 0.021277753636241 0.0302830506116152 0.0425802208483219 0.0628620460629463 0.157128840684891 0.189845725893974 0.219192668795586 0.222779110074043 0.21927210688591 0.12285752594471 0.124915733933449 0.129646733403206 0.120703898370266 0.115382961928844 0.116911090910435 0.127640724182129 0.239211395382881 0.116582475602627 0.0985740348696709 0.091003529727459 0.0895641595125198 0.0917381793260574 0.0919429659843445 0.0914725139737129 0.0917484387755394 0.0900107696652412 0.0879723653197289
-9999 -9999 -9999 -9999 -9999 -9999 -9999 -9999 -9999 -9999 -9999 -9999 -9999 -9999 -9999 -9999 -9999 -9999 -9999 -9999 -9999 -9999 -9999 -9999 -9999 0.113469116389751 0.041272446513176 0.00945813488215208 0.0153210991993546 0.0229676924645901 0.0322768464684486 0.0467183962464333 0.067995548248291 0.168885707855225 0.197389200329781 0.206642508506775 0.209192633628845 0.215937957167625 0.117982678115368 0.117123782634735 0.118188746273518 0.111778043210506 0.106329396367073 0.107428170740604 0.116812497377396 0.229772105813026 0.108261197805405 0.0910648033022881 0.0846394598484039 0.0836166441440582 0.0851190239191055 0.0843400284647942 0.0829376131296158 0.0824264362454414 0.0802409127354622 0.0785307362675667
-9999 -9999 -9999 -9999 -9999 -9999 -9999 -9999 -9999 -9999 -9999 -9999 -9999 -9999 -9999 -9999 -9999 -9999 -9999 -9999 -9999 -9999 -9999 -9999 -9999 0.111953191459179 0.040523499250412 0.0104002309963107 0.0173771288245916 0.0231254305690527 0.034370444715023 0.0490097627043724 0.0691730231046677 0.0904834568500519 0.195670336484909 0.191896557807922 0.1851836591959 0.0962626338005066 0.0930753126740456 0.0994149073958397 0.104868695139885 0.0999646857380867 0.0942364037036896 0.093046747148037 0.0955360978841782 0.0961646810173988 0.0905433222651482 0.0836371183395386 0.0802372843027115 0.0782983973622322 0.077573373913765 0.0765760093927383 0.0752949714660645 0.0750603228807449 0.0729941576719284 0.0708553865551949
-9999 -9999 -9999 -9999 -9999 -9999 -9999 -9999 -9999 -9999 -9999 -9999 -9999 -9999 -9999 -9999 -9999 -9999 -9999 -9999 -9999 -9999 -9999 -9999 -9999 0.11271109431982 0.0436291843652725 0.010876489803195 0.0168683137744665 0.0231622122228146 0.0364609695971012 0.050589993596077 0.0704099610447884 0.0914861112833023 0.188951790332794 0.17855629324913 0.167126178741455 0.0804409608244896 0.0756803825497627 0.0858199223875999 0.0929996967315674 0.0893085896968842 0.0826414152979851 0.0803624987602234 0.0799326300621033 0.0765886977314949 0.0778216496109962 0.0762455984950066 0.0748360380530357 0.0727517530322075 0.0709426701068878 0.0704175382852554 0.0689340531826019 0.0683463513851166 0.0660794451832771 0.064574159681797
-9999 -9999 -9999 -9999 -9999 -9999 -9999 -9999 -9999 -9999 -9999 -9999 -9999 -9999 -9999 -9999 -9999 -9999 -9999 -9999 -9999 -9999 -9999 -9999 -9999 0.107200190424919 0.0466920398175716 0.011532561853528 0.017812192440033 0.0230699218809605 0.0358056761324406 0.049899160861969 0.0709904059767723 0.0902041718363762 0.178559169173241 0.169959753751755 0.155401885509491 0.0762050896883011 0.0724372342228889 0.0760950371623039 0.0806175917387009 0.078171007335186 0.0726925581693649 0.0713487043976784 0.0715180933475494 0.0710070505738258 0.0704796612262726 0.0694331452250481 0.0692069455981255 0.0674850344657898 0.0656129121780396 0.0644470229744911 0.0630902424454689 0.0629221051931381 0.0611493028700352 0.0590420849621296
-9999 -9999 -9999 -9999 -9999 -9999 -9999 -9999 -9999 -9999 -9999 -9999 -9999 -9999 -9999 -9999 -9999 -9999 -9999 -9999 -9999 -9999 -9999 -9999 -9999 0.120285026729107 0.0527407862246037 0.0105812577530742 0.0160688925534487 0.0220736637711525 0.0337495692074299 0.0472834631800652 0.0672828629612923 0.0833267495036125 0.0870630368590355 0.156414270401001 0.144294396042824 0.0708128213882446 0.0670364424586296 0.0689569786190987 0.0713779628276825 0.0703601241111755 0.0662492886185646 0.0689129754900932 0.0688250139355659 0.0678343176841736 0.0673391595482826 0.0661531835794449 0.064728744328022 0.0625895261764526 0.0612276941537857 0.060714166611433 0.0591932907700539 0.0585823655128479 0.0565961599349976 0.0551111213862896
-9999 -9999 -9999 -9999 -9999 -9999 -9999 -9999 -9999 -9999 -9999 -9999 -9999 -9999 -9999 -9999 -9999 -9999 -9999 -9999 -9999 -9999 -9999 -9999 -9999 0.1314327865839 0.057814609259367 0.0107429437339306 0.0130748245865107 0.0207391530275345 0.0321181379258633 0.0432048551738262 0.0579562373459339 0.0693735852837563 0.0731174722313881 0.0698825642466545 0.067017950117588 0.0627542287111282 0.0598953142762184 0.061775553971529 0.0632198601961136 0.0637368857860565 0.0633750408887863 0.0662366524338722 0.0661804527044296 0.0651070177555084 0.0644339248538017 0.0635191947221756 0.0621890239417553 0.0599643178284168 0.0575306415557861 0.0568131133913994 0.056470587849617 0.0562245212495327 0.0540024153888226 0.0520045906305313
-9999 -9999 -9999 -9999 -9999 -9999 -9999 -9999 -9999 -9999 -9999 -9999 -9999 -9999 -9999 -9999 -9999 -9999 -9999 -9999 -9999 -9999 -9999 -9999 -9999 0.15728422999382 0.0705830231308937 0.0127428555861115 0.0107346186414361 0.0194772575050592 0.0303013511002064 0.0414485484361649 0.0519955791532993 0.0586224496364594 0.060703419148922 0.0589611530303955 0.0593090169131756 0.0566885992884636 0.0556280538439751 0.0595275349915028 0.0607711598277092 0.0623873881995678 0.0618141517043114 0.0635886117815971 0.0633105933666229 0.0622830204665661 0.0617873966693878 0.0610175244510174 0.0599111765623093 0.0578990466892719 0.0557695738971233 0.0538718178868294 0.0530289672315121 0.0505536459386349 0.0485660582780838 0.0461169593036175
-9999 -9999 -9999 -9999 -9999 -9999 -9999 -9999 -9999 -9999 -9999 -9999 -9999 -9999 -9999 -9999 -9999 -9999 -9999 -9999 -9999 -9999 -9999 -9999 -9999 0.183229118585587 0.0838981866836548 0.0153375454246998 0.00932770315557718 0.0179408565163612 0.0283354725688696 0.0391453169286251 0.049359105527401 0.0550041645765305 0.0550762116909027 0.0563497915863991 0.0557686015963554 0.0546761937439442 0.0556259118020535 0.0601235441863537 0.0631751865148544 0.0642194971442223 0.0625313594937325 0.0625897422432899 0.062102846801281 0.0612175092101097 0.0588989779353142 0.0585942827165127 0.0578562021255493 0.0562417693436146 0.0547937527298927 0.0524351038038731 0.0494220219552517 0.0469098687171936 0.0446264147758484 0.0417022183537483
-9999 -9999 -9999 -9999 -9999 -9999 -9999 -9999 -9999 -9999 -9999 -9999 -9999 -9999 -9999 -9999 -9999 -9999 -9999 -9999 -9999 -9999 -9999 -9999 0.244135200977325 0.192097336053848 0.0962108671665192 0.0359480567276478 0.00874920468777418 0.0159251764416695 0.0250874049961567 0.035857480019331 0.0468724742531776 0.0534354522824287 0.0520057007670403 0.0522829219698906 0.0528092831373215 0.0527456700801849 0.0548346564173698 0.0617197118699551 0.066541999578476 0.0672470107674599 0.0650067701935768 0.0641659051179886 0.0631361976265907 0.0616523548960686 0.0579882152378559 0.0558351576328278 0.0553931258618832 0.0545354411005974 0.0532857030630112 0.0512474477291107 0.0487395823001862 0.0466154329478741 0.0440884940326214 0.0416805595159531
