meets/meet004/_saidas_enm/CCSM_SVM_21k_Aralia_warmingiana5.asc
NCOLS 154 
NROWS 168 
XLLCORNER -112 
YLLCORNER -55.5 
CELLSIZE 0.5 
NODATA_value -9999 
[rows 50 to 74 of 168, columns 56 to 111 of 154]
-9999 -9999 -9999 -9999 -9999 -9999 -9999 -9999 -9999 -9999 -9999 -9999 -9999 0.085439019662083 0.0850346275228541 0.0800596570378937 0.0666264207805222 0.0410533055696862 0.045162053316999 0.107802191207628 0.154839924526107 0.217152735139743 0.205461074460695 0.138100548854281 0.0733337684915255 0.0523741153973762 0.0457530852659334 0.0626602306416938 0.0723411497401602 0.0791627889542491 0.0818764772720708 0.0792333159659618 0.0723490479245836 0.0589870549415737 0.0304671528021581 0.202092110850201 0.41142047701376 0.646004425009179 0.685434471499718 0.642368103572582 0.572993531967976 0.600125494177069 0.589219202152635 0.476715134957725 0.29589254432865 0.0811146713316033 0.0705733179245744 0.0302640235040798 0.0293015140543652 0.0840253635265022 0.114495886650528 0.049387276248777 0.041619680527037 0.0595619241784909 0.102270963278706 0.122012662360295
-9999 -9999 -9999 -9999 -9999 -9999 -9999 -9999 -9999 -9999 -9999 -9999 -9999 0.0854042947221663 0.0833136368574292 0.0733586118306754 0.0645857828806236 0.0522524132036995 0.0573609137880775 0.0600623119749462 0.0523889509133195 0.071236724601897 0.102039153410457 0.0669643585125924 0.00932459384588796 -0.00349755013711667 0.0208417982441165 0.0581417754091573 0.0733341143209951 0.0795336752196802 0.0814716364235519 0.0789595866201455 0.069577168231735 0.0359193393947503 -0.00599717500315827 0.151923251914945 0.427149928855981 0.640656294189674 0.683029448153515 0.637709976870915 0.601385780208846 0.547943320328272 0.502994249580047 0.415144702053154 0.315950332033004 0.231504193987425 0.216252027991869 0.258727122292326 0.245815908975742 0.192926494817386 0.145259685258405 0.0815974536729199 0.058636483517756 0.0662057282767903 0.0943962747659446 0.117829888258395
-9999 -9999 -9999 -9999 -9999 -9999 -9999 -9999 -9999 -9999 -9999 0.0853764900604411 0.0849340925018084 0.0846818146974285 0.080446366644121 0.066328185826084 0.0622180293594918 0.0617443417002857 0.0581939155925502 0.0231896340997316 -0.0157052307011502 -0.0164219735851417 -0.0317799502821713 -0.0485455734197096 -0.0358407111286033 -0.00437300453531464 0.0367584191596999 0.0603431844825156 0.063878201104921 0.0668666894636557 0.0723795223060618 0.0702717691318901 0.0647399837192528 0.0137173379330304 -0.0498368271702156 0.15362441721147 0.408997258723153 0.645522807120527 0.672937627386288 0.627283971763141 0.589930553907592 0.495339680331866 0.46168541693287 0.398953979925372 0.327891658444836 0.343904014011142 0.317997437817591 0.362303987157405 0.348896094735255 0.237374409262517 0.155261872891152 0.103755313693318 0.0757970007493624 0.0820986348477336 0.106998670610276 0.126497252056027
-9999 -9999 -9999 -9999 -9999 -9999 -9999 -9999 -9999 -9999 0.0852215096509488 0.0841704707956594 0.0812415053077473 0.082060654210335 0.081623516262127 0.0726489314921941 0.05707193596336 0.0524252708603932 0.0292300955470207 -0.00395624386390564 -0.030445661246866 -0.0300717855665626 -0.0189382459029057 -0.000916305563866793 0.0257287058653731 0.0441484954813577 0.0506152887006206 0.0526659194635883 0.0574031711599112 0.0646000351321266 0.0667158043778184 0.0627098337994089 0.0604732568198993 0.0239026632892201 -0.0493317938301191 0.115796841211241 0.326739602067582 0.561002302009439 0.631093892079984 0.603112611235824 0.569164259718115 0.490146158704123 0.452416109847146 0.408558212243252 0.337519951269246 0.343932039757989 0.310944359441944 0.309552709235766 0.252562092734047 0.134411946234345 0.0767728012828141 0.0262287336448014 0.0473162668667697 0.0594639834069944 0.0749303589916582 0.115901616894271
-9999 -9999 -9999 -9999 -9999 -9999 -9999 -9999 -9999 -9999 0.0779072847005397 0.0709034098892102 0.070331580535149 0.0760039292720968 0.0812637939855326 0.0804116151822403 0.0632297718170719 0.0541881979103376 0.0502507104099145 0.035514797118105 0.0234859005130718 0.0372167313986546 0.0446345663935031 0.0499771665776593 0.0498626484180913 0.0496812883815076 0.0526881417346452 0.0610788856748046 0.0689763925328308 0.0745295802748983 0.0745286727984866 0.064388162384531 0.0573217210230279 0.0463373414539139 -0.0264116368084852 0.0750387307748381 0.25829054344526 0.419476460998285 0.543827252148368 0.55934470502823 0.554488627636023 0.481495395780066 0.435722944719028 0.389249863026316 0.320241961224018 0.300173646288055 0.188908173513358 0.132191139090076 0.0509408559658404 -0.0310335193118332 -0.0412066846329545 -0.0403986025001982 -0.00537088603504055 0.0233430182546143 0.0498221965327778 0.0750072378942488
-9999 -9999 -9999 -9999 -9999 -9999 -9999 -9999 0.0838379056134016 0.0724562634414517 0.0552574660564653 0.055654583864084 0.062230755909246 0.0678265862546253 0.0762631787794769 0.081109403821348 0.0728159158071089 0.0603887617384156 0.0606682890126525 0.0575878436344301 0.0548669124320488 0.0543654266601256 0.0546517971690528 0.0551560244191532 0.0546438348628061 0.0586141141139835 0.0667321597850291 0.0755489902771403 0.0802233752955706 0.0806120910019529 0.0792727232219645 0.0681512043104053 0.055741871286542 0.0527903108884503 -0.00414587414291767 -0.0229645063210984 0.121333704769539 0.282806237252767 0.358283215241009 0.407252997671697 0.422884447613326 0.383528408868266 0.361265005470065 0.298413502780187 0.180282080014033 0.0998661797325615 -0.00988259670126557 -0.0633547978120723 -0.0861619059494364 -0.0885394545449649 -0.0714198268127811 -0.053988421504639 -0.0263527877991033 -0.014120583230693 -0.00280325584729185 0.0159543556817766
-9999 -9999 -9999 -9999 -9999 -9999 -9999 -9999 0.0721656604704489 0.0558714407736106 0.0801633984195622 0.0641140115173457 0.0625233380370516 0.0638530154375689 0.068684244791496 0.0731906880336844 0.0736895443570562 0.0720178462471271 0.068184891434042 0.0635730473885572 0.0609451773428121 0.0615703051667512 0.0626930502317774 0.0639527710417686 0.0693882645400815 0.0758378608333357 0.0800634084501712 0.0829219578266704 0.0837841606393884 0.083825946280676 0.0827150448793339 0.0746830311577886 0.057095269231159 0.0528409759282462 0.0248440853001233 -0.0460903303376452 -0.0412329255100919 0.0699871580317542 0.131064302755698 0.139141130945012 0.165742953252423 0.130179533434506 0.0881733798423514 0.0180327160439478 -0.0768095504926 -0.110539940487408 -0.0980026825859893 -0.0543192906817342 -0.0138918657916159 0.00866254456108095 0.019287559317015 0.0196899145012889 0.0153170166848701 0.0115711829181031 0.00755919455799114 0.0093901300857881
-9999 -9999 -9999 -9999 -9999 -9999 -9999 0.0789117364241712 0.0596787722041768 0.0714374488923871 0.173105233660444 0.0913242989651675 0.0676120405427283 0.0650807784812885 0.0619305980528247 0.0643775813441146 0.0645334255312665 0.0715822752598408 0.0733228985836877 0.075115900339663 0.0752425221997446 0.0755359787020062 0.075822662559981 0.0774451920705326 0.0804664114976494 0.0816266964417174 0.0817738804626573 0.0815621012166731 0.0820616139010165 0.0826100037849993 0.083068124066536 0.0777429565281856 0.0626842974197607 0.05244165832638 0.0447055495363917 -0.0126094818630691 -0.0834147688835027 -0.110528454060782 -0.0998691834826488 -0.1147883106725 -0.127484874811679 -0.138475653663831 -0.124434981406865 -0.0983000968392976 -0.0517382624594337 -0.00379858261345145 0.0209866554186232 0.0337122632206062 0.0380190724717007 0.0448930888331179 0.0476181512638448 0.0488886525428143 0.0508865714912149 0.0523520410087253 0.052909158195722 0.0534861504468057
-9999 -9999 -9999 -9999 -9999 -9999 -9999 0.0729863375448458 0.0586946239254234 0.158457652210959 0.340190131607875 0.113118083392301 0.0679501636968411 0.0699230572167426 0.0599068007636381 0.0546490815019445 0.0584377184309371 0.0656467750256312 0.0679355611478765 0.069094492396177 0.0695712226207438 0.0714944370544259 0.0740743126994018 0.0733324193976227 0.0730576738171333 0.0738295936170546 0.0735600417625076 0.0750727098525626 0.0750789081211614 0.0739129247258115 0.0746811051520431 0.0754384727460091 0.0691793297925628 0.0576956352533732 0.054169474998805 0.0416299211452328 -0.00150961284673012 -0.067665226582777 -0.0908854629661177 -0.078371182676121 -0.0551375370653352 -0.00887352486180171 0.0283311680473471 0.0555713769440253 0.0613236216021184 0.0599291637008834 0.0598261508239773 0.0560068845200085 0.0536023323815535 0.0531580343891966 0.0522615991718486 0.0517452892261395 0.0521198724599145 0.0526631174983889 0.053886759453838 0.0561421263861074
-9999 -9999 -9999 -9999 -9999 -9999 0.0821556532682257 0.0648177263192959 0.084623648641293 0.332348714019449 0.529181865099992 0.130047662630872 0.0675483413151141 0.0753747975452176 0.0642942017989855 0.0573026535790009 0.0597827719367391 0.0643218903400788 0.0665686459328675 0.0655120411900963 0.063852668630672 0.0632590041724554 0.0641756262033707 0.0636745575321535 0.0638771942491214 0.0640893378321808 0.0642558301680637 0.0639888574631114 0.0650304335308177 0.0677072412950427 0.0695626825279868 0.0718341001605482 0.0727963067754019 0.0675227988369411 0.062096827465222 0.0613074440201506 0.0568327207899354 0.0491904593108093 0.0465243218080623 0.0522105106186357 0.0637735697045272 0.0697210123517017 0.0698283580021096 0.0668999301978602 0.064034970144862 0.0601512914172461 0.0564434138002756 0.0529849694313958 0.051651447208025 0.0542434182855739 0.0531891842120781 0.0528677378351647 0.0527872672008901 0.053574627902649 0.0546844379352341 0.0565042792754655
-9999 -9999 -9999 -9999 -9999 -9999 0.0698773910093269 0.0458047075554749 0.145765362286214 0.382790332057529 0.470409749182063 0.0997215418380694 0.063809389847935 0.0771035863978347 0.0694187008646573 0.0618449619994205 0.062521916296379 0.065344263001092 0.0663741498217069 0.0660152754921169 0.0628285868827647 0.0606719037735586 0.0593241576900502 0.058764988107706 0.0590121058688886 0.0593254505508943 0.0595095913937684 0.0598965785867256 0.0607530569906107 0.0622642930636162 0.0638582020089773 0.0651598924628163 0.0664970558962944 0.0672627536364235 0.0671035582011799 0.0663188388334702 0.0661951376759956 0.067603500658694 0.0679867935678553 0.066055411002359 0.0632842740065466 0.0609699182340045 0.058347352914261 0.0550975504580879 0.0555546786806604 0.0546846111368995 0.0550373194148902 0.0528944021138841 0.0501035926791986 0.0499552944383737 0.0503607375759009 0.0500497459874547 0.0490813339002624 0.048306282504295 0.0484441510278927 0.0504252338365
-9999 -9999 -9999 -9999 -9999 -9999 0.0468103407884596 0.0366310181928259 0.18456216676264 0.335174111432937 0.363675357195862 0.0631255321467766 0.0560233421268507 0.0757111433082692 0.0680585293446265 0.0602904943972292 0.0592771650714928 0.0626296959737229 0.0638657722469864 0.0660188257339914 0.0642148388720159 0.0615214878717846 0.0596598825379543 0.0592141319197835 0.0596051857363303 0.0606788150448602 0.0604231297076493 0.0614239007204341 0.0619580762142075 0.0622035816332093 0.0635717233449329 0.0630284101740467 0.0637774425108035 0.0631931051744584 0.0620057873282476 0.0617444702459566 0.059387738144604 0.0576684951353033 0.0551669741748411 0.0524356677419734 0.0504369831005999 0.0505665084308721 0.0519912382794571 0.0518819566293005 0.0547166829932194 0.0541475527056141 0.0534626375280716 0.0531583641738888 0.0499803526576597 0.0484612057271517 0.0439325688867869 0.0424313383626586 0.0370975631714305 0.0334070025902499 0.034974773609469 0.0369661412538488
-9999 -9999 -9999 -9999 -9999 -9999 -9999 0.0340316829258814 0.195456001090652 0.284852725003327 0.321807311004734 0.0602579299310931 0.0368035841478634 0.0677085473121392 0.061863030792334 0.0483400918576155 0.0454998222093161 0.0496954063409586 0.0525249738515363 0.0597857987391298 0.0614558505366811 0.0596459949158257 0.0583185123766751 0.0567961242365619 0.0572901192436491 0.0591614229072213 0.0592243656793695 0.0596624413737262 0.0599064540604828 0.0601884618405552 0.0614457639456963 0.0619873447103899 0.0627865279614263 0.061887387754597 0.0603562993821208 0.0583823588150072 0.0558272336736413 0.0532150725573513 0.0512100388405984 0.0500097141459716 0.049579327531938 0.0511672524989656 0.0521089744895227 0.0506692993491216 0.0505432795116691 0.0482860183481669 0.0455482222335962 0.0422517968127384 0.0324446244994597 0.0225949858655117 0.0120214676530598 0.00182549574102153 -0.00434802553850938 -0.00718013543854523 -0.0104331472799893 -0.00603742192322615
-9999 -9999 -9999 -9999 -9999 -9999 -9999 -9999 0.166783950331376 0.215087622799046 0.464039850647488 0.0824959498141655 0.0168558036490593 0.0523619838201674 0.0422327401646135 0.03100520139077 0.0200149548051323 0.0270980093542479 0.0341773428592151 0.0489710387679316 0.0521447248399426 0.0501442733193311 0.0458982558421555 0.0423258622615256 0.0435741542853724 0.0444794401273722 0.0443700093939177 0.0428688100630851 0.0427248864996346 0.0432220491077116 0.0433217713587979 0.0477600729274026 0.0508812309369829 0.051596518652623 0.0517638696418501 0.0495614669060622 0.0492267879179208 0.0472082120088374 0.0449787184236319 0.0439614496986948 0.0414011594852159 0.0403665717609136 0.0374958180520871 0.0315138110506812 0.0276646005276762 0.0163824271063315 0.0119010862810903 0.00539937639529997 -0.00614294924913755 -0.0199932261747652 -0.0354653283240445 -0.0454489335955279 -0.0571636216712196 -0.0632188768602177 -0.0630713823026086 -0.0610547885530522
-9999 -9999 -9999 -9999 -9999 -9999 0.0275629833023515 0.080507677008189 0.119457778946333 0.125894367074348 0.199398184962849 0.0527062675745374 -0.0110015483581863 0.00563502440522679 -0.00505674159443614 -0.0146478655220214 -0.013692015060967 0.0015651101383804 0.0166037593648478 0.0294178042986163 0.0337872294411615 0.0304044156463347 0.027760685741836 0.0183544800130745 0.00841050515886027 0.00312676942073337 -0.00366448653026652 -0.00330406448020187 -0.00194595901221811 -0.00411544084664062 9.67642144950598e-05 0.00439892971445605 0.0126437704490592 0.0145236642984539 0.017374112478754 0.0209058574844413 0.0199132449007372 0.0203966102032458 0.0174185943951538 0.0139826805023981 0.0121185340850983 0.0066756210143295 0.00127291239826394 -0.00959566359540776 -0.0214968374636645 -0.031365105406068 -0.0446798214192758 -0.0540385005156809 -0.0613436778396064 -0.074857094632064 -0.0837156381087099 -0.0961789346631394 -0.10470414191175 -0.108253508363571 -0.110673272635953 -0.107257286552914
-9999 -9999 -9999 -9999 -9999 0.0566741104412403 0.0678598435649766 0.0880572908747969 0.0745892980318392 0.0595228651596089 0.0875611626196392 0.0572076911065506 -0.0103466418342842 -0.0126246697369485 0.0206129356731135 0.0647532594979028 -0.0158055214139236 -0.028953497027684 -0.00661016994299107 0.014080826189431 0.014116923524477 0.00675837042428845 0.00558652494294237 -0.0107350195446375 -0.0339172978265334 -0.0510079588530951 -0.056088241947271 -0.0588055998957878 -0.0556332518276915 -0.0386064690425665 -0.0371892034101712 -0.0344445791278631 -0.0280748871217704 -0.0278474750520109 -0.0220005510928298 -0.0191610619156706 -0.0210196212734741 -0.0211988705148215 -0.023127567412923 -0.0252724424100385 -0.0288010804124822 -0.0354964807184152 -0.0443006816170306 -0.0520949604076075 -0.0586744812410444 -0.0619390567097922 -0.0739116867323459 -0.0840413498517726 -0.0903068758324226 -0.0907403277777379 -0.087464660257771 -0.104155037732066 -0.110612479026035 -0.11129168329031 -0.11237324019274 -0.114623613516916
-9999 -9999 -9999 -9999 -9999 0.105962390010766 0.108733440587374 0.10485814885892 0.07754872004585 0.0495856786103778 0.0466797130683004 0.0780997409934966 0.102746034753646 0.12260663032161 0.13070499211935 0.0999984591844623 0.0177961395515985 -0.0251961416476857 -0.0247106862370235 -0.0305130277848906 -0.0316356827455863 -0.0364076287475965 -0.0449740936569916 -0.0602558154592823 -0.0782280366235832 -0.0871191689488555 -0.0864588150574577 -0.078537149441895 -0.0620017980459294 -0.0368286933386501 -0.0146650339808805 -0.00477358555774254 -0.0104808884323913 -0.0194061306134905 -0.0323757536873103 -0.0373987469791994 -0.0412444787816754 -0.0408776865905121 -0.0400307564655548 -0.0479644326420181 -0.0516116623351064 -0.0604410794871713 -0.0649753804191556 -0.0693323970607157 -0.0691580835331315 -0.0681645334354419 -0.0724558890486489 -0.0782687944533441 -0.0784249969063221 -0.0695713210915908 -0.0637366109939419 -0.062936744314578 -0.0677917324617876 -0.0734754519593847 -0.0723119576971389 -0.0731847757057974
-9999 -9999 -9999 -9999 -9999 -9999 0.186543767686294 0.159844094561967 0.131231153733935 0.054773187520464 0.0271759519841518 0.0577739831373434 0.1981218177464 0.235280992612365 0.151359414388988 0.132508324844768 0.0286827637590052 -0.00777408703713361 -0.0251278847355365 -0.0313313783369683 -0.0156088373243186 -0.0307751771203096 -0.0381209084937284 -0.0464794852278072 -0.049304680982301 -0.0329196928009168 -0.0222751912033315 0.00676860108415578 0.0190666771965922 0.0398495678812663 0.0780630932762774 0.0731795625635447 0.0719871536836407 0.0550233593647589 0.0261149568094501 0.00614550802645497 -0.00192438369300307 -0.00852891873921879 -0.0188682520863935 -0.0416386681611801 -0.0552644719232811 -0.0626691251637506 -0.0651161918340567 -0.0619338369636464 -0.0597418720963725 -0.0514611254833208 -0.0461876093411965 -0.0396477235794939 -0.03120974988665 -0.01529141369322 -0.0131918093430279 0.000638036614973359 0.00384946906617795 0.00926527016292727 0.0317202353997969 0.0428103175353407
-9999 -9999 -9999 -9999 -9999 -9999 0.2246305782671 0.253211079115813 0.209115288043994 0.123499903553279 0.0796422798666838 0.0224008286552588 0.0199086782055199 0.04270746753046 0.0431941682860568 0.0262460897512435 0.0117290948316023 0.0207277687041005 0.0111560759354451 0.00105651150830904 0.0249382893156771 0.0377761945898578 0.0545038434806749 0.0672945551304324 0.075242377469928 0.100095973368645 0.136620063909314 0.188080928790184 0.202217286811322 0.202635568564913 0.19316492521131 0.194658764443346 0.188389060830429 0.167033365891847 0.133069056897829 0.099318376837938 0.0869381817227079 0.0704671581387784 0.0488774156974384 0.0102514977736405 -0.0198939627254241 -0.0313210784000739 -0.0367441752567315 -0.0328095996775062 -0.0265317808268822 -0.0170934533855204 0.00116423936302695 0.0223470656539448 0.0446570610234671 0.071692851236232 0.0882196812017934 0.0948337764746344 0.0933121354217106 0.100597246670565 0.127327128694845 0.14403678494057
-9999 -9999 -9999 -9999 -9999 -9999 0.155340337789865 0.251977182842153 0.19630261589888 0.111476417158796 0.116107030611313 0.0510306067117465 0.0209564910299041 0.0254926011661784 0.0192764780170564 0.00828023911472159 -0.00136300155678398 0.0248450698163308 0.0249481669158383 0.0260601141325911 0.0746507518591049 0.123551926849872 0.165594761448596 0.199031050729003 0.212399419966327 0.243464997716686 0.287829403828389 0.358491076393142 0.374648137393587 0.366723883058582 0.352849118964994 0.345733303355843 0.33773361676102 0.324611087075025 0.293984275391014 0.256715334714524 0.242362976471715 0.213998764381417 0.179681928959321 0.112804286577255 0.0626093399092656 0.0453610543834769 0.0245793394425258 0.0247071752424222 0.0285717614667727 0.0387109439912012 0.070283658814747 0.105101931030011 0.136807515809898 0.170431745633407 0.189713528685487 0.186464657771326 0.178005276373079 0.18076435777446 0.199602361129896 0.198150126108525
-9999 -9999 -9999 -9999 -9999 -9999 -9999 -9999 0.0609359692500424 0.033062057312957 0.150165592866564 0.0503278788630163 0.0371870430820609 0.0486080628223683 0.04190735249197 0.0327695647183521 0.0146477789107125 0.00894734091078148 0.00499453083268647 0.0420104972275654 0.138506639072476 0.220519448442166 0.287702522082397 0.319336410677998 0.310337820137716 0.357088054117237 0.402534669619538 0.45269104155712 0.472025081702545 0.479727358876846 0.493026850007032 0.490114316968633 0.502362772078837 0.496781362116246 0.475031535214243 0.454067777377481 0.427346870984336 0.39237422796952 0.346054210513233 0.27413021380664 0.208645687297688 0.162989639383915 0.133649288248948 0.125588324621441 0.117784445332962 0.133058629377217 0.157531976462884 0.194887737602451 0.228953748761614 0.253479164820163 0.263069848954766 0.258924429489023 0.250970257425911 0.241770640180139 0.236249428735597 0.224527514002611
-9999 -9999 -9999 -9999 -9999 -9999 -9999 -9999 0.114805479196214 0.0215191779221929 0.145346798871048 0.0237866252271619 0.0469173749760681 0.0648284907392823 0.0602894303411007 0.0479263949071776 0.0209643133179263 0.00590804873004436 0.00100920817704436 0.0515646864405183 0.196991920778816 0.293833392420133 0.36361517227397 0.401482956073105 0.407938483646422 0.425683834462042 0.455102671988477 0.510551736824993 0.520437142352718 0.537511505226398 0.565970026463532 0.567704009661678 0.59026453881883 0.611368382657294 0.613505793869794 0.618642990224328 0.604496766033862 0.572810202478504 0.529821768068463 0.455876965496592 0.385264022622756 0.33862298888873 0.304383918406447 0.287537342289101 0.263178180539447 0.270334838695756 0.29553082428739 0.323059101280081 0.345358782433602 0.353066980354648 0.343183099204957 0.329085707449661 0.312666316880968 0.291563345874277 0.269302078181659 0.240290551573332
-9999 -9999 -9999 -9999 -9999 -9999 -9999 -9999 -9999 0.0666314820207328 0.0797329162306685 -0.00286536274287841 0.0577091586595163 0.0723807269948485 0.0744158920465547 0.0578946896941358 0.0330032949135493 0.00521620781979704 0.00848240434045283 0.0848009228493971 0.246018655412111 0.347848059000804 0.379890414118574 0.424023595781303 0.468269571607724 0.502711877428783 0.541505212433143 0.56422118063951 0.574570390695931 0.585255775778023 0.592312679126858 0.599026474191924 0.612487075293416 0.645991292458394 0.675870671552 0.708383004702798 0.710828696962885 0.71023159458388 0.682445324775379 0.621362885337635 0.5632144814365 0.505820212744013 0.478231401519175 0.442148093500054 0.398100252961833 0.395089566722595 0.413929345009903 0.450377276749726 0.457101828285848 0.439432880893769 0.413606179682679 0.386042820807924 0.360440768456269 0.334404638131879 0.296878635649929 0.267234221294425
-9999 -9999 -9999 -9999 -9999 -9999 -9999 -9999 -9999 -9999 0.0649133710916177 0.0232682796590114 0.0621701857493991 0.0719896413252327 0.0808829933063234 0.0743826798024583 0.0539847891804922 0.0340607092778858 0.0392643773469972 0.132695230922957 0.277147472458179 0.355968902975109 0.39641515011567 0.428454111852887 0.482595832302465 0.529701244329731 0.559216619814703 0.588482875348945 0.598171921306947 0.610088170543118 0.618764469375614 0.620750625302606 0.634869927384286 0.662441859894753 0.695011570818253 0.735358038908205 0.757949889460782 0.771517766759091 0.77370897661026 0.749364793156668 0.717721336870088 0.669643429895186 0.617666984173774 0.580655191888637 0.536804935470216 0.529508012350302 0.551874964210529 0.57437258717411 0.564828668848408 0.528835380811968 0.478186814960451 0.434944515908631 0.393583724279184 0.362177607863665 0.3334932190246 0.302152698040432
-9999 -9999 -9999 -9999 -9999 -9999 -9999 -9999 -9999 -9999 -9999 0.0731653230943303 0.0572130006209178 0.0626776270260551 0.0768339440654975 0.090601739149611 0.088989657586756 0.122383490094967 0.14507169227071 0.166658539640446 0.261839185629666 0.322982614947984 0.390091957411307 0.441971615947743 0.474988306064638 0.532468165678504 0.554540340059816 0.580021040102628 0.590238932805257 0.607246551427191 0.618705615946938 0.620187063752699 0.631936847158154 0.656072124715194 0.69004929822969 0.719978560628931 0.754734650079787 0.780347858172362 0.803301268570355 0.814825639081805 0.811879104022609 0.788369545978986 0.76100674580489 0.727554997303019 0.68451253074491 0.68269480987477 0.687916765902419 0.693004580045051 0.665518695613173 0.604480632671757 0.53558727484635 0.478825297471663 0.424256506951659 0.390365752670463 0.369302194619393 0.340450247217247
