meets/meet004/_saidas_enm/CCSM_Maha_6k_Aralia_warmingiana2.asc
NCOLS 154 
NROWS 168 
XLLCORNER -112 
YLLCORNER -55.5 
CELLSIZE 0.5 
NODATA_value -9999 
[rows 100 to 124 of 168, columns 56 to 111 of 154]
-9999 -9999 -9999 -9999 -9999 -9999 -9999 -9999 -9999 -9999 -9999 -9999 -9999 -9999 -9999 -9999 -9999 -9999 -9999 -9999 -9999 -9999 -9999 -9999 -9999 -9999 -9999 -9999 -137.838765141943 -121.01397711521 -165.898389202294 -239.036696768338 -311.694146488946 -346.187751104802 -323.266652549999 -266.483690819623 -197.563037881569 -129.413401407432 -65.4188566926591 -23.1048888741938 -3.02255254394958 -4.04491282501004 -9.8374417996763 -25.4834011482132 -32.0448144955933 -32.4170844201227 -32.6732145563568 -30.9200052932102 -28.5075020446829 -26.1250247550131 -24.1955892641609 -23.4190013471476 -22.2294975490515 -19.0359654286924 -14.8280984858152 -11.643908128421
-9999 -9999 -9999 -9999 -9999 -9999 -9999 -9999 -9999 -9999 -9999 -9999 -9999 -9999 -9999 -9999 -9999 -9999 -9999 -9999 -9999 -9999 -9999 -9999 -9999 -9999 -9999 -9999 -143.837430020765 -136.002421639192 -186.621323301458 -246.576107818917 -296.083194857074 -320.724056724901 -295.449867272627 -250.161188729147 -180.250408610711 -115.823877478898 -56.1821746848016 -18.1717750111071 -1.31388424102437 -4.09443524157486 -10.9583914846445 -26.4136290408377 -29.3546181647005 -28.8976574655322 -27.9626811440736 -27.1490772791762 -25.2665357647408 -23.2169143424496 -21.6232761055503 -21.1157835025043 -20.3091328732044 -17.6016781871794 -13.9215452971163 -9.96286393834915
-9999 -9999 -9999 -9999 -9999 -9999 -9999 -9999 -9999 -9999 -9999 -9999 -9999 -9999 -9999 -9999 -9999 -9999 -9999 -9999 -9999 -9999 -9999 -9999 -9999 -9999 -9999 -191.635035207651 -162.652998988673 -148.109369426149 -179.081255253328 -237.351076561059 -274.785825179033 -293.173819340453 -271.252068991772 -222.757717295511 -164.837523979845 -102.021005000851 -45.7417084711201 -12.7929220607298 -0.564061085713953 -5.40885231995392 -11.6859334648982 -24.963641566795 -28.0938337105 -24.9516075939357 -23.0667583098803 -22.5851096604811 -21.9854143735993 -20.5249772331745 -19.7246663567839 -19.6126410773362 -20.1069167495077 -17.783818506417 -13.5499162994668 -10.1343418908427
-9999 -9999 -9999 -9999 -9999 -9999 -9999 -9999 -9999 -9999 -9999 -9999 -9999 -9999 -9999 -9999 -9999 -9999 -9999 -9999 -9999 -9999 -9999 -9999 -9999 -9999 -9999 -201.452154527433 -172.52175787675 -147.872320880275 -178.824764885584 -231.854263294059 -257.795535776784 -275.57213430414 -253.326333080649 -208.285265290349 -148.516607090514 -86.666644483692 -35.5362167532652 -10.0634497432429 -1.58523725815389 -6.50690321825572 -12.902291406185 -24.3063996028397 -25.9989872418774 -23.6800903412332 -21.1781054924667 -18.4187970514822 -18.0031984227016 -18.2230927137168 -17.9543448834476 -17.8750920785415 -18.9074857718777 -17.1043589926044 -13.4416611101452 -10.116102217887
-9999 -9999 -9999 -9999 -9999 -9999 -9999 -9999 -9999 -9999 -9999 -9999 -9999 -9999 -9999 -9999 -9999 -9999 -9999 -9999 -9999 -9999 -9999 -9999 -9999 -9999 -9999 -206.766506110684 -176.154123075083 -156.511792714591 -187.901182452662 -235.175577810669 -257.125362088341 -266.710755859218 -246.036543783754 -196.963215426142 -136.90916047192 -69.1073872256369 -24.7831401297825 -5.94194407826105 -2.43560661535588 -7.57950688286583 -13.5874664029343 -22.5128332212559 -24.062637558813 -22.42622209151 -19.9637992437736 -17.5203427908346 -15.2799723356665 -13.922191438635 -14.5327771590852 -15.2460666690826 -15.6278030863998 -14.3166666616598 -11.7944393301928 -9.33340380524117
-9999 -9999 -9999 -9999 -9999 -9999 -9999 -9999 -9999 -9999 -9999 -9999 -9999 -9999 -9999 -9999 -9999 -9999 -9999 -9999 -9999 -9999 -9999 -9999 -9999 -9999 -9999 -213.995715714836 -176.817877293709 -159.860495419761 -198.88491843626 -253.018703532763 -267.293366573207 -271.778496407282 -250.23984818431 -197.262549720846 -127.459239033022 -57.3686244534495 -18.5826589914267 -3.18566394823927 -4.18899529428019 -9.04257994991349 -14.3056500815846 -21.4258139014267 -22.0373082204985 -20.2586504146411 -18.154014568459 -16.5822069440199 -14.4181646642831 -12.5666844458821 -11.288278234308 -11.8061551499105 -13.1431239293014 -12.0781845555958 -10.4734721702355 -8.63994856721573
-9999 -9999 -9999 -9999 -9999 -9999 -9999 -9999 -9999 -9999 -9999 -9999 -9999 -9999 -9999 -9999 -9999 -9999 -9999 -9999 -9999 -9999 -9999 -9999 -9999 -9999 -9999 -201.191861553236 -177.188184195666 -169.339926912039 -218.902896625227 -271.80844336827 -290.621594769952 -285.16082557917 -261.157217070781 -205.022943165673 -123.033570644908 -51.0733716392856 -15.2106909911633 -2.14586148644376 -6.14118834533392 -10.6559666997653 -14.6351265384538 -19.435756662288 -19.5338060052991 -17.428913784714 -16.4492063179173 -15.3378373880238 -13.6686404613469 -11.9667307145253 -10.5015757962338 -9.64498670169271 -9.44844460976823 -9.45123706746419 -9.27776036353322 -7.43300010922708
-9999 -9999 -9999 -9999 -9999 -9999 -9999 -9999 -9999 -9999 -9999 -9999 -9999 -9999 -9999 -9999 -9999 -9999 -9999 -9999 -9999 -9999 -9999 -9999 -9999 -9999 -9999 -176.835348802117 -171.992196925254 -181.087777516984 -243.656802784021 -292.30449176531 -308.321874329672 -295.715037429431 -268.947549115375 -209.63271317498 -122.016184200804 -47.6750817377096 -13.4227953906843 -2.97694330753292 -8.67246844731555 -12.2475654756847 -15.1497547060593 -18.5091680838737 -18.721206759972 -16.7708793037689 -16.0486155559041 -14.543033221983 -12.9362838192247 -11.8166929747711 -10.7219639660453 -9.78384697175528 -8.93650291330799 -7.56818435815153 -6.24475798243157 -5.58349653937137
-9999 -9999 -9999 -9999 -9999 -9999 -9999 -9999 -9999 -9999 -9999 -9999 -9999 -9999 -9999 -9999 -9999 -9999 -9999 -9999 -9999 -9999 -9999 -9999 -9999 -9999 -9999 -154.231389474639 -149.746787102492 -192.144078942833 -270.634076331414 -304.971911023739 -320.122393720167 -296.727599047811 -265.209102015344 -215.946922461839 -119.148022111712 -44.1915236988988 -14.1346783653215 -5.10905244306546 -11.588999271742 -14.30852294874 -16.5946705350265 -18.5313064683496 -18.484546632994 -17.5025415373302 -15.7852506368531 -14.5585107254477 -12.842855512374 -11.6111722538737 -10.9558439689936 -9.76680535996568 -9.17773239337797 -7.87908463721423 -6.34979345073614 -4.43482775364597
-9999 -9999 -9999 -9999 -9999 -9999 -9999 -9999 -9999 -9999 -9999 -9999 -9999 -9999 -9999 -9999 -9999 -9999 -9999 -9999 -9999 -9999 -9999 -9999 -9999 -9999 -9999 -138.706305379692 -145.273688585949 -194.97541530374 -262.048376979706 -293.855103993079 -299.254099612685 -269.753575614672 -238.802204777571 -191.098806212123 -106.187528870668 -37.6344507701385 -10.4976512454522 -5.4175617207692 -12.9374797338601 -16.2518500846646 -18.2285969883478 -19.5526229910729 -19.3124734156025 -18.1382824066523 -16.6257926071276 -15.0525158657258 -13.3626574222107 -12.4499006474801 -11.7033853244599 -10.9429819211934 -9.82658063245949 -8.08908849654945 -6.49429962336557 -4.68955923846504
-9999 -9999 -9999 -9999 -9999 -9999 -9999 -9999 -9999 -9999 -9999 -9999 -9999 -9999 -9999 -9999 -9999 -9999 -9999 -9999 -9999 -9999 -9999 -9999 -9999 -9999 -124.825497308888 -126.465805714481 -143.325358295748 -190.150325096636 -246.566283528127 -264.484537896532 -266.496725675067 -229.341247768248 -197.09624278422 -163.662976749712 -83.4053175262229 -31.0193413841121 -9.47503543258111 -6.41411137524041 -15.337543322018 -18.5563359477608 -19.7572445072615 -20.4425968380183 -19.5798109048929 -18.6914368261748 -16.8559397719248 -15.6845286020089 -14.5088040695089 -13.5264486676953 -12.356726797994 -10.7580061216304 -9.7817460317363 -8.10550301495908 -6.30982935764535 -4.64590060668804
-9999 -9999 -9999 -9999 -9999 -9999 -9999 -9999 -9999 -9999 -9999 -9999 -9999 -9999 -9999 -9999 -9999 -9999 -9999 -9999 -9999 -9999 -9999 -9999 -9999 -9999 -110.364044501459 -124.012191942376 -147.701595888539 -180.613052895577 -210.270230408597 -231.449174988349 -225.061504783785 -184.847470830073 -143.649733553369 -103.126580984763 -51.2287772107329 -18.6655145913222 -8.14278742996782 -10.0973060709078 -17.6851305318898 -21.8563425500887 -22.0465231345516 -22.2528455801323 -22.0045817880475 -20.852714759072 -19.3535481418075 -17.6679122050674 -16.0750485023359 -14.2048300612663 -12.1680835761113 -10.6312190498859 -9.45158497710011 -7.83974621135846 -6.29465997896847 -4.58142334258097
-9999 -9999 -9999 -9999 -9999 -9999 -9999 -9999 -9999 -9999 -9999 -9999 -9999 -9999 -9999 -9999 -9999 -9999 -9999 -9999 -9999 -9999 -9999 -9999 -9999 -9999 -99.9550854922473 -130.804128321252 -158.773419935041 -173.521994123621 -177.065116247737 -193.888294673311 -186.029499762522 -142.320390222095 -91.9858638059169 -58.3041647475218 -26.3664127612224 -9.67575117147034 -9.45173122773251 -15.4171903033426 -22.1962646918029 -24.5630875069909 -25.5975970095213 -25.5190087555237 -25.1625331496054 -24.7849706829339 -21.8025709286378 -19.0679899189129 -16.7280531143224 -14.2265928887195 -12.0048784826666 -10.3787564380207 -9.00605996894426 -7.44351727751595 -6.12423021604267 -4.5842895362444
-9999 -9999 -9999 -9999 -9999 -9999 -9999 -9999 -9999 -9999 -9999 -9999 -9999 -9999 -9999 -9999 -9999 -9999 -9999 -9999 -9999 -9999 -9999 -9999 -9999 -9999 -96.6086321375312 -149.642155455274 -183.307344320292 -175.897594628236 -156.508128382683 -148.004464688892 -125.122158315598 -85.0873683543584 -51.4481611776056 -29.4913525057102 -15.0513676758696 -9.91532137204972 -15.0825256313475 -22.1074984238603 -25.6328382308145 -26.9761456322251 -26.7798508438841 -26.2036355153741 -25.3291474076906 -24.1007832059388 -22.2314318431747 -20.2030883948345 -17.1850357494181 -14.7401434738848 -12.5808627885209 -10.4586846828096 -9.10453023613289 -7.60190691107256 -6.35420541390378 -5.01037675685598
-9999 -9999 -9999 -9999 -9999 -9999 -9999 -9999 -9999 -9999 -9999 -9999 -9999 -9999 -9999 -9999 -9999 -9999 -9999 -9999 -9999 -9999 -9999 -9999 -9999 -53.7876171153651 -101.350455030834 -179.00439600296 -210.869415426462 -172.811583910928 -134.340478836628 -105.880377609427 -76.7117254242327 -44.4804918272543 -27.421226648787 -22.6329036382393 -13.5607403134898 -14.3789772039772 -24.1743447192595 -28.1458778535149 -30.8583822613716 -29.5377904718732 -28.4589533419542 -27.0150575827921 -26.1379098522746 -25.2119672787267 -22.5984758133788 -20.5466898698373 -17.6817711276987 -15.2726991300651 -13.3943597563007 -11.0668362416632 -9.44388321794144 -7.98146651527316 -6.70830527262156 -5.8207182989775
-9999 -9999 -9999 -9999 -9999 -9999 -9999 -9999 -9999 -9999 -9999 -9999 -9999 -9999 -9999 -9999 -9999 -9999 -9999 -9999 -9999 -9999 -9999 -9999 -9999 -68.0952353799398 -109.455549937682 -173.691887075599 -192.235668065205 -157.492525262092 -113.43489528504 -78.000188915285 -47.0503115822929 -25.2166035387158 -18.261029304699 -18.9615913468313 -17.962697589298 -21.3121931304021 -28.7967090663674 -31.4623599615533 -32.7631756074219 -31.299516168835 -29.6083510462368 -28.0713548238838 -27.3000068266094 -26.4102081657067 -23.9959736941982 -21.4542868708026 -18.313740317831 -15.8259083155172 -13.6210304505971 -11.5117232794032 -9.85236226523203 -8.16814445619872 -6.92919847517219 -5.96413175554414
-9999 -9999 -9999 -9999 -9999 -9999 -9999 -9999 -9999 -9999 -9999 -9999 -9999 -9999 -9999 -9999 -9999 -9999 -9999 -9999 -9999 -9999 -9999 -9999 -9999 -71.1744373101888 -111.088943732919 -165.189639890067 -173.922753838877 -135.659773462656 -95.0277049846618 -58.9066740100253 -31.5241594146176 -19.6304187534153 -19.4800049845601 -23.6278462794483 -22.7549608952245 -24.6795987948956 -28.7552191134355 -29.7180195312906 -32.0339032944713 -29.8613815307146 -28.82739628528 -27.6967366200788 -27.0388839512966 -26.476001847967 -24.4365866054391 -22.4160961021652 -19.2376828486846 -16.5153449837048 -14.2120227231979 -12.1902733522445 -10.5144776349821 -8.87928850599074 -7.53568577915643 -6.43318159475056
-9999 -9999 -9999 -9999 -9999 -9999 -9999 -9999 -9999 -9999 -9999 -9999 -9999 -9999 -9999 -9999 -9999 -9999 -9999 -9999 -9999 -9999 -9999 -9999 -9999 -60.1842338581317 -106.346091598274 -154.648216775764 -154.531134314877 -119.242652999296 -78.3527720356036 -46.4314288473571 -25.2943954541487 -21.801153675986 -22.4589708649816 -25.8267051223266 -26.3116535341647 -25.5988911849608 -25.3584794355677 -25.574897622488 -26.5483749110713 -26.8659790386102 -27.3996851807072 -27.4350499334269 -27.2986264822531 -26.4993676899533 -24.9137942064826 -22.8728705700291 -19.6208061901765 -17.089559566195 -14.9814370064386 -12.8140966023585 -11.0977236802087 -9.65854736178651 -8.12641218042933 -6.8424021114939
-9999 -9999 -9999 -9999 -9999 -9999 -9999 -9999 -9999 -9999 -9999 -9999 -9999 -9999 -9999 -9999 -9999 -9999 -9999 -9999 -9999 -9999 -9999 -9999 -9999 -51.536769279586 -97.5189496362092 -147.822537856963 -143.370762003824 -105.058869634586 -67.762930851726 -38.0408710890111 -24.5423157100146 -22.5559172558922 -25.2714199320756 -29.3730653631056 -30.0723273855228 -31.5297240834657 -30.3529646963323 -26.7556910635111 -25.7662642404279 -25.8021512201864 -27.3515303634081 -28.0480897041272 -28.2848598688028 -27.5136199671419 -24.9871146950446 -23.0152623876235 -20.355283475543 -18.0281281919126 -16.0929657730785 -13.986099929791 -12.0683848774968 -10.2172655932542 -8.69310444566437 -7.62431323289127
-9999 -9999 -9999 -9999 -9999 -9999 -9999 -9999 -9999 -9999 -9999 -9999 -9999 -9999 -9999 -9999 -9999 -9999 -9999 -9999 -9999 -9999 -9999 -9999 -9999 -54.4308558539607 -96.517321948387 -142.624823249985 -135.255488148182 -93.9426150602221 -57.1802455737526 -34.5854076491109 -26.8956350555354 -24.4762179378382 -27.5142230890017 -31.4221118807948 -33.127180429918 -34.2062561744016 -33.4770140310189 -30.3869908717959 -27.6758523590456 -27.1462132499402 -29.5210900543656 -30.6634411892857 -29.2863217455945 -26.8673563009938 -25.0567265635302 -23.444626979355 -21.4753525321702 -19.1273751722687 -17.0687174523344 -14.8722217083831 -12.8377968441275 -11.1189688017872 -9.52819521926578 -8.35361618977069
-9999 -9999 -9999 -9999 -9999 -9999 -9999 -9999 -9999 -9999 -9999 -9999 -9999 -9999 -9999 -9999 -9999 -9999 -9999 -9999 -9999 -9999 -9999 -9999 -9999 -53.5915938504232 -95.0262113523698 -145.102182462966 -135.252969110727 -87.1621596040036 -52.003062145638 -33.3764593343049 -28.3704063255753 -26.9713260283498 -29.9134525020957 -33.0278099646491 -34.5678920312637 -36.1255506163637 -35.9413026253237 -33.2592156022275 -30.4030358589678 -28.7382502070159 -31.1771135164522 -31.9819684640038 -29.4709459523987 -26.6750071276115 -24.776436421348 -23.6256950017992 -22.0321190830814 -20.6528010658593 -18.3686858187701 -16.0502570074956 -13.9432732468545 -12.2115775211331 -10.6035631769704 -9.46551694907429
-9999 -9999 -9999 -9999 -9999 -9999 -9999 -9999 -9999 -9999 -9999 -9999 -9999 -9999 -9999 -9999 -9999 -9999 -9999 -9999 -9999 -9999 -9999 -9999 -9999 -53.0895000296322 -95.8239278573404 -150.630027865729 -140.28100203507 -88.5826458363576 -52.9576547970385 -35.7061473111226 -31.1858944084376 -29.4493663273041 -31.5358426400481 -34.6195390121623 -36.6598917036911 -37.7270329647261 -37.6776856187615 -35.6912552616259 -33.3776699018423 -30.7276462109291 -31.5664003220451 -32.0004892985111 -29.8623629472835 -26.8730626437878 -25.3822341119262 -24.3433594123692 -22.9243376813433 -22.0523380869627 -19.7315611559879 -17.1181340140234 -14.9618405450223 -13.245842977344 -11.7856018759618 -10.3925973305947
-9999 -9999 -9999 -9999 -9999 -9999 -9999 -9999 -9999 -9999 -9999 -9999 -9999 -9999 -9999 -9999 -9999 -9999 -9999 -9999 -9999 -9999 -9999 -9999 -9999 -51.7708847903134 -92.7435107898011 -149.384050642869 -145.939920137239 -93.180969309539 -55.4867161075733 -38.7208127527096 -34.7628842033671 -32.0309608674269 -33.93018689696 -37.1335046160625 -38.1800257412277 -39.4177695972121 -39.4645236877891 -37.2024720198143 -34.9788704559424 -32.0782903094986 -31.9807193877901 -32.263620881224 -30.3620834260669 -27.8107519603619 -26.2611707836612 -25.4022361776336 -23.9274468789951 -23.1420294655012 -20.8766220738481 -18.4422805095875 -16.1626737631049 -14.5173315604266 -12.7409256627781 -11.52737329732
-9999 -9999 -9999 -9999 -9999 -9999 -9999 -9999 -9999 -9999 -9999 -9999 -9999 -9999 -9999 -9999 -9999 -9999 -9999 -9999 -9999 -9999 -9999 -9999 -9999 -51.861459138841 -92.2671103707041 -145.718966785906 -147.981841582002 -99.9851111921796 -60.8413260992533 -43.0973016614783 -37.9600487818031 -34.522951578577 -36.0567869588038 -38.2401951365363 -39.4027414815048 -40.6593562502094 -39.671746625992 -37.6259171755135 -35.4600856301582 -32.8061378701345 -32.495183626055 -32.4545008462405 -31.2373253472594 -29.3838607672065 -27.775629808273 -26.6271191149996 -25.1200143139014 -24.0437005908998 -21.7511640936879 -19.5814553492973 -17.6971665653095 -15.6952693857931 -13.9557605418209 -12.6436273214645
-9999 -9999 -9999 -9999 -9999 -9999 -9999 -9999 -9999 -9999 -9999 -9999 -9999 -9999 -9999 -9999 -9999 -9999 -9999 -9999 -9999 -9999 -9999 -9999 -52.5152043057977 -53.2234331175056 -92.0898879804595 -145.24978814929 -154.919881740521 -111.317326173811 -68.5565348760719 -47.5923389824986 -41.2557342933086 -36.2042784703162 -36.6361753310703 -38.9220339299261 -39.6456432719427 -40.3506508767253 -39.4371249278958 -36.8187838253148 -34.9462046574376 -33.0302814330978 -33.1420502266512 -33.0240145841609 -32.0344884486641 -30.6619339885101 -29.4057564380698 -28.1265026147195 -26.3881489271371 -24.8345379609584 -23.0702710126322 -20.9227007240832 -19.1352840494398 -17.3094555824698 -16.2428266919388 -15.6249027609766
