meets/meet004/_saidas_enm/CCSM_Maha_0k_Cavanillesia_umbellata5.asc
NCOLS 154 
NROWS 168 
XLLCORNER -112 
YLLCORNER -55.5 
CELLSIZE 0.5 
NODATA_value -9999 
[rows 100 to 124 of 168, columns 56 to 111 of 154]
-9999 -9999 -9999 -9999 -9999 -9999 -9999 -9999 -9999 -9999 -9999 -9999 -9999 -9999 -9999 -9999 -9999 -9999 -9999 -9999 -9999 -9999 -9999 -9999 -9999 -9999 -9999 -9999 -46.1314297560731 -19.522845551344 -22.7056592510676 -42.6552771979283 -57.5523559559768 -59.9125707696109 -45.5903398559336 -28.4233130698336 -13.8831527213538 -6.20634854424608 -4.89022165194837 -6.28085822573757 -10.4609680666973 -8.07266149261595 -3.68733812939802 -3.68403964289334 -4.43416738352739 -3.96240975526915 -2.33734318212805 -1.15971848169437 -0.267420063113088 -0.0277410785575289 -0.0813121798888357 -0.155867561834927 -0.275620544114219 -0.616760980624522 -1.13822574967635 -1.04773681631989
-9999 -9999 -9999 -9999 -9999 -9999 -9999 -9999 -9999 -9999 -9999 -9999 -9999 -9999 -9999 -9999 -9999 -9999 -9999 -9999 -9999 -9999 -9999 -9999 -9999 -9999 -9999 -9999 -49.3376679660746 -20.1386186359988 -27.7491620866073 -47.0071907769077 -58.7096895004053 -57.9335474933978 -40.9337129360131 -25.3551872186022 -11.6547710120645 -5.578917839254 -5.92444139945848 -8.27507272662436 -11.6304849265081 -8.80409501268983 -4.82680178558581 -4.93886922801271 -5.57109210105739 -5.11093401075789 -2.88273948942158 -1.71864128757095 -1.26935660207723 -0.408196310707132 0.0585416836154777 0.112012393881991 -0.0482338869818582 -0.437915120751958 -0.540493793839319 -0.634644841594347
-9999 -9999 -9999 -9999 -9999 -9999 -9999 -9999 -9999 -9999 -9999 -9999 -9999 -9999 -9999 -9999 -9999 -9999 -9999 -9999 -9999 -9999 -9999 -9999 -9999 -9999 -9999 -70.8547481077472 -52.6119119121743 -22.0893236236538 -31.3365461675213 -50.3577588659415 -57.5819651568835 -53.3482231073894 -36.4606550129569 -21.1352606079398 -9.70871250269922 -4.26209580233072 -6.13201521853962 -10.2839543755834 -11.831356180669 -9.81404266929867 -6.15224286493387 -6.0812981496913 -6.77734930493475 -6.09453293603209 -3.77319561291217 -1.93076677553787 -1.1264480776476 -0.656228055990758 -0.347526822647238 -0.15220764260429 0.13121208307953 -0.124494971002061 -0.25401215809883 -0.296845968599061
-9999 -9999 -9999 -9999 -9999 -9999 -9999 -9999 -9999 -9999 -9999 -9999 -9999 -9999 -9999 -9999 -9999 -9999 -9999 -9999 -9999 -9999 -9999 -9999 -9999 -9999 -9999 -71.2195272638312 -50.1857634325779 -24.0821713192265 -37.9258404136505 -55.8390430014446 -59.2850693643855 -51.8980779643955 -32.7126720671879 -18.6215435062061 -8.30215661343332 -3.83684997504093 -6.47975420251364 -11.2437123319208 -13.4059101491443 -10.9670893601204 -7.64102382995423 -7.5491254280426 -8.38523245997993 -7.93110322700219 -5.29952043527443 -2.87520400452512 -1.63281627997708 -1.11825648764135 -0.616723807134488 -0.181292803164846 -0.0157921129723182 0.0460400315046429 0.121726708806969 0.0200537205759823
-9999 -9999 -9999 -9999 -9999 -9999 -9999 -9999 -9999 -9999 -9999 -9999 -9999 -9999 -9999 -9999 -9999 -9999 -9999 -9999 -9999 -9999 -9999 -9999 -9999 -9999 -9999 -67.8036789549656 -44.7993914708688 -25.8528760332408 -44.3353099559758 -63.0956221591618 -64.073347106169 -52.7317915352509 -31.1787168400735 -16.4756831189116 -7.91857674691948 -6.29054913969459 -8.67110595453289 -10.9454283686314 -13.8081746394737 -12.2311526315486 -9.72010937096258 -9.37962252732228 -10.0926183295273 -9.89883617727984 -7.18647454151018 -4.72420768710528 -3.15301612443913 -2.32563770746849 -1.78772396298761 -0.999933329573293 -0.438998076256094 0.00213886281872777 0.153710273035648 -0.0149562777407359
-9999 -9999 -9999 -9999 -9999 -9999 -9999 -9999 -9999 -9999 -9999 -9999 -9999 -9999 -9999 -9999 -9999 -9999 -9999 -9999 -9999 -9999 -9999 -9999 -9999 -9999 -9999 -59.9467682551215 -40.5592179540559 -29.1065811535154 -55.1310355517591 -74.7189114366357 -71.5395632445914 -56.6699066590405 -31.1144475337195 -15.6867231955845 -8.03596998211663 -9.01728028151275 -10.9471167919934 -11.4762527922037 -15.0894018825047 -13.6215992167086 -11.5822386240868 -10.9254724470838 -11.2535539133802 -10.893553316134 -8.33922843274862 -6.35188005026091 -4.79689288062382 -3.93043748859201 -3.38630691221224 -2.4725726749083 -1.85517783272611 -1.218324806291 -0.671010853746662 -0.549205279590714
-9999 -9999 -9999 -9999 -9999 -9999 -9999 -9999 -9999 -9999 -9999 -9999 -9999 -9999 -9999 -9999 -9999 -9999 -9999 -9999 -9999 -9999 -9999 -9999 -9999 -9999 -9999 -50.243516945773 -36.4404850766153 -35.1991593311446 -68.0608279484714 -87.6078870659094 -83.4122288973739 -61.5074158274991 -31.6876886821266 -15.5931588196058 -8.58716090656845 -8.27837072224995 -11.2834249715264 -11.7292677451331 -16.3824873614542 -15.2585458340126 -13.1492860719006 -12.0041258677094 -11.4879209425085 -10.0770548217411 -8.91668245351888 -7.43101285089242 -6.14164075111001 -5.54044838222518 -4.69338831719725 -4.23770614814436 -3.9109557935354 -3.11196124120687 -2.44225129514188 -1.84010994713688
-9999 -9999 -9999 -9999 -9999 -9999 -9999 -9999 -9999 -9999 -9999 -9999 -9999 -9999 -9999 -9999 -9999 -9999 -9999 -9999 -9999 -9999 -9999 -9999 -9999 -9999 -9999 -40.7645702490121 -32.4906787535721 -42.9111652352718 -80.2834099856242 -99.2930509719412 -91.4655078719211 -64.0573459646634 -32.2087162126411 -15.9969136589967 -9.77854985460078 -7.99198290013873 -11.3151981426122 -12.3877070530809 -17.3068525975869 -17.0336060530061 -15.3132468329126 -14.2078635363857 -12.9327824443114 -11.5157450963791 -10.5605882669215 -9.34032411211441 -8.25770863290666 -7.7437859933183 -7.21784227024863 -7.02870504181424 -6.70032448064847 -5.93356888399857 -5.04177595390288 -4.20045881103556
-9999 -9999 -9999 -9999 -9999 -9999 -9999 -9999 -9999 -9999 -9999 -9999 -9999 -9999 -9999 -9999 -9999 -9999 -9999 -9999 -9999 -9999 -9999 -9999 -9999 -9999 -9999 -31.9253636951322 -28.4075460920437 -50.8755195815365 -93.1763107614867 -106.663938504531 -95.7935294360205 -63.4798101707241 -30.2196335009511 -17.1975414337768 -11.4084408107386 -8.73241887465963 -12.0394809701821 -13.6660345317601 -18.6585315936511 -19.1217982679432 -18.2651181070513 -17.4200360655059 -16.6006477429883 -15.5408803215274 -13.6914316284698 -12.7262335238304 -11.6004720070486 -11.2516374733774 -11.0466064696061 -10.5532859533253 -10.6354017400923 -9.6064637433575 -8.41061050063115 -7.34034290839478
-9999 -9999 -9999 -9999 -9999 -9999 -9999 -9999 -9999 -9999 -9999 -9999 -9999 -9999 -9999 -9999 -9999 -9999 -9999 -9999 -9999 -9999 -9999 -9999 -9999 -9999 -9999 -26.761768841738 -28.6530307179812 -54.7656231131337 -91.0035135650862 -102.121826679493 -86.2024141614267 -53.9604479459168 -25.1442346848441 -14.5781268008986 -13.3195956655921 -10.0122301897836 -13.132559373842 -15.4104761598974 -19.4274116187821 -21.1501172816474 -20.6973154738105 -20.2618571085351 -19.793109252135 -19.084655177348 -17.7750882819836 -16.9497197693955 -15.8640305579717 -15.4748400434778 -15.3257677098179 -15.0180304858075 -14.9012184356818 -13.7496099180267 -12.5926376246954 -11.4189980523024
-9999 -9999 -9999 -9999 -9999 -9999 -9999 -9999 -9999 -9999 -9999 -9999 -9999 -9999 -9999 -9999 -9999 -9999 -9999 -9999 -9999 -9999 -9999 -9999 -9999 -9999 -26.6388521217268 -24.5197863691236 -30.2917132669309 -58.2436222948664 -88.7519620759073 -91.176717133232 -71.6542253820105 -42.1171058193347 -18.1991993029396 -12.3419701875556 -10.3719114984886 -12.8603035869666 -15.2219002873447 -17.9095076043043 -21.3708736854187 -23.2141107926238 -22.9762836158914 -22.6023613256019 -22.7806624336109 -21.9984349891935 -21.4290930202539 -21.3261132915559 -20.3478803640488 -20.0315897276668 -19.6430452187271 -18.899872464448 -19.0941600636165 -17.8380314557371 -16.9768047351518 -16.0444443721305
-9999 -9999 -9999 -9999 -9999 -9999 -9999 -9999 -9999 -9999 -9999 -9999 -9999 -9999 -9999 -9999 -9999 -9999 -9999 -9999 -9999 -9999 -9999 -9999 -9999 -9999 -23.4107511227754 -24.4402445316504 -37.9989165250056 -64.5029409255224 -82.6087861055702 -78.4855314246836 -55.5808786929954 -31.8464385763555 -13.3247704020114 -10.1951691000741 -8.89921634276933 -16.8306395789531 -18.1774015158494 -21.1688567292992 -24.1433468792589 -26.2618466025347 -26.5794010073509 -26.5134325293049 -26.7740676421983 -26.7121767194077 -26.1238791958525 -25.6057724325193 -24.554789581623 -24.2573211390485 -24.0584495228352 -23.5284941555027 -23.1481881387588 -21.9244600751431 -21.4771149689452 -21.1080789588832
-9999 -9999 -9999 -9999 -9999 -9999 -9999 -9999 -9999 -9999 -9999 -9999 -9999 -9999 -9999 -9999 -9999 -9999 -9999 -9999 -9999 -9999 -9999 -9999 -9999 -9999 -21.7483276950107 -31.7526998270763 -54.0676750986948 -73.9875472339996 -87.3219492167477 -65.3968131843945 -42.1195710919154 -24.9148145591817 -11.7388271219413 -9.28184489034951 -12.3791521103869 -19.1213549001632 -24.0368137742317 -25.5605369708564 -28.1032770951996 -29.1205623144145 -30.2290539531046 -30.4257442920273 -30.7660363155773 -31.8704449497067 -30.1062187712116 -29.4543193675452 -28.5235866035815 -28.7604055860727 -28.5702665471766 -27.8254190353779 -27.2651443765484 -26.0419538439384 -26.4365997318122 -26.4217920488237
-9999 -9999 -9999 -9999 -9999 -9999 -9999 -9999 -9999 -9999 -9999 -9999 -9999 -9999 -9999 -9999 -9999 -9999 -9999 -9999 -9999 -9999 -9999 -9999 -9999 -9999 -22.3800035879211 -48.919095548493 -74.5697009969395 -80.9814645755725 -72.3344708783896 -49.2256885647784 -27.7976064468982 -15.8350779749692 -11.2818488899751 -13.4834890332354 -20.1350228261212 -23.7226330520975 -27.6691379380258 -29.3317358246218 -30.2491567423975 -31.4548273808204 -32.5173642311768 -32.5675895795905 -32.5179382771175 -32.4953435066493 -32.8008630871906 -33.5185035333178 -33.2600878722066 -33.7620393178117 -33.7599978659294 -33.4150695075769 -32.9171078163785 -31.8049693307913 -32.0140623913155 -32.3564259681544
-9999 -9999 -9999 -9999 -9999 -9999 -9999 -9999 -9999 -9999 -9999 -9999 -9999 -9999 -9999 -9999 -9999 -9999 -9999 -9999 -9999 -9999 -9999 -9999 -9999 -14.4813028015623 -29.778375122918 -72.9338463350596 -97.5397936640198 -83.0253976565853 -62.1381522725286 -37.3925373640849 -18.8253317912591 -12.5303829556003 -18.1834379665985 -25.3325060265341 -25.9975185669361 -29.6569248224801 -31.6240114700523 -32.4162695648216 -32.2129752174028 -33.4870191051907 -34.6111394987275 -34.3618511810889 -34.0808888036012 -32.7288781968318 -34.595294918841 -37.4896923919689 -38.528839085982 -39.7860209655097 -39.5160512106025 -38.7816505435662 -39.2653693302352 -38.6171941200039 -39.341202858835 -39.2262086567673
-9999 -9999 -9999 -9999 -9999 -9999 -9999 -9999 -9999 -9999 -9999 -9999 -9999 -9999 -9999 -9999 -9999 -9999 -9999 -9999 -9999 -9999 -9999 -9999 -9999 -16.622720842918 -38.9559147032787 -79.1671544403508 -98.3732689782058 -83.6495514607057 -53.0641598780705 -32.8726706558905 -20.354607967938 -18.8529418522262 -26.7182173321054 -31.1993400076649 -33.5783374091529 -34.0903961395817 -34.9316642913577 -35.4349006989865 -35.349011664865 -36.5306948588767 -37.3889057745451 -37.075238534495 -36.4732169203527 -36.2276132031956 -38.6166495818701 -42.2318155524603 -43.6215865722443 -44.82437716232 -45.0235458909159 -45.3831735709941 -45.9764600254063 -45.3909056229409 -46.0903036284878 -46.7942360495608
-9999 -9999 -9999 -9999 -9999 -9999 -9999 -9999 -9999 -9999 -9999 -9999 -9999 -9999 -9999 -9999 -9999 -9999 -9999 -9999 -9999 -9999 -9999 -9999 -9999 -19.2695456758073 -45.6478816089286 -85.4512488257336 -102.347704204775 -78.6575057425242 -48.1562567217086 -32.8733818989535 -27.376212641407 -28.8600943274558 -33.6914459542136 -39.8521598524475 -40.940611882344 -39.6194295814543 -39.2568887673454 -39.2436409601487 -38.9940099278216 -39.978945604395 -41.3071527348346 -41.3512790164206 -41.0139025843191 -40.0377321123552 -43.3777603779156 -47.7147019374261 -49.266357830181 -50.486126543087 -50.4278443617597 -51.2278238959694 -52.5639585329826 -52.5611613452485 -53.857199303565 -54.2730843273874
-9999 -9999 -9999 -9999 -9999 -9999 -9999 -9999 -9999 -9999 -9999 -9999 -9999 -9999 -9999 -9999 -9999 -9999 -9999 -9999 -9999 -9999 -9999 -9999 -9999 -21.2475320668947 -49.1526628414915 -86.8211253755639 -102.101193422408 -80.8961713785332 -51.275561475246 -38.7165863970718 -36.329904593364 -35.5537891038825 -40.3378919607403 -44.9265806719039 -46.7871607074234 -47.568356958821 -47.5006642516205 -45.3718622748754 -43.9958602606128 -44.6877292662416 -46.1460160415785 -46.8447303929453 -48.0785337024536 -49.1740619087609 -50.6438660837681 -52.430877427299 -53.0581252774428 -55.0152560473824 -56.4214461346321 -57.541398058059 -58.8137394894624 -58.6551709919755 -60.0874969994832 -61.2082892618279
-9999 -9999 -9999 -9999 -9999 -9999 -9999 -9999 -9999 -9999 -9999 -9999 -9999 -9999 -9999 -9999 -9999 -9999 -9999 -9999 -9999 -9999 -9999 -9999 -9999 -23.1078871915233 -51.3144282075739 -90.7395925219938 -106.805770317096 -83.1809803239819 -54.9287873150562 -46.6437352009697 -41.6355323760737 -42.1147685512828 -45.9736432956907 -50.1469414361062 -51.689599018067 -53.803633531071 -53.8429990752889 -51.1255042035678 -49.6650438971424 -50.3311664346449 -52.3980794281341 -53.7270687932845 -56.1853581041119 -58.128015402002 -56.9115521801152 -57.0975142681601 -57.1997469213249 -60.0191577872928 -61.6273594457992 -62.6369095980001 -64.3440813576196 -64.6728286607641 -66.7827045898884 -67.3233538833673
-9999 -9999 -9999 -9999 -9999 -9999 -9999 -9999 -9999 -9999 -9999 -9999 -9999 -9999 -9999 -9999 -9999 -9999 -9999 -9999 -9999 -9999 -9999 -9999 -9999 -25.4938323002551 -54.4787549498694 -93.4265547967096 -110.132888822552 -90.9821893029392 -61.9645854198492 -52.2844572497477 -47.2678200065141 -47.8590127344744 -50.7210241888128 -52.9292727942092 -55.5123164691632 -57.7215623030437 -58.050987308744 -56.1312838981697 -54.9832485302856 -57.18315042979 -60.2889297142858 -61.7033613543673 -62.176559913545 -61.8779930106731 -61.9285188097572 -62.1871397430272 -61.8474173537072 -63.878894965403 -65.915914303522 -67.6984165105512 -69.5811644895266 -69.5775945731331 -71.050317768952 -72.0324415220083
-9999 -9999 -9999 -9999 -9999 -9999 -9999 -9999 -9999 -9999 -9999 -9999 -9999 -9999 -9999 -9999 -9999 -9999 -9999 -9999 -9999 -9999 -9999 -9999 -9999 -26.9244059128454 -56.6319753625997 -98.6927468276599 -116.493966398508 -99.9757461572108 -70.3768372323776 -58.4320855608595 -53.6579005570036 -53.982708425834 -56.0535139955885 -58.0286382559251 -60.6960486727631 -62.6588568825337 -62.7936170320257 -61.1892143832511 -60.0298720680706 -62.729379367256 -67.0188081704238 -67.9369465473732 -67.1007297857624 -65.4463452086292 -65.0455042063447 -65.9386066759715 -65.9114038167395 -68.367946688323 -69.515607168143 -70.7926989262757 -73.1197959699041 -73.437694846712 -75.10623228688 -74.9988219507996
-9999 -9999 -9999 -9999 -9999 -9999 -9999 -9999 -9999 -9999 -9999 -9999 -9999 -9999 -9999 -9999 -9999 -9999 -9999 -9999 -9999 -9999 -9999 -9999 -9999 -28.4740914438411 -59.2450662739333 -104.189038332486 -124.263239920905 -111.169766122869 -81.0682056851553 -66.349491586134 -61.4946394375767 -61.2038930146181 -63.0163343502526 -65.739469983568 -67.0331345157374 -68.2790215640316 -67.8620450962272 -65.5006456792553 -64.5417194470959 -67.0004837912829 -71.086025324336 -71.8442615739314 -70.6745316886373 -68.9071906207536 -68.8447234751038 -69.2250308675145 -69.2724364024224 -71.231132871031 -72.9489409756971 -74.1668127995039 -75.2589220432364 -75.1322550374014 -76.600679850154 -77.6315267437293
-9999 -9999 -9999 -9999 -9999 -9999 -9999 -9999 -9999 -9999 -9999 -9999 -9999 -9999 -9999 -9999 -9999 -9999 -9999 -9999 -9999 -9999 -9999 -9999 -9999 -29.8621290152783 -60.7695215415628 -108.062013580434 -132.185461246117 -120.084455932156 -92.1456290336152 -76.2848486823333 -69.9818221581073 -68.6400232128425 -69.8918444976475 -72.1922213510493 -72.3710226682099 -72.7777681552429 -71.5231605725871 -68.4157352036765 -67.2646709322046 -69.3236342048878 -74.213305538554 -75.0599139911688 -74.451193432827 -72.7552060967811 -72.1249834839836 -72.7809077237892 -72.1767183369889 -73.9262369220072 -74.661071229771 -74.8612463256774 -76.6986342392823 -77.0172380837737 -78.6117591544594 -79.428456537296
-9999 -9999 -9999 -9999 -9999 -9999 -9999 -9999 -9999 -9999 -9999 -9999 -9999 -9999 -9999 -9999 -9999 -9999 -9999 -9999 -9999 -9999 -9999 -9999 -9999 -31.5120048754044 -63.6820631196033 -111.245737328185 -138.798878473936 -129.474079760899 -104.89518370889 -87.5392198088007 -77.943300070006 -75.2820778591658 -74.719722800676 -75.3033896102476 -75.6599021071541 -75.3228934963412 -73.2346746304513 -69.8565330519022 -67.7732740231147 -70.2060774725099 -75.9585161008586 -77.7286010659338 -77.9725261781004 -77.0054061275287 -76.3293138504438 -76.0867555515089 -74.9651997070806 -75.230097704543 -74.3112242833074 -75.2649276890103 -78.3099033862057 -77.5470792101858 -78.5250907257858 -79.6209442403968
-9999 -9999 -9999 -9999 -9999 -9999 -9999 -9999 -9999 -9999 -9999 -9999 -9999 -9999 -9999 -9999 -9999 -9999 -9999 -9999 -9999 -9999 -9999 -9999 -23.9846828751382 -34.8816469533649 -69.3516851478637 -115.155122215675 -144.270906168362 -136.798938114251 -116.506175813549 -96.5379629929628 -85.1413682863342 -81.3472279914475 -80.1037323147363 -79.7157967514915 -79.4930236465793 -78.3690874574005 -75.4530414504416 -71.1634888711135 -68.6472955630795 -71.3342404058168 -76.8254630769823 -79.4399450481837 -80.2137990267035 -79.8054345870045 -79.6700110516941 -79.1554444579087 -76.8362922285159 -75.4369264659526 -74.541679821228 -75.9610867528181 -78.3683916013015 -75.3481026378389 -71.6363110322467 -70.143031915649
