meets/meet004/_saidas_enm/CCSM_SVM_6k_Cavanillesia_umbellata1.asc
NCOLS 154 
NROWS 168 
XLLCORNER -112 
YLLCORNER -55.5 
CELLSIZE 0.5 
NODATA_value -9999 
[rows 75 to 99 of 168, columns 56 to 111 of 154]
-9999 -9999 -9999 -9999 -9999 -9999 -9999 -9999 -9999 -9999 -9999 0.0205528133370504 0.0364260522792097 0.120559802743136 0.111595963537893 0.0946171546746645 0.144251689878738 0.221372771142819 0.201222867694758 0.159995064477097 0.102267370522925 0.0413784371503405 -0.0115280192899646 -0.0422486068426846 -0.0566744141538967 -0.0620262575506064 -0.0637057227027589 -0.0647359644216687 -0.0585353237592505 -0.0436921144646309 -0.0293103700889303 -0.0147177997464229 -0.00573762582582726 0.00615823029633672 0.018630935392023 0.0237574945893694 0.0397900594472115 0.0480343666994297 0.0666159650362368 0.0903589380770584 0.10089484087548 0.122837710456853 0.12500195477073 0.132729453282672 0.14567929712833 0.139439615890212 0.115692565273595 0.0815396692832704 0.0523086547812343 0.0277717282955692 0.0135816696093093 0.00870160138713727 0.00702803637560112 0.00125720417797798 -0.00249870180539302 0.00984678009716922
-9999 -9999 -9999 -9999 -9999 -9999 -9999 -9999 -9999 -9999 -9999 0.0468396320780607 0.0395585056139025 0.127082724184332 0.115536541787086 0.0922525886094153 0.122736548478084 0.19327995988837 0.230925240635634 0.206929915852271 0.16488923518038 0.059663257538261 -0.00946478946477147 -0.0458933326541424 -0.0644836666861658 -0.0737892843600262 -0.0772855759974467 -0.076347836912971 -0.0713810343236286 -0.061731210426553 -0.0513328615787966 -0.0376706329071605 -0.0157002824341214 -0.00278367236301291 0.00218969770429461 0.0138203427610877 0.0169290287731974 0.0294717740235931 0.0462003843074515 0.0581968447153328 0.0894810777748138 0.114567741130061 0.135779786296018 0.141265082879341 0.119652027882238 0.087070128718217 0.063852936210825 0.0439996906325726 0.0264983425863748 0.0113723494682261 0.0048332457890487 -0.00205904667794443 -0.00286298579307653 -0.00281349160608629 0.0113743192686316 0.0298627397804295
-9999 -9999 -9999 -9999 -9999 -9999 -9999 -9999 -9999 -9999 -9999 -9999 0.027701457763999 0.0734390747873619 0.0937203124342768 0.0949279289930949 0.0974838407213595 0.117277192680617 0.174915515434424 0.227924028716503 0.211945219918638 0.126956949879687 0.0324363032456585 -0.0273620675473418 -0.0637029152076774 -0.0793711448790186 -0.0830357141044452 -0.0816255920520281 -0.0789722901296596 -0.0739649307528037 -0.0676208099099714 -0.0551024102606945 -0.0392492965552702 -0.0263173989734496 -0.0158730646811306 -0.00718050584803509 -0.00301176977401102 0.00344042800444416 0.0181244348916329 0.0340085690234082 0.0647758933163139 0.111951380026304 0.151223876101552 0.155768095303577 0.117590746156914 0.067188977911156 0.0341597186603371 0.0129825434122401 0.000125268708968118 -0.00312581792588201 -0.00403999005804323 -0.00913029898297335 -0.00704561429923545 0.00440787903913564 0.0189624189434554 0.0354968637266673
-9999 -9999 -9999 -9999 -9999 -9999 -9999 -9999 -9999 -9999 -9999 -9999 0.110094097666686 0.0538943147008677 0.0592216570221197 0.0853896239232669 0.0934728242886895 0.110588819332727 0.116913091970469 0.12092497261194 0.186121421129526 0.201069332859214 0.138909158295516 0.0340699856637417 -0.0575311506146762 -0.0802673305763663 -0.0822284736536182 -0.0802391319002648 -0.080481545626257 -0.0803870585936947 -0.0806498634186776 -0.0732742214027697 -0.0659478262658941 -0.0573902799024087 -0.0444959568733984 -0.0343423152984658 -0.0336888612143645 -0.0328194977500783 -0.0221481867910283 -0.00691066624317971 0.0226779278238003 0.080360144270373 0.153724080523348 0.165987637325737 0.109226995486714 0.0535265106657759 0.0185638792201107 -0.00924455550854764 -0.0187868282172324 -0.0145092298410189 -0.00411500578415169 -0.00653931343880998 -0.00370076358962457 0.00646364369565489 0.0182544278830468 0.0303102647060527
-9999 -9999 -9999 -9999 -9999 -9999 -9999 -9999 -9999 -9999 -9999 -9999 -9999 0.0992825563435979 0.0530959765170239 0.077810016587108 0.105666827269943 0.137096122955795 0.157181245507235 0.146848636440602 0.161763635261369 0.287773404330048 0.332072717108787 0.216998414502444 0.0761930663521653 -0.0347684356712305 -0.0669338169538914 -0.0714753259388494 -0.0753986829302571 -0.0770338234480678 -0.0807421019557145 -0.0771905605001228 -0.0758601855567698 -0.0722845566339697 -0.0644004174726693 -0.0611194581037358 -0.0542282186905248 -0.0521101395998685 -0.0442596744105921 -0.0352535825486177 -0.0159497219386145 0.0351223963814966 0.0976757797029494 0.125224741237508 0.112550721881422 0.0725157311160109 0.0230473402290341 -0.0149704955783326 -0.026140963743353 -0.0193727280674715 -0.00849017514214684 -0.00531097713619649 -0.0018005940208215 0.00589878081862072 0.0149478425823392 0.0247521485867129
-9999 -9999 -9999 -9999 -9999 -9999 -9999 -9999 -9999 -9999 -9999 -9999 -9999 0.134166351496616 0.0651182524387771 0.081060406070209 0.109330012516372 0.127613385219734 0.128127877374222 0.152654465714191 0.209479171222717 0.303793481084771 0.459602409955341 0.490471717950704 0.474076263695704 0.212050574609187 0.0843749054830235 0.0154450267548555 -0.0348070168428662 -0.0689396625738425 -0.0766464819003189 -0.0793328762363575 -0.0725319522328532 -0.0730555567121333 -0.0760659151102714 -0.0780380619941987 -0.0670925781134362 -0.0608598599513628 -0.0555088156963312 -0.0582957327145623 -0.0544166811925013 -0.0269928629356587 0.0405631999569456 0.0756638951201984 0.0937402797749438 0.0994713031889347 0.0248492902610068 -0.0226845541271959 -0.0320702860868755 -0.0241937429249562 -0.011763806682455 -0.00768250711972257 -0.00183727284791224 0.00454469737163737 0.0110936993400175 0.0190071450730147
-9999 -9999 -9999 -9999 -9999 -9999 -9999 -9999 -9999 -9999 -9999 -9999 -9999 -9999 0.115558119199724 0.0450888922419395 0.105126172070677 0.126181326935096 0.121817855005538 0.133486730182812 0.188429746612456 0.343604517576545 0.407620479306595 0.296756127404031 0.273149776860553 0.368070636141005 0.501317127551295 0.457024742268459 0.235759920000747 0.055223620076039 -0.040974244509436 -0.0561146945127969 -0.0660253160515546 -0.0661919213379927 -0.062563272980791 -0.0661467317501449 -0.0547400075783762 -0.0517341991961265 -0.0498221044477457 -0.0508778472751812 -0.0558379412987101 -0.0385309361911053 -0.0159528758413512 0.0135695675807409 0.0565093726705802 0.0539645525312635 0.0169529903465534 -0.019758255202843 -0.0264511143829284 -0.0203277729480471 -0.0125276479358771 -0.0063692280142289 -0.00249042163259616 0.00213533384972403 0.00768571592406703 0.0112420094378706
-9999 -9999 -9999 -9999 -9999 -9999 -9999 -9999 -9999 -9999 -9999 -9999 -9999 -9999 0.218721299329202 0.0295357627827742 0.0638521658194892 0.1267493253458 0.118225625624504 0.117341148716561 0.110454166052263 0.0713034900332424 0.0143746200492278 0.0288468046091315 0.091451368237881 0.0850512038144898 0.18898031756361 0.462050604045429 0.662661391531709 0.453071624995595 0.116265989477653 -0.00909432408515432 -0.0435235964149832 -0.0401458139133669 -0.0359110445891581 -0.0462110790910387 -0.0184591835662604 -0.016079528071203 -0.0352181134624044 -0.0424293062115004 -0.0579269237836784 -0.0485776225395579 -0.043770105156237 -0.0181562257595833 0.019276094356206 0.0314075291028941 0.0120995541317748 -0.0148216801627759 -0.0181878976730018 -0.0116704692932946 -0.00790667104680248 -0.00215958510821734 -0.000687863558663682 0.00101844202240187 0.00455235685946559 0.00575970821452565
-9999 -9999 -9999 -9999 -9999 -9999 -9999 -9999 -9999 -9999 -9999 -9999 -9999 -9999 -9999 0.16300780905106 0.0211821134256057 0.110715516930418 0.112910682223804 0.110570434812499 0.0829254568478768 0.0209946034789666 -0.00750410470134544 0.00479398126075542 0.0200400284913362 0.0491861850489136 0.0415858276436567 0.0448140055816706 0.10348143477136 0.27441197298394 0.288383101298262 0.128297089478157 -0.0154913069026052 -0.0474683512973356 -0.019055693510152 0.0163006830136196 0.00672771624746588 -0.0158171609990804 -0.0178797590180207 0.00419622590565238 0.0162159308869929 -0.022779960862613 -0.0496322410544853 -0.0415934647132416 -0.0133746391537973 0.0128291481806541 0.0106886361845927 0.00100311113461043 0.00280603819070507 0.0100740244335912 0.013584852062828 0.0125699272718357 0.00688508539071997 0.00524376503830737 0.00626194486241632 0.00193373520881523
-9999 -9999 -9999 -9999 -9999 -9999 -9999 -9999 -9999 -9999 -9999 -9999 -9999 -9999 -9999 0.210274026504334 0.0870867244616332 0.0959507123604743 0.106536315055684 0.110131351079117 0.0949146980518584 0.0672868721558824 0.0687964877881478 0.0609264087060011 0.0552316695927019 0.0932618830427717 0.0644134443488757 0.0819227407254827 0.0500896495853741 0.237053546637955 0.257779984877024 0.315715435965488 0.0576188285553491 -0.0639226670430444 -0.0493423898164209 0.074279740909244 0.0237381460089354 -0.00175662027538376 0.0248442238345657 0.108398914559984 0.17505539462236 0.0327145152855504 -0.0504088799603463 -0.0492379343167981 -0.0295186945715378 0.00455000616807799 0.0155389952607468 0.0230180817547693 0.0319850896233645 0.0450525145148953 0.0575393869015801 0.046533852575282 0.0283886788573351 0.0228532063844369 0.0192749473397717 0.00923128698562609
-9999 -9999 -9999 -9999 -9999 -9999 -9999 -9999 -9999 -9999 -9999 -9999 -9999 -9999 -9999 0.207292360593678 0.148290819224459 0.096199083491945 0.123683191067843 0.114152325580146 0.102722506176656 0.0989935999343971 0.0970938582369864 0.0929157999423813 0.0771665838638479 0.0646635265200398 0.0380100243620154 0.0287665061744757 -0.027592443690018 0.113745699936738 0.422859148689698 0.387530697798813 0.237698023910982 -0.021343926393061 -0.0932858872930403 -0.0531084638141712 -0.0331489463773163 0.00661423013447965 0.0459196178603132 0.164485046755668 0.236301304375751 0.0467637667748721 -0.0559671163705674 -0.0526942267672429 -0.0421743475825941 -0.0129126693283494 0.0162608746487519 0.043921667676032 0.0693360785516415 0.0875303796930313 0.0942477293985269 0.0927840328438103 0.0827549352718108 0.0769933648767531 0.0711347888151384 0.0746244211665796
-9999 -9999 -9999 -9999 -9999 -9999 -9999 -9999 -9999 -9999 -9999 -9999 -9999 -9999 -9999 -9999 0.143626972696935 0.0982322425267775 0.125451086013894 0.131061116395115 0.104991628620868 0.104219593482967 0.104183616881625 0.103778410822237 0.101386142989748 0.102094703670627 0.0868902459526719 0.073868701384934 0.0336307477203688 0.032774402047401 0.297442485943235 0.436922831479148 0.387768891205086 0.229289914492203 -0.00169118740455076 -0.102717185712848 -0.104836729078855 -0.0521140797491542 -0.0033255455831907 0.0889544718708263 0.189203702647547 0.000623781237272913 -0.0643513669814212 -0.0546059505776007 -0.045592422752062 -0.0169584148040482 0.0308964845048305 0.0793346646548425 0.120796526511513 0.148919713454975 0.154590528747022 0.155690184428619 0.150452952551262 0.151838030621048 0.152831280419428 0.171519166215428
-9999 -9999 -9999 -9999 -9999 -9999 -9999 -9999 -9999 -9999 -9999 -9999 -9999 -9999 -9999 -9999 -9999 0.19212732840383 0.0920406077153018 0.135251283853668 0.133462907876039 0.129139908508806 0.114589707102741 0.106768767999142 0.105524399569746 0.105091345185733 0.102651852298822 0.099171824585968 0.0878495134778469 0.0568927436632639 0.0968599700870711 0.328788461137936 0.374490135162737 0.330138925984645 0.256613753616697 -0.0307160816512373 -0.109808436735721 -0.103243261162758 -0.0909759541129772 -0.0561284872795206 -0.0653325163640783 -0.0623754419894486 -0.0630606791522141 -0.0534187024523554 -0.0340770538033975 0.0158574790331186 0.0642705331116057 0.125753895218456 0.179619568550348 0.215630666600346 0.237436303962922 0.197617557630405 0.160442262217284 0.158438257386304 0.178144665249039 0.21658572181687
-9999 -9999 -9999 -9999 -9999 -9999 -9999 -9999 -9999 -9999 -9999 -9999 -9999 -9999 -9999 -9999 -9999 -9999 -9999 0.0827245642155048 0.129637336934935 0.120513981847981 0.131991801270663 0.127638939484707 0.11545868930153 0.109123068989148 0.106265191263382 0.105278435429479 0.102875041487863 0.0871820624194805 0.0568591785860598 0.134503046149718 0.265788244181892 0.304681769019081 0.296978650912366 0.226018195018616 0.0491692774449547 -0.0978539999642192 -0.116837955513182 -0.102932661087772 -0.0836918531417588 -0.0725513475896415 -0.0585549323311377 -0.0414292577187639 0.00717392854138776 0.0451290625542622 0.0745469050512554 0.122881746833164 0.170737647220946 0.207355315313022 0.232986881530882 0.189599452627469 0.13148455846647 0.130039540786773 0.150531805969502 0.195263219786855
-9999 -9999 -9999 -9999 -9999 -9999 -9999 -9999 -9999 -9999 -9999 -9999 -9999 -9999 -9999 -9999 -9999 -9999 -9999 -9999 -9999 0.0800576148265217 0.0450856365267588 0.072005862457908 0.12621028757525 0.113975989907441 0.109238092944148 0.106374721233531 0.105519928581642 0.103107348686006 0.0941231841740339 0.0688098364110441 0.0684271170824723 0.179134283482693 0.272430645204818 0.224469079075016 0.215215780450122 0.0291458151239012 -0.0921375784921196 -0.104467859958015 -0.0633468973393497 -0.0374423762593548 -0.0213354350140965 0.0297790911957491 0.0525477656043592 0.066205876694834 0.0866491141246242 0.086696389038146 0.112809003975263 0.175381100642756 0.187175407436819 0.1527925788012 0.102979589352531 0.0890101104307076 0.103122943439349 0.109038423459136
-9999 -9999 -9999 -9999 -9999 -9999 -9999 -9999 -9999 -9999 -9999 -9999 -9999 -9999 -9999 -9999 -9999 -9999 -9999 -9999 -9999 -9999 -9999 0.0831916677260441 0.0513897596998135 0.113484192146567 0.123027157698479 0.110291820712042 0.106189581513331 0.106127538801947 0.105344784456706 0.092577217341263 0.0388037709325684 0.047328965478744 0.16999564068328 0.229466987641965 0.189623316244785 0.138224717297704 0.0536239951879751 0.00896303901627432 0.0678361387809465 0.0783022899156305 0.116593162126937 0.106738333595734 0.0976616710008097 0.0945364175527637 0.101492688860986 0.0886734928525565 0.105609189825473 0.14601473526019 0.154737941404606 0.111984535446474 0.0639122904633782 0.0552738944210829 0.0637211955187821 0.0739898262500913
-9999 -9999 -9999 -9999 -9999 -9999 -9999 -9999 -9999 -9999 -9999 -9999 -9999 -9999 -9999 -9999 -9999 -9999 -9999 -9999 -9999 -9999 -9999 -9999 -9999 0.0319895831972431 0.103004534543824 0.126595773191601 0.109191777832268 0.106167450612735 0.10558518365865 0.105332196511808 0.0958080394681531 0.0751923713917219 0.0608792213069619 0.0908897071611479 0.215722633244694 0.158934646662862 0.0847686069809051 0.066197445887777 0.111808780198557 0.129861139133004 0.21791578676872 0.200300360394422 0.159747727664025 0.142972671445068 0.130733878977766 0.147748601372753 0.136329486703026 0.143424492774401 0.14566032327763 0.0843256680020315 0.0271356067385194 0.01978171494608 0.0548137934540823 0.090075376179715
-9999 -9999 -9999 -9999 -9999 -9999 -9999 -9999 -9999 -9999 -9999 -9999 -9999 -9999 -9999 -9999 -9999 -9999 -9999 -9999 -9999 -9999 -9999 -9999 -9999 0.110993378057337 0.0703397110626795 0.130925698115551 0.127206057838059 0.108976699755133 0.102985346440443 0.10307972083735 0.104447589866781 0.103263441123992 0.0932842800604006 0.0833239207155081 0.169983396607054 0.21441988839146 0.13955948369204 0.0685313871863069 0.0566560291091758 0.098353872333461 0.229691071521128 0.211490835341309 0.175983813779314 0.165191722927597 0.120306396017769 0.132571787148625 0.118813887710334 0.113292530632358 0.0992840543080127 0.0441524980424375 0.00989776718677027 0.0115066544931801 0.0498110842126351 0.0923656010580893
-9999 -9999 -9999 -9999 -9999 -9999 -9999 -9999 -9999 -9999 -9999 -9999 -9999 -9999 -9999 -9999 -9999 -9999 -9999 -9999 -9999 -9999 -9999 -9999 -9999 -9999 -9999 0.119139815514789 0.138568745985625 0.1113739423338 0.102787101943584 0.100291918149008 0.100024494925817 0.101955602919431 0.104525588776132 0.106775221292757 0.127769516934924 0.185459427242339 0.181216043395448 0.0781476261086327 -0.0182165911807403 0.0257385351055027 0.204089358575142 0.194970234666956 0.156404904981126 0.141306509280704 0.120555426035018 0.0746938302902053 0.0487974008617251 0.0622404937042859 0.0449438059466615 0.0212400165672126 -0.00251212374756216 0.00774933977652725 0.0646282891243751 0.107394349812696
-9999 -9999 -9999 -9999 -9999 -9999 -9999 -9999 -9999 -9999 -9999 -9999 -9999 -9999 -9999 -9999 -9999 -9999 -9999 -9999 -9999 -9999 -9999 -9999 -9999 -9999 -9999 0.129945621579651 0.143554475302097 0.105897335378464 0.101778187672699 0.0991173568834718 0.0970560393347165 0.0979191655056853 0.100316228809784 0.103693141177937 0.10978147266967 0.13474663419106 0.167401713276027 0.110932763456896 0.00144988750091324 -0.0460716866814222 0.0360903742455743 0.0509603371960691 0.0956585855807381 0.117111923114923 0.0855256014223829 0.0548793603948226 0.0254517500747981 -0.00150691192986618 -0.00291135945122606 0.0194196980052102 0.0337887543585261 0.0566192661149895 0.0879183649850562 0.106689891857402
-9999 -9999 -9999 -9999 -9999 -9999 -9999 -9999 -9999 -9999 -9999 -9999 -9999 -9999 -9999 -9999 -9999 -9999 -9999 -9999 -9999 -9999 -9999 -9999 -9999 -9999 -9999 -9999 0.135380663903892 0.102230518938564 0.0989732974126988 0.0961646390171563 0.0951114842768988 0.0963313884749932 0.097248281826054 0.100104169467945 0.10499285051577 0.114900287206784 0.134211313369947 0.119101333571521 0.0228917111502196 -0.0745549437165849 -0.0687848495214453 -0.0629115537705409 0.014135105396959 0.1399799206117 0.0806744190537393 0.0495850426741302 0.0264552178975939 -0.0267368668921933 -0.0399367285326407 0.0133279054776819 0.105595092229183 0.145082053832134 0.131980394142378 0.112309352590976
-9999 -9999 -9999 -9999 -9999 -9999 -9999 -9999 -9999 -9999 -9999 -9999 -9999 -9999 -9999 -9999 -9999 -9999 -9999 -9999 -9999 -9999 -9999 -9999 -9999 -9999 -9999 -9999 0.121670207223902 0.102204017952289 0.0979804771360461 0.0946146303802204 0.0948164620098608 0.0974067351698267 0.0975689832258516 0.0998311272986764 0.102259374293735 0.103819307814333 0.114589597902143 0.111895448894392 0.0377886863631233 -0.0786645792521687 -0.0783431505178394 -0.0744922624553302 -0.0726871196451757 -0.0364580193168156 0.0226725754828261 0.0542792233267051 0.0528209279467966 -0.0217041966304317 -0.0418660940101562 -0.00128640149669085 0.112551995091257 0.159977495499335 0.164630867182995 0.115538792487261
-9999 -9999 -9999 -9999 -9999 -9999 -9999 -9999 -9999 -9999 -9999 -9999 -9999 -9999 -9999 -9999 -9999 -9999 -9999 -9999 -9999 -9999 -9999 -9999 -9999 -9999 -9999 -9999 0.112192064616918 0.106359508240958 0.0949986349906141 0.0939882684862518 0.0963473715642674 0.0995748248442078 0.0985937383442064 0.0999478416724054 0.100359561327868 0.0955919905090728 0.100919215569458 0.10225188726541 0.0353600540708299 -0.06963354171388 -0.06870393924793 -0.0602924343505716 -0.0648149728850428 -0.0637202714875157 -0.0627445245874091 0.0245500858387385 0.0688515071010767 -0.00599418617349323 -0.0723896507710002 0.00588899006539395 0.123364656471463 0.173690786060969 0.169259779475986 0.125080891775279
-9999 -9999 -9999 -9999 -9999 -9999 -9999 -9999 -9999 -9999 -9999 -9999 -9999 -9999 -9999 -9999 -9999 -9999 -9999 -9999 -9999 -9999 -9999 -9999 -9999 -9999 -9999 -9999 0.114244263007411 0.112351306043144 0.0994058285836366 0.0944507947884351 0.0971831221858269 0.100193688809284 0.100310653034036 0.10110299740546 0.0979752147203292 0.0879778175786993 0.0905339316055371 0.0949195566029124 0.0251337930434544 -0.0681755390043636 -0.0542031272134877 -0.0425002424865745 -0.0343835064644485 -0.0403654762217944 -0.0725597146604768 -0.0764739651488046 -0.0433611405223788 -0.00924620981753438 0.00871539268949401 0.057325791257354 0.117561297776827 0.140470015286414 0.136880982491086 0.112293575482744
-9999 -9999 -9999 -9999 -9999 -9999 -9999 -9999 -9999 -9999 -9999 -9999 -9999 -9999 -9999 -9999 -9999 -9999 -9999 -9999 -9999 -9999 -9999 -9999 -9999 -9999 -9999 -9999 0.116525992643244 0.124684961545923 0.101117629639267 0.0958458395452345 0.0979515947222409 0.100582560130004 0.101174070545923 0.10182027882274 0.0946980676555144 0.0807257039336279 0.0835844618448703 0.0867530442779871 0.0105855236409114 -0.0654804954518269 -0.0416915517942995 -0.0326540715957117 -0.0149137897907457 -0.0074235158199048 -0.0421477334616984 -0.077145832715221 -0.0835639647051975 -0.0144605637683072 0.117833065293513 0.0898526547033304 0.0811754791909546 0.092733699044332 0.0989142908285719 0.108597642681539
