meets/meet004/_saidas_enm/CCSM_Maxent_0k_Cavanillesia_umbellata4.asc
NCOLS 154 
NROWS 168 
XLLCORNER -112 
YLLCORNER -55.5 
CELLSIZE 0.5 
NODATA_value -9999 
[rows 50 to 74 of 168, columns 56 to 111 of 154]
-9999 -9999 -9999 -9999 -9999 -9999 -9999 -9999 -9999 -9999 -9999 -9999 -9999 5.71235686948057e-05 0.000179454204044305 0.0215252488851547 0.0847641825675964 0.0683968290686607 0.0777198523283005 0.102542892098427 0.141197636723518 0.186404019594193 0.272833168506622 0.246719017624855 0.308829545974731 0.28181192278862 0.210039138793945 0.128275439143181 0.0874235406517982 0.021078459918499 0.0080346493050456 0.024336313828826 0.0785860791802406 0.18995589017868 0.299566686153412 0.388126820325851 0.35164088010788 0.325469732284546 0.324143290519714 0.326772332191467 0.333147466182709 0.342046141624451 0.344227641820908 0.255283236503601 0.0898550227284431 0.0644924193620682 0.0710508301854134 0.0764076039195061 0.0768446773290634 0.0813544243574142 0.0878124684095383 0.0714634656906128 0.100635781884193 0.126849979162216 0.139705792069435 0.164137333631516
-9999 -9999 -9999 -9999 -9999 -9999 -9999 -9999 -9999 -9999 -9999 -9999 -9999 0.00194490037392825 0.0061079035513103 0.0292699597775936 0.0533374398946762 0.0737795382738113 0.0832452774047852 0.0925828441977501 0.107481442391872 0.119948022067547 0.16301341354847 0.174300909042358 0.146724194288254 0.0970296785235405 0.0725861787796021 0.0488747879862785 0.0144388023763895 0.00264894333668053 0.000881286570802331 0.00256922747939825 0.01873510889709 0.0879944786429405 0.247611492872238 0.346463799476624 0.375197380781174 0.378792285919189 0.357585728168488 0.356247842311859 0.364118218421936 0.356985658407211 0.273461550474167 0.261972010135651 0.098329171538353 0.0944674387574196 0.0944009572267532 0.107210293412209 0.102829895913601 0.0886533036828041 0.0780328363180161 0.0778833031654358 0.103431768715382 0.296011209487915 0.150284513831139 0.174985185265541
-9999 -9999 -9999 -9999 -9999 -9999 -9999 -9999 -9999 -9999 -9999 0.0151673778891563 0.0425195209681988 0.0389660559594631 0.019506124779582 0.0156446527689695 0.0284008178859949 0.062625914812088 0.0867850184440613 0.0737277120351791 0.0793769359588623 0.0784310474991798 0.0748205631971359 0.068348191678524 0.0561140365898609 0.0463097989559174 0.0267304498702288 0.00618559122085571 0.00105020066257566 0.000427442690124735 0.000417511444538832 0.000470440601930022 0.00516810175031424 0.0638437271118164 0.170870527625084 0.285073012113571 0.333032995462418 0.369578301906586 0.374242663383484 0.362250745296478 0.385122448205948 0.371574342250824 0.284506320953369 0.276793658733368 0.264042019844055 0.113709062337875 0.107992552220821 0.120988197624683 0.107403561472893 0.191824704408646 0.176795393228531 0.220538452267647 0.248846039175987 0.290560930967331 0.167005598545074 0.209243819117546
-9999 -9999 -9999 -9999 -9999 -9999 -9999 -9999 -9999 -9999 0.0391539596021175 0.0562314614653587 0.0505479089915752 0.0361226871609688 0.0209782663732767 0.00931181758642197 0.0101013528183103 0.0326878018677235 0.0547638796269894 0.0517856180667877 0.0504545606672764 0.0429129302501678 0.0342378951609135 0.0267141927033663 0.0196879804134369 0.0127225900068879 0.00244668195955455 0.00063929904717952 0.000415719143347815 0.000408580614021048 0.000431654480053112 0.000508588564116508 0.0023638978600502 0.0456275269389153 0.119324825704098 0.227583706378937 0.284421503543854 0.312600672245026 0.327815055847168 0.331303477287292 0.359840571880341 0.361751168966293 0.285472601652145 0.276736259460449 0.253119081258774 0.242134273052216 0.220523223280907 0.203990235924721 0.167415425181389 0.176408350467682 0.22120900452137 0.256699591875076 0.258088320493698 0.308619409799576 0.205555737018585 0.303175777196884
-9999 -9999 -9999 -9999 -9999 -9999 -9999 -9999 -9999 -9999 0.114300049841404 0.0814873576164246 0.0527261309325695 0.0430100932717323 0.0231268797069788 0.0102009074762464 0.00518575496971607 0.0120557323098183 0.027070477604866 0.0250403042882681 0.02299571223557 0.0165371969342232 0.0111646363511682 0.00762244174256921 0.0034670599270612 0.00080992589937523 0.000617465062532574 0.000597644888330251 0.000405023864004761 0.000389996537705883 0.00042951456271112 0.000549537828192115 0.00115658761933446 0.0296427477151155 0.0883498713374138 0.17800085246563 0.234215214848518 0.25859922170639 0.274044007062912 0.284514307975769 0.308517038822174 0.250621914863586 0.258062839508057 0.248135566711426 0.216747656464577 0.184583857655525 0.146788403391838 0.209084168076515 0.264253288507462 0.308017522096634 0.378873825073242 0.310071110725403 0.291627585887909 0.329482734203339 0.263310819864273 0.295720875263214
-9999 -9999 -9999 -9999 -9999 -9999 -9999 -9999 0.0262443609535694 0.142500817775726 0.203273132443428 0.109336622059345 0.0633992031216621 0.0490092188119888 0.0300795771181583 0.0145858488976955 0.00617893738672137 0.00529175531119108 0.00892100110650063 0.00743524683639407 0.00592044554650784 0.00451860763132572 0.00360680161975324 0.00164291786495596 0.000707713887095451 0.000717566697858274 0.000743089476600289 0.000541200395673513 0.000525358249433339 0.000492283958010375 0.000509369128849357 0.000556061859242618 0.0007573944167234 0.0147433569654822 0.0465533882379532 0.124749176204205 0.177291542291641 0.212041318416595 0.228066429495811 0.226820766925812 0.225915282964706 0.168244540691376 0.178584665060043 0.167161926627159 0.137156128883362 0.15956524014473 0.194789975881577 0.303398191928864 0.34410548210144 0.4131019115448 0.443907350301743 0.428292065858841 0.321152329444885 0.406714677810669 0.487832605838776 0.282498061656952
-9999 -9999 -9999 -9999 -9999 -9999 -9999 -9999 0.116792589426041 0.257934927940369 0.291617780923843 0.166437610983849 0.091686025261879 0.0561464913189411 0.0359906479716301 0.0205312725156546 0.0118730682879686 0.00584417954087257 0.00597178749740124 0.00479208678007126 0.0038842165376991 0.00377392652444541 0.00364897027611732 0.00443411478772759 0.00417074281722307 0.00404884293675423 0.00428319536149502 0.00273030810058117 0.00296980538405478 0.00361572694964707 0.00435833306983113 0.00508199585601687 0.00575993815436959 0.00701645389199257 0.0242079850286245 0.0486280173063278 0.0728453621268272 0.0945635437965393 0.110669009387493 0.109224282205105 0.103783048689365 0.0969627052545547 0.0966012328863144 0.122330866754055 0.155901715159416 0.199456065893173 0.226775273680687 0.288635611534119 0.51807826757431 0.486810624599457 0.463839828968048 0.360071837902069 0.346346795558929 0.378817498683929 0.469774782657623 0.515276730060577
-9999 -9999 -9999 -9999 -9999 -9999 -9999 0.140674576163292 0.242073491215706 0.449850797653198 0.431583762168884 0.250989764928818 0.139353394508362 0.0663031116127968 0.0416910089552402 0.027951791882515 0.0190152805298567 0.0126485647633672 0.010044758208096 0.00888008344918489 0.00786936841905117 0.0081356018781662 0.00863225478678942 0.00968320947140455 0.0103856008499861 0.0109035028144717 0.0124299265444279 0.01490643247962 0.0160606745630503 0.0158888716250658 0.0149743221700191 0.0156868956983089 0.0155486380681396 0.0150029845535755 0.0153414867818356 0.0309307891875505 0.044082049280405 0.055660292506218 0.0646794885396957 0.0666905492544174 0.0755889117717743 0.085996501147747 0.103830248117447 0.136662140488625 0.174358770251274 0.224435418844223 0.251020640134811 0.31266325712204 0.301359981298447 0.271265417337418 0.26085564494133 0.258285641670227 0.264177888631821 0.344602644443512 0.449352264404297 0.501278281211853
-9999 -9999 -9999 -9999 -9999 -9999 -9999 0.397137492895126 0.450012683868408 0.473609298467636 0.43283474445343 0.306256741285324 0.139091834425926 0.0609648078680038 0.0435258373618126 0.0393543131649494 0.0291366558521986 0.026581734418869 0.0221140552312136 0.0223899912089109 0.0215581133961678 0.0220173411071301 0.0215315464884043 0.0248392298817635 0.0287061557173729 0.0302883293479681 0.032833106815815 0.0322509109973907 0.0325435511767864 0.0333337038755417 0.0311171114444733 0.028967747464776 0.0263147726655006 0.0243612416088581 0.022290974855423 0.0184822920709848 0.0304304230958223 0.0165760535746813 0.0203469768166542 0.0221123360097408 0.0269649252295494 0.0301714055240154 0.0386625379323959 0.0474756583571434 0.142087340354919 0.19657900929451 0.161536768078804 0.157125785946846 0.178522005677223 0.206454619765282 0.209115162491798 0.220834657549858 0.220973297953606 0.310763716697693 0.421370953321457 0.4878149330616
-9999 -9999 -9999 -9999 -9999 -9999 0.442169159650803 0.466406345367432 0.463907420635223 0.471677154302597 0.430502235889435 0.304610580205917 0.0899782255291939 0.0414396300911903 0.0424922071397305 0.0493569895625114 0.051610853523016 0.053080853074789 0.0439001321792603 0.0431090965867043 0.0404144488275051 0.0438687726855278 0.0481991618871689 0.053749430924654 0.0540859699249268 0.0561535358428955 0.0580356530845165 0.0615984126925468 0.0623489208519459 0.0570270977914333 0.0533742271363735 0.0478792302310467 0.0434365943074226 0.0399126522243023 0.0358701683580875 0.0347222276031971 0.0340792462229729 0.0129042696207762 0.013643991202116 0.015007758513093 0.0191603787243366 0.0258159749209881 0.0385270640254021 0.0606738068163395 0.0998458713293076 0.110837899148464 0.268875032663345 0.283126622438431 0.314859062433243 0.311519503593445 0.317688167095184 0.136323362588882 0.137025117874146 0.142128050327301 0.1894870698452 0.474472910165787
-9999 -9999 -9999 -9999 -9999 -9999 0.504992842674255 0.468791484832764 0.440515041351318 0.463223159313202 0.450741201639175 0.27791753411293 0.079177051782608 0.0519100911915302 0.0579732321202755 0.0743211358785629 0.0795750468969345 0.0838443040847778 0.0719505622982979 0.0761272013187408 0.078375943005085 0.08620984852314 0.0945019274950027 0.103222586214542 0.102661043405533 0.10120952129364 0.102279283106327 0.104062139987946 0.102190896868706 0.098415732383728 0.0917892083525658 0.0865606591105461 0.079764187335968 0.0740711018443108 0.0686835050582886 0.066591814160347 0.0721602812409401 0.0293692480772734 0.0358192399144173 0.0447785928845406 0.0575071908533573 0.0782882198691368 0.106367111206055 0.161023557186127 0.168970823287964 0.171362280845642 0.176668271422386 0.177078366279602 0.194582432508469 0.195725679397583 0.194024801254272 0.194816321134567 0.19228458404541 0.196711212396622 0.185718715190887 0.222730427980423
-9999 -9999 -9999 -9999 -9999 -9999 0.497879296541214 0.437668412923813 0.401333093643188 0.45350244641304 0.466609716415405 0.267976194620132 0.0965247824788094 0.0705147013068199 0.0778231099247932 0.0925049111247063 0.11677323281765 0.132542014122009 0.104825064539909 0.111895464360714 0.116661287844181 0.134651884436607 0.152674287557602 0.157717004418373 0.151642292737961 0.144252747297287 0.143404573202133 0.145032897591591 0.141150936484337 0.138081535696983 0.131968319416046 0.128535568714142 0.122307941317558 0.116948708891869 0.110232576727867 0.106984414160252 0.114446446299553 0.0507094226777554 0.064775750041008 0.0831789895892143 0.113221913576126 0.191626504063606 0.197609722614288 0.200488418340683 0.20197382569313 0.205816820263863 0.204877093434334 0.207142129540443 0.227488502860069 0.22571063041687 0.228587299585342 0.22752571105957 0.231438040733337 0.238800629973412 0.227105811238289 0.223131433129311
-9999 -9999 -9999 -9999 -9999 -9999 -9999 0.380608528852463 0.374584406614304 0.442656219005585 0.391261607408524 0.290069371461868 0.135133385658264 0.102235689759254 0.105385079979897 0.126599997282028 0.142361521720886 0.171658992767334 0.154035523533821 0.153894826769829 0.166931658983231 0.190453976392746 0.212783217430115 0.222955211997032 0.215274155139923 0.203754305839539 0.201794356107712 0.199755534529686 0.197455331683159 0.197266697883606 0.19290417432785 0.18974432349205 0.18249486386776 0.180007457733154 0.179894238710403 0.0720472633838654 0.0779495164752007 0.0826992988586426 0.105112746357918 0.136509776115417 0.224278464913368 0.226284801959991 0.226154670119286 0.225791543722153 0.226638048887253 0.226126328110695 0.226871877908707 0.248005568981171 0.249021127820015 0.250529319047928 0.252716183662415 0.256584167480469 0.267879843711853 0.271046936511993 0.267680823802948 0.262715309858322
-9999 -9999 -9999 -9999 -9999 -9999 -9999 -9999 0.353035479784012 0.447138905525208 0.486673951148987 0.30436959862709 0.16022852063179 0.133609086275101 0.146605521440506 0.15045040845871 0.172624543309212 0.157497048377991 0.190712571144104 0.208111703395844 0.230779975652695 0.25673034787178 0.287464618682861 0.277298033237457 0.266404032707214 0.256931245326996 0.259674906730652 0.261215597391129 0.262775540351868 0.263946026563644 0.266482651233673 0.25801345705986 0.25177663564682 0.251489818096161 0.257441639900208 0.116181969642639 0.1205944865942 0.132996588945389 0.150051474571228 0.246290072798729 0.239860594272614 0.237412497401237 0.236231535673141 0.255890935659409 0.253807902336121 0.250726908445358 0.250919669866562 0.251322776079178 0.252862960100174 0.255470544099808 0.259213387966156 0.264716148376465 0.270278453826904 0.282366693019867 0.282422631978989 0.28113055229187
-9999 -9999 -9999 -9999 -9999 -9999 0.357185870409012 0.228401720523834 0.284835308790207 0.349909722805023 0.366043210029602 0.287831842899323 0.176843374967575 0.169459342956543 0.179675981402397 0.198169082403183 0.214244291186333 0.179750248789787 0.21313850581646 0.241496086120605 0.266268134117126 0.292001515626907 0.311886072158813 0.329668700695038 0.339601635932922 0.346132546663284 0.353936314582825 0.358297884464264 0.362867176532745 0.365884214639664 0.338097304105759 0.334239155054092 0.328669756650925 0.329111874103546 0.33281597495079 0.343896597623825 0.164849415421486 0.179460078477859 0.193398103117943 0.258946895599365 0.247589081525803 0.242539152503014 0.257513225078583 0.250721991062164 0.244021713733673 0.238816380500793 0.236073851585388 0.235981613397598 0.237388968467712 0.240006968379021 0.244957134127617 0.251555472612381 0.259131878614426 0.265580087900162 0.270480573177338 0.529990553855896
-9999 -9999 -9999 -9999 -9999 0.118389375507832 0.20655719935894 0.198664665222168 0.273242324590683 0.328216820955276 0.332213431596756 0.26766911149025 0.188353627920151 0.189098104834557 0.212795197963715 0.25937607884407 0.1959148645401 0.213668823242188 0.236258402466774 0.271257400512695 0.300568133592606 0.325204491615295 0.333941459655762 0.355429649353027 0.386217504739761 0.410857141017914 0.420881778001785 0.428403288125992 0.435570985078812 0.437822163105011 0.43483978509903 0.436976104974747 0.431447684764862 0.429321885108948 0.426851034164429 0.397206872701645 0.423297911882401 0.262446135282516 0.260535448789597 0.24936243891716 0.241031959652901 0.254052251577377 0.243026852607727 0.234015181660652 0.225935235619545 0.218121230602264 0.217139706015587 0.214832529425621 0.215522199869156 0.218737378716469 0.221123337745667 0.228912338614464 0.235431089997292 0.241471752524376 0.487429618835449 0.493507593870163
-9999 -9999 -9999 -9999 -9999 0.300559490919113 0.20113031566143 0.229218035936356 0.283647090196609 0.311616957187653 0.299341678619385 0.249785393476486 0.219857573509216 0.236369341611862 0.254032790660858 0.2821044921875 0.216211572289467 0.243679419159889 0.275300979614258 0.31334987282753 0.347356885671616 0.368024528026581 0.382139325141907 0.406663954257965 0.434121400117874 0.541121006011963 0.291767954826355 0.292197406291962 0.29247921705246 0.292443037033081 0.543069422245026 0.542844176292419 0.542118072509766 0.541176736354828 0.539915800094604 0.537195384502411 0.532711982727051 0.2789486348629 0.274454385042191 0.261211544275284 0.250917494297028 0.23986978828907 0.228819578886032 0.219142019748688 0.210298106074333 0.203607350587845 0.199554637074471 0.197893649339676 0.19790706038475 0.198612093925476 0.201185390353203 0.204909950494766 0.209691748023033 0.439024746417999 0.444360256195068 0.448689222335815
-9999 -9999 -9999 -9999 -9999 -9999 0.281463772058487 0.267868608236313 0.315729945898056 0.277367830276489 0.276381701231003 0.235043033957481 0.216905951499939 0.242044046521187 0.25039741396904 0.286760747432709 0.219404250383377 0.274450421333313 0.142443999648094 0.164001643657684 0.192324504256248 0.410638272762299 0.427708089351654 0.453032463788986 0.542476177215576 0.290138274431229 0.288685023784637 0.288601726293564 0.288298517465591 0.28754934668541 0.286731451749802 0.286711931228638 0.28587993979454 0.284410953521729 0.5310999751091 0.526780247688293 0.273825645446777 0.267562717199326 0.261705994606018 0.247896000742912 0.237781420350075 0.226900473237038 0.215666964650154 0.206521779298782 0.197502493858337 0.190461650490761 0.186415135860443 0.183489561080933 0.181943073868752 0.181051015853882 0.181587651371956 0.182136654853821 0.183679908514023 0.393558859825134 0.393258422613144 0.39385649561882
-9999 -9999 -9999 -9999 -9999 -9999 0.322055518627167 0.303658723831177 0.318413317203522 0.281360417604446 0.229614928364754 0.220231786370277 0.187341004610062 0.176656633615494 0.193541929125786 0.211316391825676 0.273706525564194 0.289658218622208 0.160302311182022 0.184135183691978 0.439773142337799 0.456778526306152 0.545257747173309 0.543773412704468 0.539514601230621 0.535081505775452 0.534049212932587 0.28440198302269 0.283871084451675 0.282826125621796 0.281474053859711 0.280741423368454 0.279447287321091 0.277147680521011 0.27377912402153 0.269088357686996 0.263390690088272 0.256870210170746 0.25047567486763 0.243992432951927 0.229901880025864 0.219498246908188 0.209603190422058 0.200847178697586 0.192565053701401 0.18574595451355 0.180142104625702 0.175731837749481 0.173011586070061 0.170422792434692 0.168299794197083 0.165997639298439 0.359925627708435 0.35545626282692 0.348948687314987 0.342057824134827
-9999 -9999 -9999 -9999 -9999 -9999 0.423173010349274 0.314612060785294 0.313584446907043 0.27413135766983 0.210016697645187 0.197646364569664 0.170306041836739 0.154621809720993 0.156376376748085 0.172131046652794 0.238491341471672 0.280694454908371 0.162816315889359 0.187589421868324 0.537504971027374 0.537449300289154 0.542745649814606 0.542892813682556 0.537683367729187 0.531036555767059 0.530158996582031 0.281509518623352 0.28045716881752 0.278496742248535 0.276589602231979 0.274540066719055 0.273263663053513 0.26988360285759 0.264440506696701 0.259453654289246 0.252460658550262 0.246741771697998 0.240567579865456 0.23315018415451 0.228304877877235 0.213066399097443 0.205110043287277 0.197477743029594 0.188242837786674 0.182813182473183 0.175644546747208 0.170790150761604 0.166318655014038 0.160671874880791 0.158092990517616 0.151398569345474 0.331550151109695 0.3204146027565 0.304082185029984 0.294152975082397
-9999 -9999 -9999 -9999 -9999 -9999 -9999 -9999 0.211738377809525 0.25446754693985 0.239890411496162 0.203894257545471 0.149334207177162 0.14607734978199 0.15078017115593 0.167930871248245 0.21875861287117 0.247896745800972 0.149681344628334 0.193006470799446 0.535633385181427 0.535014629364014 0.285870850086212 0.286305248737335 0.539583683013916 0.53114128112793 0.52995902299881 0.281671941280365 0.280434846878052 0.277336835861206 0.273528009653091 0.271954864263535 0.26946148276329 0.265536397695541 0.260004073381424 0.253151267766953 0.247129335999489 0.240746051073074 0.234598845243454 0.229027271270752 0.223052829504013 0.217214971780777 0.210691258311272 0.197382554411888 0.190256461501122 0.183595925569534 0.176838964223862 0.170213371515274 0.16473425924778 0.15898884832859 0.15257753431797 0.328168272972107 0.312784671783447 0.296486079692841 0.276026368141174 0.256692886352539
-9999 -9999 -9999 -9999 -9999 -9999 -9999 -9999 0.428400337696075 0.220771700143814 0.257752269506454 0.197481200098991 0.133398085832596 0.140145897865295 0.149755537509918 0.163504987955093 0.22286269068718 0.253493070602417 0.146850943565369 0.199437037110329 0.532872498035431 0.524135053157806 0.258947968482971 0.258633375167847 0.275848835706711 0.531757175922394 0.528584599494934 0.268458902835846 0.269222229719162 0.276773750782013 0.27250874042511 0.270270466804504 0.267992973327637 0.263355493545532 0.256155490875244 0.249129608273506 0.242157056927681 0.236565977334976 0.230552107095718 0.224186092615128 0.219453975558281 0.213454067707062 0.208605796098709 0.203339487314224 0.195970073342323 0.184672981500626 0.176502197980881 0.168587028980255 0.161108151078224 0.152130842208862 0.145620346069336 0.311024397611618 0.293772637844086 0.272698968648911 0.246217653155327 0.294417530298233
-9999 -9999 -9999 -9999 -9999 -9999 -9999 -9999 -9999 0.21113546192646 0.248919099569321 0.18722739815712 0.118678882718086 0.130738124251366 0.151997730135918 0.170160889625549 0.240749716758728 0.268996179103851 0.154842242598534 0.190106451511383 0.518794119358063 0.494113743305206 0.241128385066986 0.239254161715508 0.251816302537918 0.505734145641327 0.258751392364502 0.250897169113159 0.252218991518021 0.258839100599289 0.263623356819153 0.263775199651718 0.25992426276207 0.260717868804932 0.257426798343658 0.24894791841507 0.242518723011017 0.235446885228157 0.22934103012085 0.224460005760193 0.218756541609764 0.213652715086937 0.20802666246891 0.202202916145325 0.197076693177223 0.403227776288986 0.388741433620453 0.363071382045746 0.347880721092224 0.333947479724884 0.31729730963707 0.299949526786804 0.278683543205261 0.25669327378273 0.230154931545258 0.270456075668335
-9999 -9999 -9999 -9999 -9999 -9999 -9999 -9999 -9999 -9999 0.200850397348404 0.163700789213181 0.112010285258293 0.139638319611549 0.166869208216667 0.189637646079063 0.273880988359451 0.363473504781723 0.157743737101555 0.185124263167381 0.490209311246872 0.473200172185898 0.131463319063187 0.130117624998093 0.231888428330421 0.47601330280304 0.239114969968796 0.233697906136513 0.235659688711166 0.242016911506653 0.24637845158577 0.246463313698769 0.241972595453262 0.240822955965996 0.240775883197784 0.239070057868958 0.237660080194473 0.234830945730209 0.230482861399651 0.22369059920311 0.217410922050476 0.212178856134415 0.207586154341698 0.201817855238914 0.409931063652039 0.398432642221451 0.383575230836868 0.366796493530273 0.350212633609772 0.322787523269653 0.29789987206459 0.273501038551331 0.248315647244453 0.226878210902214 0.272044777870178 0.251323908567429
-9999 -9999 -9999 -9999 -9999 -9999 -9999 -9999 -9999 -9999 -9999 0.119733385741711 0.136599704623222 0.159927546977997 0.187905818223953 0.220615923404694 0.300261586904526 0.371890932321548 0.343524307012558 0.376107275485992 0.466224908828735 0.455868512392044 0.123022980988026 0.120903521776199 0.125185146927834 0.218678191304207 0.221307873725891 0.220503181219101 0.223181679844856 0.228089541196823 0.230995818972588 0.232030063867569 0.228723123669624 0.226910009980202 0.223778367042542 0.218454912304878 0.21692955493927 0.213363379240036 0.212299287319183 0.212075546383858 0.210795253515244 0.211071789264679 0.205581843852997 0.199085831642151 0.40616112947464 0.393632113933563 0.378590285778046 0.360890716314316 0.343104720115662 0.306461215019226 0.276390463113785 0.253480851650238 0.230034157633781 0.209614038467407 0.189803510904312 0.236337542533875
