meets/meet004/_saidas_enm/CCSM_SVM_0k_Aralia_warmingiana1.asc
NCOLS 154 
NROWS 168 
XLLCORNER -112 
YLLCORNER -55.5 
CELLSIZE 0.5 
NODATA_value -9999 
[rows 100 to 124 of 168, columns 56 to 111 of 154]
-9999 -9999 -9999 -9999 -9999 -9999 -9999 -9999 -9999 -9999 -9999 -9999 -9999 -9999 -9999 -9999 -9999 -9999 -9999 -9999 -9999 -9999 -9999 -9999 -9999 -9999 -9999 -9999 0.0813731192143299 0.0875897409031295 0.00306060743609959 0.0181296287419151 0.0474559342871093 0.0591448076396955 0.0543497044123104 0.0410526520992257 0.0344787697254241 0.031500999868451 0.0110575655936723 0.0962535809200233 0.574254281429321 0.691409281968308 0.312039147819451 0.0536824238131445 0.0193890093096074 0.0343114762688335 0.0173340430121577 0.0485085132055474 0.133569342785092 0.205174726568692 0.23956332115218 0.273335758806166 0.314735786824413 0.379997477379001 0.461640040605733 0.539054079339303
-9999 -9999 -9999 -9999 -9999 -9999 -9999 -9999 -9999 -9999 -9999 -9999 -9999 -9999 -9999 -9999 -9999 -9999 -9999 -9999 -9999 -9999 -9999 -9999 -9999 -9999 -9999 -9999 0.0833204442681993 0.0805457660037618 0.00304999784480081 0.0223000623354195 0.0421267628548804 0.0516049118567757 0.0468338804774948 0.0390995978609082 0.031072579949677 0.0301168295112043 0.0114068727333912 0.13845974242996 0.568173215762306 0.526466038469776 0.151755526799984 -0.0398454604204278 -0.0277466376499201 0.0018798371076012 -0.0257155011461007 0.0230167101068128 0.125658875401993 0.201718787360605 0.325618870801013 0.339915380123014 0.36790777004851 0.430329874674439 0.519009034025936 0.615936778773105
-9999 -9999 -9999 -9999 -9999 -9999 -9999 -9999 -9999 -9999 -9999 -9999 -9999 -9999 -9999 -9999 -9999 -9999 -9999 -9999 -9999 -9999 -9999 -9999 -9999 -9999 -9999 0.0986583050952444 0.0858243970859611 0.0854226046073245 0.0145578225094255 0.0224768481884415 0.0357475481748969 0.0420926042706286 0.039116007095487 0.0339228156245183 0.0279344970027035 0.0228811844438317 0.0110806990415773 0.210367971578738 0.550435264321442 0.375897626475648 0.05036400564446 -0.0923798271980688 -0.057744237621019 -0.0132439156057239 -0.01728820053082 0.027313863268825 0.113044694725951 0.188182763236417 0.283977192962848 0.354625502623067 0.383130775911517 0.439260034230426 0.540394052046066 0.644420359972879
-9999 -9999 -9999 -9999 -9999 -9999 -9999 -9999 -9999 -9999 -9999 -9999 -9999 -9999 -9999 -9999 -9999 -9999 -9999 -9999 -9999 -9999 -9999 -9999 -9999 -9999 -9999 0.099505819161478 0.0891581266649544 0.0903697785541852 0.0237356538744116 0.026554181527828 0.0323495594152648 0.0360564888157502 0.0354379610620391 0.0366402232904748 0.0253776017021208 0.0195523462438374 0.0242257359999544 0.281311098627499 0.501987285484327 0.270965096976381 -0.000847451841696822 -0.106395955945174 -0.0524552209762463 0.00232997564348691 0.0130604407848238 0.044196698059342 0.114331559690179 0.182004262455314 0.259199830602348 0.332330459323715 0.366164949242661 0.461017014970824 0.574231051379148 0.670643953771738
-9999 -9999 -9999 -9999 -9999 -9999 -9999 -9999 -9999 -9999 -9999 -9999 -9999 -9999 -9999 -9999 -9999 -9999 -9999 -9999 -9999 -9999 -9999 -9999 -9999 -9999 -9999 0.101213280596076 0.0936642179848705 0.0913055026509521 0.0311281486313527 0.0325910989004191 0.0348582449762976 0.035804901530091 0.0371055191201503 0.0395645479764699 0.0266523496406959 0.020354536929292 0.0581490222819014 0.353980870662047 0.49681123225242 0.231986159709183 0.0245938126985741 -0.0624436600130389 -0.0359760403027835 0.0207604369782076 0.0265753991153246 0.0542075317395174 0.108746298047492 0.178136439437339 0.26477274925314 0.331929511728894 0.414864863858449 0.519650994280494 0.632156451357275 0.739179490821621
-9999 -9999 -9999 -9999 -9999 -9999 -9999 -9999 -9999 -9999 -9999 -9999 -9999 -9999 -9999 -9999 -9999 -9999 -9999 -9999 -9999 -9999 -9999 -9999 -9999 -9999 -9999 0.108537152451776 0.100073611165705 0.0826090041875259 0.0378959554547415 0.0422691773878 0.0408821080247219 0.0413820886275756 0.0438911102260336 0.0469830598389365 0.0353757659187922 0.0322519204502036 0.0869394058291411 0.381795074698076 0.447038228729467 0.194240491382422 0.039397917202518 -0.0374129032087506 -0.0297535076814988 0.00328618133750114 0.00633653336655171 0.0404648548129601 0.0984437587695235 0.165795113898159 0.252415331153878 0.336229159561012 0.436143551339233 0.559199824888832 0.670697734736827 0.776849348855087
-9999 -9999 -9999 -9999 -9999 -9999 -9999 -9999 -9999 -9999 -9999 -9999 -9999 -9999 -9999 -9999 -9999 -9999 -9999 -9999 -9999 -9999 -9999 -9999 -9999 -9999 -9999 0.127604947632238 0.110205200342263 0.0710336276181511 0.0479038852828079 0.0519648793517807 0.050818995606005 0.049437887962453 0.0526304570837222 0.0568239100892505 0.0502233401840171 0.0454810643403651 0.0968732899090496 0.376008206349108 0.363302365156534 0.155693262943212 0.0456842880873043 -0.0174123256695244 -0.0374386034324236 -0.042459090477585 -0.00952342158104658 0.0368661322099027 0.0924022218755953 0.159253238453022 0.229140488490372 0.309196909416845 0.426296243889952 0.554083618353011 0.673210717664073 0.771593996334638
-9999 -9999 -9999 -9999 -9999 -9999 -9999 -9999 -9999 -9999 -9999 -9999 -9999 -9999 -9999 -9999 -9999 -9999 -9999 -9999 -9999 -9999 -9999 -9999 -9999 -9999 -9999 0.164908297872064 0.117118584786898 0.0667201949782316 0.05870290004165 0.0598396347495389 0.0562655393480607 0.0539910769770146 0.0607879848220862 0.0662930274985482 0.0622321729983522 0.0545107157366064 0.100648308246994 0.355129757767427 0.304501039492868 0.117940944084656 0.0455105977060764 -0.0029987780450782 -0.0127052647856545 -0.0159085611876093 0.0146611134560048 0.0521392515725167 0.104178091212795 0.166880835931915 0.232281772654797 0.302773956825903 0.409413350706356 0.54288343802686 0.664262747263792 0.768322161976471
-9999 -9999 -9999 -9999 -9999 -9999 -9999 -9999 -9999 -9999 -9999 -9999 -9999 -9999 -9999 -9999 -9999 -9999 -9999 -9999 -9999 -9999 -9999 -9999 -9999 -9999 -9999 0.202245542669888 0.118456362983625 0.0661652826058247 0.0686779446464802 0.0647526111853068 0.0581615898472766 0.0538850068707267 0.0645374838227898 0.074840394033775 0.0686997342104902 0.0601234365453999 0.100503344934037 0.325899083400797 0.236653608574798 0.0818687099902577 0.0397926680787303 0.0146071163281764 0.0205680925631107 0.0500585139175456 0.0537706196278775 0.0892394078199584 0.12365686103757 0.163330170312394 0.219431287353547 0.291116519385633 0.404894395944151 0.526997688244493 0.63782990711834 0.754327713995616
-9999 -9999 -9999 -9999 -9999 -9999 -9999 -9999 -9999 -9999 -9999 -9999 -9999 -9999 -9999 -9999 -9999 -9999 -9999 -9999 -9999 -9999 -9999 -9999 -9999 -9999 -9999 0.207345703357936 0.10799911561157 0.0678383852334487 0.0699933978177769 0.0641809024775972 0.0501203681747996 0.0410144160082149 0.0587829450672744 0.0721480339192007 0.067382264195833 0.0583944254731153 0.107214851749391 0.269672238231485 0.163304741494121 0.0380799698384851 0.0195533947837265 0.0133076973665177 0.0254958165936141 0.0521040414532241 0.0649754272488107 0.0919177709396651 0.124114865927185 0.16257875121745 0.21636508295083 0.289299705153484 0.38747160474817 0.497943626332463 0.605759036085255 0.721236029948043
-9999 -9999 -9999 -9999 -9999 -9999 -9999 -9999 -9999 -9999 -9999 -9999 -9999 -9999 -9999 -9999 -9999 -9999 -9999 -9999 -9999 -9999 -9999 -9999 -9999 -9999 0.17136927882179 0.18972544797026 0.0963542800557236 0.0685489897048801 0.0728390592599003 0.0623410273128105 0.0405701192447622 0.0163934123555792 0.0440937615759283 0.0697320550199217 0.0635862837287994 0.0633755799729694 0.12568526041141 0.191874047130419 0.0520008592256279 -0.0199876200745982 -0.0200065702754367 -0.0102135036815604 -0.00328393238752056 0.0151384719417514 0.0320445992784474 0.0624972079608929 0.101305854802029 0.155441612609703 0.216878474695431 0.281324489037557 0.364585091023029 0.459248886296006 0.558871297521419 0.66399371966431
-9999 -9999 -9999 -9999 -9999 -9999 -9999 -9999 -9999 -9999 -9999 -9999 -9999 -9999 -9999 -9999 -9999 -9999 -9999 -9999 -9999 -9999 -9999 -9999 -9999 -9999 0.174380452901463 0.148188063497471 0.0762190296377275 0.0692644254455035 0.0721370665792573 0.0605301126127976 0.0301375867111602 -0.00944663100389198 0.0145089184042164 0.0467439000216601 0.0536350176390863 0.0955250789239238 0.171743812461746 0.116303768195576 -0.00655485786310162 -0.0593884990240343 -0.0597568657800199 -0.0519942218837588 -0.0415615531465142 -0.0227780719355942 0.00881834254348102 0.0514898262533118 0.0985847862142569 0.153214761655221 0.213627217544588 0.285421877382994 0.366580733553802 0.456931339145085 0.543370842071091 0.633327190581025
-9999 -9999 -9999 -9999 -9999 -9999 -9999 -9999 -9999 -9999 -9999 -9999 -9999 -9999 -9999 -9999 -9999 -9999 -9999 -9999 -9999 -9999 -9999 -9999 -9999 -9999 0.170077877592873 0.0995768085351075 0.0663221361675659 0.0697650218667962 0.0773849836447336 0.0571793225112936 0.0218713870695685 -0.0259142396529471 -0.00759456979055662 0.0363542903068732 0.079070724517096 0.165189400505979 0.150933634603917 0.0695150602254559 -0.0203100898893523 -0.0551105815547369 -0.0672310152678692 -0.0658590348689663 -0.05486422606208 -0.0418492236028911 -0.00700911585424069 0.0449899996396535 0.0977966394658027 0.146956403486716 0.199840929677317 0.270965968335014 0.364055046042357 0.448068767393144 0.509641275195897 0.587776399856216
-9999 -9999 -9999 -9999 -9999 -9999 -9999 -9999 -9999 -9999 -9999 -9999 -9999 -9999 -9999 -9999 -9999 -9999 -9999 -9999 -9999 -9999 -9999 -9999 -9999 -9999 0.147741882204638 0.0762294424281208 0.0652824588914112 0.0650964352257515 0.06253459733038 0.047368707314455 0.00971328354520218 0.00874637913990778 0.0666181471284109 0.120105647782095 0.17358109106766 0.181676269542758 0.0971336261511982 0.0553698779428242 0.0339566533926021 -0.00278440015999143 -0.0294755427241268 -0.0351408289894775 -0.0215845673893448 -0.00800549347810353 -0.000346214367220932 0.0360975662094944 0.0891855017810449 0.137662105724948 0.184419831178451 0.246532187965192 0.319957816541859 0.392561653911983 0.452772950439145 0.5123130906402
-9999 -9999 -9999 -9999 -9999 -9999 -9999 -9999 -9999 -9999 -9999 -9999 -9999 -9999 -9999 -9999 -9999 -9999 -9999 -9999 -9999 -9999 -9999 -9999 -9999 0.27491291279052 0.110500788504143 0.071854864131055 0.0684386223053229 0.0552988763562786 0.0515900876684367 0.0425701313046725 0.0500760440469435 0.132700300405592 0.208366414623925 0.206294722356692 0.231510474924255 0.146089857838632 0.0639559045389234 0.0739836824646222 0.100012527718699 0.0449939171954024 0.0167683639675922 0.0144088334832044 0.0360106128752961 0.0706244557744259 0.0209180023770859 0.0276586581482949 0.0784817225695333 0.122153672930799 0.158920742496724 0.210049324482407 0.261427871329845 0.316638398197952 0.364321949045904 0.405297506437301
-9999 -9999 -9999 -9999 -9999 -9999 -9999 -9999 -9999 -9999 -9999 -9999 -9999 -9999 -9999 -9999 -9999 -9999 -9999 -9999 -9999 -9999 -9999 -9999 -9999 0.19982657567202 0.0857306130330835 0.0672812897800105 0.0650188983619128 0.0478523208982958 0.0378444526314195 0.0455577412746032 0.10458470474342 0.218622744783849 0.243201893422968 0.213866406927117 0.20407359928193 0.147921178985918 0.0936680579102693 0.0840865836229654 0.0875864000515476 0.0567978327115873 0.0337060909973726 0.0322176868697272 0.0583224481830406 0.0715305396184225 0.0251864358419995 0.0161351991862486 0.0559704180221406 0.0986482877252443 0.131171995092381 0.172941237701157 0.211860089763478 0.254101880661662 0.290270396431967 0.316254452381009
-9999 -9999 -9999 -9999 -9999 -9999 -9999 -9999 -9999 -9999 -9999 -9999 -9999 -9999 -9999 -9999 -9999 -9999 -9999 -9999 -9999 -9999 -9999 -9999 -9999 0.16589543414849 0.0747736392015494 0.0666720026861352 0.0639920545187537 0.0392549070934977 0.034017158020981 0.0501842197800144 0.122758846660257 0.197825886826847 0.197279866105419 0.165210588491686 0.161179453843278 0.131600090066012 0.101091163496766 0.0915384335864461 0.0785503148833455 0.0522044540126282 0.0245176343179686 0.0174424874780528 0.0384098710542726 0.064738894250129 0.0120567657996201 0.00591446839155785 0.040393411962834 0.0765510188437012 0.102459121490381 0.138182177516931 0.167727185578347 0.198187168919608 0.219217492412146 0.236763434803347
-9999 -9999 -9999 -9999 -9999 -9999 -9999 -9999 -9999 -9999 -9999 -9999 -9999 -9999 -9999 -9999 -9999 -9999 -9999 -9999 -9999 -9999 -9999 -9999 -9999 0.146944696192113 0.072921482037196 0.0616666458619348 0.0544300742088332 0.0284292837307151 0.020653951740072 0.0487551582535062 0.0958432557495429 0.144318800270984 0.155291049546036 0.139958639697561 0.127752413742464 0.0981426856683847 0.0790344915772375 0.0843282875923715 0.0841048075085141 0.046399672946189 0.0064295082672286 -0.0103529574886917 -0.00907139180504124 -0.0090282564628279 -0.0132704986565857 0.00125004230031805 0.0308274456003418 0.0590983698948494 0.0813775438159207 0.107979025912817 0.128626660736386 0.149343920599089 0.159433375758298 0.160676081669646
-9999 -9999 -9999 -9999 -9999 -9999 -9999 -9999 -9999 -9999 -9999 -9999 -9999 -9999 -9999 -9999 -9999 -9999 -9999 -9999 -9999 -9999 -9999 -9999 -9999 0.135006877321881 0.0729184491729472 0.0594546404891432 0.0483049866486474 0.0198571671660004 0.0201496204922029 0.0466434013344817 0.0747875891453108 0.113640049550919 0.127799087191912 0.118648774537371 0.106145895619198 0.0733709573455323 0.058051128560393 0.07225586126971 0.077780717146705 0.0351705476168082 -0.0108470129993886 -0.0280352792378883 -0.0304200800629671 -0.0291445777442338 -0.0198898257445108 -0.00100096979831876 0.0234606661945124 0.0449297015358003 0.0637964143964516 0.0841958587607443 0.0962080279724746 0.107348271322354 0.105984729697124 0.103777355454487
-9999 -9999 -9999 -9999 -9999 -9999 -9999 -9999 -9999 -9999 -9999 -9999 -9999 -9999 -9999 -9999 -9999 -9999 -9999 -9999 -9999 -9999 -9999 -9999 -9999 0.123644477059768 0.0717779642036431 0.0580267281924156 0.0440410320319946 0.0178835013445627 0.0205715495908741 0.0377984111802747 0.0684728227402277 0.100546960564951 0.112725201865043 0.10940699782238 0.0932247080102315 0.0673314183356646 0.0542170009133943 0.0569411837282905 0.0539177148431355 0.0167800063717233 -0.0201695604746244 -0.0314790350521053 -0.0314075723626634 -0.0270650469889492 -0.0188860951033638 -0.00445352771134788 0.0140341754205535 0.0329615908652638 0.0500021852722399 0.0635835073409252 0.0697116714776668 0.0762325820799174 0.0737339893260105 0.0687019270202482
-9999 -9999 -9999 -9999 -9999 -9999 -9999 -9999 -9999 -9999 -9999 -9999 -9999 -9999 -9999 -9999 -9999 -9999 -9999 -9999 -9999 -9999 -9999 -9999 -9999 0.118847451245645 0.0676430935608415 0.0585966754377322 0.0450002895438134 0.0177569267822363 0.0191666952960254 0.0255708263687403 0.0502878881959491 0.0767277305412659 0.0894185166000813 0.092082783796976 0.0737595583957203 0.0519441683894606 0.0411551410325979 0.0400758472837351 0.0364228538351383 0.00503103124124465 -0.0216844240458771 -0.028477030023062 -0.0289039947400309 -0.025093316488111 -0.0187405242528383 -0.00791184152601154 0.00601116197823581 0.0222331402787113 0.0371770375056946 0.0473977115458467 0.0497902796894758 0.0525987127198536 0.045562748309281 0.0414713234981391
-9999 -9999 -9999 -9999 -9999 -9999 -9999 -9999 -9999 -9999 -9999 -9999 -9999 -9999 -9999 -9999 -9999 -9999 -9999 -9999 -9999 -9999 -9999 -9999 -9999 0.113164756950007 0.0639579577078249 0.0588722315664295 0.047749020682413 0.0208286336054057 0.01379961670161 0.0142527754279457 0.0227352955260404 0.0380548302057085 0.0491940965670792 0.0466659013805518 0.0409824759175992 0.0278482715473879 0.022782269440093 0.0264184587148175 0.0207081152569226 -0.00092306815036608 -0.0195488842657212 -0.0252934910864553 -0.0264634072542463 -0.0241407854376674 -0.0189874148260281 -0.0100946190406623 0.00245365621625443 0.0150703422571071 0.0253385849010699 0.0351825590665571 0.0378874335089164 0.0372293406590791 0.0280267570289058 0.0172955000363342
-9999 -9999 -9999 -9999 -9999 -9999 -9999 -9999 -9999 -9999 -9999 -9999 -9999 -9999 -9999 -9999 -9999 -9999 -9999 -9999 -9999 -9999 -9999 -9999 -9999 0.108320293274197 0.0598682513118813 0.0567832558359078 0.0516545027335611 0.024967405616123 0.0126518753535856 0.00647666040236422 0.00546225989159377 0.0137283851066793 0.0214265547955674 0.021857550399188 0.0229188671229579 0.0168819485540083 0.0156744903937138 0.0217488783242891 0.0166620229082766 -0.00148320419088627 -0.0173501369579714 -0.0225156820768908 -0.0247380304805522 -0.0240287772502127 -0.0206917466161918 -0.0123581282196088 0.000535074235418376 0.0139122998885814 0.0250381388298671 0.0346661901744202 0.0337241132621002 0.0333504748133448 0.019981678161127 0.00983424358640583
-9999 -9999 -9999 -9999 -9999 -9999 -9999 -9999 -9999 -9999 -9999 -9999 -9999 -9999 -9999 -9999 -9999 -9999 -9999 -9999 -9999 -9999 -9999 -9999 -9999 0.10207390085066 0.059070759289044 0.0566114386891597 0.0551366758468062 0.030764972887816 0.0160525252139798 0.00554332047323419 1.06500790567621e-05 0.00194749691357488 0.0122550534703844 0.0191604069473609 0.0180573557286969 0.0159607023352799 0.0174204294637171 0.0217342277529254 0.0212972902679514 0.00166290909297384 -0.0155950767165624 -0.0203017945284593 -0.0226705911476284 -0.0237570852021074 -0.0226715563369119 -0.014416056553426 -0.00200846035903762 0.0130119023036967 0.0322855889992262 0.0319058086360319 0.0334382657457626 0.0229367181684794 0.00128069246903084 0.00352412688457687
-9999 -9999 -9999 -9999 -9999 -9999 -9999 -9999 -9999 -9999 -9999 -9999 -9999 -9999 -9999 -9999 -9999 -9999 -9999 -9999 -9999 -9999 -9999 -9999 0.0942745022465317 0.0980470756826741 0.0549640475047825 0.0571835546502478 0.0600568194214248 0.0380832298631907 0.0168345739124424 0.00640155119289693 -0.00147847903806425 -0.004271761900556 0.00236083323123559 0.0104150399267419 0.0101325799327243 0.00913258352918322 0.0117051952526659 0.0194148300363879 0.0222448191923911 0.00376966988290633 -0.0133297403450063 -0.0184584824283831 -0.0207885021512075 -0.022760105280363 -0.0235912798968997 -0.0192689800433851 -0.0117783822008537 -0.00299954350509318 0.0077504248580168 0.01100378316759 0.0105102289650753 -0.00958133417826146 -0.0412395541369248 -0.0512413950207498
