meets/meet004/_saidas_enm/CCSM_Maha_21k_Cavanillesia_umbellata2.asc
NCOLS 154 
NROWS 168 
XLLCORNER -112 
YLLCORNER -55.5 
CELLSIZE 0.5 
NODATA_value -9999 
[rows 75 to 99 of 168, columns 56 to 111 of 154]
-9999 -9999 -9999 -9999 -9999 -9999 -9999 -9999 -9999 -9999 -9999 -52.1269759529933 -16.1730046955762 -9.6892490878723 -8.27891762273704 -6.49076684916325 -1.5151557362846 -2.71194206720006 -3.00501761593991 -2.98770085127757 -2.70687041265783 -3.07875498481529 -3.8909163548068 -4.07312609152696 -4.1129962314051 -4.2150069083945 -3.81920855610612 -3.64342377243591 -3.22965162529491 -2.74738506820354 -2.579046960419 -2.24691426533166 -2.14553180692864 -2.28627944862511 -2.30290511961035 -2.25040321120129 -2.03453588222374 -1.87100249347862 -1.71234117255992 -1.6078459940553 -1.55893902346837 -1.65138703272445 -1.64756992179348 -1.78011522852846 -1.82071783368906 -1.76664861249476 -1.69319278732282 -1.64879249199263 -1.93925940606541 -2.27483181127337 -2.77004694090302 -3.3567368791275 -3.97069412207706 -3.88075485720563 -3.78481881726593 -3.85354387959061
-9999 -9999 -9999 -9999 -9999 -9999 -9999 -9999 -9999 -9999 -9999 -50.7940639035827 -14.1474208705776 -6.54224474169784 -5.81334412700488 -4.28858281556693 -2.44351079476701 0.324841275085212 -1.41962780318643 -1.25010117750494 -1.71067830503121 -2.66985120662871 -2.81897229131785 -3.39852896133019 -3.22783137782175 -3.48033399054752 -3.25520754351547 -3.11641449537656 -2.82364116851788 -2.58436027366159 -2.54519161665975 -2.34044336699066 -2.19764275212566 -2.26001572603243 -2.33304232161691 -2.48253803087207 -2.56385223538062 -2.52870234897849 -2.39426181725391 -2.27718776003678 -2.28475006244803 -2.16179539387834 -2.20973378566746 -2.24557896568348 -2.16302615935396 -2.33277904208843 -2.11196685843584 -2.05504571441759 -2.31414930946894 -2.66332171248189 -3.01505785728675 -3.48226774247764 -3.96095585780556 -4.11929190470413 -3.96970115058864 -3.74742769681578
-9999 -9999 -9999 -9999 -9999 -9999 -9999 -9999 -9999 -9999 -9999 -9999 -27.647827842942 -7.95398217647216 -4.3049568659528 -3.64872670997031 -2.02802804301468 -0.971973742783785 -0.0354791742607179 -0.0375234069405572 -1.44158246043088 -1.36288786105962 -2.59597967329845 -2.62808903924509 -2.50038786185953 -2.64793546148319 -2.49718200973074 -2.32690211217475 -2.21278511057352 -2.11684661613406 -2.21063518776825 -1.96184617521516 -1.88842162807318 -1.90041593797697 -1.98005927244107 -2.20040693864744 -2.38681726760749 -2.55599192570976 -2.54127113604767 -2.44205860131993 -2.4245696813575 -2.33216633035806 -2.47673589859236 -2.58672332183906 -2.57012529373011 -2.74780259997093 -2.72746782514721 -2.67950523498361 -2.88034416427553 -3.29442579873156 -3.56797318336591 -3.83122872564419 -4.05348580122235 -4.16845095526286 -3.98890065378056 -3.7466619992733
-9999 -9999 -9999 -9999 -9999 -9999 -9999 -9999 -9999 -9999 -9999 -9999 -63.4946952180703 -22.3513325699431 -3.17579545698618 -6.72252047606919 -4.71268662847843 -1.39640280972213 0.200865986515922 -0.125109549416865 0.119266953504251 -1.66650512961864 -1.51667050982624 -2.61022038138658 -2.12019852986683 -2.40549889549789 -2.12705040377517 -1.96507415755565 -1.91657413684196 -1.88916539439916 -2.09137037853145 -1.88278218818225 -1.77218204626617 -1.77379479162347 -1.80292546095985 -1.93237386235064 -2.33403525429158 -2.69469167051885 -2.84157153938249 -2.76451441988404 -2.63258712526305 -2.58213289206809 -2.78049469989132 -2.8275847283451 -2.92477357197455 -3.04274020299803 -3.19917045817733 -3.32143317026984 -3.59566612135671 -3.88837509857643 -4.08998383165197 -4.32595361728396 -4.50443703516154 -4.41340812904921 -4.16000090237948 -3.99120406679312
-9999 -9999 -9999 -9999 -9999 -9999 -9999 -9999 -9999 -9999 -9999 -9999 -9999 -55.8631589377755 -5.19326802391194 -6.82431263510288 -9.60453785775136 -8.87000822828865 -6.60656708774609 -3.00171011531787 -1.234082562699 -0.479505994314095 -2.49701329657422 -1.83118940075766 -1.56471987245782 -2.24130970599678 -1.91012535687727 -2.12588944702313 -2.21758886601818 -2.15049921809481 -2.13322676872473 -2.04596644591509 -1.97665054806021 -1.84252135321464 -1.72645637206956 -1.88063230512719 -2.03496964058379 -2.44938438814551 -2.73400493470588 -2.91041577817608 -3.02804681230703 -2.85442414861955 -2.92736837887269 -3.00698844443651 -3.28276125061664 -3.61333688994378 -3.96063778583468 -4.20530355174136 -4.52448310392028 -4.67268042192371 -4.73333256520676 -4.71538784170998 -4.69889828395542 -4.52427791171 -4.1531714336264 -3.74819214435656
-9999 -9999 -9999 -9999 -9999 -9999 -9999 -9999 -9999 -9999 -9999 -9999 -9999 -50.9112717758779 -10.6465326548622 -10.4957971388484 -13.3054684042412 -21.1646952649621 -22.4843818264473 -13.9781793581127 -10.0798396526472 -0.967150222600565 -1.74391857744782 -0.326035210886261 0.270118494792717 -1.06736937499683 -1.58011635340884 -2.37889935325639 -2.65372377093123 -2.3725868587795 -2.66136181811867 -2.57327245795189 -2.23597523359849 -1.97550123533516 -1.773245310712 -1.91975016051964 -1.75122943390532 -2.05910405655819 -2.44650252602163 -2.99595478017908 -3.63197388691366 -3.31381307146444 -3.03423797736196 -3.10492677427449 -3.51192115119571 -3.86064740160527 -4.52087261021649 -5.03304812992235 -5.40528165090858 -5.3932624037082 -5.44154579986319 -5.35642491563391 -5.10586897454028 -4.61860624185881 -4.30573023780549 -4.42162687120493
-9999 -9999 -9999 -9999 -9999 -9999 -9999 -9999 -9999 -9999 -9999 -9999 -9999 -9999 -27.5543614086197 -6.44058205908326 -11.9573269066236 -23.1483205504579 -28.7975732760737 -23.7963449243185 -15.0173534064745 -5.20372279667362 -2.11707339139247 0.664899615911691 -0.165861161803437 -0.662163626595138 0.665930693309567 0.091662561880701 -0.853730458990337 -2.7285883366861 -2.48409389377295 -1.35692140619822 -1.82824165234181 -2.29200728578393 -1.7566772084751 -1.51203628969429 -1.18927151656142 -1.20732861718942 -1.61865083053276 -2.12069173209241 -2.9631032555547 -3.10488388628561 -3.25501602633363 -3.42781160872472 -3.62672146048906 -4.25310946966207 -4.81137424168185 -5.40895604021242 -5.87059025836823 -6.07967954334802 -6.05214896064852 -5.95324090346478 -5.87426035441224 -5.58039827871542 -4.64291607678836 -4.34866610156868
-9999 -9999 -9999 -9999 -9999 -9999 -9999 -9999 -9999 -9999 -9999 -9999 -9999 -9999 -54.1204413033984 -23.4442191154289 -14.9011437931073 -21.47128529095 -31.3565897377674 -29.4201344416874 -22.3490155430269 -15.8711744973884 -14.9854959530568 -10.7230374476146 -3.46275527709021 -2.54188809918065 -0.448387836792701 -1.32284460946312 0.0775010310562626 -1.94564535656702 -1.55912086548082 -1.51696954093572 -1.07890558990411 -1.24447480171024 -1.51393967641118 -1.02213677354585 -0.527646746632097 -0.23691063269276 -0.394244354526054 -1.00162348897177 -2.24886959283716 -2.50273547012012 -3.14638734544898 -3.58875241664503 -3.77966579421658 -4.25482810202703 -4.60748339697789 -5.27247801008282 -5.74017336397747 -6.08583977374997 -6.49581334715759 -6.3480458416363 -6.34779170192361 -6.24142065822001 -4.85680046992383 -3.93417855134067
-9999 -9999 -9999 -9999 -9999 -9999 -9999 -9999 -9999 -9999 -9999 -9999 -9999 -9999 -9999 -61.1160323315726 -22.8791837841677 -17.5214626725422 -28.8743672843514 -33.4378379175605 -34.4525225250288 -31.4479223910819 -32.8537866145045 -31.1087455158722 -22.3680668180609 -15.3277471273008 -8.72789682473823 -6.04891958772736 -1.00934368927922 -0.479620656403203 -3.58338993482616 -0.857260608864309 0.0154901308214674 -1.05567197574689 -1.13229436487143 -1.20862006754534 -0.636271857413821 -0.365079515016861 -0.048773780232459 0.101106687846854 -0.10526047024295 -1.10928877294174 -2.73980974869161 -3.67989998251048 -3.82147213788069 -3.91657041429497 -4.19262738668659 -4.52014927501754 -4.89445245184728 -5.00092107664175 -5.36133562301541 -5.58706590731407 -5.87657112479064 -5.67688063051813 -4.95171813501574 -4.75185317209636
-9999 -9999 -9999 -9999 -9999 -9999 -9999 -9999 -9999 -9999 -9999 -9999 -9999 -9999 -9999 -57.8304343677198 -38.722263019972 -13.5438264308151 -22.778855779876 -32.5163242647786 -45.8875176314938 -47.4781115045096 -63.1037426723597 -64.363936500618 -51.2607827139802 -47.4909384867813 -27.1126238951724 -21.1050955223639 -9.48968878254995 -1.34092619247527 -0.887308499355282 -3.79707186057175 -0.449729051321501 -0.874885818725511 -0.896626416560169 -1.05641011861204 -0.933925692216499 -0.831931352589436 -0.616495274381074 -0.402512634238739 -0.00835964271525191 0.032807807460195 -2.27102775360527 -3.75223675957769 -3.81340755343756 -3.58596454088701 -3.87413920611796 -4.20485719103017 -4.37284300702267 -4.31589651138738 -4.21113740166323 -4.38145787364035 -4.54347527379139 -4.30520772343359 -3.96702006815664 -4.38965856374575
-9999 -9999 -9999 -9999 -9999 -9999 -9999 -9999 -9999 -9999 -9999 -9999 -9999 -9999 -9999 -24.4206409540117 -66.5300604416828 -22.0189038384943 -16.5950590137954 -23.0455803432361 -37.9031472187464 -49.9705143175662 -67.3151557616749 -76.5194335374764 -71.8107359437701 -66.2202385429984 -51.5442432571218 -40.0597481305388 -23.40621931142 -8.53221906873784 -2.94915725344348 -3.58047805606487 -3.65637070751681 -2.52889202763167 -1.37868505448307 -1.08012711792976 -1.06566535947253 -1.27195842610368 -1.37207119912286 -2.1266592360756 -1.87753842198685 -0.0346673384256921 -1.6686717337786 -3.32717031725735 -3.76651169053334 -3.69789295262288 -3.74077421397087 -3.84939951379008 -3.79916414208372 -3.55407153360529 -3.36946428635141 -3.12693539923514 -2.74625273528267 -2.33345154041101 -2.02647357724215 -1.79651526549999
-9999 -9999 -9999 -9999 -9999 -9999 -9999 -9999 -9999 -9999 -9999 -9999 -9999 -9999 -9999 -9999 -31.5258529050509 -54.9989419755941 -23.8847317569737 -15.4421962432624 -28.8950964298432 -39.0607110935338 -61.8238308769595 -74.4616984495346 -77.4732575183893 -86.9513003362841 -72.2722174506941 -69.2702540895902 -46.7203209630814 -25.6854770187633 -9.61711049125793 -6.08519278946377 -4.65333620726471 -2.50803345688558 -2.23891072025454 -1.6687036472301 -1.42297723096631 -0.720686443046359 -0.460666528847531 -0.669947802824281 -1.08703168247742 -0.119616721232532 -2.38369739486247 -3.52534233915895 -3.74756600763122 -3.56128318257618 -3.11965134240818 -3.03245643825725 -2.79379558432558 -2.17861356970688 -2.13967971743677 -1.65471554351298 -0.934544333751249 -0.656259501110404 -0.53232583347789 -0.395847847117273
-9999 -9999 -9999 -9999 -9999 -9999 -9999 -9999 -9999 -9999 -9999 -9999 -9999 -9999 -9999 -9999 -9999 -26.7852752513866 -52.8058475708959 -32.742133077358 -16.7344964483968 -19.3103181876619 -30.1509807433491 -43.4241430402906 -54.3453193671503 -66.1910587191997 -71.2251193638498 -71.7778050642661 -57.8589262760034 -37.857665975095 -21.3445540798147 -7.80307299084267 -3.75139871358143 -3.27008187269261 -1.56638819329206 -2.10828039774659 -1.67763999586485 -1.44811963897418 -1.31309072493123 -0.790286001758373 -1.1388549541383 -1.52918568156597 -2.59011329412362 -3.11795711220127 -2.90186779786003 -2.56515936297412 -2.21255044440643 -1.53584171230513 -1.10985419714797 -0.913891526197017 -0.38815642448196 -0.281589739829343 -0.109588474768811 -0.0444351696505034 -0.0447863174223366 -0.123282736463027
-9999 -9999 -9999 -9999 -9999 -9999 -9999 -9999 -9999 -9999 -9999 -9999 -9999 -9999 -9999 -9999 -9999 -9999 -9999 -60.098601137611 -52.926231623532 -32.7221873118606 -24.4107326878165 -28.951678259555 -37.654261051325 -50.8476211511613 -64.1433725513851 -75.3587293689607 -67.2417512969112 -50.4871891207487 -37.185777849429 -17.2088464137724 -5.00616663914339 -2.38546689593879 -3.71629106225675 -1.21664022619741 -1.51499029650855 -2.22277604953027 -2.14322338940877 -2.08119092486501 -2.72859413108465 -2.33486207456739 -2.46577377345373 -2.48873571247535 -2.12836031654359 -1.91472057476001 -1.53933324715858 -0.949387662165529 -0.615060247128149 -0.177677348787544 0.227354694426967 0.176727026861776 0.0141132782545226 -0.0713744248739066 -0.129065777731409 -0.131800986259342
-9999 -9999 -9999 -9999 -9999 -9999 -9999 -9999 -9999 -9999 -9999 -9999 -9999 -9999 -9999 -9999 -9999 -9999 -9999 -9999 -9999 -64.7504613222189 -66.9680037604482 -47.0559975115687 -35.1136045757707 -38.745679889893 -50.5210720329989 -67.223468707705 -74.1965354650063 -63.9255173805155 -52.4730389984934 -36.1868643782968 -14.4878013642425 -3.76728592582999 -0.887646217667942 -2.49199572684163 -1.18679560469759 -2.2029446264395 -2.38102718058728 -1.96621200973674 -1.71412665957111 -1.71284681336209 -1.67221217842097 -1.56867321368054 -1.54773794464466 -1.40053312637636 -1.20953142404666 -1.13359904904133 -0.813238121645815 -0.0614938361661335 0.266292801786448 0.243912220854518 0.0308990755234855 -0.180953878089533 -0.26423150345429 -0.412682356067916
-9999 -9999 -9999 -9999 -9999 -9999 -9999 -9999 -9999 -9999 -9999 -9999 -9999 -9999 -9999 -9999 -9999 -9999 -9999 -9999 -9999 -9999 -9999 -58.4824386018428 -44.1614402239246 -32.5755337550546 -35.1128404045228 -50.0761871278797 -63.7850979134268 -67.5568660934285 -61.706481066748 -47.308396208678 -34.4996417776108 -17.7930996040909 -6.58307116239704 -0.871763490293541 -2.31783142321343 -2.22624246460711 -2.83028296475272 -2.20460312809382 -1.21717140775451 -1.03533467471866 -0.912161773311253 -0.821701235497613 -0.845605448002364 -0.859037856786211 -0.866809898822929 -0.847473535110826 -0.644944119899127 -0.0338069061716171 0.255553642444407 0.271526741227447 0.0477099170906402 -0.159952439024338 -0.255760999882791 -0.396831575366623
-9999 -9999 -9999 -9999 -9999 -9999 -9999 -9999 -9999 -9999 -9999 -9999 -9999 -9999 -9999 -9999 -9999 -9999 -9999 -9999 -9999 -9999 -9999 -9999 -9999 -63.1064910944278 -36.675687687593 -29.5195309843501 -45.2835093985335 -58.0763332897796 -61.6333150775963 -60.8696890954067 -54.5754380646654 -40.3933656385135 -26.8673513859843 -13.2746963399837 -4.90037914924451 -2.67885986897989 -1.88858580158428 -2.41014695882767 -2.00603783809899 -0.809733117536972 -0.424879165431878 -0.218193093627434 -0.272490193876923 -0.332846882172478 -0.424244393301669 -0.359690157898803 -0.250217800484218 0.108642142650392 0.258153001238063 0.229114005340966 0.0259616562793047 -0.094644966374809 -0.0552996115344242 -0.209872001033355
-9999 -9999 -9999 -9999 -9999 -9999 -9999 -9999 -9999 -9999 -9999 -9999 -9999 -9999 -9999 -9999 -9999 -9999 -9999 -9999 -9999 -9999 -9999 -9999 -9999 -74.3941132170532 -59.843886388719 -27.6623183655839 -29.1976465146408 -43.6319850915712 -57.6861202111356 -68.399112519343 -69.3252985100007 -58.799028111544 -41.0692292687019 -28.0851229604535 -17.382879370489 -8.84384298844413 -6.14764516927806 -2.23238586525494 -3.50738672296975 -1.49082320563167 -0.214969086680213 -0.0227353338183935 -0.00884113214958671 -0.0942786042098822 -0.209617518162324 -0.230153831216881 -0.239302381405599 -0.00618440531621478 0.102417995782674 -0.0281094325397555 -0.0292724681898544 0.00244255765094015 0.0921338527983986 -0.108086113218148
-9999 -9999 -9999 -9999 -9999 -9999 -9999 -9999 -9999 -9999 -9999 -9999 -9999 -9999 -9999 -9999 -9999 -9999 -9999 -9999 -9999 -9999 -9999 -9999 -9999 -9999 -9999 -51.4982400203563 -28.5296960993966 -33.2211857894847 -58.0738669596896 -70.1018660349142 -75.8188306809929 -70.6851545689444 -56.9509943679832 -43.2687471852777 -25.644682751338 -20.2626818925914 -13.1382121780252 -5.64666688938582 -5.53773137057123 -3.26766652660022 -0.356846290234664 -0.491052703399253 -0.107254164751459 -0.133577947000307 -0.174636499964019 -0.348448676329416 -0.432461375109572 -0.427913725713188 -0.468391436327608 -0.233461942219332 -0.0551861699121907 0.1070700608716 0.232845359437689 -0.0671609546890906
-9999 -9999 -9999 -9999 -9999 -9999 -9999 -9999 -9999 -9999 -9999 -9999 -9999 -9999 -9999 -9999 -9999 -9999 -9999 -9999 -9999 -9999 -9999 -9999 -9999 -9999 -9999 -53.6352750707789 -39.4734679794178 -27.7889494653733 -44.2156834193138 -62.9881255242172 -73.7848407061254 -74.356314700739 -64.5132861951708 -50.8245252830536 -32.884761472402 -22.0099493859219 -16.3955940471064 -10.1486593857934 -9.28007118354938 -6.29766286937142 -1.16938065299742 -0.621213021355841 -0.54418425468666 -0.332959445707637 -0.262188198170276 -0.443650852914869 -0.641554136662358 -0.829596473914914 -0.701774238981677 -0.28444205988674 0.0695051617220516 0.288967284793563 0.329286863393911 0.0578182662629002
-9999 -9999 -9999 -9999 -9999 -9999 -9999 -9999 -9999 -9999 -9999 -9999 -9999 -9999 -9999 -9999 -9999 -9999 -9999 -9999 -9999 -9999 -9999 -9999 -9999 -9999 -9999 -9999 -40.5526741642652 -24.7363192597262 -32.4801873635445 -53.6085105757986 -70.8365503350224 -77.0999368239258 -66.6199028383857 -50.8828508396544 -35.0291886415182 -23.2737304657797 -14.2977283937648 -12.8110160855067 -12.3807432046972 -10.4175438840529 -3.98774839519573 -1.86429972130839 -0.891090166926528 -0.677813018903694 -0.704723999245738 -0.824636313215766 -0.958965359151666 -1.0716253379694 -1.03614428260074 -0.361362401882146 0.236626709491376 0.480375901589491 0.429247647952692 0.189246003598063
-9999 -9999 -9999 -9999 -9999 -9999 -9999 -9999 -9999 -9999 -9999 -9999 -9999 -9999 -9999 -9999 -9999 -9999 -9999 -9999 -9999 -9999 -9999 -9999 -9999 -9999 -9999 -9999 -42.1069874468659 -24.7005343106893 -28.5258464800829 -48.1723589878848 -69.1636690878692 -76.9095761223703 -66.2989757148288 -49.6873514143638 -34.8251040742095 -22.8593252737111 -13.1260686052598 -13.3583792573489 -14.1364680846015 -12.9035042463269 -7.05140182380647 -4.46349444866396 -3.22066094677857 -2.20949740907381 -1.6589028740113 -1.1699430436169 -1.00641108882423 -1.22825594952565 -1.21251764089796 -0.561194515858735 0.0520332643219351 0.385727856886598 0.390670039207698 -0.0539352815430889
-9999 -9999 -9999 -9999 -9999 -9999 -9999 -9999 -9999 -9999 -9999 -9999 -9999 -9999 -9999 -9999 -9999 -9999 -9999 -9999 -9999 -9999 -9999 -9999 -9999 -9999 -9999 -9999 -44.9776658202863 -24.1234616793965 -27.6731487416623 -47.7302868798975 -73.6020658394907 -83.2450088206361 -68.7525653376839 -50.1979141687967 -34.2293600617398 -21.9262533909036 -11.8931340005185 -14.1599568749527 -17.8590077530841 -15.76062688285 -10.5026148277345 -7.98202079546568 -7.32009758123105 -6.33846846134409 -3.23045097628378 -1.90972849968981 -0.969251123005549 -1.26337299168057 -1.67359541571365 -0.842106098184722 -0.273157018382136 0.049509074614779 -0.0416058924717433 -0.7220264500715
-9999 -9999 -9999 -9999 -9999 -9999 -9999 -9999 -9999 -9999 -9999 -9999 -9999 -9999 -9999 -9999 -9999 -9999 -9999 -9999 -9999 -9999 -9999 -9999 -9999 -9999 -9999 -9999 -43.1517674792615 -23.9775896095062 -26.2423343635622 -50.3628748576798 -76.1079542273507 -85.5179980505799 -72.3580958743129 -52.6992609163268 -34.7944710942752 -20.4978286847515 -10.244075734375 -13.2821032172583 -18.5798308711264 -17.3721663970644 -13.2068804151392 -11.3839098281771 -10.9622519219582 -9.54281649413435 -5.51635109344807 -2.56038206474422 -1.66414830780823 -1.52486954937094 -1.40367396783598 -1.04044662832631 -0.679480678443516 -0.651819904295077 -1.01637074101472 -1.99715129865087
-9999 -9999 -9999 -9999 -9999 -9999 -9999 -9999 -9999 -9999 -9999 -9999 -9999 -9999 -9999 -9999 -9999 -9999 -9999 -9999 -9999 -9999 -9999 -9999 -9999 -9999 -9999 -9999 -41.8233991001798 -23.0739667269077 -27.0597908728613 -54.1864312763504 -81.2515344206671 -90.1007389607365 -74.7960091462298 -57.1471898603453 -34.3370428949982 -18.2147344294648 -8.89654092446983 -13.6613473716055 -22.9068914327901 -18.617949636538 -14.7895598039292 -13.7195063642566 -14.3548952347424 -13.9068181089608 -8.36372481937795 -4.29538567732877 -2.30300528536241 -1.41996531420493 -1.28754112168613 -1.25166175833175 -1.36312443551306 -1.47535878039066 -2.01864462615652 -2.83150648375562
