meets/meet004/_saidas_enm/CCSM_SVM_0k_Aralia_warmingiana2.asc
NCOLS 154 
NROWS 168 
XLLCORNER -112 
YLLCORNER -55.5 
CELLSIZE 0.5 
NODATA_value -9999 
[rows 96 to 119 of 168, columns 56 to 111 of 154]
-9999 -9999 -9999 -9999 -9999 -9999 -9999 -9999 -9999 -9999 -9999 -9999 -9999 -9999 -9999 -9999 -9999 -9999 -9999 -9999 -9999 -9999 -9999 -9999 -9999 -9999 -9999 -9999 0.0977269877116053 0.147347742369905 0.206291840100187 0.116810565982766 0.0805104640309843 0.0818100416070862 0.0833993149461613 0.089393603123992 0.0767103807378888 0.0581180088414688 0.077347542421194 0.280737321723346 0.827140869811794 0.938323096009125 0.487971768920851 0.174637532062749 0.0824872538725282 0.0520450376844141 0.0438358041559381 0.0572511679859272 0.0233494870128611 -0.0362557275055772 -0.0550967357469326 -0.0680372862002711 -0.0552168681947054 -0.0527121343681023 -0.0621798323312925 -0.0463409326176932
-9999 -9999 -9999 -9999 -9999 -9999 -9999 -9999 -9999 -9999 -9999 -9999 -9999 -9999 -9999 -9999 -9999 -9999 -9999 -9999 -9999 -9999 -9999 -9999 -9999 -9999 -9999 -9999 0.099718945487689 0.141481739244951 0.226805596735735 0.112340124061508 0.0848644935765639 0.0885979321482561 0.0842646681082311 0.0907639442661456 0.0750829046354787 0.0549464609393152 0.0718977140334309 0.270965850260912 0.851313795075737 1.02981746660506 0.540408693922616 0.186374356345446 0.0833542955584405 0.0518944199817368 -0.0220011617692449 0.0405599314578507 0.0598096650375734 -0.0255074189930056 -0.0291719878253435 -0.0518819805536704 -0.0397944826261541 -0.0284240333152415 -0.0198473600070151 0.0127922509533779
-9999 -9999 -9999 -9999 -9999 -9999 -9999 -9999 -9999 -9999 -9999 -9999 -9999 -9999 -9999 -9999 -9999 -9999 -9999 -9999 -9999 -9999 -9999 -9999 -9999 -9999 -9999 -9999 0.0983470040173474 0.135907548620378 0.206894870834188 0.104569229533009 0.0853828787868142 0.0888592289834528 0.0861295188187434 0.0836809878015683 0.0671556423335221 0.0524092604896801 0.0746855765357165 0.286623575174519 0.888484428166629 1.03950543283023 0.529676017152641 0.170550797389797 0.0814595213295363 0.05286787204806 -0.0157635937956666 -0.0237212432289771 -0.018444296716526 -0.0151681303817457 -0.0208589738078983 -0.0202682305102889 -0.017353069429528 -0.000671115277949941 0.0354163507477512 0.0986483886095554
-9999 -9999 -9999 -9999 -9999 -9999 -9999 -9999 -9999 -9999 -9999 -9999 -9999 -9999 -9999 -9999 -9999 -9999 -9999 -9999 -9999 -9999 -9999 -9999 -9999 -9999 -9999 -9999 0.0979698107472521 0.119849866640009 0.18887322237511 0.0989746929181748 0.0852800370890215 0.0884451050397604 0.0870000593462756 0.0812769599069912 0.0612288909754344 0.0469954825224596 0.0711137720652918 0.319957819520387 0.933627088113716 0.987624999255755 0.420067733455569 0.098002508984901 0.0592188627664069 0.0492404685761182 0.00545779304824351 0.000936348985359159 0.000289440730382728 -0.00641271026164975 0.0503469587911214 0.0122883358819681 0.0173450606377211 0.0564281697153766 0.119553531947995 0.190302385055753
-9999 -9999 -9999 -9999 -9999 -9999 -9999 -9999 -9999 -9999 -9999 -9999 -9999 -9999 -9999 -9999 -9999 -9999 -9999 -9999 -9999 -9999 -9999 -9999 -9999 -9999 -9999 -9999 0.0972197037735714 0.112765239142732 0.138218403271219 0.0946363846986903 0.0855133350010644 0.0878242741377807 0.0872812641578493 0.0778656632341984 0.0566068275416222 0.0465438641866155 0.080879511928389 0.380556926144157 0.953809268523767 0.851537915896271 0.313821854269397 0.0433964667950886 0.0209369586235436 0.0276966973996472 -0.0379423871737 -0.0652611466594649 -0.0224671274670775 0.0117768562132695 0.0225555746690093 0.039246332139818 0.0655872460752874 0.117489042946415 0.196015156113235 0.291552873250139
-9999 -9999 -9999 -9999 -9999 -9999 -9999 -9999 -9999 -9999 -9999 -9999 -9999 -9999 -9999 -9999 -9999 -9999 -9999 -9999 -9999 -9999 -9999 -9999 -9999 -9999 -9999 -9999 0.0987674631743495 0.108276851283644 0.117035027241137 0.092630192596626 0.0866386536282022 0.0886364312010728 0.0870238122802492 0.0757427812908624 0.0536745249987349 0.0458761650585459 0.090276053701934 0.446175864209345 0.910218002905505 0.660183195857718 0.171369718249166 -0.0257375834703236 -0.00628901006404275 0.0146549097319556 -0.0663272963736723 -0.066303176248393 -0.0075266880065033 0.0105137000186792 0.109853537611957 0.0976035686793248 0.110269575549557 0.159637220150701 0.242246778166074 0.371535166698338
-9999 -9999 -9999 -9999 -9999 -9999 -9999 -9999 -9999 -9999 -9999 -9999 -9999 -9999 -9999 -9999 -9999 -9999 -9999 -9999 -9999 -9999 -9999 -9999 -9999 -9999 -9999 0.11120627726643 0.1002887348551 0.112129657709173 0.121293111655114 0.092698793768909 0.0871877039443697 0.0892728369812684 0.0872314946315063 0.0744116371291636 0.0531102584522169 0.0500008128938343 0.127840671334559 0.532483616815652 0.835369318583666 0.487881290078301 0.0839909799521695 -0.059429521738203 -0.0200533247681238 0.0135784807495293 -0.0391107749205089 -0.0555375946652115 -0.0190188529360105 0.0126634104148067 0.0743698745723027 0.114913951461209 0.119228779259895 0.161843492800877 0.26149350660258 0.383165105613928
-9999 -9999 -9999 -9999 -9999 -9999 -9999 -9999 -9999 -9999 -9999 -9999 -9999 -9999 -9999 -9999 -9999 -9999 -9999 -9999 -9999 -9999 -9999 -9999 -9999 -9999 -9999 0.111192911258776 0.101909294084277 0.117896750694366 0.116142514667821 0.0897422274481318 0.0858413216681075 0.0894848649848567 0.0866941509623382 0.0731564133205798 0.0542620360661119 0.0580699143495273 0.176915945368765 0.621152442972742 0.752415728690678 0.382906395078376 0.0549332836586284 -0.0541944157376472 0.00352595806354533 0.0509984010012475 0.0168024935589648 -0.0173546500156503 -0.000236349965874183 0.0301422011804849 0.0728587081312781 0.108624029870551 0.111554017257214 0.182561856984011 0.296224876526105 0.406583416900272
-9999 -9999 -9999 -9999 -9999 -9999 -9999 -9999 -9999 -9999 -9999 -9999 -9999 -9999 -9999 -9999 -9999 -9999 -9999 -9999 -9999 -9999 -9999 -9999 -9999 -9999 -9999 0.112037176798161 0.103973877843502 0.123394994772697 0.103615263179807 0.0830224729149846 0.0812672541919274 0.0881695626978584 0.086574138666684 0.0690994453957163 0.0540909163236009 0.0820516080129197 0.260177860078175 0.711338109656389 0.747586978090371 0.360589594439257 0.108133048985659 0.00926828250282391 0.0354128489505737 0.0882057022972491 0.0549789903067963 0.0264768814366516 0.0319403418264751 0.0616121250505999 0.118016466874018 0.144070747113216 0.19401728718804 0.278269412694574 0.382117662712048 0.494803384345101
-9999 -9999 -9999 -9999 -9999 -9999 -9999 -9999 -9999 -9999 -9999 -9999 -9999 -9999 -9999 -9999 -9999 -9999 -9999 -9999 -9999 -9999 -9999 -9999 -9999 -9999 -9999 0.116805615247801 0.107667361036141 0.119137949346933 0.0887517617496432 0.075342391350091 0.0761759340736932 0.086268091867067 0.0844767478924157 0.0614147821835794 0.0513142508677252 0.0938053701631569 0.295108472146996 0.737223113950029 0.686651564126662 0.333891946144584 0.142975865350494 0.046921930436028 0.0501433571671457 0.0754794711150145 0.0416429983979814 0.032479082870108 0.0460655353695094 0.0708771687592224 0.127003868681804 0.174062878746451 0.254057403974876 0.359321279373016 0.450380463568674 0.555561509361019
-9999 -9999 -9999 -9999 -9999 -9999 -9999 -9999 -9999 -9999 -9999 -9999 -9999 -9999 -9999 -9999 -9999 -9999 -9999 -9999 -9999 -9999 -9999 -9999 -9999 -9999 -9999 0.130636889290532 0.115182616877364 0.109508278028658 0.0811014391659602 0.0732030594903019 0.0739463007746558 0.0851564103143684 0.081411070249179 0.0538947162616338 0.050220155477099 0.0905824603456953 0.282475935272085 0.688434889750862 0.568627191241866 0.301576865331849 0.159670105811975 0.0758565405854484 0.0424113202086155 0.0144404342921424 0.0237221531904914 0.0314894075035778 0.0499718531528085 0.08002779428364 0.108614926515999 0.163989573054295 0.267929718229695 0.382151708803966 0.485771224945434 0.565057209537228
-9999 -9999 -9999 -9999 -9999 -9999 -9999 -9999 -9999 -9999 -9999 -9999 -9999 -9999 -9999 -9999 -9999 -9999 -9999 -9999 -9999 -9999 -9999 -9999 -9999 -9999 -9999 0.159999195400359 0.122220094882977 0.102436030812039 0.0820888445494339 0.0750735362050702 0.0744210633261445 0.0857322583552428 0.0790821231300068 0.0553142123575573 0.0542812742143806 0.0887255813800957 0.266525932935904 0.621418923058462 0.491330458975315 0.265637512450962 0.17222006902581 0.103846848071519 0.0759981243427442 0.049095552753405 0.0568365712532531 0.0635176882671876 0.0801716711853833 0.106728598168768 0.135767226394357 0.183786917089096 0.285261706158177 0.406607955232483 0.504147258315141 0.585507694074647
-9999 -9999 -9999 -9999 -9999 -9999 -9999 -9999 -9999 -9999 -9999 -9999 -9999 -9999 -9999 -9999 -9999 -9999 -9999 -9999 -9999 -9999 -9999 -9999 -9999 -9999 -9999 0.190768700504344 0.126349769886438 0.0977974676262421 0.0863077896066224 0.0779319447809096 0.0748169860231383 0.0863899957449288 0.0752843507622849 0.0632215066729112 0.0593254362871902 0.0914508619581804 0.244377284887309 0.539533691681583 0.411802603539376 0.231678421587447 0.176885944573513 0.137770408842505 0.132082737158358 0.15027626668796 0.127232228637202 0.13340362698051 0.134975398347361 0.136408089135284 0.161866500513362 0.214213602069358 0.320810902492853 0.430544413555166 0.513000634731923 0.605789893500309
-9999 -9999 -9999 -9999 -9999 -9999 -9999 -9999 -9999 -9999 -9999 -9999 -9999 -9999 -9999 -9999 -9999 -9999 -9999 -9999 -9999 -9999 -9999 -9999 -9999 -9999 -9999 0.194700171364025 0.11988193001401 0.0975186114813092 0.0886251114104634 0.0794491855149936 0.0737175650643532 0.0889268413345101 0.0701503307573775 0.0594794803456296 0.0618317922908523 0.102436205803931 0.223677624891598 0.404671445626239 0.311994412342104 0.183310186648643 0.158948813929411 0.144025557766607 0.148460635892634 0.167030627828183 0.159376972829175 0.161883448207395 0.163835117887245 0.166086773318307 0.191329060826308 0.242953727812272 0.331808242341729 0.426445493364733 0.507484798644121 0.604540766695127
-9999 -9999 -9999 -9999 -9999 -9999 -9999 -9999 -9999 -9999 -9999 -9999 -9999 -9999 -9999 -9999 -9999 -9999 -9999 -9999 -9999 -9999 -9999 -9999 -9999 -9999 0.122317088546053 0.181596293288894 0.112540750367479 0.0978241001333268 0.0929715817244472 0.0835557766985606 0.08108491911739 0.0999182772103294 0.0652998623728176 0.0569567044385822 0.0724680342192598 0.111614131946493 0.166081030950029 0.261603806461521 0.179332876297547 0.113457683506689 0.114403755800676 0.120764195521195 0.120486282279752 0.129607861021306 0.131095499240681 0.137413430174033 0.151353480652642 0.178939436811925 0.216448280747802 0.258903242581441 0.323492325338371 0.399884666602478 0.47901089155309 0.569105116743286
-9999 -9999 -9999 -9999 -9999 -9999 -9999 -9999 -9999 -9999 -9999 -9999 -9999 -9999 -9999 -9999 -9999 -9999 -9999 -9999 -9999 -9999 -9999 -9999 -9999 -9999 0.140540296671181 0.152363366535497 0.101409474159023 0.0988101680526855 0.0969794005755604 0.09261618916699 0.102237684325582 0.125213520577124 0.0784992414676477 0.0577126138532596 0.0994930553937844 0.152446372328146 0.193679381687142 0.172439451804064 0.0976144210803402 0.0589132060357118 0.0631979325274536 0.0704116015453607 0.0741896103818985 0.0836022339424478 0.100660563352423 0.125113999879505 0.151945940018919 0.182616413279835 0.22082765196291 0.270827922449215 0.333475783703112 0.407538799303215 0.47715065068403 0.560923595716993
-9999 -9999 -9999 -9999 -9999 -9999 -9999 -9999 -9999 -9999 -9999 -9999 -9999 -9999 -9999 -9999 -9999 -9999 -9999 -9999 -9999 -9999 -9999 -9999 -9999 -9999 0.159188172808542 0.115409294660241 0.0942870864417675 0.0979978106449707 0.102269073920028 0.108215690152397 0.134846599834176 0.170382340452167 0.134233859444817 0.101300389780666 0.157370368141486 0.213431331678648 0.188707093611809 0.133068047446745 0.0700477470972195 0.0439242939267134 0.0373751166169335 0.0391804794095409 0.0423433490616052 0.0487006099464151 0.0724689479721944 0.112065467442771 0.152096110679596 0.177774431161004 0.207746934453388 0.261336866780802 0.337413295910766 0.407063675236381 0.455514626848863 0.530296093044681
-9999 -9999 -9999 -9999 -9999 -9999 -9999 -9999 -9999 -9999 -9999 -9999 -9999 -9999 -9999 -9999 -9999 -9999 -9999 -9999 -9999 -9999 -9999 -9999 -9999 -9999 0.155104601807404 0.0950756334926731 0.0877480213374817 0.0930430487571571 0.106019515279358 0.143815248865224 0.212671068852564 0.263557186746839 0.223582363894588 0.179002499151192 0.202906837618984 0.21233604361435 0.149680469762605 0.120920729609627 0.106107325015256 0.0757426128017569 0.0534714653969089 0.047166457455361 0.0505366518852001 0.053263862068499 0.0564682956618383 0.092071309248648 0.139709469570534 0.168864098415424 0.192943728017724 0.236269217313829 0.293245083275137 0.353646071609502 0.403846367969109 0.459378600054247
-9999 -9999 -9999 -9999 -9999 -9999 -9999 -9999 -9999 -9999 -9999 -9999 -9999 -9999 -9999 -9999 -9999 -9999 -9999 -9999 -9999 -9999 -9999 -9999 -9999 0.257635085683682 0.126327325589357 0.0874651636086048 0.0840136593521286 0.08505893215859 0.118113920730209 0.201899296833978 0.295567865673708 0.306746894490803 0.254064478581967 0.207576899341695 0.238307224582133 0.183541013206095 0.12375956933614 0.132587283727944 0.152660318219255 0.108319563250262 0.0827843902914268 0.0778753531763922 0.0865706859240432 0.107404744861838 0.0595956846884446 0.0720776974719013 0.123837855132729 0.148465926906082 0.165986919890057 0.200072701984087 0.232651560329913 0.276809912682472 0.317201367122589 0.351814727019114
-9999 -9999 -9999 -9999 -9999 -9999 -9999 -9999 -9999 -9999 -9999 -9999 -9999 -9999 -9999 -9999 -9999 -9999 -9999 -9999 -9999 -9999 -9999 -9999 -9999 0.204126359609711 0.106240097244358 0.0862381211433906 0.0833236778759593 0.0809753900055634 0.136087897520572 0.234842836989651 0.288004780774236 0.299851942417373 0.262197545017985 0.218180051302301 0.214928334796626 0.181730398528439 0.14243408571551 0.134754200934204 0.137203264821207 0.111504267973854 0.0903305882028837 0.0862070137272456 0.0996145145732064 0.101399560783263 0.0530077756170286 0.0481767549705188 0.0904353866958721 0.119964470953759 0.131912130132814 0.15956967253437 0.186015666809371 0.219775163485116 0.249676086353764 0.27107614139466
-9999 -9999 -9999 -9999 -9999 -9999 -9999 -9999 -9999 -9999 -9999 -9999 -9999 -9999 -9999 -9999 -9999 -9999 -9999 -9999 -9999 -9999 -9999 -9999 -9999 0.178172499616773 0.0977780439347716 0.087007270145401 0.0834531194045904 0.0815798233179965 0.158256567056338 0.223693452219214 0.23737512206154 0.242108300460667 0.21340341830861 0.171302758361539 0.174071000614308 0.160580999625517 0.140258231687063 0.133734600350547 0.12407048535686 0.102014770331133 0.0771177545153666 0.0684888931323123 0.0768616295378499 0.090306659401885 0.0377426540491551 0.0339159665245043 0.0678673908634972 0.0898996208130936 0.0990196335759546 0.124717014194312 0.144796658746958 0.16868861605391 0.184492063855097 0.199443173539111
-9999 -9999 -9999 -9999 -9999 -9999 -9999 -9999 -9999 -9999 -9999 -9999 -9999 -9999 -9999 -9999 -9999 -9999 -9999 -9999 -9999 -9999 -9999 -9999 -9999 0.162122539108985 0.0944099574897674 0.081271350865995 0.0742516202619996 0.0699608632483536 0.128112611961545 0.176661162501837 0.171489186191446 0.180823797422358 0.17186186580118 0.149938110953961 0.142568943928978 0.125139446902604 0.113356118234187 0.119202086990109 0.119856148573943 0.0899846752752019 0.0575291980164198 0.0427039017533875 0.0352620348571505 0.0267157661091634 0.0171528219254087 0.0281223312898901 0.0538825418290567 0.0698218009229471 0.0788408328583631 0.0958568651012876 0.108375787047746 0.123928291824497 0.130165729745444 0.128715713763837
-9999 -9999 -9999 -9999 -9999 -9999 -9999 -9999 -9999 -9999 -9999 -9999 -9999 -9999 -9999 -9999 -9999 -9999 -9999 -9999 -9999 -9999 -9999 -9999 -9999 0.150104448788621 0.0923551791738005 0.0758150304756904 0.0645477585986723 0.0555532363101057 0.102768722825676 0.133875137652853 0.126930562477172 0.143670265196756 0.143127978828456 0.12849652068533 0.120508789707652 0.097795324631769 0.0880964888193433 0.10067123860479 0.106402800752096 0.0738353430881333 0.0392717787692813 0.0272394394164977 0.0178419565027731 0.0150414387113758 0.0164246884665822 0.0270286809386387 0.0446576997460448 0.0527023869345061 0.0630297719824496 0.0748212870164781 0.0794333232296063 0.0863296924399498 0.0821987407440755 0.0785739544495933
-9999 -9999 -9999 -9999 -9999 -9999 -9999 -9999 -9999 -9999 -9999 -9999 -9999 -9999 -9999 -9999 -9999 -9999 -9999 -9999 -9999 -9999 -9999 -9999 -9999 0.139006658091467 0.088978703283362 0.0706683155681261 0.0563759196125759 0.0434191065174664 0.0889761966841311 0.102929402189567 0.104787771745487 0.123354943438784 0.126274668061962 0.119022075832749 0.106896499231863 0.0876577875149044 0.0788033551821005 0.0823078041532788 0.0810145406561272 0.0525043928533122 0.0269927271130098 0.0216843085393849 0.0177791419020398 0.0157928500535205 0.0164698321877275 0.0226883380673517 0.0341894844657927 0.0421025442643272 0.0502512437938852 0.0562027757291973 0.0566061537599714 0.059939732268876 0.0556048720238755 0.050521054743351
