meets/meet004/_saidas_enm/CCSM_SVM_0k_Aralia_warmingiana5.asc
NCOLS 154 
NROWS 168 
XLLCORNER -112 
YLLCORNER -55.5 
CELLSIZE 0.5 
NODATA_value -9999 
[rows 75 to 99 of 168, columns 56 to 111 of 154]
-9999 -9999 -9999 -9999 -9999 -9999 -9999 -9999 -9999 -9999 -9999 0.123907562389416 0.0511128680904821 0.0334771338781198 0.0809763659137859 0.150717744592533 0.311377426491854 0.535807245033723 0.452115555305032 0.353870871441392 0.320125657992248 0.300898079383003 0.291438849135322 0.26879157729884 0.27280553652149 0.270178572985627 0.254818785520407 0.234362262118672 0.215332553380393 0.205415999611607 0.186558451369059 0.164158279747153 0.135909761024855 0.12243786702096 0.125417463405259 0.125978918549416 0.135375470155731 0.141002452369361 0.161350814995758 0.192531616331318 0.216956107955062 0.253293438645399 0.272599950364101 0.289930677665863 0.303443567224736 0.288005323056632 0.251244549671704 0.195082081552925 0.140055234469347 0.084415084051325 0.0415426554172598 0.0214189187578424 0.00836140387836098 0.00832843976809561 0.0185927086639991 0.0295121916008439
-9999 -9999 -9999 -9999 -9999 -9999 -9999 -9999 -9999 -9999 -9999 0.125702271677764 0.100110108731076 0.0627162811841168 0.0683268326727653 0.1131045779458 0.228971907882742 0.472404048718696 0.560189313515144 0.497076661162298 0.320004452583656 0.342103133057617 0.334731948669485 0.288231220734445 0.286187127844492 0.262449619399096 0.249390959762119 0.228477823962019 0.203930760796426 0.188874172816136 0.165654284317324 0.138113473537841 0.113618749470653 0.100023381600308 0.105936821606069 0.116093308110516 0.114640220358394 0.125932331595554 0.149930406839012 0.18660988836053 0.238727433089306 0.255802583480226 0.285021058401269 0.316272466536329 0.321417404668334 0.322132255251738 0.283703036007011 0.230333518375649 0.181621211463559 0.128982444956395 0.0853264300040231 0.0618493086862819 0.0418246940478719 0.0317425984709739 0.0266569814227208 0.00631457126319845
-9999 -9999 -9999 -9999 -9999 -9999 -9999 -9999 -9999 -9999 -9999 -9999 0.171099035273456 0.112345203580819 0.112668962426777 0.141867263056662 0.17232955737072 0.191004288834598 0.295377827483213 0.443711767181094 0.489368704005028 0.444215520763179 0.371330432142132 0.297756627970214 0.305616517046784 0.296777924747686 0.268826415017457 0.233261402285457 0.199742517144791 0.176175341708243 0.149254795526059 0.123028224960331 0.0996473393185205 0.086175921072025 0.0887440271233648 0.0921343314276118 0.0885921147189798 0.0895923487313516 0.107165959600032 0.139292540503068 0.177040548205263 0.196841211446136 0.217728384783142 0.24798810313898 0.282443057416131 0.311967620556974 0.30076447246885 0.269589406528171 0.232564271120243 0.184801394368776 0.139708005217213 0.1111407577427 0.0885645388673714 0.0674519129519884 0.0449469667110302 0.0143559282670207
-9999 -9999 -9999 -9999 -9999 -9999 -9999 -9999 -9999 -9999 -9999 -9999 0.163458397935466 0.210433330573985 0.205797231770043 0.201061180728492 0.108493695960639 0.0771113877005307 0.0701912077987817 0.151785246926919 0.469710958001657 0.532106563353891 0.400669257340832 0.300493884142497 0.377020235414084 0.371043334107982 0.297027447420965 0.245301012106342 0.200401732537475 0.172243520131002 0.13825678136235 0.115766106781484 0.0945547037678756 0.0780314846480178 0.0755325137442905 0.0678880950743291 0.058221411042935 0.0467200257597976 0.0523524814388081 0.0772994045359571 0.0967472975770432 0.114170292898847 0.125599437493831 0.155779480048092 0.197730730071105 0.22986302245924 0.270679847777041 0.278707952489211 0.272535690935508 0.237537206459035 0.188537334546245 0.163571558894416 0.132674786082245 0.106962877437939 0.0659477039719217 0.019391828694921
-9999 -9999 -9999 -9999 -9999 -9999 -9999 -9999 -9999 -9999 -9999 -9999 -9999 0.188009780702241 0.250255537288598 0.125538954333614 0.0549232139622655 0.051295485519435 0.0448174910478103 0.0267459992555711 0.0368191805966406 0.20220741998247 0.439378602024461 0.427236414594996 0.447879481286396 0.427355446180351 0.344567238675941 0.254319220001147 0.196904307877049 0.176084478040692 0.147887165761475 0.124073798210805 0.10297825784954 0.0827596224621059 0.0709636998386094 0.0555525157993162 0.0405502554966136 0.0249671111263161 0.0215509519026268 0.0331599313073472 0.0392369872802253 0.045743780819499 0.0554962572033709 0.0922771385905753 0.147081940342564 0.196167876168696 0.249264457128441 0.285427214234839 0.300859028467117 0.280316218224569 0.242805103608592 0.216951228234656 0.167846343430484 0.113470828176699 0.0696959403903185 0.0264476278724681
-9999 -9999 -9999 -9999 -9999 -9999 -9999 -9999 -9999 -9999 -9999 -9999 -9999 0.0930088919261502 0.278509010058258 0.0794567982580932 0.0430697717795185 0.0584857223901854 0.0634344400850037 0.0572662411898836 0.0564579090669732 0.0145496182342795 0.130376819816469 0.238071273879363 0.264732750886044 0.412990509302718 0.342254959818758 0.241333735906693 0.162821104364687 0.166418961692692 0.154737618198648 0.118711269933288 0.115328201769892 0.0930405934844477 0.0769808089183648 0.0529937961162688 0.0383684506305141 0.0194949652679868 0.00804569985573339 0.0100843196828696 0.00554006827607523 0.010992164867729 0.0158115311349782 0.0531517565349272 0.122508775943092 0.191703969170345 0.241019541138998 0.301607563627417 0.334875541129087 0.310748324431567 0.273084834980154 0.217377592972917 0.163275238610212 0.117252004366221 0.0794003402603469 0.036985591150457
-9999 -9999 -9999 -9999 -9999 -9999 -9999 -9999 -9999 -9999 -9999 -9999 -9999 -9999 0.286628224564325 0.140650946056192 0.0459580231675017 0.0538016071037745 0.0628913445995478 0.0664162107816589 0.0646092734221171 0.0539360821050662 0.0501865814702404 0.0514376337383049 0.0455020647228732 0.0544976923038193 0.100587404125193 0.139758872450883 0.102538174442424 0.109949292385285 0.0915788384724353 0.127568989877735 0.115096715083572 0.0986558115256888 0.0924799751970845 0.0711886167695457 0.0543222765554516 0.036313883824762 0.0197499142637024 0.0113716441555005 0.00937876304896323 0.0124575802041802 0.0214494875256641 0.0563787914998298 0.113694401381172 0.172717510594889 0.23236656163921 0.273147461027647 0.290550328194253 0.273196116620275 0.236633719352857 0.202908032086011 0.16497941097091 0.132133232241635 0.107799787085709 0.0767173971395965
-9999 -9999 -9999 -9999 -9999 -9999 -9999 -9999 -9999 -9999 -9999 -9999 -9999 -9999 0.146733670631772 0.190677476499768 0.0633815905931347 0.0359910358322287 0.0550658686487476 0.0679986102597574 0.0723880005351223 0.0745998097779705 0.0798039241506022 0.0797021321312828 0.0711024130895079 0.0684196869335286 0.0536570908895764 0.00903146973030827 -0.00906668557548351 0.00053697874524461 -0.0212328569260475 0.078385162190621 0.115701893043046 0.115161926626274 0.120082318208301 0.0993399254344913 0.0875124539567383 0.0809914118608859 0.0633905131492682 0.0416506392217583 0.0230838624947114 0.0258450955083151 0.0330691733424026 0.052599044321256 0.0935041805772815 0.13973188079218 0.188620155343352 0.219648402809327 0.237971920268272 0.231409592796216 0.204170417111078 0.193158916654508 0.171983085537412 0.156745660188609 0.148977539950743 0.136422700377909
-9999 -9999 -9999 -9999 -9999 -9999 -9999 -9999 -9999 -9999 -9999 -9999 -9999 -9999 -9999 0.178134574436151 0.154743273777159 0.0169519478480347 0.0332145798266361 0.0652041294050734 0.0780427478614021 0.0809369672407676 0.0834222616122812 0.0839245527207131 0.0835003373819895 0.0830949570047236 0.0791879527450376 0.0733948998475766 0.0617824551890757 0.00691434962009529 0.0305900441225248 0.140040516802291 0.135128870430432 0.0986021738775101 0.127164891830674 0.142827155390796 0.133197930329816 0.125680473767615 0.119447576732336 0.124873417008516 0.110316013217065 0.0557350123361276 0.0281657209497356 0.0458759029288215 0.0791362037548935 0.117655374285402 0.157251719519801 0.186210028757436 0.208327370972558 0.217654299731998 0.214005643868211 0.204900483529009 0.196177413137427 0.189862657011179 0.185459493820819 0.192640718023579
-9999 -9999 -9999 -9999 -9999 -9999 -9999 -9999 -9999 -9999 -9999 -9999 -9999 -9999 -9999 0.0406116881192172 0.236460472947486 0.0533710346875913 -0.00657167995532054 0.0502036587508087 0.0782716961550363 0.0807399052812672 0.0841204660349711 0.0847926104045778 0.084951386368649 0.0853744036365431 0.0850066579575461 0.0851383583575079 0.0833360375025748 0.0592733678978493 0.0426052441305139 0.0678144013415617 0.119197374231558 0.0899930063623586 0.119360603320335 0.184616185557613 0.151617868706941 0.151411326202997 0.173772788248931 0.232112937035715 0.267816213665579 0.100785741679407 0.0187968046275006 0.044908073345879 0.0745107853281554 0.104812735342693 0.143590092046183 0.170641702154863 0.20301294264444 0.230299142248137 0.243351623610306 0.236515778371829 0.225427838323446 0.213835237145999 0.205316731202788 0.217918121992536
-9999 -9999 -9999 -9999 -9999 -9999 -9999 -9999 -9999 -9999 -9999 -9999 -9999 -9999 -9999 0.0869134016625364 0.14953306179151 0.116326705804018 0.0148052577548902 -0.00655858096696144 0.0490965495725321 0.0722579520493767 0.0806627419914107 0.0832877775637284 0.0840959822751603 0.0844556087153082 0.0845291615576834 0.0846749411526463 0.0828445528964957 0.0713955418922576 0.0500950315510785 0.0172177937063816 0.252508667810891 0.227746186222077 0.15794627056171 0.138456851047553 0.144914467190137 0.155775475529781 0.182390265700676 0.267942823832873 0.293442885349198 0.114696506259271 0.0255702474399884 0.0587733465695518 0.0903271784820514 0.110278414051687 0.130290744409353 0.16086311775216 0.19646687873616 0.234671480501872 0.273043504320479 0.249156283697783 0.232603210221646 0.211343116539091 0.176517965913268 0.177590328965373
-9999 -9999 -9999 -9999 -9999 -9999 -9999 -9999 -9999 -9999 -9999 -9999 -9999 -9999 -9999 -9999 0.116374525383881 0.100508167158517 0.0708107010348763 0.0288617536746744 -1.7997920319146e-05 0.0346128024572675 0.067232487837238 0.0773747399570289 0.0805208677685105 0.082324786295369 0.083486335948179 0.0840900641076351 0.0830926799693641 0.0781983174473906 0.0686878252217865 0.0459526281380301 0.152127762596806 0.378421423763459 0.332773791243768 0.214379733454972 0.132624266554576 0.115301169049746 0.131046992749954 0.194190397458967 0.251338326633967 0.0829852762853671 0.0544942137580703 0.088970775943525 0.104818946800012 0.107520056485313 0.109021117851959 0.134928328704767 0.167281144881098 0.203249216817187 0.245647493872661 0.196441655478303 0.177176554720216 0.155572478137634 0.117136211970735 0.134533126032994
-9999 -9999 -9999 -9999 -9999 -9999 -9999 -9999 -9999 -9999 -9999 -9999 -9999 -9999 -9999 -9999 -9999 0.140831352782658 0.0880898101114054 0.0562856985252478 0.0938454919846048 0.00358380518162826 0.0180813872506161 0.0530543292107547 0.0671711794081458 0.0761966410005523 0.0811969533774559 0.0830066383365627 0.0829297439341356 0.0813047428633379 0.0780354148451415 0.065533649561959 0.053698725300669 0.0960114936077892 0.346307871955561 0.447612223171087 0.28833223366285 0.180978586191155 0.107973155502089 0.118989234832213 0.108420110151769 0.105671694957783 0.116175042670208 0.119227381280245 0.106592406378214 0.0910760921757769 0.094026361758217 0.105781697823537 0.122025620991683 0.134560970091632 0.125512906741776 0.085168253856846 0.0361164262384803 0.0229304458815037 0.0344061479229286 0.0652957224976716
-9999 -9999 -9999 -9999 -9999 -9999 -9999 -9999 -9999 -9999 -9999 -9999 -9999 -9999 -9999 -9999 -9999 -9999 -9999 0.0757157517817308 0.0480669472098299 0.028494999005538 0.00741300117196653 0.022590122743374 0.0455139168199131 0.0643909003952828 0.0746507869101289 0.0804580275425273 0.0817486233478953 0.0820341896285507 0.0809536380935801 0.0740803602112345 0.064275997818982 0.0556149000620124 0.0896342023437846 0.397605332924007 0.427369149197592 0.35488105843465 0.232621448335775 0.207790148360513 0.22075029643846 0.184400759460125 0.165799436601143 0.145835917051785 0.11695514359287 0.0982998523922364 0.0971979453898347 0.0950950077544953 0.0932835764923649 0.0828146388242835 0.058737307131641 0.004157717413172 -0.0577859280343849 -0.0678290403793167 -0.0428514569825944 -0.00153773694856518
-9999 -9999 -9999 -9999 -9999 -9999 -9999 -9999 -9999 -9999 -9999 -9999 -9999 -9999 -9999 -9999 -9999 -9999 -9999 -9999 -9999 0.0788640677818589 0.083525310526101 0.0467237698045344 0.0304969568910415 0.051804290012205 0.0641697868980339 0.0740929171185034 0.0783388044880518 0.080859557338588 0.0811877392662825 0.0783854203573473 0.0746862229692573 0.0659369251148786 0.0505411685499068 0.0609067613818999 0.225596498799224 0.5072030517706 0.397363218952802 0.352678744259778 0.26689685209575 0.222683852635523 0.206320023097002 0.165972448531772 0.14614357475892 0.1258052868062 0.116864535004414 0.104237556260657 0.0758492794215114 0.0588843508993648 0.0167554595556129 -0.0388745267935287 -0.0886407224774263 -0.100144855749813 -0.0876572097620638 -0.0502621060292715
-9999 -9999 -9999 -9999 -9999 -9999 -9999 -9999 -9999 -9999 -9999 -9999 -9999 -9999 -9999 -9999 -9999 -9999 -9999 -9999 -9999 -9999 -9999 0.090018642705568 0.0788402914213786 0.0315225068417036 0.035772131359723 0.0565396884372384 0.0683421507598414 0.0745258218390621 0.0780579797168765 0.0792927167568714 0.0789000645355432 0.0751976107799365 0.0654447031096414 0.0539253225125498 0.0563071309003078 0.260652952110169 0.526735093317864 0.531180355459907 0.414390076419167 0.318121707666469 0.274319899323121 0.228655606296142 0.19405694067459 0.175037880295424 0.160017169330749 0.139355732557971 0.105802717930017 0.0678481832081131 0.0121541862968266 -0.0475977597835132 -0.0962187083401065 -0.111721209244043 -0.106653314553752 -0.0933301534130181
-9999 -9999 -9999 -9999 -9999 -9999 -9999 -9999 -9999 -9999 -9999 -9999 -9999 -9999 -9999 -9999 -9999 -9999 -9999 -9999 -9999 -9999 -9999 -9999 -9999 0.0982989429772181 0.0164708525850387 0.0170757590941271 0.0426585061189751 0.0576020560283303 0.0667035230426568 0.0747391835565332 0.0791155616963231 0.0785572845871003 0.0759677018139657 0.0746652533810765 0.0579592860260989 0.0559999264488594 0.189128330387124 0.635198021327912 0.640113491180676 0.439172066405847 0.374555425925111 0.297487419394839 0.264789502624989 0.251015044288958 0.223827302074604 0.214876360330466 0.164044839781118 0.094680167715402 0.0322851753018584 -0.0469545107344627 -0.0893903789514661 -0.10651451100561 -0.120881186950874 -0.13512938307301
-9999 -9999 -9999 -9999 -9999 -9999 -9999 -9999 -9999 -9999 -9999 -9999 -9999 -9999 -9999 -9999 -9999 -9999 -9999 -9999 -9999 -9999 -9999 -9999 -9999 0.0618538858826609 0.0712626851013048 0.0187657092617151 0.0201687297100285 0.0319826796761967 0.044561894478082 0.0594935668936611 0.0706440459466151 0.0740554995106721 0.0751751680932288 0.0744610717772664 0.0634101010712163 0.0528419480853627 0.0787084905855814 0.477866424630838 0.849995554688042 0.583814537639514 0.442777067659193 0.340652193026666 0.309815888718387 0.309584865311824 0.278816514121248 0.257723521810096 0.193187417829098 0.100116145809694 0.0174266781021243 -0.0526077949134225 -0.0797643961567582 -0.0966353057686052 -0.11861205082693 -0.144586878401771
-9999 -9999 -9999 -9999 -9999 -9999 -9999 -9999 -9999 -9999 -9999 -9999 -9999 -9999 -9999 -9999 -9999 -9999 -9999 -9999 -9999 -9999 -9999 -9999 -9999 -9999 -9999 0.0566737120990881 0.0495040083753919 0.0490478454966077 0.0560024027385244 0.0517141587909903 0.055441236459199 0.0591283172091526 0.0627145651853842 0.0573385649561475 0.0534752922857097 0.0474295796725441 0.0379549539272354 0.3174387900565 0.931568917767317 0.746677072964592 0.46166033105564 0.309154292943309 0.312963668301436 0.333098478298906 0.295374439152828 0.262224227154583 0.189172476676022 0.076192309449229 -0.0247149464587503 -0.059177714574149 -0.0685278000942513 -0.0812141579739321 -0.110243272955554 -0.136023623330323
-9999 -9999 -9999 -9999 -9999 -9999 -9999 -9999 -9999 -9999 -9999 -9999 -9999 -9999 -9999 -9999 -9999 -9999 -9999 -9999 -9999 -9999 -9999 -9999 -9999 -9999 -9999 0.069780795368703 0.0701080097824196 0.0879996470668394 0.0492361901615614 0.0410146946524391 0.0438503699635601 0.0482476962944495 0.047070292375066 0.0393538546641496 0.0363570092672095 0.0331932401187871 0.0119466928411306 0.175575407516832 0.819547223417613 0.878866901720299 0.481584632558859 0.259029105079412 0.26019678026749 0.301866424648874 0.262135718936179 0.210585453449535 0.145028395864257 0.0511108719182395 -0.0217582430753887 -0.054847512184318 -0.0648932421045245 -0.0721159255376793 -0.0887473672875598 -0.0973796813791671
-9999 -9999 -9999 -9999 -9999 -9999 -9999 -9999 -9999 -9999 -9999 -9999 -9999 -9999 -9999 -9999 -9999 -9999 -9999 -9999 -9999 -9999 -9999 -9999 -9999 -9999 -9999 -9999 0.0795457291919344 0.116907052447114 0.0546916468066788 0.0152088769869694 0.0320510734453477 0.0452841323327854 0.0388384415814759 0.0207830218822125 0.0199307084256281 0.0234499687569173 -0.00351768534630298 0.0930252448459583 0.71275194722407 0.952309767129847 0.524269108847669 0.229368900901568 0.20485275056279 0.266315560175892 0.191565090390786 0.120559820878386 0.0682975065103721 0.0277782419808405 -0.0116478345921112 -0.0387880967482914 -0.0413146901638526 -0.0415939106104625 -0.0516541811815153 -0.0456784908785016
-9999 -9999 -9999 -9999 -9999 -9999 -9999 -9999 -9999 -9999 -9999 -9999 -9999 -9999 -9999 -9999 -9999 -9999 -9999 -9999 -9999 -9999 -9999 -9999 -9999 -9999 -9999 -9999 0.0806686727862891 0.123779940068638 0.0798566564866816 -0.000936082304263397 0.0309125504785144 0.0488899643079548 0.0392550208229829 0.0160463992208192 0.0129999101006448 0.0173923774788134 -0.0048455825707524 0.0537017423499942 0.615044010751143 1.00380274374827 0.600038809231226 0.242316715488498 0.143971356556454 0.11380565270668 0.0852373433862724 0.0837346370539393 0.0520785671427024 0.0145915506893526 -0.00406573367469104 -0.0189222336189079 -0.0180437872799745 -0.0116370563478861 0.00114451534353893 0.0385803463064627
-9999 -9999 -9999 -9999 -9999 -9999 -9999 -9999 -9999 -9999 -9999 -9999 -9999 -9999 -9999 -9999 -9999 -9999 -9999 -9999 -9999 -9999 -9999 -9999 -9999 -9999 -9999 -9999 0.0806814680693203 0.125105428944349 0.099411193503304 -0.00592422757472133 0.0465939993206051 0.061842425036966 0.0447736875178467 0.0164193883288818 0.015068426615468 0.0253071617901159 0.00530509778067806 0.0333154051584015 0.538475470497223 1.00115378253143 0.600199817253867 0.21030779300227 0.0932879396864872 0.0566052343745078 0.0152721883801469 0.0540773467196632 0.0653737985085311 0.0220176811123413 0.0235596494211453 0.0024104569941108 0.000169797321970422 0.0242038783509844 0.0666610675645216 0.124427824472709
-9999 -9999 -9999 -9999 -9999 -9999 -9999 -9999 -9999 -9999 -9999 -9999 -9999 -9999 -9999 -9999 -9999 -9999 -9999 -9999 -9999 -9999 -9999 -9999 -9999 -9999 -9999 -9999 0.0790175912893702 0.12282289004752 0.0721232726357615 -0.00474684187249896 0.0459011493146481 0.0613492817062222 0.0520177655778317 0.0325964661441477 0.0275906464758484 0.0307590022441865 0.0078831207640549 0.0441600227938705 0.55645241191207 0.95202888406194 0.538969334940335 0.150092164470718 0.0416680923587431 0.0190388351058719 -0.0101137487188637 0.0152565275104393 0.0222729283863913 0.0330999000555469 0.0359235869630046 0.0392990431956492 0.0456725859583313 0.0847092596648633 0.152919662525314 0.239593744563458
-9999 -9999 -9999 -9999 -9999 -9999 -9999 -9999 -9999 -9999 -9999 -9999 -9999 -9999 -9999 -9999 -9999 -9999 -9999 -9999 -9999 -9999 -9999 -9999 -9999 -9999 -9999 -9999 0.0778354672111996 0.114153301542822 0.0353522848158136 0.00171098123510699 0.0470674178546837 0.0611817144415885 0.0550391267881861 0.0452904261154368 0.0356765586490824 0.0357525145941398 0.0145868271779688 0.0642420614484064 0.58424775402615 0.877272441128335 0.395884270094186 0.0456341056669163 -0.0120996708321656 -0.0271695116104276 -0.0242719326079247 0.0177371980432753 0.0469049229191988 0.046996397881983 0.0880824800223632 0.0837124886161549 0.106546315628739 0.170709618840476 0.263929909339243 0.357627150219568
