meets/meet004/_saidas_enm/CCSM_SVM_0k_Aralia_warmingiana4.asc
NCOLS 154 
NROWS 168 
XLLCORNER -112 
YLLCORNER -55.5 
CELLSIZE 0.5 
NODATA_value -9999 
[rows 50 to 74 of 168, columns 56 to 111 of 154]
-9999 -9999 -9999 -9999 -9999 -9999 -9999 -9999 -9999 -9999 -9999 -9999 -9999 0.0238528649785767 0.0274340102749959 0.0255684292029693 -0.00831987746177543 -0.062520849520735 -0.0687612954130316 -0.0310823725711534 -0.0230013981167219 -0.0285807402934422 -0.0236906265214593 -0.0530298321643204 -0.0823514179106201 -0.0867626555275788 -0.0633876890306622 -0.0157923662253914 0.0135244954999879 0.0279303486643749 0.031342058863091 0.0272405878640855 0.010644158629553 -0.0262539969757534 0.0184012443451974 0.323289764903376 0.482788337771209 0.554433569150299 0.595496971785296 0.592283002407319 0.520609034734943 0.547295378140339 0.487632992734152 0.357592930893585 0.142319195660908 -0.140170933424828 -0.110194620976567 -0.14066017857299 -0.167798549415922 -0.146058683622635 -0.160145562903 -0.186361172335635 -0.0407787809377181 0.0822247479587281 0.147369519777184 0.233181096426459
-9999 -9999 -9999 -9999 -9999 -9999 -9999 -9999 -9999 -9999 -9999 -9999 -9999 0.029624114732692 0.0298043255393219 0.0247519855396209 -0.0108475125806489 -0.0474607527745901 -0.0627775349767209 -0.0821587884312691 -0.100207071305225 -0.126857087657976 -0.112235701432831 -0.108258932150083 -0.0878189693147257 -0.0500760291026565 -0.00970793428272332 0.0188222478663314 0.0313526686739502 0.0332989809515346 0.0326063874550799 0.0330113827884431 0.0276346244599538 0.00045341509241037 -0.0261681446943408 0.123104987680735 0.344813813689671 0.493250825610846 0.509814345367262 0.517168234685124 0.490633972907502 0.458535704830581 0.396058124356891 0.297050066711788 0.163981906095969 0.0519742391104238 0.00278000493284658 0.00981886368466445 -0.0342964799928336 -0.0992696216525685 -0.145837887775487 -0.128616490102101 0.00700566591478069 0.119105569532272 0.191639914875997 0.263579827285242
-9999 -9999 -9999 -9999 -9999 -9999 -9999 -9999 -9999 -9999 -9999 0.0262712885847072 0.0236499222015447 0.0189953838976087 0.00730787038376374 0.00926919669954424 -0.0103841439412425 -0.041414895311608 -0.0650203474170469 -0.105834458260721 -0.113276471847878 -0.104554902043686 -0.0841165945555217 -0.0550858438231752 -0.0175198342722327 0.00789112676460518 0.0267452506876341 0.0330689908743897 0.0324754992565258 0.029865271861959 0.0288443065056039 0.031569062948319 0.0328770691448579 0.0161564978964562 -0.0337477277394618 0.00891337530527136 0.167274614564429 0.347810230785949 0.435045223039227 0.442088020892669 0.465923752807352 0.412462794753033 0.362137293606846 0.298170122050123 0.232103968638958 0.206140036911973 0.115653379208072 0.127288318183447 0.0445550500744272 -0.105911781199593 -0.12046743521971 -0.0204422164011486 0.0610974162260658 0.145585722193137 0.238906839701684 0.341577500221334
-9999 -9999 -9999 -9999 -9999 -9999 -9999 -9999 -9999 -9999 0.0238259548369569 0.0181207843454546 -0.00569551910701255 -0.0143602632535318 0.00489436376002872 0.0141913424504365 0.00458984202550428 -0.0374731705821936 -0.072356724618086 -0.0826664833255695 -0.0755921570766842 -0.0466101171403519 -0.0172026154953913 0.00501635254014682 0.0215840377724467 0.0306540643972757 0.0326554837826584 0.0305160851481278 0.0279849714136584 0.0265227487434557 0.0265137249367332 0.0294944657562534 0.0334906993829561 0.0217639753458931 -0.0307854348471623 -0.0499851799623708 0.0327195245681852 0.140097843554298 0.235604069110946 0.274935027360575 0.334076296638799 0.3221591599307 0.301415352417487 0.255281872631686 0.171832688989576 0.118334575764227 0.0243559141795657 -0.0400313646946172 -0.133895353222511 -0.110432360097775 0.0126426668046989 0.0963925125085837 0.109106768691956 0.181938246998932 0.318724166985112 0.446288562321627
-9999 -9999 -9999 -9999 -9999 -9999 -9999 -9999 -9999 -9999 -0.0044190201386633 -0.0327255938312285 -0.0548956980692153 -0.0190703533101583 0.00239356421154308 0.0202540642324898 0.021007110762545 -0.00561573665538667 -0.0287995403701266 -0.0240390230453382 -0.0160113903365282 0.00575374461029748 0.0200787947137522 0.0277628850956791 0.0312792075348863 0.0308866691608032 0.0285374348001337 0.0264413816968206 0.0261849683835392 0.0268371194395192 0.0263540440462406 0.028125035479026 0.0328864388191708 0.0262010753519991 -0.0225888456383128 -0.0807667739863737 -0.0646178996283427 -0.0266957939400453 0.0282470059689922 0.0644083152853961 0.118291604781832 0.134773155301278 0.138285128748596 0.0938754274697712 0.000787011241904612 -0.0798634816584748 -0.179092618884205 -0.154763020190227 -0.0506677690132183 0.0476508173396397 0.187226249204122 0.192157594722899 0.157920272171046 0.186516513700028 0.349163366450615 0.501636609929708
-9999 -9999 -9999 -9999 -9999 -9999 -9999 -9999 0.0233590518254029 -0.0126512046111787 0.0190403283000581 -0.00911216943587156 -0.0486156657165814 -0.020552203066115 0.00349794632906425 0.0140260135235773 0.0204208680970907 0.0157072141661325 0.00904479223109017 0.016069703148698 0.023764926834529 0.0273621642257728 0.0296978931069517 0.0308188171950259 0.0296009592168168 0.02966578179422 0.0296849906896635 0.0303647543906093 0.0304807795910359 0.0301835536629165 0.0305947249622794 0.0310869860023294 0.0320079665449152 0.0292596733922125 -0.00857742547024387 -0.0800159692947897 -0.119975984503557 -0.123149666698558 -0.109975016728993 -0.116391913048599 -0.122889828976227 -0.138749984713515 -0.131990703707966 -0.159623709758635 -0.209878808040832 -0.165589974713818 -0.0972169956472527 -0.0236556931227671 0.0409020405893728 0.135038319369935 0.174731035731086 0.169213584904988 0.130714303329049 0.142105545029722 0.322421230967985 0.491667983555546
-9999 -9999 -9999 -9999 -9999 -9999 -9999 -9999 -0.00344601182434223 0.030255672164375 0.38171394713689 0.203329935161782 0.031016058919089 -0.005741028135893 0.00185803406902807 0.00735721703475212 0.00660736024683944 0.0147025566844722 0.016559509611104 0.022899754802465 0.0278405477286118 0.0292880104823174 0.030475407057707 0.0310986819844726 0.0317306582456581 0.0323201321281822 0.032594946960735 0.0328762742890912 0.0329287754287516 0.0328000632108799 0.0326722107648724 0.032429250345661 0.0322041481982124 0.0313782384370014 0.00742594537383401 -0.0493774457813243 -0.106121469170554 -0.150514619150602 -0.168584648547707 -0.185177713429966 -0.197504118968544 -0.204209269313495 -0.206624045429477 -0.186671415478159 -0.142761442860859 -0.0869445712141853 -0.0460917590155391 0.00060168546266065 0.0458126512349596 0.0674487549437716 0.086498967838807 0.0905962578639106 0.083201259235035 0.119179700187772 0.28746032405498 0.457414436814906
-9999 -9999 -9999 -9999 -9999 -9999 -9999 8.7425283499809e-06 -0.0257319044411338 0.215764342698429 0.682960379727774 0.512538285789128 0.161610763861855 -0.00302068813259027 -0.0164677016420081 -0.00384488326961469 -0.0120156567849615 -0.00645956546030624 -0.00500033259859201 0.00993769806417555 0.0199737097057319 0.021950404673406 0.0239641098676717 0.0244297572459334 0.0258949589134021 0.0274150060453299 0.027051240930081 0.0260382831912794 0.0258817984874677 0.0259561715378424 0.0261610175206384 0.0254801700398217 0.0247731125169085 0.0233591243505652 0.0204666078343194 -0.011606705000724 -0.0542965849167033 -0.0984039335983833 -0.124349597135235 -0.130140650512474 -0.135625391693369 -0.127730175042091 -0.117607687819153 -0.0994004094481608 -0.0708448292322177 -0.0435301989738008 -0.0229171443691887 -0.00894623492382507 0.000613019476140841 0.0104642399841191 0.0229927949084432 0.0385712689813393 0.0642278012752106 0.120731440818626 0.26911491626835 0.435383763930906
-9999 -9999 -9999 -9999 -9999 -9999 -9999 -0.0393768746321116 0.0213315013135466 0.494843352038314 0.893337569656736 0.68949046649459 0.151735801063457 -0.0570143173632613 -0.0579800287723359 -0.0368493880838889 -0.0464747090157414 -0.0402114719715956 -0.0398679317258004 -0.02617009224373 -0.0102677956334285 -0.00315220366536029 0.00308759278535309 0.00122754089853849 -0.00146872347486943 0.000937085678635929 4.00935514686118e-05 0.00359344242279658 0.00261861469164865 -0.00198127366895962 -0.000548658972152061 0.000385261644796908 0.00536734095607422 0.00748674086326467 0.00875141476456853 0.0139164054206913 -0.00665024347194237 -0.0319435066648998 -0.0447709229583145 -0.0438834833905928 -0.0449758892072079 -0.0336498778379655 -0.0273692514849098 -0.0178512922808377 -0.00685991938292774 -0.00287302512609511 0.00294263195457206 0.00063786175440439 -0.000703909774268041 -0.000579777286561001 0.00771928886001644 0.0253366173737886 0.0496129463412034 0.104538162156653 0.218724190955478 0.372855416845443
-9999 -9999 -9999 -9999 -9999 -9999 -0.0326853668420285 -0.0486621534431368 0.199388064641896 0.699192670468079 1.01392980367972 0.727625228994302 -0.0192371891283925 -0.131049648367159 -0.10340295845886 -0.0721837799729306 -0.0866939670902083 -0.0902304141589372 -0.0883319710523913 -0.071449390303653 -0.0489330328880471 -0.042554034449318 -0.0405532123671251 -0.0429821034708154 -0.0395722830048623 -0.0389257666221449 -0.0361266809982191 -0.0379398111444733 -0.040279365694002 -0.0356057579587197 -0.036465616220601 -0.0312877630472639 -0.0279317661849807 -0.0245291584253423 -0.0147421610033631 -0.00856687262019828 -0.00145519686982293 0.00171142934842733 0.00645867436704356 0.00892878055135021 0.00767553429065987 0.00577770009820638 -0.00141057986422188 -0.00997011292852812 -0.0160522936254606 -0.0246693954480155 -0.0255868463425389 -0.0278114865540611 -0.0245920856921458 -0.0168878639658701 -0.0061785288527455 0.019123261696832 0.0527033951213105 0.0842765510384875 0.158101497956712 0.276566179236801
-9999 -9999 -9999 -9999 -9999 -9999 -0.0709521858306548 -0.00464757014273509 0.312840082082856 0.752243667461179 0.964217484840751 0.632654519504493 -0.0976459136656191 -0.152290559532369 -0.136959503275848 -0.114914800384002 -0.120040011252972 -0.1261386367571 -0.127830733803466 -0.118864749820162 -0.102504371635038 -0.0939492279151622 -0.0874698394433976 -0.0882170414567636 -0.089033350574989 -0.0861508526590105 -0.0863449324473287 -0.0852754944545009 -0.0859651321354946 -0.0856100839562334 -0.0818750267978186 -0.0785451231542502 -0.0712679182528112 -0.0661479355154636 -0.0594538840563729 -0.0494794459118999 -0.0443127267407296 -0.0379180928283772 -0.036726565120895 -0.0383356677025198 -0.0374565457690268 -0.0413312372209961 -0.0429115145825523 -0.0447229722365928 -0.0475067060996993 -0.0492295871760002 -0.0471920311839403 -0.0434192534394744 -0.0352893806660948 -0.0213614413637925 -0.00458633143065973 0.026047598653575 0.0568325825451937 0.0789342013580343 0.0938437541906187 0.153476498019946
-9999 -9999 -9999 -9999 -9999 -9999 -0.0906220277209703 0.0103363070620486 0.354255039797431 0.724960532134033 0.87422558386484 0.55947532485088 -0.0795636600033048 -0.149796331982947 -0.148930748032667 -0.134513379025428 -0.147678707435508 -0.149449051492969 -0.146510363073323 -0.137224169948749 -0.125432953406633 -0.113029058258453 -0.104037378513882 -0.103161813999976 -0.106147578187091 -0.111301167656549 -0.107235875502819 -0.107774088388843 -0.108059636437318 -0.103800563162694 -0.106610394174226 -0.100250431831181 -0.0994329954246848 -0.0956939969236077 -0.0890341215772377 -0.0874093364125906 -0.0786054085955328 -0.0750989577407818 -0.0694545551621598 -0.0638232647939083 -0.0587375291396643 -0.050232020846034 -0.0451161135035745 -0.0415506417544271 -0.041979768379983 -0.0417261494924358 -0.0361193075502407 -0.0268701654215127 -0.0154899235130741 0.000567687913785364 0.0231461496763486 0.0447815150796914 0.0601678699901262 0.0729675824105024 0.0827649382785596 0.077933204463159
-9999 -9999 -9999 -9999 -9999 -9999 -9999 0.0122789525460614 0.357997218507212 0.698469532026653 0.816051906805429 0.571502163006794 -0.0319778282797024 -0.118293068722938 -0.141797642079135 -0.153598437881675 -0.164010844863868 -0.153048372539727 -0.141712159849804 -0.133212088784773 -0.12068428571822 -0.102577404491187 -0.0862463976054474 -0.0823473747688778 -0.0918872200551679 -0.101355405711009 -0.0998162675968077 -0.0950206156173166 -0.0906068695034169 -0.0883201422676317 -0.0917717785793183 -0.0931138438021072 -0.095809585489031 -0.0967227970270575 -0.0972408185170408 -0.0959982569754105 -0.0923244660246592 -0.0870613374178046 -0.0701518208097405 -0.0497992623989405 -0.026050715497461 -0.00661813906047803 0.00493880433440502 0.0127137507372159 0.019288544973816 0.0194040937582712 0.0311447212746463 0.039175464046905 0.052085597624129 0.0724758434179595 0.0899854731731207 0.109707036177809 0.107695113705062 0.0982944328707052 0.108606265499791 0.0962573374169673
-9999 -9999 -9999 -9999 -9999 -9999 -9999 -9999 0.348796750310849 0.667540218861102 0.851075371304989 0.588507507414104 0.0171929182521878 -0.0626492890776129 -0.109371382470815 -0.140691700955406 -0.15016783004086 -0.130216813875722 -0.108992148539799 -0.0965651092841826 -0.0759720042169245 -0.0546536176921584 -0.0299424341804189 -0.0213097652423915 -0.0341639838692277 -0.0444744048010317 -0.034927054454346 -0.0245717712840605 -0.0146590020435824 -0.0089486803092258 -0.0128712976247302 -0.0251313554347163 -0.0346656938477859 -0.0388009660081396 -0.0391705905115376 -0.0319940494299237 -0.0339345558788676 -0.0272400909834679 -0.0143118126766532 0.0163733489834697 0.0503702321978665 0.0695899515573556 0.0873505679811793 0.0757918577860676 0.0601290685128364 0.0437515527890521 0.0414486201396446 0.0419613110550221 0.0488513909814202 0.065529720933899 0.0822668776951331 0.113024170541883 0.132714405671619 0.143622277389346 0.151527760090995 0.148448860993968
-9999 -9999 -9999 -9999 -9999 -9999 -0.019704625725615 0.119739973892433 0.422256293883874 0.661360045566896 0.766183508490128 0.521626373861351 0.0462431223057586 -0.0356726438636528 -0.0636143291212522 -0.0764598099697827 -0.0980320556337553 -0.100768627004297 -0.0758552425553192 -0.042814341130925 -0.0130202577366694 0.0142445036873758 0.0317740022033738 0.0499985154131689 0.0650587690437615 0.0755437926032139 0.0930058167559807 0.105381434100555 0.118556096807215 0.127460868476767 0.121939865837196 0.107259799937695 0.0891666271322354 0.0802814211685609 0.0734853809646747 0.0719528034695285 0.079244117120792 0.0872757112636941 0.0953208272363483 0.115463099913784 0.122831435302582 0.12014880518786 0.101529171256157 0.0794400639847502 0.0619039264975434 0.0452222412147026 0.0444347009659012 0.0471961028434933 0.056127274245857 0.0744535188560383 0.0949364244747568 0.128785576106021 0.157852019237757 0.177930145866989 0.188160575456173 0.169420769684196
-9999 -9999 -9999 -9999 -9999 0.0503949906425815 0.0602371146629761 0.23147520599627 0.487565542330377 0.674519774640804 0.737002148812268 0.458194418394519 0.0671264414345756 0.000208150407776608 0.0148235899875402 0.0471601865759367 -0.0155527854782139 -0.0335430443488566 -0.0256055036208287 0.0282928145728071 0.0708588725018621 0.101115983498917 0.109310087717929 0.13893509137953 0.184466224470652 0.224196253815671 0.242360816803406 0.261220141974637 0.278039819202683 0.280699769618846 0.278119173392902 0.273942320879578 0.256811051132093 0.241373466902487 0.218447814534468 0.198679146043933 0.202499067560991 0.195164802758446 0.176340894227745 0.160977648964792 0.14796756198916 0.134721010032964 0.108001667230459 0.0817173133250757 0.0616710178777576 0.0407838827342103 0.0473314632973575 0.0553526081706096 0.0659297806785551 0.0814103370975548 0.0981132716269202 0.134931382379553 0.172038394226039 0.196798136198425 0.205402739070134 0.178252268304287
-9999 -9999 -9999 -9999 -9999 0.182361748732962 0.129615263609725 0.319550627197675 0.536464769163105 0.643980332998794 0.586106969427652 0.394982269136269 0.201984919827756 0.173438459422868 0.153931099080284 0.135004978838883 0.0658727319046819 0.0589337503647545 0.0775311412902668 0.140741606221862 0.195416328342429 0.221324691752452 0.237920931119598 0.271882749869599 0.316545926717449 0.352926628536861 0.381715010184143 0.400616743109513 0.418518314180133 0.429609379762019 0.431049686101763 0.422478014279673 0.402917258636275 0.38244299554918 0.352965732951766 0.324258188374424 0.308886840700935 0.284055644422051 0.250617604814478 0.215850691268558 0.190212733543326 0.164701326458042 0.130325952145609 0.10061795797857 0.0810555772020522 0.0654761530703567 0.0672119061954417 0.0738892461960966 0.0840737806002906 0.0989187219452485 0.116425631545405 0.14516968093156 0.173925586204217 0.19825003733266 0.213840713385038 0.211316581511901
-9999 -9999 -9999 -9999 -9999 -9999 0.288110495354633 0.406100826371292 0.587393692679707 0.532535073440125 0.511447068558296 0.406809235409356 0.282513699121957 0.289152005647541 0.234463615081875 0.220045666361551 0.126732311315658 0.169303193175607 0.211258111480981 0.273317895793866 0.340296685611433 0.345303226049549 0.366200329773347 0.40118027476151 0.437152703780501 0.465951278488385 0.492042448169496 0.509866764703157 0.526280645380762 0.538176725574204 0.542508192619034 0.5334411743406 0.515700804030106 0.496908099953174 0.466260663879796 0.43111050930817 0.407915025549273 0.37008806229413 0.326852532492628 0.279276428832444 0.235294649143459 0.207899270861663 0.167643904676813 0.135757510873152 0.116642034388059 0.0956428885682663 0.0987376977759831 0.101423473029902 0.108349084795384 0.119639252227697 0.132090117979497 0.154360966783149 0.174961377187565 0.19230109909565 0.20689864765249 0.21072894888473
-9999 -9999 -9999 -9999 -9999 -9999 0.311343170822598 0.429156028656323 0.525444736722426 0.564892534610737 0.549320405439348 0.48715839501341 0.31356889157067 0.207681283401378 0.183199453092813 0.133869392608948 0.173819508996002 0.256121015712986 0.296924288057572 0.357279742582196 0.442349264115634 0.463709544621182 0.479243847091785 0.49865936173355 0.523589100188525 0.549830166983723 0.564005404704418 0.573452173150294 0.581982999331227 0.589765456706909 0.59511691368238 0.589395986147734 0.576974887946601 0.562224354583206 0.539636330021276 0.510529618300398 0.479732847534427 0.439204915722782 0.393402088662575 0.34519136960866 0.297242277226478 0.262958722862712 0.225148674812608 0.192994881873 0.170659716327983 0.152551601962854 0.145048779899679 0.141107752109432 0.141200739532223 0.142321663949771 0.147408040725161 0.16327430676368 0.176073566539095 0.185964402712357 0.188200335007953 0.18428784691965
-9999 -9999 -9999 -9999 -9999 -9999 0.291399529808763 0.383871668088816 0.475512851951404 0.577690204450255 0.639156600138105 0.559138866123445 0.376346099571601 0.242067836084358 0.170174044903179 0.116619778234382 0.158546314047448 0.261267898004238 0.3057300926112 0.381391112318876 0.50979514779697 0.542972234279309 0.544666456069632 0.553865428646688 0.575901524309969 0.600804522749177 0.603240174582701 0.593496008483029 0.593304209448283 0.604808204984098 0.614350812228444 0.610994644315703 0.597533170995445 0.58887840088508 0.577014041829007 0.55386747103628 0.528821433253632 0.486605110796537 0.446723444578922 0.408151412827422 0.360522255792097 0.329184822832789 0.290981660135162 0.259380862006983 0.237267989491299 0.21414084222408 0.201214758406785 0.186519162564604 0.176617609662368 0.165076626656745 0.159087056802102 0.171110511505493 0.178725523109023 0.178108089784068 0.166576168959983 0.152075873222302
-9999 -9999 -9999 -9999 -9999 -9999 -9999 -9999 0.213627801580925 0.546158467207468 0.78608697173774 0.670004487752685 0.373174420843813 0.298676176445188 0.252764347483792 0.217447757738673 0.174235475037775 0.165876123555009 0.216307863530528 0.380930309949965 0.557755518356125 0.581326219949245 0.554518035627438 0.556412584360876 0.584225462275103 0.610759463203187 0.60276425773116 0.580799766514664 0.572078697669208 0.580464346489428 0.589239421430481 0.580937455544543 0.565360161316153 0.559911155537564 0.560243015049779 0.553898674487624 0.532760749936558 0.505316582314823 0.47716144110757 0.446914041394065 0.41577116698278 0.384359870050239 0.354889701404036 0.326035841720187 0.300814801322391 0.278526274973336 0.257275944168149 0.23743367754557 0.219445503488526 0.199208928593013 0.187951957603478 0.186493438274114 0.184504071975841 0.17454541755442 0.15106021262318 0.124461219587806
-9999 -9999 -9999 -9999 -9999 -9999 -9999 -9999 0.301786062932915 0.512192866557675 0.847368580784614 0.705444652308918 0.351103929799365 0.311289068895532 0.315798557306607 0.302147365468531 0.261505868230036 0.188293186121872 0.201455933615421 0.401372066182204 0.590198661635455 0.597884791153826 0.560498125462185 0.55177380301001 0.573351360128447 0.600649322435444 0.586850273354702 0.555043763459183 0.539531314296681 0.543511333145259 0.543093625925421 0.528610806201484 0.503117271678714 0.497877923045708 0.509631515227413 0.513543621898533 0.505826883578484 0.490023856889474 0.476840646527719 0.462807313156487 0.444012716589901 0.424406784689711 0.401322152801602 0.379931444248525 0.359197940045592 0.336409224759984 0.308186293525763 0.275210325431725 0.242370341966875 0.205566726179469 0.18348148370554 0.170005483356105 0.162908703288006 0.151755319006717 0.129511134676622 0.109642085674087
-9999 -9999 -9999 -9999 -9999 -9999 -9999 -9999 -9999 0.433556641467486 0.739167811910142 0.633371649547491 0.287494167390148 0.28398127206258 0.357574592117085 0.404079939076774 0.422805701462581 0.33785890513404 0.296601454311035 0.436894811386375 0.603669719941141 0.607557762808976 0.554625147132338 0.536920857479617 0.56044366487384 0.580969407689924 0.565101168012353 0.53057399580052 0.513221142045736 0.51057022127136 0.501568072720302 0.477534130320219 0.445251630547734 0.433637897752744 0.442022305042698 0.447263262695627 0.447135263717891 0.439892651249849 0.441105472606906 0.443195433133409 0.442026576624615 0.432187126867626 0.419984444871859 0.407873088291878 0.393053926501901 0.371962843206863 0.333872503126146 0.286172402027049 0.240567459460869 0.197035744697892 0.160045548363681 0.139785442444961 0.122192239564982 0.119557769438831 0.123346190964113 0.120739644201708
-9999 -9999 -9999 -9999 -9999 -9999 -9999 -9999 -9999 -9999 0.514176706867577 0.457642639105575 0.290271620922443 0.312725577116828 0.421286670027721 0.532725499014104 0.645992904955747 0.546645673953825 0.438580405078034 0.51585466773219 0.617116426814718 0.603275631337886 0.550297786857694 0.52707464799211 0.541483332027726 0.555078163984872 0.535897355839621 0.50036668266901 0.479678977869178 0.474513296420915 0.465780170987114 0.437587922471573 0.400803695804968 0.381019969846562 0.378836347516736 0.375285248339837 0.377626692269292 0.376837274957762 0.38483490888124 0.397962791506351 0.4072791369367 0.412230477843397 0.412607143714256 0.411072178633038 0.40506647277768 0.388112290371388 0.348118289866447 0.291571554290024 0.238329615211884 0.183298401188642 0.139633008861119 0.114934041783633 0.0968596057921583 0.100801359256132 0.115022487804549 0.124532736025375
-9999 -9999 -9999 -9999 -9999 -9999 -9999 -9999 -9999 -9999 -9999 0.269430468421351 0.339606362235073 0.406973946669588 0.509708055162751 0.641521499266878 0.824875154555293 0.780560733621773 0.610473521485988 0.60159882826805 0.61639053670128 0.593408681316782 0.556688722990049 0.523077110518411 0.52590963252315 0.523951465785028 0.504748960557861 0.473037662165364 0.449252765872683 0.436711423986399 0.418270545088506 0.393433372648323 0.360034696745646 0.343662781462449 0.334558427886192 0.317807894988737 0.322398345819926 0.319867664615841 0.331259855774056 0.348651158526586 0.358200312109055 0.379790470894421 0.385880742107409 0.39447493135398 0.401893875359493 0.38704830985964 0.351012131172128 0.296563858285678 0.241378475236301 0.184238988480231 0.13532018532719 0.110218555879937 0.0910066616987998 0.0926011112028984 0.108884888949853 0.123488624854136
