meets/meet004/_saidas_enm/CCSM_SVM_21k_Cavanillesia_umbellata1.asc
NCOLS 154 
NROWS 168 
XLLCORNER -112 
YLLCORNER -55.5 
CELLSIZE 0.5 
NODATA_value -9999 
[rows 72 to 95 of 168, columns 56 to 111 of 154]
-9999 -9999 -9999 -9999 -9999 -9999 -9999 -9999 -9999 -0.0797180818118975 0.0598064517667452 0.124273750316613 0.100593253856021 0.0915678144664682 0.0710634383341302 0.0539589605672584 0.0637546193942899 0.178946490336738 0.252441011450382 0.333907254717836 0.316622237689833 0.306513780179156 0.309910944658343 0.308667284671765 0.306260725573957 0.299417806620972 0.294465744859329 0.283801967178658 0.273734462670654 0.272190169144692 0.265874754777724 0.260264736356122 0.246863918719358 0.235488724016376 0.237768970573462 0.237606083889285 0.251090047668851 0.258739623453322 0.274312091751139 0.304273606771861 0.323199321712079 0.350177220006971 0.350361436868306 0.346211774229363 0.34928586692804 0.319460706479791 0.295775702186717 0.245574088105228 0.203198502570741 0.163291322590191 0.115472069781643 0.0736964307590313 0.0316892385748836 0.00577643215838497 -0.022793519522473 -0.0421852080546456
-9999 -9999 -9999 -9999 -9999 -9999 -9999 -9999 -9999 -9999 -0.0595384322140364 0.0752208018586419 0.104492850856869 0.103475675925319 0.0877931039138325 0.0773149128808294 0.13746458957877 0.315387988759027 0.388414007865679 0.412013517562147 0.365787821549099 0.336521359585672 0.325053040534963 0.299262492175837 0.287013799258377 0.272052171182115 0.263150004216983 0.245897513231829 0.238202890823758 0.230089994991831 0.224694639959532 0.219895103824708 0.197343718451263 0.185047723210124 0.18712819292054 0.182769202922642 0.190919979987414 0.200572322793059 0.21488472455639 0.236666052623237 0.251513964327681 0.27166950940381 0.299164996869014 0.301043864217261 0.288794035160655 0.265970019875822 0.242331917710483 0.205331060319837 0.165076355249658 0.110551174200085 0.0715483662705383 0.039528493644377 0.00734018325781566 -0.0114174208079016 -0.0391341755130895 -0.0520996587000972
-9999 -9999 -9999 -9999 -9999 -9999 -9999 -9999 -9999 -9999 -9999 0.0758088338620083 0.10724030531916 0.116671366332301 0.118138797088438 0.115392990960082 0.182534441310232 0.470550263857909 0.536603327224148 0.452652773219233 0.425074693255797 0.372082116313479 0.334370068024004 0.30793698601095 0.282988097882929 0.255790192001417 0.245595311944415 0.22724338666122 0.213622557866713 0.203157557246449 0.190539564087335 0.182590908789334 0.162284272315363 0.145303896790232 0.134928830381633 0.128496035661513 0.136804772685674 0.141080185531433 0.15616574502029 0.174398589686603 0.187597109630297 0.207949036657068 0.222598951671762 0.230555369963547 0.233062060166747 0.214576894026044 0.194625298516228 0.157908536576254 0.117215659881039 0.0724213109731261 0.0370997320856816 0.00875680174503018 -0.0181131628845034 -0.0336866406979291 -0.0484353366466274 -0.053804672809658
-9999 -9999 -9999 -9999 -9999 -9999 -9999 -9999 -9999 -9999 -9999 0.0797309049490908 0.101001151220976 0.126161500567495 0.13359143469684 0.148316025419697 0.210533107744294 0.487803487443789 0.655150090906571 0.559378263688596 0.480314748877533 0.43400601659045 0.381593668003546 0.335370558863846 0.288529549035077 0.256175702024558 0.240621772495607 0.2221369374166 0.20802947490954 0.192990271801366 0.172508882109887 0.160405180759261 0.14286578586432 0.123585180828507 0.108791078281543 0.0937495966372994 0.095271340613057 0.0938904264106226 0.104907420322843 0.119543638341263 0.128780561793115 0.144401675436874 0.155097206647743 0.160158901610042 0.160139684551439 0.153609600843824 0.132161704851504 0.104468685994225 0.0716351680724106 0.0327815460346368 0.00308563087255853 -0.021871330355286 -0.0396027716593981 -0.0497596630416062 -0.0581251920618038 -0.0607801910094237
-9999 -9999 -9999 -9999 -9999 -9999 -9999 -9999 -9999 -9999 -9999 0.0751461984727492 0.0828399753343884 0.128792735646686 0.139423427596073 0.150908387529822 0.226272760089062 0.404272615700253 0.546128707525133 0.525891569108337 0.511605457912732 0.476422083551307 0.420906863809547 0.37858624029961 0.302971709674938 0.270090827474257 0.25034610100965 0.230138923061037 0.210850611613325 0.193246056989713 0.168492419933514 0.152783356938755 0.131712062567823 0.116050609568661 0.0971013411317401 0.0839150768641739 0.0755291284273714 0.0737628557752026 0.0799373971812609 0.0827243920609927 0.0967637692825557 0.11411887825358 0.123149458714861 0.124527523719037 0.119665590241587 0.102884227822616 0.0853007939007689 0.0612639091276955 0.0321035786434062 0.00232236037460892 -0.0201784540490008 -0.0397315574769412 -0.0522636243363976 -0.057692818119809 -0.0603744671011436 -0.0588502610514606
-9999 -9999 -9999 -9999 -9999 -9999 -9999 -9999 -9999 -9999 -9999 -9999 0.0651020629250427 0.0928150539273682 0.115035503048396 0.135338318259105 0.216034253658399 0.360995264762546 0.436012637481211 0.401561260794295 0.469935264764016 0.502212786068781 0.472447481749282 0.430759761402002 0.365772919240788 0.29390020820901 0.260620023433845 0.247943567333575 0.228396897372601 0.204962181987543 0.176754491293948 0.162545096898588 0.141419960654876 0.12550047528141 0.105905085353267 0.0857243367002304 0.0702636972503229 0.0606414831607887 0.0623136935772164 0.0660987784608054 0.0795852175224029 0.110657620940219 0.134965774152326 0.130363129585077 0.0958856147873555 0.0616817210925341 0.0368852803711365 0.0133047308555689 -0.00859841281803747 -0.0265323462468267 -0.0405831199738176 -0.0555319958145815 -0.0642670599202885 -0.0672724349900138 -0.0679247580029478 -0.0663248845996182
-9999 -9999 -9999 -9999 -9999 -9999 -9999 -9999 -9999 -9999 -9999 -9999 0.0819514821150908 0.0670851145967616 0.0840427359715945 0.1135601314311 0.160296896417728 0.261449013929162 0.37281912757935 0.376920545784721 0.362241957816701 0.41152625595897 0.511475451370749 0.511212837607908 0.389119803833707 0.326359398595033 0.289356628693293 0.275061444490023 0.254988599440821 0.226615420691424 0.192349798856287 0.182853527527889 0.162638815803217 0.139283469493006 0.116244505045422 0.0950196868857466 0.0685325413083335 0.0472931474293044 0.0410627599055572 0.0401269053190939 0.0559177560601133 0.094778550264453 0.150797586487648 0.152322843611316 0.091510268141434 0.0368410027540916 0.00330926720042796 -0.0242864588808155 -0.0427081181245454 -0.0511946253460946 -0.0533713323853591 -0.0680815513226861 -0.0781605772464063 -0.0810299492520701 -0.0814900616944327 -0.0813233973324931
-9999 -9999 -9999 -9999 -9999 -9999 -9999 -9999 -9999 -9999 -9999 -9999 -9999 0.0760773543786452 0.0690971673185456 0.107468769846288 0.12659359246901 0.131682553396696 0.158164770286217 0.246697829435508 0.335691703426389 0.395241243689619 0.58417438713418 0.735002954377509 0.643305653106881 0.442938069953051 0.36695931635718 0.328858636884411 0.28727759265779 0.255430153819553 0.22825836690721 0.205032701431757 0.183841079281959 0.159686249302853 0.137022047235931 0.103953631592551 0.0817211495396971 0.0551977923746667 0.040146130347553 0.0283723675606003 0.0277001014464686 0.0596186745833758 0.107625936904057 0.12291406221099 0.0931594432813724 0.0394911794077223 -0.0110897198055011 -0.0495077036794102 -0.0680065767710601 -0.0724224606350399 -0.0745769303759826 -0.0835442355211558 -0.0919933040427192 -0.0953750354161307 -0.0965079180608383 -0.0977831099394836
-9999 -9999 -9999 -9999 -9999 -9999 -9999 -9999 -9999 -9999 -9999 -9999 -9999 0.0832123612435162 0.0609029257100586 0.103883287158208 0.114953134227115 0.105522027144195 0.102656965932917 0.117463170078979 0.148042520241158 0.468055344340479 0.685860588225295 0.820410701074298 0.920217562664965 0.743660952195566 0.621549185053854 0.480565586223209 0.385195231543536 0.294396875141092 0.263840687988206 0.243962036948674 0.205273424661359 0.179578928538054 0.157483068173249 0.120899670065697 0.105258320762411 0.0752784218929118 0.0528021780624885 0.0247286123328352 1.76601554332523e-05 0.0156719472843183 0.0544043488047667 0.0704240772484649 0.0669132873189224 0.0524350009044144 -0.0220981983655749 -0.0680133174400261 -0.0846628265982212 -0.0886206762762025 -0.0889407549580052 -0.0962751329635316 -0.10159043273452 -0.104206823715256 -0.104182480999765 -0.102280462494756
-9999 -9999 -9999 -9999 -9999 -9999 -9999 -9999 -9999 -9999 -9999 -9999 -9999 -9999 0.0574073071136553 0.0899163618036356 0.119424166155954 0.10838936428375 0.103807105500742 0.100856673273322 0.0988662884390639 0.208176668495454 0.501857504881071 0.629201898447627 0.712170694080552 0.754175526920063 0.928532260618507 0.970084104973336 0.751915000174577 0.536730656107027 0.370010447460501 0.274508133877468 0.237428650698913 0.202728969262325 0.171779866580377 0.151503430078067 0.143985752317006 0.131800585165624 0.109157235363274 0.0665565580419975 0.0205180412123244 0.0133948385922023 0.0108392112957202 0.0135172211024246 0.0267538812459396 0.00602345800003223 -0.0355102484062875 -0.074196665338825 -0.0882867134456527 -0.0925001873345795 -0.0962867994113216 -0.100186914513865 -0.103256534763385 -0.10355065934648 -0.104224368813304 -0.10466879893935
-9999 -9999 -9999 -9999 -9999 -9999 -9999 -9999 -9999 -9999 -9999 -9999 -9999 -9999 0.0817957953511251 0.0576555973080174 0.112494995168769 0.114375754746029 0.1065323610223 0.10221763675037 0.0868251803310136 0.0254927405190579 -0.0232548605883809 -0.0132733986626595 0.0444429861412618 0.165931986636483 0.566023775510333 0.779317753619067 0.993831517090789 0.866564632313834 0.537719525089749 0.404692639938598 0.278449710561305 0.213932076139359 0.181309862112645 0.175656395194772 0.184513667629293 0.200945990991973 0.188401548832394 0.13468668580902 0.0514484901174016 0.0362440731459623 0.000547241609978988 -0.0168844635025289 -0.0107099175333906 -0.0173706205996718 -0.0435006863125395 -0.0728593807863675 -0.0833323710306925 -0.0876700525676884 -0.0947268459156681 -0.0969191286014576 -0.0998219680675527 -0.100586736820681 -0.102386966895429 -0.104064192666211
-9999 -9999 -9999 -9999 -9999 -9999 -9999 -9999 -9999 -9999 -9999 -9999 -9999 -9999 -9999 0.0750277830575268 0.0857131162135281 0.120806175200711 0.110193396860977 0.104343583651672 0.0964886689851551 0.0812909897286082 0.076611213901766 0.0715517924313893 0.0477355000599098 0.0343750006602188 -0.011340887436923 0.0494218433016953 0.39319867312515 0.789159592668929 0.71229474184759 0.57516618794002 0.336304723088482 0.244695738132143 0.192606928656366 0.186912508765313 0.198509341017046 0.211135151153678 0.221794884707777 0.228026427000342 0.209510431292279 0.111926351459326 0.0130149791042466 -0.0268073001980395 -0.0308347637575108 -0.0294884685719904 -0.0427574222338001 -0.057612412323728 -0.0651225774747954 -0.068252110703526 -0.0741195444387772 -0.0829513227563998 -0.0919296989934807 -0.0955055836061519 -0.097960435475083 -0.101132022582505
-9999 -9999 -9999 -9999 -9999 -9999 -9999 -9999 -9999 -9999 -9999 -9999 -9999 -9999 -9999 0.108993076742111 0.0756097993013997 0.123445858841613 0.11273213621562 0.106272955861308 0.101797475283575 0.0966609222103441 0.102915390318077 0.10343502529579 0.0985866600551264 0.104661108892028 0.0885917443539483 0.091998226280101 0.0352342747099907 0.363746459414457 0.776303252232836 0.625730645081478 0.482186405414615 0.337861235060168 0.230653219392888 0.190300174250688 0.19047719943512 0.197647290961917 0.223708368531077 0.273591699129136 0.339568360495085 0.201965316080245 0.0324646225269478 -0.0296425960144662 -0.0371203704614263 -0.0300875928867138 -0.0359178849412754 -0.0384379768931916 -0.0378511576970883 -0.0355847414139627 -0.034124760948373 -0.048804592486103 -0.0697164225137571 -0.0784311109067234 -0.0850396876908232 -0.0944492872502617
-9999 -9999 -9999 -9999 -9999 -9999 -9999 -9999 -9999 -9999 -9999 -9999 -9999 -9999 -9999 0.248077287220599 0.08907398400543 0.108332829149751 0.126157306876353 0.113391833866173 0.104140543913303 0.101598432073165 0.103027324689978 0.103504744135731 0.101308420414686 0.0989546171895709 0.0920593903475183 0.0884236577854021 0.0456364417153358 0.0161766421988496 0.45761336014362 0.5232230148448 0.569118185817617 0.544322262119166 0.342079281240659 0.214751485957745 0.182838350130996 0.185769468134994 0.200760030756264 0.239871899592508 0.285147244600461 0.20378580993162 0.0486637808384292 -0.0125047123034274 -0.0311521938216477 -0.0354228401665537 -0.0297333450444873 -0.0170155599333799 -0.00129249565358591 0.00755195266870334 0.00589062023491599 0.00347696224274757 -0.00793594197478042 -0.0166659575518615 -0.0289935872366234 -0.0370159031574234
-9999 -9999 -9999 -9999 -9999 -9999 -9999 -9999 -9999 -9999 -9999 -9999 -9999 -9999 -9999 -9999 0.188007460080905 0.0913057554975122 0.119880694642558 0.129047753245166 0.1087139560105 0.105502019094288 0.104743433981692 0.104751960604716 0.104138731693573 0.104689859214768 0.102026679249693 0.1012108874186 0.0911084063677817 0.0590925869688732 0.11185196001091 0.444204304727347 0.523346142748497 0.708863180348153 0.590226514442377 0.323223373536302 0.231476447562935 0.182516126837587 0.18223814805599 0.220142767100648 0.273188155671428 0.159829204755029 0.0341449124994784 -0.00520142656630018 -0.0210969147956304 -0.0269339608880045 -0.0083872915930947 0.0199702442929905 0.0555875009378705 0.0772507854580592 0.0751148226702861 0.0884872913260938 0.0864176971279431 0.0774653794199204 0.0657450499821324 0.0658298126063053
-9999 -9999 -9999 -9999 -9999 -9999 -9999 -9999 -9999 -9999 -9999 -9999 -9999 -9999 -9999 -9999 -9999 0.210359069672932 0.0893452339908544 0.112017261164272 0.131631977186393 0.120994035695972 0.109828013066075 0.105083197258808 0.104597142738605 0.10530654460406 0.105235099009676 0.105154661112776 0.103419889718757 0.0900530170652263 0.0755034537907987 0.173379483739842 0.552128068535848 0.72198811682314 0.749839689793393 0.566276718072942 0.338604851709662 0.203961417628088 0.158489199451094 0.136245583814338 0.100710426250962 0.0755479254674586 0.0321014430527725 0.0090256252935117 0.0053649210588459 0.00999890047573099 0.0297485615080164 0.0702231966086942 0.12008818620921 0.164842491893449 0.209341205752108 0.173543416549445 0.133691579320953 0.120132269043257 0.117284553520263 0.132212533738624
-9999 -9999 -9999 -9999 -9999 -9999 -9999 -9999 -9999 -9999 -9999 -9999 -9999 -9999 -9999 -9999 -9999 -9999 -9999 0.0917643572346016 0.0985911894314937 0.112748414778206 0.118117282225424 0.1129851645087 0.107720743599922 0.105846162081544 0.105760927696977 0.105996654936857 0.105562450858573 0.101058633645292 0.0857945495976877 0.0642010778896596 0.131400957634603 0.529244483870825 0.760277678405602 0.76579593146401 0.711302747667329 0.386039690914128 0.21466824761739 0.132598234344694 0.0644274076769166 0.0622281061414799 0.0465019044947416 0.0342669640675061 0.0412948614304109 0.0428971256502902 0.0549866007641592 0.0890748019843626 0.136466715396139 0.195947349585026 0.263227809295898 0.219410916912527 0.150212411020596 0.124777429928769 0.114027690317776 0.125167159697745
-9999 -9999 -9999 -9999 -9999 -9999 -9999 -9999 -9999 -9999 -9999 -9999 -9999 -9999 -9999 -9999 -9999 -9999 -9999 -9999 -9999 0.0943421302489605 0.100754618299465 0.105807213673607 0.112105394976336 0.107480223838309 0.106175655394395 0.106011223726114 0.1059195472587 0.105076552142535 0.10154758059236 0.0782843704957012 0.0311242580922698 0.0794707198339268 0.546095500045286 0.820217213001364 0.762612216531174 0.630982807885047 0.418241358462999 0.229301311764472 0.147934058647449 0.110549761144333 0.0900042665002625 0.0842506363384977 0.0722938038223732 0.0694582456198882 0.072120163794164 0.0717616726823562 0.0987329915943698 0.179400357657517 0.230262467786726 0.204641028654093 0.145658870589772 0.108778207443634 0.0672123649913562 0.0244856959820386
-9999 -9999 -9999 -9999 -9999 -9999 -9999 -9999 -9999 -9999 -9999 -9999 -9999 -9999 -9999 -9999 -9999 -9999 -9999 -9999 -9999 -9999 -9999 0.0935595606319142 0.0995182777668571 0.112803673525014 0.110452626583686 0.106862113392203 0.106190272919316 0.105960418303775 0.104998797018552 0.0974975929642943 0.0619899953366506 0.0205822156231008 0.0599167407040312 0.406494571073004 0.742926433317051 0.599781144753136 0.587737597129229 0.388397556100758 0.212575927386347 0.16199095097738 0.148549549963528 0.137863425563734 0.124346227179411 0.111542259527187 0.101626419736815 0.0940425902230156 0.111914771930408 0.172340958779865 0.209830506265605 0.181163341440543 0.124692585820858 0.0856165448714629 0.0469805531123821 0.00628753297286944
-9999 -9999 -9999 -9999 -9999 -9999 -9999 -9999 -9999 -9999 -9999 -9999 -9999 -9999 -9999 -9999 -9999 -9999 -9999 -9999 -9999 -9999 -9999 -9999 -9999 0.0954357112009782 0.111408449939091 0.113081530722756 0.107327057470763 0.106449687052065 0.106050810449835 0.104855790343541 0.100882189861678 0.0861787021845702 0.0468286498925788 0.029728768181303 0.270205803929712 0.572882917143252 0.473889625696267 0.361667933563788 0.229599122068293 0.197384950865274 0.220442136841628 0.219324092116568 0.196797019007481 0.182587066322166 0.157771704100603 0.161484595302304 0.161384537182246 0.184106040226179 0.204062312157011 0.164365977716491 0.0969669857392367 0.0696467856825217 0.061541106585735 0.0598644466979806
-9999 -9999 -9999 -9999 -9999 -9999 -9999 -9999 -9999 -9999 -9999 -9999 -9999 -9999 -9999 -9999 -9999 -9999 -9999 -9999 -9999 -9999 -9999 -9999 -9999 0.0941447600300754 0.098540557423841 0.117638633012106 0.114584444546979 0.108095123780281 0.10628470973046 0.106019227399208 0.105863701602882 0.104284305990916 0.0937442032695703 0.0681208172536477 0.0986055878751979 0.242379099076306 0.416810538405333 0.303458458860632 0.221131945466715 0.201011196144972 0.269149190602473 0.304723704268959 0.273674475994578 0.247767295551798 0.207326410482528 0.191700889302745 0.171412792357909 0.170237814214781 0.168012467292247 0.128920597561807 0.085850687194726 0.0742425761435344 0.0812322617766795 0.0852724327166316
-9999 -9999 -9999 -9999 -9999 -9999 -9999 -9999 -9999 -9999 -9999 -9999 -9999 -9999 -9999 -9999 -9999 -9999 -9999 -9999 -9999 -9999 -9999 -9999 -9999 -9999 -9999 0.0995771189904865 0.119214003112568 0.112332890126794 0.105829241022512 0.105329352194344 0.105500449300877 0.105847998741451 0.105622182402847 0.105364290110817 0.107710578303907 0.137641573308282 0.242731970215642 0.232840170989497 0.212428117993479 0.177632073867081 0.296004710886741 0.377157018883391 0.328988139698357 0.282796494097237 0.242698716541657 0.181587196594564 0.143982148604097 0.134453444352898 0.113811921205744 0.103517965297831 0.0847416948080507 0.082430577321213 0.102963935523452 0.107742770782331
-9999 -9999 -9999 -9999 -9999 -9999 -9999 -9999 -9999 -9999 -9999 -9999 -9999 -9999 -9999 -9999 -9999 -9999 -9999 -9999 -9999 -9999 -9999 -9999 -9999 -9999 -9999 0.0924465743353411 0.106729978006008 0.11607822812282 0.106692429186619 0.104405208989272 0.1044925800505 0.105125497302715 0.105617197302292 0.106315333591612 0.108964389638776 0.123380237216362 0.17870179109718 0.200528746250632 0.181936269071808 0.149467808496007 0.184968066414757 0.228596991478491 0.275609548404967 0.311578780167417 0.271430068131378 0.196531346019941 0.141297309940021 0.106149685765368 0.0898871101690309 0.0982411282843273 0.113916122427348 0.12869147632052 0.128511311293341 0.102007852217414
-9999 -9999 -9999 -9999 -9999 -9999 -9999 -9999 -9999 -9999 -9999 -9999 -9999 -9999 -9999 -9999 -9999 -9999 -9999 -9999 -9999 -9999 -9999 -9999 -9999 -9999 -9999 -9999 0.0915268840206744 0.118610640809029 0.109751432227857 0.103339716462114 0.103825553627451 0.104726602452519 0.105016128125001 0.105707036012962 0.108178614515388 0.116309935782863 0.147439427987344 0.176963883375776 0.153461796323396 0.122998366818691 0.101359489654001 0.114804272256572 0.172535934928418 0.362121774923684 0.285065116878073 0.215454201340161 0.156487303353057 0.101466068682854 0.0782001933735356 0.105236466357256 0.172377151941232 0.197641549333696 0.141454245680782 0.089120094219864
