meets/meet004/_saidas_enm/CCSM_Gower_0k_Cavanillesia_umbellata5.asc
NCOLS 154 
NROWS 168 
XLLCORNER -112 
YLLCORNER -55.5 
CELLSIZE 0.5 
NODATA_value -9999 
[rows 78 to 103 of 168, columns 58 to 115 of 154]
-9999 -9999 -9999 -9999 -9999 -9999 -9999 -9999 -9999 -9999 0.572941153257176 0.445190959057265 0.35125528310482 0.283428143253217 0.253749438321311 0.303201110469181 0.394583406951981 0.523618341879057 0.69033402720229 0.646783113011859 0.599562002855773 0.561852818717733 0.547157122460958 0.53465351543362 0.538479636283967 0.54338921698865 0.544674733241491 0.543873926021778 0.539339287557507 0.544346690214919 0.545531869811875 0.546386743149421 0.548544232721261 0.547284617910917 0.544268105741325 0.540680378750073 0.545553496259009 0.556469429093638 0.572592009832285 0.597978784594387 0.625639447995057 0.633264405166519 0.620625875114781 0.602662019525903 0.593319965794926 0.582646354254156 0.577777223469735 0.581660283946276 0.586410890433131 0.579485973463697 0.572864940992516 0.571631680475684 0.573382098896477 0.57577257878234 0.582467667216962 0.588244901266851 0.583342763470165 0.564771424088919
-9999 -9999 -9999 -9999 -9999 -9999 -9999 -9999 -9999 -9999 -9999 0.561251951611983 0.391313102279773 0.222326443578093 0.110585026485548 0.0687501062372474 0.113019044265274 0.234804139928815 0.421577820940616 0.630783850435248 0.621839848062862 0.568386902771737 0.547899085626844 0.537876736202553 0.543726061476263 0.54602349427868 0.545854506226663 0.546160168395154 0.540072197792034 0.541464714664121 0.539380905894722 0.537483310893952 0.536765111672882 0.530355384801078 0.529874322087525 0.526192419463118 0.529152853752352 0.535633243782812 0.548541089342317 0.5773513216899 0.605092870619775 0.616970588476572 0.614386451914084 0.601090006004876 0.581980039697043 0.561336162732166 0.551712130020784 0.555727161301111 0.560462659124295 0.557829284469584 0.551827177690126 0.549941150323869 0.550660103955886 0.552958668374723 0.559361317277158 0.563729330079246 0.56093132312461 0.546849700000258
-9999 -9999 -9999 -9999 -9999 -9999 -9999 -9999 -9999 -9999 -9999 0.61211589730167 0.439474657851032 0.139929903138104 0.0158506740111221 0 0 0 0.0691338678154738 0.397342197865904 0.50290729859348 0.546954963139936 0.592743112313671 0.555038327883915 0.564581064126796 0.559349319280845 0.550858639769974 0.554864687631062 0.547879219471919 0.550616348120989 0.546902005825882 0.54153185723836 0.536093937400809 0.52063530269602 0.529447451226962 0.525778750794119 0.52520464406383 0.524099432027203 0.521967089486913 0.550222294136599 0.58196369923772 0.595726127819448 0.602431109464287 0.605830997329993 0.571918271789679 0.538257210789906 0.524273952426161 0.527631081138098 0.534069852831342 0.532456670757404 0.530836573249789 0.531063022268898 0.532795778477857 0.531365163852972 0.537676943036888 0.538970506339825 0.537644754836504 0.526388189103735
-9999 -9999 -9999 -9999 -9999 -9999 -9999 -9999 -9999 -9999 -9999 -9999 0.554534965523029 0.321389082485768 0.0785512112926697 0 0 0 0 0.177522969538827 0.163765233531152 0.164085765344494 0.27882875918345 0.412181749303085 0.540800850909867 0.580116992219779 0.557042116958895 0.572306042082893 0.575310078871467 0.581791830521683 0.573562817118699 0.566065476021168 0.558610514827459 0.55061798267804 0.556964933972303 0.558810027900172 0.554743981879622 0.543392863308224 0.530664190348513 0.540607200888263 0.553940031280965 0.564834753718943 0.579921562984101 0.577819562484074 0.556229345476692 0.523636097970893 0.50834029029539 0.508921689664828 0.509944293702813 0.512663065018851 0.511454624417711 0.515468593593738 0.52600670863512 0.527879785280129 0.525078280230291 0.513982529764285 0.513239434981979 0.516554945356702
-9999 -9999 -9999 -9999 -9999 -9999 -9999 -9999 -9999 -9999 -9999 -9999 0.608094833289364 0.530342091736834 0.228645548846102 0 0 0 0 0 0 0 0 0.0336427907464276 0.197046535168841 0.412462843920001 0.558545946199987 0.638891185344433 0.624360092764946 0.610066851236678 0.606057286880122 0.599891676350446 0.592225742806639 0.585571649144629 0.599663538595723 0.607520949406754 0.602084802128257 0.584667751362406 0.549956238542799 0.552148053812705 0.538426953252869 0.537183432542717 0.55369773963198 0.55710717825849 0.542491216491996 0.514679856949169 0.503035775460213 0.505667160841615 0.496760836677518 0.506722330285457 0.503427691946921 0.506701709719586 0.5227123217669 0.533806060470382 0.519787847732782 0.498965225463199 0.504444134962176 0.5247904724542
-9999 -9999 -9999 -9999 -9999 -9999 -9999 -9999 -9999 -9999 -9999 -9999 -9999 0.651527974096771 0.380786632898351 0.0461278060083863 0 0 0 0 0 0 0 0 0 0 0.0832391730054106 0.365566568900623 0.597567946996968 0.649906211794689 0.626384027065566 0.612527273604073 0.620703268682206 0.637834114539669 0.636398286505804 0.63763928944609 0.641286017915676 0.649287475216821 0.64264839719491 0.59814708672534 0.542856980065892 0.518126886298898 0.528662989577757 0.539644069579894 0.534859595357173 0.523533120876695 0.521674755245143 0.528296094387441 0.530385561238938 0.528734532882517 0.519632942018433 0.519272459321163 0.526375364117645 0.524064351918191 0.524488456605283 0.519677200793961 0.534851548307077 0.565899112051671
-9999 -9999 -9999 -9999 -9999 -9999 -9999 -9999 -9999 -9999 -9999 -9999 -9999 0.543817928898148 0.506170354728213 0.177147643966517 0 0 0 0 0 0 0 0 0 0 0 0.135140417900986 0.416108996508385 0.629513904224766 0.628567951687646 0.603245128075697 0.618921137401259 0.664570904623826 0.652940310530572 0.656737496961081 0.662572768391587 0.654312998308026 0.662734126177476 0.649570157496319 0.550824817012539 0.499698890108673 0.508089951596309 0.527989552072845 0.531828246438967 0.536802580749891 0.544862455832012 0.55696246015863 0.569090084308234 0.56391597932086 0.55114619607575 0.549179698208532 0.549933103273773 0.538995779106533 0.555044017655363 0.560435570864578 0.580969752593332 0.606552438808569
-9999 -9999 -9999 -9999 -9999 -9999 -9999 -9999 -9999 -9999 -9999 -9999 -9999 0.466138846830223 0.601015584876851 0.374658187599087 0.134101620032495 0 0 0 0 0 0 0 0 0 0 0.115842727050495 0.312830849387309 0.518138641964099 0.620816817752026 0.568460746109871 0.583332418431169 0.611303300110885 0.631617639538616 0.662943385675193 0.644559748413438 0.625477503030886 0.621107345202418 0.671795508786166 0.5513725193597 0.490014391053259 0.486246359845792 0.508875544861934 0.530711969708458 0.550426110827313 0.568411022455047 0.582598038219757 0.589999913620969 0.594791665149283 0.596036714103833 0.597618038159956 0.598035385860116 0.604832735822997 0.609162155087315 0.609551889619975 0.608276227656953 0.606858991847079
-9999 -9999 -9999 -9999 -9999 -9999 -9999 -9999 -9999 -9999 -9999 -9999 -9999 -9999 0.593273440719847 0.544554960233127 0.37272602488085 0.14469241193264 0 0 0 0 0 0 0 0 0 0 0.167573314088316 0.404238833942105 0.571017192098564 0.56972560704078 0.565166121060417 0.566258557178331 0.58514950101926 0.631638063834973 0.665397812622261 0.648211925447471 0.626399635168495 0.644131559915601 0.525639184769015 0.477458226729981 0.482537549897627 0.506114275062576 0.543503133041572 0.573236065177528 0.596321672905252 0.612535475011965 0.617823650410056 0.623837230778219 0.623646171746359 0.620452492791921 0.616847179678827 0.6143167412355 0.61251138924365 0.610400725372356 0.609152201065213 0.607689177086448
-9999 -9999 -9999 -9999 -9999 -9999 -9999 -9999 -9999 -9999 -9999 -9999 -9999 -9999 -9999 0.608236726948241 0.505075564293539 0.425949548751559 0.256196676251329 0.0187140078010222 0 0 0 0 0 0 0 0 0 0.238327297199637 0.37149012638146 0.485509588089045 0.598621728767951 0.546433139422631 0.555921355674426 0.573008941481963 0.585703430834559 0.606199714146741 0.582771435180191 0.559794605741952 0.509878157009836 0.492482697935058 0.509775054180481 0.540762609543242 0.571018050994142 0.602716195023101 0.627272257020449 0.640830513712907 0.634166496589577 0.628567248186037 0.623854732847288 0.62090766027355 0.61768336974293 0.615262747375333 0.613251864300772 0.611663637849101 0.610495981017975 0.60891505134487
-9999 -9999 -9999 -9999 -9999 -9999 -9999 -9999 -9999 -9999 -9999 -9999 -9999 -9999 -9999 -9999 -9999 0.446266843209245 0.427717655388237 0.311975493124731 0.104900615626292 0 0 0 0 0 0 0 0 0.00938969046179372 0.217896388021839 0.28556620234632 0.45200693307027 0.586557601895248 0.566894327292245 0.540924933631898 0.52987960296415 0.533295952935388 0.501213873024409 0.521984315203525 0.517321426878348 0.521825385964128 0.548743648681453 0.569864264297142 0.589606331910098 0.616365879035571 0.638935643456187 0.643294050242391 0.636913835309337 0.63148564159317 0.626023444093835 0.622569377917822 0.619461904306774 0.617259147316165 0.615675896543099 0.613926261992669 0.612920607338218 0.611429705866764
-9999 -9999 -9999 -9999 -9999 -9999 -9999 -9999 -9999 -9999 -9999 -9999 -9999 -9999 -9999 -9999 -9999 -9999 -9999 0.489309308687164 0.395202209496818 0.204374776370243 0 0 0 0 0 0 0 0 0.00144826456512681 0.139585971104462 0.263539808767883 0.386565198376927 0.5457717344853 0.568376512754311 0.528229454753833 0.545578140349928 0.563317440102723 0.56253967308399 0.566052364808702 0.577986167701516 0.583222972620888 0.591684509175561 0.602813918841073 0.609042830378135 0.625188071045577 0.6469122319554 0.640128949655047 0.634803361366299 0.629271316646711 0.624153693903432 0.621952513028114 0.619680566940743 0.618179177454334 0.617043620706883 0.615977454026791 0.614543630413101
-9999 -9999 -9999 -9999 -9999 -9999 -9999 -9999 -9999 -9999 -9999 -9999 -9999 -9999 -9999 -9999 -9999 -9999 -9999 -9999 -9999 0.459075586661643 0.270983905361436 0.0355760498083437 0 0 0 0 0 0 0 0 0.161506982233942 0.231170231449431 0.378393422456199 0.548091825956887 0.614463152404786 0.609054959220792 0.617461979873328 0.614897942535813 0.623736017042941 0.626146310949639 0.62446924928214 0.6235293912448 0.624484454036095 0.624298479470937 0.634348027556547 0.654080851079816 0.64748718292176 0.640903870188954 0.619141766824814 0.610308735013078 0.616486012334261 0.623300979530546 0.622431070395275 0.620651935128111 0.619856546511954 0.619551183837744
-9999 -9999 -9999 -9999 -9999 -9999 -9999 -9999 -9999 -9999 -9999 -9999 -9999 -9999 -9999 -9999 -9999 -9999 -9999 -9999 -9999 -9999 -9999 0.500851777843479 0.204418566910045 0 0 0 0 0 0 0 0 0.0314713194023862 0.264690932508804 0.373205449739168 0.519608411403582 0.658189094023754 0.638753434812339 0.639373650567225 0.664354195479376 0.670307847200196 0.663065103441318 0.661061483035452 0.654819959137607 0.660066810602755 0.66111182309922 0.66054998557334 0.655073692284034 0.63881255180346 0.60578282849773 0.59832128000844 0.615664831930045 0.629511090027143 0.626927272910103 0.625628328100374 0.625105845479032 0.624075769584452
-9999 -9999 -9999 -9999 -9999 -9999 -9999 -9999 -9999 -9999 -9999 -9999 -9999 -9999 -9999 -9999 -9999 -9999 -9999 -9999 -9999 -9999 -9999 0.4437675718022 0.453479746382462 0.195523718962916 0 0 0 0 0 0 0 0 0.0146128818703198 0.211988808546397 0.435152620172497 0.642264863062229 0.634411796748504 0.6395164959288 0.682068531181054 0.695310368164553 0.687702754266964 0.679990313026109 0.669469347033559 0.668056175861778 0.663806894871378 0.65999564757018 0.653885286908846 0.627600180445285 0.601775805422492 0.5986510690159 0.619358006762456 0.63699558370592 0.634732487208384 0.627126336769813 0.632007184583216 0.631967295232591
-9999 -9999 -9999 -9999 -9999 -9999 -9999 -9999 -9999 -9999 -9999 -9999 -9999 -9999 -9999 -9999 -9999 -9999 -9999 -9999 -9999 -9999 -9999 -9999 -9999 0.453283997376002 0.24200224770862 0 0 0 0 0 0 0 0 0.0144344219997098 0.244790731742258 0.474799149454574 0.586499881279944 0.621389265391574 0.685513122495407 0.706194554405207 0.694157227521371 0.683245458258266 0.6744815644275 0.656934671155412 0.645628204920809 0.641440674204183 0.631045532304007 0.619002804941811 0.603366532015046 0.605680946219419 0.629066758391998 0.643744584922816 0.639348914474971 0.634931141217526 0.636805751218117 0.638325823799031
-9999 -9999 -9999 -9999 -9999 -9999 -9999 -9999 -9999 -9999 -9999 -9999 -9999 -9999 -9999 -9999 -9999 -9999 -9999 -9999 -9999 -9999 -9999 -9999 -9999 0.379549849855675 0.410983354109289 0.158026976411564 0 0 0 0 0 0 0 0 0.138669027017477 0.368027577356962 0.578910330311115 0.593938669661208 0.63951103616069 0.665543036729463 0.681365272976778 0.688469769396354 0.678035852000213 0.656959143510506 0.641014923715432 0.627081176381203 0.620291927646981 0.623973619690555 0.629727257442505 0.635375937004846 0.643710154956571 0.64606052941606 0.636374004286802 0.627778779570092 0.630554781849885 0.643805199491222
-9999 -9999 -9999 -9999 -9999 -9999 -9999 -9999 -9999 -9999 -9999 -9999 -9999 -9999 -9999 -9999 -9999 -9999 -9999 -9999 -9999 -9999 -9999 -9999 -9999 -9999 0.419120705709338 0.296147726018365 0.0435845802975262 0 0 0 0 0 0 0 0.0809578503986494 0.294379315963972 0.523342295563956 0.558076418455498 0.565522226538618 0.592904988662497 0.646788238508452 0.699897450456451 0.679329344768793 0.660240263786227 0.646491182553726 0.623600082003857 0.612231791894412 0.631861029070198 0.662276587892964 0.671493897743123 0.658977146791733 0.646236801929329 0.626253992378763 0.609863895269565 0.613824597717135 0.640692128853901
-9999 -9999 -9999 -9999 -9999 -9999 -9999 -9999 -9999 -9999 -9999 -9999 -9999 -9999 -9999 -9999 -9999 -9999 -9999 -9999 -9999 -9999 -9999 -9999 -9999 -9999 0.383861399560904 0.370186856932481 0.110974079740213 0 0 0 0 0 0 0 0.0732687377698412 0.269643685892925 0.489719600743256 0.517296279846798 0.520414008818379 0.539702284957932 0.574181397294297 0.61579131843203 0.65050154936637 0.673350576683534 0.67147522147213 0.634815630474798 0.613160745729087 0.63379180588577 0.664096311060062 0.679813970519363 0.667270591796287 0.643081167385517 0.609250984420673 0.584663284186476 0.58964865252417 0.626433272313448
-9999 -9999 -9999 -9999 -9999 -9999 -9999 -9999 -9999 -9999 -9999 -9999 -9999 -9999 -9999 -9999 -9999 -9999 -9999 -9999 -9999 -9999 -9999 -9999 -9999 -9999 0.343065113183472 0.413833258875137 0.154188056882932 0 0 0 0 0 0 0 0.0730019299099991 0.254729209017302 0.464951355190355 0.478318632414467 0.483148497029136 0.491244080896058 0.498392879025119 0.499117616474393 0.592292515331064 0.666913937036088 0.655326852837234 0.644719766361588 0.593412130687794 0.639274706198209 0.673477303020855 0.679604766098489 0.662422918789885 0.639292534012446 0.598373145249893 0.556819226346974 0.560935157535803 0.612776896737216
-9999 -9999 -9999 -9999 -9999 -9999 -9999 -9999 -9999 -9999 -9999 -9999 -9999 -9999 -9999 -9999 -9999 -9999 -9999 -9999 -9999 -9999 -9999 -9999 -9999 -9999 0.344729453425745 0.398397946236465 0.109637969785005 0 0 0 0 0 0 0 0.101082095893784 0.282453788934417 0.450887621723836 0.445951133695394 0.454430712734086 0.456030315410988 0.447605682636233 0.45838219153671 0.523064631678917 0.595996862192248 0.636178952256597 0.647935458354612 0.650095855168636 0.657283938889953 0.663941600159285 0.659890674047014 0.646722387019613 0.626253651973824 0.592489658858283 0.564900680853324 0.56666451000204 0.599452381220718
-9999 -9999 -9999 -9999 -9999 -9999 -9999 -9999 -9999 -9999 -9999 -9999 -9999 -9999 -9999 -9999 -9999 -9999 -9999 -9999 -9999 -9999 -9999 -9999 -9999 -9999 0.334286017098538 0.364545885580408 0.0542729231024491 0 0 0 0 0 0 0 0.133132399643681 0.310236390864728 0.420366543796328 0.425674202010449 0.439299492380079 0.438584813743425 0.419664564410607 0.415291747094361 0.476866265607292 0.533496123306527 0.585090957503127 0.643105012087059 0.689545694341358 0.660757832629485 0.644310618024845 0.635044609530618 0.62429711785118 0.614552443789293 0.588786605126974 0.569183965537118 0.567277149958113 0.585432343789975
-9999 -9999 -9999 -9999 -9999 -9999 -9999 -9999 -9999 -9999 -9999 -9999 -9999 -9999 -9999 -9999 -9999 -9999 -9999 -9999 -9999 -9999 -9999 -9999 -9999 -9999 0.338940894744845 0.321071222761298 0 0 0 0 0 0 0 0 0.173475220518286 0.352236982921455 0.433945060687275 0.426102958898378 0.43535555768692 0.431496242754927 0.41289674380953 0.418453986311786 0.484774504089165 0.570518464322917 0.615153225795529 0.622579888400847 0.617069813960778 0.621732166633738 0.619162212588149 0.613194822001312 0.605750484917314 0.594596049866461 0.576825313257518 0.558907248777513 0.551912803332554 0.557931329283588
-9999 -9999 -9999 -9999 -9999 -9999 -9999 -9999 -9999 -9999 -9999 -9999 -9999 -9999 -9999 -9999 -9999 -9999 -9999 -9999 -9999 -9999 -9999 -9999 -9999 -9999 0.321273595074332 0.286243323847484 0 0 0 0 0 0 0 0.0178108183312435 0.219476454015733 0.388128198294508 0.441752459572633 0.435160793927564 0.44465241525099 0.438262177328637 0.414460134761 0.414802888801028 0.498114249915544 0.602453980996153 0.636870428156579 0.602243516697872 0.561630546559231 0.585026771238451 0.59524849266674 0.595407077412249 0.591972289351252 0.577647216383332 0.562913590020636 0.54680317799189 0.535207881744142 0.53164417016802
-9999 -9999 -9999 -9999 -9999 -9999 -9999 -9999 -9999 -9999 -9999 -9999 -9999 -9999 -9999 -9999 -9999 -9999 -9999 -9999 -9999 -9999 -9999 -9999 -9999 0.361892018191416 0.320428688230496 0.271322837019088 0 0 0 0 0 0 0 0.0735149924516327 0.27467683584844 0.439654273697619 0.457658585703856 0.446781111471705 0.462478265770747 0.453504170356623 0.417582893138891 0.420533394350663 0.485740778776478 0.569869706687222 0.602427528567884 0.587772791305424 0.569843607952974 0.572611146109952 0.586380913331497 0.586583111820953 0.576542335551511 0.563230980314858 0.552351996238577 0.541081222432982 0.530108566686414 0.521604720762276
-9999 -9999 -9999 -9999 -9999 -9999 -9999 -9999 -9999 -9999 -9999 -9999 -9999 -9999 -9999 -9999 -9999 -9999 -9999 -9999 -9999 -9999 -9999 -9999 -9999 0.363289225400085 0.34042782258421 0.259402652169775 0 0 0 0 0 0 0 0.129253677505316 0.324965672158586 0.475467917096979 0.450776094638911 0.444282250946572 0.459791682655093 0.448241399593819 0.40764164289135 0.40331094685295 0.457226056761195 0.530353121568238 0.565825887166956 0.563763839779982 0.559558356536198 0.561600242341739 0.571147060377179 0.569220701670159 0.554509611545575 0.545330190618844 0.542387359251694 0.540416334918797 0.534444040660808 0.525098523590688
