meets/meet004/_saidas_enm/CCSM_Maha_0k_Aralia_warmingiana3.asc
NCOLS 154 
NROWS 168 
XLLCORNER -112 
YLLCORNER -55.5 
CELLSIZE 0.5 
NODATA_value -9999 
[rows 75 to 99 of 168, columns 56 to 111 of 154]
-9999 -9999 -9999 -9999 -9999 -9999 -9999 -9999 -9999 -9999 -9999 -63.068160739485 -79.9899633205342 -72.7138048961696 -57.4016742065716 -35.2855367836438 -12.1524512054494 -1.99627077522967 -2.40661282175676 -4.60013374642678 -5.65821102071474 -4.45437115270636 -3.42460191379327 -2.95274614871431 -2.22044944650639 -1.72653052059741 -1.49421478265505 -1.29879094433354 -1.11861362041476 -0.856806511649545 -0.704372839335252 -0.612907374337692 -0.646850752743091 -0.628692123987887 -0.461755747369251 -0.442214027410937 -0.443334570815659 -0.56278769001047 -0.236318981004731 0.0294089018385155 0.0770796002835256 0.141406626824284 -0.00356763419812167 -0.42823430046192 -1.15103901982827 -2.17874687971419 -2.80895956564245 -3.70856706235955 -4.93678782104104 -6.44019906712505 -8.21447419684884 -9.25029555755618 -10.3227871603079 -10.6895275102256 -10.1438250066133 -9.93314186815225
-9999 -9999 -9999 -9999 -9999 -9999 -9999 -9999 -9999 -9999 -9999 -60.0169349748459 -63.5230351306947 -60.5686838680025 -57.1237875779483 -43.3669009541065 -20.7676781934375 -3.06395634734893 -1.32973710888394 -1.79700300726369 -5.64337319908091 -4.68593192409698 -3.03985190831119 -2.53511919020222 -2.15616144867672 -2.05884477829915 -1.7056256590331 -1.4898331603924 -1.34899093301323 -1.16769611426793 -1.07985048691875 -0.990775691179955 -0.89190212017852 -0.841124612166492 -0.597282208653928 -0.445606974052554 -0.399933331301688 -0.339866064821365 -0.37360389003201 -0.0405103602326027 0.248802061873549 0.335731154634157 0.232266604751887 0.101387642119529 -0.206280938167883 -0.873427905462508 -1.53826484018067 -2.12653157769935 -2.91481114233753 -4.0570615194328 -5.35410379634525 -6.32346013273342 -7.21179680692763 -7.74495498288026 -7.9660488274102 -9.10745451326924
-9999 -9999 -9999 -9999 -9999 -9999 -9999 -9999 -9999 -9999 -9999 -9999 -62.6623920949618 -57.7682044410517 -52.436424656052 -42.5086313987316 -29.7125860876578 -17.6624581365967 -6.45592406124581 -2.11533655922176 -1.90819795774644 -2.53347284699819 -3.48223153189723 -2.63340055523872 -1.97529514490268 -1.7057512382554 -1.6218999596787 -1.67723409094426 -1.71501662398756 -1.67781080056985 -1.586152634842 -1.45678994685106 -1.28282878778997 -1.11940372073937 -0.835826325140059 -0.63003730210837 -0.51316085805314 -0.443380513441264 -0.341479194240597 -0.228437177941549 -0.232007484248401 -0.0516606171108847 -0.202153012692544 -0.227679218862613 -0.0120849892797963 -0.0585116326831199 -0.477736351722005 -1.09273568915688 -1.37539242655077 -1.96204011628923 -2.85234467786478 -3.53037831494981 -4.21592878280692 -4.9893013362585 -5.76954410407434 -7.19150420583264
-9999 -9999 -9999 -9999 -9999 -9999 -9999 -9999 -9999 -9999 -9999 -9999 -68.5663310279234 -60.5143403758565 -43.0925758619619 -35.7165183835385 -45.4577114144688 -51.6772317622893 -40.6214777403508 -17.5348098206527 -2.67371858088221 -1.38025175182394 -3.0917241937375 -3.17671556158551 -1.70893611565911 -1.17055686773865 -1.61429064790271 -2.09511366125705 -2.3878277111899 -2.50728647671616 -2.43710452511062 -2.30549017995309 -2.15680465125603 -1.8788774748996 -1.43338137019746 -1.17566243623481 -1.01914260249198 -0.951924759759147 -0.749205466411452 -0.402301579609435 -0.321120463294173 -0.680906107442316 -0.930822584214313 -0.938645156259315 -0.437316300660005 -0.269551628473728 -0.440859364419802 -0.752983930767819 -0.722017690884443 -0.830306753576248 -1.37974055889123 -1.82590568495665 -2.43416441211803 -3.03467538703501 -4.2980431068968 -6.24579070632236
-9999 -9999 -9999 -9999 -9999 -9999 -9999 -9999 -9999 -9999 -9999 -9999 -9999 -65.151729930307 -44.483465657669 -50.298716674761 -73.5364766188816 -103.170172967351 -100.108038393785 -71.9175683726714 -31.8272577658305 -5.97608785769842 -1.69404180625485 -2.74670766749283 -1.23196399544664 -1.25737222942276 -1.42250233415298 -2.80154833286684 -3.9579121869728 -3.73599164112794 -3.57776341513555 -3.37029711784738 -3.19959512305628 -2.85122311325626 -2.36426543237262 -2.04553655825763 -1.71264246253051 -1.54366741622846 -1.24251629110089 -0.848501406441712 -0.663609909640019 -0.780397019030057 -1.24564009070459 -1.05542824263335 -0.801724992846542 -0.824394292656764 -0.801751152457517 -0.733019291547406 -0.447072517264173 -0.286668855866585 -0.451432091103386 -0.669130779216529 -1.38920494709548 -2.52208574964287 -3.70366536756809 -5.24851911827229
-9999 -9999 -9999 -9999 -9999 -9999 -9999 -9999 -9999 -9999 -9999 -9999 -9999 -62.4655208664543 -47.3469770850228 -65.5594329853251 -101.93756580682 -174.601411599986 -182.831469305508 -136.221877851098 -102.092238434498 -38.2857556310935 -7.30839235606041 -8.2713311022306 -10.0072265381991 -2.02628438045309 -1.7196527921537 -3.36902361819274 -5.44853538590184 -5.24628584687475 -4.98795403204709 -4.93255620564004 -4.42749957344363 -3.92707990005649 -3.40196636517573 -3.12135778126135 -2.40037000161305 -2.03844573584085 -1.66922631277324 -1.29190030389602 -1.18942569591149 -0.846878137277482 -1.00277425085456 -1.01878894867762 -0.850198334065766 -1.43567049856808 -1.0744904445526 -0.826105360094235 -0.540063366297846 -0.338820468487205 -0.278214765497842 -0.774186809382321 -1.4870988323156 -2.31765093560283 -3.16932547821191 -4.49577052789225
-9999 -9999 -9999 -9999 -9999 -9999 -9999 -9999 -9999 -9999 -9999 -9999 -9999 -9999 -46.9743554524196 -63.2817191473143 -107.718291366948 -181.353116326716 -201.056575106182 -176.692553313319 -141.467511348376 -100.679398396098 -69.1323523877946 -57.7929928916635 -41.3188436784982 -29.2187480540067 -16.823453173997 -6.19967828128773 -6.41162431928671 -5.29244905862168 -6.41914037145617 -5.66885991354443 -5.43418038084866 -5.10989906181606 -4.0986315962725 -3.50223922390137 -2.69710003372859 -2.10941566638134 -1.58407011067136 -1.20166337395976 -1.02492811476444 -0.713414523394246 -0.577913459837792 -0.721476312630412 -0.645214332360971 -0.844570474853865 -0.938126776675243 -1.27869390019214 -1.16963849321675 -0.918143211401617 -0.973584972680982 -1.14912240014404 -1.59768260696775 -2.02675395665975 -2.2178235378384 -2.7934091925347
-9999 -9999 -9999 -9999 -9999 -9999 -9999 -9999 -9999 -9999 -9999 -9999 -9999 -9999 -45.8471557492848 -53.3065563650249 -93.4008662568261 -155.283575499155 -193.338594331697 -198.332596969661 -189.966050516205 -195.457169110311 -210.627884504622 -201.514917530082 -136.38511623223 -112.700958024823 -61.4112117543801 -28.0068511739343 -17.9509605976911 -9.23733341788512 -8.85532548736685 -5.68965997458601 -5.49799436584865 -5.75737450793134 -4.63163993948495 -4.01490473159027 -2.79130577989747 -2.13994911304237 -1.41799415291652 -0.818544767999375 -0.755811016523053 -0.423129585656545 -0.416707293454666 -0.634737528900517 -0.922175268939178 -0.995951297380065 -1.22195834908695 -1.61919209504697 -1.87192050003779 -1.44909602216953 -1.64832868974802 -1.40019427577468 -1.58147394838784 -1.6527053388293 -1.36791364536069 -1.32628708619085
-9999 -9999 -9999 -9999 -9999 -9999 -9999 -9999 -9999 -9999 -9999 -9999 -9999 -9999 -9999 -54.2840724357744 -71.2726093466429 -108.268834126174 -155.460757676852 -203.46988473572 -252.580455777516 -271.108156332779 -304.269791793736 -297.833094398029 -264.863008132951 -241.604184382063 -182.37100061887 -137.404493698642 -81.2944337118679 -25.758615087902 -7.65558028278196 -5.10690388367443 -5.21140321993271 -6.84028345269972 -5.02554963534029 -3.2013213242096 -2.61269350068083 -2.25818157249371 -1.41387739713491 -0.466035297855212 0.0713022402134851 0.0818283583456481 -0.354089869207689 -0.716607099076739 -0.98779639286894 -1.24635474088556 -1.46629476740428 -1.85216423001988 -1.89408566389654 -1.32952035219291 -1.0514551399225 -0.946852544403816 -1.01070368190013 -0.967428372345205 -0.808542513755143 -0.690248713807191
-9999 -9999 -9999 -9999 -9999 -9999 -9999 -9999 -9999 -9999 -9999 -9999 -9999 -9999 -9999 -51.4097719517534 -72.4113173027484 -76.3020213075722 -119.586256445639 -187.264538610073 -287.386341000986 -294.35418467483 -348.672911545351 -359.279674475172 -350.054615290877 -419.754760549265 -326.333430098919 -337.023628184624 -237.289085454888 -79.7566707975209 -20.2470205382761 -5.57213353356202 -7.23228329213866 -6.90649520511208 -4.97657099390264 -2.57121793371215 -2.7753062779041 -2.59709040903197 -1.7139247578064 -0.882146973973903 -0.333177125639746 0.111932121248079 -0.342434320054308 -0.871099188624025 -0.953687936586272 -1.39561305755538 -1.70514214468206 -2.00325747048874 -1.71928451671865 -0.983894666752629 -0.477203069819582 -0.365179320038765 -0.393640687551008 -0.39012845094722 -0.364256608995558 -0.273180157265275
-9999 -9999 -9999 -9999 -9999 -9999 -9999 -9999 -9999 -9999 -9999 -9999 -9999 -9999 -9999 -20.5159937204648 -93.570179541809 -79.2725652050877 -95.7766920860472 -131.581965125981 -187.621355182766 -237.132733443905 -281.92287813283 -300.625769784876 -290.466707663702 -295.47349455965 -304.338729151111 -311.293541232313 -238.611336131931 -131.192460146983 -51.1182267008863 -8.24948511937418 -4.45061632774115 -4.44658206683914 -3.80697806890051 -3.88856771088871 -3.29030742747985 -2.48464432584909 -1.85644350943636 -1.54686670314168 -1.73520837966505 -0.244771823703715 -0.278919490946443 -0.8598673052759 -0.97166581504224 -1.16559920307982 -1.74039939065458 -1.98007168973515 -1.83065002509099 -1.01281070119692 -0.37095468570504 -0.353103618667234 -0.329945461531017 -0.377658339606344 -0.615747526762118 -0.457006528507956
-9999 -9999 -9999 -9999 -9999 -9999 -9999 -9999 -9999 -9999 -9999 -9999 -9999 -9999 -9999 -9999 -53.8138696085644 -111.519424700106 -92.9911296114907 -93.2732895540634 -118.805723610411 -164.284725788118 -208.713069843184 -238.056191283204 -235.847494087052 -236.966890800479 -258.206337239827 -286.884546455828 -244.711041427186 -171.585727139441 -97.2365871210032 -30.9145227798013 -5.64085031912676 -5.3822584253696 -2.86916686226475 -2.7708485651014 -2.67022599728064 -2.03100986445515 -1.47670290345523 -1.17265074909454 -1.7627617179005 -0.0541684193554113 -0.409265721517445 -0.942226077053486 -0.866183004920963 -0.829178325719906 -0.978983250166127 -1.45409144426003 -1.39858888719478 -1.10318122699653 -1.06528129278477 -0.559503127850633 -0.188527313707856 -0.21434734752301 -0.562882404867013 -0.845679030451855
-9999 -9999 -9999 -9999 -9999 -9999 -9999 -9999 -9999 -9999 -9999 -9999 -9999 -9999 -9999 -9999 -9999 -46.1340642868342 -135.123626363376 -104.757249262567 -93.8088418024536 -117.676749884266 -156.789014461754 -194.276965243261 -215.930328400158 -240.032010400885 -265.473783316851 -282.798321599311 -250.198950006948 -200.801745043926 -145.449970898462 -77.9408368489203 -31.4862301418212 -12.108822148692 -5.42032832842573 -1.94836776850678 -1.32417573545512 -1.24789350335273 -1.48595432883585 -0.475706806409281 -0.0784796719526621 0.00397945760184992 -0.456054893136268 -0.619217566104384 -0.365547639106878 -0.112146724850504 -0.0975051358527217 -0.194202649427724 -0.513927138726691 -0.468636169445221 -0.456265978701333 -0.383130858170996 -0.484331478570028 -0.603827301953617 -0.933257450878032 -1.55829843773401
-9999 -9999 -9999 -9999 -9999 -9999 -9999 -9999 -9999 -9999 -9999 -9999 -9999 -9999 -9999 -9999 -9999 -9999 -9999 -156.167438820022 -142.110478474655 -125.852145424402 -138.445011070626 -172.445675538466 -207.762641543339 -236.930432796371 -272.757720585306 -292.951753121936 -265.352247729053 -224.341753876764 -187.25102431505 -129.894704147263 -87.8491397333026 -47.0730636544761 -14.9024642585212 -5.42793766080355 -2.44285497229837 -1.28110777285597 -1.02991595683279 -0.865543368015547 -1.27273614877817 -0.646821115838388 -0.513672966919967 -0.277417893755805 0.139496032509113 0.311621965216433 0.367497718441649 0.340882634630706 -0.00521240528262501 -0.708153071939452 -1.36174895539472 -1.4811474766599 -1.92799450940933 -1.89188482393137 -1.74634236033054 -2.03226399332413
-9999 -9999 -9999 -9999 -9999 -9999 -9999 -9999 -9999 -9999 -9999 -9999 -9999 -9999 -9999 -9999 -9999 -9999 -9999 -9999 -9999 -159.085520815973 -142.725637337549 -145.226766882146 -167.508105779144 -216.152848400795 -246.445456932629 -270.56486022984 -265.880095458296 -232.83318594902 -205.238784761657 -168.945757357906 -147.529088665355 -107.439906493462 -52.6482677295034 -23.5752672119436 -9.41299182783835 -2.88636357423892 -0.839454743997326 -0.596433591178512 -0.785554258970067 -0.601963368171184 -0.256610412524847 0.215512348251583 0.439541792209964 0.568112588865734 0.600643033969785 0.506142279600895 0.144393274203667 -0.644391390886927 -1.5823001142396 -2.07355006708994 -2.32516671941289 -2.26282144892616 -2.01091583745806 -1.4826110754041
-9999 -9999 -9999 -9999 -9999 -9999 -9999 -9999 -9999 -9999 -9999 -9999 -9999 -9999 -9999 -9999 -9999 -9999 -9999 -9999 -9999 -9999 -9999 -138.784937253527 -133.76201038866 -155.50190263405 -194.464287069265 -224.723301003995 -242.651101419508 -235.972820226528 -227.855810185525 -196.5580347983 -190.984826850946 -165.316021976164 -114.915048777995 -68.8424035291715 -28.0657593367338 -7.60110941728889 -2.59642616679832 -0.810474578193298 -1.2645410389963 -0.583344230274457 -0.156044242817569 0.330617910135599 0.678441777581784 0.816153261737619 0.801946200273555 0.698009130639646 0.360062003194367 -0.484281896509415 -1.42339365488878 -1.8986124065748 -2.2079502125513 -2.27551876193344 -2.12343408180094 -1.99187034906249
-9999 -9999 -9999 -9999 -9999 -9999 -9999 -9999 -9999 -9999 -9999 -9999 -9999 -9999 -9999 -9999 -9999 -9999 -9999 -9999 -9999 -9999 -9999 -9999 -9999 -108.352359443733 -137.962960868327 -168.951328990656 -196.969730125711 -216.561371861272 -222.429765606831 -215.795159329623 -225.614506751882 -210.870695290625 -177.117028458077 -159.42212419235 -83.135478871788 -38.9907860079189 -11.1796160481632 -1.27987206902734 0.102127284093654 -1.26418122875442 -0.625651438344316 0.188230574061296 0.751130580552589 0.970670554347 0.943900309266957 0.841200444702739 0.483082209708763 -0.302821072517229 -1.15815346842002 -1.74005880885416 -1.99814842953675 -2.16487307674747 -2.46520818422822 -3.25677256390146
-9999 -9999 -9999 -9999 -9999 -9999 -9999 -9999 -9999 -9999 -9999 -9999 -9999 -9999 -9999 -9999 -9999 -9999 -9999 -9999 -9999 -9999 -9999 -9999 -9999 -148.61776810321 -135.871253486104 -137.351193879304 -156.987363984773 -189.117451699912 -206.326667424746 -219.277305889424 -238.312706246781 -224.533841512295 -194.050840354496 -173.077647662126 -121.440076027505 -76.3056541962984 -31.6783887513634 -5.34325449539817 0.363767017525384 -0.935692890616654 -0.33075756919216 0.384842034540963 0.667763335291066 0.969686319273253 1 0.959497842823044 0.719924183142738 -0.0820817231611572 -1.15904994795535 -1.71701564816927 -1.88774135274384 -2.09601488750054 -2.50621683161717 -3.69769448702903
-9999 -9999 -9999 -9999 -9999 -9999 -9999 -9999 -9999 -9999 -9999 -9999 -9999 -9999 -9999 -9999 -9999 -9999 -9999 -9999 -9999 -9999 -9999 -9999 -9999 -9999 -9999 -149.026303054108 -135.833671162236 -151.729331048696 -176.038044546832 -205.829254280247 -218.656765142971 -220.36973892894 -199.985238800941 -172.076559888972 -132.513536946706 -99.6434432198572 -50.2986433012791 -12.7599678965014 0.215195570573624 0.0948045416495039 0.404176663065283 0.358492994113294 0.669100806451938 0.85687007444631 0.951374132859793 0.942574847312872 0.9065729476826 0.111070358554461 -1.32543071377916 -1.68694697380115 -1.74278860931698 -1.9283403471638 -2.47467990084951 -3.78329616081337
-9999 -9999 -9999 -9999 -9999 -9999 -9999 -9999 -9999 -9999 -9999 -9999 -9999 -9999 -9999 -9999 -9999 -9999 -9999 -9999 -9999 -9999 -9999 -9999 -9999 -9999 -9999 -179.869569461264 -142.405836911365 -135.361344019318 -146.445067709299 -186.655506244846 -219.293403436119 -227.364359812255 -210.142049116781 -172.774135433301 -142.793152705825 -113.760527995194 -65.398717678905 -23.0028691185162 -3.2595107344489 -0.293408337256891 -1.02499684648706 0.380717612778446 0.403049475521403 0.812325259467683 0.837005823292365 0.822056274436698 0.617986800188629 -0.0639208406344205 -1.04830714753763 -1.7969863233963 -2.15012973978016 -2.02039710844646 -2.33291575100508 -2.78404146573523
-9999 -9999 -9999 -9999 -9999 -9999 -9999 -9999 -9999 -9999 -9999 -9999 -9999 -9999 -9999 -9999 -9999 -9999 -9999 -9999 -9999 -9999 -9999 -9999 -9999 -9999 -9999 -9999 -153.09333118361 -119.407448378482 -115.355236888184 -164.995738863176 -217.78256319027 -238.031862751475 -214.358412929927 -171.220720051545 -146.87955484613 -125.612982738222 -81.8234617472627 -32.7771791202381 -6.32996549519499 0.0358531263139812 -4.35726563708815 -2.24036371068699 -0.136552807040203 0.168973651681456 0.0882231972940771 -0.155695753457438 -0.412105098242574 -0.628198328213982 -1.24504613658655 -1.80045596562421 -2.553260877378 -2.45483317571311 -2.01435405353431 -1.67137220119411
-9999 -9999 -9999 -9999 -9999 -9999 -9999 -9999 -9999 -9999 -9999 -9999 -9999 -9999 -9999 -9999 -9999 -9999 -9999 -9999 -9999 -9999 -9999 -9999 -9999 -9999 -9999 -9999 -162.865187194908 -117.261111788411 -108.098816040739 -155.480791473274 -210.156598967999 -239.981401526875 -222.41138993821 -173.300490312625 -151.402189096644 -132.01112820364 -87.3006370279845 -37.3585983428318 -7.67772416077381 -0.0337891723382735 -3.61818281224936 -3.078934662542 -2.24903232219545 -0.612802681004355 -0.843019701140442 -1.54410196929643 -1.87227065326351 -1.18714717201376 -1.25178195757837 -1.60839653733204 -2.45447463306737 -2.26591507133449 -1.33681602582994 -0.384858785885456
-9999 -9999 -9999 -9999 -9999 -9999 -9999 -9999 -9999 -9999 -9999 -9999 -9999 -9999 -9999 -9999 -9999 -9999 -9999 -9999 -9999 -9999 -9999 -9999 -9999 -9999 -9999 -9999 -174.834592694293 -114.618828030462 -99.8284941146871 -149.052238156072 -214.178216302529 -249.956770777922 -227.375064411469 -171.985744983419 -153.94074216068 -135.952665551758 -90.7317964565206 -40.2626490394701 -7.66673444506058 -0.0161992522745262 -3.65658893301188 -3.19316343895278 -3.60929519102786 -3.93917020599383 -1.84574134596996 -2.44817019035259 -3.07868185675653 -1.37042065403358 -1.01134774416578 -1.40041348857035 -2.28602564628932 -1.6047371614862 -0.289352576870209 0.271209435397071
-9999 -9999 -9999 -9999 -9999 -9999 -9999 -9999 -9999 -9999 -9999 -9999 -9999 -9999 -9999 -9999 -9999 -9999 -9999 -9999 -9999 -9999 -9999 -9999 -9999 -9999 -9999 -9999 -174.060157183592 -115.4404083668 -102.468189412812 -151.837190612608 -219.365542669738 -257.795143391605 -244.961748547834 -194.771496604878 -164.631213122266 -136.113376352592 -83.54506226846 -34.8606209262129 -5.54018055590587 -0.461723631791769 -4.07532759310609 -3.38570097170475 -5.08915882731374 -4.8992033675652 -3.41570530576647 -2.01845175330733 -1.61975435986008 -1.30247775515986 -1.16957018222869 -1.33334189274923 -1.12620568409226 -0.178022798090007 0.628976996522856 0.710241208127691
-9999 -9999 -9999 -9999 -9999 -9999 -9999 -9999 -9999 -9999 -9999 -9999 -9999 -9999 -9999 -9999 -9999 -9999 -9999 -9999 -9999 -9999 -9999 -9999 -9999 -9999 -9999 -9999 -178.287293663844 -117.528526530011 -105.049715905175 -162.52615406343 -230.944248565987 -267.990358310968 -254.165921586016 -216.647058206704 -170.557090746468 -129.77392211601 -76.8177440442758 -28.9509338751323 -3.37426732605159 -1.55859847579797 -3.05472448093114 -4.3346742552264 -6.33078237753765 -6.70683018432305 -4.59113033303569 -3.04395146645219 -1.78243860112791 -1.02927057852625 -2.24445392445317 -0.899002488202417 -0.216383092711526 0.589606436325897 1 0.531642686621962
