meets/meet004/_saidas_enm/CCSM_SVM_21k_Aralia_warmingiana5.asc
NCOLS 154 
NROWS 168 
XLLCORNER -112 
YLLCORNER -55.5 
CELLSIZE 0.5 
NODATA_value -9999 
[rows 100 to 124 of 168, columns 56 to 111 of 154]
-9999 -9999 -9999 -9999 -9999 -9999 -9999 -9999 -9999 -9999 -9999 -9999 -9999 -9999 -9999 -9999 -9999 -9999 -9999 -9999 -9999 -9999 -9999 -9999 -9999 -9999 -9999 -9999 0.0768338252181712 0.0597192257977663 0.028305180084603 0.0637677720118374 0.077270095562932 0.0805867242108009 0.0795711305066272 0.074825485236395 0.0663461345424489 0.0561311306207119 0.0110183246863027 0.00258338923021478 0.316050545857219 0.647095403463413 0.564394494727006 0.348727640811477 0.296478814563323 0.326979938790798 0.381129863222214 0.444649027154061 0.535586179055178 0.625068843783695 0.709908220918476 0.759900479190603 0.80234252226569 0.866389542572836 0.933588513684906 0.981669392500766
-9999 -9999 -9999 -9999 -9999 -9999 -9999 -9999 -9999 -9999 -9999 -9999 -9999 -9999 -9999 -9999 -9999 -9999 -9999 -9999 -9999 -9999 -9999 -9999 -9999 -9999 -9999 -9999 0.0769438310585906 0.054546137802391 0.0394091353607443 0.0655578382724237 0.0751938913809145 0.0786759240543997 0.0780200673882168 0.0739568046732711 0.0631478388693477 0.049533840041512 -0.00196470515836789 0.0338046403153912 0.36583140923887 0.559981946480521 0.399765067380688 0.216469939169708 0.218833155900048 0.271888258398173 0.322791849913179 0.385606312068469 0.492323980432478 0.605148133891679 0.73802625209342 0.785174922927131 0.832245699859311 0.894753932924065 0.946297656867108 0.992404240928733
-9999 -9999 -9999 -9999 -9999 -9999 -9999 -9999 -9999 -9999 -9999 -9999 -9999 -9999 -9999 -9999 -9999 -9999 -9999 -9999 -9999 -9999 -9999 -9999 -9999 -9999 -9999 0.091557571913932 0.0780917445549771 0.0565507489433004 0.031986929101086 0.0620879591312074 0.0723445725834218 0.0766136505946998 0.0765763922926832 0.0717509276354996 0.0591887841255416 0.0362455727778413 -0.0148187275680735 0.0941998792207537 0.391452361761502 0.445003168856568 0.273564410366614 0.129292138407484 0.155419810853271 0.231079277994797 0.292729233179626 0.363190129211684 0.460203239452706 0.567546843000958 0.692276639884293 0.761898315038789 0.801739070198255 0.872703964942677 0.947901861571246 0.988122694939334
-9999 -9999 -9999 -9999 -9999 -9999 -9999 -9999 -9999 -9999 -9999 -9999 -9999 -9999 -9999 -9999 -9999 -9999 -9999 -9999 -9999 -9999 -9999 -9999 -9999 -9999 -9999 0.0906260952145334 0.0798239391182157 0.0558792041430546 0.0294355586911961 0.0603244683910201 0.0702092789332842 0.0751751859211967 0.0760897733668117 0.0712684862497585 0.0549622824506353 0.0221729035946544 -0.0195276705943159 0.141767119991573 0.367337532947907 0.339316065905609 0.184482127264488 0.0818880760631879 0.124902899500355 0.203697539871176 0.271411291365553 0.346479559962086 0.435533564201861 0.537011940246011 0.651041590837037 0.737562290051464 0.768575279128203 0.851824836210356 0.943586963097557 0.993871769439243
-9999 -9999 -9999 -9999 -9999 -9999 -9999 -9999 -9999 -9999 -9999 -9999 -9999 -9999 -9999 -9999 -9999 -9999 -9999 -9999 -9999 -9999 -9999 -9999 -9999 -9999 -9999 0.0926099896266186 0.082600486120796 0.0573803474697515 0.0313197221637321 0.0603684373674547 0.0708224393497437 0.0758791310988187 0.0769118982853852 0.0712183154915459 0.0507243537902773 0.00831492384566268 -0.0116549219800718 0.189666294657797 0.356948503276041 0.283811078928084 0.162735161066736 0.0884016165125575 0.117044416690735 0.187660909911511 0.256396240866717 0.335395679830162 0.418199668512615 0.516239069449242 0.632722852081783 0.718319146383342 0.800731714513072 0.879792474782923 0.951712144182081 1.00405398398804
-9999 -9999 -9999 -9999 -9999 -9999 -9999 -9999 -9999 -9999 -9999 -9999 -9999 -9999 -9999 -9999 -9999 -9999 -9999 -9999 -9999 -9999 -9999 -9999 -9999 -9999 -9999 0.0978036856870162 0.0866082978779457 0.0492178990135422 0.0377514532791804 0.0652375271474989 0.073611699786536 0.0775471389043016 0.0781224928340226 0.0718902183536686 0.0507874293492837 0.00703832644465291 0.0119951097622276 0.214364913098313 0.313133191161222 0.229271503209227 0.141580688574957 0.0910015687759606 0.11338363741559 0.168532444031554 0.229868868639327 0.307408966618318 0.387746256483188 0.470362164878597 0.582266269990444 0.684068096376419 0.787674797887892 0.88229136557371 0.956949372838576 1.01005803611883
-9999 -9999 -9999 -9999 -9999 -9999 -9999 -9999 -9999 -9999 -9999 -9999 -9999 -9999 -9999 -9999 -9999 -9999 -9999 -9999 -9999 -9999 -9999 -9999 -9999 -9999 -9999 0.108640624613358 0.0875420136575381 0.0404573966623019 0.0503485668749064 0.070900149099046 0.0769398357918386 0.0798371645683216 0.0793696486282209 0.0732122862479511 0.0554148332492874 0.0113936047341437 0.0405010276871539 0.251416862329805 0.269419311457069 0.18164727287687 0.121307139274308 0.0865629814882362 0.112762009020109 0.15452543898463 0.210764294847092 0.280377040232612 0.342869336243404 0.414722596067664 0.486665334578451 0.60272574591237 0.732991059644559 0.848360402862262 0.932975516939248 0.987840216241767
-9999 -9999 -9999 -9999 -9999 -9999 -9999 -9999 -9999 -9999 -9999 -9999 -9999 -9999 -9999 -9999 -9999 -9999 -9999 -9999 -9999 -9999 -9999 -9999 -9999 -9999 -9999 0.118042289985255 0.0817353807663073 0.0404543211933421 0.060790595643354 0.0745634757482985 0.0787252357390034 0.0807581204420963 0.0806639145873738 0.0748561139509119 0.0583706420713794 0.0145323942964632 0.071907082468365 0.276727136867535 0.224331774619673 0.134644598451932 0.0938031391339832 0.0786275219307234 0.102904701623547 0.149574900029176 0.20662600962714 0.264327295483169 0.31801188519882 0.368320632038451 0.416794238275971 0.520572287415189 0.652028862042755 0.781955871440606 0.889840963729474 0.953020277790676
-9999 -9999 -9999 -9999 -9999 -9999 -9999 -9999 -9999 -9999 -9999 -9999 -9999 -9999 -9999 -9999 -9999 -9999 -9999 -9999 -9999 -9999 -9999 -9999 -9999 -9999 -9999 0.117409146381107 0.0726935010830969 0.045022140762725 0.0676630528995653 0.0753207983209082 0.078804859056701 0.080627646329315 0.0805531932364699 0.0763860880336806 0.0593452503010957 0.018646190537759 0.11472243579277 0.282019948694363 0.168595751644986 0.0907315973989214 0.0694779618536394 0.0674928814151701 0.095311511444018 0.140035538081147 0.193378669645118 0.257295968295394 0.301484184663036 0.326802190648913 0.362220828960623 0.450977605643937 0.578178833418024 0.700441720115455 0.812785642019299 0.896583747184833
-9999 -9999 -9999 -9999 -9999 -9999 -9999 -9999 -9999 -9999 -9999 -9999 -9999 -9999 -9999 -9999 -9999 -9999 -9999 -9999 -9999 -9999 -9999 -9999 -9999 -9999 -9999 0.104118584154664 0.0662160146296648 0.0490646730485776 0.0657291543301403 0.0721480806259147 0.0745846431775003 0.077574056841563 0.0784175954116347 0.0733987547058523 0.0520781491305314 0.0270854039661186 0.177694761943039 0.260401965547712 0.12664609959361 0.05355735381684 0.0463788679329666 0.052044913350232 0.0753941026559874 0.114161007702489 0.161780726007562 0.212230007312007 0.253059057167593 0.284051990951711 0.32514486532878 0.402513689164213 0.507751790565105 0.620503504563604 0.730244516860616 0.820624784617878
-9999 -9999 -9999 -9999 -9999 -9999 -9999 -9999 -9999 -9999 -9999 -9999 -9999 -9999 -9999 -9999 -9999 -9999 -9999 -9999 -9999 -9999 -9999 -9999 -9999 -9999 0.101828868609113 0.0919734375441023 0.061894388862742 0.0493133795800169 0.0622428411882113 0.0640872848223253 0.0646535872434419 0.0678584933380031 0.0712987389137661 0.0681791610116394 0.0445512829067256 0.0727351815148972 0.214272466954731 0.191912009572055 0.0546437662536416 0.0163689486517405 0.0209839788011189 0.031649607202142 0.0491215577428545 0.0777708554455081 0.108554359610563 0.148904969212255 0.187700757963561 0.2387937619073 0.293446085757639 0.359384682433067 0.444831422743834 0.542219911513175 0.642449687841257 0.718802934286618
-9999 -9999 -9999 -9999 -9999 -9999 -9999 -9999 -9999 -9999 -9999 -9999 -9999 -9999 -9999 -9999 -9999 -9999 -9999 -9999 -9999 -9999 -9999 -9999 -9999 -9999 0.0986689971270364 0.0799761898344842 0.0548163525116643 0.0489448182971194 0.0540679863281033 0.0536967419823212 0.0505032643301606 0.0502015878948151 0.0537987499251295 0.0452118075388642 0.0334120232436107 0.118301795732491 0.185564820313704 0.103731194939748 0.0186060103300559 -0.01014898376421 -0.00939745603054543 -0.00169162283696478 0.0107475816443141 0.0307955469584331 0.0623917706391723 0.105965696246852 0.14959949210225 0.197912483808458 0.253665765478081 0.32624478619617 0.410957024366353 0.502811448003526 0.571263176386319 0.643119710342599
-9999 -9999 -9999 -9999 -9999 -9999 -9999 -9999 -9999 -9999 -9999 -9999 -9999 -9999 -9999 -9999 -9999 -9999 -9999 -9999 -9999 -9999 -9999 -9999 -9999 -9999 0.0933164758916034 0.068632437075055 0.0522887801848684 0.0500381195239852 0.0532764663170113 0.0405748401709949 0.0359468559846192 0.0227646651300791 0.0153551133335137 0.0167509204408527 0.0619841060522597 0.137108035045559 0.105533753217489 0.0512802960404544 0.00704507631082874 -0.0104192002481425 -0.0176537450606369 -0.0170681426117648 -0.0103826001561624 -0.00297325613779059 0.0267007863318883 0.0747169837614444 0.122387828022363 0.163973098986709 0.208627479630986 0.281657198875032 0.376501172154228 0.447928124617511 0.49592489138199 0.560360674129732
-9999 -9999 -9999 -9999 -9999 -9999 -9999 -9999 -9999 -9999 -9999 -9999 -9999 -9999 -9999 -9999 -9999 -9999 -9999 -9999 -9999 -9999 -9999 -9999 -9999 -9999 0.0834682110845523 0.0673538138639166 0.0617752980164102 0.0521848220764239 0.0372018699226286 0.0186987284837141 -0.000721360513899871 -0.0152768438506978 0.0145398276582653 0.0714140123758918 0.121091002779271 0.110337077607516 0.0554648592558863 0.0361603836460365 0.030410460518583 0.0127716295759705 -0.00308208412631555 -0.00838423852140679 -0.00504751777712814 -0.000591049768502216 0.00899921112866814 0.0448205833708391 0.0901636323348469 0.130329262244156 0.170717860666434 0.228065353582133 0.299473775640181 0.3626068943637 0.404958892906101 0.447992716078316
-9999 -9999 -9999 -9999 -9999 -9999 -9999 -9999 -9999 -9999 -9999 -9999 -9999 -9999 -9999 -9999 -9999 -9999 -9999 -9999 -9999 -9999 -9999 -9999 -9999 0.131076324314546 0.0717980284478707 0.0720699165248752 0.0718748355965716 0.0516043849727563 0.0265910026535956 -0.00785927033116041 -0.0250891056241803 0.0107824909407498 0.080967413694486 0.12182135437992 0.121500453285209 0.0654945290107862 0.0325215114270507 0.043083972684774 0.0628268199764253 0.0311471148354988 0.0147890517778259 0.0105816151292084 0.0147453417269299 0.0287459336173391 0.00292043805165337 0.019546266544295 0.0604478987708169 0.0960142547067259 0.12756074638301 0.17196712517369 0.216561252445935 0.263465949213933 0.303210560713509 0.33288036619741
-9999 -9999 -9999 -9999 -9999 -9999 -9999 -9999 -9999 -9999 -9999 -9999 -9999 -9999 -9999 -9999 -9999 -9999 -9999 -9999 -9999 -9999 -9999 -9999 -9999 0.0967699404059082 0.0635629739153145 0.0677808102376775 0.0680313842101936 0.0489779513679567 0.0119625717337515 -0.0246566051359419 -0.0182447004274219 0.0510545563073944 0.092575873576742 0.104693526874623 0.0949851317283927 0.0631371715804798 0.0446481706874968 0.0437285879593181 0.0498028280675659 0.0329339681243087 0.0192840569657348 0.0154538966731122 0.0242523503747709 0.0249125324078397 -0.00530760087896781 -0.00362352289663287 0.0267914317835243 0.0592113940003702 0.0863578418139402 0.121307908412731 0.153354672657899 0.186656431267069 0.21318740764459 0.228419014665445
-9999 -9999 -9999 -9999 -9999 -9999 -9999 -9999 -9999 -9999 -9999 -9999 -9999 -9999 -9999 -9999 -9999 -9999 -9999 -9999 -9999 -9999 -9999 -9999 -9999 0.0851873051430769 0.0591414764920766 0.0663619674561594 0.066981768126785 0.0428490492285008 0.00346185784598546 -0.0319574534074024 -0.0116959734471652 0.0423951581597317 0.0710422614305042 0.0829537319617517 0.074624048532539 0.0563355868811528 0.0456275861176196 0.0446134368303071 0.0402441720877706 0.0274023295955089 0.0133874133452113 0.00791155003306715 0.0127153283272712 0.0212037276370566 -0.0150313843107328 -0.0193650661992436 0.00253273142377364 0.0279431261462556 0.0494982039161612 0.0772144855663044 0.100476328224624 0.122576988164718 0.136624285803138 0.146794916853398
-9999 -9999 -9999 -9999 -9999 -9999 -9999 -9999 -9999 -9999 -9999 -9999 -9999 -9999 -9999 -9999 -9999 -9999 -9999 -9999 -9999 -9999 -9999 -9999 -9999 0.0848689971792106 0.0615342530154924 0.0661891508355553 0.0646979097237774 0.0414710986941644 -0.00258535247312741 -0.0306954245276932 -0.0134595003765388 0.0224675661430463 0.0560022391779698 0.0688759498708449 0.0600266607893656 0.0390507623323348 0.0304223601174485 0.0350364148243212 0.0379703909877567 0.0212733679916551 0.00374901475236844 -0.00599986343964243 -0.0110818255969125 -0.0182128551983828 -0.0294320944653468 -0.0268529423182772 -0.0117830221998041 0.00638437031352451 0.0234511008581449 0.0451817670658544 0.0613275216626009 0.0760819815617 0.0838367343310562 0.082864208063801
-9999 -9999 -9999 -9999 -9999 -9999 -9999 -9999 -9999 -9999 -9999 -9999 -9999 -9999 -9999 -9999 -9999 -9999 -9999 -9999 -9999 -9999 -9999 -9999 -9999 0.0853184791472064 0.064165012314154 0.0688871158500351 0.0666724062059501 0.0420200476326281 -0.000392974376121069 -0.0252141019101232 -0.0118951737137108 0.0196574045283296 0.0521263134715815 0.0652245787061342 0.0556096129154268 0.0333679920398123 0.0232749388198977 0.0304291671426118 0.0345393069459807 0.0170870854143729 -0.00277912691178139 -0.012879627784076 -0.0206259679229298 -0.0271926341643218 -0.0325457506078981 -0.0311974723980056 -0.022225804033894 -0.0106619639273789 0.00347190180368817 0.0177147490442923 0.0302705548373833 0.0398981402947404 0.0423550025181721 0.0418528634975294
-9999 -9999 -9999 -9999 -9999 -9999 -9999 -9999 -9999 -9999 -9999 -9999 -9999 -9999 -9999 -9999 -9999 -9999 -9999 -9999 -9999 -9999 -9999 -9999 -9999 0.082147142512182 0.0658215550350598 0.0712064393404759 0.0682300472392863 0.0444906095404089 0.000927563111172425 -0.0207457671413125 -0.00575003113867484 0.0225779395005253 0.0505956940395165 0.0637841793500618 0.0535102525199549 0.0379055946218683 0.0284116521572426 0.0268534972743631 0.0252750958074248 0.0109503840836022 -0.0032887668236064 -0.0114137273255353 -0.0192342438982918 -0.0259474568572458 -0.0315838216642861 -0.0326529119305086 -0.0289675472432007 -0.0204920364801151 -0.00953166295472263 0.00134036732355713 0.00957058831260815 0.01622345089512 0.0204426786771466 0.0210234108048014
-9999 -9999 -9999 -9999 -9999 -9999 -9999 -9999 -9999 -9999 -9999 -9999 -9999 -9999 -9999 -9999 -9999 -9999 -9999 -9999 -9999 -9999 -9999 -9999 -9999 0.0800652578922288 0.064379077080086 0.0732713099803605 0.0711887873821748 0.0482415219586962 0.00540557399781494 -0.0157019991263641 -0.00382822711837666 0.0185862858472138 0.0413064772920343 0.054956705140518 0.0467586391891163 0.0356022928607291 0.0276224922537128 0.0238477331810192 0.020403068087455 0.00958988273171157 -0.000444639213014075 -0.00701504503362677 -0.0157742995242084 -0.023180706041787 -0.0291733536158715 -0.0322365711106968 -0.0316519596816043 -0.0266516152941207 -0.0187602902258759 -0.0128636440053901 -0.00610725980983862 -0.00103053435028222 0.00187242401419979 0.00487574486677755
-9999 -9999 -9999 -9999 -9999 -9999 -9999 -9999 -9999 -9999 -9999 -9999 -9999 -9999 -9999 -9999 -9999 -9999 -9999 -9999 -9999 -9999 -9999 -9999 -9999 0.0784154815823753 0.0639011694636942 0.0736267847339842 0.073277079390567 0.054327539302307 0.014849026331068 -0.00824937075539911 -0.00486753179303412 0.00680486295307398 0.0212489274542367 0.0290322799967568 0.0305965881274481 0.0265020722212036 0.0224504303088489 0.0200478712314001 0.0156114519574729 0.00871123305470339 0.0027897229084542 -0.00324319400213186 -0.0118483611835761 -0.0201348863218314 -0.0263564273084634 -0.0296759197433361 -0.0308148118020352 -0.0280268624428948 -0.0236237814394877 -0.0187067545960465 -0.0154991621334727 -0.0126027420624458 -0.00850819586358997 -0.00731089266241963
-9999 -9999 -9999 -9999 -9999 -9999 -9999 -9999 -9999 -9999 -9999 -9999 -9999 -9999 -9999 -9999 -9999 -9999 -9999 -9999 -9999 -9999 -9999 -9999 -9999 0.0769014839340011 0.0621214904762535 0.0739168624595863 0.0753876168632632 0.0595824664865797 0.0256929732282196 0.0020641495125473 -0.00100542782414215 0.00452614334683749 0.0138371441312751 0.0205281660271264 0.0247937837804202 0.0235390081735683 0.0218531545951797 0.0219974490622417 0.0177381303961685 0.0121525375476697 0.00624779919079055 0.000776985785741091 -0.00707567930053915 -0.014949804767428 -0.0218058672769093 -0.0263505778814987 -0.0276842598741661 -0.0264089216455689 -0.0238633576223183 -0.0210258280757822 -0.0181850333691904 -0.0121026474470612 -0.00929158185043588 -0.00511137358841124
-9999 -9999 -9999 -9999 -9999 -9999 -9999 -9999 -9999 -9999 -9999 -9999 -9999 -9999 -9999 -9999 -9999 -9999 -9999 -9999 -9999 -9999 -9999 -9999 -9999 0.0769761655083929 0.0636060073197944 0.0748143073142705 0.0770931499384157 0.0645585997767799 0.0375049150104241 0.0155250039486096 0.00698208590804844 0.00708130007832236 0.0138376577492546 0.0215986795922173 0.0243890385904563 0.0254510990941946 0.0251414647742974 0.02455358374529 0.02311826887776 0.0169807857779728 0.0105663240859714 0.00567157867040768 -0.000869470911226689 -0.00705863174130822 -0.0161117805711335 -0.0216475708587708 -0.0248334765009093 -0.0241650303133122 -0.0217315965309812 -0.0211460799308305 -0.0141062472056425 -0.012209142220117 -0.00800288047556175 0.00524738445265532
-9999 -9999 -9999 -9999 -9999 -9999 -9999 -9999 -9999 -9999 -9999 -9999 -9999 -9999 -9999 -9999 -9999 -9999 -9999 -9999 -9999 -9999 -9999 -9999 0.085185706583403 0.0747136866467891 0.0639752036401244 0.0757800861642048 0.0785739037165648 0.0691458501172313 0.0460082176610974 0.0248833251744705 0.0146361097743847 0.0114214239172372 0.0142574109349972 0.0209731123529824 0.0235649910718551 0.0243913753387215 0.0248171238189462 0.0268533080162308 0.0287982313975605 0.0237050029381918 0.0173955359268734 0.0126482170271214 0.00717869111376618 0.000410762218871707 -0.00890217701389373 -0.0162107921443201 -0.0214356051070074 -0.0251322276209425 -0.0260409764740213 -0.0231070490239974 -0.0150800653533737 -0.011847340184952 -0.0126754664597826 -0.00528245928352566
