meets/meet004/_saidas_enm/CCSM_Maxent_21k_Aralia_warmingiana4.asc
NCOLS 154 
NROWS 168 
XLLCORNER -112 
YLLCORNER -55.5 
CELLSIZE 0.5 
NODATA_value -9999 
[rows 100 to 124 of 168, columns 56 to 111 of 154]
-9999 -9999 -9999 -9999 -9999 -9999 -9999 -9999 -9999 -9999 -9999 -9999 -9999 -9999 -9999 -9999 -9999 -9999 -9999 -9999 -9999 -9999 -9999 -9999 -9999 -9999 -9999 -9999 0.0515260770916939 0.0972949340939522 0.15655130147934 0.0656026676297188 0.0558896586298943 0.0552760772407055 0.0698816478252411 0.0602250583469868 0.0311942212283611 0.021149467676878 0.0492705926299095 0.159655556082726 0.204253107309341 0.312653690576553 0.457743138074875 0.533473253250122 0.541543483734131 0.536280572414398 0.591343998908997 0.645645320415497 0.625957667827606 0.636488318443298 0.662923336029053 0.682205379009247 0.667614877223969 0.643776714801788 0.615810632705688 0.585285127162933
-9999 -9999 -9999 -9999 -9999 -9999 -9999 -9999 -9999 -9999 -9999 -9999 -9999 -9999 -9999 -9999 -9999 -9999 -9999 -9999 -9999 -9999 -9999 -9999 -9999 -9999 -9999 -9999 0.0523940809071064 0.11465160548687 0.119051583111286 0.0626730918884277 0.0599418431520462 0.0596919879317284 0.0667310953140259 0.0614852271974087 0.0355364494025707 0.0249847546219826 0.0700621455907822 0.172784999012947 0.208895370364189 0.32061693072319 0.451841950416565 0.492924958467484 0.502339959144592 0.503534317016602 0.587753713130951 0.58823436498642 0.574688494205475 0.630246043205261 0.672120630741119 0.674441158771515 0.677242040634155 0.65943831205368 0.6147700548172 0.57952207326889
-9999 -9999 -9999 -9999 -9999 -9999 -9999 -9999 -9999 -9999 -9999 -9999 -9999 -9999 -9999 -9999 -9999 -9999 -9999 -9999 -9999 -9999 -9999 -9999 -9999 -9999 -9999 0.0514557883143425 0.0500410683453083 0.133013740181923 0.135595947504044 0.0667057037353516 0.0613157190382481 0.0568589977920055 0.0597671307623386 0.0517565160989761 0.0414719432592392 0.0363346114754677 0.104671396315098 0.187946423888206 0.229201629757881 0.335957080125809 0.476536870002747 0.508099913597107 0.466083437204361 0.467803776264191 0.564074993133545 0.582853972911835 0.57751852273941 0.602588474750519 0.631214737892151 0.647766590118408 0.657924711704254 0.662079572677612 0.649720430374146 0.603972554206848
-9999 -9999 -9999 -9999 -9999 -9999 -9999 -9999 -9999 -9999 -9999 -9999 -9999 -9999 -9999 -9999 -9999 -9999 -9999 -9999 -9999 -9999 -9999 -9999 -9999 -9999 -9999 0.0473903939127922 0.0516011789441109 0.161792248487473 0.132364332675934 0.0648162513971329 0.0583767406642437 0.05211541056633 0.0503596514463425 0.0478676147758961 0.045390609651804 0.0481611303985119 0.137401700019836 0.179773420095444 0.233980879187584 0.341162025928497 0.469626128673553 0.496153116226196 0.443953365087509 0.438347548246384 0.515660762786865 0.57227486371994 0.564741492271423 0.578651368618011 0.598419487476349 0.618160843849182 0.627732515335083 0.637051403522491 0.637148857116699 0.62794303894043
-9999 -9999 -9999 -9999 -9999 -9999 -9999 -9999 -9999 -9999 -9999 -9999 -9999 -9999 -9999 -9999 -9999 -9999 -9999 -9999 -9999 -9999 -9999 -9999 -9999 -9999 -9999 0.0515600740909576 0.0564102604985237 0.179865509271622 0.13409435749054 0.0663233175873756 0.0549328625202179 0.0446709953248501 0.0408454760909081 0.0415605120360851 0.0440835729241371 0.0602967329323292 0.113581329584122 0.161546304821968 0.224620684981346 0.310779303312302 0.401538401842117 0.429460823535919 0.420782148838043 0.413611441850662 0.456692546606064 0.543462693691254 0.552256882190704 0.55232173204422 0.563126564025879 0.576605498790741 0.593394458293915 0.594639420509338 0.592319965362549 0.579203546047211
-9999 -9999 -9999 -9999 -9999 -9999 -9999 -9999 -9999 -9999 -9999 -9999 -9999 -9999 -9999 -9999 -9999 -9999 -9999 -9999 -9999 -9999 -9999 -9999 -9999 -9999 -9999 0.0599384009838104 0.0648700296878815 0.235390573740005 0.106965735554695 0.0603106878697872 0.0492293201386929 0.0397818051278591 0.0347663536667824 0.0365425050258636 0.037569921463728 0.0483814291656017 0.109549306333065 0.164068534970284 0.23294834792614 0.299993425607681 0.367249816656113 0.402925938367844 0.397121578454971 0.386586576700211 0.45219549536705 0.506107926368713 0.518022179603577 0.507128655910492 0.51320880651474 0.526255905628204 0.529044270515442 0.525961697101593 0.537042319774628 0.530636608600616
-9999 -9999 -9999 -9999 -9999 -9999 -9999 -9999 -9999 -9999 -9999 -9999 -9999 -9999 -9999 -9999 -9999 -9999 -9999 -9999 -9999 -9999 -9999 -9999 -9999 -9999 -9999 0.0833500698208809 0.0819065347313881 0.244421526789665 0.0800854116678238 0.0533944666385651 0.0457170791924 0.0340248867869377 0.0302719678729773 0.0288302972912788 0.0287426374852657 0.0481287054717541 0.110479988157749 0.166270583868027 0.228540673851967 0.294550359249115 0.352582424879074 0.380437672138214 0.389602959156036 0.438880831003189 0.461704760789871 0.493128091096878 0.477014631032944 0.461118996143341 0.452501893043518 0.469351053237915 0.489358872175217 0.488339722156525 0.493370085954666 0.502008736133575
-9999 -9999 -9999 -9999 -9999 -9999 -9999 -9999 -9999 -9999 -9999 -9999 -9999 -9999 -9999 -9999 -9999 -9999 -9999 -9999 -9999 -9999 -9999 -9999 -9999 -9999 -9999 0.119696550071239 0.109272882342339 0.159966871142387 0.068276971578598 0.0513732321560383 0.042564895004034 0.0323401466012001 0.0241471137851477 0.0203908421099186 0.0243294239044189 0.0572863891720772 0.107343383133411 0.16992299258709 0.227693542838097 0.286164194345474 0.333209663629532 0.358972370624542 0.358490228652954 0.400666207075119 0.423737227916718 0.457256525754929 0.450675815343857 0.426562309265137 0.408067166805267 0.418862730264664 0.437668979167938 0.446087658405304 0.458997994661331 0.45989853143692
-9999 -9999 -9999 -9999 -9999 -9999 -9999 -9999 -9999 -9999 -9999 -9999 -9999 -9999 -9999 -9999 -9999 -9999 -9999 -9999 -9999 -9999 -9999 -9999 -9999 -9999 -9999 0.180421307682991 0.149068310856819 0.110077530145645 0.0694266930222511 0.0547086670994759 0.0451182574033737 0.0329866781830788 0.0222558788955212 0.0158088486641645 0.0262765344232321 0.0628979280591011 0.105069801211357 0.16906251013279 0.231468394398689 0.279078930616379 0.317877292633057 0.339567631483078 0.340822964906693 0.338362455368042 0.342607617378235 0.368002682924271 0.402418941259384 0.398710757493973 0.37618225812912 0.382655054330826 0.395132780075073 0.402279675006866 0.416400790214539 0.419073522090912
-9999 -9999 -9999 -9999 -9999 -9999 -9999 -9999 -9999 -9999 -9999 -9999 -9999 -9999 -9999 -9999 -9999 -9999 -9999 -9999 -9999 -9999 -9999 -9999 -9999 -9999 -9999 0.166179969906807 0.122278906404972 0.0898264646530151 0.0649971067905426 0.0613116957247257 0.0539458878338337 0.0375348180532455 0.022404108196497 0.0202296879142523 0.043311595916748 0.0862458199262619 0.127704873681068 0.170310646295547 0.228639006614685 0.271218687295914 0.301796704530716 0.32028716802597 0.320956856012344 0.314407080411911 0.300938993692398 0.306911945343018 0.33799535036087 0.366080075502396 0.357275307178497 0.357498317956924 0.362207621335983 0.366796404123306 0.380103439092636 0.384445130825043
-9999 -9999 -9999 -9999 -9999 -9999 -9999 -9999 -9999 -9999 -9999 -9999 -9999 -9999 -9999 -9999 -9999 -9999 -9999 -9999 -9999 -9999 -9999 -9999 -9999 -9999 0.111941285431385 0.118578106164932 0.0968454256653786 0.0828684717416763 0.0515609160065651 0.0571416839957237 0.0710319578647614 0.0497320406138897 0.0315967835485935 0.0243703536689281 0.0465206615626812 0.0939542502164841 0.178296014666557 0.20147642493248 0.226347059011459 0.256748020648956 0.28352415561676 0.296609967947006 0.28874009847641 0.283729255199432 0.266688644886017 0.274817794561386 0.297575682401657 0.311523854732513 0.32108074426651 0.3293317258358 0.328071177005768 0.339147925376892 0.350194126367569 0.351630032062531
-9999 -9999 -9999 -9999 -9999 -9999 -9999 -9999 -9999 -9999 -9999 -9999 -9999 -9999 -9999 -9999 -9999 -9999 -9999 -9999 -9999 -9999 -9999 -9999 -9999 -9999 0.0920660123229027 0.0952935367822647 0.0817910209298134 0.0683433711528778 0.0509537607431412 0.0535926036536694 0.0764559507369995 0.0733833387494087 0.0510016195476055 0.0500245466828346 0.0663060918450356 0.118087030947208 0.194522440433502 0.223633021116257 0.216177135705948 0.227996572852135 0.24396538734436 0.253866702318192 0.248732283711433 0.241029784083366 0.236870929598808 0.247620522975922 0.265015691518784 0.278430581092834 0.285727292299271 0.295296758413315 0.301054030656815 0.312780171632767 0.322998374700546 0.327611804008484
-9999 -9999 -9999 -9999 -9999 -9999 -9999 -9999 -9999 -9999 -9999 -9999 -9999 -9999 -9999 -9999 -9999 -9999 -9999 -9999 -9999 -9999 -9999 -9999 -9999 -9999 0.0813158452510834 0.0665133744478226 0.0558541417121887 0.0435036830604076 0.059799637645483 0.0711776837706566 0.0904165953397751 0.102008663117886 0.0823589041829109 0.0738515332341194 0.0953924283385277 0.153071284294128 0.207550972700119 0.232308909296989 0.230252265930176 0.22484490275383 0.212722808122635 0.210047453641891 0.214538514614105 0.210944727063179 0.226609632372856 0.22947071492672 0.23709312081337 0.247123196721077 0.257807344198227 0.266436904668808 0.273606270551682 0.28397336602211 0.2905293405056 0.293763279914856
-9999 -9999 -9999 -9999 -9999 -9999 -9999 -9999 -9999 -9999 -9999 -9999 -9999 -9999 -9999 -9999 -9999 -9999 -9999 -9999 -9999 -9999 -9999 -9999 -9999 -9999 0.0697044804692268 0.0386756137013435 0.0370688587427139 0.037449587136507 0.0751509889960289 0.0863016173243523 0.134016126394272 0.130647599697113 0.101012744009495 0.0907651633024216 0.118219889700413 0.182418659329414 0.221190273761749 0.244297578930855 0.261060237884521 0.249061807990074 0.230692103505135 0.229696407914162 0.244156077504158 0.252884864807129 0.237675800919533 0.21545597910881 0.212084621191025 0.218328833580017 0.228893414139748 0.239050388336182 0.24774669110775 0.258390188217163 0.264085620641708 0.268008768558502
-9999 -9999 -9999 -9999 -9999 -9999 -9999 -9999 -9999 -9999 -9999 -9999 -9999 -9999 -9999 -9999 -9999 -9999 -9999 -9999 -9999 -9999 -9999 -9999 -9999 0.122956477105618 0.065092422068119 0.0236606895923615 0.022609006613493 0.0388455949723721 0.0767287090420723 0.0966585278511047 0.180373653769493 0.152162954211235 0.112634360790253 0.085970439016819 0.131463035941124 0.203830823302269 0.232331976294518 0.239659860730171 0.230814799666405 0.249651819467545 0.244695290923119 0.25117951631546 0.24921241402626 0.241709128022194 0.258898586034775 0.204437524080276 0.187187179923058 0.189845681190491 0.202110260725021 0.213947594165802 0.221945509314537 0.231732740998268 0.236975863575935 0.244398027658463
-9999 -9999 -9999 -9999 -9999 -9999 -9999 -9999 -9999 -9999 -9999 -9999 -9999 -9999 -9999 -9999 -9999 -9999 -9999 -9999 -9999 -9999 -9999 -9999 -9999 0.092706486582756 0.0581049174070358 0.0285181105136871 0.0189124140888453 0.0443528890609741 0.0762450695037842 0.114361204206944 0.179793447256088 0.157973602414131 0.120682917535305 0.109243296086788 0.137375205755234 0.191936835646629 0.225508213043213 0.229068651795387 0.224305659532547 0.230779871344566 0.233768031001091 0.233819633722305 0.223624601960182 0.21921606361866 0.237590357661247 0.191650867462158 0.171754419803619 0.170345440506935 0.181893512606621 0.188657402992249 0.194110676646233 0.203439444303513 0.208235561847687 0.213335499167442
-9999 -9999 -9999 -9999 -9999 -9999 -9999 -9999 -9999 -9999 -9999 -9999 -9999 -9999 -9999 -9999 -9999 -9999 -9999 -9999 -9999 -9999 -9999 -9999 -9999 0.0866794362664223 0.053198765963316 0.0222072880715132 0.0207191817462444 0.0507022514939308 0.0772528648376465 0.119260273873806 0.178046375513077 0.165431156754494 0.130545929074287 0.113023795187473 0.135101988911629 0.175987899303436 0.198753103613853 0.196177154779434 0.204355180263519 0.21183905005455 0.209061875939369 0.213647231459618 0.209962978959084 0.200145155191422 0.217070430517197 0.166384428739548 0.15113776922226 0.152454495429993 0.163003653287888 0.166558086872101 0.169590726494789 0.176827847957611 0.180641382932663 0.185796365141869
-9999 -9999 -9999 -9999 -9999 -9999 -9999 -9999 -9999 -9999 -9999 -9999 -9999 -9999 -9999 -9999 -9999 -9999 -9999 -9999 -9999 -9999 -9999 -9999 -9999 0.0610169991850853 0.0435907058417797 0.0222148038446903 0.0203680749982595 0.0451042652130127 0.0682048425078392 0.112026229500771 0.169693514704704 0.17053809762001 0.135445475578308 0.116677172482014 0.12543922662735 0.147663474082947 0.157129809260368 0.165623232722282 0.173448175191879 0.191767483949661 0.174238681793213 0.169335350394249 0.173097014427185 0.173699349164963 0.159680128097534 0.143987938761711 0.139078453183174 0.137547940015793 0.140625298023224 0.144704818725586 0.14911325275898 0.1573286652565 0.161275416612625 0.165685340762138
-9999 -9999 -9999 -9999 -9999 -9999 -9999 -9999 -9999 -9999 -9999 -9999 -9999 -9999 -9999 -9999 -9999 -9999 -9999 -9999 -9999 -9999 -9999 -9999 -9999 0.0480241850018501 0.0356229245662689 0.0210708547383547 0.0172532014548779 0.0395135469734669 0.067939318716526 0.104083530604839 0.154605731368065 0.170342072844505 0.133250221610069 0.103955671191216 0.104629792273045 0.115676663815975 0.127978846430779 0.137034147977829 0.147601827979088 0.162969768047333 0.140370577573776 0.131363719701767 0.1262147128582 0.116652086377144 0.123397529125214 0.123340032994747 0.124344147741795 0.1225660815835 0.122276663780212 0.127932593226433 0.132302895188332 0.139679610729218 0.143544226884842 0.149407178163528
-9999 -9999 -9999 -9999 -9999 -9999 -9999 -9999 -9999 -9999 -9999 -9999 -9999 -9999 -9999 -9999 -9999 -9999 -9999 -9999 -9999 -9999 -9999 -9999 -9999 0.0426530539989471 0.0298361219465733 0.018664289265871 0.0166869815438986 0.0358302593231201 0.0605469159781933 0.0938865467905998 0.145876035094261 0.156973078846931 0.11977206915617 0.0927644744515419 0.0918374359607697 0.098206527531147 0.107583589851856 0.119839504361153 0.134395137429237 0.129700869321823 0.107477881014347 0.110202744603157 0.111488319933414 0.110008552670479 0.111290894448757 0.112196050584316 0.112523555755615 0.110020838677883 0.108786337077618 0.112219415605068 0.116288669407368 0.124832861125469 0.130297780036926 0.135094434022903
-9999 -9999 -9999 -9999 -9999 -9999 -9999 -9999 -9999 -9999 -9999 -9999 -9999 -9999 -9999 -9999 -9999 -9999 -9999 -9999 -9999 -9999 -9999 -9999 -9999 0.0402555577456951 0.0273212604224682 0.0161844566464424 0.0144228776916862 0.0312625728547573 0.0560499913990498 0.0807579532265663 0.126568824052811 0.139620676636696 0.109904542565346 0.0889400616288185 0.0871724113821983 0.0903822854161263 0.0981937125325203 0.109923802316189 0.117274023592472 0.105443470180035 0.0917398259043694 0.100446619093418 0.104916788637638 0.104755438864231 0.1057413443923 0.105448819696903 0.105064265429974 0.102944448590279 0.100732155144215 0.10241874307394 0.105804219841957 0.112648732960224 0.117609813809395 0.123944133520126
-9999 -9999 -9999 -9999 -9999 -9999 -9999 -9999 -9999 -9999 -9999 -9999 -9999 -9999 -9999 -9999 -9999 -9999 -9999 -9999 -9999 -9999 -9999 -9999 -9999 0.0396110750734806 0.0264202523976564 0.0155993420630693 0.0113931372761726 0.0265371780842543 0.0529815293848515 0.0729216337203979 0.0884268134832382 0.0981129854917526 0.10279381275177 0.0979940518736839 0.0930551365017891 0.0831174924969673 0.0798025727272034 0.0901880264282227 0.0958128198981285 0.0888159647583961 0.0828168317675591 0.0902593284845352 0.0961543396115303 0.0992657095193863 0.100115068256855 0.100639998912811 0.100474290549755 0.0980558097362518 0.095023013651371 0.092740423977375 0.0982393622398376 0.106349036097527 0.109740719199181 0.11403963714838
-9999 -9999 -9999 -9999 -9999 -9999 -9999 -9999 -9999 -9999 -9999 -9999 -9999 -9999 -9999 -9999 -9999 -9999 -9999 -9999 -9999 -9999 -9999 -9999 -9999 0.0421648249030113 0.0284452680498362 0.0158132258802652 0.00957844872027636 0.0224885065108538 0.050047505646944 0.0696098655462265 0.074479877948761 0.070943295955658 0.0721598640084267 0.0702370703220367 0.0722049549221992 0.0688314363360405 0.06883604824543 0.0828632861375809 0.0873891934752464 0.0831305608153343 0.0747143253684044 0.0813958272337914 0.0846824049949646 0.088482566177845 0.093254029750824 0.0956611707806587 0.0969633162021637 0.0951965898275375 0.092994399368763 0.0912341773509979 0.0890460535883904 0.0871303901076317 0.0899136140942574 0.0890803411602974
-9999 -9999 -9999 -9999 -9999 -9999 -9999 -9999 -9999 -9999 -9999 -9999 -9999 -9999 -9999 -9999 -9999 -9999 -9999 -9999 -9999 -9999 -9999 -9999 -9999 0.0451198220252991 0.0273361839354038 0.014764660038054 0.00889398902654648 0.018152367323637 0.042564757168293 0.0607114806771278 0.0661638081073761 0.0662274733185768 0.0597459152340889 0.0650022774934769 0.0643188580870628 0.0638472363352776 0.0676138401031494 0.0808940157294273 0.089094765484333 0.0844216644763947 0.0731632634997368 0.0721068009734154 0.0746194198727608 0.0768735408782959 0.0822798609733582 0.0884166806936264 0.0929407626390457 0.0930772721767426 0.0934912413358688 0.0893576368689537 0.0853285640478134 0.082482635974884 0.0782321467995644 0.0770029127597809
-9999 -9999 -9999 -9999 -9999 -9999 -9999 -9999 -9999 -9999 -9999 -9999 -9999 -9999 -9999 -9999 -9999 -9999 -9999 -9999 -9999 -9999 -9999 -9999 0.0389469563961029 0.0466520525515079 0.0272359419614077 0.0137187670916319 0.00936772767454386 0.0135607179254293 0.0314352214336395 0.0486211515963078 0.0585600361227989 0.0618644617497921 0.0551140159368515 0.0529364421963692 0.0542364157736301 0.0553031079471111 0.0598815381526947 0.0752601474523544 0.088834822177887 0.0849706158041954 0.0744536742568016 0.0721124261617661 0.0734672248363495 0.0752693191170692 0.071381464600563 0.0767998397350311 0.0810299590229988 0.0841140374541283 0.0862215086817741 0.0847722142934799 0.0814662650227547 0.0798678770661354 0.0763225555419922 0.0741836726665497
