meets/meet004/_saidas_enm/CCSM_Gower_0k_Cavanillesia_umbellata4.asc
NCOLS 154 
NROWS 168 
XLLCORNER -112 
YLLCORNER -55.5 
CELLSIZE 0.5 
NODATA_value -9999 
[rows 78 to 103 of 168, columns 58 to 115 of 154]
-9999 -9999 -9999 -9999 -9999 -9999 -9999 -9999 -9999 -9999 0.605008483039759 0.487506852352252 0.399476359990657 0.335913113587468 0.308100134319263 0.354443070622664 0.440080699467606 0.56100396678116 0.688282549406825 0.660653092309427 0.614755189621217 0.577767987927554 0.563074153426352 0.550570546399014 0.554396667249361 0.559306247954043 0.560591764206884 0.559790956987172 0.555256318522901 0.560263721180313 0.561448900777269 0.562303774114815 0.564461263686655 0.563201648876311 0.560185136706719 0.556597409715467 0.561470527224402 0.572386069074479 0.588504080768317 0.613231256648344 0.639939777535538 0.647411452119234 0.635030302822476 0.617739122876216 0.608743652485274 0.598459706389183 0.593684899225739 0.597509634911084 0.602086809267481 0.595392200819622 0.58877678058194 0.587544178047842 0.589293500123618 0.591681953749777 0.598287542745083 0.593653234130653 0.583886244701296 0.574410856027217
-9999 -9999 -9999 -9999 -9999 -9999 -9999 -9999 -9999 -9999 -9999 0.596271772761614 0.437015979620243 0.278842653393276 0.175828475815523 0.137260950760419 0.178072391691232 0.290345815435422 0.465378133380098 0.627841566101573 0.636216560000908 0.584300286834628 0.563816116592237 0.553793767167947 0.559643092441657 0.561940525244074 0.561771537192057 0.562077199360548 0.555989228757428 0.557381745629515 0.555297936860116 0.553400341859346 0.552682142638275 0.546272415766472 0.545791353052918 0.542109450428511 0.545069884717746 0.551550274748206 0.564458120307711 0.593259358456101 0.620078948170331 0.631511892272819 0.629024521447184 0.616225975070303 0.597817717221578 0.577251473095183 0.567629160986178 0.571644004073507 0.576378208133199 0.573745552930618 0.56774420865552 0.565858181289263 0.56657713492128 0.568875699340117 0.575277167178583 0.579643986616064 0.576846744091987 0.562766730965652
-9999 -9999 -9999 -9999 -9999 -9999 -9999 -9999 -9999 -9999 -9999 0.571667816374881 0.482149901390121 0.202881455929245 0.0884930753665422 0 0 0.0392804891888038 0.137614739752858 0.442666061418887 0.498325592908175 0.542627077363364 0.593787064076575 0.570955358849309 0.580495487965288 0.575265172460187 0.566775670735368 0.570781718596456 0.563796250437313 0.566533379086383 0.562819036791276 0.557448888203753 0.552010968366203 0.536552333661414 0.545364482192356 0.541695781759512 0.541121675029224 0.540016462992597 0.537884120452307 0.566139325101993 0.597801973309388 0.611061971871746 0.617516859486987 0.620789434942304 0.587830691063548 0.5541742417553 0.540190983391555 0.543548112103492 0.549986883796736 0.548373701722798 0.546753604215183 0.546980053234291 0.548712809443251 0.547282194818366 0.553593974002282 0.554887537305219 0.553561785801898 0.542305220069129
-9999 -9999 -9999 -9999 -9999 -9999 -9999 -9999 -9999 -9999 -9999 -9999 0.589977044091157 0.371487671786653 0.14629656891265 0 0 0 0.0292943635996504 0.237538424837103 0.159370580322977 0.159691112136319 0.274417458923527 0.407676945969372 0.536371244269987 0.596022684700725 0.572958600478329 0.58821835541583 0.591219845871038 0.597636379067497 0.589474065162349 0.581979494310341 0.574526569852154 0.566535013643434 0.572881438578544 0.574726028416821 0.570661012845015 0.559309894273618 0.546581221313907 0.556524231853657 0.569857062246359 0.580749108248073 0.595827421118139 0.593727202351954 0.572146051049669 0.539553128936286 0.524257321260784 0.524838720630222 0.525861324668207 0.528580095984245 0.527371655383105 0.531385624559131 0.541923739600514 0.543796816245523 0.540995311195684 0.529899560729679 0.529156465947373 0.532471976322095
-9999 -9999 -9999 -9999 -9999 -9999 -9999 -9999 -9999 -9999 -9999 -9999 0.593752406535849 0.560915883357706 0.284668223259391 0.000548654457754205 0 0 0 0.0089430123858798 0 0 0 0.0292481375382528 0.192651881960666 0.40795780232003 0.554409646920275 0.652925118556693 0.638686140860422 0.62486667280275 0.621007250840003 0.615072518141908 0.607689376696272 0.601278206467988 0.614852923247597 0.622416104969529 0.617183519996787 0.600407307613064 0.565873269508193 0.568065084778099 0.554343984218263 0.553100463508111 0.569614770597374 0.573023644002827 0.55840824745739 0.530596887914563 0.518952806425607 0.521584191807009 0.512677867642912 0.522639361250851 0.519344722912315 0.52261874068498 0.538629352732294 0.549723091435776 0.535704878698176 0.514882256428593 0.52036116592757 0.540707503419594
-9999 -9999 -9999 -9999 -9999 -9999 -9999 -9999 -9999 -9999 -9999 -9999 -9999 0.645538911667129 0.427151247471566 0.116405499723288 0 0 0 0 0 0 0 0 0 0 0.0788445197972358 0.361101278328429 0.594076639465966 0.663711309064318 0.640669388521092 0.62723496204266 0.63510479830561 0.651889297779276 0.65048233383365 0.651698389205335 0.655270198749096 0.663105426669658 0.656604274751167 0.613393256527337 0.558774011031286 0.534043917264292 0.54458002054315 0.555561100545288 0.550776626322567 0.539450151842089 0.537591786210537 0.544213125352835 0.546302592204332 0.54465156384791 0.535549972983827 0.535189490286556 0.542292395083038 0.539981382883585 0.540405487570677 0.535594231759355 0.550768579272471 0.581813175792376
-9999 -9999 -9999 -9999 -9999 -9999 -9999 -9999 -9999 -9999 -9999 -9999 -9999 0.528413073972877 0.544652831985631 0.237192412980788 0 0 0 0 0 0 0 0 0 0 0 0.130745764692811 0.411600864293803 0.626550629044637 0.642809410258207 0.618300396307345 0.633389400822355 0.678006379188815 0.666680817067581 0.670393721201875 0.689635309071696 0.685533608977319 0.688217367030105 0.663382236256413 0.566741847977933 0.515615921074067 0.524006982561703 0.543906583038239 0.547745277404361 0.552719611715285 0.560779486797406 0.572878965440731 0.585003276258145 0.5798305848641 0.567063227041143 0.565096729173926 0.565850134239167 0.554912810071926 0.57096104706628 0.576351127274141 0.596844313039081 0.601847366551059
-9999 -9999 -9999 -9999 -9999 -9999 -9999 -9999 -9999 -9999 -9999 -9999 -9999 0.450216030146719 0.538360781026673 0.421408061492061 0.197508373983117 0 0 0 0 0 0 0 0 0 0 0.11144807384232 0.308410259573338 0.513544025625376 0.635214095409968 0.584374109998364 0.599120724170082 0.626056821536271 0.645797791004735 0.676461864098012 0.676542108397286 0.658950226483059 0.654921387165478 0.684622495183254 0.567289550325094 0.505931422018652 0.502163390811186 0.524792575827328 0.546629000673852 0.566343141792706 0.58432439992831 0.598413154245943 0.605544806671674 0.610161623972437 0.611361219468925 0.612884018747112 0.612875470581707 0.609737641258861 0.607225684307584 0.605022453187463 0.603672093569642 0.602171870107583
-9999 -9999 -9999 -9999 -9999 -9999 -9999 -9999 -9999 -9999 -9999 -9999 -9999 -9999 0.578686032270967 0.42804245683129 0.419597362482505 0.207272002777865 0 0 0 0 0 0 0 0 0 0 0.228365858387838 0.399740763319018 0.567087029114697 0.585638625362459 0.581080385058205 0.582172522716693 0.600871469858802 0.645817804716622 0.678782911210014 0.679909042729411 0.659800338162734 0.658056624932206 0.541556215734409 0.493375257695375 0.498454580863021 0.52203130602797 0.559420164006965 0.589147590188283 0.611635775175043 0.627242856340126 0.630979284797838 0.625421205237416 0.619942040019495 0.616561352017999 0.612744926210346 0.610066315427633 0.608155249254609 0.60592099336143 0.604599360471914 0.603050667669202
-9999 -9999 -9999 -9999 -9999 -9999 -9999 -9999 -9999 -9999 -9999 -9999 -9999 -9999 -9999 0.593896645544459 0.378200486882897 0.435057708852056 0.310393528790757 0.0911327767697638 0 0 0 0 0 0 0 0 0.0351078435541528 0.293647492525337 0.367019814781522 0.480942629350555 0.613850125094792 0.562350170388025 0.571838145391875 0.588920659011214 0.601405177155512 0.621144344766426 0.598580220940053 0.575710337266636 0.52579518797523 0.508399728900452 0.525692085145874 0.556679640508636 0.586930716213177 0.617791269714409 0.641539762613581 0.638132628218474 0.631078392945606 0.625151274983752 0.620162813623088 0.617043172284146 0.613630080215183 0.611067715897718 0.608939083565049 0.607257856934125 0.606021826796102 0.604348324213869
-9999 -9999 -9999 -9999 -9999 -9999 -9999 -9999 -9999 -9999 -9999 -9999 -9999 -9999 -9999 -9999 -9999 0.303955619674895 0.280715725045061 0.362665859435385 0.170588029390942 0 0 0 0 0 0 0 0 0.0825367082110566 0.213501734813665 0.281153061380663 0.44746837242885 0.602228164680532 0.582808119134789 0.556841964597292 0.545796633929544 0.549212983900782 0.517130903989803 0.537901346168919 0.533238457843742 0.537742416929522 0.564660679646847 0.585777244736912 0.605165593592432 0.630929826818784 0.649060402733161 0.6407401623702 0.63398660481613 0.628240557818969 0.622458515913303 0.618802193457535 0.615512758639036 0.61318101702236 0.611505057425849 0.609652971284434 0.608588429521641 0.607010226831934
-9999 -9999 -9999 -9999 -9999 -9999 -9999 -9999 -9999 -9999 -9999 -9999 -9999 -9999 -9999 -9999 -9999 -9999 -9999 0.358295895654244 0.438328898723574 0.262293049122243 0.0489736995510034 0 0 0 0 0 0 0 0.0752155243669116 0.135191317896287 0.259132685531501 0.382082108585004 0.541424291210304 0.58428989965581 0.544146485719227 0.561495171315321 0.579232209170099 0.578454654641502 0.581966386679929 0.593893666348614 0.599015273938071 0.607167902079537 0.617885334160276 0.623880997492337 0.639497474502845 0.644627254788026 0.637389983379551 0.631752549972645 0.625896570873285 0.622315889858032 0.618149207430784 0.615744225280981 0.614154920440173 0.612952870038146 0.611824272907876 0.610306490326653
-9999 -9999 -9999 -9999 -9999 -9999 -9999 -9999 -9999 -9999 -9999 -9999 -9999 -9999 -9999 -9999 -9999 -9999 -9999 -9999 -9999 0.461458764457524 0.324251171757903 0.106677857858427 0 0 0 0 0 0 0 0.021563466084205 0.166407561341275 0.22677195175579 0.373917259365628 0.543782731301256 0.629098349806587 0.623892672157604 0.631984882997071 0.629516858759593 0.638074610774999 0.64043645115219 0.638793103031727 0.63787213872308 0.638808002128353 0.638625766162897 0.648473290722104 0.652880982865834 0.645245932378182 0.638210280155924 0.631502444153879 0.625099498984364 0.62369149056354 0.620677989436066 0.618655787200469 0.616772472898515 0.615930509510983 0.615607266021723
-9999 -9999 -9999 -9999 -9999 -9999 -9999 -9999 -9999 -9999 -9999 -9999 -9999 -9999 -9999 -9999 -9999 -9999 -9999 -9999 -9999 -9999 -9999 0.449031658601047 0.262333419528854 0 0 0 0 0 0 0 0 0.102893715523827 0.26028349477922 0.368733684167323 0.515012549233589 0.671813098636711 0.652790137188747 0.653397560618439 0.677802872159895 0.683393822075763 0.676578523463466 0.674621732142601 0.668518745020764 0.672637486770394 0.666888227846916 0.658817250269632 0.653205234830093 0.646100624765493 0.6207430698431 0.613560926958031 0.628409042137731 0.626150384422445 0.623415269324699 0.622265026623353 0.621487186399125 0.620396793386202
-9999 -9999 -9999 -9999 -9999 -9999 -9999 -9999 -9999 -9999 -9999 -9999 -9999 -9999 -9999 -9999 -9999 -9999 -9999 -9999 -9999 -9999 -9999 0.300800338105911 0.396697660148171 0.254133277900135 0.043398624169344 0 0 0 0 0 0 0 0.0873519573933261 0.269312409383509 0.447821003180232 0.639512347532306 0.648535777978105 0.653537438383603 0.694438034635827 0.706865172865449 0.699729015795843 0.692486423395634 0.682606404091651 0.681163342428567 0.67550399618935 0.668482021296983 0.661664128111468 0.641861093876648 0.616886094000695 0.613878366666009 0.633809911146549 0.634178509086403 0.631677525707934 0.629565405165794 0.628792640277434 0.628750415166216
-9999 -9999 -9999 -9999 -9999 -9999 -9999 -9999 -9999 -9999 -9999 -9999 -9999 -9999 -9999 -9999 -9999 -9999 -9999 -9999 -9999 -9999 -9999 -9999 -9999 0.34013888805945 0.297091420505097 0.0632868822775033 0 0 0 0 0 0 0 0.0871874356136685 0.299704608944257 0.515253749920014 0.602172551292865 0.635775035279233 0.697672778356532 0.717069916203492 0.70578401677016 0.695543262259457 0.687313272704568 0.670586518920582 0.659522177304809 0.655421642070506 0.645237184697335 0.633468010235154 0.618417254147305 0.620645002654856 0.643298189577392 0.643493824060669 0.63976969638822 0.63847843836694 0.637524429517639 0.635481273695958
-9999 -9999 -9999 -9999 -9999 -9999 -9999 -9999 -9999 -9999 -9999 -9999 -9999 -9999 -9999 -9999 -9999 -9999 -9999 -9999 -9999 -9999 -9999 -9999 -9999 0.22089360229369 0.346026693862089 0.219565109746574 0 0 0 0 0 0 0 0.00775155513156522 0.201719056883542 0.415194278726847 0.594817045603596 0.60933976910297 0.653532092041565 0.678919288134298 0.693777619552378 0.700449303675319 0.690651029889143 0.670610448087629 0.655004736500545 0.641352523220153 0.63470886037212 0.638307436956613 0.643945410782346 0.649480536366439 0.657643974614072 0.65472831087625 0.650458539753963 0.642036102668368 0.644756299675616 0.647075711644571
-9999 -9999 -9999 -9999 -9999 -9999 -9999 -9999 -9999 -9999 -9999 -9999 -9999 -9999 -9999 -9999 -9999 -9999 -9999 -9999 -9999 -9999 -9999 -9999 -9999 -9999 0.270038722568152 0.347833090977282 0.114060905285383 0 0 0 0 0 0 0 0.148515244446572 0.346175850464485 0.560745273874694 0.573992619398197 0.581436393246474 0.608343825074962 0.660658111324402 0.710419563985843 0.691865721917631 0.673818740664197 0.660367226673914 0.637941408403665 0.626950544959294 0.64603628773805 0.676362083236786 0.672084951438124 0.667466100154788 0.66011813077854 0.640541967888747 0.62467131673728 0.628483706477093 0.654688647666162
-9999 -9999 -9999 -9999 -9999 -9999 -9999 -9999 -9999 -9999 -9999 -9999 -9999 -9999 -9999 -9999 -9999 -9999 -9999 -9999 -9999 -9999 -9999 -9999 -9999 -9999 0.226248341893369 0.417217817092351 0.17618714319335 0 0 0 0 0 0 0 0.141426667673795 0.32299520400668 0.529236240170734 0.533213310812192 0.536331039783773 0.555619315923326 0.590092121006373 0.630376781246986 0.664294278564527 0.686251185748782 0.684490078859584 0.648931493537018 0.627844713131471 0.64792825063506 0.684505500640379 0.684180426050601 0.680325299065686 0.657028054189463 0.624081356985779 0.600403003521961 0.605206369192351 0.640717643804196
-9999 -9999 -9999 -9999 -9999 -9999 -9999 -9999 -9999 -9999 -9999 -9999 -9999 -9999 -9999 -9999 -9999 -9999 -9999 -9999 -9999 -9999 -9999 -9999 -9999 -9999 0.17558129521172 0.432290748093735 0.216026017901142 0 0 0 0 0 0 0 0.14118069806854 0.3090183125928 0.4945777887441 0.494235663379861 0.49906552799453 0.507161111861452 0.514309909990513 0.515034647439787 0.607753711531699 0.686850316892864 0.686468279337041 0.65863261145506 0.608832452680651 0.653300671807624 0.687554578215828 0.692124364332791 0.675952949488316 0.653318129251014 0.613610850050459 0.572735770761323 0.576850577455598 0.627475237772587
-9999 -9999 -9999 -9999 -9999 -9999 -9999 -9999 -9999 -9999 -9999 -9999 -9999 -9999 -9999 -9999 -9999 -9999 -9999 -9999 -9999 -9999 -9999 -9999 -9999 -9999 0.177648326606912 0.441034825641429 0.174955386233662 0 0 0 0 0 0 0 0.167067744074683 0.335000011195337 0.46680465268923 0.461868164660788 0.47034774369948 0.471947346376382 0.463522713601627 0.474299222502104 0.538981662644311 0.611322822445669 0.650267408805446 0.661781497806558 0.66389701261838 0.670928034313436 0.677415412516919 0.673476910413882 0.66059362789288 0.640541634326883 0.607943657867985 0.580815017370806 0.582578364631906 0.61464967288466
-9999 -9999 -9999 -9999 -9999 -9999 -9999 -9999 -9999 -9999 -9999 -9999 -9999 -9999 -9999 -9999 -9999 -9999 -9999 -9999 -9999 -9999 -9999 -9999 -9999 -9999 0.164678075564647 0.4119314604394 0.123914466054228 0 0 0 0 0 0 0.0157722570195146 0.196614851743618 0.361036084308278 0.436283574761722 0.441591232975843 0.455216523345473 0.454501844708819 0.435581595376001 0.431208778059755 0.492783296572686 0.549413154271921 0.600815063612248 0.657051403519997 0.701459682307263 0.674324821556742 0.658231963129256 0.649155869484724 0.638624431915438 0.629184297580411 0.604375792875124 0.585097131838171 0.583190837211445 0.601143986784923
-9999 -9999 -9999 -9999 -9999 -9999 -9999 -9999 -9999 -9999 -9999 -9999 -9999 -9999 -9999 -9999 -9999 -9999 -9999 -9999 -9999 -9999 -9999 -9999 -9999 -9999 0.170459212132345 0.371189794033996 0.0519427980197278 0 0 0 0 0 0 0.0464554628738032 0.233806813521964 0.400396346112367 0.449862091652669 0.442019989863772 0.451272588652314 0.447413273720321 0.428813774774924 0.43437101727718 0.500691535054559 0.58643126603172 0.629762582666645 0.636941723494931 0.631607402153433 0.636111043264351 0.633621448692951 0.627877513381507 0.620711937402388 0.609973150088369 0.592733795888039 0.574823222732896 0.567829834297948 0.573847569865429
-9999 -9999 -9999 -9999 -9999 -9999 -9999 -9999 -9999 -9999 -9999 -9999 -9999 -9999 -9999 -9999 -9999 -9999 -9999 -9999 -9999 -9999 -9999 -9999 -9999 -9999 0.148517266513497 0.33855132033147 0 0 0 0 0 0 0 0.0903001282957511 0.276215254005379 0.434031291820804 0.457669490538027 0.451077824892958 0.460569446216384 0.454179208294031 0.430377165726394 0.430719919766421 0.514031280880938 0.617538874570062 0.650944984140094 0.617336291330854 0.577545776495002 0.600753220619038 0.610601773920445 0.610754569154583 0.607445176158983 0.59355500233818 0.578828469422028 0.562720208957284 0.551124912709536 0.547561201133414
-9999 -9999 -9999 -9999 -9999 -9999 -9999 -9999 -9999 -9999 -9999 -9999 -9999 -9999 -9999 -9999 -9999 -9999 -9999 -9999 -9999 -9999 -9999 -9999 -9999 0.198963415488142 0.147467932412294 0.324568796775208 0.00819661942161454 0 0 0 0 0 0 0.141653689347401 0.32771194942019 0.482318225844602 0.47357561666925 0.462698142437099 0.478395296736141 0.469421201322017 0.433499924104284 0.436450425316057 0.501657809741872 0.585782685640102 0.617513412681051 0.603398990725967 0.585756594036168 0.588523200825363 0.602057926550872 0.602252743306038 0.592451058044467 0.579145773003513 0.56826902720397 0.556998253398376 0.546025597651808 0.53752175172767
-9999 -9999 -9999 -9999 -9999 -9999 -9999 -9999 -9999 -9999 -9999 -9999 -9999 -9999 -9999 -9999 -9999 -9999 -9999 -9999 -9999 -9999 -9999 -9999 -9999 0.200698680365211 0.172305905764023 0.313397963854844 0.000547240433004248 0 0 0 0 0 0.0143855936484681 0.193039065955925 0.374839422297641 0.503531137857196 0.466693125604305 0.460199281911966 0.475708713620487 0.464158430559213 0.423558673856743 0.419227977818344 0.473143087726589 0.546270152533632 0.581739970913094 0.579678486888564 0.575474152605436 0.577515480556785 0.587059690350157 0.585133857934703 0.570426642510969 0.561247221584237 0.558304390217088 0.556333365884191 0.550361071626202 0.541015554556082
