meets/meet004/_saidas_enm/CCSM_Maha_0k_Aralia_warmingiana5.asc
NCOLS 154 
NROWS 168 
XLLCORNER -112 
YLLCORNER -55.5 
CELLSIZE 0.5 
NODATA_value -9999 
[rows 75 to 99 of 168, columns 56 to 111 of 154]
-9999 -9999 -9999 -9999 -9999 -9999 -9999 -9999 -9999 -9999 -9999 -57.9267533027042 -76.417945636006 -68.068568202199 -55.1601889729368 -34.7694880224104 -11.2122895529655 -1.41595949256701 -1.69863555473771 -3.47199011461812 -5.00069007119193 -3.77838827145538 -2.80939161810879 -2.40499390491461 -1.84452368469348 -1.46771931060368 -1.26841131443574 -1.1020086822801 -0.957341576691551 -0.7360352500923 -0.62030338780491 -0.544858591577388 -0.595956023163785 -0.612365248104949 -0.48467424020514 -0.504336653550712 -0.560124238003297 -0.572612912170333 -0.273892776473376 -0.036891448613475 -0.0138835410238329 0.0354408449239469 -0.128224163263318 -0.577256076903039 -1.3232868940351 -2.15044820211847 -2.66886307569719 -3.73848481213777 -5.15529577289101 -6.84609173608674 -8.85867651484985 -10.1132491301177 -11.4211998289346 -11.9103599644924 -11.3500307664887 -11.1435449687848
-9999 -9999 -9999 -9999 -9999 -9999 -9999 -9999 -9999 -9999 -9999 -55.901498759153 -61.5600305559464 -56.1715097157899 -54.4053925284787 -40.9772990168692 -20.5134811005841 -2.86328592054386 -1.45108474321487 -1.51606520346635 -4.49884531799532 -4.15637821270068 -2.59994999522109 -2.07287997646333 -1.81131216401702 -1.72268358725315 -1.44224207203173 -1.26360320307769 -1.14675083156076 -1.0017223762167 -0.943423143610088 -0.862688486293492 -0.809554536269771 -0.790742052722826 -0.570380966201819 -0.464509686619639 -0.434420576745569 -0.408643765883364 -0.490442712505326 -0.0510038294400819 0.243833724257107 0.321064743339216 0.224202211685868 0.102652110567023 -0.213559136727239 -0.876526611797303 -1.2345810157913 -1.93740919110059 -2.87845248530159 -4.19251498738019 -5.69063876957726 -6.84176448465181 -7.91349934593384 -8.55902831563131 -8.85098532821683 -10.1561411728769
-9999 -9999 -9999 -9999 -9999 -9999 -9999 -9999 -9999 -9999 -9999 -9999 -58.6317040419172 -55.3889801017197 -49.6506097367484 -39.0481262262887 -27.6085116831492 -17.4567182368766 -6.85601002942272 -2.06711816294615 -1.71450207459086 -1.97487517496037 -3.08969019497337 -2.14325442698047 -1.66642734943253 -1.49256175586551 -1.42547177222867 -1.44672950066756 -1.46744599328772 -1.44581397980232 -1.37804443599798 -1.25319272860777 -1.10966699357093 -0.979650244063828 -0.73864110284165 -0.576046619903143 -0.471758766384874 -0.424383017152711 -0.358723097324034 -0.276863000932001 -0.211463652787188 -0.018750197117019 -0.163686061831837 -0.177342371962036 0.061160367255955 0.0308818866398749 -0.396830200757965 -0.731151080203414 -1.12975637021792 -1.8699542107256 -2.91661232419048 -3.72126815293165 -4.52522882796301 -5.42155164659588 -6.3224495037814 -7.92068982043783
-9999 -9999 -9999 -9999 -9999 -9999 -9999 -9999 -9999 -9999 -9999 -9999 -63.8839435253835 -56.3507997999731 -41.2876514355066 -32.9189823955001 -40.9740883874346 -46.9706763507033 -37.0384760463477 -16.9013097420541 -2.56122469953323 -1.40424886241296 -2.36893880821621 -2.58843141250638 -1.55131041555491 -1.11434595921818 -1.4782145086715 -1.86436265800487 -2.08624352479616 -2.20635800114282 -2.14015107825482 -1.9977137393897 -1.86738391925575 -1.62429748912955 -1.2475434048268 -1.04012431184842 -0.899444374659792 -0.843470497364359 -0.672201048377341 -0.3653290343033 -0.320359761023575 -0.630098011465596 -0.878969847036293 -0.879151609436899 -0.339036577534709 -0.145315723889806 -0.293696525902982 -0.485859309657496 -0.397979459128736 -0.628107513117721 -1.29740458950573 -1.80960621247465 -2.48692009886777 -3.16542881205209 -4.57504780419634 -6.69727309496151
-9999 -9999 -9999 -9999 -9999 -9999 -9999 -9999 -9999 -9999 -9999 -9999 -9999 -60.5865503109162 -42.0193259724121 -46.1801082201113 -65.6755403414175 -92.1748754023619 -90.1787358649451 -66.3004351811637 -30.3395054860658 -6.80867431066953 -1.73227627787526 -2.45053161235459 -0.968969454062632 -1.14337605089084 -1.21213148116907 -2.40928227669837 -3.50916711178196 -3.36129474135787 -3.21585369689768 -3.01215099607735 -2.85160810596617 -2.5273876545245 -2.10654943240004 -1.84075820739578 -1.53152007395948 -1.37315573436195 -1.09609466247918 -0.738126209170852 -0.583591180785696 -0.754868803478199 -1.15428328210194 -0.959531725062399 -0.658915892892559 -0.616504625093856 -0.548153573340492 -0.38399518592868 -0.155191855833692 -0.06450030405651 -0.287291600757658 -0.535184761478841 -1.29189881586971 -2.49371187433393 -3.7628450870814 -5.40901490837128
-9999 -9999 -9999 -9999 -9999 -9999 -9999 -9999 -9999 -9999 -9999 -9999 -9999 -59.4442497709234 -44.3104531328495 -59.4692996140226 -90.9799951279905 -156.363203554632 -162.929961141072 -121.608653673502 -92.1773706853939 -36.9691297564555 -8.66727007886207 -9.17065546138206 -9.91323706492335 -1.77779392929082 -1.25243995419303 -2.59004054186535 -4.32018204772043 -4.60624999651905 -4.45750858772195 -4.26921612443157 -4.01949371455435 -3.54383331134902 -3.0849057569417 -2.86079799239908 -2.16027451621372 -1.82671459564796 -1.47819265223918 -1.13134499077468 -1.04255159525271 -0.743756084911557 -0.968151618538802 -0.901183687567426 -0.679066718163919 -1.12593124888413 -0.74875002737517 -0.520987581792502 -0.294119149722844 -0.119036903741849 -0.103770792353247 -0.591654849933651 -1.31060794507145 -2.16257310205402 -3.05237170397991 -4.41367639310273
-9999 -9999 -9999 -9999 -9999 -9999 -9999 -9999 -9999 -9999 -9999 -9999 -9999 -9999 -41.097064435924 -59.0633981478269 -97.9673782415526 -163.596754785727 -179.775130869915 -156.714814823406 -127.911474244904 -95.1163202880972 -73.044949048331 -65.1321545026542 -46.914672484959 -33.3410938038461 -17.5526498437102 -5.63343666681006 -4.60801671769383 -3.85876076534392 -4.88715365292571 -4.80175822884332 -4.69082451909579 -4.51024973986514 -3.72684481912334 -3.18258943271393 -2.41049746350024 -1.84826479338685 -1.3592990504607 -1.02537270902298 -0.876875656995416 -0.587079104517288 -0.488329986040571 -0.683076605834474 -0.476593711196056 -0.57513617823517 -0.619296096599705 -0.937446476727299 -0.900716441672214 -0.680487936552547 -0.740939932804284 -0.918922752649968 -1.35553293548016 -1.78758830958592 -1.99975840367886 -2.56895026876547
-9999 -9999 -9999 -9999 -9999 -9999 -9999 -9999 -9999 -9999 -9999 -9999 -9999 -9999 -40.2990609288691 -45.7402433026485 -87.6661251670687 -141.065741378171 -173.521344573529 -176.316342899013 -170.732000495012 -180.887308902721 -211.839704716754 -213.055521766503 -148.404827996989 -127.402008681541 -69.9308081931999 -30.4070852591114 -18.4812151148217 -8.67006199320096 -6.82076371520507 -4.18740401153995 -4.39383847235264 -4.96095114462343 -4.21881205263857 -3.62902261755804 -2.41811376723865 -1.80523513584952 -1.15027874079023 -0.632919691453699 -0.619270006836163 -0.304883006474285 -0.31886251723445 -0.559550356136213 -0.767574138219657 -0.743907735801101 -0.899594408652381 -1.25520174797856 -1.56279882519258 -1.18630880460283 -1.37258668798235 -1.14824325945169 -1.32103724012663 -1.39334161917897 -1.1282223078691 -1.06826318222285
-9999 -9999 -9999 -9999 -9999 -9999 -9999 -9999 -9999 -9999 -9999 -9999 -9999 -9999 -9999 -50.3701018336673 -68.1569299414431 -99.3092908000122 -139.193252343474 -180.488963655337 -224.39815566842 -245.995692554787 -282.656448361593 -285.815503274298 -263.947316770328 -249.730135801626 -194.891692335095 -150.917439177363 -91.5588163166542 -29.180244129013 -7.78140435032709 -4.34019502184742 -4.14233939102807 -5.56406352575875 -4.2967747498038 -2.70842611357817 -2.21306655405467 -1.88618524504718 -1.0968475805323 -0.244112849403019 0.211139870530038 0.195444372361157 -0.247241673848161 -0.623063185216778 -0.894590345835392 -1.02322472280206 -1.14945633640481 -1.44821775893069 -1.60771041509184 -1.09716443175928 -0.84114323109538 -0.74082957200241 -0.798906899082725 -0.754405896590814 -0.600965117593972 -0.489590129310338
-9999 -9999 -9999 -9999 -9999 -9999 -9999 -9999 -9999 -9999 -9999 -9999 -9999 -9999 -9999 -50.4866804076077 -68.2864310054319 -72.0968531433411 -108.887923823923 -167.526467091539 -255.182015398158 -261.28617585292 -308.996206447565 -324.853119980457 -329.949486511055 -407.467402558254 -325.751357377451 -347.909308723962 -251.379391102525 -86.5201708576285 -23.2661524555538 -5.19438259796891 -6.09088903300934 -5.40718437681183 -3.99363834724452 -2.06344113366692 -2.2560868968212 -2.1237670994444 -1.30165192893669 -0.578739017988958 -0.182262687600914 0.239538556395155 -0.21311876595943 -0.771287164722309 -0.853146942356127 -1.24816533539734 -1.3966980298462 -1.56551772200374 -1.48906469027015 -0.81959273929999 -0.338419350229071 -0.221942340326024 -0.238921967686961 -0.220108710305444 -0.185841642741714 -0.115678779748128
-9999 -9999 -9999 -9999 -9999 -9999 -9999 -9999 -9999 -9999 -9999 -9999 -9999 -9999 -9999 -18.3343066064476 -90.5864220411608 -73.498296841774 -86.5441495439307 -121.449113166859 -167.922980382749 -210.212483606317 -247.477286957475 -263.349915061933 -259.697540153367 -269.009540800091 -284.485567570059 -296.42316700846 -232.310849220737 -130.923770320235 -53.2805452360029 -9.52244871860731 -3.65362171347905 -3.59547493189847 -2.86881360900778 -3.15015072115718 -2.75999247311648 -1.94183345862434 -1.33690647371556 -1.20504291149771 -1.58835394635615 -0.0919590601096782 -0.142513560363904 -0.779088229128279 -0.897322916825316 -1.03050867468992 -1.5071292523949 -1.55776233497236 -1.58747396341021 -0.86690663327486 -0.279206664786329 -0.211555299114758 -0.153389036029 -0.165904220947049 -0.355227529630531 -0.221406757583055
-9999 -9999 -9999 -9999 -9999 -9999 -9999 -9999 -9999 -9999 -9999 -9999 -9999 -9999 -9999 -9999 -50.9775872757034 -109.891173733554 -90.387018190431 -86.618098099348 -108.716461032902 -151.164588136874 -186.912314247121 -209.739080821935 -208.08411164506 -209.5422063196 -231.44903140747 -258.414556925011 -224.338106636462 -161.942353330388 -95.8794447714346 -32.859099122743 -6.2415661755434 -4.95073690517906 -2.27174101806094 -2.15776159276712 -1.97575161226632 -1.41870052274304 -0.966724262680538 -0.802097364738762 -1.58802090921067 0.125788689119335 -0.304434968662789 -0.91251713475567 -0.837344194363909 -0.738764545791004 -0.81310414237387 -1.16595091358693 -1.01431150905653 -0.69919433682521 -0.625516308384722 -0.234542870081412 0.0405288836213881 -0.0210829601968046 -0.392239771086199 -0.667078741658625
-9999 -9999 -9999 -9999 -9999 -9999 -9999 -9999 -9999 -9999 -9999 -9999 -9999 -9999 -9999 -9999 -9999 -43.4172644990352 -134.224672635651 -104.441013460361 -93.2176438933234 -109.525827585366 -146.337259838933 -176.248626033312 -193.93181654976 -216.673620960598 -238.574129497465 -253.477676126025 -224.299887125799 -182.900794280806 -138.387358870544 -78.0939901684216 -34.5826411595212 -13.9446895494618 -5.31270217133167 -1.62716327220763 -0.982724075136594 -0.86494589047184 -1.00891840766751 -0.207427189329853 0.0727351647385981 0.0755235449822584 -0.464673728638898 -0.647203331254002 -0.366500983682386 -0.0641506700358994 -0.0115061633376909 -0.0932667452067748 -0.408251947180292 -0.329372942346098 -0.337534650028507 -0.279158045653551 -0.398654011347976 -0.531316419735941 -0.875048512586994 -1.49404302144647
-9999 -9999 -9999 -9999 -9999 -9999 -9999 -9999 -9999 -9999 -9999 -9999 -9999 -9999 -9999 -9999 -9999 -9999 -9999 -158.43515494243 -145.389835543169 -122.04494648442 -127.137642996268 -160.076116222516 -191.193880699411 -216.832494175048 -247.513715623922 -264.239616013468 -237.612709508674 -200.348808827301 -172.234178544418 -124.679217472835 -90.1157258379051 -52.2514687848814 -17.2732863139812 -5.62541328611581 -2.358805741359 -0.956256292495163 -0.704097973875119 -0.71896221369687 -1.39871791088008 -0.720662001217143 -0.598920189582561 -0.346861216553997 0.126194830846116 0.336782755628804 0.412426720154202 0.387553148271682 0.0255280332133496 -0.698135937671476 -1.2985676340951 -1.38253693935443 -1.77305980884737 -1.75764392557771 -1.68855696713314 -2.02936676850022
-9999 -9999 -9999 -9999 -9999 -9999 -9999 -9999 -9999 -9999 -9999 -9999 -9999 -9999 -9999 -9999 -9999 -9999 -9999 -9999 -9999 -157.316271622578 -136.171080699651 -135.093309960541 -156.552785281941 -197.83262318391 -225.35001627087 -245.675176380137 -238.866523205094 -208.524695012165 -184.296115113675 -155.602499654379 -143.911100025595 -110.558139931722 -56.7598672342542 -27.0396043502646 -10.9141358554637 -2.9295220726936 -0.559202535678371 -0.528932547521031 -0.762945590955337 -0.628813718777919 -0.354678830379127 0.178473866593709 0.417551316861136 0.577029757411372 0.627546771286123 0.54139097829835 0.178344500054023 -0.653602881873869 -1.48590171576056 -1.92818063376493 -2.12861772301006 -2.08442817695543 -1.9027221279828 -1.44801354119881
-9999 -9999 -9999 -9999 -9999 -9999 -9999 -9999 -9999 -9999 -9999 -9999 -9999 -9999 -9999 -9999 -9999 -9999 -9999 -9999 -9999 -9999 -9999 -136.052357583821 -125.802682191035 -145.878591436712 -180.838070385053 -208.416094786953 -222.09737367502 -213.869328247495 -204.389544794748 -175.626309887013 -175.753556054801 -157.612896807781 -113.442336186088 -71.9404969330161 -30.917489923633 -8.67114526538258 -2.5922708033447 -0.643778668828396 -1.19430477416085 -0.577313126446348 -0.201757965079208 0.304073672806045 0.673192439466095 0.819754912856528 0.815832591010343 0.715116449732428 0.37146556403502 -0.509435986556883 -1.3216813933269 -1.73349979857746 -1.97937968179697 -2.0483013273297 -1.95848175513284 -1.91554467618254
-9999 -9999 -9999 -9999 -9999 -9999 -9999 -9999 -9999 -9999 -9999 -9999 -9999 -9999 -9999 -9999 -9999 -9999 -9999 -9999 -9999 -9999 -9999 -9999 -9999 -108.38667886152 -127.751196724372 -155.930745615657 -183.135562400211 -200.307833124113 -199.722164516588 -191.184883027718 -198.912337673532 -187.6201230288 -163.41371288562 -151.469948977813 -81.4382378258297 -39.5456426617933 -12.1222314987406 -1.56676092640873 0.051091226123156 -1.20137894324516 -0.640869373909009 0.216780302320171 0.75587143700365 0.971487935247924 0.947329615075803 0.836594020469637 0.460710321827836 -0.346237983996919 -1.06922028468588 -1.55211380288223 -1.72612605109347 -1.88033288060602 -2.25194036561388 -3.16364578791142
-9999 -9999 -9999 -9999 -9999 -9999 -9999 -9999 -9999 -9999 -9999 -9999 -9999 -9999 -9999 -9999 -9999 -9999 -9999 -9999 -9999 -9999 -9999 -9999 -9999 -154.843627244192 -130.623659105447 -130.172846879607 -147.029132323439 -174.881454402856 -189.37357399778 -199.700054317372 -211.906103634997 -197.175352090078 -171.511610633634 -156.558063677402 -112.514654066338 -72.9506069202204 -30.8934347412034 -5.23129134419344 0.273401092339778 -1.06746702670628 -0.294642457124962 0.440724163773248 0.698163705127751 0.967762686061192 1 0.955495078866087 0.703760191065047 -0.108744987557546 -1.03499821932564 -1.51963785751703 -1.64427110552441 -1.7810027185528 -2.27943382116866 -3.60992588077193
-9999 -9999 -9999 -9999 -9999 -9999 -9999 -9999 -9999 -9999 -9999 -9999 -9999 -9999 -9999 -9999 -9999 -9999 -9999 -9999 -9999 -9999 -9999 -9999 -9999 -9999 -9999 -147.738666307252 -133.691548807954 -147.897479171348 -168.131980324965 -187.935508856372 -200.035961478247 -198.349518809051 -177.483363530556 -153.791109228663 -118.775001703391 -90.7441122345425 -46.878006001613 -12.7852751921022 0.235943982004768 -0.0464339467688892 0.426735566949159 0.342868927913311 0.694332613534422 0.854552127965557 0.9544648071793 0.94049471942136 0.916987922566296 0.150543831427328 -1.26541072307765 -1.57221900054081 -1.5967399599374 -1.60805126245707 -2.27579521411247 -3.75103346041164
-9999 -9999 -9999 -9999 -9999 -9999 -9999 -9999 -9999 -9999 -9999 -9999 -9999 -9999 -9999 -9999 -9999 -9999 -9999 -9999 -9999 -9999 -9999 -9999 -9999 -9999 -9999 -187.083126610904 -147.171569936194 -137.51147963538 -142.459832963501 -172.617393658058 -197.806680050688 -206.067184967901 -190.3518587702 -155.914517970763 -128.196106630447 -103.124732401762 -60.4089894208705 -22.3717410268721 -2.75151900766585 -0.41953072260885 -0.97468003929206 0.446611963753569 0.462813588048551 0.808874127397133 0.851500210947906 0.858192043575255 0.699823832394883 0.0913011033608183 -0.849319481053758 -1.61264880070081 -1.81479984156186 -1.75452495385876 -2.20180114224401 -2.78863502824296
-9999 -9999 -9999 -9999 -9999 -9999 -9999 -9999 -9999 -9999 -9999 -9999 -9999 -9999 -9999 -9999 -9999 -9999 -9999 -9999 -9999 -9999 -9999 -9999 -9999 -9999 -9999 -9999 -167.066289705233 -124.493302101325 -111.73604986107 -150.349285542997 -195.58051076289 -214.541940411293 -194.539124194654 -155.426213613917 -132.305790649082 -114.673933979767 -76.2139230932819 -31.5238994335751 -5.65157136897958 -0.0821964506773305 -3.97998976030762 -2.21921910443498 -0.0317306342751003 0.141274913543114 0.125489498135351 -0.0544448813140717 -0.231888191330931 -0.323900800602719 -0.833464387461354 -1.53695152608127 -2.27639382833524 -2.31536681135108 -1.96372973376357 -1.69825692670101
-9999 -9999 -9999 -9999 -9999 -9999 -9999 -9999 -9999 -9999 -9999 -9999 -9999 -9999 -9999 -9999 -9999 -9999 -9999 -9999 -9999 -9999 -9999 -9999 -9999 -9999 -9999 -9999 -183.809787978634 -124.591895389828 -105.664379558308 -138.269110553499 -188.159964071929 -214.959422384205 -200.76798383917 -157.937583403695 -137.505742353856 -121.262503311844 -82.3155633387018 -36.1504372372516 -6.89261085666713 -0.0657486434693204 -3.72316196826618 -3.20622234267466 -2.11436101542528 -0.434481325825663 -0.639933774333029 -1.41034381948137 -1.70290039660638 -0.822126724006327 -0.821076878575886 -1.30936400661077 -2.18734303098723 -2.17755614991802 -1.34284471719858 -0.422689930794337
-9999 -9999 -9999 -9999 -9999 -9999 -9999 -9999 -9999 -9999 -9999 -9999 -9999 -9999 -9999 -9999 -9999 -9999 -9999 -9999 -9999 -9999 -9999 -9999 -9999 -9999 -9999 -9999 -198.375077000315 -122.431135872909 -98.9319239293658 -132.435487405471 -187.819291904706 -217.199792913419 -204.691260335473 -156.494004412062 -140.560931396715 -125.713463237507 -86.3438398776374 -39.3060129095809 -6.87077608402642 0.161001514254806 -3.70419827809592 -3.3645331600983 -3.46210014521637 -3.62292005441988 -1.39163945317485 -2.23305962428629 -2.97885720843292 -1.01399573147504 -0.553594183075368 -1.15552608886629 -2.06081738200385 -1.54590254936483 -0.30557085685037 0.233911537339339
-9999 -9999 -9999 -9999 -9999 -9999 -9999 -9999 -9999 -9999 -9999 -9999 -9999 -9999 -9999 -9999 -9999 -9999 -9999 -9999 -9999 -9999 -9999 -9999 -9999 -9999 -9999 -9999 -196.715246908094 -122.24060737732 -96.9297821077227 -135.153590861783 -193.333893009003 -225.78008664335 -220.447029965661 -176.925501636084 -150.378999188037 -126.229031301012 -79.6258175892349 -34.4659466940468 -5.05350741171008 -0.261078360746959 -4.04499649952672 -3.44259179011047 -4.80204613343062 -4.50494992865171 -2.83544228941777 -1.43853500825538 -1.15858207926639 -0.998255972626899 -0.985109437940904 -1.19847990498349 -0.946206418040225 -0.10929251040407 0.621011281026761 0.71444540179039
-9999 -9999 -9999 -9999 -9999 -9999 -9999 -9999 -9999 -9999 -9999 -9999 -9999 -9999 -9999 -9999 -9999 -9999 -9999 -9999 -9999 -9999 -9999 -9999 -9999 -9999 -9999 -9999 -200.770287381269 -122.056033017245 -95.0593854151804 -144.850556736819 -205.312971694842 -237.58060245376 -229.084070907906 -196.971866247216 -155.747231989234 -120.002224305334 -73.358297033928 -28.7163957773072 -3.11204350627041 -1.45412052653044 -3.29297961542312 -4.17927610225887 -5.94242079693994 -6.16474238077363 -3.99037802896811 -2.42477634070234 -1.1989886682257 -0.776840655600559 -2.21837485192274 -0.755832169349065 -0.0620585965760234 0.648608634889652 1 0.600729391354899
