meets/meet004/_saidas_enm/CCSM_Maha_0k_Cavanillesia_umbellata1.asc
NCOLS 154 
NROWS 168 
XLLCORNER -112 
YLLCORNER -55.5 
CELLSIZE 0.5 
NODATA_value -9999 
[rows 100 to 124 of 168, columns 56 to 111 of 154]
-9999 -9999 -9999 -9999 -9999 -9999 -9999 -9999 -9999 -9999 -9999 -9999 -9999 -9999 -9999 -9999 -9999 -9999 -9999 -9999 -9999 -9999 -9999 -9999 -9999 -9999 -9999 -9999 -53.7309672591555 -25.1911548688455 -31.8403137804358 -59.7374563700096 -83.5894997086686 -93.1176542744562 -81.7924800953586 -61.2353833305996 -42.3488352868754 -25.6845323732823 -10.9891981626843 -7.962610684802 -10.4687373639426 -11.0607264077995 -7.77446934276241 -7.26242661789051 -8.18027666845613 -7.41815272533418 -4.30056541466531 -1.69991736786848 -0.594731737285598 -0.243757560486885 -0.296078873736983 -0.372607200432411 -0.535042953122944 -1.03659264905623 -2.08363823910624 -2.17964207672225
-9999 -9999 -9999 -9999 -9999 -9999 -9999 -9999 -9999 -9999 -9999 -9999 -9999 -9999 -9999 -9999 -9999 -9999 -9999 -9999 -9999 -9999 -9999 -9999 -9999 -9999 -9999 -9999 -57.3682828485201 -26.4991970094518 -39.107014235788 -63.529373863356 -80.8223597439403 -86.4638575688983 -74.330617401465 -57.6729928858232 -38.4099287707288 -22.728357527763 -9.79978238245421 -10.24851632843 -13.2357871229242 -13.3573634138562 -9.18784347819426 -8.95894215251364 -9.76698574965122 -9.13379751617989 -6.02119941325557 -3.26252812807791 -1.74131018341806 -0.694747007016212 -0.125134717115659 -0.0847000116817713 -0.30160187998703 -0.842830406279942 -1.81865146114101 -1.88526892662102
-9999 -9999 -9999 -9999 -9999 -9999 -9999 -9999 -9999 -9999 -9999 -9999 -9999 -9999 -9999 -9999 -9999 -9999 -9999 -9999 -9999 -9999 -9999 -9999 -9999 -9999 -9999 -82.8586332434521 -61.4516348665607 -26.8170694211945 -38.546251197632 -63.4001129233755 -75.9773655156258 -78.1443138961735 -67.6568285505021 -50.9694311101644 -34.5060570912597 -19.3604286116425 -8.59957463753241 -10.4171758735833 -13.5182184693779 -15.3295230295334 -10.878229149841 -10.4829367620649 -11.3414671575042 -10.4422604824275 -7.33242475649721 -4.5850775029812 -2.79233487435356 -1.93822305167303 -1.18434527204023 -0.37336136232731 -0.0625946106419681 -0.415649968923405 -1.30792695349941 -1.58426233931786
-9999 -9999 -9999 -9999 -9999 -9999 -9999 -9999 -9999 -9999 -9999 -9999 -9999 -9999 -9999 -9999 -9999 -9999 -9999 -9999 -9999 -9999 -9999 -9999 -9999 -9999 -9999 -83.3571599243778 -58.4092152517454 -26.0740826715214 -41.9838268267471 -65.5288362088699 -74.1528231379571 -73.8237672443847 -62.7805857475963 -47.6793801207516 -30.4307927409567 -15.8487191824263 -8.51140508570074 -10.775159687893 -15.2826000844444 -17.0725315296428 -12.799549897798 -12.3917860174269 -13.3833061306186 -12.764837436247 -9.37492762308033 -6.08634947185529 -4.27227678377393 -3.5021445019503 -2.75467157213693 -1.98648058668534 -1.00057396625683 -0.536543514631386 -1.14370279240531 -1.6819455775836
-9999 -9999 -9999 -9999 -9999 -9999 -9999 -9999 -9999 -9999 -9999 -9999 -9999 -9999 -9999 -9999 -9999 -9999 -9999 -9999 -9999 -9999 -9999 -9999 -9999 -9999 -9999 -79.4715919006834 -51.9005943451484 -26.3015537477293 -47.7324980899931 -71.1551999607888 -77.5233281860093 -73.5641852071273 -60.7511319059989 -44.8522200378846 -27.5120208455266 -12.6188936742635 -10.8587522557475 -11.8863429576855 -15.7449140132339 -18.2434579994995 -15.4148535434557 -14.7196412555077 -15.48610931877 -15.178744023352 -11.7630902051012 -8.55227064879588 -6.44505692315472 -5.30113019764594 -4.54350170696447 -3.38598918514693 -2.51848626074136 -1.96055565556584 -1.9023121273496 -1.67233591266766
-9999 -9999 -9999 -9999 -9999 -9999 -9999 -9999 -9999 -9999 -9999 -9999 -9999 -9999 -9999 -9999 -9999 -9999 -9999 -9999 -9999 -9999 -9999 -9999 -9999 -9999 -9999 -70.3900263808303 -46.7452617223234 -29.2467158275915 -58.5804662514893 -83.003535596448 -84.8001921935791 -77.9039029104785 -61.7651978573574 -45.1646968637932 -26.0437415546465 -12.5793945668182 -12.6970107198119 -13.8128449276179 -17.2577437454182 -19.7623886890584 -17.7570991921531 -16.618238961494 -16.8943246995356 -16.3700525256479 -13.164984953464 -10.5917125723228 -8.55137162583638 -7.34588364097011 -6.61207409052318 -5.38316406395715 -4.54693211686878 -3.78402994193202 -3.16855399808918 -3.21409426868053
-9999 -9999 -9999 -9999 -9999 -9999 -9999 -9999 -9999 -9999 -9999 -9999 -9999 -9999 -9999 -9999 -9999 -9999 -9999 -9999 -9999 -9999 -9999 -9999 -9999 -9999 -9999 -59.3228128605019 -40.5561478294803 -35.3452523785294 -72.3216931978585 -96.5597992795112 -97.2286929397923 -84.3678991667003 -64.3688505559379 -47.286510201737 -26.2318907462546 -12.2974917247337 -13.6111134169467 -14.1663207594033 -18.9186899913792 -21.5630320914536 -19.6841536108493 -17.9691901372718 -17.198049449315 -15.3785885234359 -13.8437508146014 -11.8504796047704 -10.1606351800471 -9.30857089989812 -8.1642917134386 -7.58850236014847 -7.12770708374649 -6.20308161989855 -5.45335414314448 -4.8642028014472
-9999 -9999 -9999 -9999 -9999 -9999 -9999 -9999 -9999 -9999 -9999 -9999 -9999 -9999 -9999 -9999 -9999 -9999 -9999 -9999 -9999 -9999 -9999 -9999 -9999 -9999 -9999 -48.484221577101 -34.1576102974155 -43.2021799785669 -85.1528055774128 -108.735338217398 -105.636988931987 -88.3863565899046 -66.6054196637226 -49.710115995132 -25.3109802486653 -12.9378502130719 -15.0933382921963 -15.0344900283456 -20.6450577331108 -23.6644763036793 -22.0951721742516 -20.6309437296155 -18.9263768609475 -17.0986042921346 -15.7915511872725 -14.1894012175576 -12.747090238811 -11.9680952776741 -11.19924607318 -10.9171289083205 -10.5286935439866 -9.62381351090482 -8.53841474922798 -7.60370382300543
-9999 -9999 -9999 -9999 -9999 -9999 -9999 -9999 -9999 -9999 -9999 -9999 -9999 -9999 -9999 -9999 -9999 -9999 -9999 -9999 -9999 -9999 -9999 -9999 -9999 -9999 -9999 -40.9781093998064 -29.1265532508367 -51.3968113495693 -98.3333794650304 -115.721539647027 -109.580721296903 -88.0684132783023 -65.4490489986022 -51.9778067151459 -24.0019749772486 -14.7191486023137 -15.6319522054496 -16.623658597359 -23.2824548702153 -26.3532121150208 -25.2683768347816 -24.4613077680917 -23.2714271158198 -21.8748112160127 -19.5715330634173 -18.2447483849673 -16.8102661817807 -16.2112320238445 -15.8230742341428 -15.1787809892532 -15.1512409207529 -13.9390610245137 -12.4648724517325 -11.2048137987182
-9999 -9999 -9999 -9999 -9999 -9999 -9999 -9999 -9999 -9999 -9999 -9999 -9999 -9999 -9999 -9999 -9999 -9999 -9999 -9999 -9999 -9999 -9999 -9999 -9999 -9999 -9999 -33.712792168114 -29.0001895474839 -55.2027515317445 -95.0091574325671 -109.601774144646 -97.8937698895394 -75.9286055275451 -57.3942634148424 -45.0384405683444 -20.9206730007044 -17.2759229010513 -16.6224564143903 -18.8005547352298 -25.620170270925 -29.0361627405227 -28.1055450909772 -27.7729504308912 -26.992760380343 -26.0027484122159 -24.3091599654523 -23.1881782870362 -21.8053627841123 -21.1537804836973 -20.8104249583443 -20.275338735059 -19.9972596886209 -18.6006568985139 -17.1234283153111 -15.7256611959506
-9999 -9999 -9999 -9999 -9999 -9999 -9999 -9999 -9999 -9999 -9999 -9999 -9999 -9999 -9999 -9999 -9999 -9999 -9999 -9999 -9999 -9999 -9999 -9999 -9999 -9999 -40.967182221818 -29.4240130250952 -30.3468670417001 -58.4215949004894 -91.3684361761172 -96.3478118962748 -80.3990153317586 -59.0558402106778 -44.9728535552583 -37.4049648537797 -17.7029328169567 -22.0464000920864 -18.8287847898986 -22.3386253226832 -29.7388367011125 -31.9186755336103 -31.2123471330827 -30.4951371974591 -30.4639651548269 -29.3772069870739 -28.5777302485633 -28.2271858029471 -26.9675777141602 -26.3872497288515 -25.7372551413732 -24.7299552556613 -24.6552158815231 -23.1075561009897 -21.9687507439008 -20.7808604449171
-9999 -9999 -9999 -9999 -9999 -9999 -9999 -9999 -9999 -9999 -9999 -9999 -9999 -9999 -9999 -9999 -9999 -9999 -9999 -9999 -9999 -9999 -9999 -9999 -9999 -9999 -33.9635421315773 -25.5670531829484 -37.6245665894799 -64.4906283494398 -83.8797255175038 -81.910325535412 -62.0344962070719 -43.3694297060039 -30.700533743101 -23.0123085473264 -16.646036836706 -21.4901606618707 -22.1376618623039 -27.6324535038719 -33.4997146716819 -35.325811815072 -35.3686170030728 -35.0225265877169 -35.0689319680801 -34.7734681847745 -33.8690409378851 -33.0594470201895 -31.7038296628123 -31.1246760337115 -30.659652922582 -29.7899586276991 -29.0846292052186 -27.548896347286 -26.8293308608956 -26.2683126659576
-9999 -9999 -9999 -9999 -9999 -9999 -9999 -9999 -9999 -9999 -9999 -9999 -9999 -9999 -9999 -9999 -9999 -9999 -9999 -9999 -9999 -9999 -9999 -9999 -9999 -9999 -25.5720208149089 -31.8492328195154 -53.8927694755047 -74.2916964928802 -88.2842494715748 -67.7418302644062 -46.9172248748578 -31.1898694088013 -19.3878146022085 -16.5062191239475 -21.6432159660488 -23.2139409832301 -28.6253068297737 -33.8367209328144 -37.8361995085219 -38.5936684853486 -39.5866569428215 -39.5651480120394 -39.6399689873601 -40.6480296990917 -38.3875693952773 -37.3590744497468 -36.1400466456523 -36.1246182917956 -35.6714081754538 -34.5508281561216 -33.5818124592685 -32.0326081983567 -32.2209192194366 -32.0238269376704
-9999 -9999 -9999 -9999 -9999 -9999 -9999 -9999 -9999 -9999 -9999 -9999 -9999 -9999 -9999 -9999 -9999 -9999 -9999 -9999 -9999 -9999 -9999 -9999 -9999 -9999 -23.164242382762 -49.2507353070977 -75.5433231624069 -81.942288898059 -73.4650143796167 -50.9766740444839 -30.8524281377706 -19.3460555725606 -14.5230537638768 -22.824660512224 -24.7173049153901 -27.9333426850347 -35.2299569462525 -39.4467851759077 -40.1391325339807 -41.2116140212918 -42.1994761138625 -42.0053499324116 -41.5848367981091 -41.2260289520963 -41.2823503284202 -41.8274446911043 -41.348154207852 -41.608009212226 -41.3006335008853 -40.5905248905934 -39.7010168054247 -38.2642171169426 -38.2371110853616 -38.3920927685447
-9999 -9999 -9999 -9999 -9999 -9999 -9999 -9999 -9999 -9999 -9999 -9999 -9999 -9999 -9999 -9999 -9999 -9999 -9999 -9999 -9999 -9999 -9999 -9999 -9999 -16.806431471572 -29.7688655719836 -74.3158733192454 -100.209759146696 -84.6182905305552 -63.5329841870523 -38.9911929387284 -20.8989798701731 -14.7281856300456 -21.5604215133056 -31.2066628195979 -30.3368265497624 -35.6180425410824 -42.0155919363545 -42.6307178821181 -42.1629633425933 -43.4886596344854 -44.5616290262925 -44.0305850991406 -43.2331307089357 -41.2976848768483 -43.247031540067 -46.1920694489369 -47.1235816176208 -48.1498537337128 -47.5550727713962 -46.4611291964957 -46.5641151237367 -45.6047289793078 -46.109586844818 -45.7647182154355
-9999 -9999 -9999 -9999 -9999 -9999 -9999 -9999 -9999 -9999 -9999 -9999 -9999 -9999 -9999 -9999 -9999 -9999 -9999 -9999 -9999 -9999 -9999 -9999 -9999 -17.6685770709337 -38.7827733588973 -80.1984639768455 -100.673678012129 -85.5838369372585 -54.7206471353735 -34.6597572670728 -22.4129103034919 -21.6570148773764 -28.8293964505105 -35.6797507272996 -38.4561111598111 -42.2286048767185 -45.5605105707385 -45.9427988217567 -45.7122973573367 -46.9686580988738 -47.7361874169773 -47.1405502342371 -46.0034579307056 -45.279126167997 -47.6872689135583 -51.4535555402133 -52.7798015987216 -53.7392425765704 -53.5669025808639 -53.5879851761652 -53.8580423575153 -52.9845592060752 -53.4577239814344 -53.6462237950666
-9999 -9999 -9999 -9999 -9999 -9999 -9999 -9999 -9999 -9999 -9999 -9999 -9999 -9999 -9999 -9999 -9999 -9999 -9999 -9999 -9999 -9999 -9999 -9999 -9999 -19.8876424828283 -45.5822293767823 -86.5041316578911 -104.662274997178 -80.7431860706169 -50.0665334848617 -35.0839635043577 -29.4217954958525 -30.5125960680493 -37.7203735529851 -45.2228183943878 -46.1994778358218 -47.6149404345668 -49.7467153276806 -49.7429230666161 -49.9890424242016 -50.9963527304593 -52.0508239991376 -51.9726049800195 -51.2295873615874 -49.6661604589505 -53.1208192023202 -57.6037939671514 -58.6369679287603 -59.3799103193912 -58.5922455506498 -59.1340436581167 -60.3070033163161 -59.686600937166 -60.5005748981221 -60.1958091565622
-9999 -9999 -9999 -9999 -9999 -9999 -9999 -9999 -9999 -9999 -9999 -9999 -9999 -9999 -9999 -9999 -9999 -9999 -9999 -9999 -9999 -9999 -9999 -9999 -9999 -22.0162945115189 -49.4280732487498 -88.2188932971132 -104.827963810334 -83.6770085463702 -53.9785935896502 -41.9147401494617 -37.5361953290262 -39.0890535908149 -44.7857024639961 -50.3812267628358 -52.1100978760067 -52.4386905677635 -52.6190276068085 -51.8147659594723 -51.5728553762093 -53.2397121842798 -55.324800848289 -56.490791165453 -58.1094518309538 -59.2396819490029 -60.4442820296077 -61.7306755831815 -61.6138320927567 -63.0875999943389 -63.9850199185004 -64.6704596667151 -65.5912621225745 -64.6873908700249 -65.6137592820987 -66.144277184221
-9999 -9999 -9999 -9999 -9999 -9999 -9999 -9999 -9999 -9999 -9999 -9999 -9999 -9999 -9999 -9999 -9999 -9999 -9999 -9999 -9999 -9999 -9999 -9999 -9999 -24.197178431386 -52.0143357121469 -92.61495583901 -110.113639766544 -86.5069921911252 -58.3428735835976 -48.2550402170173 -45.0143536055261 -46.3414060919584 -50.9834238008395 -56.0091495875744 -57.1431315945768 -58.243915215047 -58.0041370302364 -55.5972034322121 -54.4979916335346 -56.7347359627582 -60.4409264942002 -62.7725577533389 -65.9250858835433 -67.7872519337228 -66.017870086995 -65.6306553339657 -64.9706334124383 -67.4243133845947 -68.4137844575937 -68.8989676605838 -70.1576079591918 -69.7301390983348 -71.4054718814068 -71.1804935960039
-9999 -9999 -9999 -9999 -9999 -9999 -9999 -9999 -9999 -9999 -9999 -9999 -9999 -9999 -9999 -9999 -9999 -9999 -9999 -9999 -9999 -9999 -9999 -9999 -9999 -26.5476255396524 -55.4455236512116 -95.6348009681594 -113.869454654622 -94.8692271624798 -65.9559782065383 -54.6039317740414 -51.0989558654365 -52.5392354595962 -55.9090031670468 -58.7671078936005 -60.8610461918536 -62.2995791571014 -62.188840758919 -60.3182082246439 -59.480924875998 -62.4817462009406 -68.21196633017 -71.0753998330545 -71.5310094651789 -70.6075393540642 -70.2267545920592 -69.9141683614625 -68.7757560101249 -70.334705768185 -71.8289963688511 -73.1655784883755 -74.6132808976882 -73.7481432702785 -74.5526244645393 -74.9801322741706
-9999 -9999 -9999 -9999 -9999 -9999 -9999 -9999 -9999 -9999 -9999 -9999 -9999 -9999 -9999 -9999 -9999 -9999 -9999 -9999 -9999 -9999 -9999 -9999 -9999 -28.0609533671291 -57.8293319207634 -101.115280838438 -120.504156223353 -104.267010288603 -73.7533958665152 -62.099177750276 -57.8478781922727 -58.9920397593131 -61.1599881275926 -63.2550486996922 -65.4569760431354 -66.8893936839987 -66.8236222074948 -65.2681444127108 -64.3269834983704 -67.6463857039324 -74.7397739956153 -77.2903590344811 -76.0102993833872 -73.3359590205588 -72.4265526078582 -72.8374985930034 -72.0624755706232 -74.121191799658 -74.5649475028784 -75.4007203784599 -77.3595290135329 -76.8407985532092 -78.1026253472135 -77.5721728526386
-9999 -9999 -9999 -9999 -9999 -9999 -9999 -9999 -9999 -9999 -9999 -9999 -9999 -9999 -9999 -9999 -9999 -9999 -9999 -9999 -9999 -9999 -9999 -9999 -9999 -29.6979197088918 -60.6127862108519 -106.63235517236 -128.390409989627 -115.892369501463 -84.0332737784296 -70.2182609868086 -65.9145141673181 -66.3188064791369 -68.1860346511381 -70.6657128788394 -71.6320399034241 -72.524129653914 -71.9269112247781 -69.4869391340328 -68.6053056634036 -71.6635076098294 -77.8944876439968 -80.458155950611 -78.8360204557271 -75.9562628361715 -75.4192873122106 -75.404431838922 -74.760955273424 -76.1408752428743 -77.2867778946257 -78.0594615245092 -78.7513666697332 -78.1573347092342 -79.2718405323782 -79.9632049160155
-9999 -9999 -9999 -9999 -9999 -9999 -9999 -9999 -9999 -9999 -9999 -9999 -9999 -9999 -9999 -9999 -9999 -9999 -9999 -9999 -9999 -9999 -9999 -9999 -9999 -31.2175359318694 -62.4278884840668 -110.942093025585 -136.527598719205 -125.026736374643 -96.4588411936967 -80.208331897472 -74.5471922013504 -73.834821780402 -74.9872165649232 -77.0220126394611 -76.8992818217204 -77.0052374678069 -75.572539874123 -72.3360891813049 -71.1992869674093 -73.7759959021116 -80.0363969690219 -82.7464914959869 -81.7690889311378 -79.0274377034424 -77.942332228081 -78.2816953031622 -76.9379027969138 -78.1785667645055 -78.3197217444479 -78.1824446745458 -79.8157523488784 -79.7739298853372 -81.0551104280511 -81.5481827514532
-9999 -9999 -9999 -9999 -9999 -9999 -9999 -9999 -9999 -9999 -9999 -9999 -9999 -9999 -9999 -9999 -9999 -9999 -9999 -9999 -9999 -9999 -9999 -9999 -9999 -33.022575629059 -65.7089475226065 -114.732173233631 -143.42278855636 -134.643430555841 -109.241693913288 -91.5272588984608 -82.5650433186284 -80.4723689058382 -79.712501271287 -79.963333439124 -80.1280110836473 -79.4980404936281 -77.2440435170648 -73.7857687181762 -71.6763016379952 -74.5508180923012 -81.256028324522 -84.3354369827074 -84.3300817318151 -82.5441114759291 -81.4272356781897 -80.8736308482946 -79.0917545618373 -78.970862658841 -77.5934749325135 -78.2742031913308 -81.1375952345109 -79.9592968884402 -80.6685935312407 -81.5153636685252
-9999 -9999 -9999 -9999 -9999 -9999 -9999 -9999 -9999 -9999 -9999 -9999 -9999 -9999 -9999 -9999 -9999 -9999 -9999 -9999 -9999 -9999 -9999 -9999 -26.0312451287009 -36.712311154197 -71.9063994345171 -119.356329002545 -149.13235554826 -142.037280218261 -121.080095158118 -100.567403266126 -89.7013001666141 -86.5547017141776 -85.184387189879 -84.450489254349 -84.0303023688795 -82.6451698567529 -79.5761137507981 -75.2168027866492 -72.7161116977758 -75.8008803987783 -81.9661205094677 -84.9734673449659 -85.5558189529397 -84.8411632230182 -84.4087860935591 -83.5593519716338 -80.777377457863 -78.9726741314028 -77.6786030071045 -78.8676660293738 -81.0552682142412 -77.4746300233455 -73.192035880584 -71.2731497486171
