meets/meet004/_saidas_enm/CCSM_Maxent_0k_Cavanillesia_umbellata3.asc
NCOLS 154 
NROWS 168 
XLLCORNER -112 
YLLCORNER -55.5 
CELLSIZE 0.5 
NODATA_value -9999 
[rows 75 to 99 of 168, columns 56 to 111 of 154]
-9999 -9999 -9999 -9999 -9999 -9999 -9999 -9999 -9999 -9999 -9999 0.154854878783226 0.153651908040047 0.167499169707298 0.19669634103775 0.24516636133194 0.329503506422043 0.386591374874115 0.409325003623962 0.46071782708168 0.430164933204651 0.425983071327209 0.393895268440247 0.0826640054583549 0.0842409431934357 0.0858892723917961 0.0884036645293236 0.0889585763216019 0.0912085399031639 0.0940124467015266 0.0949388593435287 0.0961410477757454 0.0939712151885033 0.092222087085247 0.0894658267498016 0.085276260972023 0.0846543982625008 0.082879550755024 0.0829024910926819 0.0838605836033821 0.0836197137832642 0.0869931280612946 0.0882029160857201 0.404831081628799 0.400349497795105 0.385889828205109 0.371168941259384 0.350593000650406 0.317499339580536 0.2834352850914 0.247582882642746 0.228257969021797 0.218028753995895 0.219061195850372 0.224389389157295 0.224829271435738
-9999 -9999 -9999 -9999 -9999 -9999 -9999 -9999 -9999 -9999 -9999 0.17184029519558 0.165957733988762 0.176104187965393 0.191130980849266 0.213120445609093 0.271753311157227 0.354671776294708 0.373403161764145 0.422306329011917 0.404973775148392 0.407946556806564 0.387865275144577 0.0804232880473137 0.0791056975722313 0.0788774788379669 0.0807548239827156 0.0831282958388329 0.0855844765901566 0.0874346569180489 0.0880488604307175 0.0897605121135712 0.0894573256373405 0.0873541161417961 0.083174541592598 0.0783934220671654 0.0768368616700172 0.0750632137060165 0.0744585245847702 0.073545977473259 0.0738250091671944 0.0786065682768822 0.377202451229095 0.380456626415253 0.373332232236862 0.349770307540894 0.332760185003281 0.310797035694122 0.2858607172966 0.261106491088867 0.239686757326126 0.227136090397835 0.232701927423477 0.236885949969292 0.247266352176666 0.261842131614685
-9999 -9999 -9999 -9999 -9999 -9999 -9999 -9999 -9999 -9999 -9999 -9999 0.171994313597679 0.183866381645203 0.177824392914772 0.18575294315815 0.201817363500595 0.246536061167717 0.300214856863022 0.388307899236679 0.443471074104309 0.453330814838409 0.396115899085999 0.0838178843259811 0.362728744745255 0.35141909122467 0.0752335712313652 0.0800092294812202 0.083284392952919 0.0846360549330711 0.0840853154659271 0.0860288664698601 0.0860366299748421 0.0842995122075081 0.0804687067866325 0.0753940939903259 0.0722599849104881 0.0693062394857407 0.0681769847869873 0.0675886943936348 0.0688848495483398 0.0750068202614784 0.0795090571045876 0.36988565325737 0.349471181631088 0.319427609443665 0.295679569244385 0.274107903242111 0.257905304431915 0.258013784885406 0.255651295185089 0.253806591033936 0.247404888272285 0.249468475580215 0.260278552770615 0.270772784948349
-9999 -9999 -9999 -9999 -9999 -9999 -9999 -9999 -9999 -9999 -9999 -9999 0.188817352056503 0.185376182198524 0.175804033875465 0.161879420280457 0.151451855897903 0.162471935153008 0.193724617362022 0.259296387434006 0.366353362798691 0.434907644987106 0.45729997754097 0.391039252281189 0.347467243671417 0.325296670198441 0.3509721159935 0.0805548205971718 0.0848846361041069 0.0857149213552475 0.0828491374850273 0.0853703171014786 0.0846570953726768 0.082364596426487 0.0792719349265099 0.074485681951046 0.069456659257412 0.0643293261528015 0.0624647438526154 0.0628642290830612 0.0657428875565529 0.0724567398428917 0.0817985534667969 0.0810262188315392 0.0708488821983337 0.30684831738472 0.280996859073639 0.262896656990051 0.252615481615067 0.256663113832474 0.263820290565491 0.255940705537796 0.252504706382751 0.249292761087418 0.252439886331558 0.255223155021667
-9999 -9999 -9999 -9999 -9999 -9999 -9999 -9999 -9999 -9999 -9999 -9999 -9999 0.192616552114487 0.162116840481758 0.12971305847168 0.118554435670376 0.12054692953825 0.138719603419304 0.170873671770096 0.232513874769211 0.330824792385101 0.383935391902924 0.368571430444717 0.304718405008316 0.312326729297638 0.34460037946701 0.0835712999105453 0.0918412581086159 0.0919925048947334 0.0885407477617264 0.0889509990811348 0.0867144986987114 0.0832810625433922 0.0790442451834679 0.071728028357029 0.0677779763936996 0.0626196935772896 0.0599126294255257 0.058402456343174 0.0594130270183086 0.0703597739338875 0.0832246020436287 0.0850992798805237 0.0780313909053802 0.328172951936722 0.290657192468643 0.256795227527618 0.241083517670631 0.247491419315338 0.254197061061859 0.256221145391464 0.251043260097504 0.24811577796936 0.250627815723419 0.248216137290001
-9999 -9999 -9999 -9999 -9999 -9999 -9999 -9999 -9999 -9999 -9999 -9999 -9999 0.239304676651955 0.166907221078873 0.104942008852959 0.102056220173836 0.0991202667355537 0.0988740175962448 0.122720941901207 0.146709486842155 0.21615107357502 0.322598069906235 0.299237251281738 0.327814012765884 0.303471952676773 0.350333690643311 0.0882884487509727 0.101387687027454 0.103583931922913 0.0991565063595772 0.103501804172993 0.0970655456185341 0.0913805216550827 0.0845591947436333 0.0724584236741066 0.0730137228965759 0.0669393837451935 0.0623079985380173 0.0575002804398537 0.055382065474987 0.0657088905572891 0.0808970406651497 0.0827349945902824 0.0781412944197655 0.348154544830322 0.289285808801651 0.241762682795525 0.266763091087341 0.273225158452988 0.281020849943161 0.281769722700119 0.283848226070404 0.240730971097946 0.24524775147438 0.244766429066658
-9999 -9999 -9999 -9999 -9999 -9999 -9999 -9999 -9999 -9999 -9999 -9999 -9999 -9999 0.202996551990509 0.123193897306919 0.108734682202339 0.0906147360801697 0.089511901140213 0.104228883981705 0.125546112656593 0.159355521202087 0.199649289250374 0.235021993517876 0.27511465549469 0.35367938876152 0.378333926200867 0.362895429134369 0.0900802835822105 0.105972789227962 0.126215174794197 0.128310889005661 0.122772894799709 0.116259433329105 0.103841483592987 0.0944796353578568 0.0938598588109016 0.0902112722396851 0.0817302614450455 0.0727841183543205 0.0650119855999947 0.0683329328894615 0.0728325843811035 0.0727650746703148 0.0735696256160736 0.329792320728302 0.290178179740906 0.24303312599659 0.263829052448273 0.264487564563751 0.264925867319107 0.270927280187607 0.272547245025635 0.235226690769196 0.254028081893921 0.261066287755966
-9999 -9999 -9999 -9999 -9999 -9999 -9999 -9999 -9999 -9999 -9999 -9999 -9999 -9999 0.306795477867126 0.15295048058033 0.120460093021393 0.0981964021921158 0.0896638035774231 0.098095677793026 0.107043027877808 0.112275563180447 0.125054478645325 0.135398864746094 0.178272232413292 0.212162837386131 0.268087357282639 0.393229633569717 0.368554592132568 0.437007576227188 0.138816863298416 0.144178569316864 0.150782689452171 0.150060564279556 0.134967282414436 0.125981271266937 0.132553577423096 0.134615153074265 0.12436256557703 0.107064954936504 0.080344632267952 0.0788287967443466 0.0698641911149025 0.0640886053442955 0.0663733258843422 0.31500431895256 0.285250514745712 0.246435582637787 0.27250137925148 0.274970859289169 0.260660856962204 0.274286240339279 0.273023962974548 0.279891699552536 0.263285934925079 0.287771195173264
-9999 -9999 -9999 -9999 -9999 -9999 -9999 -9999 -9999 -9999 -9999 -9999 -9999 -9999 -9999 0.279617518186569 0.164669379591942 0.111494317650795 0.0915655121207237 0.0910320729017258 0.081216886639595 0.0945760682225227 0.108160182833672 0.121419221162796 0.0368083156645298 0.0404033698141575 0.0474147163331509 0.0540599338710308 0.248819753527641 0.338563233613968 0.446411460638046 0.491355538368225 0.145769760012627 0.167415454983711 0.169022440910339 0.179386585950851 0.172412842512131 0.170151308178902 0.17298436164856 0.178915664553642 0.164446175098419 0.116671092808247 0.0759821608662605 0.0592768117785454 0.0594034194946289 0.304834067821503 0.289488196372986 0.269347429275513 0.261861085891724 0.319908291101456 0.322461158037186 0.320503890514374 0.307121247053146 0.308468341827393 0.325011372566223 0.275425434112549
-9999 -9999 -9999 -9999 -9999 -9999 -9999 -9999 -9999 -9999 -9999 -9999 -9999 -9999 -9999 0.533232271671295 0.223134815692902 0.134233623743057 0.0742126107215881 0.0859652236104012 0.0684150010347366 0.0881733894348145 0.0874892398715019 0.0949250534176826 0.03404775634408 0.0342930965125561 0.0415431782603264 0.0402690283954144 0.0455324724316597 0.0698477178812027 0.307054877281189 0.457566261291504 0.117627583444118 0.139923974871635 0.163234263658524 0.205365270376205 0.195127248764038 0.197797819972038 0.207452818751335 0.212234184145927 0.207953467965126 0.17311555147171 0.0834914296865463 0.0547356493771076 0.0545913390815258 0.298831015825272 0.295269697904587 0.296740055084229 0.303404778242111 0.324079424142838 0.343683570623398 0.336824089288712 0.370763391256332 0.316366046667099 0.322458833456039 0.303156107664108
-9999 -9999 -9999 -9999 -9999 -9999 -9999 -9999 -9999 -9999 -9999 -9999 -9999 -9999 -9999 0.573495507240295 0.249366089701653 0.177255302667618 0.115427419543266 0.0715225785970688 0.0523737743496895 0.0668722987174988 0.0769980624318123 0.093812458217144 0.117181353271008 0.0353483594954014 0.0415025502443314 0.0426290035247803 0.0459780059754848 0.0561782941222191 0.255328983068466 0.363121539354324 0.434701591730118 0.0886399075388908 0.112481206655502 0.14525742828846 0.166240513324738 0.201624423265457 0.201168715953827 0.21301181614399 0.213906228542328 0.193423941731453 0.0856080427765846 0.0526377260684967 0.0487742014229298 0.281224429607391 0.306352317333221 0.32903927564621 0.352906495332718 0.379531562328339 0.392803400754929 0.411345273256302 0.419841289520264 0.425773829221725 0.431383550167084 0.443175673484802
-9999 -9999 -9999 -9999 -9999 -9999 -9999 -9999 -9999 -9999 -9999 -9999 -9999 -9999 -9999 -9999 0.517516314983368 0.191309958696365 0.131062731146812 0.0751136466860771 0.0144315408542752 0.0194007288664579 0.022075392305851 0.0294151213020086 0.0460063815116882 0.0453995279967785 0.0346471518278122 0.035694994032383 0.0406210012733936 0.0441089011728764 0.0555542334914207 0.0871028155088425 0.386864513158798 0.359284251928329 0.353460997343063 0.0917133465409279 0.11364484578371 0.156978204846382 0.188361138105392 0.191910073161125 0.203517630696297 0.162792697548866 0.070794440805912 0.0489324331283569 0.0493832640349865 0.055919524282217 0.0710432231426239 0.389095842838287 0.429706871509552 0.466833770275116 0.474264144897461 0.128078937530518 0.138684406876564 0.144445776939392 0.149720683693886 0.159412875771523
-9999 -9999 -9999 -9999 -9999 -9999 -9999 -9999 -9999 -9999 -9999 -9999 -9999 -9999 -9999 -9999 -9999 0.487620770931244 0.195499330759048 0.132112473249435 0.0319536402821541 0.0340410396456718 0.0413326397538185 0.042112160474062 0.0462837032973766 0.0431570075452328 0.0721679106354713 0.0921435058116913 0.0281378179788589 0.0383248142898083 0.0457739904522896 0.0658067986369133 0.290212541818619 0.363458454608917 0.346127986907959 0.30125492811203 0.074400894343853 0.0917045995593071 0.106676988303661 0.114036835730076 0.0950183644890785 0.0844813659787178 0.0610629878938198 0.053709514439106 0.0615614280104637 0.0768901258707047 0.0948997512459755 0.121297553181648 0.144826576113701 0.164129614830017 0.18633833527565 0.179074734449387 0.17643404006958 0.177265375852585 0.181852370500565 0.180012553930283
-9999 -9999 -9999 -9999 -9999 -9999 -9999 -9999 -9999 -9999 -9999 -9999 -9999 -9999 -9999 -9999 -9999 -9999 -9999 0.18841989338398 0.134501203894615 0.100882656872272 0.08039341121912 0.0802861005067825 0.0745663568377495 0.0568066760897636 0.0560382232069969 0.0700943842530251 0.0833363458514214 0.0311632324010134 0.0370913222432137 0.0519784837961197 0.0610070303082466 0.265382379293442 0.337405622005463 0.309229582548141 0.351796299219131 0.0613087937235832 0.0651054233312607 0.065706193447113 0.0494017638266087 0.0575674027204514 0.0600222796201706 0.0649003013968468 0.081684984266758 0.0972438231110573 0.113329105079174 0.143835350871086 0.171894982457161 0.197869375348091 0.216780558228493 0.209771692752838 0.192392721772194 0.185039550065994 0.183820128440857 0.187426432967186
-9999 -9999 -9999 -9999 -9999 -9999 -9999 -9999 -9999 -9999 -9999 -9999 -9999 -9999 -9999 -9999 -9999 -9999 -9999 -9999 -9999 0.127229496836662 0.102280959486961 0.0805539339780807 0.0845358818769455 0.0723919048905373 0.064271479845047 0.0553269796073437 0.0671870112419128 0.0981373935937881 0.0330843888223171 0.0425725802779198 0.0505354925990105 0.0561576224863529 0.236890003085136 0.297259569168091 0.343007743358612 0.321425259113312 0.282233119010925 0.0627880394458771 0.0766697078943253 0.0770195722579956 0.0796711444854736 0.0925959721207619 0.102979861199856 0.113147296011448 0.12420242279768 0.133617863059044 0.154213726520538 0.19488912820816 0.215915411710739 0.204424381256104 0.179182276129723 0.166754454374313 0.167805686593056 0.162065461277962
-9999 -9999 -9999 -9999 -9999 -9999 -9999 -9999 -9999 -9999 -9999 -9999 -9999 -9999 -9999 -9999 -9999 -9999 -9999 -9999 -9999 -9999 -9999 0.121116198599339 0.115542471408844 0.0900139957666397 0.0724066644906998 0.0489130616188049 0.0408295467495918 0.0547566078603268 0.0942288264632225 0.124419882893562 0.0372222624719143 0.04261839017272 0.172900587320328 0.205668374896049 0.256065934896469 0.332989305257797 0.35165923833847 0.409041732549667 0.42337554693222 0.106704078614712 0.115563042461872 0.125659212470055 0.130517944693565 0.134598538279533 0.137969404459 0.142053157091141 0.157588839530945 0.188994780182838 0.205594450235367 0.189538225531578 0.162774816155434 0.1514842659235 0.153043314814568 0.151556760072708
-9999 -9999 -9999 -9999 -9999 -9999 -9999 -9999 -9999 -9999 -9999 -9999 -9999 -9999 -9999 -9999 -9999 -9999 -9999 -9999 -9999 -9999 -9999 -9999 -9999 0.124510206282139 0.084809921681881 0.0560088828206062 0.0248945411294699 0.036027941852808 0.0688506290316582 0.0927545428276062 0.0999055728316307 0.108880177140236 0.128927007317543 0.127091944217682 0.173315897583961 0.209569364786148 0.27907457947731 0.390486121177673 0.459719270467758 0.47403547167778 0.15127144753933 0.160631477832794 0.163903683423996 0.16441547870636 0.1612698584795 0.172112688422203 0.179574072360992 0.1935765594244 0.202091977000237 0.17966428399086 0.147800490260124 0.139308631420135 0.153203651309013 0.161339297890663
-9999 -9999 -9999 -9999 -9999 -9999 -9999 -9999 -9999 -9999 -9999 -9999 -9999 -9999 -9999 -9999 -9999 -9999 -9999 -9999 -9999 -9999 -9999 -9999 -9999 0.159669652581215 0.110234387218952 0.0845856294035912 0.0362833552062511 0.0209097638726234 0.0226490832865238 0.0284080840647221 0.0502079911530018 0.0850306153297424 0.105075538158417 0.119501583278179 0.137034595012665 0.160682931542397 0.209453597664833 0.306198567152023 0.375539869070053 0.495701283216476 0.146782383322716 0.166655004024506 0.159452825784683 0.158835515379906 0.161513179540634 0.167367100715637 0.172742605209351 0.180831760168076 0.183612197637558 0.161147832870483 0.140143126249313 0.136362224817276 0.151619479060173 0.161750957369804
-9999 -9999 -9999 -9999 -9999 -9999 -9999 -9999 -9999 -9999 -9999 -9999 -9999 -9999 -9999 -9999 -9999 -9999 -9999 -9999 -9999 -9999 -9999 -9999 -9999 -9999 -9999 0.117461517453194 0.0933814719319344 0.0103997346013784 0.00798782892525196 0.00898163951933384 0.0133098037913442 0.0262207388877869 0.0580131709575653 0.0773617699742317 0.122421965003014 0.139975160360336 0.175063073635101 0.231909066438675 0.246456563472748 0.413852274417877 0.136942237615585 0.167997613549232 0.163144811987877 0.152551889419556 0.157509058713913 0.156842038035393 0.15053217113018 0.156963050365448 0.151063829660416 0.147441476583481 0.137274116277695 0.13777083158493 0.15515148639679 0.159151375293732
-9999 -9999 -9999 -9999 -9999 -9999 -9999 -9999 -9999 -9999 -9999 -9999 -9999 -9999 -9999 -9999 -9999 -9999 -9999 -9999 -9999 -9999 -9999 -9999 -9999 -9999 -9999 0.180063799023628 0.151941448450089 0.0159650091081858 0.00997363869100809 0.00910261180251837 0.0100860819220543 0.0165960006415844 0.0269288662821054 0.0396557152271271 0.0811866894364357 0.130268737673759 0.16226914525032 0.169347062706947 0.199225068092346 0.327295422554016 0.45971891283989 0.165940552949905 0.168524146080017 0.155687287449837 0.155248045921326 0.156689837574959 0.146048992872238 0.140010848641396 0.139406085014343 0.146728470921516 0.1542998701334 0.156423985958099 0.157078728079796 0.149327710270882
-9999 -9999 -9999 -9999 -9999 -9999 -9999 -9999 -9999 -9999 -9999 -9999 -9999 -9999 -9999 -9999 -9999 -9999 -9999 -9999 -9999 -9999 -9999 -9999 -9999 -9999 -9999 -9999 0.157194525003433 0.0355464704334736 0.0216699708253145 0.0126453768461943 0.0169894061982632 0.0200901105999947 0.025258956477046 0.033099751919508 0.0575374476611614 0.0926317721605301 0.118461981415749 0.12825970351696 0.162681266665459 0.248162373900414 0.381729334592819 0.109633825719357 0.155770376324654 0.164211228489876 0.160658061504364 0.160831987857819 0.151908382773399 0.13766086101532 0.133204519748688 0.14987026154995 0.18004609644413 0.173313900828362 0.160344734787941 0.136623546481133
-9999 -9999 -9999 -9999 -9999 -9999 -9999 -9999 -9999 -9999 -9999 -9999 -9999 -9999 -9999 -9999 -9999 -9999 -9999 -9999 -9999 -9999 -9999 -9999 -9999 -9999 -9999 -9999 0.151152774691582 0.0477774664759636 0.0420489311218262 0.0323753729462624 0.0330073535442352 0.0308043826371431 0.0294309295713902 0.0320859923958778 0.046571608632803 0.070305623114109 0.0855313241481781 0.0975301042199135 0.116566032171249 0.178529620170593 0.289796829223633 0.0746004283428192 0.10161879658699 0.127528414130211 0.15792016685009 0.166855007410049 0.164479315280914 0.140522211790085 0.123743303120136 0.141063585877419 0.166956886649132 0.157964527606964 0.146091789007187 0.118048042058945
-9999 -9999 -9999 -9999 -9999 -9999 -9999 -9999 -9999 -9999 -9999 -9999 -9999 -9999 -9999 -9999 -9999 -9999 -9999 -9999 -9999 -9999 -9999 -9999 -9999 -9999 -9999 -9999 0.149657890200615 0.0622374415397644 0.0414226613938808 0.0443787313997746 0.0497176051139832 0.0377297326922417 0.0315122604370117 0.0288835614919662 0.041675977408886 0.0587689802050591 0.0668565928936005 0.0729627460241318 0.0778355523943901 0.135370120406151 0.230581939220428 0.052810937166214 0.0616090893745422 0.0639712959527969 0.114511042833328 0.173990607261658 0.169029340147972 0.145134031772614 0.099363885819912 0.131048694252968 0.151684507727623 0.142608731985092 0.128465846180916 0.0989687889814377
-9999 -9999 -9999 -9999 -9999 -9999 -9999 -9999 -9999 -9999 -9999 -9999 -9999 -9999 -9999 -9999 -9999 -9999 -9999 -9999 -9999 -9999 -9999 -9999 -9999 -9999 -9999 -9999 0.199831113219261 0.0817374140024185 0.087565042078495 0.0503979288041592 0.0492169670760632 0.0426406413316727 0.0335967317223549 0.0284683853387833 0.0397111549973488 0.054581094533205 0.0630572959780693 0.0621353127062321 0.0669586062431335 0.109105110168457 0.194340854883194 0.0411886498332024 0.04393645003438 0.0477172806859016 0.0748343393206596 0.119223669171333 0.147282838821411 0.147888615727425 0.140195444226265 0.14004921913147 0.13684768974781 0.12253388017416 0.0986386388540268 0.0757700055837631
-9999 -9999 -9999 -9999 -9999 -9999 -9999 -9999 -9999 -9999 -9999 -9999 -9999 -9999 -9999 -9999 -9999 -9999 -9999 -9999 -9999 -9999 -9999 -9999 -9999 -9999 -9999 -9999 0.224212393164635 0.130918264389038 0.0926164016127586 0.0482163950800896 0.0365218594670296 0.031681127846241 0.0291039608418941 0.0249812435358763 0.0411406084895134 0.0590958520770073 0.0662015676498413 0.0565676651895046 0.0550570338964462 0.0978806242346764 0.181508496403694 0.0371724776923656 0.0354521945118904 0.0349570550024509 0.0544319599866867 0.0805876404047012 0.109038449823856 0.142289191484451 0.146310403943062 0.140422537922859 0.120592869818211 0.102614797651768 0.0822207033634186 0.324289083480835
