meets/meet004/_saidas_enm/CCSM_Maxent_6k_Aralia_warmingiana3.asc
NCOLS 154 
NROWS 168 
XLLCORNER -112 
YLLCORNER -55.5 
CELLSIZE 0.5 
NODATA_value -9999 
[rows 75 to 99 of 168, columns 56 to 111 of 154]
-9999 -9999 -9999 -9999 -9999 -9999 -9999 -9999 -9999 -9999 -9999 0.286884009838104 0.261815965175629 0.269843250513077 0.287558257579803 0.325981497764587 0.447882473468781 0.590826094150543 0.629755258560181 0.607888281345367 0.574112355709076 0.518807590007782 0.46178537607193 0.424215734004974 0.429701387882233 0.429141998291016 0.418614208698273 0.403424382209778 0.386906117200851 0.372313797473907 0.353242993354797 0.330543428659439 0.309854567050934 0.297108441591263 0.293993711471558 0.291360884904861 0.287094503641129 0.281254887580872 0.280983418226242 0.284329146146774 0.286705762147903 0.289099365472794 0.289922803640366 0.294803828001022 0.29806050658226 0.291891276836395 0.282957673072815 0.26858726143837 0.253815293312073 0.236474245786667 0.222096756100655 0.21636688709259 0.212851911783218 0.216323703527451 0.219137385487556 0.20540614426136
-9999 -9999 -9999 -9999 -9999 -9999 -9999 -9999 -9999 -9999 -9999 0.326393663883209 0.297990202903748 0.291227221488953 0.280649155378342 0.279727071523666 0.353535711765289 0.432447016239166 0.536543369293213 0.61339259147644 0.607754170894623 0.561440348625183 0.503830790519714 0.439778327941895 0.44009080529213 0.420995205640793 0.413008153438568 0.399179518222809 0.381630033254623 0.371755808591843 0.355821818113327 0.332340776920319 0.312884420156479 0.302742511034012 0.307236701250076 0.314134746789932 0.304238140583038 0.301515161991119 0.301932483911514 0.308249533176422 0.320488691329956 0.305971741676331 0.304834187030792 0.310130029916763 0.318635821342468 0.340749263763428 0.327441900968552 0.306960970163345 0.291273832321167 0.272381156682968 0.25698047876358 0.24943682551384 0.241347029805183 0.232285380363464 0.210555866360664 0.186188042163849
-9999 -9999 -9999 -9999 -9999 -9999 -9999 -9999 -9999 -9999 -9999 -9999 0.328972101211548 0.304928660392761 0.285326480865479 0.268316447734833 0.259725660085678 0.266648322343826 0.337459623813629 0.480178356170654 0.614230096340179 0.64594954252243 0.546359300613403 0.451048195362091 0.447999805212021 0.444622188806534 0.427827894687653 0.40151259303093 0.376224488019943 0.359424412250519 0.342060327529907 0.32262110710144 0.309073984622955 0.30303019285202 0.30820906162262 0.315630555152893 0.311062604188919 0.308593899011612 0.309253960847855 0.313688963651657 0.31663766503334 0.297695368528366 0.28452667593956 0.289069831371307 0.309721797704697 0.335163325071335 0.339974731206894 0.332761526107788 0.323920786380768 0.307915300130844 0.28943008184433 0.279302269220352 0.263381481170654 0.241051763296127 0.217424467206001 0.167389184236526
-9999 -9999 -9999 -9999 -9999 -9999 -9999 -9999 -9999 -9999 -9999 -9999 0.354728728532791 0.285483151674271 0.258093953132629 0.220062807202339 0.172830507159233 0.131148785352707 0.159651264548302 0.280739158391953 0.449541985988617 0.596912086009979 0.626519858837128 0.461300820112228 0.496461123228073 0.488360822200775 0.447648346424103 0.409641116857529 0.372295558452606 0.350535452365875 0.326589554548264 0.308967649936676 0.295371979475021 0.288807600736618 0.294305831193924 0.297333717346191 0.294952273368835 0.290269106626511 0.291999995708466 0.300042897462845 0.297934532165527 0.276141196489334 0.24496491253376 0.249019026756287 0.283963441848755 0.312774896621704 0.339573621749878 0.349102646112442 0.35067954659462 0.338124871253967 0.313353955745697 0.299002408981323 0.279952198266983 0.255171984434128 0.188759595155716 0.13624981045723
-9999 -9999 -9999 -9999 -9999 -9999 -9999 -9999 -9999 -9999 -9999 -9999 -9999 0.351157307624817 0.239860519766808 0.159116938710213 0.112577475607395 0.0884063020348549 0.0914381444454193 0.133999109268188 0.22684745490551 0.390165984630585 0.566736817359924 0.552639603614807 0.486346870660782 0.480645298957825 0.449746906757355 0.402636408805847 0.363781899213791 0.343836933374405 0.321111977100372 0.301233857870102 0.286840677261353 0.277884840965271 0.278411626815796 0.280243337154388 0.277117937803268 0.273577690124512 0.273998826742172 0.27884629368782 0.277836233377457 0.262769460678101 0.233271792531013 0.236522302031517 0.265978306531906 0.303207367658615 0.34428995847702 0.366367220878601 0.370353728532791 0.362147450447083 0.34131520986557 0.318742603063583 0.253872245550156 0.195190250873566 0.14279206097126 0.105954542756081
-9999 -9999 -9999 -9999 -9999 -9999 -9999 -9999 -9999 -9999 -9999 -9999 -9999 0.395085036754608 0.222343027591705 0.102971211075783 0.0828229039907455 0.0672512054443359 0.0582265257835388 0.0649413540959358 0.071163222193718 0.148428782820702 0.312581866979599 0.420825093984604 0.434172332286835 0.475396335124969 0.424825340509415 0.384105235338211 0.325800865888596 0.324907273054123 0.314384937286377 0.273245871067047 0.278011232614517 0.26692059636116 0.266231119632721 0.253306001424789 0.260670989751816 0.254949897527695 0.25597482919693 0.253187417984009 0.253420293331146 0.257274955511093 0.230778396129608 0.232003822922707 0.262169599533081 0.301376760005951 0.350405782461166 0.375913172960281 0.38552525639534 0.372217535972595 0.362291246652603 0.284749895334244 0.211755111813545 0.161199107766151 0.122544422745705 0.0926298126578331
-9999 -9999 -9999 -9999 -9999 -9999 -9999 -9999 -9999 -9999 -9999 -9999 -9999 -9999 0.250470370054245 0.124303348362446 0.0881564170122147 0.0654269084334373 0.050526600331068 0.0427852682769299 0.0373812131583691 0.0391498878598213 0.0445122420787811 0.0642629638314247 0.117484800517559 0.222921073436737 0.344547897577286 0.318972438573837 0.25937294960022 0.2742620408535 0.243395835161209 0.255531638860703 0.250151097774506 0.242748990654945 0.250975906848907 0.247130289673805 0.24088291823864 0.236990407109261 0.24022813141346 0.250321924686432 0.246747985482216 0.251798868179321 0.242772713303566 0.252126127481461 0.271179646253586 0.305592000484467 0.341746300458908 0.361750781536102 0.353760629892349 0.320023357868195 0.266018897294998 0.212098985910416 0.161448448896408 0.13170750439167 0.110040985047817 0.0863547697663307
-9999 -9999 -9999 -9999 -9999 -9999 -9999 -9999 -9999 -9999 -9999 -9999 -9999 -9999 0.311622321605682 0.151600748300552 0.131145134568214 0.0797492116689682 0.0519843883812428 0.0342313461005688 0.0210535135120153 0.0107056526467204 0.00354365049861372 0.00324584823101759 0.00885554030537605 0.0196093749254942 0.0614328719675541 0.233161240816116 0.272937089204788 0.307040214538574 0.195397108793259 0.226676106452942 0.227218389511108 0.21846430003643 0.2395189255476 0.233701199293137 0.217921540141106 0.214433833956718 0.222065582871437 0.239029943943024 0.234395727515221 0.233278289437294 0.229070514440536 0.254499673843384 0.270917624235153 0.296411126852036 0.326190114021301 0.334984660148621 0.295083522796631 0.252310544252396 0.201909199357033 0.179733768105507 0.136420965194702 0.116487182676792 0.102984130382538 0.0877911448478699
-9999 -9999 -9999 -9999 -9999 -9999 -9999 -9999 -9999 -9999 -9999 -9999 -9999 -9999 -9999 0.358985722064972 0.236772388219833 0.120519138872623 0.0654766708612442 0.0341590642929077 0.0164224784821272 0.00674699246883392 0.00213824980892241 0.00119803287088871 0.00107009417843074 0.00103852804750204 0.00244744098745286 0.00585311558097601 0.0243045762181282 0.144458532333374 0.354792475700378 0.351814240217209 0.25028982758522 0.186319142580032 0.193626508116722 0.191611349582672 0.197441652417183 0.205688193440437 0.21088732779026 0.215454861521721 0.223765149712563 0.232386291027069 0.214283108711243 0.216762021183968 0.269298642873764 0.289939016103745 0.316078335046768 0.29865899682045 0.280761122703552 0.246559262275696 0.212154492735863 0.178440004587173 0.14364404976368 0.1236956641078 0.108317598700523 0.0938633605837822
-9999 -9999 -9999 -9999 -9999 -9999 -9999 -9999 -9999 -9999 -9999 -9999 -9999 -9999 -9999 0.515444457530975 0.369525164365768 0.202449217438698 0.102523647248745 0.0469242036342621 0.0187102630734444 0.00884274952113628 0.00383212650194764 0.00169815286062658 0.000667867425363511 0.000177451118361205 0.000355604744981974 0.000232210819376633 0.000935806834604591 0.0190808866173029 0.12029642611742 0.37966912984848 0.343631088733673 0.205227434635162 0.192711055278778 0.167518556118011 0.170787587761879 0.179948911070824 0.173062205314636 0.154911696910858 0.152673780918121 0.199503138661385 0.204280689358711 0.189772009849548 0.240378871560097 0.28587931394577 0.298836469650269 0.275064200162888 0.260527312755585 0.224367886781693 0.198699906468391 0.169377729296684 0.144296586513519 0.124643065035343 0.104829639196396 0.100232616066933
-9999 -9999 -9999 -9999 -9999 -9999 -9999 -9999 -9999 -9999 -9999 -9999 -9999 -9999 -9999 0.356884896755219 0.453292846679688 0.342636525630951 0.211496666073799 0.101649545133114 0.0432677157223225 0.0211597178131342 0.0130011197179556 0.0078516872599721 0.00399864232167602 0.00225911173038185 0.00131143955513835 0.000913067604415119 0.00186502968426794 0.00923960376530886 0.0456951260566711 0.202484413981438 0.469414919614792 0.325778156518936 0.252777755260468 0.207950249314308 0.195128500461578 0.163636177778244 0.143418952822685 0.125900268554688 0.11443305760622 0.175544679164886 0.194066002964973 0.17757274210453 0.201043397188187 0.275862127542496 0.282276839017868 0.25819918513298 0.241593897342682 0.211007416248322 0.188064858317375 0.145777225494385 0.118574164807796 0.099799633026123 0.0812545120716095 0.0728780031204224
-9999 -9999 -9999 -9999 -9999 -9999 -9999 -9999 -9999 -9999 -9999 -9999 -9999 -9999 -9999 -9999 0.384173512458801 0.464414715766907 0.375766426324844 0.237717300653458 0.0349162742495537 0.028164379298687 0.0184456314891577 0.0187646802514791 0.0160839967429638 0.0133516117930412 0.00718285795301199 0.00507529452443123 0.00560156255960464 0.0098419850692153 0.0231021363288164 0.0798369273543358 0.271028935909271 0.443217068910599 0.378668278455734 0.275689899921417 0.218752801418304 0.18116220831871 0.160976648330688 0.139112710952759 0.117146708071232 0.195962205529213 0.181406870484352 0.171876549720764 0.202189162373543 0.264583021402359 0.262014448642731 0.227467030286789 0.191950380802155 0.153968080878258 0.1430973559618 0.10003362596035 0.0759914815425873 0.0622303523123264 0.0491105653345585 0.0453523136675358
-9999 -9999 -9999 -9999 -9999 -9999 -9999 -9999 -9999 -9999 -9999 -9999 -9999 -9999 -9999 -9999 -9999 0.375575304031372 0.47266697883606 0.424910038709641 0.293050289154053 0.143680021166801 0.0749934017658234 0.0409806706011295 0.0321420878171921 0.0245868489146233 0.0188036877661943 0.0147930346429348 0.0120270336046815 0.011897936463356 0.013036385178566 0.0277450960129499 0.069492407143116 0.182996675372124 0.392340987920761 0.410416692495346 0.294230729341507 0.241615757346153 0.201878890395164 0.219112545251846 0.228390470147133 0.222149878740311 0.195995450019836 0.198952600359917 0.228995144367218 0.251240730285645 0.226769730448723 0.16369304060936 0.125113531947136 0.0944938883185387 0.0676514059305191 0.0546229779720306 0.0420737899839878 0.0360442362725735 0.0326779223978519 0.0310863256454468
-9999 -9999 -9999 -9999 -9999 -9999 -9999 -9999 -9999 -9999 -9999 -9999 -9999 -9999 -9999 -9999 -9999 -9999 -9999 0.426812559366226 0.49398347735405 0.326432913541794 0.167005896568298 0.0913388505578041 0.0613179989159107 0.0434304736554623 0.0326904207468033 0.0286385621875525 0.0215870905667543 0.0157092958688736 0.0112544046714902 0.014498433098197 0.0190746001899242 0.0430214703083038 0.15277986228466 0.376962006092072 0.410712420940399 0.292835086584091 0.222536742687225 0.237207055091858 0.222871005535126 0.241423740983009 0.238871067762375 0.242436960339546 0.247077614068985 0.233058124780655 0.222440347075462 0.149889081716537 0.106210798025131 0.0721611380577087 0.0466421954333782 0.0387183502316475 0.0307217240333557 0.027045264840126 0.0265361964702606 0.0261791963130236
-9999 -9999 -9999 -9999 -9999 -9999 -9999 -9999 -9999 -9999 -9999 -9999 -9999 -9999 -9999 -9999 -9999 -9999 -9999 -9999 -9999 0.390970200300217 0.303060710430145 0.193945601582527 0.104063987731934 0.0523377805948257 0.0453473031520844 0.0386746488511562 0.0338268838822842 0.0237713698297739 0.0190052874386311 0.0137959653511643 0.00861469004303217 0.0117209069430828 0.0362621992826462 0.107276171445847 0.277953952550888 0.444062292575836 0.29128822684288 0.335224688053131 0.304903119802475 0.28654819726944 0.28583961725235 0.25342121720314 0.243162915110588 0.226898193359375 0.213567048311234 0.184091851115227 0.130020499229431 0.0758926793932915 0.0493475832045078 0.0385145880281925 0.0324707105755806 0.0295144692063332 0.0262124743312597 0.0282504726201296
-9999 -9999 -9999 -9999 -9999 -9999 -9999 -9999 -9999 -9999 -9999 -9999 -9999 -9999 -9999 -9999 -9999 -9999 -9999 -9999 -9999 -9999 -9999 0.32258015871048 0.215479612350464 0.121314845979214 0.0933474525809288 0.0675177350640297 0.0495266281068325 0.0422678962349892 0.0318430289626122 0.0204916503280401 0.00877470057457685 0.00757859740406275 0.0125149935483932 0.0253585074096918 0.0810938253998756 0.244035184383392 0.411238491535187 0.459223449230194 0.364574998617172 0.304043114185333 0.264366388320923 0.238868683576584 0.228122398257256 0.226202234625816 0.219743758440018 0.21343882381916 0.160890117287636 0.100141368806362 0.0628067851066589 0.0486699976027012 0.0400523170828819 0.0336870662868023 0.029938044026494 0.0291250124573708
-9999 -9999 -9999 -9999 -9999 -9999 -9999 -9999 -9999 -9999 -9999 -9999 -9999 -9999 -9999 -9999 -9999 -9999 -9999 -9999 -9999 -9999 -9999 -9999 -9999 0.3539117872715 0.226333647966385 0.134023398160934 0.0640920773148537 0.068151094019413 0.0599447339773178 0.0371235981583595 0.0191388875246048 0.0119527596980333 0.00928286928683519 0.00810161605477333 0.0240123402327299 0.0624180473387241 0.169479370117188 0.405543655157089 0.525504410266876 0.386459797620773 0.284075915813446 0.213738784193993 0.219276040792465 0.228445634245872 0.224097102880478 0.207939714193344 0.182532846927643 0.121660031378269 0.0809494331479073 0.0619438253343105 0.0518921688199043 0.0425559729337692 0.0311939436942339 0.0271668676286936
-9999 -9999 -9999 -9999 -9999 -9999 -9999 -9999 -9999 -9999 -9999 -9999 -9999 -9999 -9999 -9999 -9999 -9999 -9999 -9999 -9999 -9999 -9999 -9999 -9999 0.464862734079361 0.377761751413345 0.268531858921051 0.19235797226429 0.0880511850118637 0.0569879673421383 0.0462533943355083 0.0466460958123207 0.0299233570694923 0.0185603760182858 0.013335520401597 0.0227294620126486 0.0385678373277187 0.0968503654003143 0.282786846160889 0.503574728965759 0.543536961078644 0.331299126148224 0.217216476798058 0.215557143092155 0.239602148532867 0.246959269046783 0.228131309151649 0.197526708245277 0.153759390115738 0.113403804600239 0.0863705649971962 0.06754070520401 0.053052019327879 0.0404546149075031 0.0324923545122147
-9999 -9999 -9999 -9999 -9999 -9999 -9999 -9999 -9999 -9999 -9999 -9999 -9999 -9999 -9999 -9999 -9999 -9999 -9999 -9999 -9999 -9999 -9999 -9999 -9999 -9999 -9999 0.432198852300644 0.359387069940567 0.0946366563439369 0.0547834001481533 0.0379024818539619 0.0294898506253958 0.0430661551654339 0.0513884536921978 0.0486136749386787 0.0425921566784382 0.0490147769451141 0.0927057638764381 0.232240706682205 0.442624658346176 0.587234854698181 0.386231124401093 0.208801776170731 0.227316856384277 0.263516992330551 0.250942140817642 0.260151267051697 0.229245856404305 0.164369970560074 0.131039753556252 0.112272121012211 0.0868469774723053 0.0679180771112442 0.0492392890155315 0.0405448153614998
-9999 -9999 -9999 -9999 -9999 -9999 -9999 -9999 -9999 -9999 -9999 -9999 -9999 -9999 -9999 -9999 -9999 -9999 -9999 -9999 -9999 -9999 -9999 -9999 -9999 -9999 -9999 0.45185723900795 0.502214789390564 0.156851500272751 0.0881432443857193 0.056547362357378 0.0424671173095703 0.0385938063263893 0.0497910492122173 0.0534688830375671 0.0658583641052246 0.0644395351409912 0.109216973185539 0.22463496029377 0.399740546941757 0.59902012348175 0.542933464050293 0.287825286388397 0.236875936388969 0.252944052219391 0.24245098233223 0.234510451555252 0.206952825188637 0.165874764323235 0.133172124624252 0.108827635645866 0.101788520812988 0.0889125168323517 0.0692746266722679 0.0608066543936729
-9999 -9999 -9999 -9999 -9999 -9999 -9999 -9999 -9999 -9999 -9999 -9999 -9999 -9999 -9999 -9999 -9999 -9999 -9999 -9999 -9999 -9999 -9999 -9999 -9999 -9999 -9999 -9999 0.519845962524414 0.28089901804924 0.126386821269989 0.0743477717041969 0.0665998309850693 0.0676649808883667 0.0587260462343693 0.0622447952628136 0.0761882141232491 0.0725305080413818 0.110924303531647 0.2205740660429 0.378881573677063 0.570033967494965 0.660694241523743 0.367208421230316 0.274812698364258 0.212687462568283 0.205057218670845 0.188112765550613 0.165987566113472 0.152087062597275 0.127245262265205 0.114291213452816 0.0959465950727463 0.0866725742816925 0.0838918760418892 0.0969800725579262
-9999 -9999 -9999 -9999 -9999 -9999 -9999 -9999 -9999 -9999 -9999 -9999 -9999 -9999 -9999 -9999 -9999 -9999 -9999 -9999 -9999 -9999 -9999 -9999 -9999 -9999 -9999 -9999 0.360733687877655 0.245912924408913 0.140547171235085 0.107159055769444 0.108064688742161 0.0791671425104141 0.0790087804198265 0.0745570436120033 0.0778315886855125 0.0754319876432419 0.109147571027279 0.204101413488388 0.323429703712463 0.494282126426697 0.616041123867035 0.377676457166672 0.291392982006073 0.257644414901733 0.190041646361351 0.155275285243988 0.136984199285507 0.142876133322716 0.133795544505119 0.120838344097137 0.099118746817112 0.0881410613656044 0.0929838344454765 0.123179487884045
-9999 -9999 -9999 -9999 -9999 -9999 -9999 -9999 -9999 -9999 -9999 -9999 -9999 -9999 -9999 -9999 -9999 -9999 -9999 -9999 -9999 -9999 -9999 -9999 -9999 -9999 -9999 -9999 0.309971123933792 0.283376216888428 0.106664828956127 0.138902679085732 0.0735419020056725 0.0527921654284 0.0715241879224777 0.0726697221398354 0.0780097246170044 0.0675189718604088 0.0946017056703568 0.156725063920021 0.225282475352287 0.446705549955368 0.574398756027222 0.330482304096222 0.230392515659332 0.17509126663208 0.202175512909889 0.156109407544136 0.139192745089531 0.141978085041046 0.151206150650978 0.122988574206829 0.101603142917156 0.0913665816187859 0.116447433829308 0.157703027129173
-9999 -9999 -9999 -9999 -9999 -9999 -9999 -9999 -9999 -9999 -9999 -9999 -9999 -9999 -9999 -9999 -9999 -9999 -9999 -9999 -9999 -9999 -9999 -9999 -9999 -9999 -9999 -9999 0.298919141292572 0.313884347677231 0.156881973147392 0.122110240161419 0.0726574212312698 0.0516498908400536 0.0628591701388359 0.0732348263263702 0.0702890455722809 0.064337283372879 0.0911279320716858 0.130906343460083 0.205513060092926 0.392601251602173 0.529888987541199 0.28756394982338 0.182866618037224 0.157892286777496 0.165856346487999 0.1915532797575 0.169579461216927 0.15283340215683 0.145822405815125 0.128629758954048 0.115294419229031 0.129533141851425 0.166835844516754 0.220109328627586
-9999 -9999 -9999 -9999 -9999 -9999 -9999 -9999 -9999 -9999 -9999 -9999 -9999 -9999 -9999 -9999 -9999 -9999 -9999 -9999 -9999 -9999 -9999 -9999 -9999 -9999 -9999 -9999 0.2756627202034 0.299717456102371 0.159328565001488 0.0940426662564278 0.0701342523097992 0.052236583083868 0.0603089369833469 0.0655706971883774 0.0615193173289299 0.0555020049214363 0.0861595198512077 0.126134276390076 0.199123531579971 0.376895606517792 0.509144484996796 0.249079063534737 0.178292319178581 0.16319927573204 0.148600161075592 0.182995051145554 0.206175655126572 0.177557870745659 0.140761807560921 0.151558548212051 0.15996478497982 0.187470033764839 0.238903924822807 0.296670019626617
