meets/meet004/_saidas_enm/CCSM_SVM_0k_Cavanillesia_umbellata1.asc
NCOLS 154 
NROWS 168 
XLLCORNER -112 
YLLCORNER -55.5 
CELLSIZE 0.5 
NODATA_value -9999 
[rows 48 to 71 of 168, columns 56 to 111 of 154]
-9999 -9999 -9999 -9999 -9999 -9999 -9999 -9999 -9999 -9999 -9999 -9999 -9999 0.106354371741965 0.106230602808569 0.104744222595336 0.163659850925056 0.351015862466266 0.215251562767717 0.0403101561755572 0.0538637562785397 0.0970993404329852 0.0157654089230551 -0.0867700379846858 -0.102621204671418 -0.0748119761201919 -0.0555477199057603 -0.0292360903845755 0.00707955502255048 0.0518682539860628 0.0723770202102986 0.053345786765049 0.0202026473350235 0.076395103038347 0.292221720891191 0.320190151497689 0.326817904932414 0.197807169486198 0.152445329656236 0.135713461746324 0.0753640958512899 0.125004783987084 0.147689262401233 0.0984004346443922 0.00343845819383648 -0.0879082823862716 -0.0892428826747753 -0.0535281419523636 -0.00612229327034736 0.0400074328804561 0.160751660624787 0.0915913433783981 0.0376485300499956 0.0450487217089716 0.0207569637795693 -0.0296797951942832
-9999 -9999 -9999 -9999 -9999 -9999 -9999 -9999 -9999 -9999 -9999 -9999 -9999 0.106352103279542 0.105155983192218 0.100183354005198 0.159577768080934 0.175940499122017 0.086764148856824 0.0189840606485744 0.100913432994573 0.181680001844261 0.144530873853813 0.0486449621075109 -0.0266573068046458 -0.0491628227597077 -0.0175347743631452 0.0345893437490526 0.0750697933842693 0.091840645015644 0.0948614531236919 0.0913557117265819 0.0850690715924324 0.107049427425239 0.372480102038188 0.686704317452528 0.567001609060704 0.370928067552869 0.268927356894649 0.208085159469352 0.180194865423021 0.175099533510699 0.17104272865487 0.107417165081917 -0.00941300051786048 -0.07943790528246 -0.0946065053628304 -0.0900168306934073 -0.0783855298329805 -0.052021706197552 0.00492063150424438 0.00319050207508109 0.0767959877840736 0.142990664914787 0.0643903341410339 -0.00886581416972937
-9999 -9999 -9999 -9999 -9999 -9999 -9999 -9999 -9999 -9999 -9999 -9999 -9999 0.105809049070123 0.0980294052947618 0.0920057262864132 0.113856938655826 0.0500811978658371 0.0092202595878591 -0.0238111878126082 0.0502879948743355 0.172018763496345 0.358375209268627 0.352820139966671 0.199014075438861 0.106800967765673 0.0661971895337009 0.063398907816141 0.064316066828622 0.0668727602994054 0.0696091681260672 0.0651633091016565 0.0596175692133822 0.0660889941392557 0.337302634315821 1.06922005457894 0.927149986021348 0.618899634963927 0.43286827526889 0.308086185501553 0.257753269372212 0.20616994022326 0.180598880546834 0.113803070309354 -0.000391261400984888 -0.03638337827142 -0.0393827137942034 0.00105289218601995 0.023441406592448 0.0753339485060438 0.113419727299624 0.0257014288323595 0.156643897917603 0.163021013728469 0.051594563552026 0.0134864384443064
-9999 -9999 -9999 -9999 -9999 -9999 -9999 -9999 -9999 -9999 -9999 -9999 -9999 0.0957750943611947 0.0845021586940076 0.0763429944813163 0.0616160352125792 0.0174084118768443 -0.0212264078544448 -0.0313116658108067 -0.0287780370726593 -0.0148276946685286 0.0829882065439454 0.0840835893060666 0.0421284414909429 0.033718401497914 0.0447129737652711 0.0497287693208311 0.0539475474698212 0.0570877429795157 0.0601748938064599 0.0628645670981164 0.059103570997515 0.0548586389942783 0.132209768866235 0.699019668291532 1.01100023208514 0.732826541510691 0.534860606745211 0.380290346543516 0.28668444118988 0.225541647110516 0.192489040343398 0.137349300914691 0.0611434418641746 0.0402296472150067 0.0487505637162817 0.112379497470582 0.162759474034218 0.156209776189324 0.104481107428655 0.0771579845522088 0.166122428863347 0.138795997535865 0.0654767074167714 0.0141044355852931
-9999 -9999 -9999 -9999 -9999 -9999 -9999 -9999 -9999 -9999 -9999 0.103079301245172 0.0899744004701428 0.0772698146647428 0.0707592796098265 0.0669679480068082 0.049009266364948 -0.00035022044945171 -0.0165592709136684 -0.0438599224259834 -0.0429267362618006 -0.0305868920004207 -0.00659568043267517 0.0178032256153721 0.0369097098612012 0.0442649983874924 0.0481671010317384 0.0501957183700128 0.0502317746262447 0.0562532298118172 0.0632820560371218 0.0586896330629313 0.0585363978474163 0.0500533302645925 0.0596015494954048 0.385972158081851 0.817368953687641 0.747727078273611 0.527876206195602 0.411562779902157 0.314492926179776 0.254313756729199 0.227243277765648 0.190298004955702 0.155518337085471 0.160493254974013 0.162348815128208 0.241705986996536 0.265571666517363 0.116982455043674 0.0788214536410407 0.145715791200645 0.114539598180058 0.0627801196584719 0.028940203244025 -0.00638768660613503
-9999 -9999 -9999 -9999 -9999 -9999 -9999 -9999 -9999 -9999 0.103730066413151 0.0938977747313435 0.0729594820137057 0.0565833244193514 0.0687334502713505 0.0779604607791744 0.0688023523438437 0.0223809658712859 -0.0185617795770466 -0.018777507596784 -0.00631582845131595 0.0205622118295083 0.0367355130052953 0.0420372179654862 0.0443444621469416 0.0472961420636662 0.0478960491957965 0.0492142575086597 0.0592598418767586 0.0716724882635352 0.0742272109572431 0.059404389736544 0.0549983583256801 0.046920082677978 0.0406801001821953 0.198931457236286 0.55345521395462 0.601187928408275 0.47339988879319 0.361463499351412 0.329235029091958 0.29997643768806 0.277642884099664 0.252804763263697 0.227204629066866 0.21117888643004 0.191709461310005 0.165901172254143 0.056328996643295 0.0701239222485084 0.173532274565467 0.168637118781903 0.036809435177342 -0.0219482699699639 -0.0317123062504182 -0.0539019520592981
-9999 -9999 -9999 -9999 -9999 -9999 -9999 -9999 -9999 -9999 0.0882985911446493 0.0584380453825908 0.0256136765724838 0.0401083936474628 0.069742117827247 0.0862434520762242 0.0728728600246816 0.0511556494475618 0.0349078992483173 0.0378552003365198 0.0415541179840261 0.0450596068306977 0.0460390426640391 0.0476512731165332 0.0497488964603906 0.0500143976191817 0.0556131614066004 0.0695626434883813 0.0720413410117666 0.0663603121469755 0.0729326432564776 0.0622315804189921 0.0515967348240495 0.0461561960598968 0.0340571273775763 0.0778689386141792 0.287630314948614 0.376152526596251 0.36349297044211 0.290225763015637 0.252583640285791 0.291419469507403 0.302913636034038 0.279084169241827 0.204126264107972 0.102159425570569 -0.0214068599879044 -0.0160549896850419 0.10424878306554 0.206028569569903 0.252770320199752 0.164761446921595 0.0438786217827366 -0.0302307032811834 -0.0390937609092387 -0.0613141817182848
-9999 -9999 -9999 -9999 -9999 -9999 -9999 -9999 0.0988244550533712 0.0686699081296832 0.102291526708276 0.0340206072964645 -0.00166507149873402 0.0214214701595212 0.0631114315352208 0.0785108650825596 0.0695694379407748 0.0560960474774577 0.0528106744527839 0.050291957513003 0.0496517929218407 0.0513729083804075 0.0520467548479287 0.0526800078542117 0.0543820350058297 0.0529876561297251 0.0520308735617382 0.0499923900194415 0.0494987077774648 0.0500798554205378 0.0496369876048127 0.0490296691919935 0.0492168307367238 0.0463380512703448 0.0358202684171551 0.0162950538024675 0.0781200152034242 0.17337146781516 0.211015877767355 0.174498319329542 0.141818974184306 0.111996971883024 0.134571279630747 0.0806974969554758 -0.0261107136658615 0.0635461533159625 0.207164998068953 0.321476551057591 0.36201078594428 0.340128375707753 0.243802321309568 0.14416328412726 0.0602846196321488 0.015744719787708 0.0353304342259413 -0.00792713061892797
-9999 -9999 -9999 -9999 -9999 -9999 -9999 -9999 0.0761534576384099 0.0808307066863977 0.273213611061797 0.0186757579861017 -0.0533440461201247 0.00345145180444861 0.0512131809685042 0.0691088955967229 0.0620958165611804 0.0557809948116966 0.0546496541523953 0.0526571891210367 0.0528440670525182 0.052235250153559 0.0514512787465317 0.0502140348155969 0.0493208752913043 0.0490843647197554 0.048721501171766 0.0485403517569564 0.0484810055845985 0.0483434165974341 0.04826462060561 0.0480285095770454 0.0482699749472817 0.047909131965136 0.0398189648803813 0.0218844949961275 -0.00383067510697832 0.00189801116472715 0.0274603827080413 0.0124974603945125 -0.00915482449655219 -0.0321885569407492 -0.0363264875541706 0.0435649235697322 0.160165338691683 0.269986519001906 0.260571445895718 0.221583007217805 0.150990942796017 0.0779441947708834 0.0423833347462235 0.0150988153022257 -0.00576799421372687 0.0121740791143063 0.124034875002479 0.104114507444639
-9999 -9999 -9999 -9999 -9999 -9999 -9999 0.0937911777102782 0.0737256879465897 0.241441234180324 0.288470690542293 0.0407251495438072 -0.0948431862980177 -0.0379115931912422 0.0230958614410526 0.0557859410329893 0.0505372072828143 0.0506415287185769 0.0490009328622527 0.0480167575605396 0.0479491827120943 0.0473058721986515 0.0467189362835838 0.0465932239589087 0.0470147602035708 0.0477418019574219 0.0476452530044864 0.0474098615591182 0.0472261231593871 0.0468732319334232 0.046353115607606 0.0459393862116866 0.0456946068542371 0.0455324556532071 0.0444809884010661 0.0378224342214114 0.0230221878899805 -0.00128034220843681 -0.0140834523036706 -0.0129388213058103 -0.00437693344373336 0.0129377341508289 0.0375098377720505 0.0714519734558439 0.0831194453289293 0.0723047554298502 0.0380953735542564 0.0183441111509242 0.01188565149338 0.010019270247046 0.00514468923897543 -0.00495385194578873 -0.0203903413514396 -0.0123583263361465 0.152069475010314 0.23330107042854
-9999 -9999 -9999 -9999 -9999 -9999 -9999 0.0872068666946748 0.176001300937054 0.464253646071826 0.29774867505898 0.0500924498528093 -0.0980426608168045 -0.0509556887142782 -0.0114600436656728 0.0169343803863231 0.0224426998572361 0.030327513492958 0.0305032935396234 0.0369001785696177 0.0421662860217802 0.0427441287747604 0.0431772783439538 0.0425327388917714 0.0421423634340292 0.0433598124044944 0.0428583660113185 0.0431580788616428 0.0425952510301232 0.0415072275850396 0.0417623766806111 0.0414173629586886 0.0421760171464987 0.0427331903202067 0.0434412477261334 0.0454046436836558 0.0399704059881035 0.0337500397924298 0.0316198886349566 0.033966638786855 0.0360054361685517 0.0377853471399268 0.0378104965827314 0.035605313043779 0.0372615677779758 0.0411337222307223 0.0486640171161323 0.0499714629845328 0.0495138254656267 0.0414853823157846 0.0349053773816586 0.0186001042254724 0.00476231296293839 -0.0225201635939441 0.100228499683071 0.293153531484839
-9999 -9999 -9999 -9999 -9999 -9999 0.104268954422514 0.0712690287569513 0.245780762129148 0.525723439385952 0.345417497274298 0.117064303206111 -0.0570993540602656 -0.0138984635660233 -0.0381590262836538 -0.0294594072440263 -0.0362595640606546 -0.0288675154155145 -0.0201877078678055 0.00226136745305155 0.0216601749954792 0.0248515179200283 0.0251334701334477 0.0246099007197497 0.0281529833721101 0.0304467008920064 0.0310443551861104 0.029745336533853 0.0287511685582587 0.0303036441170742 0.0300914109717921 0.031514655971051 0.0324268979691136 0.0340332369799012 0.0379550134954396 0.040470961898512 0.0422852341629481 0.0433316372507758 0.0450488800462898 0.0463005515477855 0.0476406433512063 0.0483442716626293 0.0462236407384916 0.0408362968170815 0.0384581118470836 0.0374786910878882 0.0387299046030161 0.0380927871756991 0.0365843363662268 0.032098788397897 0.0249531934892047 0.00939473773872684 -0.00659987069493051 -0.0180644037514184 0.0501829211200343 0.255961966814066
-9999 -9999 -9999 -9999 -9999 -9999 0.118123341805316 0.0233960251181729 0.0499158472512279 0.37854969377538 0.325788589757835 0.120125489443694 -0.0498940661423268 -0.0397557368591809 -0.0864305293236851 -0.0959626028315986 -0.090383842049257 -0.0822032498311082 -0.0646146774179835 -0.034117786361435 -0.00745855145502489 0.00550415848440833 0.0146400105301703 0.0237415184748075 0.030072770203053 0.0320381430809586 0.0307077466348687 0.0250289597822412 0.0218604339869042 0.0199152868433377 0.0175461766425095 0.0157263478714803 0.0157155788862408 0.017099883593586 0.0208648347842278 0.0277025256304697 0.0317762717555884 0.0356930346163677 0.0378766116248955 0.0397449529425321 0.0407280620689028 0.0404740709112325 0.0379705771790045 0.0357090481520882 0.0366370904101313 0.0374305534526926 0.0388495965297941 0.0388921783454975 0.0379491284985605 0.0359255671268245 0.0321733191311019 0.0326250082006304 0.0350269453283583 0.047167635774214 0.0291605954253929 0.154385666529241
-9999 -9999 -9999 -9999 -9999 -9999 0.157070267899205 0.0284887723549111 -0.137631431224801 0.143333544830194 0.273556563851035 0.12804957461244 -0.0717148578241925 -0.0836802491105615 -0.128883722553911 -0.121323962141637 -0.115771772415641 -0.0896966343016078 -0.0407352062175766 0.000421769910646963 0.0293258102547278 0.0643387029060953 0.0959539250899507 0.116702455791452 0.105288709084886 0.0953043117843533 0.0874328445200009 0.0780618058278479 0.0634323992496779 0.0565633341370405 0.0482109246652555 0.0415787590168815 0.0341644319195379 0.029263240942524 0.0266578439589182 0.029475836776834 0.0385265480731741 0.0494074540256321 0.0603191672491167 0.0674252552632902 0.0768493588951873 0.071862462638094 0.074612423187333 0.0663775454628973 0.055682858605879 0.0489745384497607 0.0469700526433898 0.0482254463457544 0.052353905012467 0.0578554158311491 0.0739612583425531 0.0985721066044705 0.151103406615202 0.190767140896785 0.151272643110741 0.135896222332989
-9999 -9999 -9999 -9999 -9999 -9999 -9999 0.0631849559003934 -0.168160581206229 -0.0125674503366444 0.234113394102284 0.152724055371018 -0.0934195190706815 -0.12471248557053 -0.149147285917786 -0.141548675273653 -0.113861693410059 -0.0421141807140599 0.0498803196519408 0.117578853464152 0.170156624701904 0.235897665557336 0.285188980373053 0.308246458722681 0.294643595018185 0.263927219181395 0.254947783667372 0.233740404614601 0.206270402683639 0.192016358555921 0.175561705905095 0.164783143858511 0.143124081982471 0.134481019776909 0.132701437872998 0.131998555946764 0.148197127705214 0.159005774301538 0.188619109594183 0.215894117507969 0.207973224444807 0.194381621652912 0.155438805767565 0.117710157971872 0.0923109422239025 0.0706915666819518 0.070872448008832 0.0781305207680858 0.0961679106368518 0.125738940026483 0.168045645751968 0.248849953914203 0.335350680575538 0.405356743073549 0.391612579674967 0.353402157349321
-9999 -9999 -9999 -9999 -9999 -9999 -9999 -9999 -0.162939206503312 -0.0411535083707614 0.285782734613467 0.208317844966539 -0.088368157695697 -0.134312739895279 -0.138566439871466 -0.122991106127192 -0.0691732032044797 0.0485967597670979 0.176677662687789 0.256876206682367 0.339153107008563 0.408655957921759 0.473967307278788 0.494285455872607 0.472581454270539 0.449538984349314 0.439161390710025 0.41654844295889 0.379538129018288 0.335703639868588 0.333791833770685 0.317432463641765 0.305719657415795 0.298613481588289 0.300710015663892 0.31568626040479 0.319995616869507 0.341924725854017 0.355499312470044 0.352802482212677 0.314109796061498 0.24815514244501 0.183702531496051 0.129452980468701 0.0962126146844405 0.0728907901888085 0.0794675739518552 0.0948060096952649 0.120167418096646 0.155105761081963 0.213379144420365 0.308958311810017 0.417649161386238 0.517390074585132 0.538734501186334 0.533270642703947
-9999 -9999 -9999 -9999 -9999 -9999 0.0705976656866139 -0.0724620554981917 -0.215107361194822 0.0127588753393584 0.251652334460387 0.203022519897878 -0.0667069852191629 -0.117327005590154 -0.0974841481482968 -0.0339357200228889 0.0263906437538314 0.120232764781309 0.257867991970035 0.377341309081945 0.469940040433705 0.543203147735055 0.579851037570113 0.598614249527018 0.604169121013498 0.593278763568622 0.576395913467584 0.538121705224543 0.490568450951457 0.439966436237214 0.405559473444089 0.417883221911419 0.423252335970575 0.429093435768601 0.443735988331328 0.452964698617856 0.470205073094621 0.477171033353719 0.484038461425239 0.459919862303727 0.366692625374139 0.270525048298926 0.182561134814554 0.119397976485763 0.0814673443321348 0.063619394915244 0.0657512407753466 0.0807176424605996 0.104621526140454 0.135793062706215 0.185452403262217 0.273339637294868 0.380674675478828 0.491637689887495 0.569634635148112 0.605423256071616
-9999 -9999 -9999 -9999 -9999 0.100408228734186 -0.0567983352578482 -0.196463351471935 -0.151011775948696 0.0885901282200132 0.242766581534198 0.204653715355966 -0.0339981401135825 -0.0811815816690942 -0.0222245412985435 0.117773484083155 0.140911580223526 0.22483990693174 0.322572288962489 0.458085514153472 0.55052234523757 0.614020349900449 0.625636639612486 0.633937765508024 0.64019766266684 0.608743212823095 0.574022582385739 0.518927987158396 0.468088723854359 0.433928479782187 0.395525356286624 0.383267464223271 0.389499292614869 0.406235309057569 0.437791422186851 0.469253361305942 0.496786560369265 0.512669841301531 0.512870264877135 0.461756672606724 0.328349977949426 0.228124369799188 0.142516012931234 0.0877827564598567 0.0579572805492797 0.0387499740220257 0.0483693979513612 0.0572883806637768 0.0751727122408995 0.0977349730391702 0.124563235752557 0.200125093645284 0.279819280682591 0.363914842350066 0.436229333762458 0.476031600134124
-9999 -9999 -9999 -9999 -9999 0.035576672618237 -0.124229729056772 -0.208639628188117 -0.0422532852552538 0.169099547101162 0.272987011565682 0.235012501973982 0.112258973630533 0.0888121299800697 0.134116829639247 0.207963557960441 0.203569266007437 0.289349367953049 0.397735030575031 0.524041575896188 0.61300383035461 0.651434586431437 0.656076831947163 0.641518912946186 0.604241579893727 0.552375763658178 0.499466360481768 0.447715056963387 0.396537103642839 0.360394903021454 0.334671577873632 0.332735185903513 0.34675102074417 0.366379975646556 0.404015918316562 0.439118065945244 0.455013142092127 0.455199322216178 0.444592190891561 0.4090939232165 0.291245992239035 0.190550579971191 0.117520751249323 0.0717406467640415 0.0453358061458867 0.0339618464380551 0.0355693131302215 0.0437291760991165 0.0573497190969128 0.070110423888442 0.0915643753235519 0.132791741498923 0.182525399281186 0.228138142108075 0.260705881354935 0.281412753216507
-9999 -9999 -9999 -9999 -9999 -9999 -0.15051190853937 -0.175877848627246 0.0506154775140935 0.195392445328869 0.275229955319322 0.251523229901931 0.202963182927524 0.18969890396567 0.180695615486045 0.259409061204427 0.225157346101559 0.337536379873508 0.447817227252741 0.539898500124495 0.612110869568686 0.618981352611843 0.62248621466693 0.584656394173694 0.523235680925889 0.467854389808035 0.407943465059761 0.367951152425498 0.322737926957684 0.286375902790767 0.262371968697386 0.260892833561185 0.274957414510365 0.287326942956837 0.312820802324837 0.337417749271394 0.339088034763491 0.337948938353665 0.330635942708033 0.318636025428998 0.244930813494878 0.161052314653046 0.0991476344843112 0.0621262442846272 0.0383085277333065 0.0279965540171211 0.0297566942619968 0.0345661466901909 0.0433975839381267 0.0501598510179352 0.0573795484802954 0.0779920537010502 0.0972340062002744 0.107625797469522 0.106802312629556 0.110190069947664
-9999 -9999 -9999 -9999 -9999 -9999 -0.0499689903696078 -0.158979130519639 0.0618123070450189 0.215809002636111 0.267725649458552 0.238540286055294 0.141490620488634 0.0790980548848763 0.0739548536505997 0.0893528713862872 0.19080467665894 0.337270286366367 0.435424167564817 0.499450404645322 0.517864885525026 0.539572844787422 0.553857016904877 0.522648507550479 0.455904417643238 0.383830804476112 0.347443507185326 0.317504571530677 0.283626900160137 0.257309650509699 0.235912051898455 0.234420642947987 0.24071833633875 0.243465286069117 0.250254520241892 0.252333590460507 0.251474912786904 0.246566925006916 0.241582066211153 0.23917182032878 0.22241408608097 0.157533854010271 0.107822705061936 0.0739251851689042 0.0509632360050483 0.0397671876051294 0.0378720761675977 0.0407605361859559 0.0493253700759302 0.0577611315408319 0.0638841207659941 0.0609437270755818 0.0505238738081866 0.0442147146182731 0.0358493091987678 0.0266511051368152
-9999 -9999 -9999 -9999 -9999 -9999 0.156964946145542 -0.123966725570409 -0.0707028740974163 0.147172373448041 0.22758243371793 0.215440622130941 0.0930438726824082 0.0265495395181708 0.0154261875475734 0.00292505218625166 0.116108076170897 0.294459258121863 0.390454998104953 0.439745981118352 0.430535270828967 0.449238819537324 0.479961070127075 0.455479750513853 0.38463317420973 0.322478127324646 0.290404246457088 0.271869720094532 0.247393899143002 0.23378488492928 0.2250839311054 0.222827675219583 0.227078460620381 0.22542236621349 0.219115183500033 0.212174760418288 0.199305705991036 0.194968043335818 0.18635559846413 0.173027232255819 0.175722657048149 0.143163930363523 0.113526288197212 0.0873005980192664 0.0590015852268734 0.0527922264047931 0.0443144251270232 0.0487598615546708 0.0531438756701946 0.0535384733288014 0.066382087706065 0.0407539426979162 0.0219008498784979 0.00587840278084334 -0.0119442156455045 -0.0111778351255916
-9999 -9999 -9999 -9999 -9999 -9999 -9999 -9999 -0.0758305499118295 -0.0227255616518564 0.181951970279445 0.184863039714905 0.0849488188743337 0.0307559477362074 0.0125092432019145 0.0320505817198644 0.0943036272202745 0.205575971692304 0.318855352506938 0.3981861547495 0.383479881608552 0.405160905379942 0.43994427040494 0.413654671081199 0.346520019132929 0.280988911077803 0.256679878216589 0.232301875652883 0.208900093984753 0.20285512221111 0.203536796547305 0.205828455401674 0.20586373508001 0.209578144999669 0.213545810634056 0.20920533304492 0.201226640383457 0.190831306984174 0.178939082168472 0.168295586379528 0.155089368275058 0.147118883992524 0.132750986747171 0.110078746969755 0.0893393943705116 0.0748116318205346 0.0676296536365424 0.0631212276250605 0.0645729987258571 0.066206459957815 0.0591196340050567 0.0412295883105582 0.0122140652191876 -0.00596763721089172 -0.0173092683721939 -0.022323332590852
-9999 -9999 -9999 -9999 -9999 -9999 -9999 -9999 0.170202238893607 -0.132961905510237 0.107993197468007 0.145589306196363 0.0812726575065334 0.0356164535315622 0.0226999078121567 0.0567790715324362 0.156615987342057 0.241917336482238 0.321899221668908 0.390925747997417 0.361552272660969 0.371566638950794 0.371946923957393 0.335419293924315 0.300702297993134 0.244844211188808 0.218492070868926 0.191810338662548 0.16422068591353 0.157396410002399 0.160061230197051 0.162397612868773 0.155589313025225 0.165655892364844 0.18745131772023 0.19869536313074 0.199330081545188 0.190862213851351 0.182862046368249 0.171222996803972 0.159075543614712 0.145513134273392 0.136638838292602 0.125406033622752 0.103082321810221 0.0924216833514511 0.0768042848488174 0.0658287817101058 0.0569854419332457 0.043060305737863 0.0386839330976892 0.0205938376344564 0.00329643159552506 -0.011873385231486 -0.0238396806248173 -0.0238744161951828
