meets/meet004/_saidas_enm/CCSM_Maxent_21k_Aralia_warmingiana2.asc
NCOLS 154 
NROWS 168 
XLLCORNER -112 
YLLCORNER -55.5 
CELLSIZE 0.5 
NODATA_value -9999 
[rows 100 to 124 of 168, columns 56 to 111 of 154]
-9999 -9999 -9999 -9999 -9999 -9999 -9999 -9999 -9999 -9999 -9999 -9999 -9999 -9999 -9999 -9999 -9999 -9999 -9999 -9999 -9999 -9999 -9999 -9999 -9999 -9999 -9999 -9999 0.125927612185478 0.18399965763092 0.210109159350395 0.106645502150059 0.0929908975958824 0.0915041565895081 0.110694825649261 0.0883972123265266 0.0536495558917522 0.0407632291316986 0.0763722956180573 0.194028899073601 0.283514827489853 0.407371550798416 0.543489456176758 0.614545345306396 0.617171347141266 0.613891124725342 0.613654434680939 0.619302034378052 0.599342703819275 0.608042180538177 0.629598915576935 0.639833986759186 0.634003818035126 0.636648774147034 0.608977198600769 0.581983029842377
-9999 -9999 -9999 -9999 -9999 -9999 -9999 -9999 -9999 -9999 -9999 -9999 -9999 -9999 -9999 -9999 -9999 -9999 -9999 -9999 -9999 -9999 -9999 -9999 -9999 -9999 -9999 -9999 0.12685938179493 0.200603485107422 0.174137189984322 0.102237641811371 0.0985226035118103 0.0975467935204506 0.105921804904938 0.0883109644055367 0.0573986172676086 0.0451506674289703 0.0966383889317513 0.218894466757774 0.285388618707657 0.407280892133713 0.532374620437622 0.575910806655884 0.586656093597412 0.58886593580246 0.608381927013397 0.56783539056778 0.553831815719604 0.608037352561951 0.666088581085205 0.663350522518158 0.667667806148529 0.643541991710663 0.607509732246399 0.57675176858902
-9999 -9999 -9999 -9999 -9999 -9999 -9999 -9999 -9999 -9999 -9999 -9999 -9999 -9999 -9999 -9999 -9999 -9999 -9999 -9999 -9999 -9999 -9999 -9999 -9999 -9999 -9999 0.119353361427784 0.120245523750782 0.222664475440979 0.195250570774078 0.108454383909702 0.100678734481335 0.0932629108428955 0.0958143845200539 0.0800055116415024 0.0634977295994759 0.0592620559036732 0.130310401320457 0.236481755971909 0.301990568637848 0.412575215101242 0.533683121204376 0.568772196769714 0.557614207267761 0.55518639087677 0.604777157306671 0.579156160354614 0.565944969654083 0.605419218540192 0.642187416553497 0.656945705413818 0.661228060722351 0.657450258731842 0.632102966308594 0.595554113388062
-9999 -9999 -9999 -9999 -9999 -9999 -9999 -9999 -9999 -9999 -9999 -9999 -9999 -9999 -9999 -9999 -9999 -9999 -9999 -9999 -9999 -9999 -9999 -9999 -9999 -9999 -9999 0.112570196390152 0.119943201541901 0.251716196537018 0.192260220646858 0.106040067970753 0.0966714844107628 0.0864361301064491 0.0820221304893494 0.0756526812911034 0.0664480552077293 0.072615385055542 0.161208227276802 0.238757520914078 0.311981350183487 0.417318254709244 0.524536311626434 0.559423208236694 0.533536911010742 0.528257548809052 0.568205595016479 0.595225751399994 0.585637927055359 0.597295880317688 0.610590875148773 0.627499639987946 0.637686014175415 0.6421999335289 0.63337254524231 0.615174889564514
-9999 -9999 -9999 -9999 -9999 -9999 -9999 -9999 -9999 -9999 -9999 -9999 -9999 -9999 -9999 -9999 -9999 -9999 -9999 -9999 -9999 -9999 -9999 -9999 -9999 -9999 -9999 0.118210554122925 0.121869318187237 0.270044684410095 0.195438921451569 0.108975075185299 0.0921381339430809 0.0753680840134621 0.0675787255167961 0.0659237429499626 0.0644317045807838 0.0865690410137177 0.154487401247025 0.236237123608589 0.315883666276932 0.403322875499725 0.487081378698349 0.517753839492798 0.514059901237488 0.506878018379211 0.527230024337769 0.570794463157654 0.571961939334869 0.57022887468338 0.577766001224518 0.588723421096802 0.602770626544952 0.605732321739197 0.604718565940857 0.589282751083374
-9999 -9999 -9999 -9999 -9999 -9999 -9999 -9999 -9999 -9999 -9999 -9999 -9999 -9999 -9999 -9999 -9999 -9999 -9999 -9999 -9999 -9999 -9999 -9999 -9999 -9999 -9999 0.127516463398933 0.125326663255692 0.309745728969574 0.164121702313423 0.100754246115685 0.0840663090348244 0.068059891462326 0.057980976998806 0.0564442873001099 0.0556677468121052 0.0774208083748817 0.158447235822678 0.244241118431091 0.327500998973846 0.399593263864517 0.466773152351379 0.499246627092361 0.493168771266937 0.482455432415009 0.515327095985413 0.540401041507721 0.542316377162933 0.530410587787628 0.533739984035492 0.544043123722076 0.550710320472717 0.551471710205078 0.559516668319702 0.554440081119537
-9999 -9999 -9999 -9999 -9999 -9999 -9999 -9999 -9999 -9999 -9999 -9999 -9999 -9999 -9999 -9999 -9999 -9999 -9999 -9999 -9999 -9999 -9999 -9999 -9999 -9999 -9999 0.15172478556633 0.136549293994904 0.303019821643829 0.131113305687904 0.0909500122070312 0.0792542770504951 0.0591345727443695 0.0505595542490482 0.0420302525162697 0.0437714941799641 0.0766177475452423 0.167011648416519 0.246187791228294 0.322490155696869 0.395418226718903 0.453606635332108 0.47920885682106 0.481785356998444 0.502305209636688 0.511734426021576 0.522386372089386 0.506351888179779 0.489814460277557 0.480012059211731 0.493346512317657 0.510065138339996 0.51382040977478 0.517910957336426 0.521517992019653
-9999 -9999 -9999 -9999 -9999 -9999 -9999 -9999 -9999 -9999 -9999 -9999 -9999 -9999 -9999 -9999 -9999 -9999 -9999 -9999 -9999 -9999 -9999 -9999 -9999 -9999 -9999 0.182100892066956 0.154657706618309 0.217962607741356 0.116376481950283 0.0889957919716835 0.0745861381292343 0.0563320815563202 0.0405105911195278 0.0308671984821558 0.037761602550745 0.0851164609193802 0.165644407272339 0.250312209129333 0.321388989686966 0.387754172086716 0.435836791992188 0.459732949733734 0.45808333158493 0.476288378238678 0.48505300283432 0.496059745550156 0.483209073543549 0.459143131971359 0.440069973468781 0.447618216276169 0.463556259870529 0.472195327281952 0.481737911701202 0.48106974363327
-9999 -9999 -9999 -9999 -9999 -9999 -9999 -9999 -9999 -9999 -9999 -9999 -9999 -9999 -9999 -9999 -9999 -9999 -9999 -9999 -9999 -9999 -9999 -9999 -9999 -9999 -9999 0.226568058133125 0.184427291154861 0.15826228260994 0.119028851389885 0.0946329534053802 0.0785129144787788 0.0571606010198593 0.0372200533747673 0.0239329058676958 0.0377994775772095 0.0953816249966621 0.162185430526733 0.249082982540131 0.326019674539566 0.381254851818085 0.421605616807938 0.442254781723022 0.442191004753113 0.438581466674805 0.434286832809448 0.440696656703949 0.451241761445999 0.434275776147842 0.411362528800964 0.415236413478851 0.424468785524368 0.431781709194183 0.441635817289352 0.442904412746429
-9999 -9999 -9999 -9999 -9999 -9999 -9999 -9999 -9999 -9999 -9999 -9999 -9999 -9999 -9999 -9999 -9999 -9999 -9999 -9999 -9999 -9999 -9999 -9999 -9999 -9999 -9999 0.221020922064781 0.172450914978981 0.131795287132263 0.108463153243065 0.106705501675606 0.0915027633309364 0.0636168345808983 0.0371159091591835 0.02895831130445 0.0573071800172329 0.114459410309792 0.180704921483994 0.251026272773743 0.322982311248779 0.373579233884811 0.405950963497162 0.423985630273819 0.423558175563812 0.415642708539963 0.399872273206711 0.393867522478104 0.40365344285965 0.408485352993011 0.394145548343658 0.391816735267639 0.39445436000824 0.398767679929733 0.407296359539032 0.409830987453461
-9999 -9999 -9999 -9999 -9999 -9999 -9999 -9999 -9999 -9999 -9999 -9999 -9999 -9999 -9999 -9999 -9999 -9999 -9999 -9999 -9999 -9999 -9999 -9999 -9999 -9999 0.158031329512596 0.167224019765854 0.142728969454765 0.122059375047684 0.0965251475572586 0.109122261404991 0.115737043321133 0.0814578011631966 0.0502748228609562 0.0343217812478542 0.0645958855748177 0.122277103364468 0.217104867100716 0.272907078266144 0.322178214788437 0.358481258153915 0.387441694736481 0.400496304035187 0.391226500272751 0.384800314903259 0.365120381116867 0.360053777694702 0.366696953773499 0.367330819368362 0.367691159248352 0.369374096393585 0.365938425064087 0.372797459363937 0.378545492887497 0.378180891275406
-9999 -9999 -9999 -9999 -9999 -9999 -9999 -9999 -9999 -9999 -9999 -9999 -9999 -9999 -9999 -9999 -9999 -9999 -9999 -9999 -9999 -9999 -9999 -9999 -9999 -9999 0.134348750114441 0.139272347092628 0.123023189604282 0.107270859181881 0.102434523403645 0.112988859415054 0.130245625972748 0.112661249935627 0.0749719738960266 0.0700196027755737 0.0905760377645493 0.152675598859787 0.237755358219147 0.28715980052948 0.30554786324501 0.327367603778839 0.345529139041901 0.355900317430496 0.349288254976273 0.339590579271317 0.331449210643768 0.332644373178482 0.338683009147644 0.340538680553436 0.339399337768555 0.342259138822556 0.343721449375153 0.350388735532761 0.353487968444824 0.3547003865242
-9999 -9999 -9999 -9999 -9999 -9999 -9999 -9999 -9999 -9999 -9999 -9999 -9999 -9999 -9999 -9999 -9999 -9999 -9999 -9999 -9999 -9999 -9999 -9999 -9999 -9999 0.1213598549366 0.102711908519268 0.089014083147049 0.082404263317585 0.116194926202297 0.140502616763115 0.156188637018204 0.149898633360863 0.116284273564816 0.100851453840733 0.127291262149811 0.194989949464798 0.258081912994385 0.291869252920151 0.306723952293396 0.311991959810257 0.307444185018539 0.30754628777504 0.308695793151855 0.303043454885483 0.312831223011017 0.3126400411129 0.314655631780624 0.314014971256256 0.314750283956528 0.318082571029663 0.321067303419113 0.325753033161163 0.32495328783989 0.324995636940002
-9999 -9999 -9999 -9999 -9999 -9999 -9999 -9999 -9999 -9999 -9999 -9999 -9999 -9999 -9999 -9999 -9999 -9999 -9999 -9999 -9999 -9999 -9999 -9999 -9999 -9999 0.106172636151314 0.0649791285395622 0.059620700776577 0.0762907713651657 0.148997738957405 0.161541759967804 0.201904684305191 0.180373206734657 0.140148147940636 0.125091210007668 0.157105967402458 0.229055732488632 0.274954438209534 0.300117135047913 0.316996604204178 0.314759105443954 0.305981069803238 0.307098060846329 0.314416825771332 0.317908227443695 0.309400707483292 0.295462965965271 0.291902363300323 0.29015788435936 0.291219443082809 0.294088125228882 0.296831876039505 0.301498383283615 0.300741195678711 0.299679130315781
-9999 -9999 -9999 -9999 -9999 -9999 -9999 -9999 -9999 -9999 -9999 -9999 -9999 -9999 -9999 -9999 -9999 -9999 -9999 -9999 -9999 -9999 -9999 -9999 -9999 0.169272094964981 0.0998157188296318 0.0428497120738029 0.0413949564099312 0.0803260132670403 0.149750679731369 0.171807393431664 0.240675404667854 0.204168513417244 0.155945122241974 0.122176222503185 0.174989059567451 0.253560066223145 0.289659380912781 0.294907361268997 0.286687523126602 0.302298963069916 0.304860055446625 0.309356600046158 0.304291188716888 0.295519798994064 0.312988877296448 0.280841857194901 0.268510729074478 0.264143049716949 0.268005043268204 0.271981567144394 0.272126942873001 0.275491267442703 0.274323135614395 0.275750011205673
-9999 -9999 -9999 -9999 -9999 -9999 -9999 -9999 -9999 -9999 -9999 -9999 -9999 -9999 -9999 -9999 -9999 -9999 -9999 -9999 -9999 -9999 -9999 -9999 -9999 0.133823186159134 0.0907039567828178 0.0501790009438992 0.0410388298332691 0.090974748134613 0.147168889641762 0.18817663192749 0.238203495740891 0.210696771740913 0.166565462946892 0.151571452617645 0.183710649609566 0.244748964905739 0.281196117401123 0.283061891794205 0.269702732563019 0.276976674795151 0.287622392177582 0.290683686733246 0.279100328683853 0.273111492395401 0.290284335613251 0.263266295194626 0.249687999486923 0.244668290019035 0.247482880949974 0.247897252440453 0.246957302093506 0.250040531158447 0.24859456717968 0.247155860066414
-9999 -9999 -9999 -9999 -9999 -9999 -9999 -9999 -9999 -9999 -9999 -9999 -9999 -9999 -9999 -9999 -9999 -9999 -9999 -9999 -9999 -9999 -9999 -9999 -9999 0.125972971320152 0.0841111168265343 0.0445228107273579 0.0453251227736473 0.102242067456245 0.147378996014595 0.189289808273315 0.236084789037704 0.219315126538277 0.179468378424644 0.159282594919205 0.185139805078506 0.231080546975136 0.244658708572388 0.241584584116936 0.249313563108444 0.257802844047546 0.263059586286545 0.272347271442413 0.265518486499786 0.253958731889725 0.271350413560867 0.239095330238342 0.227975398302078 0.225336760282516 0.228498265147209 0.227521628141403 0.224870234727859 0.226179793477058 0.223370268940926 0.222199350595474
-9999 -9999 -9999 -9999 -9999 -9999 -9999 -9999 -9999 -9999 -9999 -9999 -9999 -9999 -9999 -9999 -9999 -9999 -9999 -9999 -9999 -9999 -9999 -9999 -9999 0.0933657065033913 0.0708894655108452 0.0430234521627426 0.0447506755590439 0.094957709312439 0.129437118768692 0.178374722599983 0.230356827378273 0.226627424359322 0.187311470508575 0.165908172726631 0.176577597856522 0.193683683872223 0.202697530388832 0.211542904376984 0.219686612486839 0.238840132951736 0.234074473381042 0.236997485160828 0.239855363965034 0.237914279103279 0.228910177946091 0.218305289745331 0.214456290006638 0.209654897451401 0.207489669322968 0.206630915403366 0.205174267292023 0.207473576068878 0.204885318875313 0.202483102679253
-9999 -9999 -9999 -9999 -9999 -9999 -9999 -9999 -9999 -9999 -9999 -9999 -9999 -9999 -9999 -9999 -9999 -9999 -9999 -9999 -9999 -9999 -9999 -9999 -9999 0.0759041085839272 0.0595509745180607 0.0391912907361984 0.0387162305414677 0.0837813019752502 0.123109877109528 0.167649641633034 0.219482868909836 0.227768465876579 0.181876659393311 0.143757477402687 0.144528910517693 0.158080875873566 0.172087341547012 0.181864604353905 0.193478882312775 0.212100267410278 0.203435271978378 0.202237382531166 0.202379524707794 0.193148210644722 0.199174880981445 0.199037969112396 0.199252232909203 0.193943187594414 0.190127521753311 0.191339582204819 0.189450711011887 0.190973043441772 0.188342154026031 0.187480136752129
-9999 -9999 -9999 -9999 -9999 -9999 -9999 -9999 -9999 -9999 -9999 -9999 -9999 -9999 -9999 -9999 -9999 -9999 -9999 -9999 -9999 -9999 -9999 -9999 -9999 0.068744033575058 0.0511671639978886 0.0345314107835293 0.0359678380191326 0.0749887675046921 0.116279363632202 0.158336445689201 0.208276525139809 0.204350724816322 0.161598026752472 0.129840657114983 0.128976866602898 0.137025400996208 0.148256570100784 0.162749961018562 0.17921082675457 0.183424487709999 0.172025755047798 0.178637117147446 0.187038660049438 0.185458689928055 0.186252593994141 0.186369448900223 0.18586665391922 0.180881842970848 0.176503986120224 0.175667330622673 0.17452047765255 0.177680402994156 0.176798194646835 0.175480976700783
-9999 -9999 -9999 -9999 -9999 -9999 -9999 -9999 -9999 -9999 -9999 -9999 -9999 -9999 -9999 -9999 -9999 -9999 -9999 -9999 -9999 -9999 -9999 -9999 -9999 0.0654335170984268 0.0474462956190109 0.0305150020867586 0.0313154421746731 0.0660286471247673 0.11194035410881 0.145800769329071 0.184844240546227 0.183376252651215 0.149169191718102 0.124715268611908 0.122730158269405 0.127033933997154 0.136717334389687 0.151182174682617 0.162404179573059 0.159057214856148 0.153624549508095 0.165215671062469 0.171918675303459 0.178954437375069 0.179615661501884 0.178106114268303 0.176732331514359 0.172335520386696 0.167961448431015 0.166444733738899 0.164840966463089 0.166900396347046 0.165968641638756 0.166665703058243
-9999 -9999 -9999 -9999 -9999 -9999 -9999 -9999 -9999 -9999 -9999 -9999 -9999 -9999 -9999 -9999 -9999 -9999 -9999 -9999 -9999 -9999 -9999 -9999 -9999 0.0607759617269039 0.0437624976038933 0.0290697775781155 0.026406666263938 0.0568912252783775 0.107265666127205 0.137897834181786 0.147046968340874 0.149313598871231 0.145697772502899 0.136058792471886 0.12972529232502 0.121870085597038 0.121338941156864 0.133454233407974 0.142883226275444 0.141953766345978 0.140888914465904 0.1508629322052 0.159510433673859 0.166189447045326 0.172130882740021 0.172360941767693 0.171327367424965 0.166723504662514 0.161128088831902 0.156351149082184 0.15809354186058 0.161563143134117 0.159578680992126 0.158523127436638
-9999 -9999 -9999 -9999 -9999 -9999 -9999 -9999 -9999 -9999 -9999 -9999 -9999 -9999 -9999 -9999 -9999 -9999 -9999 -9999 -9999 -9999 -9999 -9999 -9999 0.0651480108499527 0.0469190031290054 0.0283274408429861 0.0226366054266691 0.0488275252282619 0.0973289608955383 0.126514360308647 0.130438610911369 0.123250804841518 0.118970394134521 0.112885147333145 0.111779920756817 0.108964785933495 0.110198527574539 0.124085709452629 0.1317348331213 0.132256001234055 0.129030928015709 0.13820144534111 0.143147140741348 0.148975968360901 0.155744716525078 0.162316769361496 0.166923940181732 0.163723021745682 0.159630671143532 0.155890181660652 0.150130435824394 0.145666390657425 0.144198134541512 0.140216767787933
-9999 -9999 -9999 -9999 -9999 -9999 -9999 -9999 -9999 -9999 -9999 -9999 -9999 -9999 -9999 -9999 -9999 -9999 -9999 -9999 -9999 -9999 -9999 -9999 -9999 0.0704242512583733 0.0458234846591949 0.0269044265151024 0.0200730338692665 0.0401588082313538 0.0838419869542122 0.111823283135891 0.117510668933392 0.11597503721714 0.105178959667683 0.105420134961605 0.103291153907776 0.101917080581188 0.106040328741074 0.119847781956196 0.12895093858242 0.129150629043579 0.123352885246277 0.124549828469753 0.128567054867744 0.132079944014549 0.140125125646591 0.148708447813988 0.154920369386673 0.15839883685112 0.160557553172112 0.154314264655113 0.147233918309212 0.142073109745979 0.134300783276558 0.131384208798409
-9999 -9999 -9999 -9999 -9999 -9999 -9999 -9999 -9999 -9999 -9999 -9999 -9999 -9999 -9999 -9999 -9999 -9999 -9999 -9999 -9999 -9999 -9999 -9999 0.0619071945548058 0.0734753534197807 0.046301681548357 0.0255052074790001 0.0190806891769171 0.0308285877108574 0.0640198215842247 0.0918051451444626 0.1053531691432 0.108938507735729 0.0987238585948944 0.0926120281219482 0.0925751924514771 0.0931848734617233 0.0977273881435394 0.11209063231945 0.12465338408947 0.124845787882805 0.119292318820953 0.119169801473618 0.12163407355547 0.124858744442463 0.124070972204208 0.131957322359085 0.137981608510017 0.142022296786308 0.144523501396179 0.142022520303726 0.140031799674034 0.137193113565445 0.130817458033562 0.128645658493042
