meets/meet004/_saidas_enm/CCSM_Maha_0k_Cavanillesia_umbellata4.asc
NCOLS 154 
NROWS 168 
XLLCORNER -112 
YLLCORNER -55.5 
CELLSIZE 0.5 
NODATA_value -9999 
[rows 75 to 99 of 168, columns 56 to 111 of 154]
-9999 -9999 -9999 -9999 -9999 -9999 -9999 -9999 -9999 -9999 -9999 -29.9388290268774 -18.4749413418695 -6.95653440667651 -3.88631996670337 -0.191311997842336 -0.355454312521592 -0.261815446751483 0.377666689037842 0.199320198469114 -0.0810375305687026 -0.383701615994821 -0.603736798131858 -0.923330731024281 -0.772350114101422 -0.715342275399257 -0.658239098710354 -0.672978665779717 -0.688896588150347 -0.631888979021564 -0.665370809215962 -0.670606722991897 -0.742975443168658 -0.745548260935536 -0.672657094924114 -0.642965330922682 -0.577691319981843 -0.554797949598818 -0.529401510252802 -0.548179178188101 -0.606512238711741 -0.773886504970913 -0.980120806827347 -1.30626865593074 -1.80796562292154 -2.08308319558879 -2.29958101098067 -2.45057098130696 -2.80447639698425 -3.42165827582478 -4.18900699635682 -4.99087281162502 -5.44991711784855 -5.02587578886117 -4.18115644735874 -3.65768819583344
-9999 -9999 -9999 -9999 -9999 -9999 -9999 -9999 -9999 -9999 -9999 -30.218037523507 -15.2105276088466 -4.69224250211296 -3.78845632388915 -1.36558844978235 1 1 -0.877985154163829 0.17330110585361 0.282551811000358 -0.252373850053012 -0.230112618119451 -0.488477316861036 -0.635990435001915 -0.777755741272828 -0.787406581738156 -0.783404535819755 -0.825084828782602 -0.832743966865175 -0.92958931830016 -0.952299870871478 -1.022019081131 -1.04903178856835 -0.959261062096235 -0.93601586004324 -0.854985561843373 -0.795734742613245 -0.719767519073478 -0.658231348208028 -0.719741772300806 -0.828020733174921 -1.08384624311326 -1.36407177691511 -1.60819325580189 -1.74472239352837 -1.90986732927311 -2.15633803014124 -2.53031921423294 -3.09910496258924 -3.7947943074934 -4.48845165347285 -4.71226920466909 -4.36117033329431 -3.76201415859309 -3.64887146983915
-9999 -9999 -9999 -9999 -9999 -9999 -9999 -9999 -9999 -9999 -9999 -9999 -27.7300238397952 -8.4168326557734 -4.15113047151801 -1.96475025157727 -0.143040274118282 -0.0557309409152604 0.234141236187911 0.456280292288388 -0.111122570468222 0.47737273741532 -0.116900099016812 -0.171503430901177 -0.326656116903915 -0.608761036867176 -0.720172311919187 -0.756013711649911 -0.86513194933753 -0.956926581511387 -1.07835498086939 -1.11622768016043 -1.17242418376219 -1.19609037364273 -1.15021088160711 -1.15113061854766 -1.12230050902148 -1.1037288631219 -1.02406623196066 -0.937125291685035 -0.955290368364207 -1.09223174915889 -1.31907798674392 -1.49757302574935 -1.65014890402778 -1.74250479314548 -1.90223356208546 -2.05841937009403 -2.35098062177012 -2.88955594503076 -3.47361797351957 -3.99311343087616 -3.95423612416125 -3.90714732491897 -3.71303061467016 -3.87223189726263
-9999 -9999 -9999 -9999 -9999 -9999 -9999 -9999 -9999 -9999 -9999 -9999 -37.1001917431116 -22.8585428879064 -4.50508214291015 -3.72380716568157 -3.9499772103656 -3.77179302541897 -2.33810753543443 -0.138083099845105 0.886347488285012 -0.760350053329097 0.298246814706648 0.0668733323925058 -0.121787825527772 -0.447103024127157 -0.594393944266589 -0.737392017972012 -0.920385563568703 -1.08388553739315 -1.23006387144978 -1.26985603632365 -1.33216123647145 -1.35495322776982 -1.31351067593878 -1.35097227532759 -1.37037381969608 -1.43276638086669 -1.3766157176018 -1.21433548670085 -1.16746979429314 -1.2685804336299 -1.59247996488189 -1.73355924419365 -1.70128416556199 -1.68802184682412 -1.82074481714256 -1.9881250697422 -2.25301005982678 -2.73588687213489 -3.27749980602289 -3.67320891662844 -4.06045538504818 -4.01661257756153 -4.42545042769738 -5.2582575605979
-9999 -9999 -9999 -9999 -9999 -9999 -9999 -9999 -9999 -9999 -9999 -9999 -9999 -35.9901933898472 -8.59252677925538 -6.5802945002014 -10.1257589278411 -13.9942271319963 -12.6288502727285 -6.58076166092041 -0.277593650726725 0.291695532214793 -0.759524203363869 0.726581779150997 0.886852234909963 0.426288468089646 -0.0296355994664101 -0.286698816813815 -0.270297434835534 -0.395469927832725 -0.688110235915642 -0.753389887253243 -0.899856153975899 -1.19626702397362 -1.5179396320691 -1.56498062095476 -1.58286793043111 -1.64780615133011 -1.62218798693354 -1.5117889582791 -1.45465526913232 -1.47084034645654 -1.68467422869175 -1.82488127507911 -1.91855531589423 -2.00123804833123 -2.08282887299591 -2.15595734980937 -2.36822728317558 -2.75338515603973 -3.14806654237622 -3.46942799302488 -3.89153360450999 -4.4649771777636 -5.10101634622321 -5.7812063397832
-9999 -9999 -9999 -9999 -9999 -9999 -9999 -9999 -9999 -9999 -9999 -9999 -9999 -37.0111272851078 -15.8230158587885 -11.5402212960639 -16.1258602444114 -32.6329994004801 -33.3661803517255 -19.9360185103873 -11.0769012509358 -2.12482852100803 -0.903626053866029 -1.16652031278909 -0.239323382706571 1 0.807499804242677 0.543592549370618 0.549491610966902 0.254273177738557 -0.00445636848486575 0.0791347743146372 -0.223323185934131 -0.496322704316216 -0.834913273387129 -1.57597521246912 -1.70842318366241 -1.74380338488025 -1.73612148349853 -1.69173194193359 -1.74963102075673 -1.59663189628935 -1.68591513526042 -1.7768241480544 -1.96048801768131 -2.34686128294296 -2.24003841722509 -2.31545194781832 -2.51895052263911 -2.80321628061744 -3.25450990538083 -3.59288098067765 -4.03717014892956 -4.47541819125044 -4.89667089991824 -5.48962853770153
-9999 -9999 -9999 -9999 -9999 -9999 -9999 -9999 -9999 -9999 -9999 -9999 -9999 -9999 -30.6698488081422 -13.706872699106 -17.8536872812667 -34.4833733566406 -37.5079999528793 -29.4469305812437 -18.4109430845325 -7.13304738725811 -1.49196710642471 -6.24851828613999 -5.8278115462587 -4.08481418024421 -0.761727570175877 1 0.438713883032537 1 0.777786145163726 0.329107224000992 0.271848138897502 0.0888875308422566 -0.188260326672263 -0.474387618621193 -0.658212503865776 -0.910830094251425 -1.36221650625885 -1.71272641142061 -1.68114876608635 -1.6313058669712 -1.6278834701437 -1.6616547284342 -1.86825997309295 -2.12844837361513 -2.2563358368962 -2.44150297430208 -2.77983438924302 -3.15797654963535 -3.60538052076273 -3.92808842788576 -4.24851437886234 -4.44506950642332 -4.48458102184943 -4.65376891035635
-9999 -9999 -9999 -9999 -9999 -9999 -9999 -9999 -9999 -9999 -9999 -9999 -9999 -9999 -27.5723916112814 -29.1308507758795 -20.8337787562417 -27.4597896229784 -35.7071720213228 -35.1011319924864 -27.6580483495867 -20.4353042656267 -14.3889630919178 -13.4882851437544 -8.37806929025711 -16.5064005257139 -8.83080783121983 -2.90969861203123 -0.0362940178415998 1 0.0821674767884275 0.72215436989388 0.284037694106295 0.306271994683343 0.0568367932413765 -0.167159002342316 -0.236016094005588 -0.2280649128305 -0.541496332158171 -0.973994817804615 -1.73823366438284 -1.65646714837584 -1.61346936998497 -1.67880586676882 -1.83325575977986 -2.10153420726093 -2.32413537581887 -2.62369461389982 -3.00741331606529 -3.39647061722371 -3.96048232932548 -4.06761578882216 -4.33348012073516 -4.37339558167503 -4.13416750939033 -3.98028289753242
-9999 -9999 -9999 -9999 -9999 -9999 -9999 -9999 -9999 -9999 -9999 -9999 -9999 -9999 -9999 -31.9687611998159 -23.2551980497455 -17.0389897281361 -28.5407911974894 -37.7065967670632 -48.6154374511395 -40.0501363684423 -34.2845755704982 -25.8320705758337 -15.3052587477586 -12.3599045052526 -8.93382803012259 -8.94295205376927 -8.53639305591139 -4.4100156153126 -0.144767756102959 0.378214452104231 0.135369490703203 0.429114418333488 0.652614485577004 0.723580369640444 0.660784679683898 0.675284647556093 0.547893407575271 0.363197926488251 -0.185706388532754 -1.26732626047192 -1.67217236739726 -1.74792912992656 -1.88681584089209 -2.11298818917075 -2.40699086358066 -2.73799802069031 -3.05214710831607 -3.28647620296503 -3.55322214574035 -3.78114975291366 -4.01859186654876 -4.05297114906348 -3.9732349080139 -3.96154205684543
-9999 -9999 -9999 -9999 -9999 -9999 -9999 -9999 -9999 -9999 -9999 -9999 -9999 -9999 -9999 -35.6248418593067 -36.135491904294 -10.5282830032625 -22.3940622914706 -35.928044285063 -61.9238750637106 -54.6904955169549 -57.6332109276756 -48.954175157904 -32.876972145586 -31.4935579128952 -18.8952869759532 -21.2181118102889 -13.7774376321477 -1.19340539483337 -1.92892704492699 -1.04233869089496 -0.0728954979274328 0.276778771875064 0.549166482903118 0.936572661030438 0.917996500924231 0.96974016254895 0.970035814438684 0.73079885985187 0.494587169274763 -0.136664594906517 -1.77668002957056 -1.82441641562867 -1.96404402376228 -2.14097664303802 -2.47767823629065 -2.79904182632464 -3.08029418172205 -3.28003002856374 -3.3292285338403 -3.35834774703695 -3.71304257506593 -3.6850132785674 -3.35621998557618 -3.55130247217588
-9999 -9999 -9999 -9999 -9999 -9999 -9999 -9999 -9999 -9999 -9999 -9999 -9999 -9999 -9999 -28.8147829356488 -51.0512411566815 -18.3748271009336 -13.0513030533427 -22.9073164619371 -40.4727425979384 -53.8051310052951 -64.5051810881246 -64.9257762434019 -50.607288204833 -42.1399859282992 -30.4548317985746 -23.9797924945503 -11.8478101298438 -2.22346536840326 1 -0.543068945583046 -0.274165570186965 0.600272212806592 0.795104626925415 0.510157212924937 0.864717208382933 1 0.868528520092511 0.20100593966706 -0.214417415173351 0.231326120631028 -1.68394571522558 -1.77187094881999 -2.01940525528443 -2.16652430010383 -2.40993851993223 -2.75554380833266 -3.00994585077114 -3.18976448351595 -2.42193281317417 -2.01356894226753 -1.73239610471424 -1.58742755994193 -1.54363735006348 -1.16218661962578
-9999 -9999 -9999 -9999 -9999 -9999 -9999 -9999 -9999 -9999 -9999 -9999 -9999 -9999 -9999 -9999 -42.0127167972822 -49.5672137396825 -20.0387842649886 -12.2866228244268 -28.8503591512032 -40.2471592232397 -60.2582067056942 -70.3530269442487 -64.5044873402517 -67.4270714009026 -50.4384345062362 -47.3079878137591 -29.2048359826712 -9.4195459624365 -0.976938814100095 -0.120841666113588 1 0.548621494253614 0.647023150020967 0.621070757807256 0.518565030109906 0.715429838769905 0.894721434427692 0.654144749547348 -0.0363435733249791 -0.00210023552905336 -1.62385987681213 -1.73728281348162 -1.9191005420244 -2.0194148759258 -2.14453317844729 -2.48734741868807 -2.79564744273974 -2.31454550859547 -1.63832916259604 -1.46369483175181 -1.09493260746698 -0.919501097402557 -0.959446506859105 -0.568475623425041
-9999 -9999 -9999 -9999 -9999 -9999 -9999 -9999 -9999 -9999 -9999 -9999 -9999 -9999 -9999 -9999 -9999 -39.2874375726637 -64.1236761259278 -26.3694477324219 -11.7462372091964 -18.073032252319 -30.4036768804367 -44.4057388940903 -53.2286486401574 -60.5928959431987 -63.697402250408 -63.6853924642147 -46.8446588394075 -22.942691001322 -5.95467008930376 -0.156320552685675 -1.49787623422652 0.459019275698321 -0.293436468642154 0.799283084658103 0.294640533561711 0.317121663790254 0.168833843697581 0.104133720573076 -0.543461936115416 -0.94936117220021 -1.4944229035161 -1.55918659557259 -1.67108935443979 -1.82028534086671 -2.08958985906935 -2.54685822097203 -2.74102842074423 -2.24987898960665 -2.05236105300917 -2.09913418719166 -2.28870944303106 -2.19956158496916 -1.74506531890661 -1.19945188801946
-9999 -9999 -9999 -9999 -9999 -9999 -9999 -9999 -9999 -9999 -9999 -9999 -9999 -9999 -9999 -9999 -9999 -9999 -9999 -73.5189374409577 -42.9924001338914 -30.6038294011669 -25.4826939635172 -31.509160494611 -40.655909290059 -50.2605385230237 -62.0662160062193 -68.5171647419701 -58.5153446423721 -39.1551962766153 -17.2171006232333 -3.60546557920953 1 -2.7571192714094 -0.0336561298343352 -0.543309779759039 0.922174533337084 0.432911000445012 0.0589537062616166 -0.2841849117573 -1.27095719645717 -1.27619641981827 -1.47640695334781 -1.56628864626675 -1.78722041406812 -2.02264715813795 -2.28653902867253 -1.99242963321386 -1.71706794207108 -1.7244860449955 -1.57111620264751 -1.80579154443379 -2.02102854169404 -2.28022384639337 -2.76787780120088 -2.01237310903243
-9999 -9999 -9999 -9999 -9999 -9999 -9999 -9999 -9999 -9999 -9999 -9999 -9999 -9999 -9999 -9999 -9999 -9999 -9999 -9999 -9999 -77.3739673440017 -65.7714635344944 -42.6340591215364 -34.1925580587436 -42.5613705878771 -51.6883398151365 -62.5859939788705 -65.0053382084042 -52.1446358911713 -37.2293458684157 -15.8382279540214 -2.84186153723644 0.482446220571539 -0.756357863096518 -1.72546897087597 -0.238507631151684 0.56559236825083 0.672952309100023 -0.362021710002362 -0.413544454626856 -0.642230077435471 -1.1209477106349 -1.18587324570948 -1.51732008142464 -1.70471651652665 -1.90312640555937 -1.91417561837921 -1.71548926000767 -1.42426118256484 -1.51456066254666 -1.81023720447066 -2.21036235070231 -2.52943334508429 -2.67543763868135 -2.69904804290031
-9999 -9999 -9999 -9999 -9999 -9999 -9999 -9999 -9999 -9999 -9999 -9999 -9999 -9999 -9999 -9999 -9999 -9999 -9999 -9999 -9999 -9999 -9999 -70.5371275368141 -47.8879943737681 -34.0491912323717 -37.1352341985796 -46.8284956797844 -57.37553581824 -57.2930255251409 -52.6076842847424 -34.2287112796457 -17.2214647786811 -6.06195057765123 -0.794835482146153 -0.524155641063081 -2.66194879111044 -0.289131632243504 -0.792132425570223 -0.375976691515378 -1.10332006397268 -0.836096097086856 -0.44430826118779 -0.377903533818206 -0.687906901692345 -1.05486054369363 -1.32844074535779 -1.42485992963508 -1.34315950089203 -1.20191487054882 -1.35484922848895 -1.67461139067651 -2.14097151256257 -2.46195721431952 -2.56974444022637 -2.92757382483556
-9999 -9999 -9999 -9999 -9999 -9999 -9999 -9999 -9999 -9999 -9999 -9999 -9999 -9999 -9999 -9999 -9999 -9999 -9999 -9999 -9999 -9999 -9999 -9999 -9999 -55.1381103996947 -33.1035468907327 -29.3272299659539 -41.1797760889181 -50.7747435876423 -54.9782625579635 -52.5684182985009 -45.9176891953092 -31.3103328755111 -13.9402807351486 -5.95383994530549 -1.07375100284017 -0.942642739381547 -1.26661713483531 -0.849554285056693 -0.919777901898098 -1.46076529342949 -0.268294543627102 0.3391150482689 0.0069976231366351 -0.507084366325729 -0.722071993926858 -0.696055086754953 -0.751261637452249 -0.842183185366416 -1.02827314118226 -1.41603097014926 -1.83064432672893 -2.15103374477018 -2.41480387259602 -3.13290451519661
-9999 -9999 -9999 -9999 -9999 -9999 -9999 -9999 -9999 -9999 -9999 -9999 -9999 -9999 -9999 -9999 -9999 -9999 -9999 -9999 -9999 -9999 -9999 -9999 -9999 -77.8836066047476 -60.2481600763849 -28.8315948565997 -26.9532020337341 -39.1961062622862 -52.3623252495724 -60.7338985032571 -63.2206031518423 -53.7338224727968 -32.9865822379361 -18.3088081877412 -8.20077090240479 -2.61840741690626 -2.16814556060954 0.702922363597255 -0.857222302718506 -0.886013287954823 -0.6346291279197 0.440511652777373 0.329942155707681 -0.200813945771122 -0.385551537531764 -0.396164588244715 -0.468854604007458 -0.686236778101973 -0.982135640301444 -1.31876946094934 -1.54475534130244 -1.81098151958031 -2.24321234313273 -3.16220625548759
-9999 -9999 -9999 -9999 -9999 -9999 -9999 -9999 -9999 -9999 -9999 -9999 -9999 -9999 -9999 -9999 -9999 -9999 -9999 -9999 -9999 -9999 -9999 -9999 -9999 -9999 -9999 -57.1866975225447 -26.7705246547617 -27.4983914686387 -50.838509645844 -63.7228732854086 -67.6994828200485 -64.1503915613144 -50.3345539562559 -37.0833551817793 -21.0805056954415 -10.6670461242791 -3.9213120126764 -0.905606965772707 -0.685538292431425 -0.86719167135134 -1.62522998651281 -0.0555868733059592 0.26623851489989 -0.0688687062826243 -0.114331331020821 -0.23960022994961 -0.330539955860168 -0.636301331272683 -1.3711633778669 -1.2888208067477 -1.23597645292422 -1.45472357721261 -2.13231245515754 -3.2488153051804
-9999 -9999 -9999 -9999 -9999 -9999 -9999 -9999 -9999 -9999 -9999 -9999 -9999 -9999 -9999 -9999 -9999 -9999 -9999 -9999 -9999 -9999 -9999 -9999 -9999 -9999 -9999 -72.3790545363119 -34.1364892533147 -22.5340355224423 -38.3341496700007 -58.5998341718066 -69.6041291826624 -70.6072095759913 -58.4487820994005 -42.9967630975719 -27.8654756549345 -16.7666867843043 -6.172186624043 -1.2777622863337 -1.37910059291588 -1.68675434950247 -1.6310748668896 -0.352132514448351 0.0602131517684547 -0.104186910313282 -0.0682155947268182 -0.0805119078598313 -0.0831179936252926 -0.414986881875925 -0.849338414704361 -0.975758428822918 -1.04440448323425 -1.32473195290926 -2.05594496000202 -2.89409212762789
-9999 -9999 -9999 -9999 -9999 -9999 -9999 -9999 -9999 -9999 -9999 -9999 -9999 -9999 -9999 -9999 -9999 -9999 -9999 -9999 -9999 -9999 -9999 -9999 -9999 -9999 -9999 -9999 -33.9629932182721 -19.0727641593982 -27.2593220055934 -50.00658677976 -69.4650506280118 -76.2909814259876 -62.264820797218 -45.2205275184811 -30.6610790882739 -20.0441401864017 -8.95474190007811 -2.59347355244789 -3.17388897530816 -1.73967496430224 -0.781972627291778 -0.424224613890908 -0.150034872293087 -0.335052259879048 -0.401171198242128 -0.559369322329748 -0.448880272296671 -0.168220142178302 -0.187467183256678 -0.555004528746999 -0.98231663373477 -1.42244124474387 -1.93025896425553 -2.53069288794123
-9999 -9999 -9999 -9999 -9999 -9999 -9999 -9999 -9999 -9999 -9999 -9999 -9999 -9999 -9999 -9999 -9999 -9999 -9999 -9999 -9999 -9999 -9999 -9999 -9999 -9999 -9999 -9999 -35.8036183836374 -18.927621782873 -23.1957058824179 -45.8820424899724 -69.3644144778991 -78.8415800108014 -65.4496792515977 -45.6942463306411 -32.1195172507078 -21.6759537006184 -9.98636302305762 -3.49356686755972 -4.75843789167558 -2.8554618860182 -1.00774752909867 -0.760647657130257 -0.265585576095244 -0.47055540082848 -0.771680236754 -0.839206790099525 -0.691268057534641 -0.208318369394356 -0.196013794953289 -0.342958704586511 -0.832333773735241 -1.34929244398812 -1.72784370250562 -2.22987388237295
-9999 -9999 -9999 -9999 -9999 -9999 -9999 -9999 -9999 -9999 -9999 -9999 -9999 -9999 -9999 -9999 -9999 -9999 -9999 -9999 -9999 -9999 -9999 -9999 -9999 -9999 -9999 -9999 -38.6164205463379 -18.8303963314423 -21.0932369580526 -45.2263019646963 -74.1994017023042 -85.5808217371798 -67.9253611175119 -46.5553029007017 -32.5955482466757 -22.2650323498373 -10.6777709653286 -4.44769668602312 -7.61765834228153 -4.93691094911282 -2.09884419176485 -1.50116222392301 -1.37773699730344 -1.14792377457196 -0.473869642669175 -0.958412754038179 -0.846091977474175 -0.216642178945211 -0.265497182663378 -0.369333052413585 -0.862815912297377 -1.19698318306421 -1.52700927405018 -2.14539492744937
-9999 -9999 -9999 -9999 -9999 -9999 -9999 -9999 -9999 -9999 -9999 -9999 -9999 -9999 -9999 -9999 -9999 -9999 -9999 -9999 -9999 -9999 -9999 -9999 -9999 -9999 -9999 -9999 -41.2511224461006 -19.6754375844857 -21.710974350605 -47.2787637911395 -75.637755507552 -87.0477378496784 -72.4000305300194 -50.794741063528 -34.4841455755294 -22.3497752318771 -10.0156876075189 -4.69609220695957 -7.73972863535991 -7.25732328924911 -2.76416136702017 -1.95241551047291 -2.56262444669582 -2.42509599921193 -1.12086810728882 -0.230733339758691 -0.431230876538876 -0.414217384416089 -0.50820551085526 -0.577105025082073 -0.714789304096802 -0.965948530136754 -1.64552031172476 -2.04489867662942
-9999 -9999 -9999 -9999 -9999 -9999 -9999 -9999 -9999 -9999 -9999 -9999 -9999 -9999 -9999 -9999 -9999 -9999 -9999 -9999 -9999 -9999 -9999 -9999 -9999 -9999 -9999 -9999 -45.2869264527689 -21.6634478448634 -23.8135291249684 -51.3395334884256 -79.9268200160948 -90.1178780619886 -74.2040247703953 -56.0019980894808 -35.3438653564838 -21.2456558259042 -9.38994663843983 -5.72273519042928 -10.3745909947816 -9.4843366253521 -3.37003676632678 -3.12732820517487 -3.9971524120668 -4.11239634737544 -2.4090075062816 -0.516052163969758 0.033077170442667 -0.545169001503751 -1.45968739669755 -0.92063687735573 -0.670376601672105 -1.03242538128049 -1.81782361571201 -1.66347466914319
