meets/meet004/_saidas_enm/CCSM_SVM_21k_Cavanillesia_umbellata3.asc
NCOLS 154 
NROWS 168 
XLLCORNER -112 
YLLCORNER -55.5 
CELLSIZE 0.5 
NODATA_value -9999 
[rows 48 to 71 of 168, columns 56 to 111 of 154]
-9999 -9999 -9999 -9999 -9999 -9999 -9999 -9999 -9999 -9999 -9999 -9999 -9999 0.0369624010533955 0.03414795159409 0.118739813373458 0.40500057938072 0.306273497267415 0.0729078029501211 0.0368638923218797 0.0657584441181165 0.0772371789455483 0.0646483808332151 0.0442995220823565 0.0382725448483326 0.0320636767709612 0.050070094333161 0.0658347894865112 0.0686711767386235 0.062197397879422 0.0626750039290053 0.0889335976287461 0.134615203164843 0.180365875814511 0.138578308188768 0.0158712099955575 -0.0629344947814162 -0.0687459357482108 -0.046312683291891 -0.00384473212403469 0.0510160548502887 0.0942808977514944 0.131758806775284 0.178417983224087 0.15818323666038 0.0895505388582497 -0.058809971379418 -0.0996092369033838 -0.101179838743159 -0.0806861211992059 -0.0218816066895094 0.0180693314002652 0.0752282518075493 0.141688254711511 0.171047721040266 0.183035971300111
-9999 -9999 -9999 -9999 -9999 -9999 -9999 -9999 -9999 -9999 -9999 -9999 -9999 0.0369654734937216 0.0346763979646053 0.103458839226937 0.365373285399325 0.250469872706642 0.0661979591898362 0.0332710832864011 0.0695437441483641 0.0730903360432553 0.0504733415053715 0.0265007832117156 0.017760283541313 0.0287595895636338 0.0812565973450514 0.129073187033883 0.135669109158301 0.117929234229632 0.104238049018783 0.136392401044167 0.191957835881274 0.245182282489284 0.212076435756668 0.0558115369984026 -0.0671099328559757 -0.0945373942319116 -0.0781659042276238 -0.0440231283808954 -0.0100196294323023 0.0417082421842718 0.0857232396997784 0.124897510537204 0.0969337254736197 -0.0071061109613611 -0.101387893798189 -0.142503304576278 -0.149963707874749 -0.121107715399375 -0.0751503798134126 -0.024252346204379 0.0247946749068872 0.0711529654139829 0.114723908018724 0.137450477721038
-9999 -9999 -9999 -9999 -9999 -9999 -9999 -9999 -9999 -9999 -9999 -9999 -9999 0.0369668299752045 0.0342344328567634 0.12326845000694 0.311032943582376 0.175336357124691 0.0224526411339541 -0.000298719169783468 0.051935919280203 0.0641565538706621 0.0649287730173387 0.0611216807776925 0.046889364132288 0.0634243244884747 0.15675583987724 0.248821595850343 0.248106616018504 0.184786098566407 0.143801315010892 0.1933591090085 0.292234161203562 0.365505956854556 0.326889518151985 0.119001587049897 -0.0275530057085585 -0.0793297785403065 -0.0841783376008989 -0.060309689619111 -0.0418554861411278 -0.014507903403626 0.0159485621010961 0.0205397847144163 -0.0214156334672466 -0.108069544781445 -0.127824758837868 -0.122588287120643 -0.114576310159976 -0.0830010696486747 -0.044806826194508 -0.0269936310337318 0.0138148083629719 0.0554117534810747 0.101627077383136 0.122590146255409
-9999 -9999 -9999 -9999 -9999 -9999 -9999 -9999 -9999 -9999 -9999 -9999 -9999 0.0368576108087171 0.0307889987811951 0.075926410178402 0.225085041622403 0.152414219161821 0.0446223131100089 -0.00611851039982292 0.0177459001656579 0.067839479910432 0.111702777666817 0.133768749886147 0.149240404116266 0.168274608778712 0.245764023933976 0.257557394327756 0.192365371597619 0.139609397368989 0.120367261140482 0.207370475077273 0.357267691048874 0.531973802500263 0.4630056827256 0.236106643064072 0.0267712451288207 -0.0406032425805526 -0.0514962198022791 -0.0460368551462993 -0.0275003277677956 -0.0216516666533876 -0.00659716354372369 -0.00232892051743794 -0.0164237779661777 -0.0367589608872627 -0.0446885874110625 -0.00625595231271936 -0.00309491649425003 -0.0110006530292158 0.00715054233340928 0.0108880206292575 0.051337858391146 0.0799240311255938 0.102681324190717 0.118558967768401
-9999 -9999 -9999 -9999 -9999 -9999 -9999 -9999 -9999 -9999 -9999 0.0369474622048907 0.035320320700345 0.0339780192755255 0.0233086698314518 0.024576421199861 0.0906703807914907 0.112623836924759 0.0572561226085797 0.0135515761411417 0.0254325300688444 0.0737533628084989 0.13803539204916 0.167997619442892 0.175064075199843 0.15830508963722 0.125880642562362 0.0659652230506024 0.0133716978717688 0.00593973184545471 0.016889652389811 0.0653644039677085 0.25932303096026 0.55761205264861 0.552165961679596 0.283537828533252 0.0801943967575142 0.0196933240112941 0.00470898353395083 0.000234889920324444 0.00337936269846378 -0.00657416964197471 -0.000378469668648185 0.000180671340137495 -0.0106674422181332 0.0152174300834824 0.0113646255162055 0.0579930741133742 0.0571220410119411 0.022789588413059 0.0376419774502486 0.0471306077178047 0.0762798798665056 0.0919473417712199 0.0985641920105711 0.112906117739732
-9999 -9999 -9999 -9999 -9999 -9999 -9999 -9999 -9999 -9999 0.0369709790899326 0.0331268902153212 0.0186558217467239 0.0192711985160336 0.0245171291165392 0.0082653743898683 0.000829189807183495 0.0928880051015901 0.161783235442932 0.154750940337417 0.113180384882334 0.112990677482285 0.10657470701354 0.109358339595719 0.088714936786879 0.0429346376543177 -0.00453928595592595 -0.0233649022334354 -0.0121161688138535 0.00348757615793938 0.00633631024195352 0.00621683516882876 0.118556858395191 0.419003325604816 0.530150402274132 0.316223605144427 0.138213350830847 0.0692286202392489 0.0622646413295208 0.0530877375283696 0.0532575723825656 0.0325203858770392 0.0291754068070646 0.0245792460656045 0.0101303094393824 0.0254327922550445 0.021097495331949 0.0375345739141822 0.0306570421841064 0.0227819620589554 0.0460036078239706 0.0520652560631256 0.0673552714240281 0.0717734991645306 0.0688518073202572 0.0766297332847496
-9999 -9999 -9999 -9999 -9999 -9999 -9999 -9999 -9999 -9999 0.0210953645848161 -0.00346396703580648 -0.0139580284515698 0.00284593037737252 0.0224926621253561 0.0250158759980647 -0.00556712735889803 0.0166406207676404 0.100650870017363 0.141398238966795 0.139233708821185 0.0903023443478269 0.0469055400737567 0.0144313236738976 -0.0144257196497255 -0.0269184263076487 -0.0195322165388888 0.00204104439516245 0.0183324671071651 0.0271210225295571 0.026155312421289 0.00692673694301776 0.0210040445917128 0.254434817646395 0.453887976769982 0.31672324603659 0.203077800424941 0.111170145819808 0.10171151251667 0.0939894633090385 0.0944172867439598 0.0681312430423932 0.0583760121932647 0.0493977807640808 0.0346695656335999 0.0270004623718424 0.00102965505831187 0.00532176639236409 -0.00202112248287556 0.0120465979781473 0.0293798878536621 0.0198456074149482 0.0231156221286962 0.0203558381241524 0.0152172626984947 0.0249926544603413
-9999 -9999 -9999 -9999 -9999 -9999 -9999 -9999 0.036367267952145 0.0172033509148423 -0.00634178356832116 -0.0108085137489454 -0.0159515201585462 -0.00425267911196819 0.0133147339150965 0.0280069622340483 0.0125978051590016 -0.0152728771836169 -0.0016577938712114 0.00642904447534198 0.00640912979291708 -0.00431216914786431 -0.0172511834886813 -0.0232351195597139 -0.0211987898819954 -0.00619125404835658 0.0133752015935679 0.028553453038245 0.0344525162881437 0.0349122246251862 0.0332400960275804 0.0151570452008555 -0.0105646297756036 0.102859976942262 0.353333160180973 0.326593355433851 0.200148749835545 0.134254640314911 0.109845065929402 0.0956182386588702 0.086657677079288 0.0787411959911148 0.0777764862095311 0.0639359356793648 0.0287686332893294 0.00490845089021108 -0.0202485664868184 -0.0310789409955011 -0.0310394544842068 -0.0221361394971276 -0.0169339964130005 -0.0217644550110447 -0.028398000515472 -0.0290049789678971 -0.0295615999068703 -0.023291872558371
-9999 -9999 -9999 -9999 -9999 -9999 -9999 -9999 0.0179486090915698 -0.0167588470597846 0.0659579147011999 0.00276917952375799 -0.0115179486355526 -0.00611960454366894 0.00120344244753962 0.0130237616621962 0.0156355534154037 0.00783649897939731 -0.00385825492334418 -0.011356981252814 -0.0135694158176319 -0.0111511323384748 -0.00970872347524604 -0.00225728608637282 0.0149438739750519 0.0274852202830455 0.0335450316959053 0.036476348372192 0.0371813904985319 0.0372602240536091 0.0364596004176982 0.0261858979864468 -0.0111821105592408 0.0105718379802186 0.185938658764097 0.28013328870158 0.237258329525803 0.136547896904645 0.105178930121029 0.081409981002553 0.0682230645418204 0.0619044132828793 0.0476701609229799 0.0273810474911323 0.0151598122453419 -0.00635622806187824 -0.0182425201348621 -0.0173436479927818 -0.0147016907191634 0.00868757724208852 0.0174796811035444 0.0196595398322067 0.0143064732456511 0.00781101435750325 0.00622060436006261 7.24172588495997e-05
-9999 -9999 -9999 -9999 -9999 -9999 -9999 0.0225255489001728 -0.0101382146407081 0.0358743920368809 0.0388340498386713 -0.0325037759729188 -0.014139925716452 -0.00116423434163637 -0.00845327701390169 -0.00368052229752164 -0.00309159827182087 0.00714256826407383 0.00868017544980737 0.0168790780275601 0.0206035016982658 0.0220257977148257 0.0233030294680126 0.0273948782224419 0.0327865389178003 0.0345606695674891 0.0348672225144464 0.0347299286256176 0.0353080116717947 0.0359445250092491 0.0363385905239091 0.0298960123040716 0.000775684667039978 -0.0245824563189355 0.06897926911613 0.194696741222801 0.224102544036059 0.19454654109558 0.14533538063199 0.0955636102321441 0.0507838855278552 0.028569649632448 0.0321121999639686 0.0271287407254752 0.030254235534641 0.0142997146914847 0.0226218802818958 0.0375528719242458 0.036880559312978 0.039795238727852 0.0392593985818838 0.0384325681812714 0.036334845864513 0.0341002983662703 0.0289766709239195 0.0251871068428074
-9999 -9999 -9999 -9999 -9999 -9999 -9999 0.00332711118974532 0.0209819004958402 0.0841746735849067 0.0186583312686222 -0.0494605815953734 -0.0180358145089187 0.0115370926232384 -0.005132596141941 -0.0171614421139992 -0.014377635710496 -0.00729670250590675 -0.00492066500028071 0.000251915856220641 0.00680123922711845 0.0138605483264739 0.0208959897748934 0.0200145155452104 0.0196428676958204 0.0216755874917607 0.0213605254391915 0.0243340838366723 0.0241882606834984 0.0222507865251744 0.0237909561503554 0.0249315849544114 0.0115732326851434 -0.0185461384969136 -0.0104079371496112 0.0599293944264722 0.132746861308083 0.163844670375533 0.158910498760383 0.132896712102071 0.0929596571634715 0.0709517332148279 0.0310612970466161 0.00864579104076219 0.0127400518053644 0.0184965712603158 0.0141188855760673 0.0045601244609933 -0.00626045013943094 -0.0134651274494507 -0.0127982546296931 -0.00439791274109574 0.0131347093506785 0.025097094854738 0.0278117469299688 0.0275383780288466
-9999 -9999 -9999 -9999 -9999 -9999 0.00081027959953589 -0.00929915292353944 0.073486065043968 0.0937413947638328 0.034486985456486 -0.037736725964269 -0.0169218482257144 0.028840154657647 0.00686275352743948 -0.008800628696503 -0.0062299560137567 -0.00484900901190838 -0.00484256435903768 -0.00951801018470039 -0.00831827397584922 -0.00695457744067746 -0.00255149320365294 -0.00289636610594857 -0.00150745530471968 -0.000739259308487727 0.000309345632046321 -0.000885468281491553 0.000647945231684988 0.0062740608446385 0.00871045756669192 0.0136763715541868 0.0160994388432809 0.000701034883646035 -0.0155153556298243 -0.00640247538062638 0.0175920512444455 0.0394781117501007 0.0406489592997293 0.0315210267886801 0.00711754081938359 -0.00511623854169013 -0.0114479835638225 -0.0140044385828912 -0.0198528183423672 -0.0274211364442349 -0.0304215791012759 -0.0265735579987498 -0.0224059495290653 -0.0143302578359374 -0.0182470197460006 -0.0202796686576818 -0.0203679089720764 -0.019712243842027 -0.0254285430696342 -0.0200175246042176
-9999 -9999 -9999 -9999 -9999 -9999 -0.0302065776592462 -0.0259254817749467 0.0494192173610199 0.0928226768895451 0.0428876998522719 -0.0322585730363913 -0.0169322791021893 0.0346296909505205 0.017353443726668 0.00294728962601115 0.00845884805433733 0.0108798530858404 0.0086769415099176 -0.00132443317910697 -0.0118054852085475 -0.0169273988910258 -0.0192675711578092 -0.0204315734205112 -0.0204980509369485 -0.0199006804772263 -0.01961694222955 -0.0184975070631695 -0.0170667201103201 -0.014199837590722 -0.0101567476178107 -0.00680348481092491 -0.00233966425843768 0.000220607334682266 -0.00292407337891099 -0.00905445842606256 -0.0114888856617942 -0.0106062615078404 -0.0119663592938675 -0.0170005869636766 -0.020656666643326 -0.0268647429163768 -0.0303053803301969 -0.03079134114614 -0.0224031166189522 -0.0228982417094063 -0.025095363580079 -0.0251636152660531 -0.0252005812181583 -0.0169782252713921 -0.0038769161799187 0.0147791663970571 0.0290693833306235 0.0293465313431468 0.020742634843011 0.00635281188592535
-9999 -9999 -9999 -9999 -9999 -9999 -0.0446485033973458 -0.0358826970417167 0.0314136780210211 0.0724304356157175 0.0440510638789445 -0.0250318038209092 -0.0247051075809833 0.0277832461829148 0.0116301619110801 0.0106872485142769 0.0207286673723144 0.0247345109536351 0.0248263101799594 0.0135841516372506 -0.000551020345252007 -0.00517287803586797 -0.0103747077144692 -0.00967156124412455 -0.0110041626700077 -0.011007426838536 -0.0117539552744043 -0.00960200712414144 -0.00966281649115402 -0.0111233282181284 -0.00945406755967826 -0.0116179869057318 -0.0103316493561302 -0.0113385293190548 -0.0129816585242882 -0.0128083424885144 -0.0180545584462294 -0.0224031056820861 -0.0259697233849409 -0.0303141118656983 -0.0309621112698863 -0.0294510835950751 -0.0262103880355344 -0.0237765118145534 -0.014480914409846 -0.00920628715929284 -0.00605797535364289 0.00959745625349356 0.0223217162888681 0.0399663099903038 0.0556416549427839 0.0626005879574989 0.0690223498497808 0.0694167077050986 0.0567945210802011 0.0382567261500876
-9999 -9999 -9999 -9999 -9999 -9999 -9999 -0.0474220495141087 -0.00892065768517197 0.0470376084561157 0.049863689122989 -0.00840980811553527 -0.0444907630381926 0.005409206927046 0.00165449935107759 0.0137910642241106 0.0338386830519234 0.0415459306424922 0.0425888596713574 0.032117193031779 0.0232104528437367 0.0214179768504996 0.0195207821521671 0.0232612582589956 0.0237722550246937 0.0191324941802929 0.0207915066597602 0.0198551427327135 0.0191116051414694 0.0173255114970009 0.0117572369253985 0.00892382649322965 0.00311361703245155 -1.19843153960075e-05 -0.00404308450510998 -0.010377588431476 -0.0146109636299768 -0.0197978753935208 -0.0207310763329209 -0.0158627565784049 -0.00934410611223185 0.0112049042874448 0.0294910168549098 0.0443096898402632 0.0719293365597037 0.0821951611374137 0.0974616375579401 0.0977080438436446 0.110990059321307 0.136991452338428 0.142872209442155 0.145779738397253 0.125720470834609 0.115341416881561 0.107566543757718 0.0876294138759057
-9999 -9999 -9999 -9999 -9999 -9999 -9999 -9999 -0.0461091756404311 0.0210750482821551 0.0691118066213345 0.0187864306372243 -0.0543438168212373 -0.0172909055616472 -0.0101144734192986 0.0226671438447559 0.0538452445927773 0.0700933360111912 0.0666209291075713 0.0512201933128357 0.0446724341862814 0.0474034051504659 0.0562978798425467 0.0622328682026785 0.0582045397954476 0.0530404441745215 0.0503653912007465 0.0482865605030723 0.0469192428557419 0.0440077512312382 0.0388903752395459 0.033858154939746 0.0277108139533632 0.0250188609214106 0.0219018202627067 0.0208749876180822 0.0167147928696208 0.0168036430827576 0.0200394015032375 0.0311736281520508 0.0517983243479959 0.0732738456642053 0.111060141106979 0.129918217186086 0.157393369087819 0.172312330797891 0.167123983461474 0.159516382043278 0.159922922540364 0.179134534287349 0.180882695757747 0.192046134910866 0.191895762758246 0.177426081747993 0.162229909996036 0.151529590460779
-9999 -9999 -9999 -9999 -9999 -9999 -0.0747928066575249 -0.0935125506380476 -0.0573109085100714 0.000789971445816662 0.0436196006389796 0.0175455364623315 -0.0507272679172439 -0.0395388716677439 0.0046952343036204 0.0801322846060241 0.112622961031279 0.0943960440913054 0.0813591951377541 0.0721842214070026 0.0688416558407494 0.076014900845662 0.0822986476455934 0.0923588797593491 0.0985108720049295 0.0974233365539889 0.093976535681638 0.0822230943880851 0.0706595920063177 0.0697342152903005 0.0639539911881446 0.0608736824275221 0.0545542803700708 0.0548386527280443 0.0566161436076081 0.0562329224693552 0.0642235548312252 0.0698609360757819 0.0758632386182073 0.0976688415628941 0.114630017500733 0.150070918300685 0.176860825152788 0.187157410428427 0.214587895699573 0.219409963236161 0.215465878271916 0.198809891666506 0.202350833103781 0.227218474134021 0.25001012109686 0.260872771433042 0.258343015646832 0.245999869360012 0.226027928741585 0.195112943178481
-9999 -9999 -9999 -9999 -9999 -0.00914776072056295 -0.132245089876894 -0.112131040755122 -0.0580290302694312 -0.0232745321873081 0.00634800161079196 0.0261543266146759 -0.0102245606513744 0.0139764529464543 0.105786012696066 0.216752607789064 0.213412962509393 0.142670228281696 0.0997816372218958 0.0977835728184477 0.0947206603727423 0.103392012529256 0.103611764102494 0.116827187738844 0.137186772303898 0.143697061686555 0.13994692836814 0.125716947908563 0.113247942050675 0.0955767139421497 0.088641569296051 0.0886318940291277 0.0782493811747323 0.0738795934421935 0.0746372032347367 0.0688230760361047 0.0808459842325595 0.0959576659180609 0.103061901379082 0.133171522548519 0.138857822569634 0.160322000158544 0.187902421760669 0.193695208529703 0.226274795498417 0.225872188686659 0.236536256647193 0.2451598439702 0.250273870508651 0.263146833100519 0.278748744453235 0.276280967696537 0.265405676134323 0.248103507636966 0.211764543924775 0.174518467067004
-9999 -9999 -9999 -9999 -9999 -0.0156691663782164 -0.156859214625425 -0.116015164988565 -0.0624310427217692 -0.0286209496302189 0.0196217690390885 0.0457750338468341 0.0731136240759404 0.130188144817869 0.213973921894786 0.285234057412475 0.264687212374415 0.207181667636201 0.159199725481906 0.157110583963892 0.171386135458427 0.180999049990682 0.182709227426543 0.190394554453722 0.200995363113143 0.202692866721489 0.192633756050705 0.181143126524755 0.173407906890172 0.159729308465998 0.14484597817625 0.132014647376225 0.119388552059561 0.105534575731186 0.0944062437454317 0.0865637227581839 0.0974317946501114 0.110314925668138 0.114681415461342 0.134573214595898 0.147889611889365 0.175110782730588 0.194796602932137 0.218458211200431 0.241918551554918 0.256400062641714 0.261660430440285 0.261758575082408 0.263020881975874 0.25304965481873 0.247413737017664 0.240148426937993 0.227699918845483 0.215244415102693 0.189483685337653 0.160237639160396
-9999 -9999 -9999 -9999 -9999 -9999 -0.129549101712746 -0.0981616673014347 -0.0372883151996046 -0.0280680790872231 0.0125713843859059 0.020307871126663 0.0859440185125406 0.148870122642561 0.200258159803173 0.30804381827008 0.283543263172505 0.244715126584202 0.222108391891333 0.210451847844232 0.240297466589734 0.238214858447185 0.260085374482091 0.268826762963937 0.264931591894836 0.269127240587547 0.253587125442808 0.247724262439363 0.23480448465272 0.216119906867872 0.212630887413169 0.193039731198105 0.177834111530627 0.160369004890263 0.136484553876064 0.121333547635294 0.12608106668019 0.138221399467575 0.150285220970154 0.167734354022221 0.188738364371514 0.209457598051611 0.237236552777506 0.251172041362572 0.258771218343698 0.263275844450983 0.25834408454843 0.250191710913499 0.243241941592994 0.223576628964964 0.209086141379587 0.197194059525293 0.179973505142775 0.164162639902532 0.138360091860858 0.129172823834181
-9999 -9999 -9999 -9999 -9999 -9999 -0.0490735666316719 -0.0680854816904211 -0.00596167425777916 -0.0093429097266079 -0.000279891883033623 -0.0202391447116633 -0.0277872073464895 -0.00162739510859794 0.0641014902465452 0.140546925823398 0.21141066250419 0.259108654643722 0.284305694000312 0.258680335418571 0.24674116732358 0.266400885758897 0.294764395356282 0.301341254314221 0.294071596631992 0.284450693418677 0.283844289742819 0.284910005343627 0.277559342724396 0.262004121944395 0.245726536813647 0.238562546154555 0.230528712833936 0.218092444069039 0.201931470862232 0.18595475688625 0.189086136153343 0.195850762471001 0.198606047821587 0.207252802242797 0.218231901285431 0.235109271111547 0.251340164973404 0.256358998705899 0.257239570012397 0.255886804378786 0.245415314989091 0.232279307992 0.223051347248657 0.203054110996114 0.184718907746776 0.162090960244523 0.138273520773896 0.126586827704762 0.106450605996776 0.0895980541605729
-9999 -9999 -9999 -9999 -9999 -9999 0.131905269784946 -0.0902598362711688 -0.0214616600686504 -0.029806400583879 -0.0254452548679117 -0.0338845298135573 -0.0591320156455992 -0.0555089887839704 -0.0302404057813672 0.0201691222788594 0.118211111326287 0.240418377146405 0.283517525427454 0.264739956931649 0.241634930682285 0.268116212924621 0.303528126175815 0.310553638748669 0.298168313028182 0.287749631526707 0.290612059257404 0.294886275874716 0.290363091875182 0.278190867916753 0.270784952753289 0.265333626636409 0.263866333331388 0.257448986329226 0.24640155051952 0.234513353166165 0.229206716834897 0.232859640658699 0.228749097568902 0.225253643950718 0.230375279785448 0.229938004233616 0.245060644520691 0.247690635933063 0.237987799175005 0.239277231316553 0.221834858171777 0.210580605985524 0.196264002211339 0.165543381897833 0.152985927204452 0.127144272333153 0.102899827716976 0.0851086202327702 0.0594420485970104 0.049662510574572
-9999 -9999 -9999 -9999 -9999 -9999 -9999 -9999 -0.16928504885905 -0.0838795960097168 -0.0395059152364667 -0.0388068828640122 -0.0496688502823585 -0.0493238573408153 -0.0433983574811699 -0.0104208359353289 0.0764449321854245 0.1800893741706 0.246600231162404 0.277798139015998 0.257690166702115 0.28430958284114 0.31417020674787 0.316922498778451 0.30658341614629 0.292929956500229 0.293881180542613 0.292686047727719 0.28851566884624 0.282517713170634 0.278648642689082 0.277572560533549 0.27755975480141 0.276578820443122 0.272852188589536 0.266521746305511 0.26114738471163 0.255094396419702 0.245330237288287 0.239409318994441 0.234046036239361 0.236912802961811 0.240012461040575 0.236444455486368 0.23157410740657 0.223840900870214 0.213170944708828 0.196643257616153 0.180726627194789 0.155362245292979 0.128786646619103 0.10459954752814 0.0802681501843748 0.0637848352930004 0.0401572188090665 0.0211530858976564
-9999 -9999 -9999 -9999 -9999 -9999 -9999 -9999 -0.0924436028104409 -0.131789505051162 -0.0686061815362694 -0.0421951402965874 -0.0324964018488119 -0.0328163599992314 -0.0402332006566378 -0.0192973979480434 0.0598478786963689 0.172845141338147 0.230707248675169 0.27514229513644 0.268737440183852 0.289173448870987 0.31486550744944 0.313264371815358 0.302743091870148 0.293064629202837 0.290739636878886 0.285742475423057 0.280577934947412 0.273774876534676 0.271768606335816 0.268005291089372 0.265958125801909 0.26575731296413 0.26667154853982 0.268150504205396 0.262091029338709 0.258644707476652 0.249665650814104 0.237806000272575 0.233153656874263 0.223420238457701 0.226425113376011 0.221481112706062 0.208513390658774 0.204245316679777 0.19134609749098 0.176943052907934 0.159209785162379 0.128550332137013 0.108051274670272 0.0821991870352931 0.0595127487724124 0.0393935801545861 0.0145864028157164 -0.000516297361704443
