meets/meet004/_saidas_enm/CCSM_Maxent_6k_Aralia_warmingiana5.asc
NCOLS 154 
NROWS 168 
XLLCORNER -112 
YLLCORNER -55.5 
CELLSIZE 0.5 
NODATA_value -9999 
[rows 100 to 124 of 168, columns 56 to 111 of 154]
-9999 -9999 -9999 -9999 -9999 -9999 -9999 -9999 -9999 -9999 -9999 -9999 -9999 -9999 -9999 -9999 -9999 -9999 -9999 -9999 -9999 -9999 -9999 -9999 -9999 -9999 -9999 -9999 0.111414268612862 0.261665850877762 0.295208275318146 0.158963248133659 0.12107127904892 0.102213032543659 0.104745358228683 0.113944515585899 0.105970546603203 0.102573320269585 0.151865944266319 0.220533385872841 0.295006603002548 0.449428975582123 0.412967175245285 0.16603110730648 0.122834004461765 0.129579216241837 0.127144858241081 0.151106730103493 0.141736924648285 0.14727871119976 0.162123769521713 0.154347643256187 0.159118205308914 0.192494928836823 0.25310617685318 0.329575598239899
-9999 -9999 -9999 -9999 -9999 -9999 -9999 -9999 -9999 -9999 -9999 -9999 -9999 -9999 -9999 -9999 -9999 -9999 -9999 -9999 -9999 -9999 -9999 -9999 -9999 -9999 -9999 -9999 0.10166073590517 0.251340091228485 0.256949722766876 0.152058944106102 0.110130295157433 0.100440077483654 0.108537219464779 0.106269650161266 0.101145051419735 0.103877246379852 0.15956524014473 0.242376387119293 0.337779641151428 0.474046766757965 0.426093846559525 0.176221653819084 0.13767272233963 0.142163276672363 0.173391550779343 0.172649726271629 0.156451642513275 0.187614619731903 0.215705692768097 0.201379686594009 0.197362378239632 0.23009105026722 0.28143572807312 0.391658365726471
-9999 -9999 -9999 -9999 -9999 -9999 -9999 -9999 -9999 -9999 -9999 -9999 -9999 -9999 -9999 -9999 -9999 -9999 -9999 -9999 -9999 -9999 -9999 -9999 -9999 -9999 -9999 0.0734448581933975 0.088077612221241 0.23652671277523 0.287507176399231 0.151810437440872 0.114220358431339 0.114672727882862 0.112396612763405 0.101768627762794 0.102268680930138 0.118626944720745 0.190163850784302 0.273559242486954 0.368615537881851 0.473967671394348 0.430453658103943 0.203633666038513 0.167777717113495 0.192255020141602 0.226514667272568 0.234254747629166 0.218634843826294 0.234432205557823 0.242827787995338 0.230039209127426 0.204162016510963 0.231134876608849 0.299321085214615 0.387005388736725
-9999 -9999 -9999 -9999 -9999 -9999 -9999 -9999 -9999 -9999 -9999 -9999 -9999 -9999 -9999 -9999 -9999 -9999 -9999 -9999 -9999 -9999 -9999 -9999 -9999 -9999 -9999 0.0680586770176888 0.0808946192264557 0.245973259210587 0.285064578056335 0.146257162094116 0.119145683944225 0.125334903597832 0.107295177876949 0.0924140736460686 0.105321072041988 0.135396897792816 0.208599641919136 0.277666598558426 0.363838255405426 0.454459756612778 0.431323349475861 0.221291810274124 0.20717191696167 0.243159502744675 0.255161643028259 0.308761060237885 0.302489012479782 0.302965611219406 0.300644844770432 0.274121433496475 0.237725898623466 0.257457852363586 0.328400045633316 0.402745485305786
-9999 -9999 -9999 -9999 -9999 -9999 -9999 -9999 -9999 -9999 -9999 -9999 -9999 -9999 -9999 -9999 -9999 -9999 -9999 -9999 -9999 -9999 -9999 -9999 -9999 -9999 -9999 0.0698795467615128 0.0819576010107994 0.240679666399956 0.292792290449142 0.140508413314819 0.11875132471323 0.123213261365891 0.099825881421566 0.0843276083469391 0.109561130404472 0.122981660068035 0.145506680011749 0.256656229496002 0.364956945180893 0.432838767766953 0.413454622030258 0.251296848058701 0.257304400205612 0.313071608543396 0.288938105106354 0.330818027257919 0.37238883972168 0.39686319231987 0.392155736684799 0.358052521944046 0.335620313882828 0.352103561162949 0.397184818983078 0.462882488965988
-9999 -9999 -9999 -9999 -9999 -9999 -9999 -9999 -9999 -9999 -9999 -9999 -9999 -9999 -9999 -9999 -9999 -9999 -9999 -9999 -9999 -9999 -9999 -9999 -9999 -9999 -9999 0.0653396248817444 0.0809865593910217 0.254583775997162 0.226546749472618 0.120685517787933 0.112637475132942 0.110444575548172 0.0897798240184784 0.0726040676236153 0.100001774728298 0.0790812894701958 0.127022370696068 0.264128178358078 0.372147619724274 0.42954158782959 0.412242472171783 0.311079084873199 0.311245054006577 0.341453462839127 0.336026310920715 0.369375646114349 0.411918222904205 0.449455380439758 0.47387757897377 0.45933935046196 0.442567944526672 0.45868456363678 0.481950908899307 0.524886965751648
-9999 -9999 -9999 -9999 -9999 -9999 -9999 -9999 -9999 -9999 -9999 -9999 -9999 -9999 -9999 -9999 -9999 -9999 -9999 -9999 -9999 -9999 -9999 -9999 -9999 -9999 -9999 0.074995756149292 0.0874113067984581 0.249211043119431 0.152436673641205 0.0978654623031616 0.100704945623875 0.0963159576058388 0.0795641988515854 0.0603192187845707 0.0792523398995399 0.0582408308982849 0.127548590302467 0.257713288068771 0.361571371555328 0.426906853914261 0.408713281154633 0.381885379552841 0.351196825504303 0.373162358999252 0.389818847179413 0.423231035470963 0.469029396772385 0.499818593263626 0.50990504026413 0.529484391212463 0.541494131088257 0.556940197944641 0.571585953235626 0.577089786529541
-9999 -9999 -9999 -9999 -9999 -9999 -9999 -9999 -9999 -9999 -9999 -9999 -9999 -9999 -9999 -9999 -9999 -9999 -9999 -9999 -9999 -9999 -9999 -9999 -9999 -9999 -9999 0.099237397313118 0.104245588183403 0.211672931909561 0.0974500402808189 0.0734444037079811 0.0890399366617203 0.0868016481399536 0.0659649968147278 0.043982420116663 0.0527783371508121 0.0518926456570625 0.148491427302361 0.256835430860519 0.358180999755859 0.414209365844727 0.406352818012238 0.39452075958252 0.391808211803436 0.405642300844193 0.421818822622299 0.464811891317368 0.517492294311523 0.550847351551056 0.563342154026031 0.583293855190277 0.591782808303833 0.60342812538147 0.605853796005249 0.600540161132812
-9999 -9999 -9999 -9999 -9999 -9999 -9999 -9999 -9999 -9999 -9999 -9999 -9999 -9999 -9999 -9999 -9999 -9999 -9999 -9999 -9999 -9999 -9999 -9999 -9999 -9999 -9999 0.13547371327877 0.155815526843071 0.153635233640671 0.0490113757550716 0.0512054152786732 0.0744020789861679 0.0787291824817657 0.056242723017931 0.0293259304016829 0.0453066527843475 0.0588101893663406 0.143239289522171 0.254447281360626 0.363247513771057 0.403404712677002 0.40227085351944 0.397256940603256 0.398632794618607 0.403474450111389 0.390631854534149 0.415473312139511 0.475858122110367 0.554303824901581 0.555763185024261 0.565901875495911 0.568892121315002 0.572613120079041 0.587731182575226 0.600436747074127
-9999 -9999 -9999 -9999 -9999 -9999 -9999 -9999 -9999 -9999 -9999 -9999 -9999 -9999 -9999 -9999 -9999 -9999 -9999 -9999 -9999 -9999 -9999 -9999 -9999 -9999 -9999 0.184850588440895 0.197308659553528 0.119376964867115 0.0547192506492138 0.0613097734749317 0.073924832046032 0.0796986073255539 0.059314351528883 0.0330824367702007 0.0561429634690285 0.109754115343094 0.175277426838875 0.260936617851257 0.364903301000595 0.386713445186615 0.389761507511139 0.389436572790146 0.389336049556732 0.391570031642914 0.380341142416 0.376805484294891 0.43356192111969 0.496260613203049 0.528255045413971 0.539539813995361 0.532214283943176 0.542220532894135 0.558983743190765 0.570232808589935
-9999 -9999 -9999 -9999 -9999 -9999 -9999 -9999 -9999 -9999 -9999 -9999 -9999 -9999 -9999 -9999 -9999 -9999 -9999 -9999 -9999 -9999 -9999 -9999 -9999 -9999 0.304460495710373 0.247801780700684 0.209177896380424 0.0951980277895927 0.0659689828753471 0.0842234790325165 0.0952341631054878 0.0867529213428497 0.0687345042824745 0.0379197187721729 0.0762474983930588 0.166583746671677 0.278779923915863 0.298253417015076 0.36097052693367 0.362117052078247 0.366277724504471 0.370494455099106 0.36533984541893 0.363107234239578 0.35559618473053 0.387519091367722 0.434600532054901 0.465147823095322 0.485028117895126 0.511036455631256 0.505670011043549 0.525952935218811 0.532691478729248 0.540151178836823
-9999 -9999 -9999 -9999 -9999 -9999 -9999 -9999 -9999 -9999 -9999 -9999 -9999 -9999 -9999 -9999 -9999 -9999 -9999 -9999 -9999 -9999 -9999 -9999 -9999 -9999 0.276145160198212 0.218349233269691 0.179553061723709 0.0716700628399849 0.0901679992675781 0.125967666506767 0.130882605910301 0.0946597009897232 0.0786624029278755 0.0743107944726944 0.120759107172489 0.219073370099068 0.306663483381271 0.340847283601761 0.322542458772659 0.326396912336349 0.332310557365417 0.337716609239578 0.33072891831398 0.326910883188248 0.347868174314499 0.378624320030212 0.416799366474152 0.450554043054581 0.47061675786972 0.482975572347641 0.485114455223083 0.498854428529739 0.506670117378235 0.512805938720703
-9999 -9999 -9999 -9999 -9999 -9999 -9999 -9999 -9999 -9999 -9999 -9999 -9999 -9999 -9999 -9999 -9999 -9999 -9999 -9999 -9999 -9999 -9999 -9999 -9999 -9999 0.211621522903442 0.162828981876373 0.13206060230732 0.0828639417886734 0.104800596833229 0.16760727763176 0.157622322440147 0.116665624082088 0.111869990825653 0.104242712259293 0.18508018553257 0.248739629983902 0.300480127334595 0.366482943296432 0.342011541128159 0.318767368793488 0.3084577023983 0.299720644950867 0.308034479618073 0.310503751039505 0.34541580080986 0.374390691518784 0.399992763996124 0.432711213827133 0.457061290740967 0.468200087547302 0.467333197593689 0.483830988407135 0.485036134719849 0.487576335668564
-9999 -9999 -9999 -9999 -9999 -9999 -9999 -9999 -9999 -9999 -9999 -9999 -9999 -9999 -9999 -9999 -9999 -9999 -9999 -9999 -9999 -9999 -9999 -9999 -9999 -9999 0.175240635871887 0.119386911392212 0.0741801187396049 0.0803152024745941 0.1368518024683 0.184023529291153 0.17103411257267 0.17284819483757 0.204791262745857 0.205940037965775 0.263376623392105 0.290335953235626 0.324992418289185 0.368293583393097 0.387047559022903 0.369512647390366 0.343750149011612 0.33589980006218 0.359445422887802 0.383395403623581 0.374260097742081 0.358867913484573 0.371796369552612 0.398902237415314 0.430012732744217 0.444377869367599 0.450910031795502 0.458684891462326 0.449831753969193 0.442307591438293
-9999 -9999 -9999 -9999 -9999 -9999 -9999 -9999 -9999 -9999 -9999 -9999 -9999 -9999 -9999 -9999 -9999 -9999 -9999 -9999 -9999 -9999 -9999 -9999 -9999 0.273429393768311 0.156976655125618 0.0903350934386253 0.040713295340538 0.0846392512321472 0.149630546569824 0.176903054118156 0.194876924157143 0.270691186189651 0.251393705606461 0.217428848147392 0.300831407308578 0.347039610147476 0.334076225757599 0.386106967926025 0.383366763591766 0.385494083166122 0.377028435468674 0.391970098018646 0.401857435703278 0.408547848463058 0.422221690416336 0.357876837253571 0.335049539804459 0.349710583686829 0.383601665496826 0.405923932790756 0.415225327014923 0.414375126361847 0.403171539306641 0.39462885260582
-9999 -9999 -9999 -9999 -9999 -9999 -9999 -9999 -9999 -9999 -9999 -9999 -9999 -9999 -9999 -9999 -9999 -9999 -9999 -9999 -9999 -9999 -9999 -9999 -9999 0.213802114129066 0.158887356519699 0.076380118727684 0.0512002259492874 0.0943226218223572 0.151130527257919 0.171048238873482 0.233391940593719 0.309461265802383 0.286407321691513 0.267008304595947 0.309196084737778 0.361148715019226 0.378737807273865 0.376381576061249 0.369185775518417 0.371089726686478 0.379115223884583 0.388337403535843 0.394851624965668 0.396081447601318 0.407321125268936 0.339800149202347 0.315122276544571 0.315440118312836 0.354400277137756 0.364935368299484 0.372054487466812 0.374964475631714 0.362955361604691 0.350122362375259
-9999 -9999 -9999 -9999 -9999 -9999 -9999 -9999 -9999 -9999 -9999 -9999 -9999 -9999 -9999 -9999 -9999 -9999 -9999 -9999 -9999 -9999 -9999 -9999 -9999 0.187268033623695 0.158837214112282 0.052349504083395 0.0587437674403191 0.105068437755108 0.144142121076584 0.158559620380402 0.244783610105515 0.326966732740402 0.308840185403824 0.262044906616211 0.289316654205322 0.334577441215515 0.352509140968323 0.354598522186279 0.359273433685303 0.35669669508934 0.344295620918274 0.356626898050308 0.372196704149246 0.375422596931458 0.37784069776535 0.304995745420456 0.284097731113434 0.294303804636002 0.328318536281586 0.329783707857132 0.330326974391937 0.333989828824997 0.321290224790573 0.310282051563263
-9999 -9999 -9999 -9999 -9999 -9999 -9999 -9999 -9999 -9999 -9999 -9999 -9999 -9999 -9999 -9999 -9999 -9999 -9999 -9999 -9999 -9999 -9999 -9999 -9999 0.145937770605087 0.152043387293816 0.0492238104343414 0.0571023747324944 0.0982445701956749 0.122492134571075 0.160223051905632 0.22348789870739 0.29481640458107 0.297278374433517 0.262515783309937 0.26930183172226 0.282293409109116 0.296139001846313 0.310118228197098 0.321863681077957 0.325613677501678 0.296062260866165 0.286052823066711 0.306520104408264 0.325067192316055 0.301385909318924 0.273481637239456 0.272539615631104 0.276682913303375 0.288555502891541 0.292802691459656 0.297249734401703 0.30124107003212 0.288409173488617 0.275880992412567
-9999 -9999 -9999 -9999 -9999 -9999 -9999 -9999 -9999 -9999 -9999 -9999 -9999 -9999 -9999 -9999 -9999 -9999 -9999 -9999 -9999 -9999 -9999 -9999 -9999 0.124440260231495 0.124587833881378 0.0506725385785103 0.0496240258216858 0.0878859609365463 0.129456162452698 0.180338487029076 0.225400134921074 0.289748549461365 0.276936531066895 0.243634179234505 0.245099812746048 0.244380801916122 0.249506965279579 0.271528452634811 0.286881566047668 0.297509074211121 0.246883258223534 0.232734844088554 0.236626625061035 0.227683067321777 0.250300854444504 0.250178426504135 0.256929039955139 0.259149014949799 0.256218522787094 0.264968663454056 0.268456876277924 0.272805780172348 0.25869345664978 0.248071387410164
-9999 -9999 -9999 -9999 -9999 -9999 -9999 -9999 -9999 -9999 -9999 -9999 -9999 -9999 -9999 -9999 -9999 -9999 -9999 -9999 -9999 -9999 -9999 -9999 -9999 0.123977899551392 0.106458120048046 0.0587381348013878 0.0438324995338917 0.0769296437501907 0.125995606184006 0.173064261674881 0.240680724382401 0.280372977256775 0.259707361459732 0.224738821387291 0.222193792462349 0.221045270562172 0.226335018873215 0.243076547980309 0.259012430906296 0.254151821136475 0.189534991979599 0.174342826008797 0.188840210437775 0.215069323778152 0.220082759857178 0.219638809561729 0.233295068144798 0.236823678016663 0.233145907521248 0.237452954053879 0.24109660089016 0.251990050077438 0.240617081522942 0.22966393828392
-9999 -9999 -9999 -9999 -9999 -9999 -9999 -9999 -9999 -9999 -9999 -9999 -9999 -9999 -9999 -9999 -9999 -9999 -9999 -9999 -9999 -9999 -9999 -9999 -9999 0.113469488918781 0.095871590077877 0.0547898188233376 0.0384178794920444 0.0685431659221649 0.113772384822369 0.161728769540787 0.219261720776558 0.258180648088455 0.243815928697586 0.216119602322578 0.212785109877586 0.204292505979538 0.204212591052055 0.222044035792351 0.236044064164162 0.21009573340416 0.154893606901169 0.157284706830978 0.182374909520149 0.20142275094986 0.215366840362549 0.209065899252892 0.216425821185112 0.209772616624832 0.212158739566803 0.220726743340492 0.22300212085247 0.235993146896362 0.224061623215675 0.215772241353989
-9999 -9999 -9999 -9999 -9999 -9999 -9999 -9999 -9999 -9999 -9999 -9999 -9999 -9999 -9999 -9999 -9999 -9999 -9999 -9999 -9999 -9999 -9999 -9999 -9999 0.111082449555397 0.0923242494463921 0.0477732494473457 0.035178117454052 0.0584341064095497 0.0972907915711403 0.134716123342514 0.176412969827652 0.198519021272659 0.212978973984718 0.198910593986511 0.18892215192318 0.168829813599586 0.165283709764481 0.194427043199539 0.207021743059158 0.177583023905754 0.143039956688881 0.146110251545906 0.163039088249207 0.191732406616211 0.194001227617264 0.189445018768311 0.194781079888344 0.19338071346283 0.193518310785294 0.203271046280861 0.213017284870148 0.227402821183205 0.215876638889313 0.205583870410919
-9999 -9999 -9999 -9999 -9999 -9999 -9999 -9999 -9999 -9999 -9999 -9999 -9999 -9999 -9999 -9999 -9999 -9999 -9999 -9999 -9999 -9999 -9999 -9999 -9999 0.113516807556152 0.0940942391753197 0.0506718978285789 0.0303360689431429 0.0514489933848381 0.0806364640593529 0.106921046972275 0.130026683211327 0.155919700860977 0.165150031447411 0.156377360224724 0.159188255667686 0.147005975246429 0.146713480353355 0.191805854439735 0.196058660745621 0.171538680791855 0.138082846999168 0.1353610008955 0.156009286642075 0.176893964409828 0.179380983114243 0.169349059462547 0.176112428307533 0.174310460686684 0.179900735616684 0.192163988947868 0.19965922832489 0.21280363202095 0.207022488117218 0.198059603571892
-9999 -9999 -9999 -9999 -9999 -9999 -9999 -9999 -9999 -9999 -9999 -9999 -9999 -9999 -9999 -9999 -9999 -9999 -9999 -9999 -9999 -9999 -9999 -9999 -9999 0.115855894982815 0.0886706784367561 0.0558205656707287 0.0241459608078003 0.0417023561894894 0.0750114247202873 0.0951677784323692 0.111777916550636 0.126599386334419 0.142622411251068 0.160628274083138 0.152162849903107 0.144219726324081 0.156054347753525 0.189809158444405 0.202239245176315 0.178384065628052 0.137050226330757 0.133105963468552 0.146409720182419 0.163982510566711 0.162499353289604 0.152543812990189 0.159662455320358 0.164322212338448 0.172372862696648 0.184845894575119 0.180691570043564 0.208317518234253 0.20219898223877 0.195415079593658
-9999 -9999 -9999 -9999 -9999 -9999 -9999 -9999 -9999 -9999 -9999 -9999 -9999 -9999 -9999 -9999 -9999 -9999 -9999 -9999 -9999 -9999 -9999 -9999 0.0952994376420975 0.115768186748028 0.0861680954694748 0.0548071302473545 0.0247848965227604 0.0315390974283218 0.0580950304865837 0.0848900899291039 0.10373193770647 0.109589859843254 0.125794231891632 0.141061931848526 0.135603055357933 0.129401728510857 0.139600217342377 0.179387599229813 0.198992982506752 0.179573804140091 0.139988571405411 0.130888342857361 0.141457945108414 0.155789464712143 0.148090928792953 0.142437338829041 0.155222341418266 0.169901058077812 0.183473244309425 0.188226997852325 0.188690841197968 0.208441331982613 0.183649465441704 0.161533609032631
