meets/meet004/_saidas_enm/CCSM_Maha_6k_Aralia_warmingiana2.asc
NCOLS 154 
NROWS 168 
XLLCORNER -112 
YLLCORNER -55.5 
CELLSIZE 0.5 
NODATA_value -9999 
[rows 75 to 99 of 168, columns 56 to 111 of 154]
-9999 -9999 -9999 -9999 -9999 -9999 -9999 -9999 -9999 -9999 -9999 -48.8537669962771 -66.3073203395538 -65.526525499384 -48.1612022144267 -19.8434750703069 -0.612417873515818 -0.345510750401955 -5.33312537182087 -8.88668517118601 -11.5071006240835 -15.8362111966615 -19.7875214041748 -22.1088974206758 -20.9693662922834 -20.4671014533206 -20.5309952163982 -20.888439449693 -21.2232149729416 -20.84334692086 -21.1737772704848 -21.6459681713845 -22.4271512516626 -22.541328217828 -21.6123998929677 -21.0629128656606 -19.8886948366311 -19.2869002464937 -17.8675387346916 -15.8848489949859 -14.594040140144 -12.8077775563063 -11.6992064653889 -10.234946537097 -8.97272251763157 -9.46164252336144 -10.3840996700106 -12.3480594145086 -14.5683466673472 -16.9842317655607 -19.5562979915579 -20.7236340134035 -21.7161303955566 -21.4784826705224 -21.297526506518 -25.3936993728382
-9999 -9999 -9999 -9999 -9999 -9999 -9999 -9999 -9999 -9999 -9999 -45.2046142840675 -51.0921857878087 -55.0483373340051 -50.7066953481118 -34.3335893148774 -8.49370821171615 -1.82610641480618 -1.54214990226394 -1.62545393166679 -8.06686766671644 -12.3358343288938 -15.6627016707689 -19.4952963049083 -19.670761103551 -20.9786059430566 -21.0047545906187 -21.2591454346413 -21.8639793107198 -21.8974127986253 -22.5476575169644 -23.2073124767887 -23.4968813031636 -23.4500250800006 -22.0615771222417 -20.8125248185902 -20.4337296509463 -19.3887405080866 -18.0608726361643 -16.065145831187 -13.9901958942788 -13.415621834424 -12.3684152433442 -10.9982760588663 -9.13358597979599 -7.49040868882233 -8.2222524905345 -9.82068098676603 -11.591152265691 -13.7207880758622 -15.8710949391514 -17.1416890484959 -18.2517615968794 -19.5798720624311 -23.9005086230143 -29.2073739780712
-9999 -9999 -9999 -9999 -9999 -9999 -9999 -9999 -9999 -9999 -9999 -9999 -47.6220000979257 -49.0560554537331 -50.8853072101019 -40.4242600498926 -23.002680962831 -7.621906000191 -3.76036419910513 -1.81128401516971 -0.807357053195676 -5.00607209532229 -11.6603870854067 -17.4675622763959 -17.7887420116328 -18.626356318374 -19.5372400228802 -20.8496100553819 -22.2754968535063 -23.0664043620273 -23.936905761188 -24.5822577322918 -24.8155666873331 -24.5952094947539 -23.2661268862143 -22.0001378553065 -21.4214005543335 -20.6342464462379 -19.2877347996715 -17.3292781962143 -15.6068078861778 -15.0829615406785 -14.8165736265147 -13.5739344831108 -11.2149407183225 -9.3668383284833 -8.7560404875538 -9.32189750910837 -10.2437237394909 -11.5516018944385 -13.4982673210809 -14.8029823021506 -17.0193634667988 -20.7763037861524 -25.0270306622233 -29.9974820087052
-9999 -9999 -9999 -9999 -9999 -9999 -9999 -9999 -9999 -9999 -9999 -9999 -52.7686782897271 -47.6592730206976 -42.1768748452536 -36.6824207149063 -45.3122591740406 -45.3729185830999 -29.6960343015223 -7.46812186240144 -1.58512613324064 -0.727744716596286 -6.61111002241927 -15.399123836197 -13.6729442424133 -15.1357113762904 -17.7520289503193 -20.0565053672654 -22.4427999672929 -23.9155351544782 -25.5850400587768 -26.2026065859251 -26.5248212881273 -26.381945452878 -24.9711111190933 -24.1720662476926 -23.590290765764 -23.1995213609807 -22.0399809584827 -19.8201481670748 -18.5308968872235 -18.0481813642418 -18.8009722687767 -17.6248479335281 -14.2491698478625 -12.6028809531556 -10.9273771463452 -10.3192958723791 -10.5544133079566 -11.3729035164681 -13.4470351817791 -15.5722896609855 -18.4031988231823 -21.9567372170766 -25.5946641734943 -29.8506244274831
-9999 -9999 -9999 -9999 -9999 -9999 -9999 -9999 -9999 -9999 -9999 -9999 -9999 -49.9581715075959 -44.4885934217867 -56.1995795277264 -82.4624914554332 -112.98880475753 -97.647660649503 -58.1211424282939 -16.809774245172 -2.03819886538455 -1.90367074564048 -7.77481237853375 -10.6948375156866 -12.5190828472191 -14.7019911298501 -19.0451879235983 -23.075635028595 -24.1186639842593 -25.8652037184619 -26.8325641344191 -27.5413821286542 -27.8258018946946 -27.0826055204702 -26.5754301656185 -26.0233653855403 -25.5401742582243 -24.4552758872879 -22.6485381298169 -21.371650592489 -20.7609336537607 -21.0096230647417 -19.5377028774899 -16.6292560819628 -14.4760197695817 -12.3957298727209 -11.4069668823249 -11.3987906624315 -12.1411666925375 -14.1091639135423 -16.1646618146246 -19.0849516451779 -22.2852639429213 -25.3681543703637 -29.0274748490654
-9999 -9999 -9999 -9999 -9999 -9999 -9999 -9999 -9999 -9999 -9999 -9999 -9999 -56.6230233657683 -46.4726109099993 -75.8848520175172 -118.450693570784 -200.067679902728 -202.652882604613 -143.079788703178 -102.049964294244 -25.1544021100311 -11.32060473631 -10.2342025574523 -13.0190263957586 -10.9495419723648 -13.2583615201228 -17.5082218384362 -24.7849110523082 -24.8096858388352 -26.1332548380969 -28.7982657984805 -28.0465308853805 -28.7401258823892 -28.6784863992662 -28.9481227653043 -28.0032888338052 -27.422296310936 -26.4555971632961 -24.9499325629486 -23.9462459522201 -22.6584800889837 -22.6268507848693 -21.4870360348378 -18.2290079994822 -15.571253740989 -13.8151806411939 -12.2872286301118 -12.1619415279976 -13.3012271456587 -14.6458002131811 -16.9649651498556 -19.5542138433378 -22.1181564749776 -24.6837698059451 -28.1110206379727
-9999 -9999 -9999 -9999 -9999 -9999 -9999 -9999 -9999 -9999 -9999 -9999 -9999 -9999 -40.8575335165849 -67.5047506541552 -119.938644385261 -202.81055918962 -229.835631818598 -204.954136199238 -150.393955391722 -91.4416154924585 -64.2262010949835 -58.8070054184476 -52.1101698780929 -35.8685618739623 -23.0663786381165 -20.015551257828 -25.727464969026 -23.6224698014124 -28.8234070451001 -26.7531853169315 -28.8725830158027 -30.3383722181527 -29.1750010388849 -29.4912471508303 -29.0212813736793 -28.7991072763226 -27.7960711425071 -26.0010815214643 -24.3725951254341 -23.7310729218561 -23.4259942319991 -22.1689071601673 -19.4724747224927 -17.2069787054693 -15.3141791100778 -14.3098355443974 -14.2371067866838 -14.8827567071102 -16.3779026599236 -17.860274603905 -19.7191551681041 -21.4676096831759 -22.7158475426627 -24.8567899401438
-9999 -9999 -9999 -9999 -9999 -9999 -9999 -9999 -9999 -9999 -9999 -9999 -9999 -9999 -36.5817724397643 -53.3651931327381 -98.2151905685304 -174.764540121621 -226.864171275929 -233.893507412367 -214.94387046296 -199.610679181878 -204.265528099356 -187.217853933069 -133.636874577071 -121.124244387093 -77.4345035393713 -38.0849492257001 -27.888532521427 -16.7545695176634 -26.5358364138387 -25.375614709065 -26.8875944815311 -29.4034821795753 -28.5433698153845 -29.5149119572432 -29.2548150848699 -29.1867764307182 -28.8237023501743 -26.4885322899498 -25.2513286896443 -24.9891380633979 -24.5339834290234 -22.8358247917566 -20.6332535160867 -18.989441902889 -17.2230996062695 -16.3652632994778 -16.1231831660064 -16.3752516994526 -17.9357194778756 -18.3728173250292 -19.4782009448852 -20.2747360784565 -20.4815085406659 -20.929175600537
-9999 -9999 -9999 -9999 -9999 -9999 -9999 -9999 -9999 -9999 -9999 -9999 -9999 -9999 -9999 -41.4358179939002 -69.7749969629187 -127.536191739232 -192.658694375254 -249.482307014684 -306.012303535313 -311.913563486127 -329.805388026868 -314.927824658981 -278.715312928459 -261.376093537563 -199.530901211385 -157.067361279202 -105.409200958773 -49.3906757826093 -17.1334553782368 -12.2248893724828 -20.6816359275988 -31.5970476953697 -30.4078177566234 -29.3414395169988 -29.4599478533063 -29.884744374726 -28.9078241236487 -26.843974629359 -25.2685110234725 -25.3708780011604 -25.3375981707254 -24.5137786768142 -22.0064911950068 -19.9935655887674 -18.465388862065 -17.4661198920473 -16.8777538970571 -16.6270429841742 -16.8780673262206 -17.477012950639 -18.0516481753863 -18.4688746506978 -18.7485145890596 -18.6478599740966
-9999 -9999 -9999 -9999 -9999 -9999 -9999 -9999 -9999 -9999 -9999 -9999 -9999 -9999 -9999 -50.2761245852048 -66.1034776346648 -93.7190221901247 -154.756834853229 -241.667390853188 -367.042460540132 -371.323432127991 -449.646692740524 -441.582204193093 -397.168056291402 -458.619080310071 -356.296679446771 -357.613737693157 -254.409289321922 -97.9179220470995 -41.3144789123798 -13.7128434418934 -15.1087227286052 -29.6025880087713 -30.94805903236 -29.5724836350462 -31.5003918681992 -31.8276788686673 -30.731654161986 -28.5110824062274 -26.3738264426638 -26.7954313290902 -26.7016315195102 -25.6732557645952 -22.8305788837642 -20.8100415968619 -19.2357574154119 -18.1064775887489 -17.0417143287229 -16.1218842168561 -15.7399384626422 -16.005555313988 -16.4231539443898 -16.8685990099627 -17.4435095538434 -17.2418526091374
-9999 -9999 -9999 -9999 -9999 -9999 -9999 -9999 -9999 -9999 -9999 -9999 -9999 -9999 -9999 -48.0496599652377 -83.3392781938131 -83.353339745573 -112.444189051422 -166.316802046363 -243.928824131834 -310.112109045906 -376.672591114559 -406.401875807076 -378.177945015883 -371.450243154991 -361.48966859009 -352.946403439293 -262.933761159407 -142.659620389953 -61.3080784389033 -22.1713663665912 -8.62029238065003 -20.8263365421314 -26.2405341273656 -29.5658748051627 -31.9279833731276 -33.6125188269136 -33.9944703480373 -31.6062040303814 -30.7532993066683 -28.3633394727893 -27.3983629416281 -26.3401128767749 -24.0215525800883 -21.0871891923948 -19.8725801804088 -18.6423529179849 -17.5589773837908 -16.2450071823498 -14.7051451290384 -15.3645684270796 -15.6592316585278 -16.3935093726288 -18.0040687398665 -17.9505196563609
-9999 -9999 -9999 -9999 -9999 -9999 -9999 -9999 -9999 -9999 -9999 -9999 -9999 -9999 -9999 -9999 -105.447343216974 -104.018383174212 -97.1155221660289 -108.180318913741 -147.949498250601 -212.372112255793 -278.192726465436 -325.881537596821 -323.103702990783 -325.352459082303 -346.979712283289 -375.785989288736 -298.455985807454 -192.250353293276 -104.089115968024 -40.6785328783168 -15.5329652027828 -13.6270050758251 -16.7007256636972 -23.1418685121935 -30.3445870860204 -33.6712572643472 -34.138246444857 -31.5152386989906 -31.2957722530177 -28.3139274611219 -27.4104870914961 -26.4404693621031 -23.988936905333 -21.8421257869749 -21.2407385676666 -20.3124740746965 -19.6762504052617 -18.5075870302336 -16.5305264344499 -18.5150256304787 -18.7811175278014 -19.7147812816873 -22.1272922952508 -21.56023906407
-9999 -9999 -9999 -9999 -9999 -9999 -9999 -9999 -9999 -9999 -9999 -9999 -9999 -9999 -9999 -9999 -9999 -84.9397830540199 -131.772043193578 -104.652832104098 -99.8049429700134 -136.712161239636 -194.990523626523 -256.534598760906 -294.442687077568 -327.901765321452 -363.201604835373 -379.22203512352 -323.385793450405 -242.669782412127 -160.444302262028 -83.1634526277171 -45.8023827425198 -29.2671798221459 -13.1280621343219 -14.3022556692012 -21.2029834573687 -26.6460449123589 -31.5631669027541 -28.2968754403077 -26.7086431596249 -25.9364625197426 -25.9776168589398 -25.7044571071341 -24.6057084879331 -23.5516347760247 -23.197514609652 -23.5128891038183 -24.1162285006238 -24.6840586556698 -26.3501706443188 -26.9572691586502 -28.7522083963559 -29.3465761370147 -29.0573966647214 -28.3535474768972
-9999 -9999 -9999 -9999 -9999 -9999 -9999 -9999 -9999 -9999 -9999 -9999 -9999 -9999 -9999 -9999 -9999 -9999 -9999 -163.140042143792 -119.259061628771 -125.869810609141 -150.095630125483 -208.684805916861 -262.96755919393 -313.095733406588 -368.119906267112 -396.614650958754 -350.387811540674 -283.987981044356 -217.313014142805 -137.214056173701 -93.4654525338581 -66.8049964605972 -33.5729279322574 -13.2207351606054 -14.9028533152613 -19.7157053448638 -25.2531497419264 -24.4669164867694 -23.776219951918 -23.7987412413271 -24.26507522332 -24.5347955265812 -24.2184940487497 -24.6464520647651 -24.6015571554539 -25.8043101046106 -27.7060251218117 -30.2953713293196 -34.6339378615793 -35.4472616533456 -37.580735578861 -37.2951474929958 -35.0449164941737 -33.1678611067694
-9999 -9999 -9999 -9999 -9999 -9999 -9999 -9999 -9999 -9999 -9999 -9999 -9999 -9999 -9999 -9999 -9999 -9999 -9999 -9999 -9999 -154.017188080641 -127.422527960078 -151.502675177051 -200.635282164424 -272.319118027613 -325.565692482146 -361.407067271998 -358.021560215876 -304.43428730963 -257.479949540141 -192.418880503275 -154.601401474878 -116.868849497773 -70.862597475248 -45.7041085966574 -20.4872739744676 -11.3689729869857 -19.3790363426227 -17.5479703253139 -20.2469135175578 -22.3212487157739 -22.5759122338831 -23.6467726606749 -23.9488519395511 -24.5546293737761 -24.6738469258743 -25.2094262507052 -27.7158020918022 -31.5030380293751 -36.0231723154666 -38.5919912068557 -39.5633934369401 -39.1884816920215 -37.5593155118649 -33.6760592518859
-9999 -9999 -9999 -9999 -9999 -9999 -9999 -9999 -9999 -9999 -9999 -9999 -9999 -9999 -9999 -9999 -9999 -9999 -9999 -9999 -9999 -9999 -9999 -129.85041623668 -140.309173026322 -179.688790791791 -230.337085456459 -288.257321155643 -318.814306165989 -311.909154970461 -296.769173745638 -245.290610327605 -219.123165444593 -174.257918038618 -121.011328013271 -84.1807159910134 -47.4819852310581 -19.9380221242627 -8.50314913332073 -8.07923822523174 -11.6564092815695 -16.8278600479159 -19.6014385027348 -22.1500229105171 -23.393879867009 -23.579526478605 -23.6928027787406 -24.1232716222451 -26.4677118827175 -30.7884798315573 -35.6133170005014 -38.112206091463 -39.4914269003002 -40.0413846966703 -39.1361157917395 -36.1592614221004
-9999 -9999 -9999 -9999 -9999 -9999 -9999 -9999 -9999 -9999 -9999 -9999 -9999 -9999 -9999 -9999 -9999 -9999 -9999 -9999 -9999 -9999 -9999 -9999 -9999 -89.5283457754737 -133.801182841106 -196.434447903932 -248.880999966901 -281.583368885585 -299.250450051241 -287.454239824388 -289.65074738111 -255.765418327886 -198.461544764434 -168.342752776566 -89.4105374912955 -49.0895985746963 -22.2630568231887 -5.70198879324308 -4.43766585149967 -11.3752058472627 -15.9209131824462 -21.4578032905739 -22.233109859728 -21.8656609627621 -22.2722734244668 -22.4898746563651 -25.1811049936445 -30.0096197166736 -34.9126522832577 -37.9398434149807 -39.1432663702794 -40.261131564502 -41.3404717206655 -40.5963628838765
-9999 -9999 -9999 -9999 -9999 -9999 -9999 -9999 -9999 -9999 -9999 -9999 -9999 -9999 -9999 -9999 -9999 -9999 -9999 -9999 -9999 -9999 -9999 -9999 -9999 -108.880471425067 -109.906209359157 -135.441859477938 -183.156362790485 -231.770074792659 -273.123158703192 -297.658208497377 -321.811929670609 -295.084487537615 -240.713319483026 -200.725887536217 -131.413486268715 -76.2565676956396 -31.6160655705758 -6.34773659024362 -2.41573742691767 -5.98399828676637 -13.0451392015215 -20.9191390097189 -22.020470951888 -20.2778963917925 -20.4514286729283 -20.7973619375953 -23.8495778723605 -29.5349361090733 -34.7739168603023 -37.918377342079 -39.1432594237541 -40.5782907378842 -41.7141735849024 -41.9851556511027
-9999 -9999 -9999 -9999 -9999 -9999 -9999 -9999 -9999 -9999 -9999 -9999 -9999 -9999 -9999 -9999 -9999 -9999 -9999 -9999 -9999 -9999 -9999 -9999 -9999 -9999 -9999 -115.42149954611 -133.461672538944 -172.048632078116 -230.688096728419 -275.690009002571 -296.470233613832 -298.586731387411 -264.416467385361 -220.73623443614 -160.412718060215 -114.358336972146 -49.0494359883382 -8.42206598537139 -2.15061545533654 -2.96326616340404 -10.6615712892935 -21.8686719616931 -21.5453517649676 -19.134320149258 -20.1369292829679 -20.0344437034599 -23.2264807132978 -30.2581987216903 -36.6734980454038 -38.7724989672789 -39.0223936521084 -39.9290915588335 -41.1319316064225 -41.1733651872044
-9999 -9999 -9999 -9999 -9999 -9999 -9999 -9999 -9999 -9999 -9999 -9999 -9999 -9999 -9999 -9999 -9999 -9999 -9999 -9999 -9999 -9999 -9999 -9999 -9999 -9999 -9999 -129.580880211566 -120.544527769405 -142.157358809899 -187.265112906375 -251.707654371735 -298.972434718959 -311.783002605438 -279.300346476258 -226.924089681652 -181.310556212411 -136.937934428216 -69.240387370771 -16.7300857368455 -3.04004825827809 -3.25399289757747 -7.73410528049085 -19.4934874943784 -22.3674975888904 -20.862094217032 -22.2954834474662 -23.4698591686838 -26.7989741283659 -32.1720800586613 -37.0136917442446 -39.6622073629994 -40.3110003164521 -40.6180411325574 -39.9379762302472 -38.0450946957408
-9999 -9999 -9999 -9999 -9999 -9999 -9999 -9999 -9999 -9999 -9999 -9999 -9999 -9999 -9999 -9999 -9999 -9999 -9999 -9999 -9999 -9999 -9999 -9999 -9999 -9999 -9999 -9999 -117.948470293875 -112.810084516279 -145.569731417881 -222.281289598969 -303.997827084792 -334.060080308505 -288.68113911987 -228.795158311105 -188.703961994169 -152.096164743 -89.702122510117 -29.6208598243373 -3.92495543083133 -2.12738341011328 -6.12983532256587 -20.0027146056907 -22.8376672694235 -23.7678229867036 -26.2341278740229 -28.9016132430039 -32.1107557482258 -34.5097235767278 -37.8530549875269 -39.7405400162223 -42.2198891570702 -41.6788611458527 -38.474110145624 -34.7679953836405
-9999 -9999 -9999 -9999 -9999 -9999 -9999 -9999 -9999 -9999 -9999 -9999 -9999 -9999 -9999 -9999 -9999 -9999 -9999 -9999 -9999 -9999 -9999 -9999 -9999 -9999 -9999 -9999 -127.947762175726 -104.759190956884 -131.563368783369 -207.932581446422 -297.947734867053 -339.923392402782 -302.277360646579 -233.766318245165 -196.11902524646 -159.89081898082 -91.5995689555082 -36.3280398418529 -6.94689219225542 -1.35842572272085 -4.91896292412164 -18.4155475775285 -26.1848691170046 -26.8500319860499 -29.92206369434 -32.3023168174964 -34.7746325777459 -35.3898289078908 -36.5731653207132 -38.0152681943921 -40.8230410590918 -39.924523697699 -35.6847765749166 -29.9529774323145
-9999 -9999 -9999 -9999 -9999 -9999 -9999 -9999 -9999 -9999 -9999 -9999 -9999 -9999 -9999 -9999 -9999 -9999 -9999 -9999 -9999 -9999 -9999 -9999 -9999 -9999 -9999 -9999 -133.21754854194 -98.0845474477255 -116.256714330666 -200.52584990996 -300.690394960432 -352.968501324963 -308.157828652321 -236.188034110672 -200.287235998544 -154.751530886416 -90.2641562638973 -41.2831096776427 -10.1168544732467 -1.02599053401854 -5.37351433314346 -19.3409283567514 -28.3972600783565 -33.8163363072686 -32.9162868448714 -34.1463663810754 -35.6318156065499 -34.6894510986164 -34.0184416850174 -35.6812439617516 -38.6958983739825 -36.6044005906861 -30.6424293121502 -25.1344193847384
-9999 -9999 -9999 -9999 -9999 -9999 -9999 -9999 -9999 -9999 -9999 -9999 -9999 -9999 -9999 -9999 -9999 -9999 -9999 -9999 -9999 -9999 -9999 -9999 -9999 -9999 -9999 -9999 -133.264003048875 -101.050231708671 -125.159544647524 -205.765303528176 -306.71050520701 -358.94508273818 -327.92262656417 -262.287241988733 -208.66329721354 -148.731361089354 -82.5364434594888 -35.4337359785946 -8.16408042089071 -2.01339802343032 -6.69284189895098 -21.201593457517 -30.9955150033978 -34.2677882293149 -35.6271514632457 -33.9226325259701 -33.2994038102974 -32.265574286819 -31.821690792826 -32.3319044390166 -32.3913445568489 -29.2530499199518 -23.861194536889 -19.204567024981
-9999 -9999 -9999 -9999 -9999 -9999 -9999 -9999 -9999 -9999 -9999 -9999 -9999 -9999 -9999 -9999 -9999 -9999 -9999 -9999 -9999 -9999 -9999 -9999 -9999 -9999 -9999 -9999 -132.184778116549 -106.133786388399 -132.183630679056 -221.510864384457 -319.641327451819 -367.466253005217 -337.052321710758 -289.138312704847 -208.702339889897 -140.284588898498 -74.8908395734549 -29.9908744125839 -6.21427655425184 -3.9172558631682 -8.75074325495751 -24.5036736343495 -32.0416649188609 -36.0456286386085 -36.1641994964877 -34.1727557904683 -31.6429711105852 -29.3600580950067 -29.3307666180805 -28.0508587287206 -26.3240873175275 -22.8269328417434 -18.0327459715635 -14.193267991972
