meets/meet004/_saidas_enm/CCSM_Gower_0k_Cavanillesia_umbellata3.asc
NCOLS 154 
NROWS 168 
XLLCORNER -112 
YLLCORNER -55.5 
CELLSIZE 0.5 
NODATA_value -9999 
[rows 78 to 103 of 168, columns 59 to 117 of 154]
-9999 -9999 -9999 -9999 -9999 -9999 -9999 -9999 -9999 0.482784258951405 0.321217389015835 0.202556139193101 0.116911418023982 0.0794363834859668 0.141878566389701 0.257266172577819 0.42039724674864 0.653721913425388 0.656918491561163 0.607032099254587 0.566870921290379 0.551226768060857 0.538017424965126 0.542059502017568 0.547246192213649 0.54860426634392 0.547758259484012 0.542967674242595 0.548257707716585 0.549509781929412 0.550412906539322 0.552692170428341 0.551361459685279 0.548174687731117 0.544384460106589 0.549532629029412 0.561089675166375 0.578403957237593 0.605359520040897 0.634581423153824 0.642636752719754 0.62928487119356 0.610307088920266 0.600437745403517 0.589161687494441 0.583975476789399 0.588119960816306 0.593138703876646 0.585811531128944 0.578697222163948 0.577372484540101 0.57925290907962 0.581821483173866 0.570425071933047 0.558002251620088 0.546984590146622 0.536295869175273 0.526527991598921 0.518602639815243
-9999 -9999 -9999 -9999 -9999 -9999 -9999 -9999 -9999 -9999 0.467998922404211 0.253136788198614 0.0405231472144648 0 0 0 0.055766249308144 0.291367565062333 0.567854038531339 0.630567363929062 0.57388790329407 0.552010609555647 0.541422572689062 0.547602049079357 0.550029154958496 0.549850628781747 0.550173543317222 0.543741951835059 0.545213065977543 0.543011641626898 0.541006941433817 0.540248205182632 0.533476696671971 0.532968481528933 0.529078762753821 0.532206291646353 0.539052451727946 0.552688849628922 0.583517844711067 0.612875143565887 0.625423270680062 0.622693278735698 0.608646346871593 0.588457764412458 0.566316082123502 0.556038872082508 0.56029255047391 0.565378022703708 0.562550029918742 0.556160413341232 0.554167933690012 0.554927466933057 0.557355768299987 0.564195286782743 0.568886115209623 0.565881323063606 0.550901993877708 0.550223355308502 0.556052451667828
-9999 -9999 -9999 -9999 -9999 -9999 -9999 -9999 -9999 -9999 0.572737596194356 0.313991302257339 0 0 0 0 0 0 0.260749673122052 0.450561659781676 0.500475529922407 0.558153218614558 0.5595528091954 0.56980079620151 0.564182402080999 0.555137208624342 0.559369368235511 0.551989622103321 0.554881241405148 0.550957251980035 0.545283998253127 0.539539148090751 0.523207987877488 0.532517516967874 0.52864174555032 0.528035234744488 0.526867641668873 0.524614944175203 0.55446494599002 0.588440501655155 0.602979717464566 0.610063145694805 0.613654932065484 0.577680256230227 0.541824522250701 0.527052012452599 0.530598626231772 0.537400818929061 0.535696584667384 0.533985044646986 0.534224275037109 0.536054832508674 0.534543470277235 0.541211502678009 0.542578078054793 0.541177497691961 0.529285582141617 0.527934415274137 0.560744843354737
-9999 -9999 -9999 -9999 -9999 -9999 -9999 -9999 -9999 -9999 -9999 0.459502798980004 0.164844355532519 0 0 0 0 0 0 0.0698624011136593 0.070217169348011 0.198330733278921 0.348429082343709 0.493427169252671 0.586489561694874 0.561704687218718 0.578096684477332 0.581324526350808 0.588258932222223 0.579447091070734 0.571394912754463 0.563388996683883 0.554882968220846 0.561621800065227 0.563603254662377 0.559241849537833 0.547250044340974 0.533802932006864 0.544307151896122 0.558392521878506 0.57007323458582 0.586279572698527 0.584020970121533 0.560831848299507 0.526378155834557 0.510219013031182 0.510833228091665 0.511913550558557 0.514785776391779 0.513509128263254 0.517749656288958 0.528882569924164 0.530861367881779 0.527901738607856 0.516179715155773 0.515394678173192 0.518897324568061 0.52999211542594 0.564836466734506
-9999 -9999 -9999 -9999 -9999 -9999 -9999 -9999 -9999 -9999 -9999 0.567964044224103 0.428901925470413 0.0482427425655253 0 0 0 0 0 0 0 0 0 0.106698521983673 0.34874551931162 0.513750788167595 0.625679050491821 0.633229857790412 0.618129868572562 0.613893993985783 0.607380380377881 0.599281761626682 0.592252093629244 0.607139365935517 0.615440269428412 0.609697291872928 0.59129717750762 0.554183873527221 0.556499400545893 0.542003845419311 0.540690137169273 0.558136554659312 0.561774556838487 0.546297506235714 0.516916401298818 0.504615097596136 0.507395005205519 0.497985984964549 0.508509731154389 0.50502913486766 0.508487946710202 0.525402239301389 0.537122137441844 0.522312700354206 0.500314795180896 0.506102948567691 0.52759768621308 0.54064776376869 0.592320772080962
-9999 -9999 -9999 -9999 -9999 -9999 -9999 -9999 -9999 -9999 -9999 -9999 0.582186479013649 0.239845109719475 0 0 0 0 0 0 0 0 0 0 0 0 0.295952921444418 0.558479874400809 0.660217866153955 0.635368028201691 0.620729163571219 0.62936663305502 0.630352382332519 0.629496075652559 0.625459816966995 0.630395103978696 0.642441109195609 0.65255040164039 0.605537321581415 0.546683914456074 0.520557989941365 0.531688778264943 0.543289658954232 0.538235136575016 0.5262693664456 0.524306109829264 0.531301174556792 0.533508576346391 0.531764359659712 0.522149051358853 0.521768222081516 0.529272033279989 0.52683058154736 0.527278623804931 0.522195808214668 0.538226635328504 0.571216253745737 0.606075119377616 0.621756290539646
-9999 -9999 -9999 -9999 -9999 -9999 -9999 -9999 -9999 -9999 -9999 -9999 0.492558083777977 0.398327787265713 0 0 0 0 0 0 0 0 0 0 0 0 0.038180131594471 0.352850106878149 0.595112188427403 0.63767521920387 0.610923109631684 0.627483913654115 0.627251877598754 0.61582777213475 0.606693397005343 0.597238609529606 0.587148243879159 0.597435728704074 0.658360356290303 0.555101476822597 0.50108986976522 0.509954544565477 0.53097733019748 0.535032690447598 0.540287789111703 0.548802584485205 0.561619143425692 0.574643053081883 0.569086558662536 0.555440995355165 0.553363503238826 0.5541594324435 0.542604777282119 0.55955891946633 0.5653489325008 0.587390454079614 0.623653849386918 0.622515917432037 0.621673850634349
-9999 -9999 -9999 -9999 -9999 -9999 -9999 -9999 -9999 -9999 -9999 -9999 0.406746854895777 0.518294803851515 0.232106776804301 0 0 0 0 0 0 0 0 0 0 0 0 0.236586678979456 0.467708057554422 0.629486591129371 0.573967203984189 0.589886474916187 0.619436105833859 0.639593561577369 0.604121478955204 0.575233401611037 0.551921998098156 0.546583291331103 0.628283193127529 0.555680092913311 0.490858752420157 0.486878043740972 0.510784478756199 0.533853408158029 0.554680266624329 0.573913805529536 0.589110644377522 0.596930300858463 0.601992511293309 0.603307834045829 0.604978412140389 0.605419316029129 0.612600326085278 0.617174109021882 0.626653300198324 0.625377638235301 0.623960402425428 0.622741556616699 0.621822289504255
-9999 -9999 -9999 -9999 -9999 -9999 -9999 -9999 -9999 -9999 -9999 -9999 -9999 0.550369027709669 0.459756427905754 0.229667052268979 0 0 0 0 0 0 0 0 0 0 0 0 0.339487495056187 0.528034219442157 0.575325543778414 0.570429091451528 0.571602263470167 0.591806118366823 0.638716268825602 0.604711150097838 0.579695003001963 0.553048500452624 0.650184782316555 0.528494302056129 0.477593885558146 0.482959898922836 0.507867355714835 0.547366537984582 0.579095995637429 0.6036088766624 0.620737827887881 0.626324481645559 0.632677484114617 0.639309084915914 0.63755390337027 0.633948590257176 0.631418151813849 0.629612799821999 0.627502135950705 0.626253611643561 0.624790587664796 0.623496063175825 0.622963838929866
-9999 -9999 -9999 -9999 -9999 -9999 -9999 -9999 -9999 -9999 -9999 -9999 -9999 -9999 0.568132491369641 0.478158516498849 0.296893950622975 0.0825264888716487 0 0 0 0 0 0 0 0 0 0 0.0601413768406898 0.302621254652117 0.430976515032096 0.606038753654161 0.550461921538742 0.560501096677404 0.578851950898099 0.592391313420159 0.614044460217396 0.589293828312936 0.564660597197292 0.511843680938787 0.493466376955698 0.511734758717854 0.544471332219382 0.576713505103454 0.610364322223288 0.636306392163091 0.653590277310329 0.651267907167925 0.645668658764386 0.640956143425637 0.638009070851899 0.634784780321279 0.632364157953682 0.630353274879121 0.62876504842745 0.627597391596324 0.626016461923219 0.624919968559328 0.623989637021757
-9999 -9999 -9999 -9999 -9999 -9999 -9999 -9999 -9999 -9999 -9999 -9999 -9999 -9999 -9999 -9999 0.453809150278585 0.41694072829673 0.152957900674028 0 0 0 0 0 0 0 0 0 0 0.0707557384715549 0.205911069024573 0.393261532484784 0.588935429794877 0.572285019830652 0.544642818301364 0.532974060471957 0.536583238112177 0.502690362253057 0.524633142156018 0.519707068298317 0.524465242537408 0.552902841943463 0.575474448424349 0.596514504373199 0.624784429867012 0.648628090433909 0.660395460820739 0.654015245887686 0.648587052171519 0.643124854672184 0.639670788496171 0.636563314885123 0.634360557894514 0.632777307121448 0.631027672571017 0.630022017916566 0.628531116445113 0.627648168694628 0.627207340796301
-9999 -9999 -9999 -9999 -9999 -9999 -9999 -9999 -9999 -9999 -9999 -9999 -9999 -9999 -9999 -9999 -9999 -9999 0.41541984591906 0.258047529001328 0.0185928895523469 0 0 0 0 0 0 0 0 0 0.043100520133358 0.181129047929303 0.319591732869139 0.499120367390289 0.573876745408023 0.531230773609116 0.549558664096855 0.568443784727052 0.567608537257261 0.571380832564928 0.584199987668603 0.589770851700003 0.598709979363194 0.61046756182746 0.617048049316079 0.634104569316515 0.662845819381612 0.648991574233844 0.637651225681424 0.637656097448093 0.633011809240874 0.639053923606463 0.636781977519091 0.635280588032683 0.634145031285232 0.63307886460514 0.631645040991449 0.630749120699409 0.630439895414511
-9999 -9999 -9999 -9999 -9999 -9999 -9999 -9999 -9999 -9999 -9999 -9999 -9999 -9999 -9999 -9999 -9999 -9999 -9999 -9999 0.33876921493593 0.10119819044671 0 0 0 0 0 0 0 0 0 0 0.144709851791077 0.310392510119237 0.501777589239221 0.622774308401383 0.617060862742128 0.625942397484019 0.623233639217109 0.632570557613139 0.635116894770529 0.633345175385056 0.632352269318081 0.633361238334829 0.633164766882002 0.64378153757302 0.664628132927183 0.646918075389109 0.637388899783843 0.62771699597559 0.618385404897782 0.624911343801218 0.632110965453199 0.639352239109336 0.637753345706459 0.636957957090302 0.636652594416092 0.636117482598106 0.636082030059872
-9999 -9999 -9999 -9999 -9999 -9999 -9999 -9999 -9999 -9999 -9999 -9999 -9999 -9999 -9999 -9999 -9999 -9999 -9999 -9999 -9999 -9999 0.391600471613216 0.0186463852978893 0 0 0 0 0 0 0 0 0 0.102441240449961 0.304552247597682 0.469362622803881 0.668968255777209 0.648435597460776 0.649090819804357 0.675469722278815 0.681639609928285 0.674119479835497 0.672002769887975 0.665408958164159 0.670951955558747 0.672055951275738 0.674339188838876 0.642869637286871 0.634352290143704 0.613604044459173 0.605721346786015 0.624043813841338 0.636539338626963 0.640571944437292 0.634569675623392 0.642207256057381 0.641177180162801 0.641574614467923 0.638172373519547
-9999 -9999 -9999 -9999 -9999 -9999 -9999 -9999 -9999 -9999 -9999 -9999 -9999 -9999 -9999 -9999 -9999 -9999 -9999 -9999 -9999 -9999 0.45130987887154 0.331695405161884 0.00778019080534653 0 0 0 0 0 0 0 0 0 0.0278944037536405 0.308527730952783 0.570828073847616 0.643848906063862 0.64924172772929 0.693827440564911 0.706238392735989 0.699666297969107 0.69167374177157 0.680770655534442 0.679306158152295 0.674902543777253 0.670876775899712 0.646476618378608 0.634941024408131 0.609370854590233 0.606069749941938 0.62528649449895 0.626987490569121 0.645426003158797 0.636152235794368 0.642007660477875 0.64906870581094 0.637772594090296 0.634726211519405
-9999 -9999 -9999 -9999 -9999 -9999 -9999 -9999 -9999 -9999 -9999 -9999 -9999 -9999 -9999 -9999 -9999 -9999 -9999 -9999 -9999 -9999 -9999 -9999 0.331447955062154 0.0647050042682115 0 0 0 0 0 0 0 0 0 0.0681677998040993 0.358647247743787 0.593232717598076 0.63009134920107 0.697397139029733 0.685778284354171 0.698595152958689 0.695047113494824 0.685964916073262 0.667643030022846 0.655698397456689 0.651274511626073 0.640292640907647 0.627570190722849 0.611051365924811 0.613496411680355 0.623861690123804 0.632485279255492 0.649064687542785 0.644397563684113 0.646377981543884 0.65542723437738 0.644818785680846 0.646637105711255
-9999 -9999 -9999 -9999 -9999 -9999 -9999 -9999 -9999 -9999 -9999 -9999 -9999 -9999 -9999 -9999 -9999 -9999 -9999 -9999 -9999 -9999 -9999 -9999 0.387092156925016 0.277974894921073 0 0 0 0 0 0 0 0 0 0 0.223734364719547 0.508593096412008 0.601091370523572 0.649235959797682 0.676701742102957 0.691630025626635 0.700461170997575 0.689648294951616 0.667668883661247 0.650824730673522 0.636104526436085 0.628932074862991 0.61997626882935 0.614005169273486 0.617964603946187 0.629663027348805 0.650917608449011 0.64592186569397 0.636841504161518 0.639774191222791 0.653772496863993 0.665171759501395 0.663919437041639
-9999 -9999 -9999 -9999 -9999 -9999 -9999 -9999 -9999 -9999 -9999 -9999 -9999 -9999 -9999 -9999 -9999 -9999 -9999 -9999 -9999 -9999 -9999 -9999 -9999 0.423021762512285 0.132972321103369 0 0 0 0 0 0 0 0 0 0.130739365588033 0.42004808366674 0.562815428208285 0.570811514712586 0.59999934588351 0.656923906354101 0.67731190338539 0.671887753325983 0.663628609816291 0.649768808393248 0.632426950047252 0.617889653689735 0.608235685907478 0.596876787166586 0.609156449807986 0.640076803355841 0.656341345261671 0.635230654019299 0.61791545724333 0.622099712028023 0.650483716431297 0.673486722474406 0.671256586512381
-9999 -9999 -9999 -9999 -9999 -9999 -9999 -9999 -9999 -9999 -9999 -9999 -9999 -9999 -9999 -9999 -9999 -9999 -9999 -9999 -9999 -9999 -9999 -9999 -9999 0.391403706630245 0.226460867673618 0 0 0 0 0 0 0 0 0 0.0995059073438515 0.37751969946763 0.519680501902968 0.522974203598412 0.543351160159466 0.580111756363947 0.624177439570142 0.649951312267708 0.624958961878257 0.611706632283755 0.620421848103955 0.621398390508902 0.6123182263764 0.599099811772942 0.618300943222014 0.66124556641241 0.653007598505009 0.617267952113618 0.591292458192674 0.59655921367269 0.635420052979316 0.67155498033514 0.677854897530628
-9999 -9999 -9999 -9999 -9999 -9999 -9999 -9999 -9999 -9999 -9999 -9999 -9999 -9999 -9999 -9999 -9999 -9999 -9999 -9999 -9999 -9999 -9999 -9999 -9999 0.350607420252812 0.281577514578171 0 0 0 0 0 0 0 0 0 0.0806735311565223 0.346196887416697 0.478502854775032 0.483605329497854 0.492157849152753 0.499710144022739 0.500475787536714 0.599352302965879 0.602541902300485 0.588386796867023 0.617299607795819 0.600535112322408 0.625766925642806 0.610559893360044 0.639295446932332 0.673441048613768 0.649005124820463 0.605776139436456 0.561465323996618 0.565885440854885 0.620992876082585 0.667528956513058 0.669767337311478
-9999 -9999 -9999 -9999 -9999 -9999 -9999 -9999 -9999 -9999 -9999 -9999 -9999 -9999 -9999 -9999 -9999 -9999 -9999 -9999 -9999 -9999 -9999 -9999 -9999 0.352271760495085 0.262082757120865 0 0 0 0 0 0 0 0 0 0.115681109564328 0.375526136899456 0.444308450328694 0.453266638840581 0.45495652724877 0.446056386310722 0.457441149373842 0.525774434500237 0.603265732788808 0.618648337660667 0.627390348197549 0.639373582574683 0.643112850869057 0.650134753020373 0.670765877398149 0.656854338036133 0.63523029440102 0.599560573786007 0.570144034029427 0.572038218017854 0.606916290289623 0.642643465594287 0.651832353011611
-9999 -9999 -9999 -9999 -9999 -9999 -9999 -9999 -9999 -9999 -9999 -9999 -9999 -9999 -9999 -9999 -9999 -9999 -9999 -9999 -9999 -9999 -9999 -9999 -9999 0.341828324167878 0.219338063739554 0 0 0 0 0 0 0 0 0 0.150761951847815 0.401430508516208 0.42288703593447 0.43728137309477 0.436526356138934 0.416538198773821 0.411918568286478 0.476968512611616 0.53679470661916 0.591744270502528 0.648357120312981 0.646544635736338 0.671681980664128 0.654306442532868 0.644517436443617 0.633163328408888 0.622868639623635 0.595648510080562 0.574743872552235 0.572696134798687 0.59210492551842 0.617959388989786 0.616576881335336
-9999 -9999 -9999 -9999 -9999 -9999 -9999 -9999 -9999 -9999 -9999 -9999 -9999 -9999 -9999 -9999 -9999 -9999 -9999 -9999 -9999 -9999 -9999 -9999 -9999 0.346483201814186 0.16444299690922 0 0 0 0 0 0 0 0 0 0.203795722746991 0.431624723364955 0.423339992975181 0.433114832480115 0.429037687785811 0.409388384793382 0.415259292501691 0.48532311262116 0.576176996749369 0.623503331327298 0.631349174066549 0.625528096708411 0.630453604680292 0.627738595750931 0.62143439013447 0.61356987532304 0.601785854975663 0.582952647889809 0.563707660596101 0.556250871917397 0.562659616299559 0.567982592103783 0.564559644894963
-9999 -9999 -9999 -9999 -9999 -9999 -9999 -9999 -9999 -9999 -9999 -9999 -9999 -9999 -9999 -9999 -9999 -9999 -9999 -9999 -9999 -9999 -9999 -9999 -9999 0.328815902143672 0.120466121311844 0 0 0 0 0 0 0 0 0.0370415204266435 0.249115238500879 0.439872792129148 0.432909075748132 0.442936428840864 0.436185509286599 0.411040017592267 0.411402117560882 0.499415788362265 0.610087308155356 0.646446309016801 0.609864964705236 0.566632222228163 0.5916764613983 0.602475123342813 0.602642659023405 0.599014002599732 0.583835783987055 0.56801008832297 0.550852846046311 0.538603081150608 0.534838224433638 0.524311821604264 0.516139865562749
-9999 -9999 -9999 -9999 -9999 -9999 -9999 -9999 -9999 -9999 -9999 -9999 -9999 -9999 -9999 -9999 -9999 -9999 -9999 -9999 -9999 -9999 -9999 -9999 0.369434325260756 0.327970995299837 0.101626156411049 0 0 0 0 0 0 0 0 0.10586122065185 0.314218358118081 0.456676701347657 0.445185274207208 0.461768416680362 0.452287800003925 0.414339032566781 0.41745606773315 0.486343926362468 0.575480293031326 0.610059362683304 0.59457747397276 0.575452265484232 0.57842451919562 0.593107034789507 0.593320645887074 0.582648587935489 0.568350935175306 0.556714854012178 0.544807928448462 0.533215947501615 0.524232122418215 0.508082676349144 0.49495595474295
-9999 -9999 -9999 -9999 -9999 -9999 -9999 -9999 -9999 -9999 -9999 -9999 -9999 -9999 -9999 -9999 -9999 -9999 -9999 -9999 -9999 -9999 -9999 -9999 0.370831532469426 0.347970129653551 0.0865746459104241 0 0 0 0 0 0 0 0 0.169360483235015 0.359493152790596 0.449405744604423 0.442545371501318 0.458930195833187 0.44672798478516 0.403836672325198 0.399261540550066 0.456219759347644 0.53347430569639 0.571137617215502 0.568923175331136 0.564406888121703 0.566599678393859 0.576852048855202 0.574783323649329 0.558994250733174 0.549296719438708 0.54618778702292 0.544105512955418 0.537796126891864 0.527923124556113 0.510358885102698 0.501208621552433
