meets/meet004/_saidas_enm/CCSM_Maha_21k_Cavanillesia_umbellata1.asc
NCOLS 154 
NROWS 168 
XLLCORNER -112 
YLLCORNER -55.5 
CELLSIZE 0.5 
NODATA_value -9999 
[rows 100 to 124 of 168, columns 56 to 111 of 154]
-9999 -9999 -9999 -9999 -9999 -9999 -9999 -9999 -9999 -9999 -9999 -9999 -9999 -9999 -9999 -9999 -9999 -9999 -9999 -9999 -9999 -9999 -9999 -9999 -9999 -9999 -9999 -9999 -58.4955951407413 -43.7185526059038 -63.218788990283 -105.255483454424 -140.902715600561 -156.219134780849 -143.498802257411 -114.190589644474 -83.1734309079693 -54.0152144852661 -24.5860325984877 -17.4395577379384 -24.5449374128148 -21.5177993723671 -15.6368494311311 -13.8201674141638 -14.7745801748908 -13.7048809926117 -9.36851863970439 -5.34109007635961 -3.37408293591891 -2.49515046745215 -1.82129590142029 -1.35200950846534 -1.38320142434225 -1.91230739901548 -2.16986238260538 -1.68825857713851
-9999 -9999 -9999 -9999 -9999 -9999 -9999 -9999 -9999 -9999 -9999 -9999 -9999 -9999 -9999 -9999 -9999 -9999 -9999 -9999 -9999 -9999 -9999 -9999 -9999 -9999 -9999 -9999 -58.2605952966722 -44.3011661714235 -72.7137937949941 -108.984225104857 -136.040206261068 -146.936615793841 -133.367554669363 -109.572812448889 -76.19188262672 -46.9784153723653 -20.9541241775664 -18.6584898397846 -26.7751433561521 -23.1825761371349 -18.048926070709 -16.8614668823051 -17.5654747568297 -16.7170536831292 -11.875137866639 -8.06604979992258 -5.8795565499233 -4.30322440421609 -3.0469562933586 -2.12569665175084 -1.87326244459485 -2.07319278784051 -2.84241634386678 -2.71189832053296
-9999 -9999 -9999 -9999 -9999 -9999 -9999 -9999 -9999 -9999 -9999 -9999 -9999 -9999 -9999 -9999 -9999 -9999 -9999 -9999 -9999 -9999 -9999 -9999 -9999 -9999 -9999 -77.863643836654 -61.2200820320388 -44.5807242051424 -70.076094641062 -107.238058923147 -128.338085016792 -134.837588596137 -123.664663186225 -98.430334082997 -69.2109890725397 -39.5554194200233 -17.6236157412526 -18.9879362715509 -26.8473789293124 -25.0702713392132 -20.2921081800955 -19.1890059561169 -20.234624106078 -19.2724969804393 -14.7530673077836 -10.8222491667673 -8.27825583979652 -6.89909084144525 -5.53013275274616 -4.22395052061187 -3.14362306957794 -2.87078308922287 -3.29217292130934 -4.30439991582213
-9999 -9999 -9999 -9999 -9999 -9999 -9999 -9999 -9999 -9999 -9999 -9999 -9999 -9999 -9999 -9999 -9999 -9999 -9999 -9999 -9999 -9999 -9999 -9999 -9999 -9999 -9999 -80.6552872844968 -59.7358057610472 -42.8845472398636 -72.1086158132056 -107.307382583247 -124.368130055297 -128.279156135672 -116.443002838368 -93.1815801803095 -61.8602986803587 -32.205865481542 -15.6164652897565 -21.1564422015303 -28.8551376733528 -26.7238629593156 -22.611834674857 -21.8250725361718 -22.8945494349185 -22.5160928344353 -18.3385797801165 -14.1202469995164 -11.5005054069887 -10.4973106607165 -9.19695986490292 -7.5444502818723 -6.23811620161339 -5.28369259141543 -5.06889512396462 -5.43697722565104
-9999 -9999 -9999 -9999 -9999 -9999 -9999 -9999 -9999 -9999 -9999 -9999 -9999 -9999 -9999 -9999 -9999 -9999 -9999 -9999 -9999 -9999 -9999 -9999 -9999 -9999 -9999 -77.7663270129665 -54.0983022598303 -45.128513082812 -76.9873435397305 -112.206577667374 -127.748068660491 -127.192738478229 -113.169762764575 -87.818417588287 -55.8540468371978 -26.2715257816075 -16.5402510178979 -23.6353447497629 -29.1171059848193 -29.0732478352458 -25.5683249008728 -24.6699083552486 -25.8747407864767 -25.9796825426512 -22.1552193474612 -18.559229394692 -15.7350579313642 -14.6536622783507 -13.9824986036894 -12.0879839945108 -10.761533619479 -9.58762734635694 -8.5850097573561 -8.47363152368331
-9999 -9999 -9999 -9999 -9999 -9999 -9999 -9999 -9999 -9999 -9999 -9999 -9999 -9999 -9999 -9999 -9999 -9999 -9999 -9999 -9999 -9999 -9999 -9999 -9999 -9999 -9999 -72.4322088597198 -48.017085844927 -48.1319448042276 -88.6340605128283 -123.946549202106 -136.698385681848 -132.657182627227 -114.054929664584 -86.9091546688564 -51.2279964762434 -22.8647193194523 -18.434461208373 -25.6671379752987 -30.8173511378542 -31.0941882405867 -28.3826931091163 -27.0627754974971 -27.4923957228518 -27.5035949410373 -24.2556005138168 -21.9671770599205 -19.8266042447312 -19.0676685061223 -18.5514457054464 -16.8327541492208 -15.7563111148162 -14.4356780758102 -12.8773484353364 -11.8971443810019
-9999 -9999 -9999 -9999 -9999 -9999 -9999 -9999 -9999 -9999 -9999 -9999 -9999 -9999 -9999 -9999 -9999 -9999 -9999 -9999 -9999 -9999 -9999 -9999 -9999 -9999 -9999 -60.7603083965227 -43.6293263595334 -57.0604215764661 -106.110094568807 -140.280821793897 -150.829575298021 -141.183885893208 -117.183409694378 -87.8904136634689 -48.0307274086565 -20.8696238007415 -20.0751927058336 -26.4502100491828 -32.9303052390177 -33.5628120968646 -30.7691734017128 -28.9687261695559 -28.2619742270507 -26.752629224903 -25.7005049489922 -24.4002129924211 -22.8063762466456 -22.2192411290693 -20.7770512114465 -20.2046940920519 -19.8471450192347 -18.0834566879919 -16.5065838388228 -15.06366706973
-9999 -9999 -9999 -9999 -9999 -9999 -9999 -9999 -9999 -9999 -9999 -9999 -9999 -9999 -9999 -9999 -9999 -9999 -9999 -9999 -9999 -9999 -9999 -9999 -9999 -9999 -9999 -49.5581558733337 -42.2025696214356 -68.205380071242 -122.691151779952 -155.624734866333 -161.257520257964 -146.514191298622 -119.400915012285 -88.1902561869599 -45.9680429166931 -20.3655130773855 -22.525092999568 -27.390585111893 -34.9162102986129 -36.6668903890487 -34.6742742338364 -32.6983068593535 -31.3278396146533 -29.3528882584514 -28.6252443331256 -27.8471544661418 -26.535414892528 -25.6335039387998 -24.8397529588326 -24.6758815005213 -24.3474816180106 -22.7524097366158 -20.5820264650306 -19.1310337142424
-9999 -9999 -9999 -9999 -9999 -9999 -9999 -9999 -9999 -9999 -9999 -9999 -9999 -9999 -9999 -9999 -9999 -9999 -9999 -9999 -9999 -9999 -9999 -9999 -9999 -9999 -9999 -40.9465705252247 -42.9391255767733 -79.4161743045134 -138.362499038007 -163.418181297985 -165.967504794962 -146.024445101474 -116.520826064188 -88.1773266644017 -43.0234257833249 -20.7242324309936 -23.1083130833248 -29.7913828543374 -37.9188499639353 -40.5162879996538 -39.7518662433669 -37.9175869863566 -37.0478830059483 -35.896958213391 -33.6149223843947 -33.3422666874894 -31.5846029581281 -30.9782115237021 -30.5118468687129 -29.8572135342074 -30.0082780290161 -28.0240111746326 -25.5780357054547 -23.8278784256802
-9999 -9999 -9999 -9999 -9999 -9999 -9999 -9999 -9999 -9999 -9999 -9999 -9999 -9999 -9999 -9999 -9999 -9999 -9999 -9999 -9999 -9999 -9999 -9999 -9999 -9999 -9999 -38.6908707700403 -47.1730900069978 -84.6566988953137 -134.339109218138 -155.478878218986 -150.597935578984 -129.106182594513 -103.612675407122 -75.8525232596085 -37.0004105616215 -21.8737171108245 -24.4258391841918 -31.1275495809593 -39.647334601434 -43.7976902409724 -43.5118780647211 -42.2929177948542 -41.6871482728747 -41.2286436938709 -40.0372678666295 -39.0411539275098 -37.3064443347242 -36.5974800405425 -36.3759855552037 -35.807662172189 -35.5693648758431 -33.4862158663077 -31.0558154533897 -29.2979634795393
-9999 -9999 -9999 -9999 -9999 -9999 -9999 -9999 -9999 -9999 -9999 -9999 -9999 -9999 -9999 -9999 -9999 -9999 -9999 -9999 -9999 -9999 -9999 -9999 -9999 -9999 -43.8316637621095 -38.4973471239714 -51.5277691749978 -87.5430449516436 -127.384477054221 -137.075564911324 -127.147029904875 -105.360270713519 -83.7929186513948 -62.6612977122438 -30.6205218857692 -24.969257846854 -27.5007843085522 -34.3596488026361 -43.6416206410193 -47.0143787910795 -46.5477200013024 -45.7336606501892 -46.1116442715822 -45.288968909381 -44.6294187844496 -44.5956385409909 -43.1457822806373 -42.7084573848243 -41.9920905715033 -40.8717270375839 -41.056042584274 -38.7839698322872 -36.7113419167667 -35.4952698061124
-9999 -9999 -9999 -9999 -9999 -9999 -9999 -9999 -9999 -9999 -9999 -9999 -9999 -9999 -9999 -9999 -9999 -9999 -9999 -9999 -9999 -9999 -9999 -9999 -9999 -9999 -39.6027830836936 -43.2804533014112 -62.03236193462 -92.8666854260983 -115.780321595841 -117.743595741481 -102.727559748212 -81.6350578045211 -61.046397679917 -40.4027012044798 -25.8815194300489 -29.7778011367714 -33.2531707632935 -40.2695443728606 -47.562043888713 -51.2522438975942 -51.4358392861716 -51.2327362764249 -51.4246070533512 -51.1643799226414 -50.3249073270556 -49.7324310734983 -48.0364455089286 -47.4292595782491 -47.1283252003668 -46.2080325681208 -45.5743133840706 -43.4542825272592 -42.546023800408 -41.741105840551
-9999 -9999 -9999 -9999 -9999 -9999 -9999 -9999 -9999 -9999 -9999 -9999 -9999 -9999 -9999 -9999 -9999 -9999 -9999 -9999 -9999 -9999 -9999 -9999 -9999 -9999 -38.2974114625417 -55.814537539358 -83.0973238002135 -103.407494165909 -114.66715027195 -99.0917216953307 -82.0414409360813 -62.5245444669977 -41.3323120112774 -27.4631964978015 -27.7009473195195 -36.5939187361524 -42.3139041527193 -47.3908492113117 -52.9909423471439 -54.6234793039001 -55.5245173728123 -55.5393406827336 -55.8184517971146 -56.9817850576437 -54.7155028742979 -53.9812008218373 -52.6357480294653 -52.7329423005747 -52.1561711066371 -51.1251783715364 -50.3007309854181 -48.6869135369307 -48.7780846748573 -48.195659997057
-9999 -9999 -9999 -9999 -9999 -9999 -9999 -9999 -9999 -9999 -9999 -9999 -9999 -9999 -9999 -9999 -9999 -9999 -9999 -9999 -9999 -9999 -9999 -9999 -9999 -9999 -41.2124270583288 -81.4173473676116 -112.841907542336 -116.163793480782 -103.529487313607 -80.8508560884722 -58.2922328384334 -41.6804614710046 -30.0600849788197 -29.2057392856174 -36.4193438935226 -42.7929603233629 -49.2303652161322 -53.2829529443155 -55.3165770960446 -56.9147530540504 -57.8459614949851 -57.5231234806736 -57.0155773503084 -56.6089900271958 -57.0896662609873 -58.2454477035505 -57.6999925659726 -57.9454371870304 -57.7578082602043 -57.0523901294806 -56.3548980607044 -54.7539828940449 -54.8412470173799 -54.8902989544498
-9999 -9999 -9999 -9999 -9999 -9999 -9999 -9999 -9999 -9999 -9999 -9999 -9999 -9999 -9999 -9999 -9999 -9999 -9999 -9999 -9999 -9999 -9999 -9999 -9999 -21.8806919727884 -51.3951631222524 -116.108381278724 -147.353527847624 -123.212800104835 -96.1227856315996 -66.7669045893448 -41.8088453593615 -29.7827599008465 -31.1017090338194 -41.6636999692182 -44.4365403631342 -50.2870277758299 -56.3826434840664 -57.6862901388047 -57.1043353091848 -59.0224285958753 -59.6834665660489 -58.7926835940779 -57.7975339126884 -55.3031339912084 -57.9989256053821 -62.1366062925644 -63.3351244262227 -64.5787115539862 -63.7527403779796 -62.5970280261882 -63.068332663258 -61.9561477008845 -62.270891221298 -61.7038599133134
-9999 -9999 -9999 -9999 -9999 -9999 -9999 -9999 -9999 -9999 -9999 -9999 -9999 -9999 -9999 -9999 -9999 -9999 -9999 -9999 -9999 -9999 -9999 -9999 -9999 -28.9968573308145 -63.8535279226747 -121.534755889142 -146.727361215898 -126.071553785967 -88.9027527578553 -60.5717782654273 -39.9172097841385 -34.0856608050885 -42.5941057866212 -49.9862783229337 -53.1692619423441 -56.5243143056802 -60.5207600811339 -61.6173630925261 -61.1088077327668 -62.171579795873 -62.5790660466813 -61.5790152204829 -59.7647986357656 -58.7601631996589 -62.0637081979263 -66.7770865114819 -68.367756129963 -69.5026279247365 -69.3322821789161 -69.4709210553891 -70.1686042195926 -69.0286474176214 -69.455865143495 -69.9079234141966
-9999 -9999 -9999 -9999 -9999 -9999 -9999 -9999 -9999 -9999 -9999 -9999 -9999 -9999 -9999 -9999 -9999 -9999 -9999 -9999 -9999 -9999 -9999 -9999 -9999 -33.8487142974603 -72.6664366455919 -128.686093231977 -151.288908961193 -123.14568980359 -85.3377936360682 -60.6182118649153 -47.671392142855 -47.6027153788101 -53.7789646101148 -61.8621128056739 -62.5640500186152 -63.76606330931 -65.2972013685827 -65.3005307912828 -65.2041265710729 -65.798494342979 -66.6332114648625 -66.175357631036 -64.7877164589573 -62.6862189395315 -67.1538599999715 -72.7078513820164 -74.3777562542284 -75.3944101502589 -74.7695329025181 -75.4334392941844 -76.9167621780844 -76.5356137536467 -77.6807115728269 -77.8397593789841
-9999 -9999 -9999 -9999 -9999 -9999 -9999 -9999 -9999 -9999 -9999 -9999 -9999 -9999 -9999 -9999 -9999 -9999 -9999 -9999 -9999 -9999 -9999 -9999 -9999 -37.6969861352568 -77.5880778546321 -131.113202262826 -151.575828847083 -128.455119284738 -89.8215106351688 -67.3227839315273 -59.4734685659974 -57.4176775084596 -63.5275209472688 -68.9802769768022 -71.5796304292941 -73.3931581121805 -73.4765074026212 -71.0766102282463 -69.2476082770891 -70.2083055432673 -71.7445028964248 -72.353636676245 -73.2191190808214 -74.1742789319262 -75.9296005831682 -78.0754985072827 -78.4348400129603 -80.1269778461003 -81.3445076146292 -82.148829182776 -83.4539010105117 -82.7619931916297 -84.04095274487 -85.2362722056623
-9999 -9999 -9999 -9999 -9999 -9999 -9999 -9999 -9999 -9999 -9999 -9999 -9999 -9999 -9999 -9999 -9999 -9999 -9999 -9999 -9999 -9999 -9999 -9999 -9999 -39.8202556820151 -81.2602191932119 -138.659071912435 -159.390793851361 -132.659383982805 -94.1528455811868 -75.9216437147918 -67.1189319319846 -66.2795054516821 -70.4458900040886 -75.8272644277216 -78.9976340417444 -83.1018403316968 -83.3938208809002 -78.3327201531127 -75.1483559581628 -75.737162822052 -78.2139860038766 -79.7034691853431 -82.3181426916749 -84.7789511946835 -83.2630274713811 -83.5541539885817 -83.342554800802 -85.8352655980134 -87.261309348977 -87.6328255487492 -89.3387540765174 -89.1490307909654 -90.9981754585197 -91.5334467151276
-9999 -9999 -9999 -9999 -9999 -9999 -9999 -9999 -9999 -9999 -9999 -9999 -9999 -9999 -9999 -9999 -9999 -9999 -9999 -9999 -9999 -9999 -9999 -9999 -9999 -43.730896038514 -86.7544512949946 -143.11447578738 -163.847120470022 -138.998066116948 -100.955882989303 -83.9331353163679 -74.2292339417147 -72.8300521638365 -75.4334348026106 -79.4524543749716 -84.1079869093779 -87.417333263127 -88.1043625261766 -85.3491410930608 -82.3170108462658 -83.127871906634 -86.8419721348865 -88.5261408038699 -89.1544420842425 -88.9664975955307 -89.2030459516207 -89.7727180082858 -88.9208379775503 -90.692077596352 -92.5146013692224 -93.8682698529038 -95.4776155906341 -94.7546055483605 -95.8696217932934 -97.0164598409706
-9999 -9999 -9999 -9999 -9999 -9999 -9999 -9999 -9999 -9999 -9999 -9999 -9999 -9999 -9999 -9999 -9999 -9999 -9999 -9999 -9999 -9999 -9999 -9999 -9999 -45.5480006503853 -91.2394689062714 -152.696793842234 -173.19662700998 -145.606924185462 -109.030624867457 -93.9652593333857 -82.1498987442667 -79.8687577650774 -81.9902965506989 -84.9754708864936 -89.2835300800853 -92.6077179949214 -93.5403529601432 -91.4612295295915 -88.9192906368446 -89.4518773065718 -93.7121005320052 -94.5995661599071 -93.7808911272333 -92.5662511113055 -92.5295444753352 -94.032949379209 -93.8721008088623 -96.2845246454702 -97.0936299763998 -97.9522000626659 -100.057481258502 -99.9678630422453 -101.506950400495 -101.649956579323
-9999 -9999 -9999 -9999 -9999 -9999 -9999 -9999 -9999 -9999 -9999 -9999 -9999 -9999 -9999 -9999 -9999 -9999 -9999 -9999 -9999 -9999 -9999 -9999 -9999 -47.8071861833191 -95.6266225780795 -159.414393559867 -183.495669292106 -156.425113824814 -119.612349238493 -102.172670592967 -91.4725078618499 -88.6808759080239 -90.6779279130183 -94.5466416807256 -96.8606825052128 -99.177876531407 -99.5112021735525 -96.9167228761274 -94.9228107105594 -94.9109885862244 -97.3034958481492 -97.950386307602 -97.4008443609005 -95.9075874910961 -96.7645648001196 -97.9403899105993 -97.8742670190551 -100.005101201448 -101.905392375335 -102.775695965192 -103.46435495064 -103.110294406691 -104.883096769921 -106.28814825335
-9999 -9999 -9999 -9999 -9999 -9999 -9999 -9999 -9999 -9999 -9999 -9999 -9999 -9999 -9999 -9999 -9999 -9999 -9999 -9999 -9999 -9999 -9999 -9999 -9999 -49.4126832102253 -98.6427351794837 -165.115601017215 -192.341872976803 -165.158589955179 -131.606586912888 -113.187833641875 -100.532066361252 -97.2689820683158 -98.9116363252409 -102.175465225976 -102.892178286895 -104.261777679397 -103.980576043096 -99.909636799384 -98.3156926227948 -97.5310740587374 -100.045755356197 -100.468664481206 -100.216935908653 -99.2317325955435 -99.6873490640392 -101.599821709207 -101.694974405144 -103.983056783227 -105.028803137489 -105.242280644623 -107.145670998954 -109.847414032585 -112.04184436524 -114.635878100022
-9999 -9999 -9999 -9999 -9999 -9999 -9999 -9999 -9999 -9999 -9999 -9999 -9999 -9999 -9999 -9999 -9999 -9999 -9999 -9999 -9999 -9999 -9999 -9999 -9999 -50.6453703956595 -102.409837603976 -168.86780349574 -199.505398643525 -174.032266202165 -144.186653930836 -125.190893229165 -108.940745130624 -104.428680776691 -104.149693212804 -105.640226777652 -106.616603298154 -107.520657961042 -105.643079095454 -101.46307998858 -98.8076296083482 -98.1694643695051 -101.15523410105 -102.265879402625 -103.042421746643 -102.795835279402 -103.470367644247 -105.125244867874 -104.539835727232 -106.226505484981 -106.112108329926 -107.432727759568 -113.650873453673 -114.186522344853 -117.825054127235 -124.264125695201
-9999 -9999 -9999 -9999 -9999 -9999 -9999 -9999 -9999 -9999 -9999 -9999 -9999 -9999 -9999 -9999 -9999 -9999 -9999 -9999 -9999 -9999 -9999 -9999 -36.9330364563195 -55.4643190125651 -109.577600712774 -173.324925478648 -204.578957748226 -181.761796014985 -151.934556351751 -132.492018727437 -116.084801588099 -110.443752920847 -109.215395829072 -110.024936932802 -110.333664594186 -110.186035611224 -107.872753186584 -102.474086535335 -98.5480124529026 -98.8924264143175 -102.114618812924 -103.278284384312 -104.320049249986 -104.907608557509 -106.706763505008 -108.159533298806 -106.97254972685 -106.874973401301 -107.176613715734 -111.340453837792 -118.592104629543 -119.8036722272 -119.625319846613 -123.079740198968
