meets/meet004/_saidas_enm/CCSM_Maxent_0k_Aralia_warmingiana4.asc
NCOLS 154 
NROWS 168 
XLLCORNER -112 
YLLCORNER -55.5 
CELLSIZE 0.5 
NODATA_value -9999 
[rows 50 to 74 of 168, columns 56 to 111 of 154]
-9999 -9999 -9999 -9999 -9999 -9999 -9999 -9999 -9999 -9999 -9999 -9999 -9999 0.000746560574043542 0.00125586509238929 0.0024701664224267 0.00903140846639872 0.0234586223959923 0.0405903533101082 0.0677872523665428 0.074473038315773 0.0965072959661484 0.103974342346191 0.056826513260603 0.0418881811201572 0.0292755383998156 0.0151260290294886 0.00570263899862766 0.00298724416643381 0.00230907299555838 0.00211820797994733 0.00280716177076101 0.00328777101822197 0.0100873941555619 0.0568859204649925 0.157358422875404 0.260525822639465 0.302213042974472 0.33514815568924 0.353720396757126 0.317281782627106 0.347266256809235 0.302631407976151 0.181519910693169 0.0704267993569374 0.0115330563858151 0.0197575353085995 0.0159448049962521 0.0156029807403684 0.0245169848203659 0.0199017878621817 0.0267978999763727 0.0524949282407761 0.0778270587325096 0.0947403758764267 0.121779881417751
-9999 -9999 -9999 -9999 -9999 -9999 -9999 -9999 -9999 -9999 -9999 -9999 -9999 0.00205569574609399 0.00305302906781435 0.00461094826459885 0.0130333248525858 0.0313955247402191 0.0484900623559952 0.0532989166676998 0.05876449868083 0.0566868521273136 0.0578868091106415 0.0330113284289837 0.0205413978546858 0.011704838834703 0.00698606204241514 0.00456399330869317 0.00377199193462729 0.00293405400589108 0.00259118853136897 0.00249838083982468 0.00263248011469841 0.00412176921963692 0.0237315502017736 0.0909267440438271 0.202256217598915 0.28680220246315 0.299848169088364 0.314317375421524 0.279470294713974 0.257873892784119 0.198358505964279 0.128538951277733 0.0699168890714645 0.0369347669184208 0.0305906813591719 0.0319656804203987 0.0306706447154284 0.0309538785368204 0.030248599126935 0.0385802946984768 0.0626503825187683 0.0881107151508331 0.106981493532658 0.1245202049613
-9999 -9999 -9999 -9999 -9999 -9999 -9999 -9999 -9999 -9999 -9999 0.0053999237716198 0.00463833613321185 0.00466987583786249 0.00813234411180019 0.00892597623169422 0.014558439143002 0.0354714021086693 0.0450011044740677 0.0357598252594471 0.0374879352748394 0.0336219929158688 0.0243138503283262 0.0137314042076468 0.00832593627274036 0.00576754473149776 0.00452944496646523 0.00375784677453339 0.0032140810508281 0.00270303664728999 0.0025690495967865 0.0026507955044508 0.00288341706618667 0.00348257273435593 0.0144722051918507 0.0632766112685204 0.143644854426384 0.234127536416054 0.280485153198242 0.277436435222626 0.269476145505905 0.221693694591522 0.17356339097023 0.131018951535225 0.103702090680599 0.0924554690718651 0.0690202862024307 0.0744737163186073 0.0645601525902748 0.0478921234607697 0.0498982891440392 0.0669602006673813 0.0808286145329475 0.0985340848565102 0.11814533919096 0.139040648937225
-9999 -9999 -9999 -9999 -9999 -9999 -9999 -9999 -9999 -9999 0.00951344985514879 0.00774940755218267 0.00960341095924377 0.0116366390138865 0.0102993091568351 0.0104118976742029 0.0130887078121305 0.0227539911866188 0.030300248414278 0.0306588783860207 0.0284431260079145 0.020751902833581 0.0139938658103347 0.00839983858168125 0.00661824690178037 0.0055160615593195 0.00443292036652565 0.00367526011541486 0.00308919907547534 0.00268890266306698 0.00246267626062036 0.0026466550771147 0.00305425236001611 0.00379319069907069 0.00965902861207724 0.0426715463399887 0.101100884377956 0.161761984229088 0.206319764256477 0.209601104259491 0.209192216396332 0.177743315696716 0.15070652961731 0.125779613852501 0.10199648141861 0.0957284420728683 0.0783905386924744 0.0721431598067284 0.0567914098501205 0.0615644380450249 0.0873506441712379 0.101816065609455 0.0994009375572205 0.116404913365841 0.151143148541451 0.177338927984238
-9999 -9999 -9999 -9999 -9999 -9999 -9999 -9999 -9999 -9999 0.0230652578175068 0.0236157439649105 0.0205188542604446 0.0240939874202013 0.0222607795149088 0.0152259720489383 0.0139726335182786 0.0174830816686153 0.0193900819867849 0.0174847152084112 0.0149571029469371 0.01065294444561 0.00985559541732073 0.00852675270289183 0.00700198812410235 0.00566060189157724 0.00464095501229167 0.00377423665486276 0.00320667237974703 0.00288311601616442 0.00258284830488265 0.00265851686708629 0.00307112233713269 0.00380571628920734 0.00768829183652997 0.0290536060929298 0.0644538775086403 0.102539278566837 0.128823041915894 0.13716995716095 0.141061067581177 0.122098281979561 0.106765873730183 0.0912940576672554 0.0773974135518074 0.0705824047327042 0.0517651289701462 0.0626091361045837 0.0889288187026978 0.108555026352406 0.151765003800392 0.145313605666161 0.122428268194199 0.130581021308899 0.177916705608368 0.216393277049065
-9999 -9999 -9999 -9999 -9999 -9999 -9999 -9999 0.013589826412499 0.057065024971962 0.086951956152916 0.0531855747103691 0.0400684960186481 0.0427100844681263 0.0311297625303268 0.0199816413223743 0.0159523952752352 0.0161727089434862 0.0107012940570712 0.00940725300461054 0.00972399488091469 0.00912825297564268 0.00876445509493351 0.00804869551211596 0.00677534099668264 0.0058785155415535 0.00463609583675861 0.00388899119570851 0.00332886539399624 0.00300076394341886 0.0028434731066227 0.00277873873710632 0.00294183264486492 0.00362131767906249 0.00561178335919976 0.0160800609737635 0.0342498570680618 0.0549378246068954 0.0694865509867668 0.0673320889472961 0.0626209825277328 0.0522418692708015 0.0484830886125565 0.042964581400156 0.034697700291872 0.0460274666547775 0.0619447156786919 0.0841403007507324 0.105162717401981 0.144132703542709 0.167831122875214 0.154573276638985 0.126795873045921 0.125710517168045 0.188082218170166 0.242259413003922
-9999 -9999 -9999 -9999 -9999 -9999 -9999 -9999 0.0306475553661585 0.122572764754295 0.185699418187141 0.119101755321026 0.0828007906675339 0.0547575131058693 0.0400139428675175 0.0254749078303576 0.0173536483198404 0.0150055084377527 0.00834598019719124 0.00786710437387228 0.00791789498180151 0.0073477728292346 0.00713963713496923 0.00666802795603871 0.00589504791423678 0.00539433211088181 0.00451003294438124 0.00383566925302148 0.00346340797841549 0.00326634268276393 0.00319685321301222 0.00318904500454664 0.0033248127438128 0.0036367466673255 0.00442571239545941 0.00890992302447557 0.0138890529051423 0.021634180098772 0.0263265520334244 0.0249823071062565 0.0218645986169577 0.0183693207800388 0.0167709942907095 0.020373672246933 0.0282488893717527 0.0422891676425934 0.0534326694905758 0.075921393930912 0.10789317637682 0.125147610902786 0.140536546707153 0.124998562037945 0.107300564646721 0.116007693111897 0.181815311312675 0.248286306858063
-9999 -9999 -9999 -9999 -9999 -9999 -9999 0.0304031614214182 0.0702955350279808 0.197467163205147 0.324620604515076 0.219740554690361 0.128575667738914 0.0697827786207199 0.0449295528233051 0.0313365086913109 0.0204645283520222 0.0141946636140347 0.00733614712953568 0.00630037300288677 0.0060234135016799 0.00582830607891083 0.00529006542637944 0.00500800553709269 0.00476859416812658 0.00424095150083303 0.00403627101331949 0.00378507934510708 0.00367274740710855 0.00354965240694582 0.0035199848935008 0.00356713240034878 0.00367964641191065 0.00387739459984004 0.00401108991354704 0.00481969537213445 0.00730809755623341 0.00900004990398884 0.00989559199661016 0.0102196475490928 0.00968997646123171 0.00905303377658129 0.0106407860293984 0.015457620844245 0.0228133648633957 0.0334347002208233 0.0428323000669479 0.0575731918215752 0.0704043880105019 0.0786828696727753 0.078878290951252 0.0785442292690277 0.0751326158642769 0.0933536663651466 0.165119111537933 0.239534422755241
-9999 -9999 -9999 -9999 -9999 -9999 -9999 0.0828275755047798 0.143760204315186 0.310480684041977 0.415069997310638 0.297647416591644 0.13506393134594 0.0626438111066818 0.0434365160763264 0.0384812839329243 0.0287829097360373 0.0176223069429398 0.00930313393473625 0.00732630724087358 0.0060617458075285 0.00524384714663029 0.00465336302295327 0.00446126610040665 0.00454127043485641 0.00430389400571585 0.00448742927983403 0.00444748252630234 0.00428570806980133 0.00424967287108302 0.00399164296686649 0.00399948423728347 0.00398033717647195 0.00402561761438847 0.00394014269113541 0.00369302136823535 0.00376796326600015 0.0042907977476716 0.00448577338829637 0.00467185257002711 0.00538973649963737 0.00621113367378712 0.00841005239635706 0.0118995252996683 0.0156006449833512 0.0235926266759634 0.0311224572360516 0.0418927371501923 0.0387453101575375 0.0385263375937939 0.0400180965662003 0.0511775687336922 0.0580719374120235 0.0770566910505295 0.130338057875633 0.200897008180618
-9999 -9999 -9999 -9999 -9999 -9999 0.1158142760396 0.210726246237755 0.300550937652588 0.391336917877197 0.453919947147369 0.307990044355392 0.0909892395138741 0.0521408878266811 0.0443282388150692 0.0441501028835773 0.0383813567459583 0.0225164107978344 0.012811672873795 0.0104169370606542 0.00867769960314035 0.00843233149498701 0.00841125287115574 0.00869666691869497 0.00831326004117727 0.0080596012994647 0.00808635447174311 0.0083872452378273 0.00843539461493492 0.00765481078997254 0.00718244537711143 0.00652668811380863 0.00608492828905582 0.00564183434471488 0.00501472689211369 0.00458145840093493 0.00384671799838543 0.00361377652734518 0.00380454771220684 0.00400925800204277 0.00478945672512054 0.00657879281789064 0.00935297273099422 0.0150617090985179 0.0227018631994724 0.0357429571449757 0.0338980332016945 0.0346256159245968 0.0349888317286968 0.0364744737744331 0.03966224193573 0.0492811612784863 0.0636828541755676 0.0728460177779198 0.102153196930885 0.153969869017601
-9999 -9999 -9999 -9999 -9999 -9999 0.191785931587219 0.255851149559021 0.353516042232513 0.422969609498978 0.432631224393845 0.281439334154129 0.0766633525490761 0.059593953192234 0.0539691857993603 0.0554362758994102 0.0464594513177872 0.0271728653460741 0.0187828168272972 0.0162550993263721 0.0151816140860319 0.0151092493906617 0.0153409158810973 0.0155238071456552 0.014779781922698 0.0136449346318841 0.0142460810020566 0.0150785371661186 0.0151398722082376 0.0143852485343814 0.0131523413583636 0.0123243182897568 0.0112719563767314 0.0102589027956128 0.00911235995590687 0.0081943841651082 0.00770167447626591 0.0074812457896769 0.00824781879782677 0.00949930865317583 0.0117201348766685 0.0159256737679243 0.0227901078760624 0.0343788303434849 0.0496681891381741 0.0427616126835346 0.0421847514808178 0.0414449386298656 0.0419745184481144 0.0454983599483967 0.0489916577935219 0.0608059726655483 0.0754412859678268 0.074316643178463 0.0787500813603401 0.103238455951214
-9999 -9999 -9999 -9999 -9999 -9999 0.204328835010529 0.285486549139023 0.382173508405685 0.448350667953491 0.413401335477829 0.271864414215088 0.0932323113083839 0.0660433918237686 0.0623706914484501 0.0617558471858501 0.0525633506476879 0.0327899865806103 0.0250928346067667 0.0226915143430233 0.0213102288544178 0.022807389497757 0.0245074462145567 0.0249135810881853 0.0227060206234455 0.0209818836301565 0.0217301473021507 0.0230235569179058 0.0243035275489092 0.022810060530901 0.0212419889867306 0.0200746860355139 0.0184486340731382 0.0170876830816269 0.015186327509582 0.013166599906981 0.0132188890129328 0.0140354027971625 0.016663558781147 0.0201606936752796 0.0269798059016466 0.0361470580101013 0.049150824546814 0.0641398429870605 0.0558253079652786 0.0494679026305676 0.048251785337925 0.0495111979544163 0.0516797862946987 0.0555593222379684 0.0621585734188557 0.0747681185603142 0.0852334052324295 0.0756421685218811 0.0757469907402992 0.0726281926035881
-9999 -9999 -9999 -9999 -9999 -9999 -9999 0.326329797506332 0.421217530965805 0.448209255933762 0.41900360584259 0.295570105314255 0.118213348090649 0.0909844636917114 0.0849209204316139 0.0757745578885078 0.0600623190402985 0.0413903817534447 0.0334003381431103 0.0320328064262867 0.0329320579767227 0.035261482000351 0.0378999412059784 0.0385941863059998 0.0364071950316429 0.0341009572148323 0.0352146551012993 0.0370158888399601 0.0391152575612068 0.0390731245279312 0.03646345064044 0.0347159840166569 0.031917754560709 0.0302678421139717 0.0288100279867649 0.0267916992306709 0.0265341904014349 0.0266413446515799 0.0321872793138027 0.0411197282373905 0.0545092448592186 0.0709156468510628 0.0891545638442039 0.0764174833893776 0.0696074590086937 0.0636363178491592 0.0650582015514374 0.0667861104011536 0.0707199200987816 0.0775610506534576 0.086246982216835 0.103808529675007 0.0986943021416664 0.0810393095016479 0.0828108787536621 0.0786807611584663
-9999 -9999 -9999 -9999 -9999 -9999 -9999 -9999 0.381113141775131 0.417840957641602 0.463793992996216 0.316607564687729 0.142657563090324 0.121101640164852 0.107627660036087 0.0874403566122055 0.065400630235672 0.0488742999732494 0.0425193533301353 0.0425672270357609 0.0457087010145187 0.0490004010498524 0.0539265759289265 0.0559318363666534 0.0530072711408138 0.0512097850441933 0.0540635176002979 0.0575346164405346 0.0607048608362675 0.0619171559810638 0.0599229596555233 0.0561119541525841 0.0530229918658733 0.0510932095348835 0.049834068864584 0.0509130395948887 0.0496050715446472 0.0508774034678936 0.0543663911521435 0.0672145560383797 0.087570957839489 0.108728475868702 0.097671203315258 0.0812030807137489 0.0711186453700066 0.0629337802529335 0.0631836280226707 0.0656052231788635 0.0695144534111023 0.0756523534655571 0.0859433859586716 0.104700520634651 0.112624555826187 0.10131349414587 0.0984956547617912 0.09937434643507
-9999 -9999 -9999 -9999 -9999 -9999 0.175554051995277 0.223064944148064 0.320330083370209 0.379818558692932 0.40707728266716 0.299728721380234 0.159066721796989 0.142164558172226 0.13465216755867 0.113098993897438 0.0741991847753525 0.0560287646949291 0.050434447824955 0.053765345364809 0.059481043368578 0.0643490105867386 0.0684469118714333 0.0728331580758095 0.0763141512870789 0.0792066901922226 0.083979606628418 0.0880806595087051 0.0922004282474518 0.0950392335653305 0.0942208021879196 0.0904573947191238 0.0860787406563759 0.0837305784225464 0.0817024707794189 0.0811902061104774 0.0830294042825699 0.0854547619819641 0.0871315523982048 0.0978979095816612 0.114293202757835 0.117230333387852 0.0947989225387573 0.0788146778941154 0.0693349167704582 0.0633246302604675 0.0645727589726448 0.06834726780653 0.0732189640402794 0.0796450600028038 0.0888293236494064 0.106845214962959 0.131625905632973 0.124270685017109 0.120348565280437 0.113020479679108
-9999 -9999 -9999 -9999 -9999 0.0968914031982422 0.128884837031364 0.224201649427414 0.304712623357773 0.37167564034462 0.38619738817215 0.286791771650314 0.174574732780457 0.160466447472572 0.160580664873123 0.128323182463646 0.0786562785506248 0.0651719197630882 0.0589666403830051 0.0655218884348869 0.0739940106868744 0.0803938582539558 0.0840377286076546 0.0917828902602196 0.103068858385086 0.114815577864647 0.120141297578812 0.126286238431931 0.132199004292488 0.134558290243149 0.135299041867256 0.135169804096222 0.131321296095848 0.127350732684135 0.121327117085457 0.115890130400658 0.118512056767941 0.11893055588007 0.114283263683319 0.11436752974987 0.12705497443676 0.115186765789986 0.0954460129141808 0.0802096351981163 0.07075035572052 0.063338965177536 0.0673152357339859 0.0732558071613312 0.0789115130901337 0.0837269425392151 0.0896681174635887 0.109799236059189 0.134417712688446 0.146086737513542 0.139763236045837 0.12588894367218
-9999 -9999 -9999 -9999 -9999 0.208362236618996 0.146778404712677 0.262310028076172 0.328657269477844 0.368793278932571 0.353997617959976 0.279457807540894 0.221363335847855 0.21784807741642 0.195096656680107 0.123068742454052 0.0858665332198143 0.0759081766009331 0.0721777603030205 0.0843278095126152 0.0962098017334938 0.103764221072197 0.110099419951439 0.121234312653542 0.136050283908844 0.148884996771812 0.160271972417831 0.167940586805344 0.176081761717796 0.182272985577583 0.185214281082153 0.183316215872765 0.177865520119667 0.171707972884178 0.162130877375603 0.154952362179756 0.153771907091141 0.151584208011627 0.143698275089264 0.134987026453018 0.145190119743347 0.122109994292259 0.101219572126865 0.0865429192781448 0.0782292112708092 0.07354886084795 0.075801208615303 0.0808200612664223 0.0865716114640236 0.0930432677268982 0.102470323443413 0.119080595672131 0.142503574490547 0.164760127663612 0.162748619914055 0.157327935099602
-9999 -9999 -9999 -9999 -9999 -9999 0.213047072291374 0.301544815301895 0.369399935007095 0.340114951133728 0.342557221651077 0.278966456651688 0.238067239522934 0.2452252805233 0.228642597794533 0.138374164700508 0.100939773023129 0.09433663636446 0.0932762175798416 0.111432105302811 0.12998254597187 0.137203305959702 0.143837094306946 0.158795982599258 0.17684368789196 0.190143406391144 0.205236554145813 0.214449122548103 0.224042341113091 0.232822775840759 0.238915234804153 0.232940107584 0.226403281092644 0.218963801860809 0.206709444522858 0.197518318891525 0.195486634969711 0.191433191299438 0.18065918982029 0.163917064666748 0.159989029169083 0.135008469223976 0.113122180104256 0.0985551401972771 0.09186652302742 0.0856691896915436 0.0885449051856995 0.0922576412558556 0.0974210053682327 0.103917174041271 0.114131413400173 0.129591137170792 0.150459468364716 0.175431415438652 0.190509885549545 0.190898016095161
-9999 -9999 -9999 -9999 -9999 -9999 0.23914048075676 0.299251884222031 0.36635285615921 0.354282230138779 0.316114693880081 0.268217593431473 0.207330882549286 0.181995943188667 0.190802305936813 0.188589379191399 0.161680683493614 0.111671403050423 0.0973884388804436 0.12746499478817 0.180233538150787 0.18839418888092 0.189456135034561 0.200590252876282 0.220833510160446 0.243443474173546 0.254118740558624 0.263129204511642 0.271708875894547 0.27612429857254 0.278859257698059 0.274189114570618 0.266700267791748 0.259663760662079 0.250466674566269 0.243060573935509 0.239598721265793 0.223771780729294 0.206505820155144 0.193996518850327 0.179052546620369 0.154530435800552 0.134657397866249 0.120424658060074 0.112487897276878 0.107725188136101 0.107542507350445 0.109213776886463 0.112360998988152 0.115679241716862 0.122081078588963 0.13771103322506 0.15590400993824 0.17486260831356 0.188633635640144 0.200581178069115
-9999 -9999 -9999 -9999 -9999 -9999 0.338159501552582 0.25710853934288 0.343988806009293 0.346496284008026 0.310111463069916 0.25006228685379 0.189513579010963 0.15647566318512 0.150292918086052 0.160048425197601 0.20019543170929 0.112562119960785 0.0883366987109184 0.131199017167091 0.225461810827255 0.239271074533463 0.225396782159805 0.232662722468376 0.259480655193329 0.291687548160553 0.300517588853836 0.303196251392365 0.309655606746674 0.311515271663666 0.30340364575386 0.293787688016891 0.282565206289291 0.273880004882812 0.266270220279694 0.254749000072479 0.240779146552086 0.221531957387924 0.208684906363487 0.202250435948372 0.191851824522018 0.179273173213005 0.161302447319031 0.147455111145973 0.140217244625092 0.134036347270012 0.13268680870533 0.131041303277016 0.131544649600983 0.131382316350937 0.132883116602898 0.149640008807182 0.165768876671791 0.179752349853516 0.186674073338509 0.188152387738228
-9999 -9999 -9999 -9999 -9999 -9999 -9999 -9999 0.247453600168228 0.314419031143188 0.339087158441544 0.257684916257858 0.165318846702576 0.148670539259911 0.145869642496109 0.163655430078506 0.210747838020325 0.0915421918034554 0.0605623461306095 0.123264037072659 0.257374793291092 0.2679383456707 0.226520508527756 0.231677532196045 0.273102402687073 0.317521840333939 0.323293268680573 0.320220857858658 0.322877079248428 0.310773193836212 0.296823859214783 0.28243425488472 0.266946941614151 0.255812674760818 0.250653922557831 0.243266820907593 0.233375534415245 0.222804516553879 0.214561387896538 0.208291426301003 0.202783197164536 0.197089120745659 0.188946768641472 0.17762254178524 0.169813588261604 0.164462804794312 0.160888850688934 0.158496826887131 0.15673454105854 0.153412908315659 0.155383139848709 0.165382355451584 0.177917703986168 0.186285942792892 0.185902416706085 0.18116058409214
-9999 -9999 -9999 -9999 -9999 -9999 -9999 -9999 0.45939889550209 0.295460760593414 0.347425639629364 0.247053653001785 0.142357036471367 0.137970924377441 0.143275886774063 0.160067170858383 0.228826642036438 0.0966770872473717 0.0539838299155235 0.130705520510674 0.286659777164459 0.285057932138443 0.24010443687439 0.24459382891655 0.278044104576111 0.330132097005844 0.333735316991806 0.323822230100632 0.33110836148262 0.318272888660431 0.296812772750854 0.278909772634506 0.257708460092545 0.245505720376968 0.242417216300964 0.23567022383213 0.23075844347477 0.223826318979263 0.219425365328789 0.217040494084358 0.213200896978378 0.212045446038246 0.20866821706295 0.205498978495598 0.202190309762955 0.197203904390335 0.189822524785995 0.180785775184631 0.172589540481567 0.163412600755692 0.159790053963661 0.164344310760498 0.172576189041138 0.182652115821838 0.188678339123726 0.191334620118141
-9999 -9999 -9999 -9999 -9999 -9999 -9999 -9999 -9999 0.290222764015198 0.324634194374084 0.21156319975853 0.115535721182823 0.119745247066021 0.138884350657463 0.161469995975494 0.251162976026535 0.158545345067978 0.074401818215847 0.143246740102768 0.296230524778366 0.301349073648453 0.248878195881844 0.257413655519485 0.297507882118225 0.335349887609482 0.33690682053566 0.324898362159729 0.324467539787292 0.329665869474411 0.307566940784454 0.282889991998672 0.259218990802765 0.243319824337959 0.237051799893379 0.231196418404579 0.227434307336807 0.22294944524765 0.221635207533836 0.221935480833054 0.222507148981094 0.223355993628502 0.22330766916275 0.223071098327637 0.220783352851868 0.215027421712875 0.204182520508766 0.190359964966774 0.178888514637947 0.167357191443443 0.15887376666069 0.158306822180748 0.161154866218567 0.174491330981255 0.19983497262001 0.225598320364952
-9999 -9999 -9999 -9999 -9999 -9999 -9999 -9999 -9999 -9999 0.296800881624222 0.178624644875526 0.112880989909172 0.121609956026077 0.146467864513397 0.172620207071304 0.280599325895309 0.287000298500061 0.13022680580616 0.193573638796806 0.310439854860306 0.305292516946793 0.269206702709198 0.278108537197113 0.319388538599014 0.356062561273575 0.355443030595779 0.34181535243988 0.33995658159256 0.335067600011826 0.320376932621002 0.293228894472122 0.265954583883286 0.247791841626167 0.239939287304878 0.232274204492569 0.228488311171532 0.22468988597393 0.224585488438606 0.227843716740608 0.230658188462257 0.234681963920593 0.236912056803703 0.238294452428818 0.237918451428413 0.232480242848396 0.221087723970413 0.204496935009956 0.19069804251194 0.175776362419128 0.164544329047203 0.161003515124321 0.161738812923431 0.177371233701706 0.209433108568192 0.242324128746986
-9999 -9999 -9999 -9999 -9999 -9999 -9999 -9999 -9999 -9999 -9999 0.151584282517433 0.126734226942062 0.141116008162498 0.161407575011253 0.190948858857155 0.296450793743134 0.436500668525696 0.248577520251274 0.268781542778015 0.305241227149963 0.300880253314972 0.300091296434402 0.308050036430359 0.338832288980484 0.367018103599548 0.365069687366486 0.357611745595932 0.341635495424271 0.330446302890778 0.313010662794113 0.290488481521606 0.268832832574844 0.255502432584763 0.247809946537018 0.237644761800766 0.235112756490707 0.231383353471756 0.232476711273193 0.236410319805145 0.238500893115997 0.247444331645966 0.251846611499786 0.255789190530777 0.257054597139359 0.250326573848724 0.241917461156845 0.226248785853386 0.21043635904789 0.192960873246193 0.178427517414093 0.174979865550995 0.17666794359684 0.188977524638176 0.211185768246651 0.233385443687439
