meets/meet004/_saidas_enm/CCSM_Maha_6k_Cavanillesia_umbellata4.asc
NCOLS 154 
NROWS 168 
XLLCORNER -112 
YLLCORNER -55.5 
CELLSIZE 0.5 
NODATA_value -9999 
[rows 50 to 74 of 168, columns 56 to 111 of 154]
-9999 -9999 -9999 -9999 -9999 -9999 -9999 -9999 -9999 -9999 -9999 -9999 -9999 -68.4471353933234 -25.7946251064516 -12.2131754899206 -8.01621331776867 -10.3217357581558 -6.51343902127018 -4.34942777194875 -4.49202719668583 -4.91290235999119 -7.59323809907147 -6.59240843324411 -4.829258823355 -3.89158649629476 -2.86656164250295 -3.86468244785927 -5.77763636274018 -9.47099722305989 -13.2122253022175 -10.5979085889304 -7.20309270887733 -4.42234396486056 -4.00460158587691 -4.88538074115859 -5.93863254449511 -5.10166125092497 -6.61500775808548 -8.03939039777931 -10.1744971226004 -11.0865842700449 -13.8641070498988 -14.4078183363087 -14.639259936962 -16.0255968874214 -11.1608380697403 -10.5585063211532 -11.3661913367953 -3.56736830664059 -1.26751509639148 -0.0377783456721958 -0.454059282600809 -2.13055999985359 -6.26183947730039 -7.77460776397188
-9999 -9999 -9999 -9999 -9999 -9999 -9999 -9999 -9999 -9999 -9999 -9999 -9999 -34.9536140140374 -14.8117072144819 -11.8203835376514 -7.12601040284837 -7.53789501527771 -5.28859220099114 -3.21330119849945 -2.99260028092105 -4.70830537416776 -2.07604955339649 -0.566200699299133 0.319309982277422 -0.0681517201567685 -1.58502998898201 -5.6090617949897 -11.9515256359188 -19.4126994836721 -23.9106078514872 -17.8994338500659 -8.74923968836586 -1.46290184883873 -0.278911607743203 -2.04945097993683 -5.1812416623189 -4.5191337255695 -5.35385427644705 -7.55681419430537 -9.29019759945358 -11.4525748634457 -14.6816921167123 -13.637430952318 -14.125126026219 -13.6044150788517 -11.0678939981254 -11.5342766374819 -7.57657271454152 -1.928913142176 -0.350533897942144 -0.412783207789768 -0.771119439005618 -3.5502500311538 -7.75403646810934 -7.53552420491875
-9999 -9999 -9999 -9999 -9999 -9999 -9999 -9999 -9999 -9999 -9999 -66.3379382748608 -37.2140905229915 -21.2793757136052 -12.9993052191484 -11.7036551074775 -8.83358463709767 -4.81663282447069 -3.11913629466713 -2.91544435717184 -3.92985004183074 -2.5995014269018 -0.446224911035954 0.32685889400727 -0.583781955672801 -3.74306283500813 -9.12836378024286 -17.1543221421254 -28.6382111750051 -41.8232701926115 -48.5139589196062 -36.6633818807039 -19.74606256561 -5.28534012503391 0.00997817949156121 -0.999247973996073 -4.2696221928437 -3.96053922493851 -5.27362004142943 -7.88153995552979 -9.03780434231865 -11.4073329369618 -14.3850437377913 -14.0276876523414 -13.7092920591303 -13.1314599081793 -12.2436033565839 -9.85273194627733 -3.33773258182333 -0.598254471535485 -0.0731172021737225 -0.478485219590989 -2.63131749235904 -6.14027317958801 -10.4566267811029 -8.13798645770396
-9999 -9999 -9999 -9999 -9999 -9999 -9999 -9999 -9999 -9999 -68.7847692894102 -29.3330763997393 -18.9698530933613 -20.6453608775477 -19.3141847079397 -14.6825076337807 -11.4797028487782 -7.35316946157752 -5.20554344401942 -3.8936235094055 -2.48320678154835 -1.20148307603679 -0.897726003094612 -2.04475345521644 -5.67611947260628 -12.2629225297922 -21.8931283113002 -34.9757468197349 -50.8906587387861 -63.7590896010818 -66.9305138243393 -51.0548151133934 -29.9817722718255 -9.89797169578847 -0.788741485714086 -0.0317847309877186 -2.97063853838297 -4.4379397094204 -5.14893234976441 -7.43516156469942 -9.8244032653658 -12.6214502110361 -14.6466317962992 -14.4385906844957 -13.9374623591473 -11.2641774144734 -6.87456055867689 -2.61097915223411 -0.663761110008273 -0.394281537199862 -0.652537625698069 -2.56253250334328 -6.09575749607956 -10.2306770563727 -14.286160018067 -9.73396385452091
-9999 -9999 -9999 -9999 -9999 -9999 -9999 -9999 -9999 -9999 -32.5440722599048 -13.2402805866646 -22.5820599293798 -22.1253737076732 -24.108380987832 -21.0785753477046 -13.2638793086867 -5.46353168732447 -2.6527136123563 -1.91512488028858 -1.55007633227881 -2.45857868048212 -4.4913569882225 -8.32193900498738 -15.8421008382214 -26.261845339589 -41.4419313547571 -59.2916204499399 -76.5724339891569 -89.4900514724718 -91.2366414484172 -67.5861925312121 -39.3937001185787 -15.5139068716163 -2.4241013632413 0.345239342285275 -1.1443420338469 -4.4568436393988 -5.51528879750776 -6.03585048543958 -6.89861469832252 -8.62208595095967 -9.45735937954608 -8.9583969170868 -6.32498135566627 -3.38199776670637 -1.11293999736131 -0.547434834463584 -1.31652578028593 -1.43092695260394 -3.43609543181214 -6.96884480306909 -11.0707651230262 -15.0260759200019 -18.6883635057257 -11.2498408026636
-9999 -9999 -9999 -9999 -9999 -9999 -9999 -9999 -72.2895296417652 -49.6446294728047 -26.2846542884575 -13.0609212393794 -14.9741149704424 -15.8141407664788 -22.0487726542683 -26.1872447165912 -17.6319096427871 -8.66523929420357 -5.27115923054584 -5.44205731322918 -7.1192768683357 -9.33531861727064 -12.6644390041697 -18.7314997365299 -30.5596920348507 -47.3202562275077 -66.6169581584072 -87.7919911263602 -105.057022223253 -114.468348685966 -111.017978783249 -81.7066342844894 -49.5179296645839 -21.973772755576 -4.91626848147143 0.282182666116312 0.0671448226351571 -1.83543190523673 -3.51472207568052 -4.78874605443288 -5.16076636861018 -5.07183528824598 -4.13865201289889 -2.32038552414217 -0.759575816572797 -0.0382060007209397 -0.573487291644535 -1.6418260860459 -2.15460678057378 -4.7093019428473 -8.73906280393572 -13.1141511014289 -17.5505857035317 -21.0278715695815 -24.090626039127 -13.6128112319254
-9999 -9999 -9999 -9999 -9999 -9999 -9999 -9999 -50.6215876281325 -33.7209892601697 -15.2831818431173 -7.72009662536111 -9.9199590460738 -14.7725708628662 -17.8771793144379 -22.1493054089664 -24.7589344119628 -16.3984647549165 -13.8569379123026 -16.602552380709 -21.5062992305698 -25.1459607136344 -28.5645006045279 -37.2334423639612 -55.2072398363114 -76.9974308679289 -83.880724441602 -90.2960585870097 -90.7975680018028 -88.154317031873 -86.7804797358111 -86.8164432092882 -59.1415341257306 -30.0822562412262 -9.24716091575684 -1.1204944051764 0.708096456178936 0.265601057858312 -0.399988890598084 -0.884607029147206 -1.01878489487872 -0.590207872174579 0.0369245276344634 0.559123566381243 -0.108002346135644 -1.96575371456539 -2.96415005288826 -4.96850347742528 -9.15840332538156 -14.8836884289238 -20.2975616175695 -25.5385099248253 -29.039932327765 -30.9585510445911 -33.3653265405811 -17.365539085092
-9999 -9999 -9999 -9999 -9999 -9999 -9999 -46.4412873254456 -39.9916339912409 -24.5883818851437 -9.76781960527788 -7.51406802548366 -8.11811113495208 -10.4183424302253 -13.6434745594036 -18.6045636338157 -20.1594955104095 -24.5049259305092 -26.3871760978739 -32.8273470871241 -39.2283281895919 -43.731196728184 -50.9905822247655 -54.3743058975593 -57.5347821686169 -62.2043887075053 -63.8876204260886 -65.069820585788 -65.3142923582366 -64.389220484537 -64.032810102878 -62.3958397553058 -61.8404170371115 -38.218431671302 -16.4961095529905 -5.36297355345536 -0.905741958928937 0.706835747238774 0.968630207364457 0.937188671866454 0.865006805493493 0.719704468247203 0.0200173519808724 -2.31430048444573 -6.30635702170257 -7.46438497631005 -11.6685708669806 -18.082927496683 -26.3494160521276 -35.4998208942195 -42.3468537062114 -47.0208375376478 -48.8583725793688 -48.6057233157173 -47.4711297226762 -22.5042058862043
-9999 -9999 -9999 -9999 -9999 -9999 -9999 -32.4053096788715 -23.5122324895138 -11.6019912328312 -6.83874910753326 -6.31796339741687 -6.56635639809128 -8.13393371041611 -10.4532501260841 -13.6021300068909 -14.7886478026192 -18.1739603151473 -19.7393511832916 -21.9650751140881 -26.29972848436 -31.140896213869 -38.2523562116708 -39.2550079282689 -38.1791448468878 -40.9637157750548 -42.3299587258397 -47.4918218496003 -47.1828521886641 -42.8241250167702 -42.5472177438569 -42.3098024702418 -45.6550367989825 -46.1442679851508 -27.3970800465619 -13.7863861901128 -7.05248928345797 -3.28467292803365 -2.10382602553979 -2.1051368002579 -2.48295245525014 -4.5132293098309 -7.85274482701998 -14.2340888016297 -18.940394528921 -25.8315233819063 -37.2624780404986 -48.7346536133604 -62.4447998812728 -71.425057142279 -76.2863427770426 -74.3697777782303 -73.5399397901027 -68.8949638030665 -60.4179602422331 -28.7585874254052
-9999 -9999 -9999 -9999 -9999 -9999 -19.4553025760354 -20.1875190249754 -10.2002230317851 -7.55366366483646 -8.25948759060544 -5.69366893840603 -6.8221008742779 -7.94451380865782 -8.55744801002651 -10.8597255329946 -10.5708805480121 -12.5140638976451 -13.7107215400676 -15.2473503130733 -18.8569567208716 -22.1112142942286 -25.2575807441454 -26.0457395480947 -27.7110979255027 -28.3179740505746 -31.0859035724635 -32.8124611351348 -32.4668324304661 -33.5298382911578 -32.7026664912758 -33.7096863558773 -34.2404017916371 -34.8728167896832 -36.7579740146997 -31.2441854041731 -22.6354457851372 -18.4203714549195 -17.0651165843262 -18.0759041057157 -21.3544479073665 -24.753648121048 -29.6217759221849 -38.3534283675772 -42.5631039303926 -44.1834006664475 -47.9362615440921 -50.1688087884302 -54.2508987196516 -58.7734664846407 -61.2071073880623 -61.3491882131393 -58.6592245957366 -52.2688230576313 -47.8008844886273 -35.1333311185311
-9999 -9999 -9999 -9999 -9999 -9999 -10.92856534209 -8.39494752186598 -2.77134301515845 -2.89345369099818 -5.42841724774922 -3.83189690477226 -5.64827792560915 -6.36003962713174 -7.42679503417494 -7.67268233716867 -7.59150929438569 -8.46970118525354 -8.90650270514938 -9.22833983282472 -10.894618263778 -13.3181277807585 -16.2063048277139 -16.6999199226628 -16.6408398099897 -17.5407549519702 -18.926116602731 -21.1456392754222 -21.795202626678 -22.0814351401476 -23.1807427342333 -23.5713923845747 -24.8041621435962 -25.6072328923901 -26.2043128643469 -27.487292085366 -27.9143435448571 -29.2803130142848 -29.8937161695806 -29.2325373281853 -29.7606397429534 -28.0884075485949 -26.9018789014834 -26.8710592176576 -27.5738921573939 -30.7778601629838 -32.8449488183202 -36.7755131286808 -41.0018552932262 -43.5457032098671 -45.9625819284609 -44.2098863412109 -41.9937707063215 -37.0195025011129 -31.6132906225359 -26.3312452197591
-9999 -9999 -9999 -9999 -9999 -9999 -10.2078365832543 -5.58001165408544 -2.87490993004194 -1.17704440629464 -2.6024693889482 -2.40237823789992 -4.07898929425851 -3.90864906223479 -5.23648387851517 -6.22291184539078 -5.37041268538332 -5.69357317756854 -6.05202369320669 -6.76233767398796 -7.76385657502548 -9.78003916586205 -11.8368063562471 -12.071897148933 -12.3012810969791 -11.8101656866434 -13.8351900993169 -14.6488585379752 -15.1836990628521 -16.8200053220015 -16.8782144097255 -17.908409935467 -18.3435212624359 -19.0843171424803 -20.0336501447199 -20.0742012685559 -21.1526933616224 -21.1087315923494 -21.7593402917455 -22.3216432019198 -22.1583381147303 -22.1214016192661 -20.2546164777561 -19.6093683008262 -21.0925168272529 -22.6599600481373 -26.4193633025366 -29.0351452762676 -32.0319076259144 -35.2116030440999 -35.9624460809501 -34.3670439383279 -29.7036966319976 -24.8279588115123 -22.1498977973762 -16.5419474088559
-9999 -9999 -9999 -9999 -9999 -9999 -9999 -6.29524821483414 -2.93390505284663 -0.696329068216143 -1.12369993289172 -1.72477095055005 -2.05921155784454 -2.46624560733529 -2.95343668343007 -3.99012353711772 -4.57777021631322 -4.17125518587252 -4.16507002336383 -4.21119202549963 -4.72214003027739 -5.72642913414763 -7.20091009352425 -7.54069704906853 -7.23901019898791 -7.44099588252167 -8.00186452896155 -9.23380904091466 -9.96442874785416 -10.8504953254596 -11.3683307312172 -11.6952070636002 -12.457446816293 -12.8968681677134 -13.1096753938882 -13.7516808094211 -13.8570006409213 -14.4218011214451 -14.9038903037467 -14.7557915579801 -15.2852773898506 -14.4815873697566 -13.9913885403237 -13.167191492376 -14.2035532957826 -16.5511682226814 -18.3305924133226 -20.8467965873386 -23.1016522708835 -24.624729375772 -25.0446598735243 -22.9705783615291 -20.1870498895744 -16.9130084965856 -14.3758144049745 -11.7832609484571
-9999 -9999 -9999 -9999 -9999 -9999 -9999 -9999 -3.40409217547998 -0.671425366735013 -1.36701842613221 -1.49043810863168 -1.29236301453527 -2.33929939887859 -2.08006810784223 -3.79594715933527 -5.08215554325765 -3.95081689489327 -3.78032789138939 -3.58009227357724 -3.72581779836639 -4.14562781883747 -4.95753833523189 -5.36911651186741 -5.34203148063931 -5.07093188050347 -6.06258349793689 -6.86469907303164 -7.14965399335268 -7.44408646410956 -7.54293553330407 -8.09131283992443 -8.41834048793065 -8.83686484488229 -9.372308580843 -9.7780746689027 -10.1970454507063 -10.4089420171925 -10.983357413873 -11.1497178517882 -11.1457597250114 -11.1102894203886 -10.5014224555545 -9.77803184858798 -11.1807316278252 -13.2206032582429 -14.9635658625526 -16.0511841970469 -17.5475063277055 -19.044193056476 -18.6373257650881 -17.5340099538924 -15.217909578986 -12.7116354206586 -11.5988193562006 -9.99172839242681
-9999 -9999 -9999 -9999 -9999 -9999 -1.96259591603819 -8.11419273712288 -2.88214014374902 -0.367755042241321 -1.19712562646444 -1.64960388821316 -1.21193234292234 -1.37388693689313 -1.67229091647648 -4.05505284306557 -4.45416660615132 -4.07001956561626 -3.41969909521275 -3.31009863313339 -3.24241114636525 -3.16125536668681 -3.17339513448232 -3.28109772242192 -3.64620608531493 -4.20299811529619 -4.18864699749321 -4.19517783111945 -4.27860069119678 -4.37619346922237 -4.57389963240751 -4.74788753108775 -5.08110821701226 -5.30619747648573 -5.47047064005728 -5.88654591229482 -6.09301527563848 -6.61451708224587 -7.03944075856117 -6.98182482570848 -7.13633275475847 -6.70023039535035 -6.38166961838726 -6.1822236678351 -7.91211898251287 -9.99898461947314 -11.4234178226186 -12.667758073271 -13.8623465006041 -14.7359592326388 -15.1041870062106 -14.0480037142632 -12.4938142367261 -10.3502591762458 -8.42084885540286 -6.55922538757382
-9999 -9999 -9999 -9999 -9999 -2.96634344184821 -5.34678312557411 -5.92328569922438 -1.63345883082799 -0.583242194013547 -1.8206708857587 -1.57049880773238 -1.37117438133447 -0.75850815731819 -2.85484425127126 -4.77960636122925 -4.20280004878733 -3.93118760152339 -3.74080239756105 -4.13914486123389 -3.84575728203719 -3.71255470382173 -2.97815662150228 -2.86024050064273 -2.85838670276179 -2.51050134418911 -2.47876663289283 -2.38318919338517 -2.41996695455467 -2.70087594142326 -2.65908226183482 -2.8453793941356 -2.91622124977125 -2.99335777807308 -3.23416442433499 -3.25034341853522 -3.70706743851724 -4.05691360909152 -4.45418437425238 -4.63049355641262 -4.67998352419959 -4.72018884129406 -4.41988684160953 -4.71881380429332 -6.49172365195672 -8.6263413756867 -9.9057987856963 -10.7477859531163 -11.7050466371511 -12.8329753017005 -13.5761604222992 -12.3170055821476 -11.1434336291341 -9.1983205363159 -7.25616113393725 -5.02872404095242
-9999 -9999 -9999 -9999 -9999 -1.29160908918694 -7.21839974502577 -2.44018423803658 -1.04676362216906 -0.490716739294585 -1.47617567532486 -1.41625303035967 -0.665830949689679 -0.658654035374006 -3.0146152861278 -4.97035393369838 -4.69961683166745 -3.88170970881971 -3.62308778023962 -3.26855208675193 -3.02486770401413 -2.69836587329999 -2.32609532575269 -2.04100424651964 -1.70668592030932 -1.54158980015498 -1.51403094922807 -1.55548240891596 -1.66909304712363 -1.80066081336393 -1.9254671513856 -1.92505968345072 -1.95648419027114 -1.95064690747551 -1.9033743118963 -2.01960557283244 -2.2680391810773 -2.74057751087791 -3.0949261633425 -3.28166347351416 -3.57019799835781 -3.80824817225333 -4.16119102821773 -4.55944986473601 -5.64363957006472 -7.30755410855881 -8.6056880222674 -9.59583820389019 -10.4679147303836 -11.1218853595576 -11.3057810452198 -10.8804878804526 -9.9890738218239 -8.68376210255024 -7.42266154306028 -6.2252776338261
-9999 -9999 -9999 -9999 -9999 -9999 -6.66376827100739 -1.38149875699294 -0.78205251748531 -0.468284146197014 -1.66172427819008 -2.17044886488638 -1.47160630627414 -1.42324887304054 -2.97617301910757 -6.01779107514857 -4.52237635036216 -4.22676700686967 -3.70684815062386 -3.12582028162511 -3.08491349380859 -2.3878663746428 -1.94790864210595 -1.54422035169752 -1.19093830853088 -1.20719531578374 -1.18416214293472 -1.35880552245445 -1.45777760360362 -1.54778643411249 -1.80303177009149 -1.62876213647681 -1.60862408687152 -1.47944582303208 -1.30920421681927 -1.36122697135528 -1.54996076293238 -1.99799077093777 -2.35026555053537 -2.54380909921718 -3.00683176293631 -3.37654147612437 -4.04495365716931 -4.53119390839256 -4.89172201647795 -6.48309290344681 -7.62563095587901 -8.71813686823399 -9.55915633824103 -10.1562643995921 -10.1806330165822 -10.078200229478 -9.61212396476497 -8.8589518455479 -8.3568434756261 -7.84456517315409
-9999 -9999 -9999 -9999 -9999 -9999 -7.74026497791979 -1.74205333620387 -0.784009497599336 -0.699499816816729 -2.66242277473642 -3.29762730794684 -2.58139840375062 -2.77561475021531 -1.84311196960034 -2.25744656176832 -3.84063212048791 -4.91105175524527 -4.84069138518371 -3.70936054200048 -2.9734675123135 -2.78085665892017 -2.61350135266765 -2.25838798404015 -1.59760904323349 -1.36134680997991 -1.5651737907138 -1.76075652052013 -1.84456123303736 -1.70025287791053 -1.58885726742717 -1.58660249358005 -1.55769046119551 -1.50785436278383 -1.40571792335412 -1.3683756036289 -1.62275521487086 -2.02256851504997 -2.2932397254761 -2.44554636637264 -2.72774588150397 -3.17595402653138 -3.73777204501581 -4.18546079097149 -4.53977170458284 -5.53951035446995 -6.79743861486635 -8.00354967951552 -9.00839614732592 -9.85475369984638 -10.3782468226893 -10.1562561027575 -9.88668786189748 -9.59410693753216 -9.48514915060737 -9.40399350905179
-9999 -9999 -9999 -9999 -9999 -9999 -9.46950988150887 -8.45569256595573 0.177463547547734 -1.05948248536424 -4.17142196065099 -5.95810594601761 -4.50161094153462 -5.00255535752039 -3.40927754140736 -1.79303781319035 -1.61915716657239 -4.82126288973455 -5.31359732076775 -3.73703483463435 -2.90555083912943 -2.97986550374467 -3.53937198783596 -3.11440926059471 -1.87145074640975 -1.36259271604626 -1.5144794539656 -2.09110320227816 -2.15326680860581 -1.69381382507733 -1.63319331961397 -1.52370614716372 -1.67956518371613 -1.57323647231447 -1.42527124654837 -1.58427054232726 -1.81667304329969 -2.35499804856442 -2.51740963352948 -2.46390503261439 -2.68393081456992 -2.97691569102587 -3.48740761188746 -3.85617625641234 -4.1821523968403 -4.80615129346641 -5.94514183270312 -7.26611556337049 -8.36537947565322 -9.37121696591629 -10.3932173572538 -10.0251041115112 -10.0229632231113 -10.039557955027 -10.3153510321483 -10.7937585010822
-9999 -9999 -9999 -9999 -9999 -9999 -9999 -9999 -14.0003067377886 -0.428624076735105 -5.22088108286569 -7.06595256717936 -3.41452533973028 -4.22397765162267 -6.02494047492089 -3.98065068900017 -1.27939278982849 -4.16250050198549 -4.85181880074112 -3.89734338688344 -2.98582830279294 -3.80449401247149 -4.99173312707784 -4.77897616510305 -3.21459339177392 -2.21743424307761 -2.3836689161682 -2.87655325943649 -2.83685710904612 -2.4000875110334 -2.32916154172008 -2.35289178392846 -2.521939660766 -2.44847667098865 -2.18974029309802 -2.17018471695165 -2.34926628455001 -2.62404554655179 -2.80064002876153 -2.92528127002094 -2.96157292535768 -3.13408532106089 -3.42053571601778 -3.6693128363295 -3.91197183669612 -4.22638063551677 -5.23428203699486 -6.36219737591151 -7.41560697394207 -8.43993923083168 -9.22970574307346 -9.36687601425794 -9.53048559062791 -9.90328569128854 -10.5170890084606 -11.2820377360221
-9999 -9999 -9999 -9999 -9999 -9999 -9999 -9999 -12.845752187896 -3.12566641680325 -3.47451876739662 -4.55338740204364 -4.04129811728183 -4.45933705077145 -5.30037326515627 -5.63242242294985 -1.21834585649215 -3.41558000741644 -4.37711415441899 -3.14881124882702 -3.3076600329385 -4.503879240699 -6.58038671606857 -6.46239661799509 -4.27214954066225 -3.33246048175111 -3.400898569528 -4.08261671534713 -3.9916268282045 -3.13896371823334 -2.97875347427656 -2.97828206312197 -3.42639537527083 -3.35415334881568 -2.91305855524458 -2.95377884166711 -2.86847376963067 -3.06297286380889 -3.04092201677357 -2.96382197513576 -3.10685670259928 -3.19008274853588 -3.47553359343473 -3.57011179493624 -3.69577043321964 -4.00242181256881 -4.58394684447264 -5.53407504244232 -6.42577703131471 -7.36896230280563 -8.13938570696126 -8.33794767757865 -8.68602963342316 -9.32751070517797 -10.3231489741106 -11.523693768315
-9999 -9999 -9999 -9999 -9999 -9999 -9999 -9999 -9999 -9.70047987120893 -0.597017459822119 -1.03625679625446 -5.29021241091217 -6.51075040209724 -5.97412369044156 -6.64061131270443 -2.35305515969287 -2.5400386748263 -3.995241146432 -3.71793887964891 -3.78020812728817 -5.61307434774906 -7.55648054460343 -7.59483000398568 -5.9791166323292 -4.66974947296616 -4.68425366690664 -5.04456462741233 -4.98642260164635 -4.38101447680375 -4.02765212307144 -4.09181519570961 -4.29510237682047 -4.13715680131833 -3.83997025964163 -3.88215168518464 -3.76268331785989 -3.72487618428585 -3.56798000639671 -3.32647965151038 -3.20964282312557 -3.15115742907439 -3.18664767896009 -3.29869791402234 -3.43699223530842 -3.76844624924012 -4.36699172034313 -5.15744865553116 -5.88475847354547 -6.53247225316012 -7.17603042261552 -7.5561100439627 -7.77646769673335 -8.55501844660797 -9.7809888383426 -11.1752005180678
-9999 -9999 -9999 -9999 -9999 -9999 -9999 -9999 -9999 -9999 -5.65995463745762 -0.583391573937802 -5.86091201364918 -7.94280066388753 -6.85201737306141 -7.94244804479366 -3.96236746744935 -2.27437262549908 -3.60301196705793 -3.48491840236251 -4.01136597121395 -5.66670723420932 -8.0399787806682 -8.58048162288783 -6.8858014076725 -5.994163204925 -5.93298211356199 -6.14227281621398 -5.9992651264938 -5.3286887217247 -5.13255190331639 -5.15297408040716 -5.51108136439739 -5.37541885899899 -4.86944211025591 -4.60680680947199 -4.38997102300229 -4.40447951585289 -4.11077519331328 -3.6702431534002 -3.44726220419144 -3.21185070911719 -3.1132809892331 -3.08248691745838 -3.15388925842528 -3.4581905352975 -4.06347542900562 -5.00972107317565 -5.88643221890723 -6.70460665113846 -7.53903663783688 -7.97709350293621 -8.44172008282823 -8.61130257426857 -9.30171616711038 -10.7297264612777
-9999 -9999 -9999 -9999 -9999 -9999 -9999 -9999 -9999 -9999 -9999 -11.2183513909268 -4.80859939247531 -9.25569487579262 -9.55824656736278 -9.17582199478474 -6.19905521528027 -3.28113908990233 -3.60444225337192 -3.19198694196177 -3.9181041822151 -5.5617376352033 -7.85913229121391 -8.58178514157867 -7.8831437863278 -7.47488582475659 -7.18737272803583 -7.04327590932569 -6.87465161874378 -6.2990152636554 -6.2851723427562 -6.24878061380605 -6.40196621807294 -6.47065917103635 -6.09600525919066 -6.10198801997058 -5.64959192049575 -5.38630196889584 -4.91365197366314 -4.25301240345507 -3.90518294682099 -3.45872933508458 -3.24133016069983 -3.12227189758191 -3.07620422808877 -3.40515447741005 -3.9243598094919 -4.74203666292818 -5.68385640971013 -6.68120423128807 -7.74973856570824 -8.39992902690852 -8.98972090479798 -9.13900172933777 -9.10696692799495 -10.1720544727303
