meets/meet004/_saidas_enm/CCSM_Maha_21k_Aralia_warmingiana4.asc
NCOLS 154 
NROWS 168 
XLLCORNER -112 
YLLCORNER -55.5 
CELLSIZE 0.5 
NODATA_value -9999 
[rows 75 to 99 of 168, columns 56 to 111 of 154]
-9999 -9999 -9999 -9999 -9999 -9999 -9999 -9999 -9999 -9999 -9999 -164.427951743599 -193.656200865753 -185.708399262347 -149.004479745886 -92.3086146069788 -50.5242470952975 -16.6505381794287 -10.467402839118 -15.2438331111252 -15.264522629053 -13.9648078911578 -12.7399918751959 -11.3557388827572 -9.07991979707015 -7.40554866695437 -6.72064054499174 -5.93592135556703 -5.43876429081256 -4.88531982612202 -4.35092886505786 -4.15666407507595 -3.99247404342554 -3.10064540749981 -2.34968329761819 -1.6916932031287 -1.11946508241881 -0.606046625797723 -0.377072581121808 -0.0604187840430246 0.083305162836401 0.181837462478792 0.241183729067618 0.11921362796884 -0.205102877548257 -0.575751234739473 -1.36139184685311 -2.30097740697116 -3.73622478924962 -3.7295917560664 -4.02716555314538 -4.91926843113281 -5.28766083568616 -5.68116603464225 -5.86931383368485 -6.27914121785577
-9999 -9999 -9999 -9999 -9999 -9999 -9999 -9999 -9999 -9999 -9999 -151.249527904846 -166.738469982351 -157.686523947405 -144.071890833938 -108.562144750375 -68.1781807678162 -28.0838992143057 -12.5078037821147 -14.2117985705732 -18.1996387405765 -16.3115023910056 -14.4673411122159 -13.1433687733058 -10.6399681970584 -8.68499473676457 -8.14520714918583 -7.31783259361296 -6.66010525910341 -6.06255371464787 -5.3321299695504 -4.90073368798963 -4.18514364384239 -3.71104714113818 -3.2399983216476 -2.48631607038308 -1.93026013244735 -1.47265937464737 -1.09057178353181 -0.513013548153645 -0.237155157562204 -0.0550588043930997 0.0808333449973532 0.23639460920658 0.348844799338206 0.161620999521318 -0.430224149718329 -1.38214860418436 -2.36393524699586 -2.86448835830681 -2.90763456668528 -3.22411071521868 -3.73939756375237 -4.34127307550794 -4.83131129876763 -5.48407764330329
-9999 -9999 -9999 -9999 -9999 -9999 -9999 -9999 -9999 -9999 -9999 -9999 -170.135757353898 -154.91256492237 -139.313683112013 -114.565834012014 -87.5395610976126 -62.4956255238447 -37.7689878961248 -22.2324415770243 -16.569579153124 -15.4379844921472 -15.9540542173822 -15.5998914533788 -12.456328426698 -10.0202119466606 -9.11817954321822 -9.11947406066764 -8.73426815277475 -8.12633398992216 -7.03783759055973 -6.51529183509043 -5.56064539029207 -4.85085233135975 -4.16739748635612 -3.49524869175881 -2.91381990619759 -2.15770009062238 -1.67566498691134 -1.51937935569292 -0.853920536640803 -0.420324045287924 -0.308035605752834 -0.380825332720059 -0.0450687769491742 0.166560105068755 0.0151761931367077 -0.699157578357097 -1.43722346537833 -2.15532300357593 -1.88987279575056 -2.02822602163439 -2.45329262212831 -2.94786819272695 -3.35855718335749 -3.83834163294137
-9999 -9999 -9999 -9999 -9999 -9999 -9999 -9999 -9999 -9999 -9999 -9999 -187.478429336732 -166.317508998439 -124.865794081439 -106.769019301107 -120.797827816421 -125.723652810141 -107.390734840617 -72.9512426334705 -28.2221187641283 -18.7404406469691 -14.8781996079331 -14.5397601723409 -12.7308481417338 -10.5840375632637 -11.2434900046504 -11.9046828005691 -11.7653373118842 -11.5166146168477 -9.52483928216108 -9.29537556080892 -8.37424628409701 -7.13424950942854 -5.96869641383095 -4.93380846321541 -4.40944120608658 -3.43523200114288 -2.5364943072439 -1.99082934966899 -1.49497470890982 -1.00258694204456 -0.700211359416955 -0.620400231870041 -0.459704063453841 -0.470068626467318 -0.603045400853075 -0.847457224262301 -1.35736233846374 -2.05624337687513 -1.54300792791237 -1.60327644030621 -1.87032420405006 -2.12055639988341 -2.34142502040945 -2.65350172387841
-9999 -9999 -9999 -9999 -9999 -9999 -9999 -9999 -9999 -9999 -9999 -9999 -9999 -183.767555147708 -128.787792265546 -135.570436633749 -172.344821249743 -210.34496704088 -197.909301465445 -165.237151765247 -103.840667128703 -43.0240211530173 -12.9625458611037 -7.413281016673 -6.45602225310648 -7.71902931589903 -11.0336928092125 -14.1631095187984 -15.8985529195854 -15.2665022211372 -14.3384719833796 -13.3625891953006 -11.9430573095495 -10.1766423058226 -8.63633748840976 -7.03545690974618 -5.88177756557333 -5.05953146707272 -3.84648304727026 -2.98833160948529 -2.09357710275525 -1.21550694480355 -0.83319481807504 -0.864100966866938 -0.808809382497383 -1.04964371435929 -0.891550360973466 -0.694264139114756 -0.762282149113048 -1.3291225341386 -2.03842284496805 -1.8637096222451 -1.93000689944417 -2.01525605687143 -2.07665121331437 -2.25111301220714
-9999 -9999 -9999 -9999 -9999 -9999 -9999 -9999 -9999 -9999 -9999 -9999 -9999 -132.138495624367 -133.559286577732 -162.92546273043 -223.59503125756 -295.041077560934 -300.773600509649 -258.070262702486 -194.697540497477 -109.642646678073 -24.6541691667269 -5.34428535462885 -3.98394289651699 -4.4494273645393 -6.71904482813987 -13.2676025646542 -17.7970436065092 -17.8428583216159 -18.766660066365 -17.8414704755157 -15.8838334147193 -13.4855031531127 -11.7494837034644 -9.63176034517617 -7.50538556290722 -6.27336388624271 -4.9326330363008 -3.92574953191464 -3.1706686300734 -1.99272032058225 -1.07344198790166 -1.14611712340921 -1.02851227478645 -1.46825866979403 -0.821184626863864 -0.416761022961432 -0.255913032892928 -0.522549324841024 -0.900447846681986 -1.42395885406035 -1.88313434099654 -2.15331463730336 -2.80534782242423 -2.72351049867703
-9999 -9999 -9999 -9999 -9999 -9999 -9999 -9999 -9999 -9999 -9999 -9999 -9999 -9999 -134.259221388082 -154.056648447788 -233.838157778579 -315.48924312686 -338.670391656425 -319.250536173559 -245.824536021012 -179.250038123063 -109.234979890144 -66.3997137282372 -37.231434727788 -14.7551513151995 -4.93053185719878 -6.48165633511885 -11.9736141190941 -16.1749539851001 -20.2617693560914 -19.4113660048785 -19.0903090054948 -16.9411248314419 -13.3437239343016 -10.8240970329458 -8.56200580072266 -6.8502636882598 -5.36537543338312 -4.32015298803449 -3.72544904993768 -2.72492662368033 -1.95425221283658 -1.7723175741277 -1.36771632915433 -1.68323881865855 -0.878149158647596 -0.556503195659735 -0.317074626090698 -0.239967865319346 -0.332102738802743 -0.333277613228848 -0.896818507053905 -1.61460635137006 -1.83096299645231 -2.40904406672138
-9999 -9999 -9999 -9999 -9999 -9999 -9999 -9999 -9999 -9999 -9999 -9999 -9999 -9999 -141.064230396787 -137.503183238899 -215.848484949028 -304.593715927435 -353.982055738026 -357.803531041765 -315.215372629628 -292.320724593894 -275.640866541962 -233.732523284792 -160.822554870731 -102.760665659329 -57.947977330254 -13.578895791769 -6.3582501987666 -7.79475910615026 -18.2154517650559 -18.5174317751813 -19.6861823856278 -18.8648100859648 -14.623926610878 -12.0705912512211 -9.13929035460706 -7.27586094492983 -5.75958958536631 -4.38547722616913 -4.23035842776719 -3.17128396334291 -2.8613761201115 -2.61512316731607 -1.85817302152045 -1.9258711723217 -1.19652666109862 -0.943648740979868 -0.601977372468672 -0.217225305201551 -0.232371417150499 -0.12580822864367 -0.68589994877268 -1.09707496572858 -0.955985609988451 -1.0461958865589
-9999 -9999 -9999 -9999 -9999 -9999 -9999 -9999 -9999 -9999 -9999 -9999 -9999 -9999 -9999 -163.10550716681 -194.212265727562 -266.722508028416 -347.656088093652 -391.749714171357 -428.817303020569 -419.409800876875 -442.805765195754 -425.839971758808 -370.827613296248 -324.092704361434 -234.940383094915 -165.849193453758 -89.3465933039347 -25.728726011616 -5.44722002245195 -11.8999937647896 -19.5178559927175 -21.1224392424905 -16.2404914487918 -12.2599993040363 -9.85839723294024 -8.51304901485842 -6.68590176982369 -4.97646722004675 -3.16167472769209 -2.85038721899607 -3.29645369543792 -3.50286083570142 -2.81167561966522 -2.50195000643578 -1.57733010869734 -1.07609485592915 -0.59504161536722 -0.143710165679422 0.101731092469671 0.140569665221905 -0.119542999578749 -0.345172670356387 -0.390035532404156 -0.397152032217918
-9999 -9999 -9999 -9999 -9999 -9999 -9999 -9999 -9999 -9999 -9999 -9999 -9999 -9999 -9999 -127.297115997393 -191.029414728819 -216.656098618552 -292.662117092015 -384.693408348682 -499.112140760949 -490.43770443048 -575.537139675139 -571.917037576856 -520.422294510653 -570.778465073636 -440.869035485627 -420.189326968414 -286.021601080663 -113.841811511536 -33.8600348751104 -10.3976516181119 -17.8773226619878 -20.2127226424575 -16.5698211724528 -11.9869565532077 -10.7849246206395 -10.0175295844201 -8.27806640238703 -6.1763657081366 -3.8167269112061 -3.25233752714086 -4.0071030334263 -4.63258012875694 -4.11785132181945 -3.30037498328867 -2.08378312227133 -1.25254491104933 -0.578817757942124 -0.117703674889749 0.200887353450578 0.332433411061576 0.273497631683253 0.0980982533578372 -0.0524525189592207 -0.107347977569588
-9999 -9999 -9999 -9999 -9999 -9999 -9999 -9999 -9999 -9999 -9999 -9999 -9999 -9999 -9999 -62.789030151919 -213.490320429548 -204.247928693596 -242.141633870105 -298.713554130197 -381.873002372965 -451.374484636948 -509.661144639848 -533.698230448863 -505.605336802232 -500.373872080172 -480.307324955615 -458.579943090044 -354.617043213882 -207.290375420452 -97.4791747138413 -30.9726651246365 -14.8427055451882 -13.1320501473921 -13.8293204981985 -12.6746305917799 -11.5957157327501 -11.1600814520531 -9.86459089511316 -8.43794777611804 -6.40494414892763 -5.2496018137133 -5.22652584590531 -5.45719789591676 -4.99558846677421 -4.26356557250184 -2.87057616622787 -1.58106008484841 -0.782461149477174 -0.296251387540876 0.0226952658311321 0.134221195798534 0.106899240298151 -0.104488668282869 -0.499469606048985 -0.593339344404452
-9999 -9999 -9999 -9999 -9999 -9999 -9999 -9999 -9999 -9999 -9999 -9999 -9999 -9999 -9999 -9999 -99.2516928453956 -231.03258484848 -219.359670044644 -228.262252141142 -269.12438807248 -336.082074192787 -398.463491370342 -451.079745748894 -452.502731267882 -457.732646657684 -472.960436258016 -494.316771687282 -421.786026053514 -284.671071099131 -165.064382442266 -71.23117969811 -21.9969529380557 -10.1561293291873 -8.82044070570936 -10.8775919675666 -10.4969686347443 -9.69377045707503 -8.49031595142797 -7.33617581589815 -5.64511015921614 -5.37955719378211 -6.2438232876978 -6.49478359292855 -5.71333501134072 -4.682560318084 -3.85312487898798 -2.60656088307457 -1.62549640498547 -1.08698580084133 -0.611825878831666 -0.92793318150686 -1.16520501228892 -0.959186926214775 -0.733997534643371 -0.957027411847438
-9999 -9999 -9999 -9999 -9999 -9999 -9999 -9999 -9999 -9999 -9999 -9999 -9999 -9999 -9999 -9999 -9999 -89.9463669520266 -212.273068896633 -236.655338403122 -217.425071807986 -255.771537536397 -320.050114638708 -387.150901791595 -427.137206637282 -467.56901444587 -511.45220454347 -538.239945828088 -478.263391242722 -356.222391194182 -239.379762122945 -141.974685638141 -64.4354581874184 -19.9586758717278 -6.74584422652649 -5.73659159991924 -7.36399193125003 -8.44469777392107 -8.80299186282356 -7.19740735245222 -6.6453114505437 -6.52897188335456 -6.93658489226748 -6.69557533923117 -5.8711729559588 -4.69988848222968 -3.75521032289213 -3.06981237796814 -2.70066652273717 -2.23698038881716 -1.45325564003632 -0.921559245782892 -0.588971090735614 -0.446600802402675 -0.225544064887863 -0.315314464794561
-9999 -9999 -9999 -9999 -9999 -9999 -9999 -9999 -9999 -9999 -9999 -9999 -9999 -9999 -9999 -9999 -9999 -9999 -9999 -214.742960770987 -268.206223810148 -263.856052904946 -288.719053501171 -353.870376493838 -410.113387710937 -436.353600932948 -505.567166953599 -558.516651707699 -521.305455944135 -418.595277970009 -318.23320985539 -216.288390022168 -140.33094701295 -70.0847207677825 -22.9161799861936 -6.5079717458121 -3.97468076861068 -5.50189217494717 -7.96785085182186 -7.83557820654897 -8.42655970334521 -7.59201395568607 -7.34503814271932 -6.76494006831942 -5.85267872597354 -4.99641399015836 -4.11130952119822 -3.42840489703417 -2.87662136842418 -1.45107547772896 -0.474905434060654 -0.459482222976517 -0.784780149151682 -0.51655851593039 0.0317698489457773 0.0978763710026598
-9999 -9999 -9999 -9999 -9999 -9999 -9999 -9999 -9999 -9999 -9999 -9999 -9999 -9999 -9999 -9999 -9999 -9999 -9999 -9999 -9999 -237.639330803799 -300.167932073879 -324.397262926994 -364.560862941819 -420.509077012931 -459.205438796557 -499.172243769119 -503.87518451329 -456.477460466695 -396.367086125834 -296.894776839244 -225.034555436875 -157.148621130054 -81.0514162185247 -29.6181308304566 -7.99466523459834 -3.25872352776755 -4.90228834835066 -7.06445709719719 -7.57512304314805 -7.16403698499057 -7.18208718287795 -6.28187301415462 -5.7311795132202 -5.17051177530204 -4.25266879960258 -3.73833476480376 -3.29172805046317 -1.59126771393613 -0.677156939823123 -0.543950911425458 -0.905595807752491 -0.551004444373308 -0.204707715546015 -0.111449428061566
-9999 -9999 -9999 -9999 -9999 -9999 -9999 -9999 -9999 -9999 -9999 -9999 -9999 -9999 -9999 -9999 -9999 -9999 -9999 -9999 -9999 -9999 -9999 -236.46459179328 -284.198630535708 -335.849272391515 -385.554855786403 -428.71701437625 -465.831787622298 -459.855135416782 -449.783409487468 -375.070402420891 -318.617747389521 -246.78100574619 -171.01391739836 -103.12131021257 -45.8283105563245 -15.7540405338278 -5.5387092888116 -4.03835998199787 -5.85772119155298 -5.0836293870261 -4.94613340004391 -4.88953834327264 -5.12946683990007 -4.66358282281471 -3.87272441313276 -3.50009176526857 -3.20138366525028 -1.768483613641 -0.888788346549918 -0.699739115726604 -1.02544044487123 -0.722853477430558 -0.424189842446779 -0.217270318172773
-9999 -9999 -9999 -9999 -9999 -9999 -9999 -9999 -9999 -9999 -9999 -9999 -9999 -9999 -9999 -9999 -9999 -9999 -9999 -9999 -9999 -9999 -9999 -9999 -9999 -255.655128362957 -306.141563234793 -334.392778071538 -385.088177864523 -424.737539478465 -439.918467526507 -422.321135963719 -419.836412156923 -369.147740580729 -280.923935141465 -222.04012059523 -127.302924746954 -67.5343264037156 -25.2893008082149 -9.71969559659321 -5.0042500107448 -4.30167161646151 -3.15152212049662 -2.9417597947126 -3.14682614676681 -3.18321479797023 -3.36901271108189 -2.95579778984458 -2.86989830979264 -1.98019836489837 -1.06557093227997 -0.8704381600956 -1.17444208112591 -1.13157039913023 -0.580843097504166 -0.271094837034768
-9999 -9999 -9999 -9999 -9999 -9999 -9999 -9999 -9999 -9999 -9999 -9999 -9999 -9999 -9999 -9999 -9999 -9999 -9999 -9999 -9999 -9999 -9999 -9999 -9999 -191.495824270007 -274.336170141284 -277.489777520154 -313.837493825938 -373.232143959069 -407.386961137439 -433.367417899856 -464.280561873189 -428.8937816834 -352.699533318864 -288.747275195538 -198.862375810198 -123.719669247245 -60.2347282249601 -22.7840853934817 -10.7621840315451 -5.10735977080661 -1.48008248368836 -1.54237983936107 -1.8748772600479 -1.8879161151584 -2.28654394080816 -2.44635602146744 -2.73595139277258 -2.17296503609093 -1.19190195837022 -1.07614933035386 -1.34163947237043 -1.3860172770212 -0.648281372582998 -0.253352799798964
-9999 -9999 -9999 -9999 -9999 -9999 -9999 -9999 -9999 -9999 -9999 -9999 -9999 -9999 -9999 -9999 -9999 -9999 -9999 -9999 -9999 -9999 -9999 -9999 -9999 -9999 -9999 -266.267893157418 -271.878823058308 -300.893566668416 -355.13723984683 -404.0089587449 -432.565172115256 -435.532062049447 -398.579682326734 -345.483459394186 -257.788573173443 -177.691070685177 -98.8522613270378 -45.8246644736856 -19.6910169187692 -5.80644382674716 -0.380428056964081 -0.392276119912762 -1.38670757085542 -1.313840521006 -1.66172848405722 -2.28027011556372 -2.75328923221605 -2.24678302517076 -1.31263292812312 -1.3634406021038 -1.56245531614101 -1.31399274751189 -0.578757514959774 -0.143284193940664
-9999 -9999 -9999 -9999 -9999 -9999 -9999 -9999 -9999 -9999 -9999 -9999 -9999 -9999 -9999 -9999 -9999 -9999 -9999 -9999 -9999 -9999 -9999 -9999 -9999 -9999 -9999 -227.821558100382 -268.870266301523 -266.238902466948 -301.251592804553 -372.817526244147 -431.542299666339 -451.796453723151 -421.42043410814 -360.57643153286 -298.80182946103 -226.407203956467 -133.716193079221 -63.7415325146108 -22.0087938304552 -7.13874514770874 -2.44288476944481 -1.73969165899481 -1.66195784794791 -1.21868851227375 -1.53781603415755 -2.11045108982708 -2.45649193083581 -2.24945820358311 -2.04925501084302 -1.81892614880442 -1.50699895819664 -1.15473484132641 -0.417526090571269 0.0279077227261637
-9999 -9999 -9999 -9999 -9999 -9999 -9999 -9999 -9999 -9999 -9999 -9999 -9999 -9999 -9999 -9999 -9999 -9999 -9999 -9999 -9999 -9999 -9999 -9999 -9999 -9999 -9999 -9999 -244.111259432322 -228.36994176964 -249.125786932801 -336.79110509984 -432.708225825404 -470.60598259236 -434.897171049371 -369.32552245307 -318.501276698533 -265.317320875288 -172.197187672843 -81.679493044909 -27.1024254520115 -8.29677598683867 -5.01385291255573 -4.01234536636782 -2.70005202215734 -0.250092787261437 -0.619466449813243 -1.01522934309103 -1.41759589186389 -2.25312360632063 -2.87634048110495 -1.94890513192466 -1.27726507895411 -0.882750670331231 -0.330046610801793 0.0108523287038296
-9999 -9999 -9999 -9999 -9999 -9999 -9999 -9999 -9999 -9999 -9999 -9999 -9999 -9999 -9999 -9999 -9999 -9999 -9999 -9999 -9999 -9999 -9999 -9999 -9999 -9999 -9999 -9999 -235.327000234763 -210.581271189002 -230.252956674161 -319.945215267889 -428.584735287706 -483.841963346188 -455.691699103787 -376.655993771267 -330.739738280724 -284.268967241774 -190.491810404249 -91.5669652712415 -32.062154140401 -9.71969285281465 -6.15343001163819 -5.05109047366465 -4.75467153870723 -2.78614608184412 -1.34202462942809 -0.558121840838049 -0.8048637886715 -1.92606617389404 -2.58843659018932 -1.60272282320435 -0.935252791377528 -0.709747396245436 -0.231479077986481 0.393917956909181
-9999 -9999 -9999 -9999 -9999 -9999 -9999 -9999 -9999 -9999 -9999 -9999 -9999 -9999 -9999 -9999 -9999 -9999 -9999 -9999 -9999 -9999 -9999 -9999 -9999 -9999 -9999 -9999 -237.275272031256 -200.670611615836 -211.289277059369 -311.917996852236 -441.425619006785 -504.456475412045 -467.959799203589 -379.640926827576 -336.817019952175 -292.045885733254 -199.381633765658 -96.3975230151932 -33.4068076247976 -8.92233174861776 -6.40097916017901 -6.70680433804282 -7.645850954347 -7.09252599243949 -2.88837328628297 -0.779461924474853 -0.68446941382951 -1.53750623586648 -2.76099361830887 -1.00147808920611 -0.571943080813666 -0.322416020727213 0.231719532233943 0.34326621456842
-9999 -9999 -9999 -9999 -9999 -9999 -9999 -9999 -9999 -9999 -9999 -9999 -9999 -9999 -9999 -9999 -9999 -9999 -9999 -9999 -9999 -9999 -9999 -9999 -9999 -9999 -9999 -9999 -225.073867071959 -204.753462734276 -219.248458227102 -321.315291334598 -450.481775122443 -518.487830929864 -496.220615914255 -413.282959933412 -351.375911114848 -290.777416493653 -188.291342685881 -86.6979122640861 -29.9035490187191 -7.60935369222782 -6.38450644019432 -8.2663453120972 -10.0470213342283 -8.72366050688926 -5.26374083202411 -2.47093197523477 -1.50642011522152 -1.06280181953157 -0.462203034625316 -0.176307132139149 -0.0428525280898056 -0.0127730503579484 0.321096783029154 0.553891850674085
-9999 -9999 -9999 -9999 -9999 -9999 -9999 -9999 -9999 -9999 -9999 -9999 -9999 -9999 -9999 -9999 -9999 -9999 -9999 -9999 -9999 -9999 -9999 -9999 -9999 -9999 -9999 -9999 -214.790173898001 -210.212135472914 -225.06293478803 -339.790477767844 -468.314125651225 -534.182708478234 -513.247847825387 -450.020740398405 -358.126624692826 -280.573829517901 -168.743957060848 -73.3307578922521 -23.9617604320322 -5.3576335650065 -6.8669168688252 -9.78480930603672 -11.0533752169126 -10.7289321985511 -6.67534290706464 -4.02021386684577 -2.13387025075292 -0.594223875941122 -0.473849243939006 0.209480416768489 0.0852430899054408 0.104228861250483 0.346941924543178 0.504242021687108
