meets/meet004/_saidas_enm/CCSM_SVM_21k_Aralia_warmingiana3.asc
NCOLS 154 
NROWS 168 
XLLCORNER -112 
YLLCORNER -55.5 
CELLSIZE 0.5 
NODATA_value -9999 
[rows 75 to 99 of 168, columns 56 to 111 of 154]
-9999 -9999 -9999 -9999 -9999 -9999 -9999 -9999 -9999 -9999 -9999 0.121413049107705 0.106201660708088 0.10152920157435 0.110157301828137 0.119369872404452 0.0975336740961515 0.182658564040754 0.272565381933441 0.218795469376238 0.239444508798656 0.264229403358352 0.306063986120282 0.342223863645124 0.371081683137827 0.396092598403433 0.398799849327998 0.426387355973846 0.439196826896741 0.461069761188601 0.492963709868341 0.521316973908705 0.555417608198142 0.590234601093225 0.630162773561513 0.663479191292276 0.702901446331505 0.738404667279297 0.775368603345718 0.809527317505348 0.827822442741936 0.826541312529609 0.812417125200245 0.785583329516036 0.748053193789194 0.724211928630691 0.712903780760985 0.690745125453138 0.639238732843566 0.56387739633802 0.474208239326122 0.403405781939489 0.336412997019188 0.290449749617071 0.252240740429898 0.222858149105427
-9999 -9999 -9999 -9999 -9999 -9999 -9999 -9999 -9999 -9999 -9999 0.120768995702797 0.0987056562042086 0.0794352536477658 0.100143556319719 0.108396612470415 0.0880014352892092 0.106934428417629 0.170454556821789 0.159669699193103 0.172961267672689 0.225266980797802 0.269670880572437 0.314892256364615 0.342528433980927 0.37992563525013 0.37734109511479 0.396923964487648 0.414629139794793 0.435004499212508 0.461029334008683 0.489781301641171 0.527122288158125 0.554559044764255 0.592494171137044 0.617082942570611 0.649990324965886 0.681580617468489 0.718401052626039 0.762887430674214 0.789002788628268 0.809704334780302 0.81495862510225 0.817149006546461 0.823539212173061 0.822402537384535 0.814543416785902 0.788356382151439 0.732266077467379 0.648287275841275 0.554874311743255 0.469322617327189 0.373123827456005 0.307481203098436 0.256945385886825 0.212843120517497
-9999 -9999 -9999 -9999 -9999 -9999 -9999 -9999 -9999 -9999 -9999 -9999 0.117647362530274 0.0853338931891314 0.0835811486432023 0.0938218567348693 0.0942880900984878 0.0839581106545336 0.0825277029318554 0.0659846150576062 0.101275825876719 0.159892489766704 0.222779305969517 0.263313248538977 0.328448699532607 0.363873445738268 0.374436218989829 0.365563528232981 0.370812874420377 0.384419650823505 0.418946603086387 0.439561852062252 0.47843725784805 0.5087668769254 0.54185051535717 0.570590075107158 0.597049690831359 0.621956689980529 0.654280433159063 0.694670746247774 0.727960607104977 0.751895313322108 0.760987743375324 0.781937478015807 0.819697602539716 0.847176459540683 0.853818030397892 0.83011506764702 0.777712951615381 0.687646280995161 0.579778615638539 0.494095149216126 0.412714670530634 0.351924816865428 0.298787905948575 0.255679359837964
-9999 -9999 -9999 -9999 -9999 -9999 -9999 -9999 -9999 -9999 -9999 -9999 0.122189757294252 0.119566315464457 0.0920927849578301 0.0935306928052586 0.0981213817178299 0.0970945578559803 0.0912325765208024 0.086636473008417 0.0828413396205928 0.0789620482892677 0.171842759464632 0.259876137437319 0.340617282884225 0.38415594665869 0.345468475453922 0.323468776972313 0.325222779597913 0.323059037503176 0.372689180556508 0.381393507732835 0.411363663934616 0.4479513988875 0.486977195564471 0.515196857103857 0.541235602346195 0.555349584057506 0.581229541832456 0.622561954453072 0.654153554121258 0.682431094995167 0.684014736444519 0.705750714311793 0.754685483004653 0.788653315499458 0.8099152477161 0.805758983119145 0.767331043685969 0.681685312037658 0.588399101266311 0.528297536350327 0.462905664340528 0.412388191004704 0.366765843043121 0.329843043306747
-9999 -9999 -9999 -9999 -9999 -9999 -9999 -9999 -9999 -9999 -9999 -9999 -9999 0.12270714563433 0.107339334265966 0.0957669109316762 0.100550715480303 0.106168927264462 0.103254601160445 0.101948953553219 0.105559475768274 0.0947053606460572 0.154710089240574 0.322920405462322 0.439242599105654 0.465839592470498 0.393804195603346 0.306161104683691 0.274499648520619 0.287025601937258 0.303613669714273 0.319601006402369 0.348559193068903 0.385138747791257 0.41907018336712 0.458228302302448 0.487889552152798 0.504538065831247 0.524498628701454 0.5508527655135 0.580099312843087 0.615278583551691 0.633129246117278 0.659927176319491 0.692672031763308 0.714452888148209 0.739502899470708 0.752065093057221 0.732064583007716 0.67731251680933 0.612244718076654 0.566432659184281 0.524369640419166 0.492328912821872 0.460330492152377 0.439027159002653
-9999 -9999 -9999 -9999 -9999 -9999 -9999 -9999 -9999 -9999 -9999 -9999 -9999 0.119542584746592 0.124367839239528 0.0957454386291869 0.0977785181467447 0.114422094425787 0.115535470588389 0.107486925790788 0.101904076668576 0.0939687812312314 0.113056288677144 0.198572802764836 0.276214941909378 0.468189999517906 0.421545619708423 0.304052679201216 0.250986764696785 0.260213196620962 0.251876488788107 0.263900801347252 0.293124585311713 0.331746155202521 0.361567149552054 0.401868620209375 0.450029925391487 0.473950667510396 0.489385887319072 0.503621602488038 0.514299142808057 0.5614861508858 0.602815701801903 0.634935583522492 0.660929597809791 0.658869910388482 0.691829285807352 0.708418060546823 0.698324893828878 0.666066245474184 0.62486016771688 0.605513366726633 0.582981455094948 0.569017667301958 0.532635575126312 0.485964632850669
-9999 -9999 -9999 -9999 -9999 -9999 -9999 -9999 -9999 -9999 -9999 -9999 -9999 -9999 0.136948044803929 0.107990957290691 0.0969375158826963 0.107664155495743 0.112342154731192 0.108468688181783 0.0954771094693543 0.0669544963145757 0.0515430197563352 0.0474049333176398 0.055595120323318 0.110400340462679 0.195159654059196 0.307610105631558 0.301445532191148 0.260026519549372 0.227590746822431 0.247856754462881 0.254347071131753 0.284837820877771 0.341898492601055 0.390305596385924 0.441510229320929 0.481163553920429 0.498324713578439 0.502669602304932 0.504654443568964 0.538653632435969 0.576551231468846 0.614000735208469 0.641360799832365 0.648466912175309 0.66700607902269 0.678336451342417 0.672032976093799 0.649711223341145 0.628843212605834 0.624707439959987 0.591015890723351 0.557723634434375 0.551270463488568 0.530469392322094
-9999 -9999 -9999 -9999 -9999 -9999 -9999 -9999 -9999 -9999 -9999 -9999 -9999 -9999 0.121690437417133 0.124145642703179 0.105281174082029 0.0994252462963665 0.107303393609659 0.110454025874911 0.10130367734334 0.0931754982264716 0.111992879111065 0.116004729576509 0.0990200438609492 0.0851821862204216 0.0508637205118066 0.102884066381345 0.170843856588458 0.158304008802902 0.158708830221528 0.203871705221572 0.22648984128908 0.260773104613505 0.329895871197534 0.385218290984068 0.461108180637106 0.518186569631599 0.538225714567046 0.536065592184398 0.507249772706601 0.54026680149643 0.562112344360103 0.598488295827461 0.628752827259511 0.635392581738135 0.65730546495766 0.661817189013654 0.660318942266416 0.650058235996935 0.626588106667497 0.621019635726187 0.572762369462555 0.550794554925215 0.567353931964916 0.580461506900494
-9999 -9999 -9999 -9999 -9999 -9999 -9999 -9999 -9999 -9999 -9999 -9999 -9999 -9999 -9999 0.121951838872312 0.109573928557629 0.0974765824597997 0.100502344537416 0.109976780592956 0.114620421652449 0.113225734971731 0.120423685029472 0.122027271421399 0.121672515559359 0.122048772994803 0.11750724153645 0.110886177909426 0.0809942625716213 0.0821279689859828 0.108559667141405 0.143847204340448 0.188541939103101 0.220136898974267 0.305100758580542 0.395673210911881 0.461200131501007 0.501038175274295 0.550941409476975 0.601938981441218 0.626117541886981 0.591039191794154 0.561343869162191 0.573289537023959 0.61048651974309 0.637462388418422 0.654204652386846 0.660948848329539 0.657389515418401 0.663625143786004 0.653716280743826 0.630806750715457 0.593998188104745 0.57713409095563 0.579188194696062 0.578339149481975
-9999 -9999 -9999 -9999 -9999 -9999 -9999 -9999 -9999 -9999 -9999 -9999 -9999 -9999 -9999 0.122291467338846 0.118508450676726 0.0875666086464603 0.0838140724700042 0.0997329364627488 0.117645545303449 0.115921008042166 0.122913161029746 0.123421200617516 0.123237639640976 0.12374722089484 0.123497316093904 0.123697898890696 0.122630050420037 0.0790246838831726 0.0929201662876019 0.124959107320358 0.132825719628811 0.201701420205153 0.278114961203547 0.403326272704265 0.446625991111316 0.47209377376204 0.535247359604571 0.645158707274836 0.743257412797045 0.654975331336621 0.565448367004917 0.547707891546362 0.587619959361689 0.628603664123744 0.636944039829966 0.632055825284516 0.635951854911193 0.652129422696286 0.664144562752867 0.654406909595966 0.626862876084827 0.611798512143513 0.602944818593732 0.58679253025174
-9999 -9999 -9999 -9999 -9999 -9999 -9999 -9999 -9999 -9999 -9999 -9999 -9999 -9999 -9999 0.129965875209728 0.122216105452099 0.0988577736956842 0.0974971569570416 0.0882951292326839 0.0980485228688278 0.111253478660006 0.11896529557503 0.121300829207895 0.120699982847107 0.121047324222576 0.120948335121472 0.12227108056355 0.117866339497059 0.0921876055932824 0.0837291003983116 0.118363218995033 0.152135338084162 0.246067053927463 0.287757533732065 0.359198674246479 0.411730465866946 0.445657477052537 0.511361889778082 0.608729656314254 0.7078376888422 0.645024035451515 0.557446214215058 0.533649959838319 0.558823775090484 0.596221955267194 0.607527081388981 0.606474795197852 0.61573671982386 0.645205899376883 0.663191690760962 0.669260051420919 0.660333756476265 0.64703191337291 0.629435311217118 0.618252097099533
-9999 -9999 -9999 -9999 -9999 -9999 -9999 -9999 -9999 -9999 -9999 -9999 -9999 -9999 -9999 -9999 0.146281449326552 0.120143074438977 0.107643469648475 0.0960286772266848 0.097574291100598 0.099083291922123 0.115018491800051 0.119419103665884 0.119962122081794 0.121288718130337 0.118837059547651 0.120146071230951 0.116325659262651 0.108814331474886 0.104078779411867 0.105857669237538 0.141886561764156 0.244244717555247 0.317882888960683 0.388038346305188 0.421874942181135 0.462687984451667 0.529552700065876 0.617383519498357 0.710545064727074 0.611384758281605 0.521535030337445 0.496515695217406 0.520462685069067 0.560201214985491 0.587218419966213 0.594338894346464 0.611424169294477 0.646283137112915 0.666094919827713 0.670188248561345 0.669170225687426 0.65138646732479 0.617572348055087 0.606445990686262
-9999 -9999 -9999 -9999 -9999 -9999 -9999 -9999 -9999 -9999 -9999 -9999 -9999 -9999 -9999 -9999 -9999 0.155178960941155 0.122020082422342 0.115552542898263 0.110365184507202 0.101118380148352 0.0991971000799905 0.107709270967106 0.11520063536422 0.11999248543406 0.121392008610647 0.121889328086666 0.120880964240343 0.116229236182387 0.116409016080847 0.101638038817223 0.0946274601494103 0.1270175670985 0.255112684590097 0.463167359376939 0.507923236233707 0.499132965044195 0.488748810875338 0.528901966712148 0.531421562810773 0.518760741554173 0.494075384616317 0.493393315952964 0.514277320208553 0.550189963268468 0.581177502962038 0.608492246463367 0.634430348342995 0.654749302088185 0.668661099823444 0.652640239719943 0.620958204373112 0.596966352635154 0.57305411945371 0.544556215384111
-9999 -9999 -9999 -9999 -9999 -9999 -9999 -9999 -9999 -9999 -9999 -9999 -9999 -9999 -9999 -9999 -9999 -9999 -9999 0.1224915885605 0.122149743777807 0.116394666822189 0.113380553649678 0.107045166067609 0.108410050282079 0.115422806717568 0.120184336147562 0.122769678978987 0.12250154944263 0.119185382416203 0.117199092313373 0.106643547441227 0.0934604524482449 0.0874137427053223 0.121647285702043 0.299312750090852 0.467222889806625 0.589834512750342 0.562504977230017 0.532961554793866 0.478469081746862 0.492673516452365 0.48964890955808 0.496428045530777 0.51951286518569 0.543406031985029 0.569644053088398 0.602052430492168 0.63463178550626 0.660381314276152 0.667172097929827 0.633675288948194 0.570117958987631 0.537745858117074 0.522997913679789 0.506675740362705
-9999 -9999 -9999 -9999 -9999 -9999 -9999 -9999 -9999 -9999 -9999 -9999 -9999 -9999 -9999 -9999 -9999 -9999 -9999 -9999 -9999 0.122985312779664 0.122480700665534 0.121573136594199 0.117667676673001 0.10874380630792 0.115295802668368 0.121037460445421 0.122432641953195 0.121800730928635 0.118748845660538 0.109050806167828 0.106439448044167 0.093126886132434 0.0722952101093579 0.0964200855540959 0.213696137744497 0.499967910418937 0.620962569197475 0.585939039882511 0.52950490473626 0.513706854975432 0.49668418037977 0.518658568141433 0.527210946268989 0.543132289318064 0.573744127637621 0.593892063252758 0.621295046470505 0.67087961674171 0.682013090991034 0.635229942284635 0.569457371806543 0.529803285939364 0.516185068131335 0.536603800528359
-9999 -9999 -9999 -9999 -9999 -9999 -9999 -9999 -9999 -9999 -9999 -9999 -9999 -9999 -9999 -9999 -9999 -9999 -9999 -9999 -9999 -9999 -9999 0.123621585768763 0.121040334498693 0.116888240343374 0.114204065166697 0.118191815866553 0.120938067829535 0.122137747646957 0.120995571667337 0.113828321880011 0.101533242931478 0.094502580970185 0.0813975533735438 0.0709508491128455 0.0912672708054174 0.186099673713838 0.383177830000704 0.507733847264739 0.541611188125202 0.548732566282805 0.539522335570191 0.547344970695281 0.550262639275558 0.567882564858479 0.596187845503841 0.619691275807252 0.64576799999761 0.691337341990132 0.703920876479841 0.661789223231047 0.594512447147285 0.548812107534068 0.536308752805369 0.540688837975876
-9999 -9999 -9999 -9999 -9999 -9999 -9999 -9999 -9999 -9999 -9999 -9999 -9999 -9999 -9999 -9999 -9999 -9999 -9999 -9999 -9999 -9999 -9999 -9999 -9999 0.121177114803899 0.119559103112047 0.111369834885058 0.116148763731075 0.120050870605619 0.120586607699144 0.119954569951786 0.115415913371805 0.103394818677969 0.0912325986429759 0.0974848867801574 0.0734543585990926 0.0870460001565709 0.164071139535812 0.326187888023428 0.457311903050526 0.511417239273235 0.561433405426859 0.598354462356239 0.604482252943702 0.62031041649548 0.63261305275375 0.669175848580565 0.695430916504219 0.71961857241079 0.727923870289063 0.682822692691659 0.629255507600993 0.587834014760128 0.54608317264874 0.497753007013254
-9999 -9999 -9999 -9999 -9999 -9999 -9999 -9999 -9999 -9999 -9999 -9999 -9999 -9999 -9999 -9999 -9999 -9999 -9999 -9999 -9999 -9999 -9999 -9999 -9999 0.121192366978378 0.121366756314829 0.114778866731371 0.113089339881098 0.117164910264113 0.118411860429304 0.120050318680613 0.120317415220114 0.117761316396883 0.105675004346506 0.0899410267572558 0.0757601566226612 0.0811122993774917 0.124139316321116 0.23813491657172 0.368035090094425 0.45036364297555 0.572179745670726 0.648416009992727 0.649859449867775 0.657436616035338 0.665053101800862 0.687692512142311 0.705593309319843 0.725226652571344 0.722707711047224 0.690236549440166 0.658770899034248 0.627011722618462 0.585759542181755 0.504425760458431
-9999 -9999 -9999 -9999 -9999 -9999 -9999 -9999 -9999 -9999 -9999 -9999 -9999 -9999 -9999 -9999 -9999 -9999 -9999 -9999 -9999 -9999 -9999 -9999 -9999 -9999 -9999 0.120303372217737 0.115795923898031 0.116316020793809 0.121288000616789 0.120461723904352 0.12033017498977 0.119212640970665 0.117057226831141 0.111453619123594 0.0957292241063253 0.0878963764503006 0.112758158331245 0.177857433151897 0.342399322067887 0.431329742008585 0.555471503149131 0.659135168703152 0.663537442327855 0.662014011556466 0.672071828245281 0.670947767241955 0.685294531322324 0.701427278893024 0.691630204920762 0.692586114064112 0.687456324627897 0.6683912143426 0.619753130096705 0.529476307184286
-9999 -9999 -9999 -9999 -9999 -9999 -9999 -9999 -9999 -9999 -9999 -9999 -9999 -9999 -9999 -9999 -9999 -9999 -9999 -9999 -9999 -9999 -9999 -9999 -9999 -9999 -9999 0.121920249801397 0.121238914456198 0.116181227251858 0.117004307496856 0.119434931202051 0.11970143042413 0.119232763247293 0.116885771309905 0.112937939188005 0.10308656726084 0.0969462777039721 0.102319063236408 0.145100252362553 0.34525870091197 0.473860164259541 0.512513945587812 0.577684849431483 0.624078444419884 0.662998784249702 0.676536897512389 0.67078192205703 0.676032497258922 0.68248149081989 0.690523260280391 0.71215233920414 0.722910389306434 0.711760188169818 0.676294215251145 0.617570571009861
-9999 -9999 -9999 -9999 -9999 -9999 -9999 -9999 -9999 -9999 -9999 -9999 -9999 -9999 -9999 -9999 -9999 -9999 -9999 -9999 -9999 -9999 -9999 -9999 -9999 -9999 -9999 -9999 0.122692744423736 0.116773826862542 0.104094265861929 0.115091408936896 0.119437045337176 0.120056544910473 0.117667534256221 0.11117382060641 0.0992157500059151 0.0959764193718889 0.082974006316828 0.0931982691680822 0.253625910690263 0.512059513804098 0.571839312074598 0.522265361899757 0.566158034258629 0.664990751154244 0.660427142706003 0.655642882739304 0.663787925793376 0.673506224909796 0.676672596325649 0.72421243772997 0.758790399316028 0.75745663119494 0.733922064804234 0.712216703359647
-9999 -9999 -9999 -9999 -9999 -9999 -9999 -9999 -9999 -9999 -9999 -9999 -9999 -9999 -9999 -9999 -9999 -9999 -9999 -9999 -9999 -9999 -9999 -9999 -9999 -9999 -9999 -9999 0.123207556432183 0.119650986252312 0.100892087630284 0.113473599153283 0.120920191321541 0.12210990211386 0.119513397110177 0.110899643255624 0.0943279235053691 0.0868266593708709 0.0778732643257931 0.0445652922084204 0.154364152441143 0.472446750623823 0.600114117288431 0.525838096249663 0.508895429086525 0.536022652529935 0.597652886207279 0.661084275385017 0.692620035487235 0.69112266233752 0.704059953147077 0.744863531864797 0.774761393807962 0.791263888125843 0.79888634563401 0.812100283636928
-9999 -9999 -9999 -9999 -9999 -9999 -9999 -9999 -9999 -9999 -9999 -9999 -9999 -9999 -9999 -9999 -9999 -9999 -9999 -9999 -9999 -9999 -9999 -9999 -9999 -9999 -9999 -9999 0.123500495579637 0.120429270489801 0.0989010592026373 0.114016366334125 0.122622259657888 0.123211217636988 0.120698406439635 0.111952114505826 0.0919034406670791 0.0852768625698161 0.0790697234175068 0.0155462691136388 0.0601864420535945 0.441443866792429 0.571323608796339 0.482204458115635 0.440331203789155 0.432779317672634 0.503776784041862 0.626704568672568 0.716403206405158 0.714444980450288 0.71761095313812 0.767830261233259 0.784770916683209 0.8050642808591 0.843017561413828 0.872725608020787
-9999 -9999 -9999 -9999 -9999 -9999 -9999 -9999 -9999 -9999 -9999 -9999 -9999 -9999 -9999 -9999 -9999 -9999 -9999 -9999 -9999 -9999 -9999 -9999 -9999 -9999 -9999 -9999 0.123313135983734 0.119674602060066 0.0936857255124467 0.116261597299205 0.122688639062491 0.12325084471726 0.121321013396809 0.112146506180072 0.0914371474580019 0.0827347991334979 0.0723754811977309 -0.00353431459229747 0.0308878478126488 0.394929987363752 0.533903835332031 0.425072741524381 0.365010746700664 0.372287786340025 0.444818196093347 0.548324391067173 0.648813745607597 0.720662189539854 0.757465350248275 0.784178122642656 0.807657352105346 0.836817548364628 0.874711672337894 0.905011502081303
-9999 -9999 -9999 -9999 -9999 -9999 -9999 -9999 -9999 -9999 -9999 -9999 -9999 -9999 -9999 -9999 -9999 -9999 -9999 -9999 -9999 -9999 -9999 -9999 -9999 -9999 -9999 -9999 0.123099295304759 0.115872626354243 0.0934705724498037 0.118276337059806 0.122772291239481 0.123214794497362 0.12123242312412 0.11374348319877 0.0897945634186379 0.0809202558034768 0.0637634347963818 -0.0249413584841279 0.0434763683079508 0.401348481016111 0.472758134624729 0.351501512943099 0.299880657610078 0.300298215326041 0.389494908732907 0.503817025709919 0.60091571586492 0.661530258471555 0.710701470470976 0.775439158974376 0.814428936339977 0.850667137651839 0.887634872498969 0.90194500401889
