meets/meet004/_saidas_enm/CCSM_Maha_21k_Aralia_warmingiana3.asc
NCOLS 154 
NROWS 168 
XLLCORNER -112 
YLLCORNER -55.5 
CELLSIZE 0.5 
NODATA_value -9999 
[rows 50 to 74 of 168, columns 56 to 111 of 154]
-9999 -9999 -9999 -9999 -9999 -9999 -9999 -9999 -9999 -9999 -9999 -9999 -9999 -482.866592806517 -215.808930152018 -84.9124167452771 -60.4848795394474 -65.2320553804446 -62.289021782504 -45.1516947821117 -30.0404141895863 -14.4942023041903 -9.60558436244136 -12.7046011253147 -20.9429846013402 -30.0900851468312 -43.4803774757453 -69.091548181273 -89.8666791599826 -123.351770042086 -138.933123247978 -123.578218895932 -89.3746431158633 -54.5060441914149 -18.9471091279295 -8.63370316821151 -4.89359670958882 -2.09329377679281 -2.37930010657556 -3.6827353895689 -3.60631202752626 -3.99801496564528 -3.65040080181725 -5.38242275415556 -8.15320079650662 -13.3801118218743 -12.9797901039118 -11.2128890564858 -9.24295337877059 -5.45646920850375 -3.31100642995581 -4.45573228360279 -3.98222946916101 -2.94907951671383 -2.0016579989981 -2.1363645899241
-9999 -9999 -9999 -9999 -9999 -9999 -9999 -9999 -9999 -9999 -9999 -9999 -9999 -292.733155053318 -153.591516164831 -70.9651210065823 -49.4117932418988 -45.9594219218054 -41.2109897612448 -34.8124105537889 -22.2917784114061 -8.86151580625378 -3.06395762277235 -3.58761059124612 -9.23867404617358 -15.5761046476461 -28.8857002594062 -49.2844518004032 -69.1498964857024 -93.3850460911123 -108.236917805187 -92.857787879827 -69.6742039434483 -40.2136108388168 -15.2308960050425 -6.36623643827259 -4.00661282551072 -1.33406552749045 -1.20801426478618 -1.86465568150755 -2.16145044166119 -2.9664521866295 -2.69088583446599 -2.83503447267359 -4.14580649784144 -4.51556392893504 -4.0396852784518 -2.6106394369739 -2.12273144099556 -2.16417974435685 -2.11347781509999 -3.18818616938931 -2.96367913216455 -2.67240748824959 -2.51612179508634 -2.92960744535303
-9999 -9999 -9999 -9999 -9999 -9999 -9999 -9999 -9999 -9999 -9999 -283.182902074488 -220.185787273314 -189.764785073577 -121.174110544488 -63.9896188253332 -42.7521446704351 -30.1225383628588 -24.128870946292 -23.46005012642 -19.5564564346885 -9.53493188134716 -4.81383399299824 -5.12089120821461 -9.64829998003416 -18.062214075452 -29.8004167153057 -52.998775755004 -73.2290137362843 -93.492825911929 -107.082061321803 -83.3472621796058 -55.7200943637291 -29.0224317756378 -8.1338892843137 -3.32746720620568 -3.2570694968535 -1.20157932998771 -1.50214573627031 -2.22926037625255 -2.63120308448961 -3.3008944563654 -2.64065073436819 -2.85344073746619 -3.48240267218315 -3.05598232497698 -2.89261334850462 -2.94229880273016 -2.14489791769148 -1.74221155729606 -2.07311817165609 -2.69221293758819 -2.9037319815785 -2.95460995235994 -3.28662292688478 -3.90382562393895
-9999 -9999 -9999 -9999 -9999 -9999 -9999 -9999 -9999 -9999 -232.859677755362 -196.903550650685 -158.614398438812 -165.6114487306 -133.015431515557 -86.5723005683439 -49.0193244645932 -28.1787418096183 -19.6270675493177 -17.8055205541843 -18.5061597656217 -17.3006230133402 -17.6742696689734 -20.3498434644634 -26.0984433682418 -36.8950001861293 -53.2893282354491 -74.6306421906837 -93.4701503289986 -113.50725895344 -118.350570139342 -91.3651281604557 -55.5659192963362 -26.8022946074656 -7.32794389660143 -1.99538612789313 -2.59998682917425 -2.06659144762573 -2.15578649664596 -2.99982442833563 -3.25794186710007 -3.07705565482796 -2.90347485962197 -2.88610359297268 -3.40054609762127 -2.90589314774433 -2.51856039880764 -1.9993995047661 -1.75381275740749 -2.5164105724931 -3.15655285517324 -4.20771733350663 -4.15030741850175 -4.37063478226451 -5.18685094477738 -5.74957229469063
-9999 -9999 -9999 -9999 -9999 -9999 -9999 -9999 -9999 -9999 -133.474630741309 -111.926838928729 -134.084553711156 -141.394328962331 -145.586343338974 -118.81385532669 -75.1198471829048 -45.758253418917 -34.6826975409421 -29.4137302726943 -27.6441143930303 -32.2740424789964 -39.3656732508132 -46.715728349161 -54.9522623146174 -65.6602606159384 -82.8324783813555 -106.173928574286 -127.55587638978 -146.861613303043 -148.802157126979 -114.936666590578 -67.8719360163957 -33.9744389310301 -10.2753644481515 -2.03210877522644 -1.77190118522411 -3.15453343875532 -3.05808859223076 -2.58999695708482 -2.51665919423663 -2.27481804710635 -2.17688966022733 -2.24432300971881 -2.02910368413507 -1.9615424617902 -2.45043930630491 -2.97742045698075 -4.76169948084231 -7.06701456269455 -7.82934728781481 -9.3097933428511 -8.8522807613627 -9.09273356871728 -10.6108750733552 -10.8205817981817
-9999 -9999 -9999 -9999 -9999 -9999 -9999 -9999 -174.488545742219 -97.4852760639762 -51.9262287001078 -70.4334844815322 -119.583723462825 -124.449856155491 -113.584103586692 -126.571968940635 -111.002851487176 -77.642966097875 -63.8035165788575 -57.0190851307963 -53.6658198790987 -57.4838341356797 -65.7517732602339 -75.5026737878154 -84.1109404327705 -97.4282039517151 -118.625899175281 -146.229110882657 -170.990580523 -175.434438336433 -168.947506096237 -128.056847544113 -82.1003026333575 -41.6411136176226 -15.5279159678548 -3.65107628206663 -1.66603905679164 -2.75967154604406 -2.81935219177358 -2.0247147064371 -1.63083396297182 -1.38558005647701 -1.29851464118445 -1.30839615767997 -2.16466230155339 -3.70492671397295 -7.11822175160038 -11.7639834547621 -16.8617804749924 -21.0278525822146 -22.5085249280069 -23.4400339080617 -21.2464946276987 -20.5366366707134 -22.1740163380612 -22.6353169155431
-9999 -9999 -9999 -9999 -9999 -9999 -9999 -9999 -108.032194933071 -42.4639516682238 -25.2505969248223 -50.3904904301763 -112.548146738583 -112.613942665886 -93.3193169495654 -95.9601972981008 -115.070183514443 -118.614544948185 -105.101742719126 -95.3939386710663 -94.9100344797962 -99.7786797515981 -102.997966600481 -109.928947399683 -126.643193767544 -146.389309771624 -166.960615080141 -191.228737816381 -204.022667642346 -206.379365442451 -192.170397547406 -147.634472615696 -93.9657467267626 -53.6610436084804 -23.280486335712 -8.64208828752495 -3.62704758158746 -2.64105815410612 -2.98584054103337 -4.23785732203136 -3.5331008639516 -3.69389833871423 -4.03849536979715 -5.97235228964088 -8.90983585367096 -14.0328024250371 -22.4839697817395 -31.9838695014847 -42.1284701052298 -45.5258108458978 -46.8624917696917 -45.2121159786734 -41.4548004037519 -39.8470989646387 -39.3778438487386 -39.0006775108027
-9999 -9999 -9999 -9999 -9999 -9999 -9999 -111.082257977178 -58.7869213573249 -21.2120833450331 -17.5480305374748 -47.6381756712699 -117.83746676181 -125.949181624811 -90.9117054961313 -78.3126170109547 -92.093349419696 -118.994489252402 -126.444620515174 -142.091206157343 -147.015735676527 -149.130421227458 -151.214565624485 -158.302108841126 -173.269699741641 -182.125529079943 -183.474133543862 -181.788499609048 -186.528919715451 -190.338947395364 -194.651669950274 -159.028267302915 -110.267754894264 -68.7361754293357 -36.4685753926153 -19.1308146116183 -10.4604060334754 -6.17512195676733 -5.66970007420208 -7.04538647012212 -9.61296786980846 -14.1392610690605 -17.6925173717651 -22.783445269813 -29.9761438474735 -41.3568797034612 -45.7264131506569 -44.7663501781804 -44.7185932525965 -46.1453071489779 -47.6584291684358 -48.7185011457387 -50.757255274008 -54.2717303837313 -58.2948024895362 -61.3206985460656
-9999 -9999 -9999 -9999 -9999 -9999 -9999 -74.7494601324505 -31.3279674719207 -11.742185426989 -13.9733851597894 -50.7638400341373 -119.528676726573 -140.349386604532 -95.9413816584605 -65.7683236770368 -74.6663548260145 -91.6952271325353 -101.974235839773 -116.247534413564 -126.893785639012 -136.4345153763 -146.689231583009 -144.863108238384 -145.020228138884 -148.928888596826 -147.470217408885 -152.061830594605 -151.547663884797 -146.464834225924 -147.936569715522 -149.028424323739 -127.262060150573 -89.7391833374261 -58.5856969427539 -38.4090277519218 -26.3150023147291 -19.1398327790642 -17.765043416744 -20.5420607174506 -25.6857475111668 -34.0081878611291 -46.2381818948569 -60.7027315894034 -61.3402166561029 -57.5940549299859 -57.5837643877708 -56.4898769390154 -57.4327193310879 -60.9915191176868 -60.2892921850727 -55.9172625820285 -48.9872709162868 -45.3340356778255 -45.0509804588019 -46.868240933845
-9999 -9999 -9999 -9999 -9999 -9999 -101.865899452713 -43.7159930919972 -13.2427666830822 -8.80090664799087 -11.1873785922049 -49.0158006138321 -128.701224801343 -165.94023459593 -102.949413371697 -65.2059386666739 -62.9421957247433 -71.151102452664 -78.5425857322175 -93.0891111404659 -103.984465074253 -107.494325649157 -113.364206016877 -113.148387311884 -115.377107874417 -117.032912420391 -117.363014089768 -115.005082277988 -117.09256370659 -124.089544442861 -128.334875578044 -135.195046942355 -137.147451442841 -115.762614302628 -87.4868940230212 -70.0063107986608 -56.1510645404484 -49.7820075748233 -49.3997538567724 -53.583353022499 -65.3483640211166 -74.8224533661 -75.1460884211968 -73.1803250408728 -73.7904657976869 -77.6628327341907 -81.7138255238613 -87.1623460285667 -86.6766150713267 -91.6826808212173 -83.1827451459096 -76.4917434827404 -63.4432302070076 -55.6521276386384 -53.1689631211634 -48.1210155164554
-9999 -9999 -9999 -9999 -9999 -9999 -79.7316482195634 -27.4497662972196 -8.78108480598098 -8.55768732627794 -14.9013744451136 -51.0695912831418 -129.219369551726 -166.281547040866 -108.243214934717 -63.7255239296675 -57.2916732245491 -61.2240660066178 -65.9743912161184 -75.8909214989303 -81.9930075320967 -84.1955392098889 -86.9059115270983 -85.3848109359005 -86.233406518395 -89.1127323807442 -88.0939509274298 -88.6761893490871 -90.1453649100707 -93.5579798506589 -99.3236786021701 -103.083976290894 -108.344691988934 -112.68544859856 -110.504339220951 -98.6373928431527 -89.2063444827012 -85.6201236365108 -85.3220086777055 -80.9328461475974 -76.4112060787207 -78.1413140756099 -81.3817628675397 -84.8360886495905 -96.921237296654 -93.8240584152069 -88.8134397100333 -80.2964750801828 -70.6927175095431 -62.3890719067988 -56.6454767853964 -49.8466596296467 -43.8069937583052 -39.8718664213056 -37.9843967270893 -38.8389290313327
-9999 -9999 -9999 -9999 -9999 -9999 -67.0001193027511 -23.3318011887824 -10.7524672776014 -11.4039665749427 -19.0772917635777 -50.015082995788 -124.891410891653 -154.00438328112 -100.240754466082 -62.9947478876178 -54.1438058034305 -56.1906285867651 -59.0328959815631 -66.2435942321088 -71.130290476137 -68.2162349854739 -68.0189613351978 -66.7521975405449 -69.1598531712181 -71.950694539516 -71.8917190622213 -72.1863028792374 -73.6358921796516 -76.1733546028539 -79.4106182340274 -81.7670341923552 -84.6716989642601 -87.1395717417841 -91.1278697759509 -93.2866253252982 -88.5047160631784 -83.4952003094013 -79.0183811799476 -77.4989386297172 -80.0017140071521 -81.2417609356264 -78.1157154856512 -73.3989334200077 -72.1379102944072 -65.1350205942127 -62.2434192272556 -56.2836073182709 -49.2305759428939 -45.3560601568312 -38.7892264268727 -37.1144134681797 -33.4539999817038 -31.2193914971422 -31.3844345709055 -33.485783562519
-9999 -9999 -9999 -9999 -9999 -9999 -9999 -29.144797763235 -15.1859493267003 -12.7941073429371 -17.1881346860818 -42.2885092382319 -100.952445127729 -128.880073767377 -95.0591155644455 -60.3247698496548 -51.7225603779665 -51.2487009775778 -52.7071718975372 -58.2619934308057 -59.1714632280904 -56.5316432333072 -54.5997934199685 -52.8597710853172 -54.2781341440382 -57.2114475684294 -57.1390824988273 -57.3173714895981 -57.5427189262103 -57.7731080528248 -59.8068802229894 -60.5861371586197 -62.8358410262578 -63.0898762489229 -63.2498333561488 -63.8696163015141 -62.9313684981135 -62.2719639805315 -59.4995408357066 -57.0816972423849 -55.4119103649997 -53.8708667663752 -52.3416650859291 -48.3017816709899 -45.972013103448 -43.1486230727352 -40.3903456671194 -38.2083438720944 -32.7290901159315 -28.8731802196548 -25.3303980260833 -22.7781159623057 -21.1812840106076 -20.5905545754806 -20.2833183810598 -21.6310957903987
-9999 -9999 -9999 -9999 -9999 -9999 -9999 -9999 -21.0649757472716 -14.6011483832911 -11.3799823979178 -33.639847967456 -86.796623539211 -103.824229986332 -74.9361880185624 -54.5724893820404 -44.9886799416915 -44.2132062501074 -46.7673086455584 -51.9944636318666 -51.5959920712693 -48.9398380541516 -45.0254642758115 -42.9778731983253 -44.653170647658 -46.3460978752066 -45.8075663380848 -45.1646282228975 -44.7212270133658 -43.9649737197415 -43.7939439628156 -44.9803359905735 -46.1810241764785 -45.9990147534294 -45.3818473214616 -43.2044177230668 -43.5362308742614 -42.3321024721064 -40.2448274512861 -39.8798797418048 -37.4891921062146 -36.7447566142581 -35.2521523787269 -32.2596148315983 -31.2842890274966 -27.3718750450489 -26.2069761409408 -25.2591681510959 -22.6141177290511 -19.9245014109056 -17.3926054250574 -15.7908792510674 -14.3113798218492 -13.0211076943405 -12.0980257618028 -11.0515886086329
-9999 -9999 -9999 -9999 -9999 -9999 -41.966857551409 -35.137885934741 -23.516053801957 -19.6960571312766 -20.4224408924356 -35.097582432885 -61.6205697666571 -64.4172272474334 -46.115723422098 -33.1775610038599 -32.7521023726727 -39.5341230190094 -44.5768374923933 -47.6053640082611 -46.6655307503276 -43.6758344475661 -41.4958544344247 -38.209452432805 -36.1204883037229 -34.8818109629001 -33.5702110749626 -33.3421164775188 -33.0792332156791 -31.9519437191003 -31.8455159270999 -32.0341847789093 -32.7246874957446 -32.3150991513845 -31.9369032532544 -31.0713697233315 -29.2584871631481 -27.7721520615406 -25.9928170695486 -25.0283583405881 -24.496699897539 -23.9308465405832 -23.1204750202657 -20.6255826331072 -18.8833349184534 -17.1850620612646 -15.6134691143007 -15.1542648456608 -15.0961759057073 -13.7966374626426 -12.6232561507733 -11.1147458093918 -9.75868898511499 -8.5765136447969 -7.73158765870989 -7.46184194567629
-9999 -9999 -9999 -9999 -9999 -36.7557637746807 -34.0628014123768 -30.5095597676735 -25.8147326939002 -26.502688126597 -32.6392597323629 -33.4524865925362 -39.239423383524 -34.3308204133109 -25.8901350887627 -17.9354992848946 -23.6330746421248 -32.9279156231325 -41.4724682583626 -43.2612745623976 -41.3349274175214 -38.8066500480813 -38.7524964111836 -34.6642379849447 -29.5339532733942 -26.1071010153734 -24.7247216805083 -23.9604056278349 -23.2673983681068 -23.8917868181992 -23.6301266517197 -22.9010307988223 -23.5145002065106 -23.4594499943039 -23.6129519042804 -24.0732078594085 -20.9811605755604 -18.7460267005264 -16.9127666502155 -16.4756392600636 -15.6738513029081 -14.8809335040057 -14.5520696761681 -12.9224603119739 -11.9498362463235 -10.5244450615169 -10.4537561499563 -11.1867446951554 -11.0007274824112 -10.312709346415 -9.78056774048425 -8.62516770003189 -7.4359164261245 -6.27765059050076 -5.70889378296472 -6.1788499469345
-9999 -9999 -9999 -9999 -9999 -23.240300472883 -26.9928685139607 -23.9761794254271 -24.348307957686 -31.6899070863378 -33.6831105367827 -30.4154812476751 -24.3533450749772 -18.245889843257 -16.2616934047628 -16.6557847168247 -22.2299644214767 -29.4908075586493 -35.6286418684844 -31.9484393054996 -27.7198362014098 -25.8913799362423 -25.6979481773833 -23.5713035424944 -20.5726003299966 -18.6063846106763 -18.1045376056313 -17.8005223553902 -16.861147900607 -16.6858618671495 -16.7964405860421 -17.1805395911993 -17.278134335528 -17.2771832473305 -17.4079516091987 -17.046926120955 -14.8416893049165 -12.7253258110977 -11.2415377869822 -10.1493049642332 -9.73492528875198 -9.1144159760906 -8.70405744407368 -8.37953976593797 -8.37877335877995 -8.93308761706836 -9.00311104331207 -9.14777616627264 -8.97475291736521 -8.69170007808298 -8.49456602641577 -7.36456480016106 -6.23595675950318 -5.37082957590242 -4.71992912241956 -4.56499809662477
-9999 -9999 -9999 -9999 -9999 -9999 -20.1313282225746 -18.0177999894114 -21.0916797011826 -33.3383563384146 -44.2345061054841 -41.3522203557088 -22.0954189639354 -14.7526635876081 -16.9876973706856 -16.9318629952428 -22.3478305750514 -28.2281392253415 -28.7660293693924 -26.330645069787 -20.295979919111 -18.3411206428784 -16.8811966030162 -14.8885254187457 -13.1225876541597 -11.6265066035707 -11.4240863579908 -10.6971561901106 -10.7494177199321 -10.9898917018482 -10.0028128644175 -10.790444122785 -11.4812108427622 -11.980230313142 -13.2945830178649 -12.694635516788 -10.5967660105174 -8.56495767851256 -6.95701981912745 -6.14727934540372 -5.84089739571852 -5.53551467128412 -5.95509213192684 -6.38747555196646 -7.02489185883914 -7.94006348863663 -8.01840564422384 -8.47345118387226 -8.40774142767411 -8.54615238534453 -8.25820862441584 -7.34289245161717 -6.40586104621294 -5.56927029587609 -4.82146690455439 -4.58743840937529
-9999 -9999 -9999 -9999 -9999 -9999 -20.5348746578815 -14.2426721930689 -17.8262812617607 -30.7894275006058 -46.0976710488229 -61.5019887080546 -56.6018645070202 -41.9203902667375 -31.6510628141308 -29.3503403630387 -28.3796023026088 -27.8211606541465 -26.3254123496675 -22.5959579119449 -16.9783490669754 -14.7214420240178 -13.1269323094976 -11.1213622277497 -9.29319541711032 -7.70451601323351 -6.9595139445375 -6.3375762308984 -6.31298891679242 -6.68139607302213 -7.1359760563534 -7.43188616932914 -7.59543065048359 -7.5281862016968 -7.68873991320118 -7.70285834213474 -6.77771433749817 -5.27028022551829 -4.14650340097938 -3.58852659869456 -3.48743971393014 -3.59388484141158 -4.18695718307789 -4.70725051444388 -5.46757847368486 -6.37908902317125 -7.08481556503087 -7.88022425904976 -8.63805295178219 -9.58242142738595 -10.0795690204177 -8.91575151254728 -7.84502598635273 -7.4553425898806 -7.40855702417165 -7.91055600289646
-9999 -9999 -9999 -9999 -9999 -9999 -21.3281591113444 -18.7024532408542 -19.9486104291038 -35.7712798522423 -52.5986941673738 -69.6750599130958 -95.7631270323528 -84.6369482024099 -62.4881557850636 -50.4681074459976 -40.28424153671 -30.3486319922755 -27.6036923654126 -21.8093929909755 -15.9362415704986 -12.6970208664552 -11.8107961160683 -9.838631273147 -7.71025948492994 -6.04654502449788 -5.4711448487017 -5.13315048205273 -4.92061320256138 -4.98839489752122 -4.95966270797831 -5.08147470024624 -5.29603535023693 -4.80029403626388 -4.31826981280454 -4.0126082212103 -3.2232971101362 -2.87226837951639 -2.60178573495943 -2.2101227124372 -2.14873631355564 -2.05508283996326 -2.69467257663252 -3.24048071914639 -3.9677940095203 -4.87221448831751 -5.69538463557308 -7.39733644496338 -8.672849017372 -9.93012484611261 -11.507463536197 -10.2723830822666 -9.75820941131883 -9.9509761274424 -10.4748423575092 -12.0535669942769
-9999 -9999 -9999 -9999 -9999 -9999 -9999 -9999 -47.5419091931407 -47.0879365655844 -49.8173835340997 -78.8066940229865 -117.432310641854 -113.161913251249 -89.392419394748 -65.2853832734712 -48.3477030890202 -37.921827617787 -34.0780761244851 -21.7000494158634 -13.7625231316258 -11.3327439649262 -9.88808664599574 -8.33401081708715 -7.75891215973627 -6.06373743267258 -5.04890056884814 -4.2650119025073 -3.95600656409343 -3.96515256458507 -3.89491999614594 -4.0172604628818 -3.76844557466286 -3.68002426151928 -2.89877101309111 -2.15388833397037 -1.55583476226893 -1.23207434210518 -1.19916484760593 -1.39689102852148 -1.38321284271975 -1.64570991262853 -1.94551057634565 -2.27309725742858 -2.86754901011963 -3.83057915808987 -4.93588529886054 -6.0670554760015 -7.589112900224 -9.60192833398708 -10.59255859331 -10.9285657347484 -11.0399501841255 -11.9542224997507 -13.4711401079936 -15.0948314413665
-9999 -9999 -9999 -9999 -9999 -9999 -9999 -9999 -51.0102511485859 -53.5822387796027 -48.8030719721718 -88.7387949698191 -144.922854694731 -133.883004069532 -102.224723299447 -74.0583969583468 -51.5848313975924 -39.9215003618646 -37.8349318054386 -21.8216483940488 -12.1836218380476 -9.64342792753763 -9.02541072690885 -7.54346961267052 -6.40215603908834 -5.55572029636729 -4.94032941346117 -4.08331756399236 -4.01506660282802 -3.82299627079403 -3.15394297099427 -3.15570369721627 -2.62379456669073 -2.02615302799337 -1.8825260192716 -1.7138145827465 -1.15579618381211 -0.713595128483842 -0.422148206477618 -0.458245484311497 -0.854985208843206 -0.745538350361255 -0.986424204937616 -1.32316606083929 -1.8445330586177 -2.76457210564976 -3.60722049347408 -5.27896404542631 -6.96046056354114 -8.34601281103878 -10.0342382502341 -10.8145532601568 -11.5895111072901 -12.9833982173608 -14.1650747677047 -15.0674659803918
-9999 -9999 -9999 -9999 -9999 -9999 -9999 -9999 -9999 -58.4378740403139 -48.6387189058653 -94.0689136138304 -179.898376894245 -155.638557906582 -106.648695071164 -76.6347122598305 -49.107866623314 -34.5756469767428 -34.9479847965129 -20.875759333623 -11.5823778280374 -9.41418095562337 -9.76823313067828 -8.01373703951394 -5.9852695127723 -4.73470894121206 -3.92210806359519 -3.68164601499753 -3.60962466914694 -3.48058265919812 -3.52680045030452 -3.32838206278924 -3.0577959666433 -1.97771115456323 -1.17669721953668 -0.592028385126676 -0.454506900211449 -0.571015474363752 -0.673237590343592 -0.330559342876044 -0.237932882700413 -0.45763888524393 -0.800230973591873 -0.800640578330076 -1.03922982503129 -1.62873744434022 -2.70743716195689 -4.16447845702722 -5.90300495899347 -8.250359471467 -9.38467140912714 -9.83784800062172 -10.3536213499543 -11.7159638949306 -12.3829119932768 -12.9786912698161
-9999 -9999 -9999 -9999 -9999 -9999 -9999 -9999 -9999 -9999 -57.3205265409212 -114.225604816877 -189.922645390517 -167.120559456653 -111.156423754301 -74.8435952930872 -39.1825550015638 -26.5371595745076 -27.5998847251881 -18.6497105806332 -11.6713526128028 -9.7999058199795 -10.2271773913913 -8.98879359149099 -6.72879391880773 -5.17526410180518 -4.41721480192973 -3.90591203156686 -3.70532690061384 -3.66807256909572 -3.5721366194102 -3.44087200968734 -3.02083076100855 -2.1602982472483 -1.46400667724553 -0.645035417619184 -0.218983636453516 0.085144067603385 -0.0613281256878462 -0.561251841020258 -0.507729933049309 -0.270817249489353 -0.287059788880577 -0.458833622566712 -0.736617762294135 -0.922696315886793 -1.51346685130655 -3.06357213779226 -5.18124814886995 -6.40363479327758 -6.94900594704948 -7.63736141235352 -8.41069178736672 -9.83528404218108 -9.88369917163019 -10.5515953485547
-9999 -9999 -9999 -9999 -9999 -9999 -9999 -9999 -9999 -9999 -9999 -131.713823878236 -184.902592150404 -172.3644584435 -114.728226730869 -70.1199985601532 -37.0308203288274 -17.458761139225 -17.9901989568625 -17.3028381525256 -13.0729429387413 -11.5369053324346 -10.5697769905908 -9.32478843145491 -7.7140409258152 -6.11356945796407 -5.44405474171195 -4.84846541735509 -4.40377657483723 -3.91545549143213 -3.59227550254187 -3.58129209419682 -3.46146314292511 -2.60430352185481 -1.80928882825819 -1.16318641354197 -0.579591119477641 -0.224072268650823 -0.00674467304726023 0.00822281834445948 -0.0772398472223839 -0.329061055911186 -0.496135129388502 -0.499956597210736 -0.540341107184525 -0.756701156414197 -1.19895917224525 -2.40068554461511 -4.33427520001347 -4.54083271881674 -5.19226982591991 -6.18446185265659 -7.45613475536233 -8.2567348697212 -8.00411372707602 -8.34327516524234
