meets/meet004/_saidas_enm/CCSM_SVM_6k_Aralia_warmingiana4.asc
NCOLS 154 
NROWS 168 
XLLCORNER -112 
YLLCORNER -55.5 
CELLSIZE 0.5 
NODATA_value -9999 
[rows 50 to 74 of 168, columns 55 to 109 of 154]
-9999 -9999 -9999 -9999 -9999 -9999 -9999 -9999 -9999 -9999 -9999 -9999 -9999 -9999 0.024328897964762 0.0197676589314609 -0.0105885410673464 -0.020076052280999 0.0871311571257214 0.285101729895926 0.467732151834904 0.495481314124927 0.335786523784201 0.0974313227656884 -0.00490001214645486 -0.0270956523632063 -0.0463714803095737 -0.0771934657794094 -0.0795261856084168 -0.065583341403751 -0.0407989369581392 -0.0241832769806601 -0.0340845398356708 -0.0485290283107839 -0.0379706546755154 0.0518080062087414 0.271272939317553 0.34130079869325 0.344239406763126 0.286475969284595 0.247833573610104 0.187712699561335 0.173933741942239 0.111598466387973 -0.0168591577124989 -0.144347009335992 -0.208587729112918 -0.146121232018616 -0.077762725049463 0.053576767848556 0.250692566834742 0.350772012674849 0.478199962472922 0.528205864637576 0.507546134134593
-9999 -9999 -9999 -9999 -9999 -9999 -9999 -9999 -9999 -9999 -9999 -9999 -9999 -9999 0.0275349697072804 0.0126653592848258 -0.0207213583602232 0.0173705878772719 0.153867156550485 0.312911638606514 0.405657590832154 0.37011681747369 0.237977430534029 0.0960946024027243 0.0136180266854216 -0.0237621542751401 -0.0441385568361505 -0.0597393072915219 -0.0540603008449942 -0.0335826750120226 -0.0119557227923238 -0.00308636317320055 -0.0170630694878354 -0.0402649050197336 -0.0421718288287133 0.0211732358329533 0.194719806348896 0.314669475215699 0.327279278603675 0.294711706778885 0.235690909325978 0.197095684527866 0.156631183220871 0.0865684766537062 -0.0154835000973218 -0.134088739235006 -0.167859114461493 -0.121192569868674 -0.0252988442967695 0.132519197141647 0.334369964830629 0.468118174936311 0.548931619674857 0.553439657617721 0.514051159774623
-9999 -9999 -9999 -9999 -9999 -9999 -9999 -9999 -9999 -9999 -9999 -9999 0.0256659419058797 0.0304631909096937 0.0280948164352661 0.00621967417013874 0.00180419151497552 0.0615695000872076 0.172216438239101 0.257212983987786 0.241862712521478 0.197575486078802 0.107205255533592 0.0319802309813214 -0.0203218205728802 -0.045399099545977 -0.0445873760009271 -0.0371688411681748 -0.0158881300373968 0.0057266714930071 0.0201296446383987 0.0241278802067563 0.0128729098948747 -0.0136137606982055 -0.0320511416354656 0.0211898153895611 0.135711651331755 0.227412159492787 0.265760571562742 0.239452195838487 0.176157966519922 0.177658044955595 0.127885969477398 0.0634831741535229 -0.0121032962595792 -0.0908411920408192 -0.0898074695739706 0.000462250614910231 0.116748425189206 0.305489948592413 0.513488233645608 0.595055666438484 0.6046580899066 0.56752195980128 0.50402643252459
-9999 -9999 -9999 -9999 -9999 -9999 -9999 -9999 -9999 -9999 -9999 0.0252078909102585 0.0302551665280744 0.0268456436411548 0.018230689118115 0.0136716772750563 0.0214281809867026 0.0460006620812959 0.0567328937532214 0.0548129452327696 0.0372748167507821 0.00824306833188398 -0.0289392058035995 -0.0504950741869651 -0.0515315542412949 -0.0398080446283411 -0.0220429636314101 -0.000832992733384164 0.0180871255967013 0.0283991423959911 0.0318560815937557 0.0320928981012359 0.0260188540259672 0.00481608784681542 -0.0208891331462073 0.00629158036461785 0.101545416894213 0.175828621393962 0.212142197834003 0.199503700144222 0.155904492479525 0.113077085391186 0.0494110581017725 0.0117533059897962 0.00404706892388912 0.0238688399725063 0.109769134808792 0.23176815445345 0.391397250921737 0.530041127391693 0.608435302160858 0.625795593811534 0.582783021226106 0.521500010158511 0.443310961219913
-9999 -9999 -9999 -9999 -9999 -9999 -9999 -9999 -9999 -9999 -9999 0.0280239015096176 0.013948239249992 -0.010675018801918 0.00916459533063974 0.0180705165151774 0.0237064234334832 0.0120638043801966 -0.0322800749244568 -0.0608223812945867 -0.0674507408567561 -0.0757188715976596 -0.0638920870967117 -0.0469330530048433 -0.0281326926579404 -0.0052907480933283 0.0127891274089462 0.0264327305851337 0.0327165271831517 0.0336201295432991 0.032882700702407 0.0328643164717931 0.0323654006675737 0.0177686536773893 -0.0118332224942065 -0.0117806536892863 0.0592329691717757 0.119746437835251 0.181645581071971 0.194440107654144 0.184982693225663 0.185146337374077 0.112666823274024 0.103146845260427 0.130281409727551 0.2050086858211 0.362325073667119 0.45697391712688 0.563227255552941 0.606775723936901 0.577721308051787 0.548668832437176 0.480308415189418 0.417805938677109 0.355789495414296
-9999 -9999 -9999 -9999 -9999 -9999 -9999 -9999 -9999 0.0270238693832296 0.0268170037354425 0.022259746399826 0.0311855387159601 -0.00920539073925208 0.0181377846538424 0.0240751348090722 0.0172413012393725 -0.000157670449475011 -0.0395392144796886 -0.0677491157335171 -0.05875968214815 -0.040305235054566 -0.0271840525686982 -0.0126294229704073 0.0046513345974763 0.0218505216215924 0.0313711906059455 0.033739702252181 0.0327493747123318 0.0310951207976998 0.0303473903562662 0.0310122584855864 0.0334381106618589 0.0262698814685803 -0.00348088621174186 -0.0303410891469573 0.00195294856866551 0.0570867409553903 0.10739600203247 0.148181411295315 0.156167884064687 0.161399960579837 0.140899854287689 0.14169147676676 0.202281193006327 0.290277096067668 0.396220627023309 0.458798345855193 0.464346403710096 0.435769346967112 0.412223769488715 0.375436284186388 0.337721494769394 0.281092321763373 0.249970012540031
-9999 -9999 -9999 -9999 -9999 -9999 -9999 -9999 -9999 0.0286717401508428 0.0204950544065888 0.208579409085592 0.235569145185873 0.138026725653627 0.0921018467040609 0.0411129649873204 0.0166672218143835 0.00822781853495608 -0.0182921631931728 -0.0314618095247303 -0.0130827122642102 0.0060786833924979 0.0136324746226227 0.0193905845251648 0.0268175217627891 0.0327188037888447 0.0329173357672778 0.0326866883730799 0.0323552618261946 0.0324516815144406 0.0328305930018868 0.0330075163626933 0.0330319846630899 0.0303056520213119 0.00750332886617805 -0.0336537908021296 -0.0423698101354667 -0.016699749786131 0.0272576214835464 0.0544546070585037 0.0592305695994551 0.0690658195144358 0.0639151821173836 0.087166979467825 0.127399506629548 0.171822855079515 0.228662708855424 0.247951582929194 0.245874554477401 0.213906583548459 0.193003224398638 0.185856134291945 0.178621576827118 0.163991867385225 0.172506674621168
-9999 -9999 -9999 -9999 -9999 -9999 -9999 -9999 0.024389693387666 0.0207816237500225 0.0828357065726061 0.444240897209847 0.458253731438357 0.396020799621762 0.237301881867575 0.0924633441729235 0.0270955562909419 0.00266363989672141 -0.000959548684477229 4.85080189235321e-05 0.0151707239447996 0.0245217382747107 0.0271706971922657 0.029580816138068 0.0304232660007012 0.0314027261569872 0.0321549462865288 0.032136362071463 0.0319345172471661 0.0319181777426344 0.0317703321233392 0.0318014635779535 0.0313991616452067 0.030776162474292 0.0166690749368838 -0.0193052224991369 -0.053897249717234 -0.0612866801112922 -0.0505299044495177 -0.0315290501169354 -0.0307347366660129 -0.0210837627635264 -0.0153160464479931 -0.00544568166076254 0.0215218425883956 0.0468581917449551 0.0658500756052351 0.0710391748686961 0.0615181021988339 0.0475038873170128 0.0437791590112483 0.0530534448908757 0.0669294812735211 0.0986026741242613 0.131894816128235
-9999 -9999 -9999 -9999 -9999 -9999 -9999 -9999 0.0161927102477631 0.0145711476146121 0.309009773045629 0.748879800751834 0.664420149893603 0.498456526742258 0.305147634158316 0.140105769849027 0.0476510378149095 -0.000415693059738764 -0.016552819322017 -0.0192855371759766 -0.00849380821765244 0.00537942634871302 0.0124708792694286 0.0185823076005732 0.0184862644440944 0.017623833450335 0.0193713359924904 0.0192693547207449 0.0215889650418556 0.0208727382023406 0.0176145395147301 0.0177417599608551 0.0174180680098253 0.0197794927941293 0.0202600309399164 6.70444968081663e-05 -0.0307766128767559 -0.0535140066888539 -0.066596249731107 -0.066991155073354 -0.0638282842533895 -0.0608253855402497 -0.0554642547919619 -0.0455500460168476 -0.0312357310755424 -0.0192190828019257 -0.012967040990281 -0.0101842500613792 -0.0123181701744548 -0.012393318434137 -0.0129457749013326 -0.00576937803310562 0.0111633916647615 0.041818790279422 0.0743837630761378
-9999 -9999 -9999 -9999 -9999 -9999 -9999 0.0129919524871789 -0.0114606651481413 0.108472352312314 0.585496146713395 0.935957316999223 0.762276872346896 0.440660651179471 0.24816618283177 0.15989384479046 0.0715385086440798 0.00905823507570896 -0.02831255253146 -0.0374873413224699 -0.0303081482217219 -0.0153521603496312 -0.00877551320432257 -0.00387188652531706 -0.00374700191834504 -0.00164186063008015 -0.000986688911533751 0.0011029847473864 0.00114946277755384 6.55957317265421e-05 0.00136963852579591 0.000285032919752126 0.0018644243828414 0.00273751863143296 0.00308609316490854 0.00528964125946957 -0.00366271802818624 -0.0177553980560482 -0.0273844259956521 -0.0315335400310901 -0.0316424351836558 -0.0294460963625419 -0.023503896684936 -0.0164212832362937 -0.0101991659323279 -0.0140458369902111 -0.0206812084040537 -0.0239703269443691 -0.0276553645557776 -0.0266738397817455 -0.0246015579193918 -0.0175729411421961 0.00852915089668976 0.040749310851206 0.089218049276074
-9999 -9999 -9999 -9999 -9999 -9999 -9999 -0.00380301528356181 0.00228219757416781 0.282320028041747 0.774712455151145 0.945342904202846 0.779221666322642 0.456889120033423 0.298166825930031 0.182825445415084 0.107135968784056 0.0273793022454151 -0.0279499543672209 -0.0457938848689827 -0.0486818198044762 -0.041550417653018 -0.0330438585734166 -0.0253499202190033 -0.024311261896345 -0.0249097631022895 -0.0238857822641789 -0.0213127783000466 -0.0174907810148939 -0.0162840172982169 -0.0158064306529915 -0.0147001838208541 -0.013299282399283 -0.0111977045431628 -0.0108375912492833 -0.0113288205696835 -0.0110224772230793 -0.0116837015386999 -0.0120384569279628 -0.0136362746462086 -0.0168923886338571 -0.0199275050631789 -0.0234773928838964 -0.0265562074676584 -0.0284732996648426 -0.0285833560512647 -0.0290189416429192 -0.0283657682093699 -0.0297184686500136 -0.0274635866555937 -0.0209108049418081 -0.012774172939195 0.0110141513045423 0.0395850909266032 0.0799362409115748
-9999 -9999 -9999 -9999 -9999 -9999 -9999 -0.0185509690283172 0.0444675409833236 0.44801008129813 0.848054954043526 0.958392048596166 0.830758354162642 0.537717813970195 0.424842201164069 0.259863598660587 0.153702917887306 0.0734465770415027 -0.00154516559708379 -0.0310059374928707 -0.0421912067654702 -0.0427398559921215 -0.0307255911636086 -0.020705601023442 -0.0185991960079652 -0.0217724501942945 -0.0257764970395913 -0.0196019409518241 -0.0133693096114038 -0.0104781010728642 -0.00878948943652069 -0.00924030316432356 -0.00775743709393634 -0.00791454345832088 -0.00924224198854218 -0.0118377932392696 -0.0154973864515761 -0.0147339133024452 -0.0158270160383885 -0.0173363159052928 -0.0187544551487523 -0.0200914194174272 -0.0209294471455124 -0.0181194926257865 -0.0144562921676233 -0.0123088286989383 -0.0142251653238927 -0.0146106497370341 -0.0128783088787942 -0.0110978344494501 -0.00736590459493713 0.00306531454404069 0.0222929912669477 0.0501355201313848 0.090957408013977
-9999 -9999 -9999 -9999 -9999 -9999 -9999 -9999 0.108659156730439 0.551669876553388 0.921137455751519 0.955446920115097 0.859665526247136 0.635766551377731 0.536091294730253 0.40089242752089 0.286264163987162 0.175547993088589 0.0729154724377115 0.0303353654394687 0.00615793414414134 -0.0100433309049981 -0.000739358589719352 0.0113628884723271 0.0148146445096473 0.0104680814229472 0.00584713393938036 0.0143654438705123 0.0251595971502781 0.0336844738579342 0.0361089163666417 0.0331372674538604 0.0329894716243805 0.0283666373358868 0.0249612778720913 0.0214838333827911 0.0156816632178196 0.0151669404472588 0.0129747509473113 0.0133273333304919 0.0183280292923484 0.0186873031984165 0.0264420050020183 0.0333221861342041 0.0427259188707129 0.0468867799842544 0.0395295350321204 0.0409289790143149 0.0359688915508465 0.0344802835463131 0.0395788716952514 0.0467995958441543 0.0694250282561988 0.0943912023110249 0.129828124330496
-9999 -9999 -9999 -9999 -9999 -9999 -9999 -9999 -9999 0.645028975251945 0.948250847937329 0.944843410022255 0.879197114073994 0.690533753320607 0.601775408462713 0.496568949173433 0.397579546254519 0.282618383127418 0.162746281250334 0.112700809306941 0.0806357287588563 0.0589328783295388 0.0594682470612959 0.0710065243678425 0.0775341831588168 0.0735491233951362 0.0731081452446954 0.087709297105293 0.105869230736818 0.120547541020229 0.118168211604118 0.116908786053395 0.108392288838456 0.102908188638488 0.0962273364950895 0.0887430245819067 0.0849913969976595 0.0772572076154062 0.0754276741649872 0.0725769322956512 0.0749903902901696 0.0817394667908024 0.0874588125950391 0.10141709558465 0.111966652662118 0.108882343490852 0.103279730099854 0.0934647902494892 0.0916247161984072 0.0810962985184388 0.0761610302589389 0.0804831103387776 0.102415562672299 0.131916082909631 0.171911938158932
-9999 -9999 -9999 -9999 -9999 -9999 -9999 0.0761580238432234 0.374172116266178 0.80522555863917 0.962258989765855 0.94446078408419 0.874564568058374 0.696235856339332 0.627229438134078 0.577832859460342 0.49195498879193 0.372426144452947 0.247797291159785 0.191666180285306 0.17309288550199 0.159705494361312 0.155428461000165 0.151648021842143 0.157312241503042 0.175789063646298 0.190550818960575 0.212518996649495 0.230173942559513 0.246911157333575 0.251963605079499 0.243465409876363 0.235903707046455 0.222701029572255 0.213378117381234 0.205178399130737 0.192890671748894 0.188742504433032 0.179645383367259 0.174193760002111 0.177984197499231 0.177316245558607 0.189306185522793 0.198000696320001 0.196010882944214 0.167319314727307 0.133111774023164 0.112968289652796 0.0960699145118976 0.085239873459816 0.0815525972803906 0.0831795724822045 0.103043370055133 0.131339137296986 0.171238926521673
-9999 -9999 -9999 -9999 -9999 -9999 0.148004469525798 0.253824356146504 0.586276022647495 0.897850267134903 0.956574084365649 0.935595979587679 0.864404794762538 0.684772858107687 0.61443973784475 0.598383022226975 0.551002013506655 0.442447074498663 0.322772407250519 0.269885643550148 0.258534512324997 0.263475390946466 0.256170358250195 0.252625638991607 0.261966174590327 0.288405149533557 0.320420581508567 0.338628772800973 0.363211610911681 0.382674892937288 0.385705579875431 0.383881225421479 0.372131718785072 0.362441258995183 0.351422520561537 0.330913640136918 0.321438805983727 0.309241003225089 0.300970648912005 0.290061041182349 0.281328275169727 0.268244307166691 0.250542633060132 0.232701708145477 0.207531401911313 0.16777016031462 0.124293568860155 0.107712091747536 0.0937019563726824 0.0834836960547835 0.0756142249686741 0.0711455193615776 0.0942423804117905 0.119819088185183 0.157852160548052
-9999 -9999 -9999 -9999 -9999 -9999 0.242911232278961 0.488658995091464 0.700440518725316 0.919121495845932 0.911754110455039 0.866108366362774 0.822253788748012 0.72210165921234 0.657333898867779 0.635874946072044 0.577689987788563 0.49150361348414 0.392614270564489 0.348939751494214 0.353149502870847 0.359480331841695 0.359772489071152 0.362962813486396 0.375343960279444 0.400788668562066 0.427844384073286 0.45089018456913 0.469259147839732 0.48365399638428 0.495200779587993 0.495231910178197 0.487899646940265 0.476495315980103 0.466962385310568 0.456156895328837 0.441111858769745 0.427773986736993 0.407942300193705 0.381897522355759 0.351247425192961 0.3133269671791 0.282430583844264 0.246343541744041 0.213972355529589 0.177617996172099 0.136692224849682 0.112924918276701 0.0959994724651774 0.0845119684845112 0.0783104076219591 0.0785740896242757 0.0900186863685432 0.110580310438387 0.140706697986756
-9999 -9999 -9999 -9999 -9999 -9999 -9999 0.603280984323125 0.82809493217469 0.901633463668728 0.851940405135244 0.782949686153471 0.809271719270647 0.762522258017051 0.723133766555879 0.685153959216548 0.61258564998817 0.538083305235535 0.449007740252254 0.421700915486246 0.432707169647294 0.441830191101452 0.453020577232346 0.462352784723005 0.477774525415488 0.497458092717123 0.512457159525428 0.531672029673829 0.54202152640345 0.551342339470226 0.559349370872749 0.557188202930458 0.565404741163074 0.55730305490956 0.555624829085471 0.553429528547485 0.537605537453073 0.514103339617333 0.474016532650233 0.435053544180113 0.398607658065497 0.348666722493567 0.312082045126875 0.263777075310247 0.226563008232745 0.198892627957688 0.149993139106057 0.12620328272424 0.103210974926176 0.0882984809770743 0.0789605211859764 0.0782366839219336 0.0838060830216681 0.0965784105516765 0.115323866470713
-9999 -9999 -9999 -9999 -9999 -9999 -9999 0.561826245750632 0.804699347044148 0.829008270797165 0.844797733927691 0.816084723015132 0.827742140240271 0.796782302824967 0.770448199038492 0.729325006834177 0.664915631941636 0.578455858665543 0.488310803520307 0.459353563763562 0.476499697650224 0.505866564175608 0.520814628280788 0.537842847920375 0.548409424891238 0.558900618141113 0.569995554494772 0.572196818473406 0.568647096557354 0.56547104240839 0.569742584371224 0.576316573497403 0.575929917171337 0.575517872317662 0.575732144766578 0.573408213309143 0.561987620537009 0.53386180319703 0.496020951937764 0.459492250225277 0.42416649265986 0.382689156540238 0.339795454941644 0.294177154062205 0.256589214938148 0.226751227076792 0.186544095325685 0.150408841761466 0.119312970875158 0.095848028624148 0.075476005450938 0.0638568675899054 0.0696345416763393 0.0791535177658245 0.0884047684275427
-9999 -9999 -9999 -9999 -9999 -9999 -9999 0.31521180552403 0.677019394728805 0.770442225592369 0.860677144935874 0.858615527340582 0.869839047714814 0.788346340859234 0.745972792346069 0.734818407484665 0.670304394934777 0.62338544966893 0.504551714926821 0.461479292807322 0.506741356043293 0.557708620202096 0.579905016095419 0.58151679892565 0.584138402090874 0.594715404201403 0.603103249134573 0.591992525680297 0.565181283601162 0.550829608093472 0.556721594966896 0.561364013509809 0.558431597905316 0.547774526986666 0.549610015339827 0.55504043131648 0.54834691530338 0.530186588195576 0.491586241257611 0.46308588249854 0.441272786099161 0.403824475979806 0.369874204941038 0.3251951013216 0.289686326347448 0.261683048308757 0.224080917890557 0.18300298552423 0.139571652255629 0.106921399635802 0.0740800660712276 0.05020989540062 0.0589803237216767 0.0666719653256135 0.0673714369963618
-9999 -9999 -9999 -9999 -9999 -9999 -9999 -9999 -9999 0.609072958512343 0.882953875330876 0.930779664086646 0.870666356441524 0.736546177436334 0.692836801737053 0.718730486609008 0.746939789542373 0.676796867339209 0.490762241828124 0.420462746831226 0.509321175732406 0.599847607724408 0.605232282852941 0.581115815820967 0.569010845204707 0.58102480612381 0.592167214937757 0.571789504452261 0.534970397729729 0.51452143969204 0.512055872661967 0.505980265743246 0.492352405896949 0.471856165475484 0.469955425580535 0.481981026262504 0.48716186851379 0.475128487968575 0.456935222352612 0.44139345498517 0.42451021557 0.404282036926001 0.375085029746238 0.34364167012994 0.314950111180226 0.288335237443585 0.260528924814333 0.213632495880566 0.168049107825137 0.12751789432692 0.08747541478801 0.0637445546443684 0.0604835870513722 0.0637136899430334 0.0594898238530326
-9999 -9999 -9999 -9999 -9999 -9999 -9999 -9999 -9999 0.331821135104102 0.887031386262255 0.98179189650121 0.877828850592199 0.650938430925067 0.61506944132748 0.68911922233832 0.789932469343543 0.767700237041093 0.519099675343941 0.41718167506969 0.529802089568638 0.623583840298527 0.60650382462061 0.553889224564992 0.528012695313703 0.544553570708391 0.557148776978238 0.529896182121842 0.481036454376328 0.453312709645919 0.453161437333149 0.44750159252659 0.423905153433103 0.388063795648108 0.381127169117095 0.398033715084494 0.406030883454536 0.407018878519297 0.397713957458947 0.395191559482574 0.392971400215746 0.383693262048821 0.370381719562565 0.347639680816809 0.328042570269814 0.310702171641338 0.28354493003845 0.243460598561653 0.193662709110318 0.148457893156354 0.101094465314116 0.0719976561298903 0.0613108390204626 0.0593455359722186 0.0535030173343429
-9999 -9999 -9999 -9999 -9999 -9999 -9999 -9999 -9999 -9999 0.844355709246579 1.00272029717232 0.875080920911284 0.571106807032723 0.514966554340733 0.63122447934665 0.821836728531536 0.864007984765554 0.620887502150065 0.457146314732581 0.538480090469056 0.623558572975087 0.59070070286503 0.520037979186725 0.482522545515389 0.497147247102816 0.506923481543095 0.479433898478658 0.429748361255859 0.396926711156654 0.391194866749472 0.379819703281307 0.350010308890978 0.311310239183959 0.303505990245796 0.314576946481792 0.318346537011022 0.321238947105244 0.317474395284815 0.325008496875765 0.334975753189766 0.341462415887942 0.337606420701519 0.330503213271084 0.323623698391015 0.316385901801787 0.298250933020642 0.254419224165677 0.202815919238913 0.156073662421243 0.112879164861515 0.0769777088869119 0.0586949615717078 0.0488760057626319 0.0455684617813075
-9999 -9999 -9999 -9999 -9999 -9999 -9999 -9999 -9999 -9999 -9999 0.919174605697239 0.806759060505651 0.534079694067058 0.487646042725899 0.613000905450289 0.842362058872669 0.967433067256103 0.736804571964839 0.527212339969991 0.565019435045969 0.615688866066554 0.565561238149286 0.488089612578408 0.444091249215092 0.447027095206624 0.44800727889105 0.419978847673088 0.376452134115279 0.344392428057192 0.329104505300251 0.309957890667595 0.279345137774945 0.237693412927066 0.222817386036077 0.229720696935483 0.236015045173203 0.24051470175875 0.238059183735756 0.248838365194508 0.266534622936147 0.279737725005424 0.28925276932805 0.293317705637353 0.298979946986678 0.303912000285655 0.293254564130082 0.252094248463989 0.194445812601208 0.143920933940626 0.0941689836287131 0.0560865683582441 0.0375492729405738 0.0252303568720522 0.0348210480120294
-9999 -9999 -9999 -9999 -9999 -9999 -9999 -9999 -9999 -9999 -9999 -9999 0.668375557489615 0.567550133951787 0.522549034615085 0.618345973448929 0.814961413991165 1.0094024489223 0.857649571466213 0.623658195163518 0.612290607352337 0.606878755016425 0.545195514835009 0.470478234698058 0.41622616853547 0.406647990858128 0.392051618242522 0.36759807132347 0.328511199575767 0.295327394308186 0.277201021198165 0.249129236374047 0.220295816041357 0.181835150124407 0.161153733657236 0.157630439286381 0.148819468434909 0.159669820131455 0.158013977350482 0.174785078692389 0.19973160572492 0.212927514568878 0.23783525462544 0.245450883167653 0.259977723610569 0.2794458851714 0.270846404350589 0.237733507487812 0.187302082843461 0.13751210227654 0.0876812908475947 0.0469904850534604 0.0289583757324837 0.0168834669697884 0.0221561346175719
