meets/meet004/_saidas_enm/CCSM_Maha_6k_Cavanillesia_umbellata5.asc
NCOLS 154 
NROWS 168 
XLLCORNER -112 
YLLCORNER -55.5 
CELLSIZE 0.5 
NODATA_value -9999 
[rows 50 to 74 of 168, columns 56 to 111 of 154]
-9999 -9999 -9999 -9999 -9999 -9999 -9999 -9999 -9999 -9999 -9999 -9999 -9999 -69.9790117641718 -25.8185148610522 -9.61757446371113 -6.41820183139569 -7.08791428500151 -5.2611013535874 -3.4663169672324 -4.3810733043303 -4.85907634226562 -6.95945457679255 -6.44192243440292 -4.76149394096699 -3.92054397015303 -2.95721157093495 -4.12262731767523 -6.18109645161075 -10.0142158590515 -13.9373858779113 -11.312814177824 -7.80327772096151 -4.71747000690217 -3.7452689555097 -4.39317429044598 -6.45136641175183 -5.40263599017888 -6.71963752622299 -8.02374771843293 -10.1826697423265 -10.9768885765686 -13.6276293053981 -14.3818703709779 -14.1078369223687 -14.9662990043857 -10.8285083222527 -10.6443666822429 -11.8183688927117 -3.77081771995781 -1.08534512289581 -0.0296746840618081 -0.500876783300057 -2.18839064215067 -6.25774091868155 -7.50336944428377
-9999 -9999 -9999 -9999 -9999 -9999 -9999 -9999 -9999 -9999 -9999 -9999 -9999 -35.4104052881906 -14.237141409212 -8.7306068139437 -5.85587209307029 -5.90012518560024 -4.65649686044013 -2.98381395926799 -2.90064977531123 -3.91981836872955 -1.68404402718396 -0.407331333940548 0.384546751164547 -0.0925971257544409 -1.7310421094681 -5.93783155067614 -12.4879782946086 -20.1501847979557 -24.7775928152541 -18.6142114010938 -9.19865932398812 -1.63739336000232 -0.15469646222709 -1.73491747977791 -4.71156895827269 -4.74652938078749 -5.53252582868422 -7.65982834372883 -9.38988581621563 -11.4963537630707 -14.5265525450916 -13.7848110254772 -13.7525602613947 -13.1480095021434 -10.9975785485847 -11.8155357604524 -7.92970593512402 -1.89293280755375 -0.333255940108867 -0.420370287806523 -0.861663269172911 -3.6001588929991 -7.57457748855719 -7.28103851738937
-9999 -9999 -9999 -9999 -9999 -9999 -9999 -9999 -9999 -9999 -9999 -68.0996328916954 -37.5117881553842 -21.3662400529145 -12.1654335681225 -8.61469684488656 -6.84269091305607 -4.44114563502255 -2.83721504631051 -2.62082240480521 -2.64652428502945 -2.25826890109009 -0.279673890747583 0.323568751748178 -0.680470956344604 -3.99495060616135 -9.56153923536701 -17.8094209832535 -29.5762186196096 -40.7180756558307 -46.0727766988743 -35.1784230554784 -20.4489375458586 -5.60426372638967 0.0459402925290934 -0.725581399453664 -3.79179378249481 -3.83481308698462 -5.1685429647266 -7.68187323681827 -8.97625845867069 -11.2719700682767 -13.7946844265471 -14.2665941998717 -13.6940468521954 -13.1905601394282 -12.5959051001852 -8.76953194693837 -3.33511439159668 -0.346639741739479 -0.157340462120212 -0.564933366651758 -2.62708140689537 -6.09902765255413 -10.2906750695949 -7.87664647909657
-9999 -9999 -9999 -9999 -9999 -9999 -9999 -9999 -9999 -9999 -70.5227915934579 -29.063233875861 -16.9658333527077 -13.8823379056027 -16.5172059603008 -12.5632934828773 -8.64212938372257 -3.5373180274606 -1.76658955236199 -1.47029906558524 -1.78777049163576 -1.14184893511623 -0.943411450152514 -2.20228775705807 -6.00260049124535 -12.8060300770388 -22.6578686810233 -35.8809249398069 -48.920934237719 -61.1980397740595 -64.7238740637765 -48.8207583179517 -28.2050561381997 -10.32461886092 -0.849487989549341 0.139541044428945 -2.59761532042971 -4.07776898251806 -4.77029766829913 -7.02087720341855 -9.35681984669 -10.9466849968718 -12.0338206604981 -12.0859177399413 -11.1209081734725 -8.93788583427474 -5.73176541236073 -2.4135652989223 -0.398452107016602 -0.328419779743308 -0.653946235443253 -2.62848088782992 -6.15960167907085 -10.2230174800473 -14.1467203775303 -9.47254825180802
-9999 -9999 -9999 -9999 -9999 -9999 -9999 -9999 -9999 -9999 -33.5864664926342 -12.9892245460971 -7.02382200261543 -14.2396725223351 -20.954572628811 -19.729976623421 -12.6246278522299 -5.4230255830195 -2.78142865095217 -1.94109542366163 -1.52715620923588 -2.52716950717358 -4.67877119534703 -8.67967113629987 -16.4500944850421 -27.1233794867112 -42.1800343973285 -57.2947613902844 -73.5030711719238 -87.0288909066487 -89.210298011698 -65.4546237801945 -36.9784359424559 -16.0521117933809 -2.59398121696163 0.434235253142789 -0.878932768819257 -3.93633738155152 -4.58380023273033 -5.17716001578969 -6.07169330103563 -6.57127856936034 -7.12367635802766 -6.70991255183982 -5.5497566531933 -3.22243624327151 -0.99458996101242 -0.229740629739387 -0.561342158443518 -1.44957605313856 -3.56944326163162 -7.10580028816495 -11.1739947631584 -15.0447521624892 -18.6550934502038 -11.0007668847612
-9999 -9999 -9999 -9999 -9999 -9999 -9999 -9999 -73.0697453857969 -50.8207890405453 -24.742196769501 -11.4099186175399 -8.42161175979698 -12.3787872154422 -20.6238157926951 -24.4199802867715 -18.3420628705972 -9.28590546820318 -5.47618168558503 -5.59768561878834 -7.34057837699957 -9.59647990643921 -13.015984691209 -19.2746501187857 -31.4225004559246 -48.5931402859234 -64.7957010798764 -84.2548366872879 -102.056227855997 -112.060761172337 -108.972912866256 -79.4594007265349 -46.9533417500123 -22.3536528016336 -5.18375628131115 0.277246184918829 0.229127328503935 -1.56808338384405 -3.22334612905849 -4.52587646846651 -4.95203643900701 -4.93508251211584 -4.06451463447019 -2.27591966794139 -0.657013796363744 0.0599932712852214 -0.31533904896001 -1.63994269832101 -2.3461617533343 -5.00809717590481 -9.07767922929322 -13.4410861642559 -17.8568526611449 -21.3192473021832 -24.3456513298649 -13.5128646171979
-9999 -9999 -9999 -9999 -9999 -9999 -9999 -9999 -52.3430824978856 -33.3594170902416 -15.7249961773599 -7.88952392704475 -9.03017580047696 -12.6030894285341 -17.0878834982033 -20.7036817623174 -26.0011801551883 -17.1587274998871 -14.1313236583782 -16.8824658502905 -21.9188737381323 -25.5912612890525 -29.0697288632973 -37.9632749844179 -56.3576403810378 -75.1213126315338 -80.4558711616604 -86.451347128555 -87.0666838052792 -84.7620876264192 -83.7563058526273 -84.196099965178 -56.3118283352136 -29.6909994094435 -9.58798493983119 -1.24034275067061 0.712178911149905 0.394288326899992 -0.256033200339118 -0.749729064364861 -0.916539018756758 -0.528497123891089 0.0466608121059029 0.561946218687587 -0.0251438158577237 -1.86924078559587 -2.85083449812216 -5.17712333099515 -9.54343500082632 -15.3793631913473 -20.827732985653 -26.0495758757729 -29.5232051104029 -31.4236700111501 -33.8510594102261 -17.6270056289947
-9999 -9999 -9999 -9999 -9999 -9999 -9999 -48.238068873427 -39.0833797143205 -24.7479428919721 -10.5035603564837 -8.0128626805268 -7.24246106836363 -9.87874737454421 -13.555443939579 -17.7503904720609 -21.1225165737956 -25.6011718468678 -26.8927553547128 -33.2714766724888 -39.7554801202503 -44.4596289061616 -51.6178772422587 -53.9426110796638 -56.4514584637516 -60.2262829642188 -61.0984452132023 -61.572510599625 -61.8626843504783 -60.9351001821736 -60.5036941170116 -58.9573394206409 -58.4914693528994 -37.4992888601234 -16.9075079111363 -5.51961581321661 -0.969674888081324 0.694334133887712 0.967489740221529 0.939203478362035 0.861992858754307 0.719680814222447 0.0452490424441536 -2.15667602530421 -5.62093310713502 -7.17106888431272 -11.8235835493429 -18.5449450540198 -27.0062958165197 -36.2553991023651 -43.0784018882499 -47.7433880215297 -49.5311781732037 -49.2949697742109 -48.191561177599 -22.9023800136378
-9999 -9999 -9999 -9999 -9999 -9999 -9999 -34.1859498354904 -22.5972385912559 -12.0953401747885 -7.40309079122792 -6.44657682773006 -5.92011586645414 -7.60661004378469 -10.3224936859865 -12.8379383969192 -15.6018459606945 -18.9367904837878 -20.2232114606046 -22.3172781493174 -26.6736341146559 -31.6693139121671 -38.9643337216281 -39.6204757336331 -38.6688336488157 -40.6713357219842 -41.1392954230168 -44.6540098303086 -44.19873085044 -40.5709892336027 -40.4962101427819 -40.1669216180172 -42.8168228970234 -43.4339489167282 -27.9702065354102 -14.0323425563505 -7.16921343760592 -3.32154416982134 -2.12777334164395 -2.14779004960865 -2.53481734606584 -4.60469270936844 -7.95021605509028 -12.7957105456456 -18.3087119086259 -25.8840638215864 -37.8259486346198 -49.6370058390598 -63.5728514584799 -72.5463316806111 -77.2447067532411 -75.1552051085058 -74.2676888272148 -69.6475822645782 -61.2490063630909 -29.2758612115059
-9999 -9999 -9999 -9999 -9999 -9999 -20.153613810804 -20.2531251777807 -10.0117092553083 -7.8759491195044 -8.33433399006472 -5.45522129369752 -5.62134483202716 -6.40325152920131 -8.13706296234929 -10.0656290842501 -11.2436191715561 -12.6772245063588 -14.1681335839548 -15.6131593198985 -19.2436442967628 -22.5857238697817 -25.8177053813372 -26.624487470965 -28.3149997800313 -28.9264186363664 -30.3995584708842 -30.8513814722959 -30.2583792627924 -31.0574227672086 -30.428217250362 -31.25468733317 -31.8753579448484 -32.4993923092574 -34.3524692247882 -29.0162683628236 -22.3027953745811 -18.7078584206019 -17.2748467109132 -17.5854424107912 -19.4930852473149 -22.9637462379871 -28.098001626333 -37.701311165199 -42.6360796150654 -44.6881449511299 -48.6560033462628 -50.9344078677677 -54.9638625458366 -59.3397002104964 -61.5567219445803 -61.6057001271828 -58.7958352518936 -52.5132333800726 -48.2660515462331 -35.6906732093452
-9999 -9999 -9999 -9999 -9999 -9999 -11.3477164613404 -8.43359983235846 -2.62548820061582 -2.97946844740854 -5.07288743481271 -3.52886718470869 -4.72686674388883 -5.01574173846185 -6.31264184469894 -6.72303061164632 -8.13196227962917 -8.59689363601304 -9.08920310807036 -9.5521844263822 -11.2340598698921 -13.7092767382226 -16.653921668419 -17.139665681878 -17.0633683866449 -17.9674093832911 -19.3658770552161 -20.248717155163 -20.3551436552796 -20.3872180286388 -21.1543546069341 -21.6187810446943 -22.9357321177549 -23.7353338360706 -24.2968847758282 -25.6371429985718 -26.1291349163245 -27.7082576172273 -28.5373933626529 -28.1010688316993 -28.8734679779198 -27.3510249218807 -26.2967024806004 -26.615020825468 -27.7113215155161 -31.1389739243371 -33.2575617845995 -37.1420150767381 -41.2422950865742 -43.5922540887699 -45.8277760559524 -43.9904026530511 -41.7615352209603 -36.92705998201 -31.7154366376248 -26.6051082268489
-9999 -9999 -9999 -9999 -9999 -9999 -10.3913237148928 -5.37278912681377 -2.85210139338702 -1.26749216075655 -2.65652587701445 -2.2068246452562 -3.16172895541751 -3.09206325133855 -4.78171235947328 -5.41914726704844 -5.84275089132598 -5.88683693299789 -6.00529592063142 -6.88062163328036 -8.08257373543358 -10.0551784815626 -11.9761440532504 -12.2414977319508 -12.5730335911523 -12.0787718663491 -14.0514288583186 -14.2660404422138 -14.3664413679792 -15.241960254649 -15.2910493961369 -16.4464604192053 -16.9073313958736 -17.6624354204267 -18.603434173512 -18.545976921559 -19.8896948916372 -20.0224185247869 -20.9143614107018 -21.7953582909482 -21.8417107007732 -21.9283925827968 -20.1487392754497 -19.6051626508611 -21.2654547161197 -22.8776335326771 -26.6045031547852 -29.071188658704 -31.8998012124678 -34.8900230165737 -35.4714024580147 -33.9200682776997 -29.3416788392039 -24.6114225885368 -22.0763573942146 -16.5660166056767
-9999 -9999 -9999 -9999 -9999 -9999 -9999 -5.3618397271888 -2.8828877788958 -1.52817878983922 -1.15366855279184 -1.68052041530512 -1.51934785482813 -2.04208682923426 -2.87605876421307 -3.59868054507423 -5.00035456048879 -4.46090721707367 -4.293865787126 -4.25235169906339 -4.72224553617214 -5.80049219241035 -7.36250453791799 -7.7202203796154 -7.40516971010747 -7.60479146817837 -8.19556124771354 -9.27465872578173 -9.50838716535431 -9.74445727684383 -10.3115442540696 -10.70158033246 -11.4976282484355 -11.9605539650041 -12.2015421293059 -12.8942037526865 -13.128889385974 -13.8554058441632 -14.5178121095824 -14.5522627550942 -15.2245480230619 -14.4895183071476 -14.0443999978875 -13.2343455500295 -14.3143704826299 -16.6108084607064 -18.2676122250315 -20.6243742750234 -22.711860792344 -24.057384263573 -24.3891878244438 -22.3650070958373 -19.7084767670866 -16.5911422718431 -14.1745436236788 -11.7100885391595
-9999 -9999 -9999 -9999 -9999 -9999 -9999 -9999 -2.61904353369391 -1.29627746428563 -1.04155982955637 -1.54605066899526 -0.970257536495684 -2.21975349401141 -2.1837482206357 -3.65522077690798 -4.45914898968658 -4.20916375958814 -3.9556093886006 -3.72087765273351 -3.85225953511199 -4.27745925762149 -5.10994861230262 -5.5236770288842 -5.49679775129284 -5.21885900254268 -6.13526439048311 -6.21625332106237 -6.44841962326922 -6.82758579874171 -6.96358435563492 -7.54724030188245 -7.89729009273666 -8.34811132181703 -8.94929223174606 -9.44699248619247 -9.91809032428545 -10.2227757701242 -10.8898036680803 -11.1336744529845 -11.1829232056382 -11.1680741824992 -10.5629154274611 -9.83213437071784 -11.1921243058716 -13.0833784936454 -14.6960354749326 -15.6347310588234 -17.0111955548025 -18.3689867309858 -17.937588522759 -16.8626034221445 -14.6494130895103 -12.2757170626264 -11.2586592803747 -9.75715518934748
-9999 -9999 -9999 -9999 -9999 -9999 -1.82464021317848 -6.52226887147249 -2.41804463736575 -0.889096345721931 -1.21030452824796 -1.68738598831547 -0.982867371413571 -1.49151942103181 -1.77478287492079 -3.94757795760806 -4.43526718917906 -4.22258394405483 -3.54066560973976 -3.41980698922913 -3.35404858290791 -3.26069432458135 -3.26595675285811 -3.3608826786899 -3.70015491306526 -3.7610613595942 -3.68702098533326 -3.80718784193879 -3.98390752164363 -4.14212627056367 -4.36050056212296 -4.55140278267742 -4.89784545921621 -5.13564927485642 -5.32121462122763 -5.77668184136179 -6.03319597800562 -6.60729143879089 -7.06259864272189 -7.01629644394754 -7.16984572670864 -6.7247886795007 -6.39451920289137 -6.18991410171637 -7.84190728824176 -9.8049410764222 -11.1095742251206 -12.2554969646311 -13.3362763958043 -14.0753258623314 -14.3743465250841 -13.3274222011127 -11.8507703714869 -9.84387266455352 -8.03834411521409 -6.33515249513952
-9999 -9999 -9999 -9999 -9999 -3.10166164808887 -5.48575420272704 -4.35966067633688 -1.46525581758558 -0.423103971584295 -1.84761086514747 -1.57458402775279 -1.18179810507186 -0.833930445622293 -2.90193654279081 -4.99189517992861 -4.27223297050545 -3.70951221285953 -3.59010135580479 -3.65170070884081 -3.36827458015295 -3.20341170338468 -2.96168859901882 -2.76579573626918 -2.48724852447048 -2.28096004119661 -2.33041789826831 -2.30474635353055 -2.39978640356767 -2.72725097082774 -2.68466743794589 -2.87822500656742 -2.9466765096907 -3.01725874430108 -3.25427364031761 -3.26534093860054 -3.75273179392034 -4.11557436525034 -4.50402705923729 -4.65697671177393 -4.68612914751882 -4.72325993166684 -4.44262508113619 -4.75111951217061 -6.43336857755041 -8.42920132680572 -9.58858367598235 -10.3336971427853 -11.1782168806586 -12.1493669209862 -12.7630866523274 -11.5506101119301 -10.4037318684801 -8.60439660667603 -6.83974803773485 -4.84468888343263
-9999 -9999 -9999 -9999 -9999 -1.28117242832825 -6.00761678437995 -2.57349756873565 -0.784654324280738 -0.375359977822093 -1.41566332973971 -1.48974913023658 -0.836446992506993 -0.790952574285584 -2.99739920133932 -5.14271375060088 -4.5558566879066 -3.90972482043134 -3.46711836282663 -3.09681174554592 -2.8659576056219 -2.52488559928049 -2.13698100852428 -1.88456783438291 -1.61307165921016 -1.53312638586801 -1.55975115380289 -1.63349575115735 -1.76921331408904 -1.91600121207713 -2.04146305729724 -2.03136419453109 -2.05573923187309 -2.04384454613935 -1.98838286466422 -2.09723017939074 -2.33179802303585 -2.77799833759221 -3.09993522523181 -3.26056144488442 -3.54121809345281 -3.77659730572049 -4.14034052798905 -4.54946359922714 -5.57011057171581 -7.10736984911577 -8.26253041655031 -9.14040249872213 -9.89268345620545 -10.4213638023153 -10.5453516298054 -10.0849325191095 -9.23429163164028 -8.03515384489135 -6.89251145983503 -5.85500332792667
-9999 -9999 -9999 -9999 -9999 -9999 -5.49620511420993 -1.4392385976427 -0.551501363336456 -0.349522596525401 -1.72962638536231 -2.2717956286365 -1.66696069989569 -1.62347801632336 -3.06200408760621 -6.30543828099429 -4.50681020606768 -4.16614155816709 -3.77325049911613 -3.18203178037302 -3.1565317812632 -2.45450337365101 -2.00767981301875 -1.61211817343872 -1.27185978290403 -1.30398419468994 -1.28719443757293 -1.4477269605152 -1.52766331983006 -1.59875144936704 -1.82625853217235 -1.66064947027563 -1.63231786053211 -1.50517186624292 -1.34391791082364 -1.38764997794761 -1.53659425987089 -1.93483950548223 -2.25537069036541 -2.43943755454124 -2.9032135042277 -3.26722865828612 -3.92558630841895 -4.41809913673826 -4.78819698349886 -6.24233372234391 -7.22239312715407 -8.1746548718507 -8.88577833179387 -9.36589927787436 -9.38759478533422 -9.220364928451 -8.78213562360152 -8.10361508653439 -7.6456188898931 -7.22027789630911
-9999 -9999 -9999 -9999 -9999 -9999 -7.96623862691937 -1.64497185032664 -0.519905155906259 -0.58583314229599 -2.65968084652954 -3.19418320411554 -2.4234575139231 -2.81518499846776 -2.09436061902239 -2.39255018871425 -3.66152579193119 -4.71999449041221 -4.80958172668229 -3.75990888097301 -3.00420018800616 -2.84764428380304 -2.65716499037959 -2.28913486973519 -1.64358699468852 -1.37122562202084 -1.46840156856843 -1.64053836605346 -1.70030492418307 -1.54907714354758 -1.43804884468483 -1.42746299820302 -1.39828688786875 -1.35748356383178 -1.27189805396104 -1.23230740666138 -1.43847083401153 -1.78397041559344 -2.03524200396921 -2.1993700749365 -2.50169441578554 -2.94296763781641 -3.49892719006827 -3.95168319559007 -4.31590590212401 -5.21932456113374 -6.29428658911529 -7.31784593951865 -8.15520104725736 -8.84970922502402 -9.28837993086216 -9.09041991258183 -8.8807515854084 -8.63866346485763 -8.55460921991407 -8.52964456879422
-9999 -9999 -9999 -9999 -9999 -9999 -9.26844994020549 -6.2761664268813 0.178939107092124 -0.69490859797959 -3.86516279572956 -5.41673640376279 -4.53292201950413 -4.33165569913275 -3.25660188450487 -1.99688996620841 -1.64760085846852 -4.73248067785813 -5.06569552306976 -3.53589926255482 -2.83982409864108 -2.95817348032123 -3.49463071180674 -3.05283144864802 -1.81597199244808 -1.315611253656 -1.419901127707 -1.9088396194063 -1.91359366691886 -1.448228046553 -1.38153982060129 -1.25084930091238 -1.38349937504944 -1.28849413377208 -1.16957608025203 -1.35151693222293 -1.49364424944755 -1.87929807183274 -2.0404006981401 -2.03593622378538 -2.29856551818867 -2.59969810858424 -3.10450956351205 -3.48033138935619 -3.82203328238974 -4.39398490116994 -5.34256853849236 -6.44046440694061 -7.34916904496661 -8.17205314558677 -9.03740563536596 -8.76569437910616 -8.84113182469565 -8.90642418054603 -9.18639494341681 -9.6564518459343
-9999 -9999 -9999 -9999 -9999 -9999 -9999 -9999 -13.6327474077141 -0.294494019254687 -4.70876189166635 -6.99484508319399 -3.80101780301505 -4.6094459334012 -5.647640986085 -4.03144567135582 -1.42909464471985 -3.95195807430726 -4.65043672747724 -3.68637467514545 -3.02999349368778 -3.83473736969819 -4.91071760680431 -4.63874454172229 -3.09916072830639 -2.1096066094089 -2.20212391946822 -2.57762821441006 -2.47226040924438 -2.01263029367608 -1.89091137879824 -1.87265997544042 -1.98420341407791 -1.90665695305788 -1.69387098434575 -1.70560995969088 -1.89037363040937 -2.17012394868379 -2.26635859812712 -2.25199091222361 -2.34824739956436 -2.54862748883959 -2.8480294551239 -3.11859821166415 -3.38947670182171 -3.70656801908211 -4.54048673707197 -5.465376392071 -6.32867102572601 -7.18498060045084 -7.87167475779972 -8.042069722772 -8.27340667356882 -8.65367452226539 -9.23166383578652 -9.95300054503166
-9999 -9999 -9999 -9999 -9999 -9999 -9999 -9999 -12.2027519563157 -3.04646289633704 -3.59422152026197 -4.50149559917272 -4.49140218100515 -4.98952669000588 -5.69319106696347 -5.43151503059198 -1.38944415439954 -3.26967895121351 -4.10346104642925 -2.99580807481217 -3.37784297533413 -4.48210227251387 -6.36714788587042 -6.15720255788943 -4.01685126796654 -3.08884071712799 -3.06442775662306 -3.59743476299446 -3.42244638131688 -2.56736545012903 -2.36916764965941 -2.29896590105063 -2.64193459406357 -2.54524994601555 -2.15450269881081 -2.21119836590144 -2.15752410883153 -2.3660520975836 -2.40812038163234 -2.42559246466111 -2.51119493635485 -2.52039228577871 -2.70511528014154 -2.84799133138882 -3.04037901570003 -3.34302406069575 -3.83079945225969 -4.59766306446656 -5.32454326189008 -6.12040979045478 -6.79187874121808 -7.0198638360685 -7.40876262328421 -8.02293247807014 -8.9354765193978 -10.0133044918482
-9999 -9999 -9999 -9999 -9999 -9999 -9999 -9999 -9999 -9.75854772487635 -0.978345718573153 -1.02069554706853 -5.5175617917565 -6.92526658528095 -6.47428173610089 -7.54953446133071 -2.43032735567738 -2.70763613524896 -3.65837621800207 -3.56442035155815 -3.78196637765067 -5.47989099757819 -7.19228348769492 -7.10933676579068 -5.53906937234094 -4.24087768681426 -4.16771402117964 -4.38636120626909 -4.23092192781934 -3.60488959872632 -3.20282843859241 -3.18741186825392 -3.28809762631707 -3.11266775370854 -2.84075169343877 -2.85887678405188 -2.76942907425394 -2.75328034775553 -2.67001370422643 -2.54504125896059 -2.533107616573 -2.57037398456788 -2.64505985576411 -2.69939319135368 -2.76424953425388 -3.02046963481175 -3.50644177118317 -4.16458959149293 -4.76021432857626 -5.27828402673777 -5.85007895228014 -6.22701263802597 -6.48882204458854 -7.21667242254094 -8.47063996984715 -9.87354854402304
-9999 -9999 -9999 -9999 -9999 -9999 -9999 -9999 -9999 -9999 -5.65885386500738 -0.660076206471131 -4.14633951010172 -8.01666213334646 -7.08589452516542 -8.30206121191487 -3.66604458665126 -2.5231013904464 -3.4055899265191 -3.33753143666365 -3.91164200820208 -5.40394776633624 -7.53142708892401 -7.92508139699619 -6.25048950668548 -5.34191788996201 -5.19925075344861 -5.29570858304169 -5.06256526721871 -4.3481111095844 -4.07586636693421 -4.01579037841349 -4.25531456246657 -4.07999229465114 -3.60119698528527 -3.35340093746566 -3.16976638567955 -3.19304415809229 -2.97659918644558 -2.66386871363233 -2.54726169465551 -2.43279912125425 -2.43647328474691 -2.51023598933928 -2.70682761381427 -2.95931224120412 -3.43361235189611 -4.18666611610041 -4.89130879463801 -5.5399100623768 -6.2286562135689 -6.61834953266805 -7.06542279504811 -7.34341065946205 -8.16397113072702 -9.58698145622103
-9999 -9999 -9999 -9999 -9999 -9999 -9999 -9999 -9999 -9999 -9999 -5.44042932110871 -2.57656558407073 -8.92587657342835 -9.3438814578728 -8.83158886198818 -6.36987813458499 -3.39414598273502 -3.4503253037224 -3.04612882191829 -3.75030735323249 -5.21895117588319 -7.25519547911751 -7.79909299885487 -7.0705744135756 -6.60490512486587 -6.25892288534298 -6.01852684926746 -5.75942810877836 -5.14505033717306 -5.02708285209381 -4.91071275404313 -4.94908481758375 -4.94001282518684 -4.56881421958415 -4.52924516071657 -4.1350662734983 -3.90312061522783 -3.52516090940939 -3.01954960329148 -2.7773216606213 -2.48261748852343 -2.3735689410743 -2.36621626991457 -2.46060923652352 -2.82128377983473 -3.28016619008424 -3.97177229335367 -4.78300446635757 -5.66225979924357 -6.53666971091816 -7.10864287598658 -7.6770494387499 -7.90802268810582 -8.01527829469234 -9.02618651917332
