meets/meet004/_saidas_enm/CCSM_Maxent_6k_Aralia_warmingiana1.asc
NCOLS 154 
NROWS 168 
XLLCORNER -112 
YLLCORNER -55.5 
CELLSIZE 0.5 
NODATA_value -9999 
[rows 100 to 124 of 168, columns 56 to 111 of 154]
-9999 -9999 -9999 -9999 -9999 -9999 -9999 -9999 -9999 -9999 -9999 -9999 -9999 -9999 -9999 -9999 -9999 -9999 -9999 -9999 -9999 -9999 -9999 -9999 -9999 -9999 -9999 -9999 0.0642513930797577 0.215623199939728 0.174205854535103 0.101036325097084 0.0828929096460342 0.069660060107708 0.0633633136749268 0.0601305402815342 0.0486703105270863 0.0451110266149044 0.0818578004837036 0.0847079902887344 0.0952050238847733 0.202515065670013 0.30482217669487 0.126368895173073 0.0783060193061829 0.0788659080862999 0.116873078048229 0.261925458908081 0.225659042596817 0.224860206246376 0.238627165555954 0.223973348736763 0.225764244794846 0.260614454746246 0.320489525794983 0.391281068325043
-9999 -9999 -9999 -9999 -9999 -9999 -9999 -9999 -9999 -9999 -9999 -9999 -9999 -9999 -9999 -9999 -9999 -9999 -9999 -9999 -9999 -9999 -9999 -9999 -9999 -9999 -9999 -9999 0.0564103499054909 0.207471460103989 0.152818113565445 0.101916842162609 0.062984436750412 0.0617008917033672 0.0647746399044991 0.0545198023319244 0.0456348806619644 0.0436775535345078 0.0845735967159271 0.105376988649368 0.113067671656609 0.22058892250061 0.31705766916275 0.145994022488594 0.0919916331768036 0.0921101197600365 0.210109323263168 0.271488666534424 0.241108864545822 0.27541247010231 0.320484459400177 0.283882737159729 0.273738354444504 0.305252254009247 0.352820634841919 0.454971551895142
-9999 -9999 -9999 -9999 -9999 -9999 -9999 -9999 -9999 -9999 -9999 -9999 -9999 -9999 -9999 -9999 -9999 -9999 -9999 -9999 -9999 -9999 -9999 -9999 -9999 -9999 -9999 0.0330575965344906 0.0478843040764332 0.200721502304077 0.191967457532883 0.0965419039130211 0.0620705597102642 0.074983112514019 0.065824456512928 0.0516055561602116 0.0456716381013393 0.0510440468788147 0.102880924940109 0.13122895359993 0.152599632740021 0.262582391500473 0.372285008430481 0.193609237670898 0.110569544136524 0.129166573286057 0.248765870928764 0.351938962936401 0.315889477729797 0.331508934497833 0.343829691410065 0.32079803943634 0.284239053726196 0.308508813381195 0.374818027019501 0.456074118614197
-9999 -9999 -9999 -9999 -9999 -9999 -9999 -9999 -9999 -9999 -9999 -9999 -9999 -9999 -9999 -9999 -9999 -9999 -9999 -9999 -9999 -9999 -9999 -9999 -9999 -9999 -9999 0.029834808781743 0.0444024540483952 0.222963929176331 0.22949156165123 0.0827220529317856 0.0656300485134125 0.0880490466952324 0.061909232288599 0.0456210002303123 0.0465608574450016 0.0594798512756824 0.119285456836224 0.113275781273842 0.143918335437775 0.251503169536591 0.375921785831451 0.191487565636635 0.127463907003403 0.147955551743507 0.199339181184769 0.409744560718536 0.424201905727386 0.418661504983902 0.414055734872818 0.373373746871948 0.32361301779747 0.34020534157753 0.410644322633743 0.482938230037689
-9999 -9999 -9999 -9999 -9999 -9999 -9999 -9999 -9999 -9999 -9999 -9999 -9999 -9999 -9999 -9999 -9999 -9999 -9999 -9999 -9999 -9999 -9999 -9999 -9999 -9999 -9999 0.0327677801251411 0.0459739863872528 0.231944426894188 0.273321807384491 0.0823893025517464 0.0724697113037109 0.0907913520932198 0.0561559312045574 0.0398087128996849 0.0470652468502522 0.0464680045843124 0.0351899452507496 0.0699429288506508 0.131704449653625 0.211748376488686 0.265051126480103 0.152454301714897 0.157211929559708 0.191679924726486 0.189575046300888 0.329705983400345 0.460073858499527 0.523182570934296 0.516344904899597 0.466617852449417 0.442312717437744 0.455235093832016 0.493075728416443 0.556109488010406
-9999 -9999 -9999 -9999 -9999 -9999 -9999 -9999 -9999 -9999 -9999 -9999 -9999 -9999 -9999 -9999 -9999 -9999 -9999 -9999 -9999 -9999 -9999 -9999 -9999 -9999 -9999 0.0286196544766426 0.0439661554992199 0.255550712347031 0.200180187821388 0.0722737163305283 0.0775680020451546 0.081299789249897 0.0482186935842037 0.0316224955022335 0.0416144579648972 0.0166634246706963 0.027559032663703 0.071619063615799 0.137723743915558 0.207687810063362 0.251740396022797 0.189277514815331 0.190761357545853 0.209870576858521 0.254421770572662 0.354629129171371 0.473879873752594 0.572168827056885 0.588469088077545 0.568008303642273 0.553229689598083 0.566675961017609 0.581203162670135 0.600423455238342
-9999 -9999 -9999 -9999 -9999 -9999 -9999 -9999 -9999 -9999 -9999 -9999 -9999 -9999 -9999 -9999 -9999 -9999 -9999 -9999 -9999 -9999 -9999 -9999 -9999 -9999 -9999 0.033915750682354 0.048434741795063 0.214971631765366 0.12412104010582 0.0608565844595432 0.0776602029800415 0.0702585503458977 0.0400314666330814 0.0232557263225317 0.0323576368391514 0.0094686271622777 0.0279975533485413 0.0713618919253349 0.135669708251953 0.202150538563728 0.242179945111275 0.235869705677032 0.216798633337021 0.287823885679245 0.334514111280441 0.460306495428085 0.585862278938293 0.617213726043701 0.602237105369568 0.621555805206299 0.637848019599915 0.651050925254822 0.643900573253632 0.671314597129822
-9999 -9999 -9999 -9999 -9999 -9999 -9999 -9999 -9999 -9999 -9999 -9999 -9999 -9999 -9999 -9999 -9999 -9999 -9999 -9999 -9999 -9999 -9999 -9999 -9999 -9999 -9999 0.048613652586937 0.0610074698925018 0.145317628979683 0.0582524724304676 0.0376384407281876 0.0646088793873787 0.0650129243731499 0.0324905700981617 0.0160061866044998 0.0143055524677038 0.00831711944192648 0.0279638133943081 0.0730103477835655 0.136314868927002 0.196266993880272 0.233253866434097 0.248210981488228 0.254076033830643 0.287444084882736 0.32723793387413 0.453304380178452 0.600670218467712 0.660936295986176 0.65045827627182 0.67283570766449 0.6939337849617 0.702034056186676 0.686887443065643 0.680075287818909
-9999 -9999 -9999 -9999 -9999 -9999 -9999 -9999 -9999 -9999 -9999 -9999 -9999 -9999 -9999 -9999 -9999 -9999 -9999 -9999 -9999 -9999 -9999 -9999 -9999 -9999 -9999 0.0730477496981621 0.104770258069038 0.106743715703487 0.0139198713004589 0.0162671357393265 0.039132796227932 0.0496277026832104 0.0273377187550068 0.00940528139472008 0.0127125484868884 0.010490745306015 0.0275460183620453 0.0752218961715698 0.142322421073914 0.19245970249176 0.22484977543354 0.238087460398674 0.244845047593117 0.249693766236305 0.245130702853203 0.308876216411591 0.463464707136154 0.67861533164978 0.66342294216156 0.668565511703491 0.673327147960663 0.656954646110535 0.673298895359039 0.671988129615784
-9999 -9999 -9999 -9999 -9999 -9999 -9999 -9999 -9999 -9999 -9999 -9999 -9999 -9999 -9999 -9999 -9999 -9999 -9999 -9999 -9999 -9999 -9999 -9999 -9999 -9999 -9999 0.111422218382359 0.130278795957565 0.067340150475502 0.015245046466589 0.0190440341830254 0.025217542424798 0.0366603843867779 0.0285363886505365 0.0107114231213927 0.0194932036101818 0.0339246019721031 0.0537698976695538 0.0833564698696136 0.147205352783203 0.190500989556313 0.217630669474602 0.227918952703476 0.232350200414658 0.234190657734871 0.22930420935154 0.235839933156967 0.367877274751663 0.545957028865814 0.631735920906067 0.648700296878815 0.616982877254486 0.620485186576843 0.647297084331512 0.646029353141785
-9999 -9999 -9999 -9999 -9999 -9999 -9999 -9999 -9999 -9999 -9999 -9999 -9999 -9999 -9999 -9999 -9999 -9999 -9999 -9999 -9999 -9999 -9999 -9999 -9999 -9999 0.154613807797432 0.139115989208221 0.10999384522438 0.039374802261591 0.0184787306934595 0.0259679481387138 0.026275971904397 0.0262478087097406 0.0291490815579891 0.0123702008277178 0.0281156599521637 0.0894719511270523 0.210439920425415 0.132942169904709 0.156371772289276 0.18647588789463 0.208480507135391 0.216279417276382 0.215166181325912 0.214755043387413 0.209785580635071 0.286314219236374 0.405648231506348 0.484275847673416 0.533124506473541 0.5964275598526 0.584693253040314 0.622865200042725 0.619683921337128 0.618489265441895
-9999 -9999 -9999 -9999 -9999 -9999 -9999 -9999 -9999 -9999 -9999 -9999 -9999 -9999 -9999 -9999 -9999 -9999 -9999 -9999 -9999 -9999 -9999 -9999 -9999 -9999 0.121953159570694 0.112437933683395 0.105343043804169 0.0175968445837498 0.0266799293458462 0.0396163463592529 0.0344945043325424 0.0204403642565012 0.0243308320641518 0.0327287614345551 0.0590158887207508 0.154792606830597 0.239718347787857 0.212417960166931 0.150220036506653 0.17321041226387 0.187105625867844 0.19512015581131 0.193644762039185 0.1914883852005 0.235684484243393 0.298353642225266 0.386155337095261 0.47386047244072 0.521499574184418 0.553019344806671 0.559438169002533 0.583684802055359 0.59432452917099 0.589846730232239
-9999 -9999 -9999 -9999 -9999 -9999 -9999 -9999 -9999 -9999 -9999 -9999 -9999 -9999 -9999 -9999 -9999 -9999 -9999 -9999 -9999 -9999 -9999 -9999 -9999 -9999 0.0972546935081482 0.092336617410183 0.0959257483482361 0.0242699645459652 0.0316437296569347 0.0537128411233425 0.0407045744359493 0.0259432587772608 0.0407932512462139 0.0474698431789875 0.122450448572636 0.171714708209038 0.200540781021118 0.291246026754379 0.260097116231918 0.219902276992798 0.195671021938324 0.176811784505844 0.196678400039673 0.201414778828621 0.257188528776169 0.304863661527634 0.347878217697144 0.435394376516342 0.495798319578171 0.524538993835449 0.526408791542053 0.563080489635468 0.562589347362518 0.556473970413208
-9999 -9999 -9999 -9999 -9999 -9999 -9999 -9999 -9999 -9999 -9999 -9999 -9999 -9999 -9999 -9999 -9999 -9999 -9999 -9999 -9999 -9999 -9999 -9999 -9999 -9999 0.0931225419044495 0.0785713344812393 0.035115547478199 0.024350430816412 0.0441062599420547 0.0581704266369343 0.0461856313049793 0.0660767033696175 0.144656643271446 0.137087747454643 0.20986445248127 0.219177469611168 0.230779558420181 0.339587688446045 0.44915908575058 0.410591095685959 0.323264747858047 0.292826056480408 0.3633953332901 0.425586372613907 0.362890511751175 0.283656179904938 0.290491133928299 0.358351469039917 0.445890426635742 0.486972719430923 0.515523672103882 0.539728760719299 0.528589487075806 0.519695162773132
-9999 -9999 -9999 -9999 -9999 -9999 -9999 -9999 -9999 -9999 -9999 -9999 -9999 -9999 -9999 -9999 -9999 -9999 -9999 -9999 -9999 -9999 -9999 -9999 -9999 0.139369025826454 0.0943334922194481 0.0692540630698204 0.0123421335592866 0.0267085935920477 0.0513167567551136 0.0562501177191734 0.0666566118597984 0.226926848292351 0.194191187620163 0.173949658870697 0.271061182022095 0.327225565910339 0.281665116548538 0.477048575878143 0.475789755582809 0.499790877103806 0.456407845020294 0.483501404523849 0.504906117916107 0.499246627092361 0.522896528244019 0.299217641353607 0.24219836294651 0.292807668447495 0.390922218561172 0.457111746072769 0.502013444900513 0.50429892539978 0.492025136947632 0.480406433343887
-9999 -9999 -9999 -9999 -9999 -9999 -9999 -9999 -9999 -9999 -9999 -9999 -9999 -9999 -9999 -9999 -9999 -9999 -9999 -9999 -9999 -9999 -9999 -9999 -9999 0.116278365254402 0.10859115421772 0.0448173135519028 0.0157578568905592 0.0310571808367968 0.0524946488440037 0.0557869933545589 0.121227778494358 0.282730787992477 0.250694870948792 0.247077330946922 0.308109223842621 0.407388418912888 0.455405235290527 0.476198107004166 0.457326233386993 0.462516784667969 0.470522969961166 0.475740700960159 0.467196941375732 0.467352092266083 0.495890080928802 0.313642054796219 0.248037949204445 0.261616826057434 0.378223568201065 0.422362446784973 0.461891770362854 0.474011808633804 0.460173726081848 0.444706618785858
-9999 -9999 -9999 -9999 -9999 -9999 -9999 -9999 -9999 -9999 -9999 -9999 -9999 -9999 -9999 -9999 -9999 -9999 -9999 -9999 -9999 -9999 -9999 -9999 -9999 0.107827797532082 0.121372304856777 0.0159261487424374 0.0184698291122913 0.0362098515033722 0.049223355948925 0.0538503676652908 0.1548682898283 0.334019869565964 0.302924126386642 0.277393192052841 0.3176089823246 0.393990993499756 0.435997754335403 0.422765910625458 0.427191942930222 0.438131004571915 0.410872727632523 0.435618668794632 0.44377213716507 0.437245905399323 0.468062937259674 0.275772392749786 0.224110677838326 0.261434078216553 0.3684221804142 0.389941722154617 0.417625486850739 0.442101627588272 0.426577478647232 0.411518454551697
-9999 -9999 -9999 -9999 -9999 -9999 -9999 -9999 -9999 -9999 -9999 -9999 -9999 -9999 -9999 -9999 -9999 -9999 -9999 -9999 -9999 -9999 -9999 -9999 -9999 0.0917814895510674 0.130335494875908 0.0164329521358013 0.0187987331300974 0.0355795957148075 0.0426964536309242 0.0670805349946022 0.135491713881493 0.289679944515228 0.323630064725876 0.295920193195343 0.31033256649971 0.347869426012039 0.376269578933716 0.376376926898956 0.378029257059097 0.405869960784912 0.316502541303635 0.276295781135559 0.33452320098877 0.385667145252228 0.31089386343956 0.232787862420082 0.228053018450737 0.254677802324295 0.309089779853821 0.34261566400528 0.384661078453064 0.411429554224014 0.395058870315552 0.378316253423691
-9999 -9999 -9999 -9999 -9999 -9999 -9999 -9999 -9999 -9999 -9999 -9999 -9999 -9999 -9999 -9999 -9999 -9999 -9999 -9999 -9999 -9999 -9999 -9999 -9999 0.0849658101797104 0.108458936214447 0.024144759401679 0.0170237720012665 0.0332971923053265 0.0648841187357903 0.112478114664555 0.156550601124763 0.317224651575089 0.316414386034012 0.287341505289078 0.289181411266327 0.300557345151901 0.317597955465317 0.324760884046555 0.337525337934494 0.374133765697479 0.222465723752975 0.177079781889915 0.187657997012138 0.166955143213272 0.208482429385185 0.20436118543148 0.220433279871941 0.248737335205078 0.261413484811783 0.307426035404205 0.351176291704178 0.384895831346512 0.3671835064888 0.350117415189743
-9999 -9999 -9999 -9999 -9999 -9999 -9999 -9999 -9999 -9999 -9999 -9999 -9999 -9999 -9999 -9999 -9999 -9999 -9999 -9999 -9999 -9999 -9999 -9999 -9999 0.0957554429769516 0.0930386558175087 0.0449061132967472 0.0155558362603188 0.0302801933139563 0.0614156536757946 0.108218520879745 0.227065414190292 0.34459576010704 0.30543264746666 0.267050892114639 0.263273328542709 0.270053803920746 0.286088764667511 0.299653917551041 0.315900206565857 0.303873151540756 0.125466719269753 0.0901622399687767 0.110539004206657 0.156532540917397 0.164504930377007 0.164097145199776 0.194268554449081 0.218478098511696 0.230351179838181 0.265941470861435 0.309275537729263 0.365351855754852 0.34786319732666 0.331418365240097
-9999 -9999 -9999 -9999 -9999 -9999 -9999 -9999 -9999 -9999 -9999 -9999 -9999 -9999 -9999 -9999 -9999 -9999 -9999 -9999 -9999 -9999 -9999 -9999 -9999 0.0887695774435997 0.0846826881170273 0.0461031012237072 0.0138398045673966 0.027714928612113 0.0541833974421024 0.106696009635925 0.212110072374344 0.330434918403625 0.293757110834122 0.259668499231339 0.254652440547943 0.256251186132431 0.259113669395447 0.283401012420654 0.301757365465164 0.210176140069962 0.0816444009542465 0.0768228471279144 0.114639908075333 0.144246086478233 0.170578837394714 0.161145731806755 0.179858580231667 0.180462777614594 0.199842497706413 0.24303574860096 0.282675296068192 0.349980592727661 0.331759452819824 0.315846085548401
-9999 -9999 -9999 -9999 -9999 -9999 -9999 -9999 -9999 -9999 -9999 -9999 -9999 -9999 -9999 -9999 -9999 -9999 -9999 -9999 -9999 -9999 -9999 -9999 -9999 0.0886851102113724 0.0824738442897797 0.0355660170316696 0.0126566328108311 0.0239188969135284 0.0451614297926426 0.0772094130516052 0.137394800782204 0.188432455062866 0.258290320634842 0.248037308454514 0.233027964830399 0.175544917583466 0.159415885806084 0.226926892995834 0.24639704823494 0.149797201156616 0.0738607123494148 0.0711905881762505 0.0938139855861664 0.14256751537323 0.144353047013283 0.135785788297653 0.148929715156555 0.15791916847229 0.174471870064735 0.217040807008743 0.270556598901749 0.339507758617401 0.320782691240311 0.304130166769028
-9999 -9999 -9999 -9999 -9999 -9999 -9999 -9999 -9999 -9999 -9999 -9999 -9999 -9999 -9999 -9999 -9999 -9999 -9999 -9999 -9999 -9999 -9999 -9999 -9999 0.093341737985611 0.0867763310670853 0.0436820834875107 0.0109454495832324 0.0209730248898268 0.0333401970565319 0.0501401536166668 0.0676452219486237 0.108791813254356 0.146585404872894 0.142232671380043 0.158564209938049 0.129605621099472 0.123213984072208 0.238373249769211 0.232499808073044 0.149771153926849 0.0753936246037483 0.0661633238196373 0.0978545397520065 0.133278638124466 0.132554173469543 0.112004764378071 0.122490271925926 0.129095569252968 0.151398330926895 0.193926006555557 0.24268701672554 0.310985177755356 0.313644558191299 0.298299908638
-9999 -9999 -9999 -9999 -9999 -9999 -9999 -9999 -9999 -9999 -9999 -9999 -9999 -9999 -9999 -9999 -9999 -9999 -9999 -9999 -9999 -9999 -9999 -9999 -9999 0.0977413281798363 0.0835947468876839 0.0619071759283543 0.0088952099904418 0.0170066058635712 0.0320195220410824 0.0413607060909271 0.0511089004576206 0.0682176351547241 0.108413986861706 0.170251771807671 0.151787459850311 0.133332014083862 0.158532172441483 0.245267733931541 0.267425864934921 0.180685579776764 0.0822639912366867 0.07233976572752 0.09626604616642 0.12995234131813 0.119606353342533 0.0948686897754669 0.103361345827579 0.116171956062317 0.134652778506279 0.182595759630203 0.198845490813255 0.309766322374344 0.300243228673935 0.293310970067978
-9999 -9999 -9999 -9999 -9999 -9999 -9999 -9999 -9999 -9999 -9999 -9999 -9999 -9999 -9999 -9999 -9999 -9999 -9999 -9999 -9999 -9999 -9999 -9999 0.0703518390655518 0.102769687771797 0.0843841060996056 0.0571914166212082 0.0140996454283595 0.0128807742148638 0.0250619929283857 0.037580631673336 0.0474531687796116 0.0520620867609978 0.0837949067354202 0.128883883357048 0.118269599974155 0.102958612143993 0.119993180036545 0.220084637403488 0.260487020015717 0.198975324630737 0.0978446826338768 0.0786575153470039 0.100105158984661 0.131577178835869 0.109668739140034 0.0930879563093185 0.11094331741333 0.142192468047142 0.178450718522072 0.208925902843475 0.23746731877327 0.296204090118408 0.257953137159348 0.233536645770073
