meets/meet004/_saidas_enm/CCSM_Maxent_0k_Cavanillesia_umbellata3.asc
NCOLS 154 
NROWS 168 
XLLCORNER -112 
YLLCORNER -55.5 
CELLSIZE 0.5 
NODATA_value -9999 
[rows 100 to 124 of 168, columns 56 to 111 of 154]
-9999 -9999 -9999 -9999 -9999 -9999 -9999 -9999 -9999 -9999 -9999 -9999 -9999 -9999 -9999 -9999 -9999 -9999 -9999 -9999 -9999 -9999 -9999 -9999 -9999 -9999 -9999 -9999 0.227696001529694 0.149524241685867 0.0974240079522133 0.0402076058089733 0.0264341905713081 0.0238004270941019 0.0264858845621347 0.0305190533399582 0.0461568050086498 0.0595066994428635 0.0645850226283073 0.0562958009541035 0.0603811182081699 0.0983264297246933 0.175052687525749 0.0341221690177917 0.0328975059092045 0.0338896885514259 0.0538395084440708 0.0940937474370003 0.123884677886963 0.123742058873177 0.110763199627399 0.109077274799347 0.101041033864021 0.0873073637485504 0.347250491380692 0.294111877679825
-9999 -9999 -9999 -9999 -9999 -9999 -9999 -9999 -9999 -9999 -9999 -9999 -9999 -9999 -9999 -9999 -9999 -9999 -9999 -9999 -9999 -9999 -9999 -9999 -9999 -9999 -9999 -9999 0.22822929918766 0.165008023381233 0.0832210704684258 0.0326925553381443 0.0197101701050997 0.0192115511745214 0.0274514816701412 0.0381272844970226 0.0548194050788879 0.0659137517213821 0.069357268512249 0.05909763276577 0.0637713745236397 0.104321449995041 0.182895734906197 0.0346463061869144 0.0311058163642883 0.0310460440814495 0.0549148917198181 0.108131140470505 0.134478464722633 0.104270733892918 0.0786478668451309 0.0880630910396576 0.0884192958474159 0.0800522044301033 0.336560159921646 0.325268477201462
-9999 -9999 -9999 -9999 -9999 -9999 -9999 -9999 -9999 -9999 -9999 -9999 -9999 -9999 -9999 -9999 -9999 -9999 -9999 -9999 -9999 -9999 -9999 -9999 -9999 -9999 -9999 0.236838236451149 0.208478197455406 0.149612173438072 0.0713794752955437 0.0276623163372278 0.0195813067257404 0.0211809165775776 0.0322907380759716 0.0468470193445683 0.0651712343096733 0.0768982097506523 0.075459249317646 0.0635502561926842 0.072939395904541 0.113343462347984 0.194282457232475 0.0352202206850052 0.0295810755342245 0.0296617094427347 0.0469109155237675 0.0823853835463524 0.101611129939556 0.0897060632705688 0.0787174850702286 0.0809591263532639 0.0884043052792549 0.0816403329372406 0.331791639328003 0.335045278072357
-9999 -9999 -9999 -9999 -9999 -9999 -9999 -9999 -9999 -9999 -9999 -9999 -9999 -9999 -9999 -9999 -9999 -9999 -9999 -9999 -9999 -9999 -9999 -9999 -9999 -9999 -9999 0.229335978627205 0.187494605779648 0.172509253025055 0.0535777732729912 0.0234050713479519 0.0185727775096893 0.0222898330539465 0.0381857864558697 0.0572739019989967 0.0681121647357941 0.0747099816799164 0.0685970485210419 0.0603147335350513 0.0736819803714752 0.113574966788292 0.186446085572243 0.0318676121532917 0.151854053139687 0.146589577198029 0.036319337785244 0.0601230189204216 0.0755289867520332 0.072676345705986 0.0694418624043465 0.0720789209008217 0.07889673858881 0.0759115591645241 0.31597489118576 0.279116541147232
-9999 -9999 -9999 -9999 -9999 -9999 -9999 -9999 -9999 -9999 -9999 -9999 -9999 -9999 -9999 -9999 -9999 -9999 -9999 -9999 -9999 -9999 -9999 -9999 -9999 -9999 -9999 0.21096196770668 0.179949209094048 0.148840352892876 0.0426296889781952 0.0194014105945826 0.0178435184061527 0.0231037866324186 0.0413334183394909 0.0603302493691444 0.0599657371640205 0.0489820316433907 0.044596191495657 0.050573106855154 0.0697121098637581 0.104102104902267 0.147668644785881 0.141716226935387 0.131638169288635 0.125861555337906 0.176220163702965 0.247204318642616 0.291864812374115 0.300802707672119 0.285612791776657 0.300031453371048 0.301408261060715 0.291306436061859 0.274420201778412 0.298920333385468
-9999 -9999 -9999 -9999 -9999 -9999 -9999 -9999 -9999 -9999 -9999 -9999 -9999 -9999 -9999 -9999 -9999 -9999 -9999 -9999 -9999 -9999 -9999 -9999 -9999 -9999 -9999 0.221351161599159 0.193954572081566 0.133499413728714 0.0302794743329287 0.015302762389183 0.0161314960569143 0.0215513985604048 0.0386839509010315 0.0560774877667427 0.0493102036416531 0.0349990390241146 0.0339236594736576 0.0443148985505104 0.0667527541518211 0.096312440931797 0.124678127467632 0.151493772864342 0.156886160373688 0.163556829094887 0.185495942831039 0.238973960280418 0.276948869228363 0.29586797952652 0.280513346195221 0.282768100500107 0.265446811914444 0.253007471561432 0.296153545379639 0.280520856380463
-9999 -9999 -9999 -9999 -9999 -9999 -9999 -9999 -9999 -9999 -9999 -9999 -9999 -9999 -9999 -9999 -9999 -9999 -9999 -9999 -9999 -9999 -9999 -9999 -9999 -9999 -9999 0.236684992909431 0.217399388551712 0.0989875420928001 0.0243656504899263 0.0118917254731059 0.0139986919239163 0.0199957080185413 0.0337330922484398 0.0437031202018261 0.0414805263280869 0.0325223915278912 0.0329193361103535 0.0465278811752796 0.0713894441723824 0.0917156413197517 0.115975968539715 0.142759129405022 0.173330247402191 0.22740963101387 0.256677329540253 0.265005171298981 0.301100790500641 0.314792931079865 0.387350857257843 0.349966019392014 0.3117815554142 0.292469531297684 0.283751398324966 0.285202324390411
-9999 -9999 -9999 -9999 -9999 -9999 -9999 -9999 -9999 -9999 -9999 -9999 -9999 -9999 -9999 -9999 -9999 -9999 -9999 -9999 -9999 -9999 -9999 -9999 -9999 -9999 -9999 0.264325857162476 0.271158546209335 0.070380374789238 0.0181821919977665 0.00880954135209322 0.0118936095386744 0.0180199071764946 0.0302125960588455 0.0396539606153965 0.0384488664567471 0.032012827694416 0.0350098237395287 0.0493677370250225 0.0720957443118095 0.0890918225049973 0.104315266013145 0.126547858119011 0.159926220774651 0.210753485560417 0.240672707557678 0.284819960594177 0.328321784734726 0.361957937479019 0.385072141885757 0.348343998193741 0.30307200551033 0.283994734287262 0.284682363271713 0.290003627538681
-9999 -9999 -9999 -9999 -9999 -9999 -9999 -9999 -9999 -9999 -9999 -9999 -9999 -9999 -9999 -9999 -9999 -9999 -9999 -9999 -9999 -9999 -9999 -9999 -9999 -9999 -9999 0.358948260545731 0.2969611287117 0.0507665127515793 0.0107567254453897 0.00630827154964209 0.0100569594651461 0.0171276200562716 0.0298545584082603 0.0397050343453884 0.041632954031229 0.0366368070244789 0.0416719987988472 0.0554716810584068 0.0706605687737465 0.0834290161728859 0.0979443043470383 0.112603440880775 0.121611937880516 0.137013673782349 0.180241405963898 0.2174192070961 0.257418185472488 0.308758109807968 0.331718116998672 0.313631802797318 0.282525599002838 0.271281868219376 0.280472695827484 0.288906157016754
-9999 -9999 -9999 -9999 -9999 -9999 -9999 -9999 -9999 -9999 -9999 -9999 -9999 -9999 -9999 -9999 -9999 -9999 -9999 -9999 -9999 -9999 -9999 -9999 -9999 -9999 -9999 0.335136830806732 0.247044086456299 0.0410153120756149 0.00960311107337475 0.0063072070479393 0.0100257284939289 0.0181721448898315 0.0323112942278385 0.0469783395528793 0.0545739755034447 0.0549375228583813 0.0631654635071754 0.0739118829369545 0.0779456123709679 0.0834287405014038 0.09512098133564 0.106837794184685 0.114061653614044 0.119631692767143 0.151848658919334 0.183767423033714 0.219770506024361 0.261442691087723 0.282552003860474 0.283044636249542 0.268364995718002 0.267729908227921 0.281470417976379 0.289682298898697
-9999 -9999 -9999 -9999 -9999 -9999 -9999 -9999 -9999 -9999 -9999 -9999 -9999 -9999 -9999 -9999 -9999 -9999 -9999 -9999 -9999 -9999 -9999 -9999 -9999 -9999 0.330861419439316 0.287220537662506 0.210183382034302 0.0306016504764557 0.0109699321910739 0.0081468503922224 0.0110024530440569 0.0208998471498489 0.0378858372569084 0.0571427196264267 0.0712808519601822 0.0946983173489571 0.112551830708981 0.10042567551136 0.0891735404729843 0.0909465253353119 0.0928424820303917 0.10168531537056 0.109502032399178 0.126147225499153 0.149621099233627 0.18041031062603 0.209280475974083 0.231797650456429 0.24694935977459 0.25851970911026 0.262643963098526 0.270354151725769 0.283091098070145 0.293762445449829
-9999 -9999 -9999 -9999 -9999 -9999 -9999 -9999 -9999 -9999 -9999 -9999 -9999 -9999 -9999 -9999 -9999 -9999 -9999 -9999 -9999 -9999 -9999 -9999 -9999 -9999 0.305883944034576 0.234540522098541 0.119733698666096 0.0181639362126589 0.0121231516823173 0.0106962267309427 0.0123133836314082 0.0227777026593685 0.0391669347882271 0.0618857517838478 0.0823183134198189 0.106239140033722 0.127306714653969 0.124421760439873 0.111344903707504 0.10582884401083 0.103389538824558 0.106004230678082 0.117883294820786 0.133300051093102 0.154452979564667 0.175998359918594 0.198194906115532 0.219135254621506 0.234679698944092 0.248623996973038 0.258214503526688 0.268737882375717 0.282907873392105 0.288756728172302
-9999 -9999 -9999 -9999 -9999 -9999 -9999 -9999 -9999 -9999 -9999 -9999 -9999 -9999 -9999 -9999 -9999 -9999 -9999 -9999 -9999 -9999 -9999 -9999 -9999 -9999 0.264657944440842 0.163818389177322 0.0439157299697399 0.0143706733360887 0.012329931370914 0.0137938307598233 0.0138893462717533 0.0280114021152258 0.0526125617325306 0.0727792531251907 0.0981687530875206 0.109278127551079 0.131344839930534 0.146406024694443 0.140230193734169 0.134240671992302 0.123305216431618 0.124153561890125 0.138743162155151 0.14388607442379 0.1643146276474 0.175782889127731 0.187204465270042 0.208069607615471 0.228663042187691 0.241079583764076 0.252634823322296 0.265686810016632 0.278765469789505 0.284463316202164
-9999 -9999 -9999 -9999 -9999 -9999 -9999 -9999 -9999 -9999 -9999 -9999 -9999 -9999 -9999 -9999 -9999 -9999 -9999 -9999 -9999 -9999 -9999 -9999 -9999 -9999 0.211535379290581 0.101683989167213 0.0181058142334223 0.0103004854172468 0.0150955766439438 0.0159071870148182 0.0266973674297333 0.0532581955194473 0.103752553462982 0.109331972897053 0.135792106389999 0.14018951356411 0.15179580450058 0.17731699347496 0.193941786885262 0.181629464030266 0.163704946637154 0.165910422801971 0.192355558276176 0.213857665657997 0.200461030006409 0.179500982165337 0.178007990121841 0.19427452981472 0.21706847846508 0.235155388712883 0.251414149999619 0.265925496816635 0.278804421424866 0.287483513355255
-9999 -9999 -9999 -9999 -9999 -9999 -9999 -9999 -9999 -9999 -9999 -9999 -9999 -9999 -9999 -9999 -9999 -9999 -9999 -9999 -9999 -9999 -9999 -9999 -9999 0.387977004051208 0.178343087434769 0.0359046161174774 0.00773274758830667 0.0110404780134559 0.0160608533769846 0.0199284218251705 0.0539478324353695 0.115533940494061 0.125736489892006 0.138702064752579 0.176469475030899 0.186777114868164 0.183055981993675 0.22228080034256 0.276412844657898 0.2236118465662 0.203628063201904 0.21328940987587 0.260860413312912 0.32779261469841 0.246566474437714 0.183208525180817 0.166924610733986 0.182404324412346 0.205132722854614 0.226388484239578 0.248580753803253 0.264860659837723 0.276405960321426 0.290395736694336
-9999 -9999 -9999 -9999 -9999 -9999 -9999 -9999 -9999 -9999 -9999 -9999 -9999 -9999 -9999 -9999 -9999 -9999 -9999 -9999 -9999 -9999 -9999 -9999 -9999 0.301679760217667 0.142437383532524 0.0168609749525785 0.00694218231365085 0.0123882675543427 0.0170473158359528 0.0325026139616966 0.0833199322223663 0.149420008063316 0.152614504098892 0.167718261480331 0.203950971364975 0.254322439432144 0.235553696751595 0.24279522895813 0.260881364345551 0.228300303220749 0.212130546569824 0.223460167646408 0.280226498842239 0.323171764612198 0.255017518997192 0.185335174202919 0.163574934005737 0.173221006989479 0.19995391368866 0.218030497431755 0.235569328069687 0.251745939254761 0.265156865119934 0.279067367315292
-9999 -9999 -9999 -9999 -9999 -9999 -9999 -9999 -9999 -9999 -9999 -9999 -9999 -9999 -9999 -9999 -9999 -9999 -9999 -9999 -9999 -9999 -9999 -9999 -9999 0.257035285234451 0.0905933454632759 0.00969752669334412 0.00841942336410284 0.013645788654685 0.0197762846946716 0.046381238847971 0.108857400715351 0.173047766089439 0.180868938565254 0.180111423134804 0.210263460874557 0.263820767402649 0.245047971606255 0.237981051206589 0.237576305866241 0.209012091159821 0.186496615409851 0.190609455108643 0.240563690662384 0.306077390909195 0.225362330675125 0.166133522987366 0.152067378163338 0.166279792785645 0.191949099302292 0.206198960542679 0.221391573548317 0.237638086080551 0.0753123238682747 0.0802996531128883
-9999 -9999 -9999 -9999 -9999 -9999 -9999 -9999 -9999 -9999 -9999 -9999 -9999 -9999 -9999 -9999 -9999 -9999 -9999 -9999 -9999 -9999 -9999 -9999 -9999 0.224266156554222 0.0843665897846222 0.0103398179635406 0.00925984792411327 0.0133832767605782 0.0289395675063133 0.05816899985075 0.114685662090778 0.194626033306122 0.195382833480835 0.186824351549149 0.198449939489365 0.201804280281067 0.179318189620972 0.200232729315758 0.215032145380974 0.180099576711655 0.146571025252342 0.13785745203495 0.152725860476494 0.164434731006622 0.157155767083168 0.145252928137779 0.144374251365662 0.155268207192421 0.173273533582687 0.189973041415215 0.207922503352165 0.225674733519554 0.0713138356804848 0.0776619240641594
-9999 -9999 -9999 -9999 -9999 -9999 -9999 -9999 -9999 -9999 -9999 -9999 -9999 -9999 -9999 -9999 -9999 -9999 -9999 -9999 -9999 -9999 -9999 -9999 -9999 0.195060014724731 0.0892857909202576 0.0123261399567127 0.0092251431196928 0.0159567799419165 0.0380057208240032 0.0693881958723068 0.12187572568655 0.203174918889999 0.198636159300804 0.183769032359123 0.183261528611183 0.155513435602188 0.134199067950249 0.169907361268997 0.189850896596909 0.148497238755226 0.108059294521809 0.0941934585571289 0.09747164696455 0.0953025445342064 0.111933723092079 0.122691474854946 0.131805226206779 0.144186660647392 0.155372872948647 0.173982575535774 0.193624883890152 0.0612077452242374 0.0678635984659195 0.0743892788887024
-9999 -9999 -9999 -9999 -9999 -9999 -9999 -9999 -9999 -9999 -9999 -9999 -9999 -9999 -9999 -9999 -9999 -9999 -9999 -9999 -9999 -9999 -9999 -9999 -9999 0.163496568799019 0.0747438818216324 0.0160465370863676 0.0102138686925173 0.0176864396780729 0.0392840020358562 0.0705628618597984 0.131424844264984 0.207133546471596 0.195027217268944 0.176403805613518 0.172114610671997 0.152250975370407 0.131192773580551 0.142368018627167 0.1479621976614 0.114075735211372 0.0782155990600586 0.0671512857079506 0.072510339319706 0.0822791531682014 0.0931171476840973 0.104503430426121 0.116497881710529 0.12910084426403 0.141965970396996 0.158879578113556 0.177858397364616 0.0562674850225449 0.0634572356939316 0.0704701989889145
-9999 -9999 -9999 -9999 -9999 -9999 -9999 -9999 -9999 -9999 -9999 -9999 -9999 -9999 -9999 -9999 -9999 -9999 -9999 -9999 -9999 -9999 -9999 -9999 -9999 0.143112748861313 0.0750543773174286 0.0161742120981216 0.0103308400139213 0.0184249114245176 0.0374429523944855 0.0661675110459328 0.118717983365059 0.17426586151123 0.188613712787628 0.172246590256691 0.16701140999794 0.129674360156059 0.113029085099697 0.118953131139278 0.119388937950134 0.0903292298316956 0.0610231161117554 0.0543605089187622 0.063322089612484 0.0731848403811455 0.083699032664299 0.093899667263031 0.104751124978065 0.116321839392185 0.128766790032387 0.146599799394608 0.165770962834358 0.0524830929934978 0.0600927993655205 0.0672486573457718
-9999 -9999 -9999 -9999 -9999 -9999 -9999 -9999 -9999 -9999 -9999 -9999 -9999 -9999 -9999 -9999 -9999 -9999 -9999 -9999 -9999 -9999 -9999 -9999 -9999 0.127285957336426 0.0745612531900406 0.0144279636442661 0.0087540727108717 0.0161277577280998 0.0337891764938831 0.0538859143853188 0.0836351737380028 0.114943720400333 0.125130742788315 0.114670306444168 0.108437724411488 0.091225765645504 0.0861783251166344 0.0960195139050484 0.0940120071172714 0.0751412436366081 0.0553569048643112 0.0507565252482891 0.0576194673776627 0.0680550411343575 0.076608419418335 0.0842612311244011 0.0939583480358124 0.104104369878769 0.117099285125732 0.135103791952133 0.15644945204258 0.0500087030231953 0.0571445189416409 0.0647221952676773
-9999 -9999 -9999 -9999 -9999 -9999 -9999 -9999 -9999 -9999 -9999 -9999 -9999 -9999 -9999 -9999 -9999 -9999 -9999 -9999 -9999 -9999 -9999 -9999 -9999 0.131755799055099 0.0778995677828789 0.0156323928385973 0.00791834760457277 0.0141200767830014 0.0269656125456095 0.0408790074288845 0.0582456812262535 0.078294612467289 0.0839438289403915 0.0777711644768715 0.080517552793026 0.0739250108599663 0.0745219886302948 0.0897319167852402 0.088195413351059 0.0719383582472801 0.0532188229262829 0.0487328357994556 0.0559066757559776 0.0642934888601303 0.0706199482083321 0.0761858746409416 0.0836202502250671 0.0937784314155579 0.105442821979523 0.122091822326183 0.142701983451843 0.0442241355776787 0.0520733222365379 0.0592277944087982
-9999 -9999 -9999 -9999 -9999 -9999 -9999 -9999 -9999 -9999 -9999 -9999 -9999 -9999 -9999 -9999 -9999 -9999 -9999 -9999 -9999 -9999 -9999 -9999 -9999 0.136261433362961 0.0784981176257133 0.019945127889514 0.00881148409098387 0.0128623973578215 0.0193181354552507 0.0297585427761078 0.0445043779909611 0.0591649524867535 0.0692665129899979 0.0754374638199806 0.0735364183783531 0.0725457444787025 0.0789609178900719 0.0928884223103523 0.0992605686187744 0.0777469053864479 0.0542885847389698 0.0486198328435421 0.0543500781059265 0.0616812109947205 0.0659033805131912 0.0689601302146912 0.0761861503124237 0.0862986221909523 0.0963992327451706 0.114325292408466 0.124770693480968 0.152602806687355 0.0524137914180756 0.0561357475817204
-9999 -9999 -9999 -9999 -9999 -9999 -9999 -9999 -9999 -9999 -9999 -9999 -9999 -9999 -9999 -9999 -9999 -9999 -9999 -9999 -9999 -9999 -9999 -9999 0.179832383990288 0.132149592041969 0.0803783014416695 0.0263299122452736 0.0104045448824763 0.0136693129315972 0.0193008631467819 0.0260576419532299 0.0360830239951611 0.0480465143918991 0.0582235008478165 0.0646332874894142 0.0656259879469872 0.0663594603538513 0.0749472305178642 0.0959771424531937 0.107174322009087 0.0854930132627487 0.0593978390097618 0.0514886938035488 0.0549305342137814 0.0607302188873291 0.0632687583565712 0.0663967430591583 0.074661523103714 0.0885899737477303 0.103396557271481 0.116175375878811 0.127445831894875 0.173128470778465 0.0805726051330566 0.0909477472305298
