meets/meet004/_saidas_enm/CCSM_SVM_0k_Cavanillesia_umbellata5.asc
NCOLS 154 
NROWS 168 
XLLCORNER -112 
YLLCORNER -55.5 
CELLSIZE 0.5 
NODATA_value -9999 
[rows 75 to 99 of 168, columns 55 to 109 of 154]
-9999 -9999 -9999 -9999 -9999 -9999 -9999 -9999 -9999 -9999 -9999 -9999 -0.0405914587187423 0.0152813667325348 0.100242207285889 0.137294231287803 0.14717846821167 0.17593379311133 0.480956950956329 0.614289207607867 0.554687693256554 0.45261892463441 0.369614829666269 0.281508009861998 0.213044209214806 0.169064879470785 0.135065371932507 0.111530546520745 0.0836823913955158 0.0628018731309009 0.0504177319401432 0.0372154577088407 0.0288680129815191 0.0166459177010824 0.0137230699869116 0.01597977264192 0.0151434910928351 0.0258708840295195 0.0326853761693898 0.0500358788788234 0.0730481295796693 0.0879768428276901 0.110758223519211 0.119129624378345 0.129202445962476 0.137983896886562 0.130270774727805 0.105195860043485 0.0729036171687576 0.0429488384935669 0.0135466777055162 -0.0053799129058052 -0.0187740792430357 -0.0289730622185 -0.040050721137756
-9999 -9999 -9999 -9999 -9999 -9999 -9999 -9999 -9999 -9999 -9999 -9999 -0.0449597970752255 -0.0541110266895433 0.0391842062636149 0.110444705144293 0.138625285192978 0.0862323296379487 0.216957522255919 0.408139393540405 0.489985010327235 0.525619444497531 0.394427216622256 0.288028472987606 0.212251188209473 0.161000222588339 0.129419011357588 0.0982038843300481 0.0705870221570548 0.0470415156377142 0.0305135846350377 0.0137916462724371 0.00304644522626418 -0.00544566826906134 -0.00886222652253715 -0.00985582614169883 -0.00850020320919387 -0.00697536772916341 0.000723368048185014 0.0157917590939113 0.0320856990022779 0.060716804259381 0.0866480178472628 0.108846548598266 0.11718384817911 0.10753418545906 0.089367656597965 0.067658633428094 0.0428450981697626 0.019329996099033 -0.00269219251547737 -0.0169798016868313 -0.0301717885658218 -0.0406577464495234 -0.0508118437608527
-9999 -9999 -9999 -9999 -9999 -9999 -9999 -9999 -9999 -9999 -9999 -9999 -9999 -0.0987008816423838 -0.0129623373627433 0.0586562355638255 0.0966721994857769 0.104172279370633 0.110933456290562 0.12954652845617 0.258835385172248 0.448801573029307 0.458736523513317 0.359565474766797 0.258076271301291 0.174423370260156 0.121168843259685 0.0886658603842166 0.0679348722798379 0.0441207135991508 0.0230129109698368 0.0011044624547587 -0.0120053868453739 -0.0228527185531948 -0.0280033638476941 -0.0296517248084479 -0.0318790586842413 -0.0340234348120306 -0.0331605331394347 -0.0221559148220914 -0.00585291636120222 0.0235409535701638 0.0671132991931171 0.107822655636207 0.115616846843128 0.0856240363835585 0.0501958329361881 0.0245859223774694 0.00371043723826142 -0.0130601430568031 -0.0253537634897394 -0.0350845643120294 -0.0476477494771929 -0.0572406320773751 -0.0624707245113765
-9999 -9999 -9999 -9999 -9999 -9999 -9999 -9999 -9999 -9999 -9999 -9999 -9999 -0.0327968031118412 -0.0463989283164634 0.0352983024780177 0.0600953835958107 0.168785029914941 0.354120343238163 0.324581158547912 0.126130927292716 0.202681768487983 0.382923726798338 0.492288745730862 0.381867874497804 0.193592756663164 0.126551753740473 0.0952528484841188 0.0807530250906622 0.0559438518364576 0.0302623863341421 0.000849781945591654 -0.0123369393485118 -0.0272783584917222 -0.0385805057236394 -0.0434412632306659 -0.0503005198157716 -0.0574309625580997 -0.0656151901111434 -0.0617645970659687 -0.0469314005125493 -0.0225665128196937 0.0284653155258931 0.100489752962682 0.118140632851914 0.0687519880993778 0.0177605534811793 -0.00712750686030761 -0.0305516663418715 -0.0434104900943035 -0.0484317173755652 -0.0502710920689903 -0.0621916712858683 -0.0703022718889421 -0.0738770106548237
-9999 -9999 -9999 -9999 -9999 -9999 -9999 -9999 -9999 -9999 -9999 -9999 -9999 -9999 -0.045725748095202 0.0242652420197485 0.106163823060908 0.217105401960571 0.390979928935143 0.489285692027791 0.471003797346616 0.334967748307396 0.268079572531393 0.563541985695246 0.628351803048228 0.470721643245113 0.282244099549858 0.188965532898241 0.151654732933169 0.0954325522071993 0.0551691377486762 0.0230485659821204 0.00102646021679931 -0.0169003143951339 -0.0336554162774459 -0.0463649647430724 -0.0607026092068176 -0.0696714943646518 -0.0791748155475658 -0.0809575658703802 -0.0760607233604877 -0.0638409950775102 -0.0225284452521555 0.0366780047467006 0.0688633547850277 0.0595599512710264 0.0210602116064095 -0.0242501152362418 -0.0572048437416873 -0.070024480352214 -0.072501609971952 -0.0729393393365264 -0.0793283422307887 -0.0826722110066042 -0.0792252605510974
-9999 -9999 -9999 -9999 -9999 -9999 -9999 -9999 -9999 -9999 -9999 -9999 -9999 -9999 0.0199300299407895 0.0208295074475879 0.119367019559988 0.216067449537246 0.259625211750852 0.277397725895349 0.438726980853442 0.636780830903744 0.571457551868431 0.470037769036205 0.671615517935192 0.821950236501206 0.652868084190006 0.493849482653657 0.370654195568798 0.244265842550242 0.105863995612573 0.0643779192956266 0.0373934071288703 0.00267089329080999 -0.0192272206786827 -0.0366689624242466 -0.0577984940037793 -0.0656485344318241 -0.0772418340924051 -0.0838854520498625 -0.0874301340242431 -0.0931240627440917 -0.0681548283231179 -0.0239309452039222 0.00870059833147352 0.0321476295009018 0.0435611256731257 -0.0364137049258704 -0.0797054621099156 -0.0908055869047066 -0.0923243180234533 -0.0905315420662242 -0.0911502261068692 -0.089578597816846 -0.085746865266886
-9999 -9999 -9999 -9999 -9999 -9999 -9999 -9999 -9999 -9999 -9999 -9999 -9999 -9999 -9999 0.022817733481039 0.098693580605813 0.258550070189729 0.21070489503089 0.18060387107354 0.28687912688002 0.524363074452092 0.750075670179845 0.505582751659418 0.213940278262514 0.27045566807577 0.530226668163609 0.841380387787121 0.942525711227222 0.688054653598102 0.419448751361637 0.205567961077675 0.081398499807451 0.0370606398995587 0.000152937852369139 -0.0218339850550767 -0.0391030842752476 -0.0482153058546802 -0.0545990292384859 -0.0614494320280091 -0.0721107974086579 -0.0843351685867046 -0.0783319552571463 -0.0658722741027898 -0.0482793257303588 -0.0174148587491816 -0.0195244696515471 -0.0574102961603951 -0.0928367077350208 -0.103603307924583 -0.104827124331731 -0.103611678262614 -0.100483332359506 -0.0981487066866412 -0.0941285458956848
-9999 -9999 -9999 -9999 -9999 -9999 -9999 -9999 -9999 -9999 -9999 -9999 -9999 -9999 -9999 0.0742248767059587 -0.00734021143690899 0.175767275889856 0.184779282850659 0.104140093350326 0.20156034631723 0.312365201069178 0.330441241667036 0.169400510653627 0.12137997535857 0.174802533137168 0.034182538755148 0.191768484920551 0.677457084201434 1.06616906853825 0.882658240446791 0.497330999843707 0.278604051332107 0.100356640430345 0.0209974782061366 -0.00656069176916008 -0.0211939247172733 -0.0227217434310014 -0.0185233482751713 -0.0194967798859895 -0.0324001073956059 -0.0658418918423501 -0.0654607708840618 -0.0800625197401958 -0.0816583539220201 -0.060211952481569 -0.0530587676139022 -0.0723992166987268 -0.100600713912654 -0.108522923773602 -0.10709168143394 -0.10963582759887 -0.103408892775923 -0.10280255918173 -0.100497141993617
-9999 -9999 -9999 -9999 -9999 -9999 -9999 -9999 -9999 -9999 -9999 -9999 -9999 -9999 -9999 -9999 0.0196489250850828 -0.014748361012378 0.15658761991562 0.0577422182913858 0.132528866411495 0.170948559562876 0.129327565587775 0.0500857637113948 0.0561071207896489 0.104632476541191 0.13517083577571 0.18622435133856 0.128777351432476 0.111200369118862 0.487413845405658 0.692986842583058 0.582292424445657 0.236195802511998 0.0730800301859891 0.00969304459669013 0.00638040095981823 0.005251273621658 0.00578134416227605 0.0181130840623209 0.0473926456223591 0.0564018321628282 -0.0115414546524137 -0.0767108371876334 -0.0974603810504731 -0.0886998714300849 -0.0747656994421924 -0.0791342615424338 -0.0913771579601825 -0.0929733436999682 -0.0867467304804119 -0.0851351887587828 -0.0881295671843244 -0.0964081171891695 -0.0982598399911677
-9999 -9999 -9999 -9999 -9999 -9999 -9999 -9999 -9999 -9999 -9999 -9999 -9999 -9999 -9999 -9999 0.0926000383505268 -0.0132908621784819 0.052524284692249 0.0127675649291054 0.0586021798123246 0.116028327452988 0.0844695604391295 0.0611178640883608 0.0488396579361569 0.0393825322139806 0.0698846232104864 0.0691417310009969 0.0834449738938245 0.119461736307992 0.571218103750151 0.595253692374554 0.80034442442104 0.566708653882011 0.214189569063368 0.0563970005417923 0.0340472519833461 0.0139278922655983 0.014310538408174 0.0448481470629041 0.115404883317654 0.183056193842493 0.0615365931790094 -0.0721416335026993 -0.105982362119714 -0.104085685521153 -0.0863681376667053 -0.0787065420888131 -0.0707438847533204 -0.0579756239733 -0.0411722048264652 -0.0264303231967939 -0.0426479121593378 -0.0670121803490168 -0.0758119457976204
-9999 -9999 -9999 -9999 -9999 -9999 -9999 -9999 -9999 -9999 -9999 -9999 -9999 -9999 -9999 -9999 0.195321459858067 0.0417009586106671 -0.00482091532113071 0.0253222445252038 0.00346499197687722 -0.0327807526022482 0.00983008732197815 0.0556366041687674 0.0774959312840667 0.0837332076638895 0.0800774448158321 0.0662359392768965 0.0618470575527152 0.160085324979987 0.654096915073823 0.949860679123595 0.790569016944848 0.85105654897141 0.55270214345827 0.226826571810601 0.0585574186555721 0.0116521397535998 0.0166190663506967 0.0542367912469862 0.145967025253525 0.210873639731491 0.0847283094077297 -0.0711552462499677 -0.103768917480415 -0.110433414213971 -0.101338517483453 -0.0775251921336791 -0.0431832721986351 -0.00706518769240744 0.0182750064756738 0.0264252952967788 0.0181788814878856 0.00137253796646103 -0.0117764072487468
-9999 -9999 -9999 -9999 -9999 -9999 -9999 -9999 -9999 -9999 -9999 -9999 -9999 -9999 -9999 -9999 -9999 0.138089117700807 0.0123135966709185 0.0190110793578691 0.0227566829842162 -0.005170173199184 -0.0250800255257455 0.00748834251453401 0.0398535332718865 0.0554476275613655 0.0694997750738436 0.0896051506090534 0.0963447043465587 0.149470943829784 0.439389689483402 0.886543799179739 0.917125820402402 0.876983954710803 0.941438074296112 0.595471916763343 0.215786649329677 0.0770724544294263 0.0129789697277038 0.0249932844441524 0.0932386841524637 0.178508148570785 0.0326430146147317 -0.0790516825438427 -0.0969986599964095 -0.105316994666422 -0.10023508353568 -0.0611223444860379 -0.000505499661682396 0.0586568957796448 0.0946640896817144 0.100493736049457 0.0824574413720963 0.0618321628958333 0.0505300829334204
-9999 -9999 -9999 -9999 -9999 -9999 -9999 -9999 -9999 -9999 -9999 -9999 -9999 -9999 -9999 -9999 -9999 -9999 0.169936201155894 0.0306210668826984 0.0433318793055634 0.048156696733699 0.0309783051037927 -0.0151957456577058 -0.0249740638783059 -0.000620499718205658 0.0278445093573945 0.0596211081608876 0.0846695260230407 0.124075505436412 0.26697497034564 0.538314186701912 0.974892338944072 0.907107056271778 0.787445753703177 0.870953526629769 0.524061296404053 0.237071778026626 0.0775679281990179 0.0112417681320974 -0.000629152002723621 -0.0220319965832967 -0.0423028347614385 -0.0705925421231975 -0.0851246504367804 -0.0879913080807079 -0.0682433391338076 -0.0254333875076202 0.0412435544914553 0.105147784447646 0.150030719351909 0.168424390358101 0.106427915045795 0.0491861637493572 0.0372609020229264
-9999 -9999 -9999 -9999 -9999 -9999 -9999 -9999 -9999 -9999 -9999 -9999 -9999 -9999 -9999 -9999 -9999 -9999 -9999 -9999 0.044330722478128 0.0472740097635989 0.0303927486961588 0.0856260432963502 0.078825383681411 0.0246122035498981 0.0067926944466486 0.0277334934165641 0.0599699413766566 0.0858863307978269 0.164953471886151 0.319866420037301 0.680133342342676 0.908631135670268 0.790552251215769 0.705833566584672 0.797118176935645 0.650284066347693 0.316295450255769 0.119464800457639 0.0352474225807274 -0.0165972095561455 -0.0335174315973542 -0.0512915869402896 -0.063518058382073 -0.0538105107346242 -0.0338968414906017 -0.00195687419339086 0.0460538033687727 0.0954852280067943 0.136424525629787 0.155878075836347 0.0846373491499056 0.0115088503040697 -0.0037192288994386
-9999 -9999 -9999 -9999 -9999 -9999 -9999 -9999 -9999 -9999 -9999 -9999 -9999 -9999 -9999 -9999 -9999 -9999 -9999 -9999 -9999 -9999 0.0459667329630792 -0.00057399445985451 0.0323298958892194 0.144568001352867 0.0370615012353769 0.0118024732702302 0.0312826939631768 0.0492197469453834 0.085306088312199 0.149185963058659 0.35523494592929 0.577605914989252 0.753510039733995 0.76907191452864 0.546941907147547 0.642914680642295 0.548737926244994 0.334235625197997 0.142757380121079 0.0540706195618018 0.012106938571931 -0.00803420819191686 -0.0110731095736414 -0.00902407686540629 -0.000635839927563775 0.0178329025078268 0.026609423604081 0.0496897927128242 0.0994980448306425 0.0993742815588436 0.0458778832497338 -0.0191380847038217 -0.0402780584553636
-9999 -9999 -9999 -9999 -9999 -9999 -9999 -9999 -9999 -9999 -9999 -9999 -9999 -9999 -9999 -9999 -9999 -9999 -9999 -9999 -9999 -9999 -9999 -9999 0.0390941593993181 0.0092283608283848 0.143930804089824 0.0763279617092009 0.0128439158882468 0.0194283739026979 0.0350068990218032 0.0589606768189143 0.157944992526984 0.29529913152238 0.489233409314512 0.760865764545724 0.762634249790699 0.536088570104566 0.389189685122574 0.444483214362282 0.298014112831794 0.150781522749957 0.0882155722138835 0.0715230365196373 0.0637805508295236 0.0605092628850246 0.0629083004817947 0.0659588396255673 0.0579062052490728 0.066168528018277 0.0913935535500093 0.0759544068224873 0.0144196879007228 -0.0485695551093996 -0.0709636398438617
-9999 -9999 -9999 -9999 -9999 -9999 -9999 -9999 -9999 -9999 -9999 -9999 -9999 -9999 -9999 -9999 -9999 -9999 -9999 -9999 -9999 -9999 -9999 -9999 -9999 -9999 -0.0398319159186506 0.0408436544514135 0.0506760092502727 0.00513129831379111 0.0180162384426244 0.0344994377250047 0.0489903906979998 0.0982992187952096 0.180485862709454 0.386382787959924 0.504215010477998 0.815181634887108 0.555051627994139 0.221670524170828 0.237983874562773 0.211529991802873 0.160404916060581 0.155935630095844 0.136788853152348 0.14249353588587 0.162594609927332 0.142220642806949 0.144337999046863 0.126312235080541 0.104154787305102 0.0777172542251027 -0.00715288633161809 -0.0728165642011842 -0.0890656625174895
-9999 -9999 -9999 -9999 -9999 -9999 -9999 -9999 -9999 -9999 -9999 -9999 -9999 -9999 -9999 -9999 -9999 -9999 -9999 -9999 -9999 -9999 -9999 -9999 -9999 -9999 0.0573867855422995 -0.00983174115883317 0.0479385243780835 0.056378212987615 0.0410255812386555 0.0331397967288262 0.0251148807408171 0.0265119261867717 0.0433797421254892 0.152809094257362 0.342690401129523 0.607487866968671 0.720640544717314 0.45012582840995 0.122290570118322 0.160569549797613 0.200449210249042 0.224436661746185 0.195564218373737 0.190454804190314 0.214393470406063 0.181429236280952 0.162192988429104 0.128181667609477 0.0894951757075571 0.0437599809367202 -0.0314103124806237 -0.0780698275523038 -0.0890243376395934
-9999 -9999 -9999 -9999 -9999 -9999 -9999 -9999 -9999 -9999 -9999 -9999 -9999 -9999 -9999 -9999 -9999 -9999 -9999 -9999 -9999 -9999 -9999 -9999 -9999 -9999 -9999 -9999 0.0215731080139571 0.0617167768756036 0.0715467013758569 0.0789729921599691 0.0621506901755533 0.0475074460134216 0.0255352225906595 0.00688182801880566 0.00938687615107658 0.213482171754449 0.459586585361221 0.483240541139228 0.0782567400992816 0.0434872149429459 0.176411105858277 0.293633211205614 0.257226125991738 0.215728347816273 0.217308959555818 0.183819446075088 0.127790942593391 0.0805629934984995 0.0407811742469464 -0.00224049488763062 -0.0455922197494343 -0.0753268359451194 -0.0810639537691161
-9999 -9999 -9999 -9999 -9999 -9999 -9999 -9999 -9999 -9999 -9999 -9999 -9999 -9999 -9999 -9999 -9999 -9999 -9999 -9999 -9999 -9999 -9999 -9999 -9999 -9999 -9999 -9999 0.0462181725957524 0.0680160149644497 0.0749986864757151 0.0800154548052198 0.0748568089990139 0.0661482562538761 0.0535262101412182 0.0201605683986996 -0.0157075373913894 0.0177584912155697 0.180145883125098 0.314617281690413 0.0984712514839587 -0.0208155529929578 0.112249029103086 0.179496996883418 0.140824825163648 0.172446083728762 0.230907462843535 0.185965175509162 0.112682560143349 0.0522226686286998 0.000562634620857372 -0.0312617726815432 -0.0431287345883078 -0.0478162412138365 -0.0476942742084662
-9999 -9999 -9999 -9999 -9999 -9999 -9999 -9999 -9999 -9999 -9999 -9999 -9999 -9999 -9999 -9999 -9999 -9999 -9999 -9999 -9999 -9999 -9999 -9999 -9999 -9999 -9999 -9999 -9999 0.0669555505432721 0.0708442406943665 0.0673386812780327 0.0707786800952229 0.0713166074102027 0.0692028418382162 0.0426801744101825 0.00656425837275626 -0.0190333125629616 0.0502705361488566 0.147762079233464 0.0759963457217932 -0.0716318513810547 0.0465101036182859 0.120392559326283 0.0450368813358853 0.0817711475226507 0.260930371954202 0.178226263802722 0.10663924379254 0.0463975877063968 -0.0182508341950344 -0.0458708161062951 -0.0365292109665827 0.00506254860749022 0.0212997500731102
-9999 -9999 -9999 -9999 -9999 -9999 -9999 -9999 -9999 -9999 -9999 -9999 -9999 -9999 -9999 -9999 -9999 -9999 -9999 -9999 -9999 -9999 -9999 -9999 -9999 -9999 -9999 -9999 -9999 0.062033458841972 0.0721191947334271 0.0630097929276688 0.0699850536607343 0.0782802689975509 0.080950327693147 0.0580346468296596 0.0140268517250481 -0.0286766341815952 -0.00345463565024146 0.0692761005879466 0.0336024845264804 -0.0881810824645945 -0.044988896715228 0.0734149798505119 0.0356339711768909 -0.00419835432926841 0.0169951147374141 0.0704277511459688 0.118726951318717 0.0876097592689546 -0.00974943210446605 -0.0383728306194155 -0.028719584497165 0.0229436819451286 0.0507672424080474
-9999 -9999 -9999 -9999 -9999 -9999 -9999 -9999 -9999 -9999 -9999 -9999 -9999 -9999 -9999 -9999 -9999 -9999 -9999 -9999 -9999 -9999 -9999 -9999 -9999 -9999 -9999 -9999 -9999 0.0620269801742128 0.0740070089608995 0.0595666601218674 0.0704236241344021 0.0863200597327185 0.0898915666432324 0.0624142098880087 0.0171945070580783 -0.0327189821963438 -0.0182170071157158 0.0332446546400099 -0.00195142500638867 -0.101756645598805 -0.0898316090930295 0.0136606709783209 -0.0047916118383749 -0.038920422347841 -0.0466009023105095 -0.0404358798606109 0.096684036687975 0.128814874500668 0.00502802918098172 -0.0298396684764508 -0.00993363116422663 0.0431059692951335 0.0676923402538208
-9999 -9999 -9999 -9999 -9999 -9999 -9999 -9999 -9999 -9999 -9999 -9999 -9999 -9999 -9999 -9999 -9999 -9999 -9999 -9999 -9999 -9999 -9999 -9999 -9999 -9999 -9999 -9999 -9999 0.0592372617635437 0.0723550412709172 0.0565829790260532 0.070316200653397 0.0847550937711269 0.0876543240959582 0.0625144642466562 0.0104088607920783 -0.0389893574832421 -0.0199313864059937 0.0196128429953825 -0.0158274425813063 -0.105642649910933 -0.120648062686454 -0.0360374376481367 -0.0417326112486346 -0.0573594737374358 -0.063402732363467 -0.0707266777246272 -0.0396252261950149 -0.00193975157353005 0.0201233507321985 0.0263647191236203 0.0369883921148565 0.0486691954001961 0.0562982690790299
-9999 -9999 -9999 -9999 -9999 -9999 -9999 -9999 -9999 -9999 -9999 -9999 -9999 -9999 -9999 -9999 -9999 -9999 -9999 -9999 -9999 -9999 -9999 -9999 -9999 -9999 -9999 -9999 -9999 0.0571073296561711 0.0696534243417354 0.0550825403992519 0.0703419352195416 0.083030683389665 0.0845741924018654 0.0574878484588565 0.00944816236046347 -0.0385024600139206 -0.00770085521026964 0.028354818924878 -0.0240872803422268 -0.110674904557327 -0.13514291040905 -0.0811291899826094 -0.0810655592059765 -0.0789132063652081 -0.0748782387973237 -0.0784415624573048 -0.0491461211741892 -0.0236378509492846 0.0289206871629804 0.154984594808772 0.0742226233503142 0.0471622394626686 0.054112410362642
