meets/meet004/_saidas_enm/CCSM_SVM_0k_Aralia_warmingiana1.asc
NCOLS 154 
NROWS 168 
XLLCORNER -112 
YLLCORNER -55.5 
CELLSIZE 0.5 
NODATA_value -9999 
[rows 75 to 99 of 168, columns 56 to 111 of 154]
-9999 -9999 -9999 -9999 -9999 -9999 -9999 -9999 -9999 -9999 -9999 0.0318637254316421 0.00500671225999538 0.00554740442880114 0.0646256461983289 0.148234630580903 0.357040255873103 0.706773516652942 0.718990103529294 0.631753208879839 0.579900601308322 0.551915824613202 0.52906106095811 0.496690283259207 0.491013025654191 0.479339403987234 0.457196939025932 0.426108742254227 0.398329398321431 0.377798710310702 0.349798882952341 0.321883784381078 0.287096718583524 0.269189489276004 0.265686949224983 0.26194500521491 0.268420348347125 0.273451010541245 0.293193411107494 0.32282233952687 0.349021608476454 0.388545101758156 0.413693108128844 0.432762904971968 0.443786431106704 0.425994013532457 0.382823124478246 0.319784570950971 0.254837094278058 0.18550954526947 0.12786706128321 0.0909211765962204 0.0620721844436781 0.0500739015804947 0.0495443644279972 0.0509453810221116
-9999 -9999 -9999 -9999 -9999 -9999 -9999 -9999 -9999 -9999 -9999 0.0195702142712195 0.0406598460686067 0.0274800668750885 0.0406948039214143 0.085938121820386 0.219989018185834 0.525555019993037 0.706531773359575 0.713600947544439 0.582440276358473 0.586432342196443 0.564412196082274 0.509107096593021 0.490686610401064 0.460919023550315 0.439471727263186 0.408519980032975 0.374953901672309 0.348733571450727 0.316352623051442 0.283448194504772 0.247581870491444 0.226982162955265 0.22604231383703 0.226092972618475 0.225323340339297 0.230493413412248 0.252058199564882 0.286171708045695 0.329599102125349 0.353736617499715 0.382124954689322 0.416886042842819 0.42602876542865 0.419644230373812 0.383110006766637 0.327097787042603 0.271539545235061 0.210204134784993 0.155146845307192 0.120779224150271 0.0885624343705205 0.0703449329346592 0.0578688200280986 0.0304594405100566
-9999 -9999 -9999 -9999 -9999 -9999 -9999 -9999 -9999 -9999 -9999 -9999 0.0933481210524676 0.0493803722055227 0.0573624557168768 0.0934842846878758 0.131092696919307 0.167585760707449 0.303965351322639 0.537137277151545 0.690000338135484 0.685128485254666 0.614010968371811 0.528145655824742 0.507512677844177 0.480783622366812 0.443071260245913 0.402722377412578 0.362441141209575 0.328750161917789 0.291828718590505 0.258616981058338 0.225842087222284 0.204915891951668 0.197841232751178 0.191086977514322 0.182411968837931 0.177577175820242 0.190092413850505 0.216027533648336 0.245244728901814 0.262621547548776 0.282549422260646 0.314966487163866 0.352339238998981 0.383365966475593 0.371595990615066 0.339704374870893 0.298093748083574 0.242199512242578 0.190428802357607 0.154027405098737 0.125735960967277 0.0996831715196541 0.0714133607226666 0.035877552030357
-9999 -9999 -9999 -9999 -9999 -9999 -9999 -9999 -9999 -9999 -9999 -9999 0.0578282540752351 0.139047054203392 0.138567237604351 0.133715029657941 0.0721839606860061 0.052169514490996 0.042425125335566 0.138532226276347 0.532057346878758 0.69548759907733 0.658331359916536 0.562827785991268 0.56979931533211 0.545208270680959 0.462431589502559 0.408577792502424 0.358349028064622 0.319867299718906 0.276969032683382 0.249589200502245 0.219075754061261 0.195073113157676 0.182358300729509 0.164202888499173 0.149612980471036 0.13034746477086 0.130236030210688 0.148628283502694 0.160199050448081 0.170110628356928 0.175150994969138 0.205105322604944 0.248109343221766 0.280550887243161 0.320226512020158 0.327475489393209 0.317030164913979 0.27456293444607 0.220198219034759 0.192975587600281 0.15864808045022 0.131158351037348 0.0853501739801928 0.0339628489813049
-9999 -9999 -9999 -9999 -9999 -9999 -9999 -9999 -9999 -9999 -9999 -9999 -9999 0.080238813151726 0.194762520368257 0.0814653208897904 0.0373890781536267 0.0423372693757246 0.0356669370710924 0.0148298704700815 0.0365486235717151 0.257237650825877 0.634413226349573 0.710253898692469 0.723607470298683 0.658542471396024 0.544954840893141 0.439540566140269 0.358142780773146 0.32148397051136 0.283820485206149 0.251912324541499 0.223398376455685 0.196801402183879 0.17584361060454 0.151122329842711 0.128501721451475 0.106086830626001 0.096716053913276 0.100831737346281 0.0990213039787086 0.0962152752140985 0.0987534196453407 0.131125092730762 0.179510045809046 0.22281290337222 0.272386795189172 0.309650309280209 0.3220525493257 0.294781642144897 0.25410963606884 0.228318118099661 0.179208332647459 0.123856454117891 0.0777805013338612 0.0330546963936096
-9999 -9999 -9999 -9999 -9999 -9999 -9999 -9999 -9999 -9999 -9999 -9999 -9999 -0.00432430773554793 0.230863086153637 0.05529269825039 0.0331635637815842 0.0553592209349471 0.060018324627901 0.0510734732012462 0.0489350158400617 0.00699354765060334 0.154763817671439 0.344387501031157 0.45570383093257 0.712016887332168 0.646068565960276 0.505286702278997 0.379566766822483 0.324897815521795 0.298933159217334 0.259238881325855 0.232315170319812 0.20380025478599 0.179548586947737 0.147406410180054 0.126187646019983 0.0986613543682303 0.0812234035856423 0.0771695242904148 0.0665614152925235 0.0640074968592638 0.0612102255374081 0.0907761828214029 0.145930255457854 0.197369768516394 0.248776569978833 0.31100800322893 0.342124678383477 0.313210259361517 0.266767781045046 0.213758566488524 0.160341054218155 0.115635314196096 0.0791322236583143 0.0363968881183126
-9999 -9999 -9999 -9999 -9999 -9999 -9999 -9999 -9999 -9999 -9999 -9999 -9999 -9999 0.200722983495678 0.112851959500508 0.0341072839610319 0.0505968463668055 0.059139995125126 0.0578531425986257 0.0527156091009973 0.0479440991619919 0.0503274090647787 0.0419335405478282 0.0096024113077105 0.0500690654568253 0.240924622351893 0.472695304652743 0.440166912665092 0.389873440153951 0.301412865038899 0.276213267888663 0.245979821763286 0.212202319564171 0.190099361385422 0.161571680931394 0.136288453158009 0.110655452611315 0.0884171274587234 0.0735450888454628 0.0667302965535971 0.0639674573084376 0.0670775842341249 0.0924483645646338 0.133447802707359 0.178541059448831 0.233565943407574 0.275775054449819 0.289750232444195 0.264929661263043 0.223375410079776 0.188229080193128 0.152521864887883 0.122569814675199 0.100543542225957 0.0736563590914473
-9999 -9999 -9999 -9999 -9999 -9999 -9999 -9999 -9999 -9999 -9999 -9999 -9999 -9999 0.0604174993012929 0.133253647128852 0.039965366631687 0.0302936586902818 0.0514802975095872 0.0591520147907839 0.0588395089662579 0.0689033068799699 0.0898720095123606 0.0931802868596143 0.0845958085420015 0.076353715408733 0.0359514770869906 0.0195159678650785 0.174183809405027 0.286102913156902 0.266343002037519 0.329290773960875 0.283958549994305 0.232770571266156 0.210672683783941 0.184063587734208 0.165881799926999 0.150135016156973 0.126539533419633 0.0976300128671777 0.0756599696685771 0.0755553570817145 0.0804184576441552 0.0903300010708741 0.114459568469602 0.145949602438279 0.186772830008719 0.217574979661647 0.23051286728657 0.214567718819163 0.185171362844494 0.170695350919264 0.151684169520811 0.139565662231973 0.134833439163924 0.129715440927868
-9999 -9999 -9999 -9999 -9999 -9999 -9999 -9999 -9999 -9999 -9999 -9999 -9999 -9999 -9999 0.0711274089944557 0.0996725819824503 0.00105854608616152 0.029150318732397 0.0590749410668444 0.0696470593293235 0.0720978530469934 0.0862428514094963 0.0915297402224034 0.0925908536598271 0.0939626944196854 0.0909704340270194 0.087567994524028 0.068987419239483 -0.0141534700211472 0.215338486494432 0.460817085145978 0.354209149672085 0.248221705682887 0.234469898115662 0.230141495346728 0.207230416315967 0.192266263482672 0.181606912178025 0.181238256389783 0.160655394070839 0.102312885333853 0.0755317191811835 0.0872579494096918 0.103487350361973 0.124349298595041 0.151498917643004 0.172762965093174 0.185884729307181 0.186585398407735 0.178367577168378 0.169301842467265 0.164125057889301 0.162355261142404 0.16238840902696 0.174599419674814
-9999 -9999 -9999 -9999 -9999 -9999 -9999 -9999 -9999 -9999 -9999 -9999 -9999 -9999 -9999 0.111227725098587 0.169408288643946 0.00595556483509452 -0.0125746013430116 0.0472244752564348 0.0757185086925433 0.0696881163699615 0.0812276413815057 0.0865412480708512 0.0907183206230666 0.0973117124792546 0.0958923633347175 0.0975685011028942 0.095424872036192 0.0655804347129023 0.0301795003821917 0.271330842846483 0.418026157764077 0.292976959510878 0.266319789507439 0.280310137622466 0.236042553411624 0.223232878111146 0.239127527768618 0.295606772969858 0.330036081326149 0.152383881259287 0.0691002373158632 0.0921040328910077 0.103785760774901 0.112245420032528 0.131968670779422 0.144495212843592 0.163403157220806 0.181374245778935 0.1922188341317 0.188441991336272 0.182298258861656 0.177754873441169 0.175052552762804 0.18996820247713
-9999 -9999 -9999 -9999 -9999 -9999 -9999 -9999 -9999 -9999 -9999 -9999 -9999 -9999 -9999 0.171138827694836 0.139185443863602 0.0455937620408239 -0.0117453214152543 -0.0113475576628722 0.0475507641392549 0.0705841746004707 0.0791700400823949 0.0812308546838767 0.0775326563399488 0.0790131335094847 0.0826142709901483 0.0879343441478142 0.0820372089732695 0.0657282415427467 0.0483000012603859 0.0651719930845953 0.522646272243815 0.531808000797084 0.380718253203462 0.280965222730071 0.241393988920891 0.23701691924298 0.259095058234129 0.342689622538308 0.370175940717309 0.173259193219745 0.0802811642335196 0.112512789041297 0.127750358873339 0.122781192451549 0.118343041744496 0.125568922507415 0.146663743178742 0.178715399391497 0.212831904229875 0.200705507963936 0.194131537278052 0.181923664429929 0.15533287185421 0.158836821579945
-9999 -9999 -9999 -9999 -9999 -9999 -9999 -9999 -9999 -9999 -9999 -9999 -9999 -9999 -9999 -9999 0.217220546682075 0.0836305662979518 0.0177228917699006 0.0160209048341132 0.00221282223100466 0.0339251003313233 0.0694869336031504 0.0809235989714335 0.0814698900405195 0.0842385149134218 0.073430811647184 0.0696943256923523 0.0613839400822004 0.0572249727321904 0.0606569047622054 0.0494388002278411 0.256830593559153 0.652571093483533 0.639129907400745 0.423869242703039 0.298734414990307 0.23446228540424 0.221344512118735 0.275853811834298 0.332230648969555 0.146743161682384 0.117704180829355 0.148131709181925 0.145602812235427 0.126010251083744 0.102520371095332 0.103772091268791 0.124432216157382 0.157871284796928 0.196204155318185 0.165309586086026 0.159887496806208 0.1469062417173 0.114969405357867 0.134011295470336
-9999 -9999 -9999 -9999 -9999 -9999 -9999 -9999 -9999 -9999 -9999 -9999 -9999 -9999 -9999 -9999 -9999 0.248824246377371 0.0905785493936894 0.0160944917654037 0.0963334691812438 0.00609191654169478 0.0168285711409738 0.0527249600270605 0.0678681588576826 0.0784935104340191 0.0804492351661043 0.0773375396530044 0.0667502919861206 0.0562512368810069 0.0619990600540616 0.0605243509301638 0.052013155005717 0.131368578615631 0.555148647914944 0.721458484239304 0.51312282540048 0.341478283471017 0.236801869122025 0.213493873660081 0.189149844992351 0.174314499252701 0.181109299887923 0.176352743601302 0.145763966393586 0.110771342747507 0.0954875313746861 0.0953634069922215 0.107123035628641 0.117730646893817 0.114786156387373 0.0811173217331289 0.0417989418254915 0.0338507599023236 0.0463406966158706 0.0767845862363404
-9999 -9999 -9999 -9999 -9999 -9999 -9999 -9999 -9999 -9999 -9999 -9999 -9999 -9999 -9999 -9999 -9999 -9999 -9999 0.0877469880295255 0.0279709111329074 -0.0104257463457517 -0.0171066916059716 0.0148402955736888 0.0438467111967215 0.0657919522244054 0.0777938226980497 0.0835527829946409 0.0784663314628091 0.0628924067887131 0.0575247878974106 0.0567051092817809 0.0598007646171141 0.049674902908024 0.100397501372132 0.576183136363269 0.71021131459906 0.602743779151385 0.415307749137459 0.342083424810788 0.313260977659421 0.264513799460898 0.23306850425137 0.197970523038742 0.15326157603555 0.12165652685288 0.108867903581923 0.100617516144866 0.0965990793429782 0.0858007980468175 0.0681067095503076 0.0160055154103655 -0.041235938219507 -0.0481669049012196 -0.0229646966765961 0.0181044676987423
-9999 -9999 -9999 -9999 -9999 -9999 -9999 -9999 -9999 -9999 -9999 -9999 -9999 -9999 -9999 -9999 -9999 -9999 -9999 -9999 -9999 0.0791303781952858 0.0539003570873339 0.0161644907206968 0.0180974473824584 0.0505953159582605 0.0655864535930212 0.0775998868398488 0.0810255612128001 0.0755249163457311 0.0634972921637783 0.050295795933089 0.0606700588880671 0.0647863296824439 0.0439954000399139 0.0399288956383176 0.31111017794177 0.742308333984731 0.647440498860304 0.527490225361296 0.387834504595341 0.315587304668508 0.266569891804733 0.216242937541472 0.179782555037581 0.151270259292762 0.134696414488119 0.116264911440227 0.0876331585514977 0.0712261526222109 0.0334186968071422 -0.0191262215339514 -0.0653375410573588 -0.0734854090522957 -0.0593732828836548 -0.0219338762631833
-9999 -9999 -9999 -9999 -9999 -9999 -9999 -9999 -9999 -9999 -9999 -9999 -9999 -9999 -9999 -9999 -9999 -9999 -9999 -9999 -9999 -9999 -9999 0.0686527453700271 0.0444266650412613 0.0151608287345267 0.0305206858754837 0.0575347393820744 0.0711271732517454 0.0772635002316043 0.076287828498811 0.0596040666965391 0.0536491394777479 0.0603182524720502 0.0600767180213322 0.0504500225669038 0.0311409005617748 0.299641872653331 0.704083580827124 0.73598268731429 0.553089733174204 0.418772466014429 0.337395084858983 0.277597285003946 0.233670007643327 0.203111679798438 0.181103891310827 0.157273238061351 0.124862832563614 0.0908297642113157 0.0387830989271071 -0.0191627004537841 -0.064109190484967 -0.0761666439034866 -0.0689388648250042 -0.0558045960968201
-9999 -9999 -9999 -9999 -9999 -9999 -9999 -9999 -9999 -9999 -9999 -9999 -9999 -9999 -9999 -9999 -9999 -9999 -9999 -9999 -9999 -9999 -9999 -9999 -9999 0.0463330779297182 -0.0180524595206071 0.0106145815111013 0.0426589929965208 0.0591572522019346 0.0687919211289325 0.0732318225897588 0.0660787988382392 0.0571809777556481 0.0567499725099263 0.069716359312504 0.0525062456377832 0.0322905897711468 0.173466309872826 0.727929523257991 0.749493486085719 0.545205814237746 0.437641430190073 0.358506684219622 0.30948661066451 0.28289313763634 0.251461118325654 0.240849434841593 0.193900940147732 0.127048142376609 0.0696311565305375 -0.00875922677735985 -0.0465459758141126 -0.0599945056334283 -0.076716996086587 -0.0926389221153846
-9999 -9999 -9999 -9999 -9999 -9999 -9999 -9999 -9999 -9999 -9999 -9999 -9999 -9999 -9999 -9999 -9999 -9999 -9999 -9999 -9999 -9999 -9999 -9999 -9999 0.0702388707294242 0.0415696600520414 -0.0137240439470235 0.0150575247462065 0.0321419449284884 0.0445510129533608 0.0601251110789425 0.0725272035267199 0.070915072066675 0.0586419876511821 0.0545632498255423 0.0508729186178006 0.0432217260480497 0.0554721303760669 0.479593020793622 0.87065625089245 0.672946099134829 0.513376825304432 0.415840806622217 0.370524529874659 0.349390215679019 0.31400861908715 0.291286906578723 0.232047953691525 0.143761276247899 0.0639264989339657 -0.00325753243625099 -0.0259343113439935 -0.0402839763260882 -0.0655656445717187 -0.0949071800960023
-9999 -9999 -9999 -9999 -9999 -9999 -9999 -9999 -9999 -9999 -9999 -9999 -9999 -9999 -9999 -9999 -9999 -9999 -9999 -9999 -9999 -9999 -9999 -9999 -9999 -9999 -9999 0.0367782121120913 0.0247147508556702 0.056131726341753 0.0621069530773061 0.0529112950556411 0.0548670406137679 0.0592540674502408 0.0624737541809656 0.0538694801413116 0.0433896189023866 0.0374952136888996 0.0294116142040803 0.293030430307255 0.883308253467012 0.779039980477779 0.533076873281563 0.399733438127765 0.380187275086085 0.379506055331611 0.339801987451454 0.302512608359458 0.235642122519878 0.128320709201935 0.0316301808767927 0.000448428950083568 -0.00462134741082321 -0.0161111012371408 -0.050849701865993 -0.0790653432227422
-9999 -9999 -9999 -9999 -9999 -9999 -9999 -9999 -9999 -9999 -9999 -9999 -9999 -9999 -9999 -9999 -9999 -9999 -9999 -9999 -9999 -9999 -9999 -9999 -9999 -9999 -9999 0.0737125901451501 0.0566414287039767 0.0954653606427974 0.0597004803123703 0.0454915425428558 0.0438688412819517 0.0467508180673815 0.0459712243810191 0.0386417611069775 0.0333855256874854 0.0275655656070421 0.0105830428892683 0.169551673949447 0.754708292231629 0.858252208283971 0.546250367231953 0.352822705910279 0.338971412025745 0.359333462191086 0.318274336744795 0.264882640351501 0.207277188596799 0.120389495751275 0.050192921293821 0.018021519359705 0.00698542171841615 9.27900468654652e-05 -0.0186346966438208 -0.0293312696734725
-9999 -9999 -9999 -9999 -9999 -9999 -9999 -9999 -9999 -9999 -9999 -9999 -9999 -9999 -9999 -9999 -9999 -9999 -9999 -9999 -9999 -9999 -9999 -9999 -9999 -9999 -9999 -9999 0.0808832459457144 0.119467795852395 0.0633692091636225 0.0233881832022129 0.034654332122563 0.0454983268891733 0.0373505612535364 0.0190756339568773 0.0179117658780727 0.0200768502701761 -0.00459137328835224 0.0940565906513565 0.629678473172369 0.909339610082838 0.594312678064387 0.326986391766169 0.282664909901174 0.335442318021637 0.25846976157281 0.18758150902024 0.141807716591759 0.109655176093735 0.0761272315518199 0.0457734809812501 0.0399166400726314 0.0396264551051124 0.0279024386416989 0.0329816277802722
-9999 -9999 -9999 -9999 -9999 -9999 -9999 -9999 -9999 -9999 -9999 -9999 -9999 -9999 -9999 -9999 -9999 -9999 -9999 -9999 -9999 -9999 -9999 -9999 -9999 -9999 -9999 -9999 0.0861452930849662 0.127258308571737 0.0792786407724176 0.00849041355500535 0.0380813034087313 0.0541074345226323 0.0399166589737819 0.013669764227748 0.00992160470095832 0.014103649313867 -0.00607381158453746 0.056458236580598 0.556190743036862 0.929639854164739 0.656516992351268 0.34376223204033 0.234308989084435 0.188468595337243 0.162574463935045 0.163927479659368 0.13937680585185 0.108820416420753 0.0963199162305289 0.0795648761564196 0.0774993252559369 0.0837765705894717 0.0941411886283129 0.126119105471802
-9999 -9999 -9999 -9999 -9999 -9999 -9999 -9999 -9999 -9999 -9999 -9999 -9999 -9999 -9999 -9999 -9999 -9999 -9999 -9999 -9999 -9999 -9999 -9999 -9999 -9999 -9999 -9999 0.0876988359698059 0.127331288737432 0.0987687257250405 0.00404508128059095 0.0568363955822565 0.0702779939149425 0.0468302222144003 0.0142801325749174 0.0115206529646271 0.0223425782174121 0.00365891806909557 0.0369742822843284 0.491925352084245 0.928086742180059 0.64608788921182 0.307874512578155 0.188821638861645 0.151903016736859 0.104240911993587 0.144685065152386 0.163883757759328 0.127818069559649 0.140649945000872 0.114865576235954 0.109130491894816 0.13178381934793 0.170273301861465 0.215903422117491
-9999 -9999 -9999 -9999 -9999 -9999 -9999 -9999 -9999 -9999 -9999 -9999 -9999 -9999 -9999 -9999 -9999 -9999 -9999 -9999 -9999 -9999 -9999 -9999 -9999 -9999 -9999 -9999 0.0849265523136536 0.119743472026773 0.0543837492247563 0.00497625591596462 0.0554752670366578 0.0690835872127813 0.0546090663464765 0.0307234739160048 0.0248087753925096 0.0281140826494815 0.00581540473999426 0.0467992666235523 0.514652143412401 0.881113963256697 0.585272972317639 0.248320633199601 0.139725432358897 0.116048259975754 0.0889741312488292 0.117432797350155 0.131006511191667 0.148197853202605 0.157022928233017 0.162471092318311 0.169517004474569 0.205812448536095 0.262679826611263 0.329536558729159
-9999 -9999 -9999 -9999 -9999 -9999 -9999 -9999 -9999 -9999 -9999 -9999 -9999 -9999 -9999 -9999 -9999 -9999 -9999 -9999 -9999 -9999 -9999 -9999 -9999 -9999 -9999 -9999 0.0832293760263473 0.0995298721474324 0.015421995694426 0.0109733075433167 0.0551748768462276 0.0675484687340907 0.0573258375912772 0.0447483643885097 0.0335493961001748 0.0332698763139813 0.0119721392904559 0.0631805888604635 0.537379649535613 0.814462553142741 0.443609318740221 0.137861699931918 0.0798859499020776 0.0689807910188809 0.0782020782873675 0.129559504280928 0.166684778623944 0.171279652915196 0.217324159440766 0.218086742990548 0.242776756184731 0.301588186892591 0.375900173333195 0.438397200393053
