meets/meet004/_saidas_enm/CCSM_Maxent_21k_Cavanillesia_umbellata3.asc
NCOLS 154 
NROWS 168 
XLLCORNER -112 
YLLCORNER -55.5 
CELLSIZE 0.5 
NODATA_value -9999 
[rows 75 to 99 of 168, columns 56 to 111 of 154]
-9999 -9999 -9999 -9999 -9999 -9999 -9999 -9999 -9999 -9999 -9999 0.0692130848765373 0.0917876809835434 0.106535710394382 0.134005963802338 0.183780550956726 0.23266176879406 0.319573491811752 0.301888406276703 0.260838896036148 0.278017938137054 0.348831087350845 0.366421073675156 0.389584422111511 0.417353302240372 0.438713997602463 0.449593931436539 0.441657096147537 0.443393915891647 0.440910041332245 0.431933850049973 0.427226901054382 0.414776563644409 0.403968155384064 0.388679206371307 0.372366040945053 0.370557427406311 0.365933567285538 0.370649546384811 0.378561049699783 0.382651329040527 0.396784335374832 0.404336363077164 0.412964373826981 0.402346938848495 0.391061246395111 0.376800805330276 0.361813098192215 0.329790860414505 0.294233351945877 0.260698288679123 0.231421455740929 0.211574822664261 0.193873926997185 0.185216695070267 0.1915412992239
-9999 -9999 -9999 -9999 -9999 -9999 -9999 -9999 -9999 -9999 -9999 0.0792840272188187 0.108146972954273 0.125286057591438 0.139025822281837 0.172718614339828 0.204129412770271 0.274405062198639 0.330594331026077 0.276036024093628 0.27120304107666 0.273067623376846 0.329084753990173 0.348849833011627 0.38320404291153 0.40746659040451 0.42336231470108 0.431311815977097 0.434709846973419 0.43097385764122 0.423804968595505 0.420128136873245 0.410943180322647 0.400329142808914 0.377754271030426 0.360927283763885 0.351952463388443 0.345030128955841 0.344692379236221 0.340994387865067 0.345419585704803 0.363234728574753 0.372717320919037 0.379134804010391 0.377640575170517 0.357274770736694 0.340127259492874 0.318546324968338 0.291990995407104 0.265464067459106 0.24195396900177 0.2182547301054 0.19400180876255 0.187857076525688 0.20384506881237 0.222413033246994
-9999 -9999 -9999 -9999 -9999 -9999 -9999 -9999 -9999 -9999 -9999 -9999 0.105794101953506 0.120070740580559 0.141054779291153 0.152089446783066 0.170745655894279 0.207828596234322 0.242333635687828 0.284300595521927 0.336833864450455 0.303869813680649 0.283998399972916 0.321599513292313 0.337715089321136 0.364195555448532 0.384213507175446 0.402993023395538 0.418842792510986 0.42731037735939 0.423647075891495 0.426258206367493 0.416245400905609 0.405875384807587 0.385183304548264 0.362330436706543 0.345526695251465 0.332564294338226 0.327566653490067 0.323061168193817 0.325137615203857 0.345036178827286 0.358980506658554 0.35900491476059 0.341662287712097 0.315220326185226 0.294266730546951 0.272575914859772 0.251994341611862 0.235383674502373 0.217173099517822 0.196780368685722 0.196497306227684 0.197747677564621 0.214126005768776 0.23138889670372
-9999 -9999 -9999 -9999 -9999 -9999 -9999 -9999 -9999 -9999 -9999 -9999 0.0811052471399307 0.117899313569069 0.131213158369064 0.130153879523277 0.12525749206543 0.130134791135788 0.157167792320251 0.190934434533119 0.27586305141449 0.31951704621315 0.305220395326614 0.328812271356583 0.306594103574753 0.311898320913315 0.342475414276123 0.367528915405273 0.388085246086121 0.408957540988922 0.406288534402847 0.419743329286575 0.421757072210312 0.409653931856155 0.390705406665802 0.373765647411346 0.345031589269638 0.322579801082611 0.312703907489777 0.30441078543663 0.310760855674744 0.330148190259933 0.353243291378021 0.350386440753937 0.317790061235428 0.281226128339767 0.255024254322052 0.230816200375557 0.212206527590752 0.201630741357803 0.195137992501259 0.192587420344353 0.194757804274559 0.202568054199219 0.214121162891388 0.218381270766258
-9999 -9999 -9999 -9999 -9999 -9999 -9999 -9999 -9999 -9999 -9999 -9999 -9999 0.0808144882321358 0.126916348934174 0.106457471847534 0.0968420654535294 0.090726800262928 0.105101071298122 0.121857084333897 0.156705930829048 0.224926486611366 0.331633359193802 0.319489806890488 0.316082626581192 0.304120659828186 0.317761242389679 0.323980450630188 0.336747348308563 0.347124367952347 0.359150648117065 0.380492925643921 0.395217001438141 0.408151566982269 0.410634130239487 0.379006594419479 0.360767334699631 0.331981509923935 0.313124239444733 0.294631242752075 0.288853198289871 0.307911068201065 0.328475683927536 0.326408267021179 0.301732361316681 0.264545202255249 0.227803871035576 0.19642698764801 0.177600935101509 0.184148952364922 0.190982103347778 0.195767626166344 0.19636482000351 0.199638456106186 0.209361538290977 0.218725636601448
-9999 -9999 -9999 -9999 -9999 -9999 -9999 -9999 -9999 -9999 -9999 -9999 -9999 0.160550251603127 0.130008593201637 0.0827772170305252 0.0818331390619278 0.0662352293729782 0.0684581473469734 0.0922862142324448 0.0306979268789291 0.154749974608421 0.270406991243362 0.345396637916565 0.334924340248108 0.309918195009232 0.334390014410019 0.324293673038483 0.270360171794891 0.329909712076187 0.326348602771759 0.361895620822906 0.378107339143753 0.40150785446167 0.417181670665741 0.396551728248596 0.398295700550079 0.36138316988945 0.33111047744751 0.29287388920784 0.261827200651169 0.275418907403946 0.301213651895523 0.297954827547073 0.279194205999374 0.259927749633789 0.214623957872391 0.179002851247787 0.165316477417946 0.170605391263962 0.178041860461235 0.182900428771973 0.189267918467522 0.196724221110344 0.204493567347527 0.205581858754158
-9999 -9999 -9999 -9999 -9999 -9999 -9999 -9999 -9999 -9999 -9999 -9999 -9999 -9999 0.154362812638283 0.100872822105885 0.0824903398752213 0.0666865706443787 0.0644634217023849 0.0794968083500862 0.0262497309595346 0.0380153954029083 0.0562795847654343 0.072785995900631 0.268096059560776 0.328875184059143 0.374580889940262 0.346129417419434 0.323416113853455 0.287039935588837 0.305255115032196 0.323998510837555 0.401412159204483 0.437944263219833 0.45668226480484 0.471447199583054 0.48236757516861 0.456926703453064 0.411743253469467 0.345019668340683 0.282070577144623 0.270900368690491 0.265703171491623 0.26444074511528 0.267484337091446 0.246359184384346 0.217618823051453 0.182813957333565 0.167098268866539 0.169381827116013 0.171714290976524 0.179778397083282 0.18197663128376 0.188104078173637 0.205984219908714 0.211717799305916
-9999 -9999 -9999 -9999 -9999 -9999 -9999 -9999 -9999 -9999 -9999 -9999 -9999 -9999 0.153065070509911 0.122874602675438 0.0853109136223793 0.074248306453228 0.0710558444261551 0.0721909329295158 0.0833332389593124 0.0266333725303411 0.0337918139994144 0.0389206893742085 0.0470345206558704 0.0623453631997108 0.0761843845248222 0.327019989490509 0.376380443572998 0.387096017599106 0.359998196363449 0.373209416866302 0.387111067771912 0.481002122163773 0.513749599456787 0.560382544994354 0.588361501693726 0.583087682723999 0.52707439661026 0.430867880582809 0.316329479217529 0.293657779693604 0.2579565346241 0.241565480828285 0.246857345104218 0.238235995173454 0.217576384544373 0.188675135374069 0.175711274147034 0.17988757789135 0.170565292239189 0.18088661134243 0.179997771978378 0.185298338532448 0.209340870380402 0.228189125657082
-9999 -9999 -9999 -9999 -9999 -9999 -9999 -9999 -9999 -9999 -9999 -9999 -9999 -9999 -9999 0.099867470562458 0.091389887034893 0.0746965557336807 0.0623956210911274 0.0648137629032135 0.06461001932621 0.0184232965111732 0.0205732434988022 0.0246773213148117 0.0307088885456324 0.0364793390035629 0.0455006435513496 0.0523236356675625 0.0638986155390739 0.278757393360138 0.352567255496979 0.41942635178566 0.385978162288666 0.429043799638748 0.483172059059143 0.551534056663513 0.564196407794952 0.562346637248993 0.599019885063171 0.562724113464355 0.498450487852097 0.381674855947495 0.27518555521965 0.228089317679405 0.229183435440063 0.232988715171814 0.222815662622452 0.210050567984581 0.204575791954994 0.212612986564636 0.215078607201576 0.213993087410927 0.203570455312729 0.204567521810532 0.216756716370583 0.215414613485336
-9999 -9999 -9999 -9999 -9999 -9999 -9999 -9999 -9999 -9999 -9999 -9999 -9999 -9999 -9999 0.291772335767746 0.0843443647027016 0.0885168090462685 0.0689576864242554 0.060742199420929 0.0612650103867054 0.0714747384190559 0.017654849216342 0.0189470872282982 0.0239890273660421 0.0260967928916216 0.0330125615000725 0.0385433249175549 0.0452088341116905 0.0576722659170628 0.0846332013607025 0.335801720619202 0.348714113235474 0.381814748048782 0.517402946949005 0.54000186920166 0.555802404880524 0.557581782341003 0.558901846408844 0.539099633693695 0.51296728849411 0.501379549503326 0.301772505044937 0.214686706662178 0.214605107903481 0.230548083782196 0.226732194423676 0.228866279125214 0.234315007925034 0.2527896463871 0.26977202296257 0.267849564552307 0.252132207155228 0.25188073515892 0.2567518055439 0.237084403634071
-9999 -9999 -9999 -9999 -9999 -9999 -9999 -9999 -9999 -9999 -9999 -9999 -9999 -9999 -9999 0.385207325220108 0.0983681529760361 0.0735149756073952 0.0564406178891659 0.067031130194664 0.0692401230335236 0.0801512151956558 0.0790297091007233 0.0211381129920483 0.0221173968166113 0.024429764598608 0.0270761791616678 0.031119454652071 0.0353108309209347 0.0429059900343418 0.0643867924809456 0.0782297477126122 0.291132718324661 0.361642450094223 0.440118134021759 0.532106935977936 0.568796336650848 0.542570948600769 0.552428960800171 0.555827081203461 0.541671097278595 0.558760166168213 0.315305292606354 0.214087381958961 0.197803840041161 0.213173270225525 0.230365723371506 0.248127222061157 0.268848419189453 0.295119851827621 0.31119030714035 0.33477720618248 0.346000224351883 0.353825151920319 0.358872264623642 0.365453392267227
-9999 -9999 -9999 -9999 -9999 -9999 -9999 -9999 -9999 -9999 -9999 -9999 -9999 -9999 -9999 -9999 0.324847787618637 0.0788937285542488 0.0661162808537483 0.0595215447247028 0.0289119798690081 0.048394862562418 0.0630533918738365 0.0823867991566658 0.0223246328532696 0.0222175903618336 0.0258542615920305 0.0249586645513773 0.0268356986343861 0.0324371829628944 0.0461568497121334 0.0677259638905525 0.0883159413933754 0.327786922454834 0.366891205310822 0.422200590372086 0.454181671142578 0.540627002716064 0.536624729633331 0.539981603622437 0.536743104457855 0.491479784250259 0.26956245303154 0.193189948797226 0.193689927458763 0.213667139410973 0.254873633384705 0.28964576125145 0.327643245458603 0.368479937314987 0.382675260305405 0.42149493098259 0.452112287282944 0.463172316551208 0.47038197517395 0.483892381191254
-9999 -9999 -9999 -9999 -9999 -9999 -9999 -9999 -9999 -9999 -9999 -9999 -9999 -9999 -9999 -9999 -9999 0.286498785018921 0.0994214043021202 0.0664849653840065 0.0371799990534782 0.0434076450765133 0.0677935779094696 0.0711782351136208 0.0805066302418709 0.0826851576566696 0.02167933806777 0.0213684365153313 0.019997151568532 0.0251247547566891 0.0361694470047951 0.052674476057291 0.0783121362328529 0.0989898070693016 0.359562277793884 0.32387974858284 0.352775305509567 0.377530604600906 0.405540108680725 0.432335764169693 0.36816194653511 0.318859755992889 0.23179829120636 0.203271359205246 0.229265749454498 0.264457255601883 0.308711111545563 0.366994887590408 0.420613288879395 0.466983735561371 0.517885982990265 0.518988490104675 0.521053850650787 0.522056937217712 0.521333813667297 0.524605333805084
-9999 -9999 -9999 -9999 -9999 -9999 -9999 -9999 -9999 -9999 -9999 -9999 -9999 -9999 -9999 -9999 -9999 -9999 -9999 0.111580476164818 0.0720213428139687 0.0545551329851151 0.0488488003611565 0.0407888926565647 0.0486695729196072 0.0641559362411499 0.0670734345912933 0.016082588583231 0.0168245602399111 0.0216966792941093 0.0284069869667292 0.0407192893326283 0.0533543154597282 0.077286459505558 0.0965589582920074 0.324039429426193 0.328513413667679 0.291119962930679 0.27273041009903 0.271147936582565 0.209731727838516 0.24301689863205 0.230225831270218 0.233121439814568 0.277121126651764 0.304798454046249 0.340565174818039 0.403957098722458 0.464806705713272 0.523841440677643 0.587031602859497 0.576966166496277 0.559031903743744 0.545254170894623 0.528570115566254 0.524636745452881
-9999 -9999 -9999 -9999 -9999 -9999 -9999 -9999 -9999 -9999 -9999 -9999 -9999 -9999 -9999 -9999 -9999 -9999 -9999 -9999 -9999 0.0894786864519119 0.0493916198611259 0.0396054424345493 0.0353949926793575 0.0471432209014893 0.0555518828332424 0.0655493959784508 0.0188297312706709 0.0194802843034267 0.0237066932022572 0.034574843943119 0.0441131368279457 0.0523279309272766 0.0698357298970222 0.0944167822599411 0.345791399478912 0.289280593395233 0.250383883714676 0.263143420219421 0.300958782434464 0.310389280319214 0.301210552453995 0.312118530273438 0.313439577817917 0.333444535732269 0.356920778751373 0.375942170619965 0.42751070857048 0.526930749416351 0.585693001747131 0.582243502140045 0.557780981063843 0.534442245960236 0.510369181632996 0.47336757183075
-9999 -9999 -9999 -9999 -9999 -9999 -9999 -9999 -9999 -9999 -9999 -9999 -9999 -9999 -9999 -9999 -9999 -9999 -9999 -9999 -9999 -9999 -9999 0.0833199545741081 0.0512338988482952 0.038924265652895 0.0370640270411968 0.0514264106750488 0.0602596551179886 0.0175575688481331 0.0195669997483492 0.0258766822516918 0.030305340886116 0.03758280351758 0.0446639806032181 0.0603825896978378 0.0779599249362946 0.308573991060257 0.324506312608719 0.339990854263306 0.374892115592957 0.387166380882263 0.399712413549423 0.395733058452606 0.379192620515823 0.369506031274796 0.37552484869957 0.388265639543533 0.431272119283676 0.514272630214691 0.572845995426178 0.570234477519989 0.545274198055267 0.52392566204071 0.500379085540771 0.467726111412048
-9999 -9999 -9999 -9999 -9999 -9999 -9999 -9999 -9999 -9999 -9999 -9999 -9999 -9999 -9999 -9999 -9999 -9999 -9999 -9999 -9999 -9999 -9999 -9999 -9999 0.0610338225960732 0.0447262041270733 0.0426793955266476 0.0265269447118044 0.0526441633701324 0.0701139196753502 0.0218001063913107 0.0253113191574812 0.0254941284656525 0.0292504616081715 0.0326186046004295 0.0442075990140438 0.206158578395844 0.267133891582489 0.356782406568527 0.375237554311752 0.420305520296097 0.475175827741623 0.4937544465065 0.459947764873505 0.434887140989304 0.416469812393188 0.441428273916245 0.465102940797806 0.520579814910889 0.56311970949173 0.556682407855988 0.526531934738159 0.514994263648987 0.521186828613281 0.513349413871765
-9999 -9999 -9999 -9999 -9999 -9999 -9999 -9999 -9999 -9999 -9999 -9999 -9999 -9999 -9999 -9999 -9999 -9999 -9999 -9999 -9999 -9999 -9999 -9999 -9999 0.131205409765244 0.0585047975182533 0.0508079677820206 0.0432419329881668 0.0229195803403854 0.0362596847116947 0.0491055585443974 0.0762997940182686 0.084312342107296 0.0239235367625952 0.0257950220257044 0.0340260528028011 0.0417244844138622 0.198248639702797 0.281753152608871 0.320684224367142 0.402885526418686 0.497903257608414 0.531921625137329 0.523554384708405 0.477666020393372 0.446492493152618 0.437701016664505 0.449703902006149 0.48558109998703 0.516826510429382 0.51545912027359 0.508758664131165 0.512897789478302 0.527844846248627 0.522758841514587
-9999 -9999 -9999 -9999 -9999 -9999 -9999 -9999 -9999 -9999 -9999 -9999 -9999 -9999 -9999 -9999 -9999 -9999 -9999 -9999 -9999 -9999 -9999 -9999 -9999 -9999 -9999 0.0612698905169964 0.0529951229691505 0.0147004975005984 0.00473095057532191 0.0117595633491874 0.0258846115320921 0.0480531267821789 0.0780187919735909 0.0787893682718277 0.106685653328896 0.126153543591499 0.156931981444359 0.217504292726517 0.234445467591286 0.350318878889084 0.480874210596085 0.534851849079132 0.525067090988159 0.493362426757812 0.468422293663025 0.423898845911026 0.405404955148697 0.432765424251556 0.444066554307938 0.478389531373978 0.496821343898773 0.510890781879425 0.534905910491943 0.516330361366272
-9999 -9999 -9999 -9999 -9999 -9999 -9999 -9999 -9999 -9999 -9999 -9999 -9999 -9999 -9999 -9999 -9999 -9999 -9999 -9999 -9999 -9999 -9999 -9999 -9999 -9999 -9999 0.106173634529114 0.0615435987710953 0.0162780731916428 0.00649920105934143 0.00854847673326731 0.0198160242289305 0.0302272737026215 0.0445245839655399 0.051626905798912 0.0815358981490135 0.108279205858707 0.14220230281353 0.177570179104805 0.182750910520554 0.267731368541718 0.4066541492939 0.504948377609253 0.528862833976746 0.507310628890991 0.493562966585159 0.445207953453064 0.415812522172928 0.403447955846786 0.408311873674393 0.457292228937149 0.445764869451523 0.466575384140015 0.517998576164246 0.491658478975296
-9999 -9999 -9999 -9999 -9999 -9999 -9999 -9999 -9999 -9999 -9999 -9999 -9999 -9999 -9999 -9999 -9999 -9999 -9999 -9999 -9999 -9999 -9999 -9999 -9999 -9999 -9999 -9999 0.0922237113118172 0.0282003134489059 0.0202013049274683 0.0173228587955236 0.0272106099873781 0.037576824426651 0.0408715270459652 0.0460079163312912 0.0692082419991493 0.0840499997138977 0.118260636925697 0.132483288645744 0.142191782593727 0.18948882818222 0.257216840982437 0.358916461467743 0.453177571296692 0.518535375595093 0.5102259516716 0.475329697132111 0.44897273182869 0.416177868843079 0.403766572475433 0.448598355054855 0.451425492763519 0.444085568189621 0.48759862780571 0.456337988376617
-9999 -9999 -9999 -9999 -9999 -9999 -9999 -9999 -9999 -9999 -9999 -9999 -9999 -9999 -9999 -9999 -9999 -9999 -9999 -9999 -9999 -9999 -9999 -9999 -9999 -9999 -9999 -9999 0.120552882552147 0.0357227437198162 0.0356710962951183 0.0264776293188334 0.0318554900586605 0.0324676334857941 0.038301132619381 0.0429884158074856 0.0572664514183998 0.0687897130846977 0.0849241316318512 0.0943431407213211 0.0977426916360855 0.125638514757156 0.177526041865349 0.248149231076241 0.311872214078903 0.379392892122269 0.458383709192276 0.512203335762024 0.511341869831085 0.441843599081039 0.408831208944321 0.448382586240768 0.43696054816246 0.474167346954346 0.44465771317482 0.381779104471207
-9999 -9999 -9999 -9999 -9999 -9999 -9999 -9999 -9999 -9999 -9999 -9999 -9999 -9999 -9999 -9999 -9999 -9999 -9999 -9999 -9999 -9999 -9999 -9999 -9999 -9999 -9999 -9999 0.115741401910782 0.0428698025643826 0.0332050919532776 0.034602452069521 0.027782179415226 0.0285152085125446 0.0354715473949909 0.0390874706208706 0.0512057095766068 0.0555621944367886 0.0621339082717896 0.0674519464373589 0.0625000149011612 0.0889802351593971 0.115490101277828 0.155505478382111 0.182662695646286 0.204662844538689 0.342511028051376 0.51530921459198 0.535293340682983 0.465725511312485 0.37232169508934 0.449554860591888 0.493051946163177 0.467315435409546 0.424663096666336 0.337979048490524
-9999 -9999 -9999 -9999 -9999 -9999 -9999 -9999 -9999 -9999 -9999 -9999 -9999 -9999 -9999 -9999 -9999 -9999 -9999 -9999 -9999 -9999 -9999 -9999 -9999 -9999 -9999 -9999 0.142027750611305 0.0527415089309216 0.0599582940340042 0.03885642811656 0.0303515139967203 0.0290964636951685 0.0342238508164883 0.0386577732861042 0.0471041053533554 0.0502306185662746 0.0543902851641178 0.0555407218635082 0.0499822720885277 0.0633905008435249 0.088037982583046 0.113161750137806 0.122286252677441 0.138473957777023 0.232193157076836 0.360308796167374 0.443433731794357 0.468420416116714 0.467435866594315 0.4772569835186 0.483958393335342 0.449780315160751 0.378973126411438 0.300713509321213
-9999 -9999 -9999 -9999 -9999 -9999 -9999 -9999 -9999 -9999 -9999 -9999 -9999 -9999 -9999 -9999 -9999 -9999 -9999 -9999 -9999 -9999 -9999 -9999 -9999 -9999 -9999 -9999 0.165066450834274 0.0878347530961037 0.063230499625206 0.037856187671423 0.0322378128767014 0.0320086441934109 0.0348100997507572 0.0356708653271198 0.0474437139928341 0.0495238266885281 0.0572783425450325 0.0488467998802662 0.0402150675654411 0.0577458664774895 0.0866511464118958 0.117478251457214 0.121870577335358 0.122424922883511 0.176738545298576 0.264207065105438 0.352059692144394 0.45134773850441 0.488571494817734 0.4765744805336 0.447496742010117 0.397825926542282 0.328065067529678 0.26572260260582
