meets/meet004/_saidas_enm/CCSM_SVM_0k_Aralia_warmingiana4.asc
NCOLS 154 
NROWS 168 
XLLCORNER -112 
YLLCORNER -55.5 
CELLSIZE 0.5 
NODATA_value -9999 
[rows 100 to 124 of 168, columns 56 to 111 of 154]
-9999 -9999 -9999 -9999 -9999 -9999 -9999 -9999 -9999 -9999 -9999 -9999 -9999 -9999 -9999 -9999 -9999 -9999 -9999 -9999 -9999 -9999 -9999 -9999 -9999 -9999 -9999 -9999 -0.0200936149931542 0.352806133735044 0.228435255423951 -0.0102742895557186 -0.0721599422035711 -0.0811858912110324 -0.0702424247216323 -0.0500444360095113 -0.0291259018849268 0.00892959111737257 0.171283240428593 0.5624009607186 0.835897298658971 0.704094138788108 0.368693729734418 0.113853068396262 0.0643525777607555 0.0771543358152286 0.066330348819265 0.0941842138032301 0.151663092470451 0.200628733983425 0.228924053261359 0.251311529278827 0.283292322614991 0.340353967288177 0.411558406861198 0.479978035972994
-9999 -9999 -9999 -9999 -9999 -9999 -9999 -9999 -9999 -9999 -9999 -9999 -9999 -9999 -9999 -9999 -9999 -9999 -9999 -9999 -9999 -9999 -9999 -9999 -9999 -9999 -9999 -9999 -0.0331223144045434 0.347508967148957 0.150573060598294 -0.0202322956887838 -0.0627222634463599 -0.0719294218586928 -0.0610333633659552 -0.0475140903541857 -0.0224542951182114 0.0195002234245266 0.196509103261274 0.584003147520963 0.757415260505172 0.568262902779688 0.249682021347106 0.0396118935198094 0.0363441293620099 0.0635748112119615 0.0551327484011825 0.099478362447914 0.170901387765881 0.223534311238802 0.304535418341357 0.312607019758604 0.335661222664643 0.390254236933865 0.46433894389116 0.549543972247467
-9999 -9999 -9999 -9999 -9999 -9999 -9999 -9999 -9999 -9999 -9999 -9999 -9999 -9999 -9999 -9999 -9999 -9999 -9999 -9999 -9999 -9999 -9999 -9999 -9999 -9999 -9999 -0.0429772111282622 -0.0325847431276668 0.331983175519782 0.160489827586762 -0.0139488653044785 -0.0521974313711645 -0.0619756822593485 -0.0503088601991354 -0.034428748500319 -0.0108071689841527 0.0501236710055225 0.263147984784207 0.618212735594691 0.688486401105515 0.455961693123527 0.178926338860871 0.0102512986273746 0.0236036944642022 0.0718037960758993 0.0814897366733211 0.123881553019098 0.185629809796729 0.237707657271552 0.298019628046852 0.337519156593574 0.35170456901349 0.399016654353319 0.48354607438871 0.56919462748128
-9999 -9999 -9999 -9999 -9999 -9999 -9999 -9999 -9999 -9999 -9999 -9999 -9999 -9999 -9999 -9999 -9999 -9999 -9999 -9999 -9999 -9999 -9999 -9999 -9999 -9999 -9999 -0.0381165777029741 -0.0170776977458093 0.325775638140574 0.126732955373027 -0.0164773845853114 -0.0470499394963722 -0.0566860611098856 -0.0441239236685576 -0.0311245597216224 0.0042726158134197 0.0877806685733191 0.332352205893922 0.649570811991058 0.615828868547335 0.376644190241486 0.138820647067657 0.00384500757800343 0.0415089579045289 0.098216240641823 0.119546455834186 0.154699867106054 0.207758968713249 0.253915235616877 0.302240849039895 0.34298034801971 0.354012242323665 0.424024460064804 0.516851117936426 0.596977363665702
-9999 -9999 -9999 -9999 -9999 -9999 -9999 -9999 -9999 -9999 -9999 -9999 -9999 -9999 -9999 -9999 -9999 -9999 -9999 -9999 -9999 -9999 -9999 -9999 -9999 -9999 -9999 -0.0277514795825247 0.0254865389419666 0.304612424513726 0.0775293686498083 -0.0327601068705959 -0.0554631833518147 -0.0601967449883167 -0.0458323388647439 -0.0330167513919508 0.0120282355496791 0.15389950511233 0.431496859447818 0.678326693916244 0.600490106951171 0.349998049657622 0.158225340514283 0.0486547717210507 0.0649378283575699 0.12491879325796 0.142974462657422 0.175439885435386 0.220015564874546 0.270429645174216 0.326292108394425 0.364583688150938 0.413562082737599 0.487367713704271 0.575341499110849 0.669209559455804
-9999 -9999 -9999 -9999 -9999 -9999 -9999 -9999 -9999 -9999 -9999 -9999 -9999 -9999 -9999 -9999 -9999 -9999 -9999 -9999 -9999 -9999 -9999 -9999 -9999 -9999 -9999 0.0131614882133534 0.0804776037730254 0.256280231007403 0.0142832001128629 -0.0561893791215187 -0.066897792729178 -0.0697899791313518 -0.0565033477955089 -0.0495242179146107 0.00897739465176056 0.180052173803357 0.464456427142138 0.667167615317748 0.548818018763598 0.320007487924789 0.172815556848977 0.0779039552782591 0.0840515961396643 0.123044009960738 0.138098588119886 0.174572334161064 0.223967302304638 0.274065459232963 0.334839043590929 0.388836492677718 0.451337794517516 0.539230492869012 0.624611253397728 0.715156862247035
-9999 -9999 -9999 -9999 -9999 -9999 -9999 -9999 -9999 -9999 -9999 -9999 -9999 -9999 -9999 -9999 -9999 -9999 -9999 -9999 -9999 -9999 -9999 -9999 -9999 -9999 -9999 0.100770742222574 0.163768378421763 0.176521269581015 -0.0316547876158652 -0.0636049270006716 -0.0743365499203831 -0.0785595845530447 -0.068911937585339 -0.0665670385312637 -0.00389063595066363 0.165313040029188 0.440379070060516 0.607988282963972 0.466778112525743 0.28853793684191 0.183354970269789 0.109196048915217 0.0932511077835213 0.0983915830015955 0.133347562715871 0.175581987808287 0.221758114785543 0.273350705388331 0.323416559400602 0.383053558943496 0.463143957992037 0.55530390182852 0.644485253282687 0.724132822997774
-9999 -9999 -9999 -9999 -9999 -9999 -9999 -9999 -9999 -9999 -9999 -9999 -9999 -9999 -9999 -9999 -9999 -9999 -9999 -9999 -9999 -9999 -9999 -9999 -9999 -9999 -9999 0.24105403799525 0.230346145285249 0.101812406541468 -0.0468783973512087 -0.059456347798437 -0.0726316922134489 -0.0820212217390008 -0.0770068242090098 -0.0734261921198862 -0.0171162558854004 0.146283933462383 0.403647248910032 0.540122923433468 0.406934792085101 0.254072390089092 0.185800453292331 0.127667223748575 0.12409764581371 0.129638892192019 0.160261437272395 0.194491411085605 0.235693090901046 0.279576528733881 0.324741281288116 0.381514894672992 0.461849747785114 0.561037538261532 0.651475592802401 0.734171306088021
-9999 -9999 -9999 -9999 -9999 -9999 -9999 -9999 -9999 -9999 -9999 -9999 -9999 -9999 -9999 -9999 -9999 -9999 -9999 -9999 -9999 -9999 -9999 -9999 -9999 -9999 -9999 0.376160661512504 0.272804930942358 0.0472056248129535 -0.0471126438600863 -0.0534050181612513 -0.0709086168626725 -0.0819001343017859 -0.0791072571768918 -0.0734431806703456 -0.022999033366376 0.131739891012785 0.351565614986678 0.467192074518705 0.34141281705428 0.213776235231415 0.176209843899682 0.144412636786432 0.154199065066224 0.189486229428584 0.19953060252825 0.232272517468344 0.25955532715477 0.279028211956385 0.316038086125967 0.374498756593724 0.460588850328501 0.554413513170774 0.63606085785357 0.727573269320258
-9999 -9999 -9999 -9999 -9999 -9999 -9999 -9999 -9999 -9999 -9999 -9999 -9999 -9999 -9999 -9999 -9999 -9999 -9999 -9999 -9999 -9999 -9999 -9999 -9999 -9999 -9999 0.443623672164812 0.257925417665943 0.0291913106714839 -0.0410887988090463 -0.05005681956588 -0.0693211163360545 -0.0670899646116238 -0.0709045013825453 -0.0690408989190436 -0.0135153923040362 0.130325611442147 0.289975532652546 0.359795211261858 0.266054131028561 0.16442602200917 0.1508889165341 0.14035684153936 0.156694462895143 0.189961732269064 0.206295437133772 0.230376013722277 0.254941880921435 0.275277997679798 0.310841008916212 0.365589165122375 0.440543548322748 0.526642135979713 0.606550652620709 0.69741024153328
-9999 -9999 -9999 -9999 -9999 -9999 -9999 -9999 -9999 -9999 -9999 -9999 -9999 -9999 -9999 -9999 -9999 -9999 -9999 -9999 -9999 -9999 -9999 -9999 -9999 -9999 0.412550397100517 0.444944593486691 0.219470765815105 0.0171975743706783 -0.0281799280249047 -0.0350068116890322 -0.0401468015680398 -0.0163576547954837 -0.0439489774269882 -0.0612025820490967 0.0175657095118673 0.130095717579869 0.216488143104142 0.251310624560008 0.155208416846506 0.090634662094004 0.0994446632917979 0.111931830414115 0.1216945315647 0.146548278644225 0.164159281694749 0.187253352843399 0.219118777266622 0.259255365446416 0.305337638985028 0.353866740636266 0.411336625514575 0.4854744828329 0.559789115744692 0.64155147079928
-9999 -9999 -9999 -9999 -9999 -9999 -9999 -9999 -9999 -9999 -9999 -9999 -9999 -9999 -9999 -9999 -9999 -9999 -9999 -9999 -9999 -9999 -9999 -9999 -9999 -9999 0.434316146511471 0.364368422849908 0.118253613987406 0.00443573037384482 -0.00440171256592248 0.000208897372629191 0.0295523146019328 0.0703795883217792 0.0326387935910583 0.00824401073865544 0.0989731659187572 0.2007028832395 0.218023602823411 0.157894550066582 0.0706337315047735 0.020775513284059 0.0306255672597502 0.0446048493349151 0.0581689621455343 0.0811953743672837 0.116737833455597 0.159045174897353 0.203233476034078 0.245975861918019 0.29122278927969 0.344664593506936 0.403582707448654 0.474391692410695 0.537548598295578 0.606878404880474
-9999 -9999 -9999 -9999 -9999 -9999 -9999 -9999 -9999 -9999 -9999 -9999 -9999 -9999 -9999 -9999 -9999 -9999 -9999 -9999 -9999 -9999 -9999 -9999 -9999 -9999 0.434380226949873 0.196319284974066 0.0179387380588615 -0.0074330432244708 0.0169424603642077 0.0512482343925569 0.121743699828416 0.17232340407693 0.163877723194967 0.119047379057869 0.2067396760148 0.243885924296708 0.170126455213569 0.0891837965204209 0.00541686219260279 -0.022707755811799 -0.0212080687585045 -0.00992563257532852 0.00483163151906668 0.0194194658374126 0.0724148334967593 0.135612122216226 0.191452515187052 0.227166062873794 0.266405442679614 0.322291250150775 0.393028227593188 0.459117820052986 0.500166206985052 0.560219550332153
-9999 -9999 -9999 -9999 -9999 -9999 -9999 -9999 -9999 -9999 -9999 -9999 -9999 -9999 -9999 -9999 -9999 -9999 -9999 -9999 -9999 -9999 -9999 -9999 -9999 -9999 0.35472821129069 0.0572671832075741 -0.0320592746135951 -0.0122930505478788 0.0469549078512392 0.138273913935501 0.245778917207499 0.319075925197681 0.310528292171051 0.241136643396618 0.248642805282756 0.207132510223954 0.0977258182099557 0.0448973066992652 0.0191137182964622 -0.0124565269730057 -0.023898741474647 -0.0181041580206713 -0.00259319729128055 0.0160356817842755 0.0478854662150773 0.105944210341839 0.166637323468843 0.204497101714747 0.23759120862124 0.285192127693752 0.3413726218178 0.399837950831204 0.443816532878543 0.489614977949223
-9999 -9999 -9999 -9999 -9999 -9999 -9999 -9999 -9999 -9999 -9999 -9999 -9999 -9999 -9999 -9999 -9999 -9999 -9999 -9999 -9999 -9999 -9999 -9999 -9999 0.587012042285404 0.209054441625689 -0.0136724713008315 -0.0422828474544422 -0.0128208620772327 0.0798404996332963 0.222193343546911 0.364807151601398 0.428862384121512 0.348238242675735 0.265517808942079 0.250314596113992 0.139271326155197 0.0368109629374496 0.0396806203570929 0.0644645002141383 0.0126311640882721 -0.00360219042984139 0.00403190138050386 0.0247992009990265 0.0576586171168766 0.0400705393549342 0.0779319907771884 0.139257002652362 0.171717146536103 0.198846458206693 0.241096691773389 0.276481142843992 0.321755452047005 0.357844187585545 0.39139390305248
-9999 -9999 -9999 -9999 -9999 -9999 -9999 -9999 -9999 -9999 -9999 -9999 -9999 -9999 -9999 -9999 -9999 -9999 -9999 -9999 -9999 -9999 -9999 -9999 -9999 0.458224790142293 0.107473588292301 -0.0349376673973063 -0.0410051078876721 -0.00133246861976555 0.11365287819733 0.253048887202841 0.372835642728783 0.413753563678477 0.318563354420627 0.260623665369813 0.21959912399424 0.128120648693297 0.0530637331821952 0.0402309337410139 0.0453768449212521 0.0176657758822903 0.00251312889670557 0.0095515378331939 0.0367868816949431 0.0515058384189452 0.0255291904887999 0.0439034590337091 0.0979738675850373 0.136521515367403 0.159823256371731 0.193207890049479 0.222591517834273 0.259444182747568 0.288959073767892 0.311291444527418
-9999 -9999 -9999 -9999 -9999 -9999 -9999 -9999 -9999 -9999 -9999 -9999 -9999 -9999 -9999 -9999 -9999 -9999 -9999 -9999 -9999 -9999 -9999 -9999 -9999 0.379683516642095 0.0583989538568269 -0.0404902032770738 -0.0332945696473403 0.0140628472475527 0.145224490516052 0.242536134125974 0.309743777926786 0.291709834524756 0.242359974571634 0.203685127561869 0.177382869670222 0.115906382678749 0.0658769754005005 0.0555944026285007 0.0351537508467175 0.0123022365708295 -0.00974228990768677 -0.00976011823262413 0.0119339953690383 0.0385073162306736 0.00346625172418769 0.0193097587920567 0.0667694136316574 0.100488838255037 0.121812604098798 0.152295111111035 0.174959065788062 0.202897453963783 0.221072963599907 0.238756781438396
-9999 -9999 -9999 -9999 -9999 -9999 -9999 -9999 -9999 -9999 -9999 -9999 -9999 -9999 -9999 -9999 -9999 -9999 -9999 -9999 -9999 -9999 -9999 -9999 -9999 0.341086881938723 0.0492771067655085 -0.0430109992428532 -0.0393881376373003 -0.00133138926845483 0.0943748234011528 0.184217945004231 0.200653071662641 0.188113929456807 0.182073566390044 0.165673055268671 0.137977943771344 0.0889782403987115 0.0604169181516924 0.0625137841443442 0.0583031366978245 0.0125990398792755 -0.0260154639511576 -0.0380183988331739 -0.037788683322435 -0.0346194430277782 -0.0243594266628401 0.00776221546597566 0.04915365329394 0.0750501311344206 0.0922601053323647 0.115311630355071 0.132404112317627 0.153411988383495 0.163080867305457 0.165938363191008
-9999 -9999 -9999 -9999 -9999 -9999 -9999 -9999 -9999 -9999 -9999 -9999 -9999 -9999 -9999 -9999 -9999 -9999 -9999 -9999 -9999 -9999 -9999 -9999 -9999 0.311359027549527 0.0539650460969323 -0.0429338203733791 -0.0459768120920535 -0.0182126946545546 0.0606737026416809 0.130587218218605 0.121681268040572 0.123938996867928 0.141082049200351 0.134621993331751 0.110813187848338 0.0642432402362316 0.0440396290817921 0.0583204326106759 0.0602664628995618 0.00282713408121577 -0.0475253926220051 -0.0617100739721409 -0.0651744133907056 -0.0582170686378801 -0.0323439644593453 0.000864255443894957 0.0350179740175879 0.052004494077207 0.0686910509059216 0.0873680873440217 0.0965675709769017 0.108934588442821 0.108239184804029 0.108370205042157
-9999 -9999 -9999 -9999 -9999 -9999 -9999 -9999 -9999 -9999 -9999 -9999 -9999 -9999 -9999 -9999 -9999 -9999 -9999 -9999 -9999 -9999 -9999 -9999 -9999 0.281001333354888 0.0532174099586242 -0.0380724766466314 -0.0497519256558324 -0.0334305534684346 0.0424722684966304 0.0832919382873901 0.0816133541455788 0.0952319385140006 0.114586314430881 0.120405281100427 0.0914487424896941 0.0531521902469933 0.0359690072751232 0.0387838154375457 0.0300667355745431 -0.0237713376065348 -0.0729782770225632 -0.0829456903014919 -0.0733948491825248 -0.0564851573568997 -0.0358174812293488 -0.0103757747406813 0.0173381708146821 0.0354143238436061 0.0502391228272613 0.0613823399453672 0.0656156647720031 0.0743434091541038 0.0732842740923375 0.0712166102037869
-9999 -9999 -9999 -9999 -9999 -9999 -9999 -9999 -9999 -9999 -9999 -9999 -9999 -9999 -9999 -9999 -9999 -9999 -9999 -9999 -9999 -9999 -9999 -9999 -9999 0.268394970050181 0.048419427161718 -0.0358823947187685 -0.0485791080957596 -0.0425597467989552 0.0201236590366974 0.0395032117015571 0.0397276139586393 0.0534904350283621 0.0729724463696161 0.0839708319945012 0.0544596075957993 0.0251203257679758 0.01220436307733 0.0122114757895114 0.00537310791782097 -0.0423559332126671 -0.0861189965233549 -0.0918750223157422 -0.0780711291261863 -0.057655039578406 -0.039055825249366 -0.0200737722395624 0.00178218621469067 0.0174007128554486 0.0332105266944251 0.0420328532944441 0.0417367690509608 0.0465616478618328 0.0403581334615609 0.0391581262977448
-9999 -9999 -9999 -9999 -9999 -9999 -9999 -9999 -9999 -9999 -9999 -9999 -9999 -9999 -9999 -9999 -9999 -9999 -9999 -9999 -9999 -9999 -9999 -9999 -9999 0.253228946133568 0.0420627209353777 -0.0369887693925934 -0.0450499474670863 -0.0510084091032285 -0.0142300399431061 0.000723734053368508 -0.00801024675631024 -0.00552150537081797 0.00535577112857538 0.00290932828214302 -0.00215355503949555 -0.017203275095976 -0.020090349689045 -0.00925684147587902 -0.0156261750353509 -0.0517413587210013 -0.0869468717105186 -0.0932144623466985 -0.0809565127572563 -0.0616163682950098 -0.045098514919427 -0.0272097226313468 -0.00646182704206333 0.00683117982447601 0.0160173600016007 0.0253979408563763 0.0273671678262155 0.0279044140393863 0.0179290205431231 0.00736775832104869
-9999 -9999 -9999 -9999 -9999 -9999 -9999 -9999 -9999 -9999 -9999 -9999 -9999 -9999 -9999 -9999 -9999 -9999 -9999 -9999 -9999 -9999 -9999 -9999 -9999 0.241516192381022 0.0398721173180138 -0.0356676892519603 -0.0400429222936696 -0.0542767231095393 -0.0353824166286373 -0.0288241398343706 -0.0426692799689214 -0.0451734489162859 -0.0376339928779805 -0.0365982784921998 -0.0320608141028396 -0.0369214959226078 -0.0337476427298568 -0.0181759743505756 -0.0224676485564858 -0.0535774575244397 -0.0863788576450161 -0.0938526640213159 -0.0857764091896924 -0.0698144445624804 -0.0541345195271777 -0.0358053544987802 -0.0115075013347158 0.00397882467772587 0.0165832364478901 0.0270299137485708 0.0225049764803429 0.0226886229064732 0.00657734081748496 -0.00410282163215514
-9999 -9999 -9999 -9999 -9999 -9999 -9999 -9999 -9999 -9999 -9999 -9999 -9999 -9999 -9999 -9999 -9999 -9999 -9999 -9999 -9999 -9999 -9999 -9999 -9999 0.225849605451839 0.039844689394877 -0.0284731152213545 -0.0337077868957874 -0.0564523620224912 -0.0459732671420927 -0.048144049745929 -0.0619658052027041 -0.067439204462188 -0.0537987399673872 -0.0414197424726906 -0.041589906811232 -0.040271268158208 -0.0331487210209234 -0.0213235370218507 -0.0183795736385188 -0.0516113191820972 -0.0859379990341742 -0.0937732226164497 -0.0904288629134842 -0.0818501785199619 -0.067308599560598 -0.0442319376915409 -0.0183773297388414 0.00310723117863887 0.0299982848273667 0.0249354854291267 0.0221442170487883 0.00898885395152466 -0.0198880467313952 -0.0141594392916308
-9999 -9999 -9999 -9999 -9999 -9999 -9999 -9999 -9999 -9999 -9999 -9999 -9999 -9999 -9999 -9999 -9999 -9999 -9999 -9999 -9999 -9999 -9999 -9999 0.175124148235975 0.208496113101208 0.0285109001843769 -0.0203844116659397 -0.0226755645563498 -0.0542163164595288 -0.0640964875559255 -0.0628153092636203 -0.0737380199511402 -0.0827115509950039 -0.0740895366774736 -0.0602982051106973 -0.0587623937886291 -0.0558061021068165 -0.0468866046548057 -0.0303409189201836 -0.0234566772981647 -0.0545932507235676 -0.0858965724464241 -0.0936378748069061 -0.09211798938367 -0.0871788833363027 -0.0772628710881089 -0.0596326666859252 -0.0381532202529602 -0.0208734174991153 -0.00455805925270519 -0.00384559584729 -0.00866734104102995 -0.0343905048915247 -0.0859642805100499 -0.113646658038255
