meets/meet004/_saidas_enm/CCSM_SVM_6k_Cavanillesia_umbellata5.asc
NCOLS 154 
NROWS 168 
XLLCORNER -112 
YLLCORNER -55.5 
CELLSIZE 0.5 
NODATA_value -9999 
[rows 96 to 119 of 168, columns 56 to 111 of 154]
-9999 -9999 -9999 -9999 -9999 -9999 -9999 -9999 -9999 -9999 -9999 -9999 -9999 -9999 -9999 -9999 -9999 -9999 -9999 -9999 -9999 -9999 -9999 -9999 -9999 -9999 -9999 -9999 0.0826600450570683 0.0558446356362879 0.0641560505268339 0.0745582718114364 0.0808575152254014 0.0845122750806243 0.0738365830397314 0.0439133157893256 -0.00269682707481345 -0.0189833406030909 0.0284418329937033 -0.00220190977842116 -0.117669638261765 -0.138470653304007 -0.0878868823031791 -0.10448222555818 -0.113934875685783 -0.073351271190019 -0.00810181442883029 0.0250638217802384 0.0242501403480511 -0.0524688270406479 -0.0721902154709457 -0.0266361191444558 0.0891929616560022 0.137844026903791 0.147578318257316 0.107353913229737
-9999 -9999 -9999 -9999 -9999 -9999 -9999 -9999 -9999 -9999 -9999 -9999 -9999 -9999 -9999 -9999 -9999 -9999 -9999 -9999 -9999 -9999 -9999 -9999 -9999 -9999 -9999 -9999 0.0784757548220172 0.058110372215167 0.0604573459530063 0.0736008314878717 0.0858464985208338 0.0901899299981656 0.0771775959599949 0.0464642004774238 -0.00391029935259896 -0.0220619410969442 0.00879553033931146 -0.019256603230338 -0.109492980471434 -0.13090672904135 -0.0839265429428886 -0.100100940889923 -0.117605867831402 -0.123365744460601 -0.105548958815503 -0.00553248169109299 0.0419783539424268 -0.0329492244426986 -0.103314735672037 -0.0167384617008643 0.101233041242936 0.152979938173035 0.155754403462812 0.120847034946365
-9999 -9999 -9999 -9999 -9999 -9999 -9999 -9999 -9999 -9999 -9999 -9999 -9999 -9999 -9999 -9999 -9999 -9999 -9999 -9999 -9999 -9999 -9999 -9999 -9999 -9999 -9999 -9999 0.0805128200321497 0.0615350145799193 0.0590104621859835 0.0735348866297565 0.0857526922709292 0.0901443651574047 0.0795497014720084 0.0437723393215304 -0.00741188013046223 -0.0175351930589165 0.0032098005403694 -0.0282390081115599 -0.113574825189561 -0.122477214362041 -0.0733738729322443 -0.0865636158481165 -0.0920113862923432 -0.101827052556174 -0.128914045914049 -0.118924901774626 -0.0743237159958044 -0.0335688159159097 -0.012041486382343 0.0390338864850141 0.100447977173429 0.126584305585168 0.129731733484554 0.112242410628477
-9999 -9999 -9999 -9999 -9999 -9999 -9999 -9999 -9999 -9999 -9999 -9999 -9999 -9999 -9999 -9999 -9999 -9999 -9999 -9999 -9999 -9999 -9999 -9999 -9999 -9999 -9999 -9999 0.0835586316892855 0.0712306404388975 0.0595684694147584 0.0743072547393167 0.0860558148486197 0.089849916948645 0.0780620328370362 0.0434063824565631 -0.00405563926824148 -0.00499634191154358 0.0104146397541878 -0.0374772898778781 -0.111371372882223 -0.109865645459539 -0.0672572413933164 -0.0828758545557335 -0.0741803593551596 -0.068800201249982 -0.101595554031528 -0.127737938193327 -0.121207780268987 -0.0357565040214025 0.101648709695597 0.0761863064703054 0.0705073444209548 0.0857430937145441 0.0972161846391885 0.112415448274688
-9999 -9999 -9999 -9999 -9999 -9999 -9999 -9999 -9999 -9999 -9999 -9999 -9999 -9999 -9999 -9999 -9999 -9999 -9999 -9999 -9999 -9999 -9999 -9999 -9999 -9999 -9999 -9999 0.0805107376394862 0.0745649742607821 0.0685712761029594 0.0757123442877241 0.0834085086488011 0.086055833126812 0.0748120724415489 0.0388290959550306 4.15827371124666e-05 0.00152991989725515 0.00913765881152129 -0.0524910180342539 -0.133068453973536 -0.115363887303857 -0.0689686617735105 -0.0784103390991656 -0.0698082955921104 -0.0731112597066932 -0.110188184823987 -0.114903014178717 -0.0768287986603277 -0.0535037029952197 -0.0510596968500435 -0.00165373932780688 0.0386007539263779 0.0618874982367925 0.0739363611004298 0.0782926852563193
-9999 -9999 -9999 -9999 -9999 -9999 -9999 -9999 -9999 -9999 -9999 -9999 -9999 -9999 -9999 -9999 -9999 -9999 -9999 -9999 -9999 -9999 -9999 -9999 -9999 -9999 -9999 -9999 0.0751925912162444 0.0764423687881172 0.0723288946336924 0.0770720932619784 0.0821310721588382 0.0830314867096476 0.0701778885364601 0.0411862708430163 0.0112590004544429 0.0167315332205858 0.0119305999970825 -0.0707306729546642 -0.149961517312972 -0.144779667651774 -0.0968101520432402 -0.0962381309870653 -0.0716043204676274 -0.0693378084501365 -0.109641372278526 -0.0703549972752299 -0.0180752680168226 -0.0585485041595826 -0.0997386197732117 -0.0557288595701378 -0.00468119045171611 0.0244521593186647 0.0630014729756519 0.0476166355911199
-9999 -9999 -9999 -9999 -9999 -9999 -9999 -9999 -9999 -9999 -9999 -9999 -9999 -9999 -9999 -9999 -9999 -9999 -9999 -9999 -9999 -9999 -9999 -9999 -9999 -9999 -9999 0.0670789171027496 0.062975822986349 0.0753262303326628 0.0738829975456611 0.0775384701812402 0.0807608799676432 0.0796353469403047 0.0678177515804345 0.0445544594441983 0.0210343388101976 0.0255189255247822 -0.00105714677799768 -0.0961993447611368 -0.165163861816344 -0.155237446153874 -0.118389594340106 -0.114102311993629 -0.0907533324507145 -0.0801162005321631 -0.0961958812470291 -0.0726693191589924 -0.0356375956040755 -0.0543003286002753 -0.0748084347845806 -0.0633113571525586 -0.0208782482722409 0.00153707123097441 0.00997236308187349 -0.00552773547059476
-9999 -9999 -9999 -9999 -9999 -9999 -9999 -9999 -9999 -9999 -9999 -9999 -9999 -9999 -9999 -9999 -9999 -9999 -9999 -9999 -9999 -9999 -9999 -9999 -9999 -9999 -9999 0.0670419220955913 0.0572244611344367 0.0769778778912182 0.0749039949445867 0.0779628532366962 0.0800838262434161 0.0780203597305833 0.0666157125280318 0.0499520462672005 0.0236533747378204 0.0176941997841117 -0.0230189786538255 -0.1130998184355 -0.164194880791051 -0.15362525148809 -0.119289357830017 -0.117652957471202 -0.0955386085893424 -0.0841598726033121 -0.0873384220276514 -0.0816205494523036 -0.0649484635503794 -0.0689953212966283 -0.0788882347961107 -0.0655788592413964 -0.0454555345490814 -0.0319843303370431 -0.043965606646288 -0.0499089283772586
-9999 -9999 -9999 -9999 -9999 -9999 -9999 -9999 -9999 -9999 -9999 -9999 -9999 -9999 -9999 -9999 -9999 -9999 -9999 -9999 -9999 -9999 -9999 -9999 -9999 -9999 -9999 0.065377976869026 0.0550379595070021 0.0757952973408853 0.0766146844569613 0.0779544648325519 0.0803361116122776 0.0787344626908353 0.0656063786789645 0.0481712534226181 0.0119313892708242 -0.00353994823857556 -0.0309331486794862 -0.113976916802685 -0.159946497361263 -0.146432784708086 -0.124234683576722 -0.113405409463577 -0.0997787340511321 -0.0812212344102677 -0.0948554220490896 -0.0930213326976922 -0.0764104509415508 -0.0662631282904472 -0.0755324021107577 -0.065122287809172 -0.0696390101636036 -0.0718008292060595 -0.0715856741469069 -0.0814615021250893
-9999 -9999 -9999 -9999 -9999 -9999 -9999 -9999 -9999 -9999 -9999 -9999 -9999 -9999 -9999 -9999 -9999 -9999 -9999 -9999 -9999 -9999 -9999 -9999 -9999 -9999 -9999 0.0629428838933497 0.0548597292916131 0.0784559291534647 0.0756385360784262 0.078542768883432 0.0809777344304375 0.0809376079271857 0.0608968122990369 0.0386785054230774 0.00400347164019266 0.00039277559091988 -0.0192154054023424 -0.103262441536422 -0.152229070309096 -0.138458420645729 -0.117442037995912 -0.111829817437748 -0.106566920540659 -0.103226125523386 -0.112314344501346 -0.104921693628846 -0.0893267072684396 -0.0626523453035598 -0.0560196281953739 -0.0517167496238709 -0.0581428717263734 -0.0643338669066093 -0.0665827090966847 -0.0751264364387206
-9999 -9999 -9999 -9999 -9999 -9999 -9999 -9999 -9999 -9999 -9999 -9999 -9999 -9999 -9999 -9999 -9999 -9999 -9999 -9999 -9999 -9999 -9999 -9999 -9999 -9999 -9999 0.065599655281357 0.058707623012654 0.0800824695230896 0.0748095989188568 0.0788857889703994 0.0828430440949594 0.083729037457446 0.0535616147199415 0.0223355389054435 0.00533429647327793 0.0106831256749185 -0.00777275123755999 -0.101478840885939 -0.149512655206105 -0.127935169742421 -0.115112984688269 -0.112881694267841 -0.117602038110438 -0.121046806446276 -0.119091208043005 -0.105275037334561 -0.0793991370028116 -0.0574766540576401 -0.0168473161275545 -0.0315508135387079 -0.0296619703130522 -0.033784123692797 -0.0421560226682803 -0.0426857958581269
-9999 -9999 -9999 -9999 -9999 -9999 -9999 -9999 -9999 -9999 -9999 -9999 -9999 -9999 -9999 -9999 -9999 -9999 -9999 -9999 -9999 -9999 -9999 -9999 -9999 -9999 -9999 0.084104288651796 0.070399219526841 0.0805684786617598 0.0770957673067246 0.0806917541753198 0.0843219432399084 0.0849173986481777 0.0484611442892916 0.024756803448685 0.0150320834092242 0.0183587326605499 -0.00154101785563659 -0.0960003157155919 -0.141264886499866 -0.116867382500293 -0.10743869653552 -0.1100021575339 -0.117653907124434 -0.125380961216952 -0.126656204385737 -0.116278560996017 -0.0892546313867191 -0.05119114516019 -0.00371696915889241 -0.0321622835719591 -0.0437599291800442 -0.0266442610068997 0.00455684650267957 0.00885463889478211
-9999 -9999 -9999 -9999 -9999 -9999 -9999 -9999 -9999 -9999 -9999 -9999 -9999 -9999 -9999 -9999 -9999 -9999 -9999 -9999 -9999 -9999 -9999 -9999 -9999 -9999 -9999 0.111921066616878 0.0919170851597774 0.0805740289120587 0.0816207667356452 0.0830975510212333 0.0855087359868165 0.0844448090040135 0.0433625690365513 0.0387498441511211 0.0278533560541963 0.0187881994299652 0.00727034041297431 -0.0971334901177871 -0.129701770370172 -0.103366600416282 -0.0968189174732608 -0.0996205813545625 -0.107381331842925 -0.113323891642001 -0.128038534659934 -0.130095799043698 -0.117508407452625 -0.0677907097592927 -0.0372344436389272 -0.0456233998509328 -0.0590001920896655 -0.0480090105335307 -0.0170418067575418 0.0252596830717517
-9999 -9999 -9999 -9999 -9999 -9999 -9999 -9999 -9999 -9999 -9999 -9999 -9999 -9999 -9999 -9999 -9999 -9999 -9999 -9999 -9999 -9999 -9999 -9999 -9999 -9999 -9999 0.124486861200493 0.0916739509243258 0.081218959844707 0.0829671689406192 0.0842632371846717 0.0843969721208803 0.0776923184471238 0.0317272815114429 0.0349012582638392 0.0320019960346576 0.0145271006899358 -0.0164680642792399 -0.111161313657092 -0.122203328966887 -0.0923299882264313 -0.0861036233850955 -0.090549184412659 -0.0997616758020355 -0.108902513832038 -0.123716258856274 -0.128994076683649 -0.121555623607189 -0.0921182059861985 -0.069991940369894 -0.0640980081708578 -0.0687066804745067 -0.0558298837808264 -0.0272084799710241 0.00702886409598558
-9999 -9999 -9999 -9999 -9999 -9999 -9999 -9999 -9999 -9999 -9999 -9999 -9999 -9999 -9999 -9999 -9999 -9999 -9999 -9999 -9999 -9999 -9999 -9999 -9999 -9999 0.0380627981152665 0.112894726959331 0.0849391670325334 0.0815760649978131 0.0855082527938431 0.0853422051353213 0.0840471906510513 0.0676406632398368 0.0159392227858049 0.0330159642634807 0.0372858393572614 0.00656861522703422 -0.0373525035698567 -0.108268770507712 -0.102345760540351 -0.0802806629928567 -0.0760820821138874 -0.0833489222180637 -0.0963870234929826 -0.105579620688692 -0.113360916276666 -0.111465713121842 -0.0984549583262723 -0.0885979981094664 -0.0808539086271278 -0.0677980407006875 -0.0651488092889601 -0.0504410850805202 -0.0283789729331996 -0.00174976576737618
-9999 -9999 -9999 -9999 -9999 -9999 -9999 -9999 -9999 -9999 -9999 -9999 -9999 -9999 -9999 -9999 -9999 -9999 -9999 -9999 -9999 -9999 -9999 -9999 -9999 -9999 0.039913027807727 0.0868097112505207 0.0778694071474164 0.0831342491546937 0.0869747180312431 0.0881030910727165 0.083291945801269 0.0572591282389894 0.00845752920693066 0.0218300642616359 0.0253987143293062 -0.0218533571860692 -0.0472584828635084 -0.0668422898468257 -0.0648987289713267 -0.0569229006122813 -0.05780218799503 -0.0651127497349313 -0.0705220755269766 -0.0787033245203295 -0.0833498494396431 -0.0850658163583847 -0.0791270903320829 -0.0690953853236538 -0.063749474236269 -0.0592367382537042 -0.0543370635441828 -0.0430771927339751 -0.0228038312962293 -9.02528306563899e-05
-9999 -9999 -9999 -9999 -9999 -9999 -9999 -9999 -9999 -9999 -9999 -9999 -9999 -9999 -9999 -9999 -9999 -9999 -9999 -9999 -9999 -9999 -9999 -9999 -9999 -9999 0.0509917813193475 0.0655862670364873 0.0774518735267758 0.0838492799800545 0.0906609214893697 0.088076094797286 0.0805301356529725 0.0496300097346742 0.0141979389989282 0.0227274952687179 -0.00607732773006942 -0.0422422188410216 -0.0420850363142619 -0.0136246804229162 -0.00482554506074651 -0.0136228304226407 -0.0207353898392136 -0.0307996518990424 -0.0355255289620939 -0.0404004501571372 -0.0503837774956936 -0.05916492934246 -0.0634671744314312 -0.0537146905117813 -0.0457175646325712 -0.0449411925982393 -0.0421741036165732 -0.0312562468541002 -0.0142011202656085 0.00491792462118651
-9999 -9999 -9999 -9999 -9999 -9999 -9999 -9999 -9999 -9999 -9999 -9999 -9999 -9999 -9999 -9999 -9999 -9999 -9999 -9999 -9999 -9999 -9999 -9999 -9999 -9999 0.0589923712821726 0.0615173871543787 0.075860398064437 0.0816158237267919 0.0853014797560241 0.0819555944545069 0.0658687956895153 0.0346468855472059 0.0174388428958943 0.00463825164924214 -0.0195847966928884 -0.0303347502762716 -0.0130393639181626 0.0204462277462912 0.0452706629101228 0.0386845979488664 0.0213146412103008 0.00937969377315762 0.0132021163544316 0.0141107127328484 -0.0134896047206026 -0.0436249351921486 -0.0537005000438135 -0.0467017280054328 -0.0354226552942443 -0.031513382870939 -0.0251030608710222 -0.0161884428815608 -0.00317355272211101 0.0116580734815537
-9999 -9999 -9999 -9999 -9999 -9999 -9999 -9999 -9999 -9999 -9999 -9999 -9999 -9999 -9999 -9999 -9999 -9999 -9999 -9999 -9999 -9999 -9999 -9999 -9999 0.217019883149155 0.0610770639104337 0.0688773975150243 0.0750170082126199 0.0779524895903862 0.0787890768179861 0.067676450062194 0.0408460835516547 0.0154569654874926 0.0215303210002266 0.0730527325052968 0.0498235596704431 0.0133581414640084 0.0199133373034693 0.0558707726844937 0.0895119568610492 0.0613497599074716 0.0520809450698473 0.0511099552167579 0.0599840539154335 0.0882917815924391 0.0305106459829008 -0.0247589275017411 -0.0424758340961053 -0.0363590059772457 -0.0245515569462966 -0.0176531553461779 -0.00926474781990755 -0.000992579567630381 0.00916110925969488 0.0184934241000922
-9999 -9999 -9999 -9999 -9999 -9999 -9999 -9999 -9999 -9999 -9999 -9999 -9999 -9999 -9999 -9999 -9999 -9999 -9999 -9999 -9999 -9999 -9999 -9999 -9999 0.127861427772189 0.0647230660660845 0.0732493208195712 0.0759295762597067 0.0758026899622424 0.0697358059715917 0.0540229131522644 0.0245455502965506 0.0133045885002051 0.047264489377719 0.074056832968612 0.0725283291683557 0.0597140421592069 0.0564331757396015 0.0648352114101948 0.082015960338268 0.068787535141154 0.0608517759306126 0.0594150828867812 0.0777250788978557 0.0900539485729506 0.0442201366746969 -0.00433597580608758 -0.0225431478703345 -0.0226694272777454 -0.00898420169980652 -0.00394725606833185 0.00246379813412922 0.00943495208633405 0.0178649757285297 0.0262349625019273
-9999 -9999 -9999 -9999 -9999 -9999 -9999 -9999 -9999 -9999 -9999 -9999 -9999 -9999 -9999 -9999 -9999 -9999 -9999 -9999 -9999 -9999 -9999 -9999 -9999 0.0961809474711501 0.0658407210998154 0.0757140297659645 0.0771836510784931 0.0710284044487686 0.0622019839805438 0.0428714526086635 0.0176103782996785 0.0203175786039493 0.0489726863106127 0.0653181180821995 0.0682655119662541 0.0647717668264844 0.0637071521249806 0.0736758283269939 0.0762287404372494 0.0662214021878225 0.0546955214979578 0.0537712994878587 0.0699174513382397 0.0875595061733239 0.0463165343232885 0.00473159779472693 -0.00888993063808424 -0.00664426260122708 0.00437101338023005 0.00677583338964394 0.0122206674889239 0.0187256857644704 0.0264254488798182 0.03267914463391
-9999 -9999 -9999 -9999 -9999 -9999 -9999 -9999 -9999 -9999 -9999 -9999 -9999 -9999 -9999 -9999 -9999 -9999 -9999 -9999 -9999 -9999 -9999 -9999 -9999 0.0474837268782688 0.0583720356805059 0.0704132002884177 0.0699096798689566 0.0635281071348041 0.0520237658868209 0.0367925516570354 0.0187535772186083 0.0254722887412293 0.0518353454343768 0.0587894188476488 0.0585389355374757 0.0547195624236306 0.0543598645945019 0.0626805793616678 0.0698103719628497 0.0608748152779894 0.0481722993846298 0.0409173243019501 0.0425552820975527 0.0425084344031726 0.0269057293289039 0.00892526973942931 0.00167711246971741 0.00346576847393693 0.00973663426795063 0.0140464011129945 0.0202629207001405 0.0261726478586438 0.0325212690115655 0.0377255549875688
-9999 -9999 -9999 -9999 -9999 -9999 -9999 -9999 -9999 -9999 -9999 -9999 -9999 -9999 -9999 -9999 -9999 -9999 -9999 -9999 -9999 -9999 -9999 -9999 -9999 0.0312886768182029 0.0489376954531257 0.0648404520452138 0.0629547357948519 0.055624135360349 0.0458123531821129 0.0335298303146051 0.0239028543102915 0.0388808988677007 0.0562912210624946 0.056841297086995 0.0551412312488838 0.0508393699302147 0.0494333436109762 0.0564296940594709 0.0613361743915325 0.0569841934570059 0.0433848698836709 0.0362588787895273 0.0335402952758701 0.0273356005600977 0.0222600350381373 0.0134889513276791 0.00968828186277626 0.0126398660976639 0.0148074687363735 0.0198167492085718 0.0259519896772756 0.0317297205662952 0.0376258088384975 0.0414617841757383
-9999 -9999 -9999 -9999 -9999 -9999 -9999 -9999 -9999 -9999 -9999 -9999 -9999 -9999 -9999 -9999 -9999 -9999 -9999 -9999 -9999 -9999 -9999 -9999 -9999 0.026071566274688 0.0441759352669659 0.0596255257147894 0.0569249302492577 0.0509678846851674 0.0425880306628686 0.0327032167618611 0.0339412876331902 0.0479004708458875 0.0566307119845387 0.0558112687567861 0.0527364347137007 0.049966449352811 0.0489625182228856 0.0508156669089639 0.0539679715479004 0.0504971526187173 0.0415149874817002 0.0355150604455615 0.0319059895755588 0.0295650449307796 0.023651395185618 0.0179820039968833 0.0158410764863232 0.0170431347140121 0.0193641427432533 0.0240210752325787 0.0298166291190322 0.035008843905807 0.0403118356096446 0.044337386194641
