meets/meet004/_saidas_enm/CCSM_Maha_21k_Cavanillesia_umbellata5.asc
NCOLS 154 
NROWS 168 
XLLCORNER -112 
YLLCORNER -55.5 
CELLSIZE 0.5 
NODATA_value -9999 
[rows 50 to 74 of 168, columns 56 to 111 of 154]
-9999 -9999 -9999 -9999 -9999 -9999 -9999 -9999 -9999 -9999 -9999 -9999 -9999 -104.084882635732 -44.0727504703592 -10.2038642377955 -4.53891358829569 -2.48996352112433 -1.68416003204582 -0.959522408187715 -2.39173488965409 -3.82630693901351 -4.58199384614096 -3.80355374757908 -6.40614354786974 -9.62462063503459 -13.7914116706778 -18.3801457338299 -20.9298238963224 -24.713464036514 -26.5991968228452 -24.9187847684977 -19.5448109154277 -14.8994398180637 -8.31276603568983 -4.48535942920136 -3.7012186829818 -2.74167772929384 -2.51896501527793 -2.90927363003301 -2.55893083606704 -3.24839828301628 -3.12490191500949 -5.23502512489381 -9.88798029474296 -10.1398523979092 -10.9310470016315 -10.7658228492823 -10.9703712306063 -9.80878898570937 -7.25905298138539 -6.71836292956186 -4.61473390685921 -2.85739637994139 -1.73262162526311 -1.70212569815605
-9999 -9999 -9999 -9999 -9999 -9999 -9999 -9999 -9999 -9999 -9999 -9999 -9999 -69.1116763723478 -35.7944230493672 -13.3978584722759 -6.28979552038877 -4.17075568774853 -3.32638938141655 -3.59816891081173 -4.10082605205801 -4.61267894349444 -5.08124979295647 -4.86164773927415 -6.57810526749402 -7.5267466276908 -7.78595554664961 -8.03340166217492 -8.42444698090837 -10.2889422129642 -11.8021917204809 -10.9054657569665 -9.40039182808738 -7.79871995222291 -4.95913172074161 -3.37281145982264 -2.89333612076261 -1.84775894021836 -1.45613858566337 -1.49870460449925 -1.5060158439851 -2.28812328235058 -2.52919257101993 -4.31236276858793 -8.30636594575517 -9.78617746947123 -10.0442952903417 -7.47809383183628 -6.63943493331971 -6.26237541133987 -5.43960865102354 -5.12288588337104 -3.37090924265431 -2.23213299498324 -1.4560016450806 -1.25635643007619
-9999 -9999 -9999 -9999 -9999 -9999 -9999 -9999 -9999 -9999 -9999 -49.8362556727531 -41.6971686411238 -46.6360396841257 -34.4638373076173 -18.6333815326003 -11.6822423618297 -5.42041396927325 -3.08607597483272 -3.98236840520826 -4.08628809998907 -2.66563326829004 -3.19080377739252 -3.86080897452717 -3.74446645203414 -4.39446025413942 -3.27340387900485 -4.0497106700233 -5.72171455137676 -9.56527450597666 -11.8563479607127 -9.81603498086117 -5.49238090838971 -4.66125612359886 -1.52618090911437 -2.225240478757 -2.50167541462977 -1.55903355382162 -1.30127663798213 -1.42383922747226 -1.43951277309192 -2.43408737107232 -2.46440408235666 -3.60034684115589 -5.26937832498289 -4.91998560744965 -6.48657120036273 -4.26589270792022 -4.23918894905071 -5.22667704555451 -4.61917586000719 -3.33673195649366 -2.13259640512199 -1.48021033559605 -1.02070551020702 -0.952462622691725
-9999 -9999 -9999 -9999 -9999 -9999 -9999 -9999 -9999 -9999 -40.1530783455571 -28.4215347744143 -20.7164580377997 -24.9814767394759 -38.4606361354847 -30.6671123845654 -17.7306255461815 -10.5238892962354 -7.29456645239273 -4.88546903624803 -3.40406827647624 -2.64804524842059 -2.01050659450872 -1.59219680381665 -1.9548452946017 -2.65570396095921 -5.47497555640491 -8.55129920999556 -13.9521841139477 -20.1989769028645 -21.2956144168983 -14.8147516420786 -7.88490724548119 -4.18573329364245 -0.862611684872123 -1.60987176271094 -2.4935404268189 -1.80339493583078 -1.55233458215147 -1.60400095315996 -1.7897066245452 -2.17018408963743 -2.43364883042436 -3.16552237671931 -4.49774839829336 -4.77080698925376 -5.39948506019049 -4.85918923784347 -5.0369229148947 -4.82295637641523 -3.21682450932371 -2.58585746487443 -1.54578442428134 -1.151956635245 -0.86529992248373 -0.742095847981196
-9999 -9999 -9999 -9999 -9999 -9999 -9999 -9999 -9999 -9999 -17.5492111425938 -12.6100912732001 -19.5405433687606 -24.9420706178066 -31.7433138692191 -39.6375174987674 -24.3410382919934 -11.0092659949948 -6.51832348034182 -3.67634006557163 -2.29656780119363 -2.0182571110995 -0.976051750417024 -1.36292638969122 -4.65764845756666 -7.64394198395405 -14.5624107668981 -23.0723475433541 -33.2559533467725 -42.303403396709 -41.0204300950188 -27.8945875676436 -13.5593729466387 -6.61000550750163 -1.54233973651487 -1.41563138305091 -2.60899077199528 -1.80411291655031 -2.12326361150016 -1.88601701208394 -2.03390780791023 -2.14106440520496 -2.49888206724678 -3.18846962926264 -4.18574133687603 -5.2052692017392 -5.82791110465089 -5.14800493185098 -4.61351375295276 -3.78955045319498 -2.61460312210346 -2.253549562356 -1.5137466601479 -1.21011254581021 -1.00662964895144 -0.893733439803591
-9999 -9999 -9999 -9999 -9999 -9999 -9999 -9999 -34.3706466570727 -24.8271085065436 -16.9920743459485 -14.0177168095199 -21.5072485908894 -23.7316601024726 -28.4449261246924 -42.7578457189516 -27.2844395799211 -13.5584979943568 -8.69098246337385 -7.03613422471139 -4.40057955272948 -4.15967035952534 -4.71304674164303 -5.84648746073382 -11.4566206464117 -19.0287841998901 -28.9170636691752 -43.6350658870809 -57.2298886288322 -59.6193403916371 -54.8415046717321 -32.8033926382853 -18.9407085765476 -9.00413464182341 -3.19293805884544 -1.70270713888988 -2.10359648594079 -1.01276524281615 -1.42199761892004 -2.63814604978053 -3.25163390523263 -3.19473293705661 -3.29576908412827 -3.97997946055771 -4.70134302827224 -4.62500609587795 -5.08162769833306 -5.13082360022332 -5.37276267098738 -4.7842859821664 -3.6678543417838 -2.91006001933828 -2.13566186258564 -1.80061371117537 -1.86606377521722 -2.05552459429814
-9999 -9999 -9999 -9999 -9999 -9999 -9999 -9999 -21.1873932963432 -15.7456337818065 -12.4181715558501 -10.6747275943278 -20.7585905639132 -22.9149089918832 -22.9575102857554 -31.8399151953625 -28.8544211772128 -19.4438942996771 -14.8457416806678 -12.6006738201586 -12.1134194555938 -13.1386968893463 -12.2044260748409 -16.8634475981504 -27.1703960599083 -38.9911706596776 -51.9728073336414 -67.3832162206126 -77.0277890306344 -78.7403259263444 -69.5364930104357 -41.353212398773 -21.1881710503922 -10.3101775248025 -4.13534916035819 -2.64806813054436 -2.5882272305269 -1.4499692500398 -1.24497844566536 -1.33069114092028 -2.01316436916373 -2.38408229630475 -2.94631271125334 -3.2151730085356 -3.89516489697842 -5.00683338263801 -4.65412609845327 -4.7197559129442 -4.77337848883131 -3.90369602799362 -3.16046070718053 -2.25860019871044 -1.51760719201517 -1.06585350167764 -0.743735512806214 -0.747716480386293
-9999 -9999 -9999 -9999 -9999 -9999 -9999 -18.380492589904 -16.8317091244133 -10.4193701564317 -12.6757499416301 -7.67431627296915 -20.9933423620529 -22.9035164520405 -17.1700860234309 -22.7583670607918 -18.7197087262881 -16.8136421708857 -14.2013831154002 -20.1311154813762 -25.1860021977003 -27.6433237503736 -29.7846112561828 -34.9602340351797 -46.1248019003251 -52.5888308495522 -54.477525898696 -54.5885101995708 -58.0547647460601 -63.4615753726547 -67.6548636462352 -44.3787604389215 -23.4377457855072 -11.6374562551447 -4.574965748192 -2.42071595577554 -2.3974640243371 -3.23729019105016 -2.81173699866392 -3.45448500601573 -4.66525641369873 -4.8201913535662 -5.2215888763542 -4.9768235756559 -5.21958704415362 -5.93216015342348 -4.55396957079911 -2.23626931403996 -0.790219757529097 -0.294015027293379 -0.0733704497176246 0.138192466313444 0.379295905506412 0.256279707405243 -0.297546226086062 -0.859977513403997
-9999 -9999 -9999 -9999 -9999 -9999 -9999 -13.5624428701563 -9.88731578831235 -7.71350880521277 -8.29778549177759 -6.08313208157302 -21.0645796164156 -26.2080010569223 -13.6655353600137 -11.241415227058 -8.85553265522551 -8.88385229344275 -9.49474290386258 -11.1882966489375 -15.8675588290034 -21.9890717752009 -28.3656226897955 -27.8867262132496 -27.0402866501625 -28.3305519813246 -28.3704372850214 -31.5643919201839 -31.4863419982192 -30.294225045181 -32.4462573574338 -34.4687905802561 -24.6031596593215 -13.2303788299545 -5.41318271808577 -1.67891997838304 -0.755986560617743 -0.837845072925656 -1.22602833119223 -1.58011589761881 -2.68894146254291 -3.84006930155913 -5.78698123588492 -7.81760756234124 -5.73777000093816 -3.20355486376727 -1.8884761426712 -1.23465838765887 -1.95019465242802 -4.15363079170912 -6.01320089950892 -6.32945017981432 -6.43356188632596 -5.89229042817207 -3.73839368218132 -2.04778431062968
-9999 -9999 -9999 -9999 -9999 -9999 -13.6850874494562 -10.4026993417058 -4.71445174738472 -7.30604903674516 -8.16255117153901 -5.35865766024517 -23.2951479205653 -33.1051078951281 -13.126048359697 -6.47659539313039 -4.80187716447514 -4.94419490430319 -4.621017317069 -6.01649167139298 -10.0400421705088 -13.0284927478997 -16.8016170041701 -17.3418496232308 -17.8339809828542 -17.651785113951 -18.4702036154759 -18.1732497013578 -17.9187928461978 -19.1777863003847 -17.8492964303225 -20.1015812828998 -21.8842195378364 -11.8681144228831 -4.37192554542014 -1.02383837768254 0.0439296951227451 0.0792809843318554 -0.50220929803605 -2.04842120924759 -4.55118336168887 -6.04972259587242 -5.22559208195273 -3.59081706163682 -3.52234111622437 -4.32341874076602 -6.27726684398555 -9.57284533874816 -14.1930500810086 -20.5969489695053 -21.0559328456432 -21.4701671618364 -20.0596635802428 -17.6552513782686 -15.6352846768422 -12.3015637625431
-9999 -9999 -9999 -9999 -9999 -9999 -13.2831794736922 -6.56071358408037 -4.53229050087995 -2.84144372590601 -3.14320083203529 -4.78884465962302 -24.9086598116852 -35.4241522938595 -14.8346516980523 -4.53872647286049 -2.74816035797146 -2.49115319027582 -2.18338172665395 -2.1622392474863 -3.72301534887084 -5.49085274225282 -7.97851220369965 -7.67542161657998 -6.9383989318083 -7.14521511616857 -6.88068085474183 -7.38344211713016 -7.22979337452681 -7.05939582998093 -7.90793114943754 -8.56153201103777 -10.2892686404863 -11.2424800118115 -7.95775028090234 -3.75089957611017 -2.17298918596679 -1.97868197927866 -2.29702250114905 -2.31321746867911 -2.47630027876545 -3.94570655531619 -6.31254704412467 -6.89704352547751 -10.2677245826075 -10.2629672726069 -8.48006747490347 -8.03736198520915 -8.55750341578164 -8.3328602903309 -8.87104040092723 -8.34869511364638 -8.54385400955892 -8.09782757320889 -7.15813812046292 -7.26954076130475
-9999 -9999 -9999 -9999 -9999 -9999 -11.6429741267226 -8.0858693778215 -2.93652476813213 -0.100329326239244 -0.699036243769857 -4.95007556305791 -25.8326633317929 -32.7353832360866 -13.3075155871185 -3.61044181849594 -1.64686206789488 -1.14366043066271 -0.673873354350069 -0.693774585762204 -1.56793471506091 -2.26746199364874 -3.57777445841534 -3.40176213222584 -3.1031081560687 -2.58405020843957 -2.95450048013231 -2.70922473971536 -2.78425637340023 -3.3702280435031 -3.14886982016485 -4.42016807774522 -4.89506437718507 -5.70787503460977 -7.21286565541282 -7.03888786108734 -6.35675218789373 -5.17454894704394 -5.59945214217959 -7.46768738774562 -8.69938958493105 -9.19506823475681 -7.70329484498017 -6.8821705637234 -5.74938968182928 -4.36794882475384 -4.08758983081111 -3.29229115018503 -3.33946212168162 -3.40423500065284 -3.49845214611592 -3.66657821952459 -2.88314470711739 -2.8440502645166 -3.50823950149936 -2.82360266691218
-9999 -9999 -9999 -9999 -9999 -9999 -9999 -13.3441261269435 -6.57312729714393 -0.0889700378607599 -0.229811531266148 -4.05749529274188 -20.6429059692476 -26.6529150178193 -13.2415141478429 -3.66582258332103 -1.23120826646792 -0.443790116676257 0.0371137821745779 0.238539252222968 0.116963989915229 -0.128505411875333 -0.738187809653856 -0.591103168814291 -0.118598660845684 -0.038883449208464 0.0568293694019404 -0.0910674771346578 -0.117157093425499 -0.169701410474855 -0.458435851006904 -0.713365246397654 -1.33595118439876 -1.59916010800411 -1.96428915158447 -2.75644208571914 -3.39102201584797 -4.649685387664 -5.59441497179035 -4.80592633722338 -4.427783701186 -3.60315452099866 -3.22764451722245 -2.74916870633071 -2.02461248275786 -1.67781383600559 -1.45569536408567 -1.55876701225464 -1.31856287553494 -1.21779818267538 -1.29507927993126 -1.42154636084291 -1.65172009184754 -1.861925402928 -2.23576889349456 -1.66814874863548
-9999 -9999 -9999 -9999 -9999 -9999 -9999 -9999 -9.61226019665185 -1.11235673291153 -0.782500290983305 -2.88826196605334 -16.1806188288963 -19.8414293851863 -9.26099754911512 -3.23726446883284 -1.17829809563545 -0.398883867739416 0.152971385673743 0.446742310366689 0.505620198222123 0.459284798502041 0.263651284944423 0.275177217204079 0.521324573696904 0.721795296668865 0.601632680222765 0.542700892520552 0.480412682711588 0.307890527361631 0.334416271559961 -0.00701517873386304 -0.253070130423004 -0.482944590650907 -1.05255129315847 -1.57872318127649 -2.1132086230447 -2.92581051010298 -3.76134905356999 -3.00217700571304 -2.39665162689439 -2.12267634941587 -1.74668221727556 -1.53770389107089 -1.24337661911169 -1.06229857731229 -1.01599800842079 -1.54873936034763 -1.62344950245292 -1.48709191578278 -1.48949174661899 -1.32395934496874 -1.382350893622 -1.57597608718715 -1.85515627245261 -2.12360402131434
-9999 -9999 -9999 -9999 -9999 -9999 -8.86947164668559 -13.2354326373783 -8.35281174719466 -1.66643339170873 -0.627663123015557 -3.39651702636272 -8.64207034670495 -9.05293104002342 -3.88166476028345 -2.13393405738091 -2.34039944320463 -0.625204907251709 0.199454587781994 0.488018413451557 0.652405897437161 0.73242908600099 0.738386689158928 0.694886877977005 0.666009751663657 0.620685448378937 0.488436523164359 0.318374837235726 0.111508548028489 0.000237004478158998 -0.0628934208726413 -0.149573265058415 -0.271718647961374 -0.215791780143166 -0.216424995907338 -0.490791413287537 -0.926034589729415 -1.80281636703966 -2.49817979068541 -2.17687555707954 -1.67992494030215 -1.21965349188617 -1.07252209698317 -1.11544760104703 -1.12571318711345 -1.11601123626184 -1.32392573545959 -1.9246406989889 -2.33245605126616 -2.3942031052819 -2.16332292098251 -2.16252706419032 -2.1747660431915 -2.25220084494363 -2.60796222142068 -3.12393386098015
-9999 -9999 -9999 -9999 -9999 -3.81104610250639 -9.72459330560152 -17.0872052960693 -6.37952922319984 -2.92680643934615 -2.11961225162055 -3.22057921923611 -3.53701006703434 -2.27786787767463 -1.8291668903525 -2.25251140488602 -3.51911973479719 -1.60838529563242 -0.118953682182708 0.117336885504011 0.358225721461807 0.425048335379395 0.612707150435164 0.505687508746326 0.110953569743222 -0.228131982091082 -0.574674079956094 -0.790368333433793 -1.12226225193313 -1.62199614627523 -1.54000638387229 -1.63619878478703 -1.4834275142315 -1.16020837852903 -0.961016094010687 -0.523668722834737 -1.04705846782096 -1.75886615135271 -2.43761142147106 -1.95816448970037 -1.61024256505619 -1.37127382715748 -1.19768752579646 -1.16198469257107 -1.16475893947604 -1.29884975671046 -1.52704523573208 -2.40460481443068 -2.84055156248352 -3.00070225974446 -2.99061894877729 -3.19538512564148 -3.61683346819633 -3.86491183890597 -4.61911374808137 -5.46656376431874
-9999 -9999 -9999 -9999 -9999 -3.81000015597344 -10.2605053210132 -14.6430069673502 -6.67243046211925 -3.63544530158651 -2.97118118140629 -2.785596447228 -2.10274868095529 -2.23144705775032 -2.7438948676576 -1.12670628957397 -2.1250320412986 -3.68470474446862 -1.62906625924176 -1.52241152645904 -2.02554213770697 -2.0228200512535 -1.42634234279195 -1.46441729329217 -1.90947521179875 -2.31554388540903 -2.53612924252388 -2.21201442990763 -2.11799997830652 -2.02853089571474 -2.05662113914374 -2.11865978730775 -2.21403739292248 -2.21080528625747 -2.37846501694347 -2.1158959622902 -2.35985289782859 -3.00521904277055 -2.8562577088257 -2.25106045006427 -1.90013022295598 -1.64262951338375 -1.48985011681121 -1.42183632308542 -1.59329991853233 -1.90654326087727 -2.38338453169863 -2.96811355934781 -3.33504662750763 -3.87290507447152 -4.26823078691926 -4.62437634211859 -5.05715832514951 -5.44560309224052 -5.82419556237496 -5.79922719436271
-9999 -9999 -9999 -9999 -9999 -9999 -10.4124171629523 -12.2882617774532 -4.81040260031216 -4.06027938731509 -3.85945863403771 -4.08640349849753 -3.2138505113792 -3.48823286920681 -3.24392056701915 -0.960427309407669 -2.00040470690454 -3.44544671390619 -3.8351339557392 -3.99462952273055 -2.39791980665321 -2.67467787796092 -2.38999335870192 -2.21979368852271 -2.20305721730654 -1.7406549917939 -1.92477279874653 -1.73032266949666 -1.99758449665384 -2.02454729659221 -1.92201212750571 -1.80084532856638 -1.77750904814836 -1.53176773777119 -1.39024071475995 -1.54945712817773 -1.9382260537116 -2.2218109692341 -2.15816274520753 -2.30460453805591 -1.90790058067519 -1.79052936047151 -1.76445360009971 -1.95537139559449 -2.34640032388823 -2.7908393270872 -3.31819203491743 -3.96133057756405 -4.4116291154699 -4.65961885893529 -5.22832740085607 -4.84570540629641 -4.89549978192137 -5.01750482601554 -4.90820915576952 -4.82772888371858
-9999 -9999 -9999 -9999 -9999 -9999 -11.1253970169291 -10.9681731874246 -2.91690904788417 -3.04064981133127 -4.10422892677637 -6.93145708157413 -6.15472525108883 -4.12048168627598 -3.19007158940142 -2.1767460408143 -2.61649596970483 -2.93247742078512 -2.18052913927688 -2.10419442577639 -1.41090297639924 -0.979898841250253 -0.592602295981034 -0.315321774164489 -0.235208996559246 -0.180773907177495 -0.0546831731789457 0.126102649144074 0.0111808470990851 -0.393912286724215 -0.966629995068453 -1.21133605371919 -1.46326897664771 -1.61265104492061 -1.52511869451951 -1.48737599903384 -1.40246680194176 -1.41762499087564 -1.46642662752525 -1.72043668409805 -2.08972308555024 -2.12470082137914 -2.19706085389001 -2.45748944249797 -2.94763005266473 -3.22146999758915 -3.33671706296501 -3.40497747125289 -3.32094687096361 -3.36334319214325 -3.60251160971067 -3.45298444810321 -3.46803334359808 -3.47738858361385 -3.24001041992517 -3.12162911244385
-9999 -9999 -9999 -9999 -9999 -9999 -11.4701709074725 -15.9288093388056 -4.62764132289204 -4.04591304066884 -4.39656976282167 -7.14556273269167 -9.35904286198184 -9.76000685328772 -8.64858736474532 -4.96401324189223 -1.96149459001379 -3.71476276084344 -2.42802863880809 -1.77710242645421 -1.05266571950148 -0.472577206330267 -0.315714251067089 -0.00545366927833957 0.270715825040756 0.332663418961487 0.466916054080291 0.617417424044251 0.599439699136394 0.272757107390459 -0.0529664827378029 -0.426051022614329 -0.529876073577829 -0.878987642648819 -1.2694412204796 -1.12161168097544 -1.01954030790013 -1.14882209945427 -1.21887696438349 -1.44528494890752 -1.77892384551893 -2.15604221660778 -2.14005534960711 -2.18426663525921 -2.74388927529034 -2.68240447421818 -2.8666773942664 -2.74373473870408 -2.72010732739572 -2.92183952312133 -2.71983322372589 -2.95657251358499 -2.73645842724672 -2.70634361712248 -2.54412748767338 -2.63575644600168
-9999 -9999 -9999 -9999 -9999 -9999 -9999 -9999 -24.1930948741068 -7.64318663697946 -3.27300181225893 -6.67900340714627 -10.326534092851 -10.8027109439778 -10.9769936384963 -9.086970826867 -2.99646906096183 -3.35802241345022 -4.37954504411521 -1.53419803819047 -0.67363778305839 -0.439783028186178 -0.813620211397278 -0.427337946430654 0.164649334137778 0.355375969141828 0.496754380850442 0.585668047929814 0.640504128156846 0.589022514545999 0.429207152313062 0.32322150251005 0.269627120654601 0.0945739781637175 -0.20244131461869 -0.58053809432641 -0.739662840076869 -0.948611059439567 -1.15872427991465 -1.19594182613867 -1.39191104512167 -1.40676354776859 -1.44303582386386 -1.57849951620736 -1.8211918619734 -1.87513770250149 -1.96841644540342 -2.01693574008257 -1.8988704512481 -1.99208761381691 -2.40688025176425 -2.95060542519185 -2.52507078115801 -2.53290669850238 -2.56279819080244 -2.72733434663004
-9999 -9999 -9999 -9999 -9999 -9999 -9999 -9999 -23.7823317411779 -12.2437924595623 -2.74666036207221 -5.24553847251897 -13.2735378180111 -12.0867896973728 -10.5705632107201 -10.1258877499179 -3.77234393846485 -3.09545544726608 -4.69756497359121 -1.82029815275734 -0.540280436204924 -0.461767044708459 -1.39437855192556 -1.18213000050334 -0.217563647405673 0.118908163274507 0.325445966736816 0.372451247442194 0.516439580541423 0.528340186995996 0.501141030638809 0.423622264763498 0.435289015348074 0.331247393818237 0.0860994382014068 -0.112189104256976 -0.475682074119872 -0.576283997288728 -0.843361946576006 -0.965143950243581 -1.00371047321247 -1.25917355528297 -0.969287985874442 -1.02141540298906 -1.43690939231234 -1.32403138846473 -1.4319055568153 -1.49162154897288 -1.3908756355017 -1.82243207870115 -2.11171281383663 -2.78567270982605 -2.65841427362633 -2.61566900285565 -2.62907341362198 -3.01657773309082
-9999 -9999 -9999 -9999 -9999 -9999 -9999 -9999 -9999 -24.6129172040686 -2.29892761862425 -3.69922296885846 -18.7697657638575 -14.1094058051284 -10.0449334584296 -9.30755661334527 -4.58463604352679 -2.33470698630936 -4.48124310549873 -1.13923096361869 -0.394080539348035 -0.783667848561343 -1.53681998304376 -1.3080459905069 -0.885281358512098 -0.383131181724329 -0.176550101714073 0.0118701300597253 0.210827263977897 0.379266027844412 0.400328004202443 0.40340797166356 0.344685708480664 0.318780722309392 0.223647381086723 0.0437767535436749 -0.0965608072046653 -0.35396134485105 -0.683780110850617 -0.653728588230134 -0.754273877049658 -0.715927146070068 -0.769222584425146 -0.92661023380509 -1.04088583412546 -1.13790649461774 -1.09416945777577 -1.21927190882758 -1.25531665204864 -1.57239405748655 -2.17044163648941 -2.77452288883059 -3.49731124014527 -3.47729924974393 -3.15802057445575 -3.17423680149637
-9999 -9999 -9999 -9999 -9999 -9999 -9999 -9999 -9999 -9999 -13.1171941971257 -11.4768611436726 -20.5140083655489 -14.2990819551865 -10.3708809174553 -8.19917043883394 -5.23312936027422 -2.25575568732237 -2.44430449781208 -0.684924468191518 -0.310819576669456 -0.436368581990713 -1.31257439786999 -1.39555649938353 -0.930032830476129 -0.671032384772839 -0.505578931678754 -0.386223408713862 -0.127364625600141 0.114687131083504 0.202576654053698 0.25961269682101 0.211222868304822 0.159637464712908 0.0706605991570445 -0.0905629259385816 -0.213007882280035 -0.29247250808085 -0.525949038286623 -0.84049312333104 -0.940910031213435 -0.998227705690435 -0.883330108874934 -1.01428374557136 -1.37674321551162 -1.44145810438626 -1.22930938435408 -1.2333749508654 -1.30737156395405 -1.87220877585123 -2.52515829899426 -3.1283325539993 -3.83127375808475 -4.12703472027821 -3.20518252925497 -3.12085943523991
-9999 -9999 -9999 -9999 -9999 -9999 -9999 -9999 -9999 -9999 -9999 -34.2380125217203 -19.7038221655192 -14.2074789620292 -10.0094802654144 -7.34475161197859 -2.94277703913731 -3.00618216245652 -0.422986552289563 -0.947904643036295 -0.227661392555256 -0.300579205648347 -0.825768815425412 -0.964791870223943 -0.881913359859002 -0.880841208474045 -0.694181295872183 -0.569684527127133 -0.342183210058534 -0.133042117901994 -0.0619380331391075 0.0215592404486237 -0.0149370415030288 -0.0897765359882754 -0.186659545513183 -0.288729869497284 -0.350544551000737 -0.467268443382364 -0.601607658974944 -0.774145654714661 -1.02381039625076 -1.1913927510693 -1.19294912298286 -1.32096377503524 -1.48402752638516 -1.50461333372098 -1.34806371692779 -1.46461360579357 -1.67300233487282 -2.1520236058266 -2.82126813113591 -3.44735795277072 -4.17839465183007 -3.84961493674165 -3.37115777764589 -3.39955182236121
