meets/meet004/_saidas_enm/CCSM_SVM_21k_Cavanillesia_umbellata4.asc
NCOLS 154 
NROWS 168 
XLLCORNER -112 
YLLCORNER -55.5 
CELLSIZE 0.5 
NODATA_value -9999 
[rows 100 to 124 of 168, columns 56 to 111 of 154]
-9999 -9999 -9999 -9999 -9999 -9999 -9999 -9999 -9999 -9999 -9999 -9999 -9999 -9999 -9999 -9999 -9999 -9999 -9999 -9999 -9999 -9999 -9999 -9999 -9999 -9999 -9999 -9999 0.0469643681571938 0.0921091185940752 0.0818542484900828 0.0994734755420425 0.107927680211677 0.109631523911287 0.104888699032999 0.087546022675995 0.0481654028264719 0.0179583028760629 0.0190903710116784 0.0417163008429251 0.0238046477617876 -0.00448350552938725 -0.00051474622781833 -0.00768662052526586 -0.00665294473449957 -0.0130268701147404 -0.0196604071309769 0.0752465362285744 0.188341683590831 0.211362901622999 0.200159093030417 0.196446397575576 0.188704176674573 0.163064569444749 0.127533485255359 0.0888136755387181
-9999 -9999 -9999 -9999 -9999 -9999 -9999 -9999 -9999 -9999 -9999 -9999 -9999 -9999 -9999 -9999 -9999 -9999 -9999 -9999 -9999 -9999 -9999 -9999 -9999 -9999 -9999 -9999 0.0465362969909671 0.0931035461358864 0.0856373818194071 0.100488139681277 0.106739992161547 0.108161707104003 0.101987929536016 0.0848277143417122 0.0403956957507479 0.0124043516563844 0.0227343724682547 0.0353052037800468 0.00580931825382303 -0.0157648345656883 -0.0144424514990796 -0.0310979155236644 -0.0262011739351588 -0.0245420900441239 -0.0163539025492221 0.165475885456796 0.281461011699109 0.177856900102544 0.113195943270212 0.147643404724244 0.155873086052243 0.15275551171546 0.139740043678754 0.0969390148384613
-9999 -9999 -9999 -9999 -9999 -9999 -9999 -9999 -9999 -9999 -9999 -9999 -9999 -9999 -9999 -9999 -9999 -9999 -9999 -9999 -9999 -9999 -9999 -9999 -9999 -9999 -9999 0.0675945411401889 0.0462095699580165 0.0932749791090701 0.0877404724244171 0.100108791765531 0.105321384716283 0.106151932933288 0.0988235302924422 0.0780270511321618 0.0341476304459126 0.00741179109978535 0.0233654056711675 0.0246724804956263 -0.00558724664385846 -0.00958575331417855 0.00457269401008031 -0.018938213769342 -0.0284748080215599 -0.0267247050296744 -0.00890114443628887 0.119161737966617 0.212423885987178 0.147288972644801 0.10544605679646 0.114363291174729 0.138106796456542 0.143848114696527 0.136911983348926 0.125864536911028
-9999 -9999 -9999 -9999 -9999 -9999 -9999 -9999 -9999 -9999 -9999 -9999 -9999 -9999 -9999 -9999 -9999 -9999 -9999 -9999 -9999 -9999 -9999 -9999 -9999 -9999 -9999 0.0665066297123084 0.0456125301824853 0.092936304494485 0.0892236017499657 0.0999726449374704 0.104452685317294 0.105268746447482 0.0965551797781326 0.0752922676050594 0.0272957594477178 0.00321142841878469 0.0197776415085946 0.0166919936342039 -0.00480103971262624 0.00496668581613541 0.0265609484927046 0.00156840808439912 -0.0159193807361704 -0.0170590428623269 -0.0140822651342046 0.0629150752982219 0.127875480734729 0.0931049209608698 0.0700216532637398 0.0789079030665025 0.101083631149398 0.121102859778723 0.133736564432323 0.135364862865502
-9999 -9999 -9999 -9999 -9999 -9999 -9999 -9999 -9999 -9999 -9999 -9999 -9999 -9999 -9999 -9999 -9999 -9999 -9999 -9999 -9999 -9999 -9999 -9999 -9999 -9999 -9999 0.0660686506704735 0.0476661660879979 0.0933592532736837 0.0914485555638951 0.10054296564332 0.104979467118363 0.105628118349332 0.0957378714059029 0.0693497192222622 0.0197234405452495 0.00317053343921125 0.0230719926160667 0.0138200465078948 -0.000729274460247176 0.0103955002871391 0.0168968292753982 0.00362928912705207 -0.00454841148850321 -0.00658652149301819 -0.0143482813937519 0.0114290085878114 0.0504645429673632 0.044249768114619 0.0251602887677145 0.0410227191366758 0.062309828791209 0.0862864124039499 0.109375904202261 0.128004350290121
-9999 -9999 -9999 -9999 -9999 -9999 -9999 -9999 -9999 -9999 -9999 -9999 -9999 -9999 -9999 -9999 -9999 -9999 -9999 -9999 -9999 -9999 -9999 -9999 -9999 -9999 -9999 0.0687421705807189 0.0548301005551987 0.0933369007201736 0.0918789301060378 0.102067654902575 0.10616878605275 0.10710110859751 0.096006386015998 0.0646819414053064 0.0164335177776718 0.0125860613658016 0.0307388427196967 0.0152171899461884 0.00797086290943239 0.0208617458038447 0.0243085851282796 0.0119845142776659 0.00553487904574446 -0.000705580413715767 -0.00163562909661175 0.0107833819463833 0.0316349463802725 0.0347448303402477 0.0170013295829923 0.0239839480286158 0.03617383676389 0.0637754807347123 0.0976753604651094 0.121791747870096
-9999 -9999 -9999 -9999 -9999 -9999 -9999 -9999 -9999 -9999 -9999 -9999 -9999 -9999 -9999 -9999 -9999 -9999 -9999 -9999 -9999 -9999 -9999 -9999 -9999 -9999 -9999 0.0801732313223709 0.0696224614299336 0.09210708191002 0.0926660199620963 0.10327682010182 0.107643553288691 0.108791810909805 0.0965278677791542 0.0615793170089747 0.0205442612753052 0.0185426416614454 0.0316196723814426 0.0125109258531735 0.0138659800825463 0.030623490593835 0.031603612107965 0.0227070674038934 0.0135787647150739 0.0183825794450596 0.0154559225283381 0.026522147541708 0.0486451979276741 0.046083979123981 0.0481904962719245 0.0217414021026425 0.0211095199621474 0.0439327787036333 0.0740610987694922 0.0962266276322998
-9999 -9999 -9999 -9999 -9999 -9999 -9999 -9999 -9999 -9999 -9999 -9999 -9999 -9999 -9999 -9999 -9999 -9999 -9999 -9999 -9999 -9999 -9999 -9999 -9999 -9999 -9999 0.0918173560139857 0.0822800316694433 0.0904309648359122 0.0949956159965586 0.104240046516022 0.108402161360017 0.109458182643624 0.0973091929005133 0.0641423721001153 0.0254470323240191 0.0232311329802821 0.0299643728246255 0.0107545870843777 0.0220922905260658 0.0398525639216945 0.0415104766986238 0.0306460950209722 0.0191767945864977 0.015274995808914 0.00815361983769891 0.0129875315862367 0.027275839120019 0.0332979037322582 0.0357018083756722 0.0125948109749002 0.00612496817085356 0.024358428825883 0.0560976935137116 0.0811061440890355
-9999 -9999 -9999 -9999 -9999 -9999 -9999 -9999 -9999 -9999 -9999 -9999 -9999 -9999 -9999 -9999 -9999 -9999 -9999 -9999 -9999 -9999 -9999 -9999 -9999 -9999 -9999 0.0848272903062603 0.0846318663100101 0.0888950462644641 0.0978312939624246 0.104445347975092 0.108458205618637 0.109250276424503 0.0954817866768901 0.0685255733122048 0.0289027246256421 0.0268936891748167 0.0277362477997123 0.0121092097180332 0.0328798583873083 0.0487931534247302 0.0512763755420003 0.0441971949915 0.0301217857882705 0.0181172476769904 0.00321289292158017 -0.00675210126018172 -0.00436998609197969 0.00445792423839059 0.00605885449082844 -0.00348283403940397 -0.00495413463135658 0.00928613792565097 0.0351456303531105 0.062382224815106
-9999 -9999 -9999 -9999 -9999 -9999 -9999 -9999 -9999 -9999 -9999 -9999 -9999 -9999 -9999 -9999 -9999 -9999 -9999 -9999 -9999 -9999 -9999 -9999 -9999 -9999 -9999 0.057272313854336 0.0819414852301308 0.088658993998804 0.096200764453536 0.102496144059727 0.106485402684721 0.105590407112686 0.0870450016558569 0.0582248648027639 0.0264739887564368 0.0318373350587024 0.0239286646567338 0.0174254205451876 0.0382712988033434 0.0553474317671521 0.0572534078719917 0.0518363974237563 0.040164819672324 0.0271654716330521 0.00914476893071542 -0.00387678667351105 -0.00910757265949713 -0.0093987323061836 -0.0107575100006421 -0.013164342859866 -0.0100733187171049 0.00167610807192481 0.0222455530014338 0.0460504351436091
-9999 -9999 -9999 -9999 -9999 -9999 -9999 -9999 -9999 -9999 -9999 -9999 -9999 -9999 -9999 -9999 -9999 -9999 -9999 -9999 -9999 -9999 -9999 -9999 -9999 -9999 0.00470736805056676 0.0408440248897377 0.0794998985871523 0.0873856805898605 0.0945318153971324 0.0986961595990467 0.102471909284718 0.0965677637253169 0.0681557412586387 0.0431246352434323 0.0345437337725248 0.046884947771434 0.0452150600832409 0.0324538243338195 0.0495800043213407 0.0589120705204653 0.0592310569083781 0.05465573806887 0.0418731875648184 0.0296494388682819 0.0153165877403683 0.00142496362478306 -0.00586365604901823 -0.0119099234815742 -0.0148449319781387 -0.0153689370904578 -0.0110231378962692 -0.00236333334534078 0.0131639745296062 0.0301491501373798
-9999 -9999 -9999 -9999 -9999 -9999 -9999 -9999 -9999 -9999 -9999 -9999 -9999 -9999 -9999 -9999 -9999 -9999 -9999 -9999 -9999 -9999 -9999 -9999 -9999 -9999 0.00519739665254892 0.0488114735192524 0.0802898111178029 0.0857199324549871 0.089997999538127 0.0952420227922665 0.0972958778003667 0.0810430540983812 0.0431528151216897 0.0239475094190104 0.0424224616917268 0.0513994869338287 0.056867179080425 0.0504744905036437 0.0548649433790863 0.0602043010701362 0.0597693719858806 0.0550263101712583 0.0441226424659859 0.0321025630122527 0.018391539789194 0.00616273947228652 -0.00210477608771004 -0.00865022823326866 -0.0122705254206947 -0.0127918352531747 -0.0083670077441334 -0.000661749495086184 0.0101070460754376 0.0245298179423347
-9999 -9999 -9999 -9999 -9999 -9999 -9999 -9999 -9999 -9999 -9999 -9999 -9999 -9999 -9999 -9999 -9999 -9999 -9999 -9999 -9999 -9999 -9999 -9999 -9999 -9999 0.0111905540843547 0.0623129417333886 0.079517543283868 0.0835851604016876 0.0889776559246543 0.0918759856313459 0.0914445272836549 0.0689649913994961 0.0314845190463829 0.0281647799291472 0.0485936568492191 0.0539304111040677 0.0560109453022686 0.0567416474841531 0.0586983763727906 0.0592356684198821 0.0570774549967085 0.0527488104834037 0.0423229482564343 0.0343028028221674 0.0218354503977606 0.0101348091208296 0.00243151053296531 -0.00410427713457656 -0.007650783493373 -0.00882882506634214 -0.00439684496528958 0.000887382383646995 0.00902367843844687 0.0205397324203203
-9999 -9999 -9999 -9999 -9999 -9999 -9999 -9999 -9999 -9999 -9999 -9999 -9999 -9999 -9999 -9999 -9999 -9999 -9999 -9999 -9999 -9999 -9999 -9999 -9999 -9999 0.0295197192882002 0.0721206548829892 0.0806627580218101 0.0822653796855479 0.0824809435654641 0.0854157928529581 0.0794417368979199 0.058044171246892 0.0476265533905111 0.0580597820611252 0.0632883640611248 0.0577243763156709 0.0575369256974238 0.057121444346718 0.0571447744626999 0.0554399094339288 0.0532639591935584 0.0490224639897471 0.040416031389247 0.031952114171963 0.0219088402781275 0.0137012608899619 0.00802983599971857 0.00206107077610118 -0.0018587574922187 -0.00326929235498585 -0.00122532544395249 0.00176309693533094 0.00727878665001414 0.0145393118400097
-9999 -9999 -9999 -9999 -9999 -9999 -9999 -9999 -9999 -9999 -9999 -9999 -9999 -9999 -9999 -9999 -9999 -9999 -9999 -9999 -9999 -9999 -9999 -9999 -9999 0.0585686261240943 0.0498889148721507 0.0800259807764769 0.087221593759822 0.0806839097584344 0.0797058746651222 0.0764902876281429 0.0668410649640389 0.0526522289261739 0.060663687282747 0.0798494181482959 0.0696729753727984 0.0559620505530842 0.0564015385365855 0.0556358533314719 0.0549642537920375 0.0535877891045871 0.0508608086853851 0.0468515796986089 0.0397186304325436 0.0379033608597477 0.0257793925769265 0.0174200637007271 0.0146044372662857 0.00956100333987664 0.00522572432500656 0.00276366614522344 0.00358490024940855 0.0047441382114804 0.00883324552419712 0.0117096449210997
-9999 -9999 -9999 -9999 -9999 -9999 -9999 -9999 -9999 -9999 -9999 -9999 -9999 -9999 -9999 -9999 -9999 -9999 -9999 -9999 -9999 -9999 -9999 -9999 -9999 0.0275314912757526 0.0619271891099937 0.0792493302091699 0.084881849152083 0.0789650677084112 0.0738243612834447 0.0673125465865163 0.0558442211641258 0.0500064424697517 0.0604194931560292 0.0636694093481522 0.0574483698293252 0.0527594789316754 0.0542815007904605 0.0541209092233172 0.0533056318426836 0.0519057793794545 0.0492310819669753 0.0455537167947165 0.0403737191435561 0.0363804155951328 0.0268048195942727 0.0214349094167273 0.0200024672780327 0.0164972974646699 0.0121762031705703 0.0106614249402277 0.0110137769487436 0.0105985477271997 0.0125974374131628 0.0146893262320726
-9999 -9999 -9999 -9999 -9999 -9999 -9999 -9999 -9999 -9999 -9999 -9999 -9999 -9999 -9999 -9999 -9999 -9999 -9999 -9999 -9999 -9999 -9999 -9999 -9999 0.0308029039720922 0.0652910567306342 0.0791768039213417 0.0841968080066795 0.0749679144948766 0.0707466650432535 0.0588641419187743 0.0480508324588663 0.0470703255556812 0.0512910985817084 0.0528194624736352 0.0497293550761884 0.049381329774043 0.0521667008006411 0.0526380162675752 0.0529568524345418 0.0517550214588348 0.0498352300302359 0.0462261402847302 0.0397219555603371 0.0361923380515587 0.0298189669049203 0.0278305059342588 0.0269048595858735 0.0233407174051795 0.0193210724560688 0.018317707379551 0.0188962564521848 0.0184587268758031 0.0199567266534412 0.0206783797974397
-9999 -9999 -9999 -9999 -9999 -9999 -9999 -9999 -9999 -9999 -9999 -9999 -9999 -9999 -9999 -9999 -9999 -9999 -9999 -9999 -9999 -9999 -9999 -9999 -9999 0.0229086907180617 0.061839845100836 0.0756392357471741 0.0789979467357886 0.0694166849528987 0.0594875228067367 0.0516136765261392 0.0466744754910549 0.0458023273485745 0.0472492705871791 0.0499101302352954 0.0497599609040095 0.0502980525817661 0.0523283685990771 0.0517412307893033 0.0508182368196559 0.0512684787564419 0.0516630138796643 0.0498571713744688 0.044267107575898 0.0393084133488841 0.0358094004630203 0.0337487600616521 0.0316807145503865 0.0293577128602114 0.0274435742870205 0.02646530123864 0.0265942833578491 0.0254599887988315 0.0265093675612825 0.0277006751465949
-9999 -9999 -9999 -9999 -9999 -9999 -9999 -9999 -9999 -9999 -9999 -9999 -9999 -9999 -9999 -9999 -9999 -9999 -9999 -9999 -9999 -9999 -9999 -9999 -9999 0.0263816738402318 0.0583802592805162 0.0740452351754188 0.0767496564238636 0.0642794175163366 0.0538449827740262 0.0473387176413483 0.0485382119257079 0.0473992664480321 0.0472764641342479 0.0509657166027404 0.0514273264795955 0.0518121702447697 0.0532009676610575 0.0519198805532298 0.0509296591924012 0.0522096030101921 0.0552370661362536 0.0557178604889773 0.0520832887863787 0.0505730980980701 0.04476285012057 0.0403691007565159 0.0373361753641301 0.0356513888567764 0.0347929848838287 0.0334057330295603 0.0335123070005104 0.0327189889147801 0.0341047362514922 0.0346009524823994
-9999 -9999 -9999 -9999 -9999 -9999 -9999 -9999 -9999 -9999 -9999 -9999 -9999 -9999 -9999 -9999 -9999 -9999 -9999 -9999 -9999 -9999 -9999 -9999 -9999 0.0315261988081255 0.0575877647922011 0.072928261400821 0.074505787468224 0.0618489721298218 0.0500100708223335 0.0472785847915254 0.0487936906306284 0.0481181089096199 0.0488994300849816 0.0522491376990298 0.0527865237732049 0.0526015837765429 0.0532048086066019 0.0529368520728227 0.0527275790665699 0.0550155750702079 0.0602452418752018 0.0622181114475627 0.0587285091608616 0.0539432597146476 0.049987257145827 0.0465046404475785 0.0430138644946263 0.0412143092700039 0.0405249841625269 0.0399395694994969 0.0401294075876346 0.0389226694938301 0.0396682905776112 0.0408958322340697
-9999 -9999 -9999 -9999 -9999 -9999 -9999 -9999 -9999 -9999 -9999 -9999 -9999 -9999 -9999 -9999 -9999 -9999 -9999 -9999 -9999 -9999 -9999 -9999 -9999 0.0341081507180856 0.0567495872081032 0.0745115125173206 0.0766024471380502 0.0616858239404568 0.0497249044160973 0.0481977690588848 0.0514125344571146 0.0511768341845634 0.0512378506289562 0.0531950830436906 0.053751529674131 0.0537391940247459 0.054299474493133 0.0539102733132485 0.0542854702017877 0.0572734393304359 0.0637671482832182 0.0653536196578257 0.0605810763827545 0.0564302494512746 0.0529806645715155 0.0501708977304439 0.0473895735318628 0.0463437505336851 0.0451657879697184 0.044209535655207 0.0446868922336378 0.0441521095652733 0.0453923311512743 0.0459139399452859
-9999 -9999 -9999 -9999 -9999 -9999 -9999 -9999 -9999 -9999 -9999 -9999 -9999 -9999 -9999 -9999 -9999 -9999 -9999 -9999 -9999 -9999 -9999 -9999 -9999 0.0369651086416547 0.0560922765009592 0.0758324509034483 0.0800156055188576 0.0645186998157783 0.050613942244463 0.051240400742936 0.0569825062326998 0.0572236204357935 0.0558760774653616 0.0559658665292577 0.0558581549662067 0.0561182245328975 0.0564285768177018 0.0549055930037848 0.0550842892328361 0.0586922206035405 0.0640306961813361 0.0652359853632759 0.0622769311567993 0.0577120123230165 0.0552892664384211 0.0534703182884564 0.0508828640612278 0.0497767107462677 0.0490815410375259 0.0482331667856617 0.0477778897113211 0.0470557106669348 0.0485713042253954 0.0502130888314202
-9999 -9999 -9999 -9999 -9999 -9999 -9999 -9999 -9999 -9999 -9999 -9999 -9999 -9999 -9999 -9999 -9999 -9999 -9999 -9999 -9999 -9999 -9999 -9999 -9999 0.0399091494213251 0.0544999181755859 0.076352983047737 0.0830019179420579 0.0679212807513253 0.0544385087032987 0.05521458562516 0.0625283316275437 0.0632869661123514 0.06067522016139 0.059110080277691 0.0575718687568271 0.0574048713628861 0.0572739881498484 0.0548139963343641 0.0548475452508336 0.0581442956886138 0.0634206693403271 0.064588461058154 0.0612649702624238 0.0581534797739993 0.0565805456929193 0.0556416613651488 0.0541938021308341 0.0532640795329956 0.0521650024589242 0.0508714774076746 0.0509902521750356 0.0529079262129475 0.0544928959062311 0.0568065717551955
-9999 -9999 -9999 -9999 -9999 -9999 -9999 -9999 -9999 -9999 -9999 -9999 -9999 -9999 -9999 -9999 -9999 -9999 -9999 -9999 -9999 -9999 -9999 -9999 -9999 0.0441139183856865 0.0542322758966709 0.0767568064894127 0.0845952684768943 0.0709047551921029 0.0602542488291543 0.0602567940840821 0.0660207962372234 0.067434726507225 0.0622832822419775 0.0581346247668373 0.0578282949883336 0.056956530005039 0.0563196623983005 0.0547755364798505 0.0542333267336498 0.056930309092314 0.0619542650251866 0.0630820834873001 0.0607292701985691 0.0582414810726617 0.0571406121616745 0.0575393466267083 0.0558926208295499 0.0551062681498812 0.0539891977365322 0.0526196709786995 0.0564150095265661 0.0561635476026766 0.0586271958751949 0.0643437882371201
-9999 -9999 -9999 -9999 -9999 -9999 -9999 -9999 -9999 -9999 -9999 -9999 -9999 -9999 -9999 -9999 -9999 -9999 -9999 -9999 -9999 -9999 -9999 -9999 0.0685048380304256 0.0471901622836257 0.054708032002695 0.0782415653759139 0.0865912064155949 0.0735192628017836 0.0604799426298654 0.0604212912959083 0.0682249019137499 0.0709135727366186 0.0656408473455089 0.0609244633866253 0.0600132513049329 0.0592035727354643 0.0584559501031013 0.0563119690705647 0.0552025432419225 0.0570085821467462 0.0605153795414154 0.0612585332499763 0.0595100705877338 0.0573628843905647 0.057135471257813 0.0572583232219188 0.0556125827430848 0.0539099696765133 0.0527815631282329 0.054515691056163 0.059064294871483 0.0595780445445804 0.0587968195055583 0.0617952376454132
