meets/meet004/_saidas_enm/CCSM_Bioclim_0k_Cavanillesia_umbellata5.asc
NCOLS 154 
NROWS 168 
XLLCORNER -112 
YLLCORNER -55.5 
CELLSIZE 0.5 
NODATA_value -9999 
[rows 62 to 92 of 168, columns 69 to 137 of 154]
0.0162601626016261 0.0162601626016261 0.00813008130081294 0 0 0 0 0 0 0 0 0 0 0 0 0 0 0 0 0 0 0 0 0 0 0 0 0 0 0 0 0 0 0 0 0 0 0 0 0 0 0 0 0 0 0 0 0 0 0 0 0 0 0 0 0 0 0 0 0 0 0 0 0.0162601626016261 0.0162601626016261 0.0162601626016261 0 0 0
0.0162601626016261 0.0162601626016261 0.0162601626016261 0.0162601626016261 0.0162601626016261 0.0162601626016261 0.0162601626016261 0.0162601626016261 0.0162601626016261 0.024390243902439 0.032520325203252 0.032520325203252 0.0162601626016261 0.0162601626016261 0.0162601626016261 0.0162601626016261 0.0162601626016261 0.0162601626016261 0 0 0 0 0 0 0 0 0 0 0 0.0162601626016261 0.0162601626016261 0.0162601626016261 0.032520325203252 0.032520325203252 0.0487804878048781 0.0487804878048781 0.0487804878048781 0.0487804878048781 0.0487804878048781 0.0487804878048781 0.0487804878048781 0.032520325203252 0.032520325203252 0.0162601626016261 0.0162601626016261 0 0 0 0 0 0 0 0 0 0 0 0 0 0 0 0 0 0 0 0 0 0 0 0
0.0162601626016261 0.0162601626016261 0.0162601626016261 0.0162601626016261 0.0162601626016261 0.0162601626016261 0.0162601626016261 0.0162601626016261 0.0162601626016261 0.0487804878048781 0.0487804878048781 0.0487804878048781 0.0487804878048781 0.0487804878048781 0.0813008130081301 0.0813008130081301 0.0487804878048781 0.0487804878048781 0.0487804878048781 0.0487804878048781 0.032520325203252 0.032520325203252 0.032520325203252 0.032520325203252 0.032520325203252 0.032520325203252 0.0487804878048781 0.0487804878048781 0.0487804878048781 0.0487804878048781 0.0487804878048781 0.0487804878048781 0.0487804878048781 0.0487804878048781 0.0487804878048781 0.0487804878048781 0.0487804878048781 0.0487804878048781 0.0487804878048781 0.0487804878048781 0.0487804878048781 0.0487804878048781 0.0813008130081301 0.130081300813008 0.0813008130081301 0.0813008130081301 0.0487804878048781 0.0487804878048781 0.0487804878048781 0.0487804878048781 0.0487804878048781 0.0487804878048781 0.0487804878048781 0.0162601626016261 0 0 0 0 0 0 0 0 0 0 0 0 0 0 0
0.0162601626016261 0.0162601626016261 0.0162601626016261 0.0162601626016261 0.0162601626016261 0.0162601626016261 0.0162601626016261 0.032520325203252 0.0487804878048781 0.0487804878048781 0.0487804878048781 0.0813008130081301 0.0813008130081301 0.0813008130081301 0.065040650406504 0.065040650406504 0.065040650406504 0.0813008130081301 0.065040650406504 0.0813008130081301 0.0813008130081301 0.065040650406504 0.065040650406504 0.0487804878048781 0.0487804878048781 0.0487804878048781 0.0487804878048781 0.0487804878048781 0.0487804878048781 0.0487804878048781 0.0487804878048781 0.0487804878048781 0.0487804878048781 0.0487804878048781 0.0487804878048781 0.0487804878048781 0.0487804878048781 0.0487804878048781 0.0487804878048781 0.0487804878048781 0.0487804878048781 0.0975609756097562 0.0975609756097562 0.0975609756097562 0.0975609756097562 0.0975609756097562 0.0975609756097562 0.0975609756097562 0.065040650406504 0.0487804878048781 0.0487804878048781 0.0487804878048781 0.0487804878048781 0.0162601626016261 0.0162601626016261 0 0 0 0 0 0 0 0 0 0 0 0 0 0
0.0162601626016261 0.0162601626016261 0.0162601626016261 0.0162601626016261 0.0162601626016261 0.0162601626016261 0.032520325203252 0.0487804878048781 0.0731707317073171 0.0813008130081301 0.0813008130081301 0.065040650406504 0.0487804878048781 0.0487804878048781 0.0487804878048781 0.0487804878048781 0.0487804878048781 0.0487804878048781 0.0487804878048781 0.065040650406504 0.065040650406504 0.065040650406504 0.065040650406504 0.0487804878048781 0.0487804878048781 0.0487804878048781 0.0487804878048781 0.0487804878048781 0.0487804878048781 0.0487804878048781 0.0487804878048781 0.0487804878048781 0.0487804878048781 0.0487804878048781 0.0487804878048781 0.0487804878048781 0.0487804878048781 0.0487804878048781 0.0487804878048781 0.0487804878048781 0.065040650406504 0.065040650406504 0.0975609756097562 0.0975609756097562 0.065040650406504 0.065040650406504 0.065040650406504 0.0487804878048781 0.0487804878048781 0.0487804878048781 0.0487804878048781 0.0487804878048781 0.0487804878048781 0.0162601626016261 0.0162601626016261 0.0162601626016261 0 0 0 0 0 0 0 0 0 0 0 0 0
0.0162601626016261 0.0162601626016261 0.0162601626016261 0.0162601626016261 0.0162601626016261 0.0487804878048781 0.0487804878048781 0.0487804878048781 0.0813008130081301 0.065040650406504 0.0487804878048781 0.065040650406504 0.0487804878048781 0.0487804878048781 0.0487804878048781 0.0487804878048781 0.0487804878048781 0.0487804878048781 0.0487804878048781 0.0487804878048781 0.0487804878048781 0.0487804878048781 0.0487804878048781 0.0487804878048781 0.0487804878048781 0.0487804878048781 0.0487804878048781 0.0487804878048781 0.0487804878048781 0.0487804878048781 0.0487804878048781 0.0487804878048781 0.0487804878048781 0.0487804878048781 0.0487804878048781 0.0487804878048781 0.0487804878048781 0.0487804878048781 0.0487804878048781 0.0487804878048781 0.065040650406504 0.065040650406504 0.065040650406504 0.065040650406504 0.0487804878048781 0.0487804878048781 0.0487804878048781 0.0487804878048781 0.0487804878048781 0.0487804878048781 0.0487804878048781 0.0487804878048781 0.0487804878048781 0.0162601626016261 0.0162601626016261 0.0162601626016261 0.0162601626016261 0.0162601626016261 0 0 0 0 0 0 0 0 0 0 0
0.0162601626016261 0.0162601626016261 0.0162601626016261 0.0162601626016261 0.0162601626016261 0.0487804878048781 0.0487804878048781 0.146341463414634 0.146341463414634 0.0813008130081301 0.0813008130081301 0.0813008130081301 0.0813008130081301 0.065040650406504 0.0487804878048781 0.0487804878048781 0.0487804878048781 0.0487804878048781 0.0487804878048781 0.0487804878048781 0.0487804878048781 0.0487804878048781 0.0487804878048781 0.0487804878048781 0.0487804878048781 0.0487804878048781 0.0487804878048781 0.0487804878048781 0.0487804878048781 0.0487804878048781 0.0487804878048781 0.0487804878048781 0.0487804878048781 0.0487804878048781 0.0487804878048781 0.0487804878048781 0.0487804878048781 0.0487804878048781 0.0487804878048781 0.065040650406504 0.0487804878048781 0.0487804878048781 0.0487804878048781 0.0487804878048781 0.0487804878048781 0.0487804878048781 0.0487804878048781 0.0487804878048781 0.0487804878048781 0.0487804878048781 0.0487804878048781 0.0487804878048781 0.0162601626016261 0.0162601626016261 0.0162601626016261 0.0162601626016261 0.0162601626016261 0.0162601626016261 0.0162601626016261 0 0 0 0 0 0 0 0 0 0
0.0162601626016261 0.0162601626016261 0.0162601626016261 0.0162601626016261 0.0162601626016261 0.032520325203252 0.0487804878048781 0.178861788617886 0.178861788617886 0.0813008130081301 0.0813008130081301 0.146341463414634 0.146341463414634 0.0813008130081301 0.0487804878048781 0.0487804878048781 0.0487804878048781 0.0487804878048781 0.0487804878048781 0.0487804878048781 0.0487804878048781 0.0487804878048781 0.0487804878048781 0.0487804878048781 0.0487804878048781 0.0487804878048781 0.0487804878048781 0.0487804878048781 0.0487804878048781 0.0487804878048781 0.0487804878048781 0.0487804878048781 0.0487804878048781 0.0487804878048781 0.0487804878048781 0.0487804878048781 0.0487804878048781 0.0487804878048781 0.0487804878048781 0.065040650406504 0.0487804878048781 0.0487804878048781 0.0487804878048781 0.0487804878048781 0.0487804878048781 0.0487804878048781 0.0487804878048781 0.0487804878048781 0.0487804878048781 0.0487804878048781 0.0487804878048781 0.0162601626016261 0.0162601626016261 0.0162601626016261 0.0162601626016261 0.0162601626016261 0 0 0 0 0 0 0 0 0 0 0 0 0
0.0162601626016261 0.0162601626016261 0.0162601626016261 0.0162601626016261 0.0162601626016261 0.0162601626016261 0.0487804878048781 0.16260162601626 0.146341463414634 0.0487804878048781 0.0487804878048781 0.065040650406504 0.146341463414634 0.0813008130081301 0.0487804878048781 0.0487804878048781 0.0487804878048781 0.0487804878048781 0.0487804878048781 0.0487804878048781 0.0487804878048781 0.0487804878048781 0.0487804878048781 0.0487804878048781 0.0487804878048781 0.0487804878048781 0.0487804878048781 0.0487804878048781 0.0487804878048781 0.0487804878048781 0.0487804878048781 0.0487804878048781 0.0487804878048781 0.0487804878048781 0.0487804878048781 0.0487804878048781 0.0487804878048781 0.0487804878048781 0.065040650406504 0.065040650406504 0.0487804878048781 0.0487804878048781 0.0487804878048781 0.0487804878048781 0.0487804878048781 0.0487804878048781 0.0487804878048781 0.0487804878048781 0.0487804878048781 0.0487804878048781 0.0162601626016261 0.0162601626016261 0.0162601626016261 0.0162601626016261 0.0162601626016261 0.0162601626016261 0 0 0 0 0 0 0 0 0 0 0 0 0
0.0162601626016261 0.0162601626016261 0.0162601626016261 0.0162601626016261 0.0162601626016261 0.0162601626016261 0.0487804878048781 0.146341463414634 0.146341463414634 0.0487804878048781 0.0487804878048781 0.0487804878048781 0.0813008130081301 0.0487804878048781 0.0487804878048781 0.0487804878048781 0.0487804878048781 0.0487804878048781 0.0487804878048781 0.0487804878048781 0.0487804878048781 0.0487804878048781 0.0487804878048781 0.0487804878048781 0.0487804878048781 0.0487804878048781 0.0487804878048781 0.0487804878048781 0.0487804878048781 0.0487804878048781 0.0487804878048781 0.0487804878048781 0.0487804878048781 0.0487804878048781 0.0487804878048781 0.0487804878048781 0.0487804878048781 0.0487804878048781 0.065040650406504 0.065040650406504 0.065040650406504 0.0487804878048781 0.0487804878048781 0.0487804878048781 0.0487804878048781 0.0487804878048781 0.0487804878048781 0.0487804878048781 0.0487804878048781 0.0487804878048781 0.0487804878048781 0.0162601626016261 0.0162601626016261 0.0162601626016261 0.0162601626016261 0.0162601626016261 0.0162601626016261 0 0 0 0 0 0 0 0 0 0 0 0
0.032520325203252 0.032520325203252 0.0162601626016261 0.0162601626016261 0.0162601626016261 0.032520325203252 0.0487804878048781 0.113821138211382 0.0975609756097562 0.0487804878048781 0.0487804878048781 0.0487804878048781 0.0813008130081301 0.0487804878048781 0.0487804878048781 0.0487804878048781 0.0487804878048781 0.0487804878048781 0.0487804878048781 0.0487804878048781 0.032520325203252 0.0487804878048781 0.0487804878048781 0.0487804878048781 0.0487804878048781 0.0487804878048781 0.0487804878048781 0.0487804878048781 0.0487804878048781 0.0487804878048781 0.0487804878048781 0.0487804878048781 0.0487804878048781 0.065040650406504 0.0813008130081301 0.0813008130081301 0.0487804878048781 0.0487804878048781 0.0813008130081301 0.065040650406504 0.065040650406504 0.0487804878048781 0.0487804878048781 0.0487804878048781 0.0487804878048781 0.0487804878048781 0.0487804878048781 0.0487804878048781 0.0487804878048781 0.0487804878048781 0.0487804878048781 0.0487804878048781 0.0162601626016261 0.0162601626016261 0.0162601626016261 0.0162601626016261 0.0162601626016261 0 0 0 0 0 0 0 0 0 0 0.0162601626016261 0.0162601626016261
0 0.032520325203252 0.032520325203252 0.0487804878048781 0.0487804878048781 0.032520325203252 0.0487804878048781 0.0813008130081301 0.0813008130081301 0.0162601626016261 0.0162601626016261 0.0487804878048781 0.065040650406504 0.0487804878048781 0.0487804878048781 0.0487804878048781 0.0487804878048781 0.0487804878048781 0.0487804878048781 0.032520325203252 0.032520325203252 0.032520325203252 0.032520325203252 0.0487804878048781 0.0487804878048781 0.0487804878048781 0.0487804878048781 0.0487804878048781 0.0487804878048781 0.0487804878048781 0.0487804878048781 0.0487804878048781 0.0813008130081301 0.0813008130081301 0.113821138211382 0.0975609756097562 0.0813008130081301 0.0813008130081301 0.0975609756097562 0.065040650406504 0.065040650406504 0.0487804878048781 0.0487804878048781 0.0487804878048781 0.0487804878048781 0.0487804878048781 0.0487804878048781 0.0487804878048781 0.0487804878048781 0.0487804878048781 0.0487804878048781 0.0487804878048781 0.0487804878048781 0.0487804878048781 0.016260162601626 0 0 0 0 0 0 0 0 0 0.0162601626016261 0.0162601626016261 0.032520325203252 0.032520325203252 0.032520325203252
0 0.032520325203252 0.0650406504065041 0.0813008130081301 0.0731707317073171 0.0162601626016261 0.065040650406504 0.065040650406504 0.0487804878048781 0 0 0.0162601626016261 0.0487804878048781 0.0487804878048781 0.0487804878048781 0.0487804878048781 0.0487804878048781 0.0487804878048781 0.032520325203252 0.032520325203252 0.032520325203252 0.032520325203252 0.032520325203252 0.032520325203252 0.032520325203252 0.0487804878048781 0.0487804878048781 0.0487804878048781 0.0487804878048781 0.0487804878048781 0.0487804878048781 0.0813008130081301 0.146341463414634 0.146341463414634 0.130081300813008 0.113821138211382 0.0975609756097562 0.0975609756097562 0.0975609756097562 0.0975609756097562 0.065040650406504 0.065040650406504 0.0487804878048781 0.0487804878048781 0.0487804878048781 0.0487804878048781 0.0487804878048781 0.0487804878048781 0.0487804878048781 0.0487804878048781 0.0487804878048781 0.0487804878048781 0 0 0 0 0 0 0 0 0 0 0 0 0.032520325203252 0.032520325203252 0.032520325203252 0.032520325203252 0.0487804878048781
0 0.016260162601626 0.032520325203252 0.0813008130081301 0.0813008130081301 0.065040650406504 0.065040650406504 0.065040650406504 0.0162601626016261 0 0 0 0.0162601626016261 0.0162601626016261 0.0162601626016261 0.0162601626016261 0.0487804878048781 0.0487804878048781 0.032520325203252 0.032520325203252 0.032520325203252 0.032520325203252 0.032520325203252 0.032520325203252 0.032520325203252 0.0487804878048781 0.0487804878048781 0.0487804878048781 0.0487804878048781 0.0487804878048781 0.0813008130081301 0.146341463414634 0.146341463414634 0.146341463414634 0.146341463414634 0.113821138211382 0.0975609756097562 0.0975609756097562 0.0975609756097562 0.0975609756097562 0.0975609756097562 0.065040650406504 0.065040650406504 0.0487804878048781 0.0487804878048781 0.0487804878048781 0.0487804878048781 0.0487804878048781 0 0 0 0 0 0 0 0 0 0 0 0 0 0 0 0 0.0487804878048781 0.0487804878048781 0.0487804878048781 0.0487804878048781 0.0487804878048781
0.032520325203252 0.032520325203252 0.032520325203252 0.0731707317073171 0.0813008130081301 0.0975609756097562 0.0813008130081301 0.065040650406504 0.0487804878048781 0 0 0 0 0 0 0.0162601626016261 0.0162601626016261 0.0162601626016261 0.0162601626016261 0.032520325203252 0.032520325203252 0.032520325203252 0.032520325203252 0.032520325203252 0.0487804878048781 0.0487804878048781 0.0487804878048781 0.0487804878048781 0.0487804878048781 0.0813008130081301 0.113821138211382 0.113821138211382 0.113821138211382 0.113821138211382 0.0975609756097562 0.0975609756097562 0.0813008130081301 0.0813008130081301 0.0813008130081301 0.0813008130081301 0.0813008130081301 0.0813008130081301 0.065040650406504 0.065040650406504 0.065040650406504 0.0487804878048781 0 0 0 0 0 0 0 0 0 0 0 0 0 0 0 0 0 0 0.065040650406504 0.0975609756097562 0.0975609756097562 0.130081300813008 0.178861788617886
0.032520325203252 0.032520325203252 0.032520325203252 0.032520325203252 0.0813008130081301 0.0813008130081301 0.113821138211382 0.0975609756097562 0.0813008130081301 0.0487804878048781 0 0 0 0 0 0 0 0 0.0162601626016261 0.0162601626016261 0.0162601626016261 0.0162601626016261 0.0162601626016261 0.0162601626016261 0.0162601626016261 0.0162601626016261 0.0487804878048781 0.0487804878048781 0.0487804878048781 0.0487804878048781 0.065040650406504 0.0975609756097562 0.0975609756097562 0.0813008130081301 0.0813008130081301 0.0813008130081301 0.0813008130081301 0.0813008130081301 0.0813008130081301 0.065040650406504 0.065040650406504 0.0813008130081301 0.0813008130081301 0.0487804878048781 0 0 0 0 0 0 0 0 0 0 0 0 0 0 0 0 0 0 0 0.016260162601626 0.0975609756097562 0.130081300813008 0.178861788617886 0.178861788617886 0.178861788617886
0.0650406504065041 0.032520325203252 0.032520325203252 0.032520325203252 0.032520325203252 0.032520325203252 0.0813008130081301 0.0813008130081301 0.113821138211382 0.0813008130081301 0.0162601626016261 0 0 0 0 0 0 0 0 0 0 0 0 0 0 0 0.0162601626016261 0.0487804878048781 0.0487804878048781 0.0487804878048781 0.0487804878048781 0.0487804878048781 0.0813008130081301 0.065040650406504 0.065040650406504 0.0487804878048781 0.065040650406504 0.065040650406504 0.0487804878048781 0.0487804878048781 0.0162601626016261 0.0487804878048781 0.016260162601626 0 0 0 0 0 0 0 0 0 0 0 0 0 0 0 0 0 0 0 0 0.0487804878048781 0.16260162601626 0.211382113821138 0.178861788617886 0.178861788617886 0.178861788617886
0.0813008130081301 0.032520325203252 0 0 0 0 0.00813008130081301 0.0650406504065041 0.0813008130081301 0.0975609756097562 0.0162601626016261 0 0 0 0 0 0 0 0 0 0 0 0 0 0 0 0 0 0.032520325203252 0.032520325203252 0.032520325203252 0.0487804878048781 0.0813008130081301 0.065040650406504 0.0162601626016261 0 0.0162601626016261 0.0162601626016261 0.0162601626016261 0 0 0 0 0 0 0 0 0 0 0 0 0 0 0 0 0 0 0 0 0 0 0 0 0.178861788617886 0.24390243902439 0.292682926829268 0.292682926829268 0.292682926829268 0.292682926829268
0.0487804878048781 0.0650406504065041 0 0 0 0 0 0 0.032520325203252 0.0487804878048781 0.065040650406504 0.065040650406504 0.00813008130081294 0.0162601626016261 0.0162601626016261 0 0 0 0 0 0 0 0 0 0 0 0 0 0 0.032520325203252 0.032520325203252 0.0487804878048781 0.0813008130081301 0.0162601626016261 0 0 0 0 0 0 0 0 0 0 0 0 0 0 0 0 0 0 0 0 0 0 0 0 0 0 0 0 0 0.178861788617886 0.178861788617886 0.292682926829268 0.32520325203252 0.357723577235772 0.357723577235772
-9999 0.0813008130081301 0.032520325203252 0 0 0 0 0 0 0 0 0.0162601626016261 0.0487804878048781 0.065040650406504 0.056910569105691 0.0162601626016261 0.0162601626016261 0 0 0 0 0 0 0 0 0 0 0 0 0 0.0162601626016261 0.0487804878048781 0.0487804878048781 0.0162601626016261 0 0 0 0 0 0 0 0 0 0 0 0 0 0 0 0 0 0 0 0 0 0 0 0 0 0 0 0 0.0487804878048781 0.178861788617886 0.178861788617886 0.235772357723577 0.32520325203252 0.40650406504065 0.414634146341463
-9999 0.0813008130081301 0.065040650406504 0 0 0 0 0 0 0 0 0 0 0 0.0487804878048781 0.065040650406504 0.105691056910569 0 0 0 0 0 0 0 0 0 0 0 0 0 0 0 0.0162601626016261 0 0 0 0 0 0 0 0 0 0 0 0 0 0 0 0 0 0 0 0 0 0 0 0 0 0 0 0 0 0.0487804878048781 0.178861788617886 0.178861788617886 0.178861788617886 0.414634146341463 0.731707317073171 0.504065040650406
-9999 -9999 0.0813008130081301 0.032520325203252 0 0 0 0 0 0 0 0 0 0 0 0 0.0487804878048781 0.0975609756097562 0.113821138211382 0 0 0 0 0 0 0 0 0 0 0 0 0 0 0 0 0 0 0 0 0 0 0 0 0 0 0 0 0 0 0 0 0 0 0 0 0 0 0 0 0 0 0.00813008130081301 0.178861788617886 0.211382113821138 0.211382113821138 0.32520325203252 0.447154471544716 0.731707317073171 0.601626016260163
-9999 -9999 0.113821138211382 0.0813008130081301 0 0 0 0 0 0 0 0 0 0 0 0 0 0.0487804878048781 0.0975609756097562 0.0487804878048781 0 0 0 0 0 0 0 0 0 0 0 0 0 0 0 0 0 0 0 0 0 0 0 0 0 0 0 0 0 0 0 0 0 0 0 0 0 0 0 0 0 0.113821138211382 0.186991869918699 0.211382113821138 0.24390243902439 0.390243902439024 0.414634146341463 0.569105691056911 0.536585365853659
-9999 -9999 0.016260162601626 0.032520325203252 0.032520325203252 0 0 0 0 0 0 0 0 0 0 0 0 0.032520325203252 0.0487804878048781 0.089430894308943 0.0162601626016261 0.032520325203252 0 0 0 0 0 0 0 0 0 0 0 0 0 0.0162601626016261 0 0 0 0 0 0 0 0 0 0 0 0 0 0 0 0 0 0 0 0 0 0 0 0 0.032520325203252 0.178861788617886 0.308943089430894 0.308943089430894 0.308943089430894 0.349593495934959 0.439024390243902 0.520325203252032 0.422764227642277
-9999 -9999 -9999 0.0650406504065041 0.0162601626016261 0.0162601626016261 0 0 0 0 0 0 0 0 0 0 0 0 0.0487804878048781 0.0813008130081301 0.0162601626016261 0.0162601626016261 0.0162601626016261 0 0 0 0 0 0 0 0 0 0 0 0.0487804878048781 0.0487804878048781 0 0 0 0 0 0 0 0 0 0 0 0 0 0 0 0 0 0 0 0 0 0 0 0.016260162601626 0.0487804878048781 0.252032520325203 0.308943089430894 0.308943089430894 0.308943089430894 0.32520325203252 0.422764227642277 0.447154471544716 0.40650406504065
-9999 -9999 -9999 -9999 0 0.0162601626016261 0.0162601626016261 0 0 0 0 0 0 0 0 0 0 0 0.016260162601626 0.0487804878048781 0.0487804878048781 0.0813008130081301 0 0.0162601626016261 0.032520325203252 0 0 0 0.0162601626016261 0 0 0 0 0.0162601626016261 0.032520325203252 0.032520325203252 0 0 0 0 0 0 0 0 0 0 0 0 0 0 0 0 0 0 0 0 0 0 0 0.0487804878048781 0.178861788617886 0.276422764227642 0.308943089430894 0.308943089430894 0.308943089430894 0.32520325203252 0.520325203252033 0.569105691056911 0.455284552845528
-9999 -9999 -9999 -9999 -9999 -9999 0.0162601626016261 0 0.0162601626016261 0 0 0 0 0 0 0 0 0 0 0.00813008130081294 0.0162601626016261 0.0487804878048781 0.065040650406504 0.0162601626016261 0 0 0 0 0 0 0 0 0.0162601626016261 0.032520325203252 0.032520325203252 0 0 0 0 0 0 0 0 0 0 0 0 0 0 0 0 0 0 0 0 0 0 0 0.016260162601626 0.130081300813008 0.130081300813008 0.276422764227642 0.308943089430894 0.308943089430894 0.308943089430894 0.422764227642276 0.536585365853659 0.552845528455285 0.439024390243902
-9999 -9999 -9999 -9999 -9999 -9999 -9999 -9999 0.0162601626016261 0.0162601626016261 0 0 0 0 0 0 0 0 0 0 0 0.0162601626016261 0.0487804878048781 0.065040650406504 0.0162601626016261 0 0 0.0162601626016261 0.0162601626016261 0.0162601626016261 0.032520325203252 0.032520325203252 0.032520325203252 0.032520325203252 0.032520325203252 0 0 0 0 0 0 0 0 0 0 0 0 0 0 0 0 0 0 0 0 0 0 0 0.0487804878048781 0.130081300813008 0.130081300813008 0.276422764227642 0.308943089430894 0.308943089430894 0.308943089430894 0.422764227642276 0.536585365853659 0.585365853658537 0.40650406504065
-9999 -9999 -9999 -9999 -9999 -9999 -9999 -9999 -9999 -9999 0.0162601626016261 0.032520325203252 0 0 0 0 0 0 0 0 0 0 0.0162601626016261 0.0487804878048781 0.065040650406504 0.0813008130081301 0.0813008130081301 0.0813008130081301 0.0487804878048781 0.032520325203252 0.032520325203252 0.032520325203252 0.032520325203252 0.032520325203252 0.032520325203252 0 0 0 0 0 0 0 0 0 0 0 0 0 0 0 0 0 0 0 0 0 0 0 0.0487804878048781 0.130081300813008 0.130081300813008 0.292682926829268 0.308943089430894 0.308943089430894 0.308943089430894 0.504065040650406 0.536585365853659 0.455284552845528 0.341463414634146
-9999 -9999 -9999 -9999 -9999 -9999 -9999 -9999 -9999 -9999 -9999 -9999 0.0162601626016261 0 0 0 0 0 0 0 0 0 0 0.0162601626016261 0.0487804878048781 0.0487804878048781 0.113821138211382 0.0975609756097562 0.113821138211382 0.032520325203252 0 0 0.032520325203252 0.032520325203252 0.032520325203252 0 0 0 0 0 0 0 0 0 0 0 0 0 0 0 0 0 0 0 0 0 0 0 0.0487804878048781 0.146341463414634 0.146341463414634 0.276422764227642 0.308943089430894 0.308943089430894 0.422764227642276 0.504065040650406 0.48780487804878 0.439024390243902 0.292682926829268
-9999 -9999 -9999 -9999 -9999 -9999 -9999 -9999 -9999 -9999 -9999 -9999 0.0162601626016261 0.0162601626016261 0 0 0 0 0 0 0 0 0 0 0 0.0487804878048781 0.0813008130081301 0.0975609756097562 0.113821138211382 0.0487804878048781 0 0 0.032520325203252 0.032520325203252 0.032520325203252 0 0 0 0 0 0 0 0 0 0 0 0 0 0 0 0 0 0 0 0 0 0 0.0487804878048781 0.178861788617886 0.146341463414634 0.130081300813008 0.195121951219512 0.276422764227642 0.341463414634146 0.357723577235772 0.357723577235772 0.357723577235772 0.341463414634146 0.130081300813008
