meets/meet004/_saidas_enm/CCSM_Maxent_6k_Aralia_warmingiana4.asc
NCOLS 154 
NROWS 168 
XLLCORNER -112 
YLLCORNER -55.5 
CELLSIZE 0.5 
NODATA_value -9999 
[rows 50 to 74 of 168, columns 56 to 111 of 154]
-9999 -9999 -9999 -9999 -9999 -9999 -9999 -9999 -9999 -9999 -9999 -9999 -9999 0.00157342909369618 0.00146523443982005 0.00536891631782055 0.0179296787828207 0.0620612688362598 0.131824120879173 0.224052831530571 0.275649070739746 0.242046847939491 0.159139424562454 0.0794142410159111 0.0752346143126488 0.0751433148980141 0.052508819848299 0.0371171459555626 0.0266049262136221 0.0161507539451122 0.011195657774806 0.0139441220089793 0.0172578580677509 0.0293937865644693 0.0732103362679482 0.148186191916466 0.17900338768959 0.179720312356949 0.158625856041908 0.15594145655632 0.136640548706055 0.14299413561821 0.119298845529556 0.0642597526311874 0.0249910727143288 0.00724834529682994 0.0167068522423506 0.020503019914031 0.034201443195343 0.0829135850071907 0.102468125522137 0.213212370872498 0.251812934875488 0.236649930477142 0.213933154940605 0.20677076280117
-9999 -9999 -9999 -9999 -9999 -9999 -9999 -9999 -9999 -9999 -9999 -9999 -9999 0.00282358145341277 0.00405262969434261 0.0129076177254319 0.0394601449370384 0.0960668250918388 0.164218246936798 0.227815300226212 0.244421660900116 0.227542638778687 0.17237688601017 0.107676021754742 0.086554042994976 0.08095533400774 0.0617765486240387 0.0418369323015213 0.0281602945178747 0.0187483597546816 0.0143563412129879 0.016228849068284 0.021832812577486 0.0352736078202724 0.0679131746292114 0.136706590652466 0.18878211081028 0.200797855854034 0.188314616680145 0.165025934576988 0.148595631122589 0.128624394536018 0.0868334099650383 0.0492835603654385 0.0232108030468225 0.0149745671078563 0.020238533616066 0.03078150190413 0.0540264397859573 0.112506382167339 0.187061071395874 0.278653919696808 0.28199565410614 0.262500554323196 0.227080896496773 0.213931754231453
-9999 -9999 -9999 -9999 -9999 -9999 -9999 -9999 -9999 -9999 -9999 0.0171871241182089 0.00419319421052933 0.00411071814596653 0.00886955950409174 0.0323119089007378 0.0678275600075722 0.127773836255074 0.178534254431725 0.19572925567627 0.205992847681046 0.184221148490906 0.146138861775398 0.102158360183239 0.0746831148862839 0.0641408041119576 0.0408119820058346 0.0248776078224182 0.0170293897390366 0.0147845400497317 0.013352788053453 0.0128368930891156 0.0179613493382931 0.0322587974369526 0.0748127177357674 0.134328588843346 0.176311612129211 0.201962441205978 0.18910126388073 0.161413624882698 0.155611529946327 0.118975438177586 0.0821406915783882 0.0563085898756981 0.0407955795526505 0.0409530252218246 0.0554729588329792 0.0804758593440056 0.132952213287354 0.240719854831696 0.348103761672974 0.348514795303345 0.328662306070328 0.292017340660095 0.232545182108879 0.215717732906342
-9999 -9999 -9999 -9999 -9999 -9999 -9999 -9999 -9999 -9999 0.0327858664095402 0.00846058968454599 0.0041452944278717 0.00546808447688818 0.0141223212704062 0.0434949696063995 0.0841023251414299 0.120656177401543 0.140414983034134 0.139528289437294 0.131542086601257 0.11019291728735 0.0826638340950012 0.0645776614546776 0.0479943789541721 0.0333940386772156 0.0197392757982016 0.0156074585393071 0.0136834150180221 0.0131657440215349 0.0128411594778299 0.0129520213231444 0.0143415099009871 0.0299953725188971 0.0687359124422073 0.129234358668327 0.170850798487663 0.196490541100502 0.194731667637825 0.173263281583786 0.145997032523155 0.104207403957844 0.0799116864800453 0.0723902955651283 0.0773315355181694 0.103939555585384 0.139509946107864 0.206543073058128 0.292688965797424 0.385533094406128 0.408983141183853 0.369847893714905 0.337859898805618 0.288510650396347 0.227739900350571 0.212036967277527
-9999 -9999 -9999 -9999 -9999 -9999 -9999 -9999 -9999 -9999 0.0205069296061993 0.0128653822466731 0.0109793962910771 0.0187090169638395 0.0239518061280251 0.0452070087194443 0.0684129595756531 0.0841110497713089 0.0825902745127678 0.0755538940429688 0.0655020028352737 0.0552753880620003 0.0451939888298512 0.0356690548360348 0.025301730260253 0.0186444688588381 0.0157854836434126 0.0128831015899777 0.011707104742527 0.0120694441720843 0.012242441996932 0.013106182217598 0.0134942652657628 0.0241556689143181 0.0589857622981071 0.114365883171558 0.155077263712883 0.189674183726311 0.198041632771492 0.195465490221977 0.177845314145088 0.129012942314148 0.109565310180187 0.110260017216206 0.136346489191055 0.20550137758255 0.256607562303543 0.354125827550888 0.441570341587067 0.419473797082901 0.390487760305405 0.340009540319443 0.297561913728714 0.253412961959839 0.203198403120041 0.203849330544472
-9999 -9999 -9999 -9999 -9999 -9999 -9999 -9999 0.0285105146467686 0.0442631393671036 0.038371354341507 0.0388693250715733 0.0321149714291096 0.04598218947649 0.0432599447667599 0.0307883527129889 0.0431907959282398 0.0539287589490414 0.0415306985378265 0.0367035940289497 0.0344999805092812 0.0286276061087847 0.0233311634510756 0.0183186884969473 0.0172145999968052 0.0159400142729282 0.0129919024184346 0.0111510409042239 0.0105020767077804 0.0109803024679422 0.011744792573154 0.0124544864520431 0.0134058641269803 0.0192711725831032 0.0441376827657223 0.0868255570530891 0.123935520648956 0.154942721128464 0.171012818813324 0.161554351449013 0.150008231401443 0.124564588069916 0.112266167998314 0.126857325434685 0.163399219512939 0.234123542904854 0.309085786342621 0.38844034075737 0.354517787694931 0.335038602352142 0.311285525560379 0.275967061519623 0.238901510834694 0.212470978498459 0.190717622637749 0.226771891117096
-9999 -9999 -9999 -9999 -9999 -9999 -9999 -9999 0.0418057255446911 0.06556785851717 0.11764844506979 0.11109983921051 0.101264700293541 0.0944309234619141 0.0697405859827995 0.0465441644191742 0.0311440397053957 0.0280527081340551 0.0181648172438145 0.0155222248286009 0.0148921515792608 0.0137846386060119 0.0132247675210238 0.0129102356731892 0.0123622585088015 0.0122280633077025 0.0111166210845113 0.0101778898388147 0.00975939724594355 0.0104247601702809 0.0112933795899153 0.0121475430205464 0.0130370669066906 0.0145115563645959 0.0296809319406748 0.0551756918430328 0.0770296007394791 0.100187093019485 0.107984639704227 0.102842763066292 0.10060353577137 0.0901491194963455 0.0914527550339699 0.1057198792696 0.134193897247314 0.192884460091591 0.25417885184288 0.256156980991364 0.227689772844315 0.210455268621445 0.200763195753098 0.181998431682587 0.172485530376434 0.171201080083847 0.170056462287903 0.23369063436985
-9999 -9999 -9999 -9999 -9999 -9999 -9999 0.074049599468708 0.0552677065134048 0.11975933611393 0.23023921251297 0.187590897083282 0.219279751181602 0.193183958530426 0.121564440429211 0.0737453624606133 0.0516032800078392 0.0253117512911558 0.0117831630632281 0.0102880531921983 0.0104736406356096 0.011176023632288 0.0113100642338395 0.0117696262896061 0.0122793857008219 0.0118667483329773 0.0122352968901396 0.012392982840538 0.0120776630938053 0.0121440561488271 0.0117400623857975 0.0115933632478118 0.0123956510797143 0.0136732580140233 0.019196504727006 0.029589056968689 0.041732557117939 0.0487424954771996 0.0549652501940727 0.0566201061010361 0.0577272213995457 0.0591113865375519 0.0622559785842896 0.0764171034097672 0.100602939724922 0.138342127203941 0.151001065969467 0.134280845522881 0.115117102861404 0.102945312857628 0.0974780172109604 0.097466953098774 0.107417546212673 0.121361836791039 0.136685132980347 0.225203365087509
-9999 -9999 -9999 -9999 -9999 -9999 -9999 0.0739737823605537 0.102041840553284 0.270034223794937 0.370980441570282 0.299584150314331 0.290633738040924 0.235661908984184 0.165112897753716 0.115807011723518 0.0791705250740051 0.0379087217152119 0.0167431756854057 0.0123718343675137 0.0117372134700418 0.0120551744475961 0.0120761590078473 0.0125658744946122 0.0131173860281706 0.0131545290350914 0.0142378443852067 0.0149710895493627 0.015316161327064 0.0156290009617805 0.015532867051661 0.0156453866511583 0.0156780127435923 0.0150635940954089 0.0140557503327727 0.0185407549142838 0.0237967725843191 0.0276330597698689 0.0302136801183224 0.0322120599448681 0.0335787758231163 0.0334341526031494 0.0373222194612026 0.0455557145178318 0.0566506050527096 0.076217494904995 0.0660644844174385 0.0544161610305309 0.0441512353718281 0.0397303737699986 0.041009496897459 0.0478759109973907 0.0591018795967102 0.0736697241663933 0.0969609841704369 0.184960126876831
-9999 -9999 -9999 -9999 -9999 -9999 0.112777344882488 0.140222623944283 0.27267137169838 0.413813024759293 0.473447173833847 0.368380784988403 0.271103024482727 0.20488528907299 0.186730280518532 0.154174342751503 0.114863254129887 0.0537783615291119 0.027010589838028 0.020519245415926 0.016672657802701 0.0157433208078146 0.0152518441900611 0.015811862424016 0.0159781239926815 0.016184950247407 0.0172675140202045 0.0186909362673759 0.0194463226944208 0.019791541621089 0.0198579449206591 0.0200913809239864 0.0206325519829988 0.0204664971679449 0.0198714639991522 0.0195647086948156 0.0221280790865421 0.0248535387217999 0.0265086982399225 0.0266415253281593 0.026855356991291 0.0253744870424271 0.0232482552528381 0.0271435603499413 0.0408334881067276 0.0438482910394669 0.0418193712830544 0.0406614691019058 0.0388707332313061 0.0379850603640079 0.0387172698974609 0.0450126156210899 0.0542135126888752 0.0722702965140343 0.093215137720108 0.136178478598595
-9999 -9999 -9999 -9999 -9999 -9999 0.135062336921692 0.236417785286903 0.348832458257675 0.476600289344788 0.545320212841034 0.425607115030289 0.293179124593735 0.240815982222557 0.209641948342323 0.193255811929703 0.137820705771446 0.0678156688809395 0.0400606766343117 0.0330730378627777 0.0297818724066019 0.0289381947368383 0.0289047118276358 0.0301059950143099 0.0302649699151516 0.0292716566473246 0.0308677479624748 0.0322960168123245 0.0335336923599243 0.0344286225736141 0.0339836403727531 0.0342535935342312 0.0335269644856453 0.0323736034333706 0.0310169998556376 0.029999328777194 0.0288484003394842 0.0286457519978285 0.0297003090381622 0.0325877778232098 0.0354734547436237 0.0393012054264545 0.043461624532938 0.0553652979433537 0.0563693717122078 0.0503848604857922 0.0473882295191288 0.0437512882053852 0.0413969568908215 0.0416170209646225 0.0419333726167679 0.0475436151027679 0.0545222386717796 0.0674774944782257 0.087780237197876 0.113787941634655
-9999 -9999 -9999 -9999 -9999 -9999 0.1901665776968 0.285538822412491 0.394142895936966 0.510017216205597 0.586875140666962 0.485517591238022 0.347554177045822 0.330262392759323 0.265381336212158 0.229199454188347 0.172096505761147 0.088835321366787 0.0563318319618702 0.0469220466911793 0.0432271212339401 0.0452158264815807 0.0475767403841019 0.0488634780049324 0.0466247163712978 0.0445787161588669 0.0471011474728584 0.0512385927140713 0.0531146489083767 0.053206380456686 0.0530483350157738 0.0526726320385933 0.05194341391325 0.0505113750696182 0.0479015409946442 0.0456829853355885 0.0480617918074131 0.0513276867568493 0.055068876594305 0.0632340982556343 0.0718372315168381 0.0742162838578224 0.0728511437773705 0.0697795897722244 0.061443354934454 0.0536795780062675 0.0489143691956997 0.0462978966534138 0.0444893464446068 0.0438198484480381 0.044874981045723 0.049586933106184 0.0562718696892262 0.069033645093441 0.0827834978699684 0.101994827389717
-9999 -9999 -9999 -9999 -9999 -9999 -9999 0.348037034273148 0.4326411485672 0.5482097864151 0.590239405632019 0.525562703609467 0.415504276752472 0.407194912433624 0.363024473190308 0.315912544727325 0.229665666818619 0.123122096061707 0.0820012167096138 0.0696566253900528 0.0633522421121597 0.0649109855294228 0.0691819936037064 0.0714028775691986 0.0704491958022118 0.0689265578985214 0.0735758990049362 0.0795645043253899 0.0848399624228477 0.0869467556476593 0.0860006362199783 0.0862981379032135 0.0838070958852768 0.0826565399765968 0.0824581012129784 0.0815457478165627 0.0860394164919853 0.0914161279797554 0.100073114037514 0.105438224971294 0.09251768887043 0.0873247236013412 0.082923024892807 0.0815373733639717 0.0719502419233322 0.0622001029551029 0.0583914369344711 0.0544538460671902 0.0524555407464504 0.0526415854692459 0.053413350135088 0.0586345493793488 0.0643737837672234 0.0748110264539719 0.0875751674175262 0.101004213094711
-9999 -9999 -9999 -9999 -9999 -9999 -9999 -9999 0.452904641628265 0.592569351196289 0.622677803039551 0.557480812072754 0.457072794437408 0.463989555835724 0.437482833862305 0.384583115577698 0.266239702701569 0.148017048835754 0.10591583698988 0.0929594412446022 0.0868165791034698 0.0867200866341591 0.0928605198860168 0.0978630855679512 0.0974182263016701 0.0986802577972412 0.106912210583687 0.117949083447456 0.127815067768097 0.129763945937157 0.131734937429428 0.12950573861599 0.128505423665047 0.128108605742455 0.129579156637192 0.135655745863914 0.137964248657227 0.138217076659203 0.122131392359734 0.110176011919975 0.0992173627018929 0.093907818198204 0.0902708321809769 0.0887812599539757 0.0789933577179909 0.0705310106277466 0.0653668344020844 0.0627364963293076 0.0594623610377312 0.057680357247591 0.0580262243747711 0.0634193271398544 0.0706187337636948 0.0826400220394135 0.0929447561502457 0.103840552270412
-9999 -9999 -9999 -9999 -9999 -9999 0.300474375486374 0.400270730257034 0.537352383136749 0.584069192409515 0.604548871517181 0.560616075992584 0.46721625328064 0.477321118116379 0.490366190671921 0.431275963783264 0.279099375009537 0.171795681118965 0.12867084145546 0.118462629616261 0.116397581994534 0.11626872420311 0.118681311607361 0.123575955629349 0.133442476391792 0.143488153815269 0.157026737928391 0.170891851186752 0.184117034077644 0.191740036010742 0.193166598677635 0.193438202142715 0.192377254366875 0.192699581384659 0.194691970944405 0.191940024495125 0.174969509243965 0.154871001839638 0.13841749727726 0.125930592417717 0.114570647478104 0.110241703689098 0.106738977134228 0.10207986831665 0.085734635591507 0.0730470567941666 0.0668142586946487 0.0624592080712318 0.0596609450876713 0.0580708421766758 0.0581719279289246 0.0632250085473061 0.0709077790379524 0.0835674703121185 0.0994013845920563 0.118536666035652
-9999 -9999 -9999 -9999 -9999 0.213700398802757 0.304180681705475 0.396384239196777 0.505196571350098 0.562004745006561 0.620409488677979 0.561707198619843 0.466493308544159 0.463734894990921 0.502660036087036 0.441479027271271 0.273184448480606 0.183545544743538 0.147962152957916 0.139721557497978 0.144277647137642 0.144439771771431 0.149685338139534 0.157468736171722 0.172459304332733 0.195803105831146 0.210617110133171 0.231529280543327 0.249296918511391 0.260524451732635 0.259344220161438 0.247765049338341 0.241116344928741 0.233975663781166 0.22231037914753 0.214380636811256 0.192267373204231 0.173574596643448 0.156491190195084 0.140244215726852 0.125889882445335 0.116924941539764 0.109874859452248 0.100973136723042 0.0841829627752304 0.0704056099057198 0.0666209235787392 0.0637464970350266 0.0614947974681854 0.0588292255997658 0.05765151232481 0.0645805969834328 0.0722763761878014 0.0852269604802132 0.102687165141106 0.128717169165611
-9999 -9999 -9999 -9999 -9999 0.256418615579605 0.397052794694901 0.43567106127739 0.523939847946167 0.545180797576904 0.581003367900848 0.551777303218842 0.498295277357101 0.476606220006943 0.478759109973907 0.365408718585968 0.264356225728989 0.192302629351616 0.162528410553932 0.164137676358223 0.168597996234894 0.174262329936028 0.183382540941238 0.196114555001259 0.214074954390526 0.24090313911438 0.265834957361221 0.26853421330452 0.26364678144455 0.260805547237396 0.253788411617279 0.246794134378433 0.240371882915497 0.234957426786423 0.229556530714035 0.21947106719017 0.203624859452248 0.184968739748001 0.166098594665527 0.147155210375786 0.130355998873711 0.118344806134701 0.107667796313763 0.0991394519805908 0.0876090675592422 0.0760230049490929 0.0705175772309303 0.0672100856900215 0.065129891037941 0.0636501461267471 0.0643035918474197 0.0691792517900467 0.0770280361175537 0.0889388173818588 0.102729849517345 0.119752079248428
-9999 -9999 -9999 -9999 -9999 -9999 0.43523308634758 0.515279114246368 0.545509457588196 0.54279351234436 0.553496301174164 0.54077011346817 0.510809361934662 0.498269349336624 0.505502939224243 0.37251603603363 0.288437038660049 0.206637531518936 0.180085688829422 0.190908089280128 0.195722416043282 0.216142103075981 0.226210877299309 0.243900507688522 0.265841275453568 0.287897735834122 0.281357496976852 0.27065646648407 0.262984693050385 0.257239490747452 0.247392296791077 0.24762499332428 0.240753382444382 0.236456081271172 0.233694985508919 0.224009126424789 0.206729486584663 0.185850888490677 0.16740870475769 0.151541292667389 0.134981483221054 0.123017765581608 0.109722934663296 0.101302601397038 0.0958702936768532 0.0830000340938568 0.0778655409812927 0.0733766928315163 0.0710026472806931 0.0694363862276077 0.0704210549592972 0.0751578137278557 0.0821080654859543 0.0917279422283173 0.1007179915905 0.111123293638229
-9999 -9999 -9999 -9999 -9999 -9999 0.434843391180038 0.520260572433472 0.532331168651581 0.532469630241394 0.508850932121277 0.48589164018631 0.465622186660767 0.461996912956238 0.470121622085571 0.473615914583206 0.386412858963013 0.219909220933914 0.175904273986816 0.205023437738419 0.251392871141434 0.266887784004211 0.280799627304077 0.300541192293167 0.321123272180557 0.311913251876831 0.293055862188339 0.276930630207062 0.264713823795319 0.256644368171692 0.249604940414429 0.242774724960327 0.23711995780468 0.231009900569916 0.224900007247925 0.215323120355606 0.200030729174614 0.182963892817497 0.168248847126961 0.15585170686245 0.143161192536354 0.131192952394485 0.119901455938816 0.112074740231037 0.106795951724052 0.0975227952003479 0.08962731808424 0.0837272778153419 0.0800754725933075 0.0768678411841393 0.0762483328580856 0.0810730457305908 0.0871980860829353 0.0947479978203773 0.10047984868288 0.106226548552513
-9999 -9999 -9999 -9999 -9999 -9999 0.392657339572906 0.453844964504242 0.494708567857742 0.510944962501526 0.494026213884354 0.451293349266052 0.405465304851532 0.409735381603241 0.411797344684601 0.414811193943024 0.455635279417038 0.23154778778553 0.165552422404289 0.223922297358513 0.311403691768646 0.337550461292267 0.336540877819061 0.34064793586731 0.337873220443726 0.334218919277191 0.310640245676041 0.287070870399475 0.271373957395554 0.261689633131027 0.250782251358032 0.241189405322075 0.230908453464508 0.223463505506516 0.21718992292881 0.20822611451149 0.197284936904907 0.182236582040787 0.170871004462242 0.162912741303444 0.152299091219902 0.143507316708565 0.133280396461487 0.126267582178116 0.121655412018299 0.114499799907207 0.105553179979324 0.0973048359155655 0.0920509025454521 0.0865992829203606 0.0837277621030807 0.0896425023674965 0.0951370894908905 0.101027339696884 0.104185096919537 0.105737678706646
-9999 -9999 -9999 -9999 -9999 -9999 -9999 -9999 0.440960168838501 0.483001351356506 0.511349081993103 0.448681056499481 0.366117209196091 0.363923877477646 0.382492452859879 0.416967123746872 0.480471760034561 0.22760446369648 0.136258214712143 0.226347222924232 0.371294677257538 0.389375895261765 0.345434159040451 0.328315407037735 0.333021312952042 0.334188401699066 0.315468966960907 0.293828248977661 0.278056770563126 0.265222251415253 0.249783545732498 0.235258415341377 0.221343442797661 0.211598202586174 0.206280320882797 0.199861645698547 0.191404283046722 0.182915434241295 0.175223797559738 0.167886629700661 0.161081254482269 0.15395675599575 0.147265374660492 0.141928285360336 0.137107372283936 0.133079215884209 0.123012483119965 0.114515021443367 0.107901960611343 0.100727401673794 0.0978303849697113 0.101544812321663 0.107314087450504 0.113222986459732 0.115863606333733 0.116594865918159
-9999 -9999 -9999 -9999 -9999 -9999 -9999 -9999 0.435156047344208 0.471864968538284 0.515676736831665 0.434341073036194 0.323268383741379 0.335837721824646 0.36638617515564 0.413749426603317 0.512627899646759 0.249590113759041 0.137308150529861 0.260629773139954 0.417377412319183 0.388104110956192 0.331552356481552 0.313637107610703 0.326728999614716 0.332575589418411 0.316264301538467 0.293464511632919 0.277615875005722 0.268308073282242 0.253620207309723 0.235804095864296 0.216721460223198 0.205548524856567 0.201178878545761 0.194640725851059 0.189993962645531 0.183883085846901 0.179015144705772 0.174689948558807 0.169636905193329 0.166491344571114 0.161740228533745 0.15780071914196 0.15425418317318 0.14967705309391 0.142875760793686 0.133817508816719 0.12646196782589 0.117322772741318 0.113143257796764 0.116387128829956 0.121745191514492 0.129400297999382 0.134601593017578 0.137698233127594
-9999 -9999 -9999 -9999 -9999 -9999 -9999 -9999 -9999 0.489225059747696 0.519046247005463 0.40448471903801 0.294412910938263 0.303023189306259 0.350483804941177 0.41514664888382 0.529129385948181 0.368184179067612 0.18255902826786 0.300908327102661 0.415649086236954 0.386572182178497 0.323834866285324 0.303759574890137 0.317881435155869 0.328169494867325 0.315183758735657 0.29407599568367 0.277156114578247 0.267315685749054 0.254498898983002 0.234044760465622 0.214518904685974 0.203718438744545 0.198660373687744 0.192717388272285 0.188285633921623 0.183671802282333 0.181268513202667 0.179341271519661 0.17782886326313 0.176400184631348 0.174754455685616 0.173127949237823 0.170301914215088 0.165929287672043 0.159028604626656 0.150686264038086 0.143477022647858 0.135535269975662 0.129555270075798 0.129411831498146 0.134105503559113 0.143731579184532 0.158994019031525 0.175746530294418
-9999 -9999 -9999 -9999 -9999 -9999 -9999 -9999 -9999 -9999 0.499248027801514 0.386331409215927 0.279600888490677 0.297870010137558 0.354166775941849 0.430450469255447 0.551334083080292 0.547061264514923 0.290955305099487 0.351171344518661 0.425484389066696 0.38807412981987 0.326312333345413 0.304981142282486 0.318613082170486 0.325426608324051 0.312514066696167 0.293388098478317 0.277107536792755 0.267174065113068 0.252653121948242 0.231855899095535 0.210995107889175 0.200034782290459 0.197149887681007 0.194472327828407 0.190827712416649 0.186248570680618 0.184640347957611 0.185109883546829 0.185660138726234 0.187191486358643 0.18736532330513 0.187503278255463 0.186257839202881 0.182687699794769 0.175799340009689 0.164985373616219 0.156348034739494 0.145819023251534 0.138474181294441 0.137265726923943 0.139315858483315 0.154416754841805 0.177863642573357 0.196806862950325
-9999 -9999 -9999 -9999 -9999 -9999 -9999 -9999 -9999 -9999 -9999 0.38453221321106 0.28443118929863 0.298869132995605 0.319630265235901 0.376390725374222 0.52577668428421 0.644528746604919 0.424463778734207 0.425469517707825 0.433143615722656 0.388006985187531 0.344086557626724 0.31734898686409 0.32307094335556 0.322361618280411 0.310349762439728 0.292968422174454 0.276011765003204 0.265426397323608 0.248784497380257 0.229583188891411 0.211169898509979 0.199681147933006 0.196366816759109 0.192200869321823 0.191358953714371 0.187421396374702 0.189004644751549 0.192706272006035 0.194223433732986 0.199701890349388 0.201852023601532 0.20419953763485 0.204672202467918 0.200274169445038 0.195423141121864 0.185291275382042 0.174686148762703 0.162187233567238 0.152149125933647 0.150374799966812 0.152860850095749 0.164462253451347 0.182370439171791 0.189315885305405
