meets/meet004/_saidas_enm/CCSM_Maha_21k_Cavanillesia_umbellata1.asc
NCOLS 154 
NROWS 168 
XLLCORNER -112 
YLLCORNER -55.5 
CELLSIZE 0.5 
NODATA_value -9999 
[rows 50 to 74 of 168, columns 56 to 111 of 154]
-9999 -9999 -9999 -9999 -9999 -9999 -9999 -9999 -9999 -9999 -9999 -9999 -9999 -125.378954074505 -51.4825890321125 -11.9203629985587 -5.39120926222932 -9.99841350934284 -9.56520350668779 -5.09606522255643 -2.93556298199528 -3.68158305509048 -4.84269632107827 -6.0208235854802 -9.3115895570383 -13.248000032517 -15.8894187938341 -19.4606938880939 -22.4170267117376 -27.3397943535104 -30.9433213790812 -27.2805591029214 -22.6202478808682 -16.9211409492561 -9.14934420654832 -3.7127058746529 -1.21740319972014 -0.943383350921891 -1.81718594667815 -3.82582275139431 -3.27598950820393 -4.16048364576324 -4.39193508377842 -5.470120583195 -9.98391713568664 -9.67285251773615 -10.628316498781 -10.5877920554389 -10.9815049171262 -11.2606502565774 -8.54392283643344 -7.22348603775365 -4.93233867492768 -3.07940674920475 -1.80425283656571 -1.72917676441765
-9999 -9999 -9999 -9999 -9999 -9999 -9999 -9999 -9999 -9999 -9999 -9999 -9999 -86.8665537489105 -42.173379440225 -15.4780663848311 -7.03949055706692 -5.68507035204805 -4.64032374858396 -4.95374644106294 -4.77283561003556 -5.05970950979049 -3.93785381688432 -4.85077426855969 -7.55973606281766 -10.9072925497669 -11.5141680917535 -13.0000264890871 -14.3077861962928 -16.9271320676711 -18.6840240457723 -16.7580143238538 -13.9233896665102 -9.3631780362162 -5.33936045654072 -2.86446682599709 -1.30397183798536 -1.20538290444291 -1.89367463258716 -2.77323035309315 -2.53199943868984 -3.4876275266841 -3.63717022681728 -5.51303633028279 -9.1333000858915 -10.000600646975 -10.4229193409151 -7.93107279184497 -7.34307142132266 -7.44614162215465 -6.45132799263442 -5.31477638508384 -3.59113636529615 -2.41715998490334 -1.53675470835896 -1.2683845603247
-9999 -9999 -9999 -9999 -9999 -9999 -9999 -9999 -9999 -9999 -9999 -65.9882321004006 -58.9717513989364 -61.0267404610699 -41.4818233635173 -21.7428790901951 -13.0174694206017 -6.38034878996368 -3.8654716007396 -5.14184481177762 -6.46372723636976 -3.64745522151506 -3.55226096255407 -4.78273764679993 -6.23162786765537 -7.39610220232312 -6.62656677160308 -8.97353650822946 -11.5926016237105 -16.0069260915573 -18.7796393273511 -15.2127915655616 -9.33967295090494 -5.01974913919857 -1.65661553231284 -1.25198128963174 -0.807447375628856 -1.02277664486421 -1.91371352892578 -2.77815471396205 -2.62058558809645 -3.6482416772945 -3.49882718358662 -4.69182073860431 -6.62540646674775 -6.26509146919494 -8.16277944880608 -5.74004951107672 -5.96927779241544 -6.30059188603101 -4.80702800932224 -3.57174749522378 -2.33409457878895 -1.61584692766749 -1.05086965256665 -0.935679692907784
-9999 -9999 -9999 -9999 -9999 -9999 -9999 -9999 -9999 -9999 -52.1554374783978 -50.9275599548974 -44.7451237242588 -49.096309920924 -51.5303656257784 -36.6383763208785 -21.6966536392127 -12.464271571883 -8.73211910662116 -6.13814460958039 -4.50831402410533 -4.64401056347554 -5.41853135857879 -7.40901826043091 -7.96070614088092 -8.61366980233212 -9.9905698648028 -14.0151003797229 -20.0034158408562 -27.1268392312486 -28.5006032532254 -20.4493077211884 -11.4582010978282 -5.13772846504232 -1.24025255465311 -0.984834657324456 -0.862041808116795 -1.5123842305869 -2.25273644050215 -3.16116486082614 -3.23902622951517 -3.47441540208425 -3.61009929173886 -4.41955111723145 -6.05537821567895 -6.60091808270134 -7.51782322894039 -7.05644024096028 -6.08792434532495 -5.0593630685673 -3.4903971023536 -2.87730851622816 -1.73602134070387 -1.26516938409977 -0.920637954851127 -0.738097667507658
-9999 -9999 -9999 -9999 -9999 -9999 -9999 -9999 -9999 -9999 -34.3303491245973 -35.3207879088438 -42.6577205602305 -44.8650726345101 -55.7200369150356 -50.709461546989 -30.4765449806846 -16.7755653764893 -10.3448716676952 -9.31815469487909 -8.97053518239517 -9.6693295026502 -11.7717230081848 -12.326627774734 -12.4438725552549 -14.2002340923872 -19.8092483225546 -29.3906833068174 -40.6246600090139 -50.7730249139005 -49.7105315279132 -34.660702156933 -17.5563367900514 -8.16244242344615 -2.20072340826419 -1.58390453940235 -0.696510394592229 -2.14802498228487 -2.82335290328059 -3.42031378620732 -3.6748619348267 -3.57301195740168 -3.83510684924607 -4.63312995104767 -5.99929927841229 -6.52561434555567 -6.51076949960355 -5.43223616394001 -5.05826822770572 -4.30990586433848 -3.11529184947133 -2.76047167523841 -1.86725447435937 -1.47838566502782 -1.24131366243155 -1.04912887383834
-9999 -9999 -9999 -9999 -9999 -9999 -9999 -9999 -44.0185878893411 -30.9019361462438 -20.9534994522037 -23.255005783518 -35.8236018009967 -39.3492722416141 -46.5390580150575 -55.1101499553004 -40.035649870357 -21.4906763151156 -13.9348935713054 -12.0178829682376 -11.9320576027879 -12.7332878607537 -14.5651526306141 -16.7299112596738 -18.9823010459456 -25.1378241134041 -35.8906865037589 -52.0761514216008 -66.7339207766935 -69.2920728221034 -64.340674838034 -40.3365365853894 -23.5631584885432 -10.7651657871461 -4.24919750816957 -2.78050980731653 -2.02655822662112 -1.13718374258976 -1.59153718643082 -2.81387879109363 -3.86977302283254 -4.33625818596953 -4.41098232707594 -4.39216253954634 -4.66026401307919 -4.76990066437377 -5.52682474394479 -5.95632735808771 -6.52439048985452 -6.75464989593441 -5.80485892689456 -5.37285123049221 -4.62209473940032 -4.06538062680017 -3.43161029779466 -2.76097440353231
-9999 -9999 -9999 -9999 -9999 -9999 -9999 -9999 -28.2752171591298 -18.2838163580642 -13.9861207644934 -12.4813374033571 -31.4347434508145 -34.8875386277811 -39.8868292914983 -42.0289801987413 -40.7241181415217 -30.8214125775719 -23.2723784972041 -20.7856626677393 -20.923743317233 -21.9743674770109 -22.5193826998234 -25.4187287415045 -34.8064683344911 -47.6045741767359 -61.7180290446217 -78.0075013560052 -88.0804600010373 -89.8895935470103 -80.0407938192283 -50.0054400550667 -26.4879216757239 -13.1067720886702 -5.5628641757854 -4.18338453648025 -3.87716750733376 -1.43103515093985 -1.22241623086453 -1.3195282237952 -1.98702297652805 -2.32154072592277 -2.8762136883577 -3.24176500307897 -4.11391570313451 -5.82370254041168 -8.31147077715742 -11.1322462412926 -13.4046236250151 -14.0681573342652 -13.9151939263674 -12.8943069974127 -11.4850789935252 -10.0685604729905 -8.42049928581917 -7.10932178962889
-9999 -9999 -9999 -9999 -9999 -9999 -9999 -25.792753639234 -21.9920501763087 -11.3306531098574 -11.674346309781 -8.48793034990614 -31.185087366196 -38.3523526613498 -33.9908099627159 -35.2549407621622 -30.8109801830606 -29.3683951215052 -27.2782645906033 -32.3995208316944 -35.727487939019 -37.169032274051 -38.7320301259725 -44.2785466571824 -56.3132749061917 -63.3195742986269 -65.3000317278988 -65.2945706563578 -68.9947754746611 -74.2642058874039 -78.5100189714123 -53.662535147207 -29.6546815976565 -15.268051491485 -6.29300352735517 -3.44580034723531 -3.47532523561691 -3.55005659714826 -2.76607819191661 -3.44830299732202 -4.79251279825459 -6.84595024376432 -9.19715805787908 -10.7047083160296 -13.4255992793873 -17.0214525874479 -17.1039616673628 -15.4043211681884 -13.8845633975728 -14.116148186004 -14.1644055815076 -13.944729754234 -13.5118783868234 -13.1745459749578 -12.8851241683562 -12.1268936923997
-9999 -9999 -9999 -9999 -9999 -9999 -9999 -20.0404820621819 -12.1222644086076 -8.3861853319816 -8.34685285049323 -6.62040990017168 -31.4853722358699 -43.3798093652003 -29.1548806370629 -25.2698421205934 -23.3881429602728 -21.2041284739334 -20.5888180909415 -23.5472812240826 -27.1693260673155 -31.231633537231 -36.9086201680104 -36.3457385325617 -35.6365832752448 -37.1811553909667 -37.1282198243721 -40.5034921521584 -40.3721342550019 -38.8507188059157 -41.0010036334363 -42.967880730986 -31.7790724420287 -18.6036300627584 -10.0398960709447 -5.9162627038785 -4.62335645466106 -4.92290166379898 -6.08377331974768 -7.98288925377673 -10.7271266227048 -14.568913678874 -19.7125931399575 -24.7936969421604 -24.0375692411692 -19.0762814360137 -14.4063157664478 -11.7518053954633 -10.7325035619134 -10.3620897416444 -10.0755293896752 -9.75770013642656 -8.99569447977741 -8.61096461183041 -9.12372205571801 -10.7582522861927
-9999 -9999 -9999 -9999 -9999 -9999 -18.8627050669061 -12.4375483471581 -5.87332737180047 -5.64861984672061 -8.39292267815098 -5.69283574360188 -36.3571749650554 -53.5847069574047 -28.433839515241 -19.1701210054427 -19.1055907347559 -15.9885233500341 -15.0910357136118 -17.9157553464655 -20.8821000517288 -21.9619441591703 -24.1201672775465 -24.1213775510092 -24.6097212571181 -24.7260435616559 -25.3866450649167 -24.9589315597519 -25.3952198812388 -27.5914198231878 -28.1464386055739 -30.6791484786383 -32.2799637751212 -23.9316711419813 -16.3699994158876 -13.5424167237631 -11.1437088521748 -12.125140447928 -13.8936330975962 -17.1851531430259 -23.5507743039111 -26.9309083595769 -23.4389094459018 -19.2500658060386 -14.7371639093538 -13.2353875996025 -13.2506373206973 -15.2209801418079 -19.2148407321985 -25.6533929075033 -25.2418623746219 -24.7024430801897 -21.8206956036986 -19.1053159821093 -17.0543432934686 -13.7803883285149
-9999 -9999 -9999 -9999 -9999 -9999 -18.8720655429501 -9.51106925321457 -2.80679235347973 -2.38506125164625 -3.31027814237683 -5.40295021061784 -38.8137530758597 -54.5256458392992 -28.8585484380513 -14.5672637392048 -14.1207791669008 -14.0904707477132 -12.7868691789225 -14.6549971176861 -15.7536888184807 -15.7148427860887 -16.1956635613295 -15.6272725839185 -15.6068577521408 -16.2410685855485 -16.0674635205826 -16.3977672778892 -16.7950127940941 -17.7257261527652 -19.3036791154214 -20.4372849992245 -22.1806145214574 -23.2825968455767 -21.9305346369731 -19.729931137026 -18.5383787227532 -19.7453189814651 -20.4567093103943 -18.1911434069776 -15.6025617262613 -13.3272256245835 -12.384259290437 -12.7364105206942 -16.3557288541063 -16.0856497816722 -14.2107288986672 -13.1053799155962 -12.7320257129941 -11.8420177884008 -11.8529745929682 -10.8148463965766 -10.190820467283 -9.2620276708847 -8.40204559262761 -8.3522342701958
-9999 -9999 -9999 -9999 -9999 -9999 -16.7678391426167 -11.38061039188 -3.19618746811945 -0.454318096151365 -0.958536719215646 -5.83104338491297 -38.8856193374065 -49.7377309405546 -25.3435530773789 -12.7004710040542 -10.8002096955104 -12.1710803477651 -12.4152595003773 -13.4359635148348 -14.030069730194 -12.6240440947029 -12.0101986357465 -11.5963296451144 -12.0437082152474 -12.8408393706725 -12.7061454666239 -12.9585085019661 -13.3280601991474 -13.9122034262435 -14.8614869977323 -15.3294624376048 -16.1774832798659 -16.6959776831018 -17.4816738511998 -17.7973348065085 -16.2254668907841 -14.6693196052519 -13.4209272753455 -12.3684458787268 -13.5251876530511 -14.0401446479896 -12.4617444388171 -11.3422408395091 -10.2502763098636 -8.56911873975915 -8.17284299799346 -7.09160688398645 -6.41708106484529 -6.10213354053458 -5.54244146936818 -5.48949683773405 -4.43651409574323 -4.16692975971483 -4.55100205096675 -4.97594789007499
-9999 -9999 -9999 -9999 -9999 -9999 -9999 -16.8822567175519 -6.92718502286874 -0.389916597808651 -0.689041495387426 -4.94920281852156 -28.5383176464987 -39.1348597279713 -23.1060467917185 -10.5748344121534 -8.39904572275914 -9.14005277170041 -10.4490281715365 -12.6794430643343 -12.6866457005381 -11.2169183560172 -9.98680341315521 -9.52112055840777 -10.1740392012835 -11.0518814092116 -11.1859642083964 -11.0660270199676 -11.1086973086142 -11.1733154690767 -11.4830638562039 -11.5723441102297 -11.8734220662309 -11.7003094862956 -11.4323324042296 -11.2220691886757 -10.5919455604809 -10.1047058377456 -9.32294970173942 -8.24269949808158 -7.73827181480812 -6.93598495436884 -6.48680593912013 -5.76042017612249 -5.01158707849565 -4.54358301263667 -4.34990912544426 -4.43945487919064 -3.64962901861221 -3.18931059175949 -2.87444690039895 -2.7010758217321 -2.69368130689592 -2.78106414417344 -3.03330040622879 -3.53530781469467
-9999 -9999 -9999 -9999 -9999 -9999 -9999 -9999 -13.4085158276232 -1.43878353145403 -1.63175793255589 -3.73243788251927 -22.4757346843027 -28.080372347444 -15.0739896747345 -7.89721650475727 -6.00248083114367 -6.88553377930414 -8.24008256957601 -10.495252222393 -11.1910524546947 -10.0455839728022 -8.59281380476713 -8.09485383699632 -8.81218388339276 -9.74579715049958 -9.49804038019619 -9.53160263381735 -9.34668996496731 -8.91727981158131 -8.94274268606543 -8.85003831317098 -9.01401860625394 -8.68664220251203 -8.09138293729784 -7.31514231281927 -7.03797491089124 -6.3924558172374 -5.76864484442332 -5.20448099852846 -4.50413820460121 -4.23196162384982 -3.85284459201624 -3.46130803526627 -3.20222937453845 -2.82657796840669 -2.85515930672106 -3.56482679160727 -3.37089787701595 -2.92138871878947 -2.82234591948126 -2.55464763869465 -2.59914533270074 -2.75339860503837 -2.82126295276639 -2.97313189933028
-9999 -9999 -9999 -9999 -9999 -9999 -13.647973957011 -18.1877788159846 -12.5587288732258 -2.0562162409223 -1.19355287889651 -4.3886310384902 -12.5499574160788 -12.7650737940465 -5.51754018957976 -2.76063166749609 -3.5936059075434 -5.25587803882372 -6.98624487758656 -8.36686489237941 -9.09715325007408 -9.17846662574069 -9.14951393601649 -8.43277205993974 -8.0438780561637 -7.62516115580165 -6.93174039356443 -6.56834440746894 -6.31417448403226 -6.17922405299854 -6.42092781254426 -6.68216501359398 -7.27584839815137 -7.03431642843028 -6.66501995220593 -6.07472617517825 -5.25707082998046 -4.4842210319263 -3.91945624616683 -3.333153323803 -2.92596396386099 -2.63382278389436 -2.47839283051775 -2.32293025790789 -2.28329067526215 -2.30268494173902 -2.65222746373543 -3.43593078312741 -3.93809431339011 -3.99183340804911 -3.68344754645414 -3.65787766420372 -3.65798916316016 -3.75277946085645 -4.19270470420586 -4.83515684032968
-9999 -9999 -9999 -9999 -9999 -5.708554341103 -13.6285426311834 -21.5288439922813 -9.43473914071676 -3.50454436048546 -2.71746949962035 -4.22786180337473 -5.60753973853864 -3.53745551456217 -2.07462903790885 -3.28174865400946 -4.07340173026651 -3.92250123574139 -5.53271541489975 -6.87717508817049 -7.23570270352675 -7.05891362474903 -7.38098887287386 -6.67123803933061 -5.59503778959843 -4.89565688036401 -4.44055610131792 -3.93493612120792 -3.58462562125053 -3.56921578046545 -3.55721484780593 -3.80572008159589 -4.09407983247471 -4.34999592107089 -5.14408949883479 -5.51327173186143 -5.04864288557387 -4.10146555986755 -3.50601419720488 -2.78923870808961 -2.52605659792921 -2.38218207575653 -2.34432981554325 -2.28460532059156 -2.31449554151138 -2.47048872153458 -2.8500921611624 -3.99881394768586 -4.52877807770717 -4.68434783873164 -4.63843839818955 -4.89815444620111 -5.40864752410572 -5.74713378253097 -6.27327024823384 -5.81806072749807
-9999 -9999 -9999 -9999 -9999 -5.92280426141953 -13.5109776229494 -21.4444348022797 -7.96368055867305 -4.38436719817971 -4.04215335836513 -4.13549424536841 -2.84204258987337 -2.45279277586964 -3.98493109679262 -1.6615438647242 -2.94231932779255 -4.47644821828772 -4.6119734544839 -4.6393282460069 -5.22564723053064 -5.36776271922542 -5.04168443064209 -4.55636931812489 -3.94121160056789 -3.51481128853224 -2.99300626886078 -2.63686088127323 -2.52236741066906 -2.423084381447 -2.45385477555046 -2.52408377083998 -2.62648797698144 -2.6197794254011 -2.80625934988524 -3.18272077714278 -3.74543529711435 -4.15069429651479 -3.69324444566695 -3.0911580865798 -2.73860219680666 -2.52385470162772 -2.49120807770732 -2.55067379551105 -2.83012492248849 -3.26248376112973 -3.90156804478049 -4.64913636299236 -5.10061816989985 -5.73383819456998 -6.20565189278793 -6.64719041066791 -7.19241102242738 -7.71097007250769 -7.22160857241862 -6.73207433168952
-9999 -9999 -9999 -9999 -9999 -9999 -12.9137811855276 -15.6773563432244 -5.69270514533822 -5.51685620676472 -5.95265883718663 -5.42201756588385 -4.23085662538389 -3.89817532828224 -4.25173823642449 -1.31244470681371 -2.74588044009487 -4.53772526972745 -4.75816541283983 -4.82731282720106 -3.334411853941 -3.73199522495467 -3.36986331299779 -3.1564776135329 -3.13538716822431 -2.52760738936162 -2.75923734848473 -2.50193738138595 -2.81918108516916 -2.39724882950965 -2.61070867432206 -2.13427259524888 -2.10139320934835 -1.80722504746436 -1.63633383703138 -1.78719251319552 -2.15906072663475 -3.03320544508339 -3.01897563540871 -3.28968847434963 -3.10768462548638 -3.04622472269472 -3.10675182389198 -3.30064571024232 -3.79489180870596 -4.36082086773788 -5.04189464964997 -5.84792821366539 -6.39405215883354 -6.72824294808068 -6.94686742891373 -6.5279913584031 -6.6006226004219 -6.58684386048844 -6.44151666893504 -6.25659703889983
-9999 -9999 -9999 -9999 -9999 -9999 -13.6114446542135 -13.4109211007566 -4.68613429951345 -3.74619751029025 -4.74684907663475 -8.01041623986042 -7.30595480223197 -5.10086008114687 -4.18400773561487 -2.44731179824054 -2.98686209401694 -3.78488830629455 -2.89267051261381 -2.87291921618567 -2.06587068855863 -1.50773553766633 -0.990207355714242 -0.666776200192065 -0.615375079510393 -0.560266075454161 -0.396530283295878 -0.152530254155831 -0.294022635001064 -0.798256877537684 -1.50414312687078 -1.79732715520363 -2.09176028396907 -1.95359100975901 -1.77548651804286 -1.6781875109345 -1.95079781978595 -2.03158048253431 -2.15100015178018 -2.50045447270879 -2.96172415751728 -3.47282787347769 -3.40405532352692 -3.48369714405775 -3.81669816962518 -4.06678086765937 -4.36666135249563 -4.46498746306093 -4.14483253693937 -4.08195057214973 -4.30121409469787 -5.14666036714722 -5.37668727988567 -5.33107093273746 -5.15333373965136 -5.08045635705225
-9999 -9999 -9999 -9999 -9999 -9999 -14.3669636786235 -17.0491386180426 -6.55990155811211 -4.76531759367001 -4.84069584116118 -8.20582708237497 -17.3682544456384 -15.6215295438703 -10.5695790900901 -7.12601059842216 -2.41596191203924 -4.65982969598003 -3.14032175937211 -2.40123709824459 -1.53982754591142 -0.761993818232834 -0.448964789068828 -0.0985598900398175 0.125245160811611 0.164665268132916 0.323227016696956 0.539242962838323 0.49276093148331 0.060294577995013 -0.348632690361472 -0.799896723766851 -0.920264912687262 -1.34995180664597 -1.58254483537261 -1.49548885597925 -1.46332678235449 -1.67382852881531 -1.82145365003492 -2.15501404900216 -2.57831415109396 -3.03768345878792 -2.9816394753834 -2.99859026554451 -3.61264796559246 -3.49696908976665 -3.6685019498345 -3.16655235628942 -2.86553849531752 -3.04639900074373 -2.84910887545089 -3.99778633816169 -4.23572320343729 -4.27034447881759 -4.04269461663588 -4.06297670830289
-9999 -9999 -9999 -9999 -9999 -9999 -9999 -9999 -27.5787950815476 -10.8103898472284 -3.6121952872888 -9.99597294678934 -24.6242296990853 -23.2335631148334 -16.3576867894383 -12.04823060856 -3.75175209234021 -4.39759884044541 -5.48963648489477 -2.07270104307377 -0.966848169930185 -0.510322339754055 -0.795273249434244 -0.393359901733781 0.16211734685304 0.326055124403854 0.469503741694928 0.57033927220457 0.608110834321385 0.504342270783436 0.288067532720113 0.157526606593843 0.0976807603111963 -0.12139999094066 -0.493535334920658 -0.961879928665736 -1.15251665288341 -1.39552568696761 -1.687836560859 -1.7893577327054 -2.06969123440535 -2.10258592284021 -2.14789643334033 -2.30096904466005 -2.56874909666216 -2.59763036261809 -2.6719126688207 -2.37974693948976 -2.08176607501584 -2.1924114612646 -2.63125117287356 -3.36421034305664 -3.6332293816071 -3.73658063742288 -3.82204891715794 -4.04937945030316
-9999 -9999 -9999 -9999 -9999 -9999 -9999 -9999 -29.8539434997346 -22.3037204383127 -3.32492739130035 -12.8298960463042 -34.915153137382 -29.8910663980802 -18.4227091928992 -12.1086613572665 -4.82037918707034 -4.12590313119977 -6.29986761522438 -2.37345788791259 -0.694757916344643 -0.440224310900199 -1.36962514438859 -1.15239268394373 -0.15450379449819 0.15644786400708 0.346113994885629 0.394166224091414 0.511737045825086 0.470667346635168 0.42029745970423 0.308899760834578 0.328970242512375 0.193196126649163 -0.115651081941922 -0.364988741249701 -0.805156280342494 -0.928538093909801 -1.23491090747766 -1.45416759818236 -1.5495112090213 -1.89416937191253 -1.55967001146294 -1.62797550005979 -2.12963422288413 -1.97256790630647 -2.0797950948813 -1.75877023499879 -1.66953915926093 -2.15019300640118 -2.48706001639527 -3.16676997830088 -3.67365996080323 -3.7621077340363 -3.92018850531123 -4.47884246678652
-9999 -9999 -9999 -9999 -9999 -9999 -9999 -9999 -9999 -34.6745459445643 -5.97740351891941 -16.3538667790737 -50.8544253138019 -37.4112248371191 -19.2772323084599 -11.0191859329486 -5.7318440437588 -3.03074733573032 -5.50273579768461 -1.52735283993202 -0.456539666586624 -0.713488164237169 -1.53913793611817 -1.31165235466391 -0.833241664290227 -0.31561701398965 -0.127579760444112 0.0412858383305017 0.220870216287873 0.35625328015554 0.339013258046697 0.322470093213363 0.24257709982382 0.196664517411455 0.0666433643544688 -0.162593770839393 -0.340164281844297 -0.653340631211362 -1.00608087321257 -0.990530305571932 -1.17715130067691 -1.18107081806652 -1.28136471312778 -1.50427965915863 -1.66264506443529 -1.77904641583033 -1.7116694387265 -1.57595310906563 -1.65723722697556 -2.07686051130823 -2.78608598357544 -3.42477489706046 -4.16980920568583 -4.62536509849694 -4.54383004017216 -4.87870164358321
-9999 -9999 -9999 -9999 -9999 -9999 -9999 -9999 -9999 -9999 -28.4911954083706 -36.0040715972599 -57.6832746681517 -40.9534653551271 -20.9692001387855 -9.62047397679484 -6.51766813404296 -2.63306479561143 -2.99370160062946 -0.911455735703752 -0.343868810621567 -0.37160129952333 -1.31969235301406 -1.41626203823669 -0.88384094084875 -0.606348379870096 -0.456308739935068 -0.368056142770322 -0.126966465793835 0.0879420557970177 0.146827473072308 0.181066668206147 0.104724655659508 0.01959757764611 -0.104005751270086 -0.314681253518132 -0.474055074457838 -0.580043824990135 -0.867905245492397 -1.16038614127362 -1.31798865633373 -1.44837103839785 -1.36428289220618 -1.54100094021694 -1.45711567482842 -1.4715418104977 -1.6860667497568 -1.72492205986059 -1.84715806615735 -2.55027625938675 -3.35333487473513 -4.02361075694651 -4.77120248016383 -5.28419251167779 -4.60280660039035 -4.84055905475374
-9999 -9999 -9999 -9999 -9999 -9999 -9999 -9999 -9999 -9999 -9999 -71.4116354553266 -57.0201454747353 -40.3574179836245 -21.2947508980831 -8.86655746364113 -3.35617863580332 -3.41673147061513 -0.64646183651984 -1.21361973374371 -0.273336578110564 -0.26029630438157 -0.782796808197703 -0.954101476474622 -0.833853552107108 -0.828336245577292 -0.650788877087175 -0.553758503587542 -0.346260421743667 -0.166267896697376 -0.124916398474598 -0.0688874645203508 -0.14726770748651 -0.264476280709155 -0.402362313354135 -0.541582979831833 -0.63241840118108 -0.785754759927781 -0.96164141272527 -1.18728383556017 -1.49555110891441 -1.59530033140251 -1.65627147226982 -1.46335777132987 -1.24625036530507 -1.24322642959403 -1.52191117446485 -2.16386461783275 -2.3163047157113 -2.93700300985152 -3.77477543064388 -4.46621356220794 -5.21405928261398 -5.05899688791094 -4.70027053689973 -4.90310076572132
