meets/meet004/_saidas_enm/CCSM_SVM_6k_Cavanillesia_umbellata2.asc
NCOLS 154 
NROWS 168 
XLLCORNER -112 
YLLCORNER -55.5 
CELLSIZE 0.5 
NODATA_value -9999 
[rows 96 to 119 of 168, columns 56 to 111 of 154]
-9999 -9999 -9999 -9999 -9999 -9999 -9999 -9999 -9999 -9999 -9999 -9999 -9999 -9999 -9999 -9999 -9999 -9999 -9999 -9999 -9999 -9999 -9999 -9999 -9999 -9999 -9999 -9999 0.0805260677668559 0.0917884964684221 0.108912291767734 0.104613053664662 0.106153638764361 0.110345841089458 0.110610386389422 0.114568038944194 0.125572610992221 0.150239751346637 0.177210133305735 0.130652491143202 -0.00591739278122194 -0.123976660548185 -0.105235857918666 -0.0659767733031583 -0.0449426115504163 -0.0036113280148698 0.0514280136761949 0.0731353295461762 0.0640280698806275 -0.0074826558238798 -0.0309815358793583 -0.00436538044529772 0.0781940022625994 0.106225516781102 0.101762126299498 0.0573080013917934
-9999 -9999 -9999 -9999 -9999 -9999 -9999 -9999 -9999 -9999 -9999 -9999 -9999 -9999 -9999 -9999 -9999 -9999 -9999 -9999 -9999 -9999 -9999 -9999 -9999 -9999 -9999 -9999 0.0752940422371149 0.0893229754361051 0.1063781300527 0.102813740548473 0.107504140652479 0.112779330273256 0.111657770837548 0.113914997791362 0.120895930092195 0.128308952131582 0.143754750055678 0.116882553956274 0.000836647736824181 -0.127132817316767 -0.109088397254728 -0.0663096418484755 -0.053343702566964 -0.0487926873871855 -0.024951470102317 0.05745529938195 0.0878654168033216 0.0132085995143038 -0.0535839812787502 0.00624397174922986 0.0927462483125283 0.122920162854754 0.111291936418549 0.070000161020242
-9999 -9999 -9999 -9999 -9999 -9999 -9999 -9999 -9999 -9999 -9999 -9999 -9999 -9999 -9999 -9999 -9999 -9999 -9999 -9999 -9999 -9999 -9999 -9999 -9999 -9999 -9999 -9999 0.0772451696206345 0.0935540677184003 0.10769696492473 0.103018794532389 0.108754114763934 0.113646213997246 0.11387317376388 0.11561384580012 0.116394146454156 0.11093893575984 0.120288526693836 0.101041420101033 -0.0131073169837452 -0.128520401086498 -0.102115300537003 -0.0552412112285837 -0.0343175572751204 -0.034318447987136 -0.0478405411902604 -0.0353371414620487 -0.00262200958356507 0.0181797512524918 0.0226419468123424 0.0555311866696692 0.0977724618216624 0.106091049580059 0.09449186389034 0.0690772163425971
-9999 -9999 -9999 -9999 -9999 -9999 -9999 -9999 -9999 -9999 -9999 -9999 -9999 -9999 -9999 -9999 -9999 -9999 -9999 -9999 -9999 -9999 -9999 -9999 -9999 -9999 -9999 -9999 0.0814717791152289 0.104963951289326 0.10878491243719 0.105141054116875 0.110128839221438 0.114338337139638 0.115065439919086 0.116394800892576 0.110852920757434 0.0989937237781112 0.107368308514444 0.0864101418214085 -0.0252363590320632 -0.125380481013215 -0.0885502214648708 -0.0416174936073597 -0.0198493744038491 -0.0100681706594178 -0.0325941943015371 -0.048663436555168 -0.0427450762387429 0.0210759733006763 0.123384644242003 0.0923675952307997 0.0787169974282627 0.0778155840701693 0.0739905325093287 0.0777000081486597
-9999 -9999 -9999 -9999 -9999 -9999 -9999 -9999 -9999 -9999 -9999 -9999 -9999 -9999 -9999 -9999 -9999 -9999 -9999 -9999 -9999 -9999 -9999 -9999 -9999 -9999 -9999 -9999 0.0796969132454025 0.106912702273142 0.110624410545762 0.105977740305293 0.109493041888292 0.113090535459974 0.114954138464206 0.115547114393544 0.107165234919257 0.0916342367727915 0.0981264830838507 0.066674597644565 -0.0513484378231787 -0.128328201797259 -0.0835837761672968 -0.0353136583777584 -0.0164154139037907 -0.0182340654824752 -0.0404103195550409 -0.0331554113959161 -0.00130167199908326 0.00714806025551845 -0.00417044227509611 0.0301625890706864 0.0548536044789997 0.0624834664103394 0.0615677384102594 0.0583933570207722
-9999 -9999 -9999 -9999 -9999 -9999 -9999 -9999 -9999 -9999 -9999 -9999 -9999 -9999 -9999 -9999 -9999 -9999 -9999 -9999 -9999 -9999 -9999 -9999 -9999 -9999 -9999 -9999 0.0747542226752171 0.105791875990344 0.108696676078632 0.10513047125632 0.107681132350546 0.111471594889462 0.114194121281052 0.114422792107886 0.10390450176196 0.0873727938752475 0.0910550632275408 0.0469543176100579 -0.0734688752523227 -0.129951645870309 -0.0852295230378899 -0.0388209274343446 -0.0201706624925221 -0.0221468622586486 -0.0407642644647646 0.0100357247195729 0.0538342574139907 0.00185169469794055 -0.0497979903984758 -0.0142865872265087 0.0225503007850218 0.0370042261592957 0.0603807711815891 0.0409411854649325
-9999 -9999 -9999 -9999 -9999 -9999 -9999 -9999 -9999 -9999 -9999 -9999 -9999 -9999 -9999 -9999 -9999 -9999 -9999 -9999 -9999 -9999 -9999 -9999 -9999 -9999 -9999 0.0895787514727611 0.0620448633122948 0.1014636671811 0.106065575097653 0.101813796858963 0.105029831835035 0.109896964959315 0.113436864596067 0.112770467213916 0.10180255669671 0.0896843024544374 0.0823992129804356 0.0199320709135143 -0.0906925420726983 -0.12088923592293 -0.0828443116086576 -0.0480602517503327 -0.0297661121706568 -0.0342269866696661 -0.0432067608920642 -0.00374348579564637 0.0312193438349459 0.00125115673545506 -0.0280805020419767 -0.0207777589424964 0.0147721203356502 0.0245913445750793 0.0208869589953163 0.000659808486996649
-9999 -9999 -9999 -9999 -9999 -9999 -9999 -9999 -9999 -9999 -9999 -9999 -9999 -9999 -9999 -9999 -9999 -9999 -9999 -9999 -9999 -9999 -9999 -9999 -9999 -9999 -9999 0.088425394104846 0.055192542897474 0.101801828370076 0.101771693087257 0.0973252944240822 0.101035468113868 0.108494917845958 0.113137527730105 0.109788384398448 0.09542787376927 0.0829804859981231 0.0685232240762984 -0.00207533326136661 -0.0906947267392272 -0.103819959414919 -0.0685167323825024 -0.0483960771173466 -0.0327460777543612 -0.0351784448431411 -0.0491411863222224 -0.0397393179250184 -0.0169032593189172 -0.0277822004808341 -0.04255390461588 -0.0288977747318231 -0.00841555482409484 -0.00377724551246877 -0.0256585923582692 -0.0369551580719802
-9999 -9999 -9999 -9999 -9999 -9999 -9999 -9999 -9999 -9999 -9999 -9999 -9999 -9999 -9999 -9999 -9999 -9999 -9999 -9999 -9999 -9999 -9999 -9999 -9999 -9999 -9999 0.0850052821885867 0.0522103141044247 0.100564458408165 0.0992601084738222 0.093292029507134 0.0978448442620864 0.107216205498455 0.113058063022421 0.104588199185118 0.0838637925855126 0.0702871644547018 0.0594622687821892 -0.0183727661272196 -0.0903075417812191 -0.0878974387167635 -0.0655426188848393 -0.0437684932084844 -0.0349548630690104 -0.0309098396872612 -0.0531497939741711 -0.0607053189805349 -0.0534430982222653 -0.0475300787322913 -0.0604457684555071 -0.0451146105814296 -0.0501729086873293 -0.0550622660734305 -0.0584543439026214 -0.0694879464068043
-9999 -9999 -9999 -9999 -9999 -9999 -9999 -9999 -9999 -9999 -9999 -9999 -9999 -9999 -9999 -9999 -9999 -9999 -9999 -9999 -9999 -9999 -9999 -9999 -9999 -9999 -9999 0.0805403921879254 0.0529401698420722 0.105031753402242 0.0928649639351259 0.0909191777538522 0.0957632893195679 0.107052575388725 0.112850254973563 0.0942939524017651 0.0640942133854799 0.0644022154229554 0.0571450466373477 -0.0199575887242884 -0.0799894470985722 -0.0697296958128934 -0.0480995874179579 -0.0387378473146684 -0.0378745997020295 -0.0449915201969638 -0.0625464669351795 -0.065233891222827 -0.0622869706734603 -0.0448276831713284 -0.0566779409405773 -0.0550399974961525 -0.0622314360406421 -0.0682930950405182 -0.0676059840795054 -0.0737522982594066
-9999 -9999 -9999 -9999 -9999 -9999 -9999 -9999 -9999 -9999 -9999 -9999 -9999 -9999 -9999 -9999 -9999 -9999 -9999 -9999 -9999 -9999 -9999 -9999 -9999 -9999 -9999 0.0826270169908236 0.0600737498237289 0.108083951157071 0.0885109057253736 0.0898631436483519 0.0966286134926926 0.108052260635932 0.111682736594593 0.0784425822151397 0.0463542935975893 0.0597462547379696 0.0558855588402078 -0.0223888166019801 -0.0714780684688305 -0.0488645706588707 -0.0375918508648961 -0.0355690436276534 -0.0456354125578124 -0.0583403302514556 -0.0658158286116421 -0.0614332399137786 -0.0440556429189085 -0.0330541155954978 -0.00340477723451449 -0.0355401952569812 -0.0555496962076517 -0.0615793252647841 -0.0646255118313236 -0.0577598974417821
-9999 -9999 -9999 -9999 -9999 -9999 -9999 -9999 -9999 -9999 -9999 -9999 -9999 -9999 -9999 -9999 -9999 -9999 -9999 -9999 -9999 -9999 -9999 -9999 -9999 -9999 -9999 0.102526152359471 0.0778073443517588 0.107764648280769 0.0901149253867972 0.0917210240626468 0.097975744382186 0.109410470697942 0.109408066203286 0.0686376452484169 0.0396298474001885 0.0578622057735333 0.0560266425998758 -0.0201174238569052 -0.0588500557609959 -0.0293938364683954 -0.0217456781894108 -0.0273283486047505 -0.0408176000147227 -0.0583008509653115 -0.0689602022372257 -0.0685539433935266 -0.0521260790846879 -0.0229217706078055 0.0148076302134036 -0.0272306005602133 -0.0553056933300682 -0.06034585906552 -0.0472807319305668 -0.0351546564029715
-9999 -9999 -9999 -9999 -9999 -9999 -9999 -9999 -9999 -9999 -9999 -9999 -9999 -9999 -9999 -9999 -9999 -9999 -9999 -9999 -9999 -9999 -9999 -9999 -9999 -9999 -9999 0.136610895451662 0.109732306031697 0.105891209533621 0.0950322646578037 0.0944014399313616 0.098936690994174 0.109925352386467 0.105545174962352 0.0649538051783032 0.0355947591719453 0.0535136014047094 0.0622101992573398 -0.0204233050322133 -0.0425845158010753 -0.00952639265017657 -0.0040712346862577 -0.0100225588853901 -0.0240699226825576 -0.0384460745747728 -0.0613249314595699 -0.0735126162458077 -0.0715809727534999 -0.0343721097236867 -0.0117923880037799 -0.0302865183481535 -0.0576645832194519 -0.0629407514747272 -0.0475463843807971 -0.0248569513267413
-9999 -9999 -9999 -9999 -9999 -9999 -9999 -9999 -9999 -9999 -9999 -9999 -9999 -9999 -9999 -9999 -9999 -9999 -9999 -9999 -9999 -9999 -9999 -9999 -9999 -9999 -9999 0.166392970015665 0.120370747181929 0.105398561159597 0.0968423733458202 0.095292676430334 0.0973151498651181 0.109426875071852 0.0989484712850618 0.0540236293899007 0.0326537158386561 0.0491357113057976 0.0492307208949064 -0.0332506889152172 -0.0318749695515768 0.00453784683000796 0.0109686199642572 0.00486139257146567 -0.00841556073000044 -0.0235574103328689 -0.0458742058871313 -0.0606371552027136 -0.0649917023184566 -0.0491254466357962 -0.0364998842030083 -0.0404107679679793 -0.0548888936245746 -0.0552874068494528 -0.0411245097622643 -0.0233405768365957
-9999 -9999 -9999 -9999 -9999 -9999 -9999 -9999 -9999 -9999 -9999 -9999 -9999 -9999 -9999 -9999 -9999 -9999 -9999 -9999 -9999 -9999 -9999 -9999 -9999 -9999 0.174697027363597 0.175810090668175 0.121710065034394 0.104647731664302 0.100269453133448 0.0966037093465899 0.098164093360311 0.109368201862354 0.0903129356407841 0.0430504940459295 0.0365177664572018 0.0503707792186956 0.0211355840894071 -0.0357878795845858 -0.0107005980075909 0.0157695227612202 0.0204680016914272 0.0142927516365391 -0.00190058835754781 -0.0151484210916543 -0.0313576577291244 -0.0402819883645908 -0.0388488036284069 -0.0397476866726812 -0.040974734874411 -0.0373357957110839 -0.0433867610623329 -0.0394192649539712 -0.0292556099502266 -0.0164433887790008
-9999 -9999 -9999 -9999 -9999 -9999 -9999 -9999 -9999 -9999 -9999 -9999 -9999 -9999 -9999 -9999 -9999 -9999 -9999 -9999 -9999 -9999 -9999 -9999 -9999 -9999 0.184015284192345 0.156130198878105 0.11366995058149 0.104431445726434 0.10249399745534 0.101461472627603 0.102143849260772 0.111131097193561 0.0907519721937402 0.0445029047684381 0.0515905764510893 0.0401865753692892 0.00522458990242941 -0.010254533482507 0.00971336217912488 0.0277939810258255 0.0299389171069793 0.0261732336273582 0.0174617476012296 0.00512884883110365 -0.00700861012749576 -0.0165974847364247 -0.0200926358404356 -0.0205926348576148 -0.0234467180431571 -0.0271732192476313 -0.0302409621111325 -0.0283072171136117 -0.0185721741020051 -0.0080049617628819
-9999 -9999 -9999 -9999 -9999 -9999 -9999 -9999 -9999 -9999 -9999 -9999 -9999 -9999 -9999 -9999 -9999 -9999 -9999 -9999 -9999 -9999 -9999 -9999 -9999 -9999 0.179485120899827 0.12759827653423 0.105679294453711 0.103150546556666 0.107522190866014 0.104446353813249 0.10539405848593 0.111625285691915 0.0941357304195758 0.0603536619933583 0.0531280430991948 0.021844641621225 0.00736615642672833 0.0214470126134096 0.036461739209467 0.0394172034089098 0.0394102979164958 0.0357296709900817 0.0299319770628796 0.0246070336537031 0.0139637893736888 0.00247213675485158 -0.00620156612247763 -0.00706559136915658 -0.00734987393877218 -0.0130489533717099 -0.0178199124234598 -0.0153802427905109 -0.00741564779206644 0.00124291268512655
-9999 -9999 -9999 -9999 -9999 -9999 -9999 -9999 -9999 -9999 -9999 -9999 -9999 -9999 -9999 -9999 -9999 -9999 -9999 -9999 -9999 -9999 -9999 -9999 -9999 -9999 0.159843423586401 0.108647395209685 0.0958468080835722 0.0973010272942189 0.101474372797935 0.101878300825268 0.102508806457506 0.102922532228485 0.0849873837728464 0.0613749535126295 0.0373943963600141 0.0178915522240838 0.022317701967083 0.0387251218660772 0.05341211915461 0.0532238826155855 0.0480267756740088 0.0439069974332182 0.0429224013351044 0.0417969452219791 0.0280413080679174 0.0108912530232938 0.00111659641291939 -0.000716903290316873 0.00102796875108102 -0.00193022539825483 -0.00252949624667437 -0.000836781267978759 0.00409063504382262 0.0100236701377228
-9999 -9999 -9999 -9999 -9999 -9999 -9999 -9999 -9999 -9999 -9999 -9999 -9999 -9999 -9999 -9999 -9999 -9999 -9999 -9999 -9999 -9999 -9999 -9999 -9999 0.278726208836621 0.133632429323162 0.0955853018906447 0.0888603802585018 0.0896230951773231 0.0949237053215243 0.0936617483092598 0.0927921094475922 0.0784437958047572 0.0680010371749463 0.088923918840381 0.065146594240529 0.0336488603393262 0.0372832002168262 0.0537404891066171 0.0735835505436448 0.0590876309876328 0.055566421244477 0.0561677944555241 0.0603375450757712 0.0788633807944427 0.0471365738681 0.0193786610920648 0.00873045399489453 0.00703229049288118 0.00951890746001222 0.00957533604559069 0.0104443544444019 0.0119656453391894 0.0146059759309859 0.0175189476431702
-9999 -9999 -9999 -9999 -9999 -9999 -9999 -9999 -9999 -9999 -9999 -9999 -9999 -9999 -9999 -9999 -9999 -9999 -9999 -9999 -9999 -9999 -9999 -9999 -9999 0.207903954247566 0.118217426637064 0.0937830258673148 0.088478304369225 0.0844576090197014 0.0868088289073697 0.0861274623766578 0.0757645231215132 0.0623438828325732 0.0730082571937411 0.081721261794011 0.0690928310514838 0.0527923133087997 0.0516406506864402 0.0565355406714003 0.0668357010633691 0.0593777419544552 0.05613120384583 0.0563654848613196 0.0667599759020471 0.0760147813865565 0.050306879236117 0.0275483327760795 0.0189169088615636 0.0162317469565403 0.0195599694890027 0.0193745591842459 0.019828135951792 0.0202219305852871 0.0215044497063576 0.0228471959762265
-9999 -9999 -9999 -9999 -9999 -9999 -9999 -9999 -9999 -9999 -9999 -9999 -9999 -9999 -9999 -9999 -9999 -9999 -9999 -9999 -9999 -9999 -9999 -9999 -9999 0.178229161525096 0.110572212839689 0.0939902445993925 0.0889492740133737 0.078286117845065 0.0807359720669523 0.0769233788091154 0.0640983307253413 0.0569369914084925 0.0634672843714574 0.0671666740837895 0.0627545021717296 0.0546790635140458 0.0540221446333682 0.0602251524610596 0.0617199533228508 0.0563052337152514 0.0512108892325668 0.0511146030795185 0.0590693399330926 0.071621323596048 0.0482223862866223 0.0309905023616917 0.0258683386916033 0.0248685114868002 0.027702563549237 0.0270123024729562 0.0274528703125178 0.0276283745605329 0.0279174879451373 0.0274010681195426
-9999 -9999 -9999 -9999 -9999 -9999 -9999 -9999 -9999 -9999 -9999 -9999 -9999 -9999 -9999 -9999 -9999 -9999 -9999 -9999 -9999 -9999 -9999 -9999 -9999 0.154035629688443 0.106285144108184 0.087373289811434 0.0784370411604705 0.0670261377020941 0.0678934765039409 0.0685625346328789 0.0586753888273642 0.0524784698072208 0.0572709412223444 0.0601140386287944 0.0576027110925891 0.0530602435988156 0.0525365814183903 0.0552913429392228 0.0587377455059079 0.0524609573967629 0.047745473716387 0.0455630763476541 0.0438964493462413 0.0430585942142842 0.0380487452724844 0.0331907372743688 0.0305535312752765 0.0303358062669205 0.0317856950073507 0.0322919156659905 0.0331388328663395 0.0329688043019905 0.0326309992968878 0.0315754413357957
-9999 -9999 -9999 -9999 -9999 -9999 -9999 -9999 -9999 -9999 -9999 -9999 -9999 -9999 -9999 -9999 -9999 -9999 -9999 -9999 -9999 -9999 -9999 -9999 -9999 0.140263341322554 0.101470876040071 0.0801958546292603 0.0679399257896024 0.055310278814412 0.0580883038337247 0.059832964495322 0.0543909537433871 0.0516403334731546 0.0571458849224664 0.0606032898950873 0.0595616471232692 0.0564897796698918 0.0547912210269829 0.0559964300864795 0.0568866692017319 0.0508140916013433 0.0463985390612907 0.0451559499621625 0.0420657921486264 0.0403135341888902 0.0377393875263147 0.0356191767751084 0.0342919006115829 0.0350935772266815 0.0357429222430117 0.0367353861725097 0.0376292138825773 0.0373532120075428 0.0369321974308603 0.0354326021088782
-9999 -9999 -9999 -9999 -9999 -9999 -9999 -9999 -9999 -9999 -9999 -9999 -9999 -9999 -9999 -9999 -9999 -9999 -9999 -9999 -9999 -9999 -9999 -9999 -9999 0.131609344834335 0.0975005382722478 0.0740291719016182 0.0591117760388172 0.0481149536433134 0.0556528687731944 0.0568389175077638 0.0518680199642421 0.0510589246593337 0.0571941672627393 0.063727004251058 0.0605610489247362 0.0578381008933209 0.0562413903087098 0.0552504099163716 0.0540845671462939 0.048339039255674 0.047819345954381 0.0486843664878305 0.045079733369356 0.0414052700483029 0.0396623875303412 0.0386737893161206 0.0376987676357401 0.0381920548885887 0.0392388766803408 0.0403667744424172 0.0413842063948366 0.0408351452877968 0.0398793674171337 0.0383715809295807
