meets/meet004/_saidas_enm/CCSM_Maxent_21k_Cavanillesia_umbellata1.asc
NCOLS 154 
NROWS 168 
XLLCORNER -112 
YLLCORNER -55.5 
CELLSIZE 0.5 
NODATA_value -9999 
[rows 50 to 74 of 168, columns 56 to 111 of 154]
-9999 -9999 -9999 -9999 -9999 -9999 -9999 -9999 -9999 -9999 -9999 -9999 -9999 0.00276111834682524 0.0142635405063629 0.067949466407299 0.0856987163424492 0.113987155258656 0.21952585875988 0.237006947398186 0.255577951669693 0.298721969127655 0.319400787353516 0.341079235076904 0.324342966079712 0.310904443264008 0.306344628334045 0.294557511806488 0.295063257217407 0.274790197610855 0.166417509317398 0.194381460547447 0.313596963882446 0.315460711717606 0.31904661655426 0.18376313149929 0.210743501782417 0.245042055845261 0.273525387048721 0.342043668031693 0.382608473300934 0.390510052442551 0.396539360284805 0.411402195692062 0.438642710447311 0.298699051141739 0.277813076972961 0.281456351280212 0.289691984653473 0.414410680532455 0.427525699138641 0.411428064107895 0.405637711286545 0.408063739538193 0.417077332735062 0.422097235918045
-9999 -9999 -9999 -9999 -9999 -9999 -9999 -9999 -9999 -9999 -9999 -9999 -9999 0.00273622060194612 0.0192828141152859 0.0574585013091564 0.0921612977981567 0.202362239360809 0.239463046193123 0.265749722719193 0.295647948980331 0.334315687417984 0.372030377388 0.391865462064743 0.358692109584808 0.346259146928787 0.334700018167496 0.203333258628845 0.155390247702599 0.135485991835594 0.13019061088562 0.166972383856773 0.21816298365593 0.352435797452927 0.354755818843842 0.280364453792572 0.276267915964127 0.289080291986465 0.308574110269547 0.356796205043793 0.401057600975037 0.402187258005142 0.407108068466187 0.416170686483383 0.428401261568069 0.442012578248978 0.440489381551743 0.43774476647377 0.431959867477417 0.419322192668915 0.414570599794388 0.408431649208069 0.407183974981308 0.409544855356216 0.418703556060791 0.427978307008743
-9999 -9999 -9999 -9999 -9999 -9999 -9999 -9999 -9999 -9999 -9999 0.00403830129653215 0.00289920018985868 0.00353439967148006 0.0131128299981356 0.0445354320108891 0.0896348208189011 0.216126650571823 0.266594171524048 0.194514408707619 0.198239460587502 0.337582349777222 0.387233972549438 0.399111539125443 0.372466742992401 0.22123695909977 0.16594098508358 0.110532112419605 0.0801634788513184 0.0720203369855881 0.0734177157282829 0.11630354821682 0.177521735429764 0.342448383569717 0.376401752233505 0.392607033252716 0.364758551120758 0.379837185144424 0.384757667779922 0.38486447930336 0.390154212713242 0.39201945066452 0.39937087893486 0.40345686674118 0.398391395807266 0.402548372745514 0.403908967971802 0.401992797851562 0.40293562412262 0.40341928601265 0.401045501232147 0.406070172786713 0.410350680351257 0.415817320346832 0.428488552570343 0.437459826469421
-9999 -9999 -9999 -9999 -9999 -9999 -9999 -9999 -9999 -9999 0.0134185301139951 0.00536288507282734 0.00653254799544811 0.00442734407261014 0.00652363197878003 0.0208232589066029 0.0596177540719509 0.115732781589031 0.154318228363991 0.16842944920063 0.172590807080269 0.179814696311951 0.179526716470718 0.167525172233582 0.14727084338665 0.114525340497494 0.0856991708278656 0.0548639893531799 0.0470268577337265 0.0422671213746071 0.0423917584121227 0.0749489292502403 0.139786705374718 0.230483293533325 0.406214714050293 0.407723039388657 0.402251064777374 0.394586354494095 0.387964725494385 0.384501904249191 0.386351674795151 0.389518290758133 0.394535660743713 0.396580576896667 0.392967879772186 0.392078459262848 0.393316745758057 0.394501090049744 0.396975964307785 0.401112079620361 0.405455440282822 0.409498512744904 0.417126029729843 0.424064815044403 0.434718281030655 0.444843769073486
-9999 -9999 -9999 -9999 -9999 -9999 -9999 -9999 -9999 -9999 0.0157925076782703 0.0169931054115295 0.0130063919350505 0.00781537499278784 0.00441169878467917 0.00811115838587284 0.0274863839149475 0.0690380707383156 0.102621018886566 0.118398740887642 0.127316445112228 0.111354924738407 0.0911709517240524 0.0761184245347977 0.0653156042098999 0.0532248727977276 0.0438839457929134 0.0300971250981092 0.0243866443634033 0.0216425210237503 0.0233044866472483 0.039995227009058 0.0992415547370911 0.192512437701225 0.401314526796341 0.415502935647964 0.414096087217331 0.407685726881027 0.39883628487587 0.393690466880798 0.392630338668823 0.397484600543976 0.402542382478714 0.405678868293762 0.402937889099121 0.398372888565063 0.401619404554367 0.402895420789719 0.404760718345642 0.37556779384613 0.369156062602997 0.272585988044739 0.288048893213272 0.388794392347336 0.304379403591156 0.412023037672043
-9999 -9999 -9999 -9999 -9999 -9999 -9999 -9999 0.0136090302839875 0.0355020612478256 0.0623999312520027 0.0386274121701717 0.0195697601884604 0.0134452357888222 0.00931273121386766 0.00604872452095151 0.0111198723316193 0.0314966849982738 0.0518029369413853 0.0618032738566399 0.0642296746373177 0.0583014786243439 0.0473885238170624 0.0376943983137608 0.0331482030451298 0.028294188901782 0.022235119715333 0.0141177736222744 0.0111622232943773 0.0116382418200374 0.0136498864740133 0.024668388068676 0.0632459595799446 0.155334949493408 0.353748053312302 0.413412749767303 0.422282725572586 0.423351585865021 0.419472098350525 0.414318978786469 0.412571132183075 0.418035566806793 0.424542814493179 0.426322638988495 0.424855202436447 0.422219157218933 0.382189869880676 0.248266965150833 0.212112247943878 0.188141733407974 0.184371992945671 0.185728162527084 0.201442927122116 0.211408153176308 0.219636678695679 0.231010884046555
-9999 -9999 -9999 -9999 -9999 -9999 -9999 -9999 0.0300657991319895 0.0876508951187134 0.123616628348827 0.0792716294527054 0.0304172579199076 0.0184738077223301 0.0162142608314753 0.0138277187943459 0.0102018620818853 0.0133333001285791 0.0212819240987301 0.025772862136364 0.0253720935434103 0.0231737866997719 0.0211881753057241 0.0187463741749525 0.0149512272328138 0.0114357657730579 0.00897151883691549 0.00599796324968338 0.00586899369955063 0.00631101708859205 0.00716362474486232 0.0133968619629741 0.0429927408695221 0.103080794215202 0.200154677033424 0.392862498760223 0.425716757774353 0.436030000448227 0.438675969839096 0.445530891418457 0.445194482803345 0.449631959199905 0.452039331197739 0.424659788608551 0.282320469617844 0.232177555561066 0.179437145590782 0.137541234493256 0.109227761626244 0.0945068448781967 0.089155301451683 0.0931538417935371 0.10405021160841 0.112993687391281 0.121123991906643 0.129997551441193
-9999 -9999 -9999 -9999 -9999 -9999 -9999 0.0513954497873783 0.0726834014058113 0.216135904192924 0.22414219379425 0.123249053955078 0.0364078469574451 0.0178117975592613 0.0195153634995222 0.0223094783723354 0.0185253154486418 0.0143785495311022 0.017809871584177 0.0138993933796883 0.0112742288038135 0.0104840137064457 0.00998528022319078 0.00834682211279869 0.00642932625487447 0.00597095023840666 0.00614280253648758 0.00644755689427257 0.0063160234130919 0.00609645573422313 0.00568301416933537 0.0098841767758131 0.0244730934500694 0.0605442114174366 0.131251066923141 0.211299404501915 0.272065699100494 0.410220742225647 0.41624191403389 0.295377105474472 0.267510086297989 0.225989758968353 0.195444002747536 0.167815655469894 0.134400263428688 0.101334609091282 0.0893459469079971 0.0880389884114265 0.0877776965498924 0.0828937366604805 0.0796281695365906 0.0779511705040932 0.0755049362778664 0.072375476360321 0.0712537243962288 0.0726943388581276
-9999 -9999 -9999 -9999 -9999 -9999 -9999 0.1016456335783 0.213899731636047 0.24873885512352 0.242370173335075 0.21626004576683 0.0413852259516716 0.0189311392605305 0.023827413097024 0.0351598337292671 0.031217984855175 0.026230501011014 0.0245287753641605 0.0197145380079746 0.0157788917422295 0.013168633915484 0.0109605463221669 0.0111016090959311 0.0111110731959343 0.0104815680533648 0.0107062738388777 0.00976701732724905 0.00970647670328617 0.0106176342815161 0.0101948566734791 0.00976456329226494 0.0146859269589186 0.0334313698112965 0.0694166049361229 0.116490826010704 0.161766111850739 0.200205087661743 0.205753356218338 0.182277694344521 0.153616577386856 0.119792811572552 0.0884145125746727 0.0633814930915833 0.0610659718513489 0.0664130225777626 0.0617864653468132 0.0693811550736427 0.0679090172052383 0.0652611702680588 0.0690032839775085 0.0788742080330849 0.0896675735712051 0.0932148024439812 0.0898434370756149 0.0862942114472389
-9999 -9999 -9999 -9999 -9999 -9999 0.222244426608086 0.240024775266647 0.269208699464798 0.271682351827621 0.261592894792557 0.238131314516068 0.0429905690252781 0.0160111468285322 0.0258633941411972 0.0419469550251961 0.0474573783576488 0.045293290168047 0.0431884899735451 0.0301299821585417 0.0231276284903288 0.0221054013818502 0.0202437583357096 0.0207187458872795 0.0200237110257149 0.0193728636950254 0.0192894507199526 0.0198671314865351 0.0186886042356491 0.0157544761896133 0.0150288790464401 0.0138709004968405 0.0131753850728273 0.018591957166791 0.0341243781149387 0.0513452440500259 0.072104386985302 0.0841317102313042 0.0849284827709198 0.0756180956959724 0.0575934238731861 0.0469484142959118 0.0425217561423779 0.0447947084903717 0.0470375642180443 0.0447116009891033 0.0417593121528625 0.0427352264523506 0.0507264509797096 0.0551892518997192 0.0740720629692078 0.0856156945228577 0.11081874370575 0.113865375518799 0.0968840271234512 0.0929329618811607
-9999 -9999 -9999 -9999 -9999 -9999 0.269083231687546 0.287510186433792 0.297668129205704 0.295013904571533 0.28581839799881 0.241223156452179 0.0436765663325787 0.0194546245038509 0.0308635774999857 0.0547125227749348 0.0628025233745575 0.0626698806881905 0.060279618948698 0.0461506098508835 0.0381480976939201 0.0364159196615219 0.0350200906395912 0.036606702953577 0.035870973020792 0.0336630120873451 0.0342913791537285 0.0337659232318401 0.0325036235153675 0.0299131218343973 0.0262913275510073 0.0241973362863064 0.0215697307139635 0.0197049640119076 0.0216440688818693 0.0275360438972712 0.0341646298766136 0.0373255982995033 0.0376939363777637 0.0412662625312805 0.0464856810867786 0.0440926365554333 0.0456647239625454 0.0464919023215771 0.0444103628396988 0.0490866303443909 0.051539596170187 0.0615297332406044 0.0739839673042297 0.100347466766834 0.123992584645748 0.14265950024128 0.162385538220406 0.160784810781479 0.143026471138 0.12578646838665
-9999 -9999 -9999 -9999 -9999 -9999 0.29725569486618 0.307015508413315 0.309082120656967 0.311246275901794 0.310476154088974 0.17087011039257 0.0483558587729931 0.0241670720279217 0.0383009389042854 0.061623327434063 0.0769663080573082 0.0787821784615517 0.0769810676574707 0.0607176348567009 0.0508059523999691 0.0537028722465038 0.0541365407407284 0.0560668632388115 0.0527569986879826 0.049199141561985 0.0493927262723446 0.0491666905581951 0.0476645901799202 0.0451548844575882 0.042232871055603 0.0400583408772945 0.0378465093672276 0.0357274375855923 0.032477255910635 0.0310990996658802 0.0349137932062149 0.0395675152540207 0.0450504161417484 0.0514473058283329 0.0557805299758911 0.0559952706098557 0.06686881929636 0.0763370469212532 0.0861932411789894 0.0947751775383949 0.0936423167586327 0.10221965610981 0.119626216590405 0.143546894192696 0.163068830966949 0.169799566268921 0.173633188009262 0.172313094139099 0.164521396160126 0.146982952952385
-9999 -9999 -9999 -9999 -9999 -9999 -9999 0.313833802938461 0.311343640089035 0.320201605558395 0.328632771968842 0.186017438769341 0.0654721856117249 0.035925880074501 0.047663789242506 0.0751877352595329 0.0903797373175621 0.0948005095124245 0.093348816037178 0.0783516615629196 0.0717898681759834 0.0741388946771622 0.0767531841993332 0.0800192281603813 0.0770362764596939 0.071920707821846 0.0724299103021622 0.072591058909893 0.0726536139845848 0.073004812002182 0.0701139345765114 0.0692918077111244 0.0659220889210701 0.0648090913891792 0.0635992884635925 0.0624343119561672 0.0640987828373909 0.0671200528740883 0.0749889835715294 0.0861543715000153 0.100571632385254 0.107372991740704 0.122065708041191 0.135742053389549 0.148160070180893 0.154750674962997 0.149669110774994 0.142016619443893 0.173224747180939 0.190338358283043 0.205368846654892 0.21404629945755 0.218391165137291 0.21804603934288 0.215362533926964 0.204349830746651
-9999 -9999 -9999 -9999 -9999 -9999 -9999 -9999 0.304854959249496 0.324346512556076 0.344868719577789 0.208100140094757 0.0804150849580765 0.0517513863742352 0.0698801800608635 0.0927187204360962 0.11370400339365 0.116848163306713 0.111071072518826 0.0921268090605736 0.087125726044178 0.0907583236694336 0.0985072255134583 0.10353134572506 0.0994246900081635 0.0959989503026009 0.0997442305088043 0.104215033352375 0.106116309762001 0.109038665890694 0.110597431659698 0.107181005179882 0.104248270392418 0.102970711886883 0.102487072348595 0.107837498188019 0.106420792639256 0.112062729895115 0.123123578727245 0.13316136598587 0.154234007000923 0.170013338327408 0.192686527967453 0.210796445608139 0.20651963353157 0.234903573989868 0.219311892986298 0.198773875832558 0.206449195742607 0.225028589367867 0.237910747528076 0.251811027526855 0.260546743869781 0.266624331474304 0.273214399814606 0.283747136592865
-9999 -9999 -9999 -9999 -9999 -9999 0.298674315214157 0.28179532289505 0.301485896110535 0.320539712905884 0.338129460811615 0.198021590709686 0.117149710655212 0.0988982766866684 0.127884939312935 0.16495156288147 0.165936291217804 0.138385832309723 0.120484441518784 0.107192553579807 0.103255055844784 0.106954388320446 0.110078632831573 0.119262807071209 0.12723433971405 0.133498176932335 0.143017128109932 0.149996817111969 0.157217472791672 0.163327604532242 0.164211183786392 0.163279294967651 0.159250766038895 0.15682926774025 0.15333990752697 0.153234228491783 0.157842248678207 0.165747836232185 0.178531780838966 0.190591484308243 0.205011069774628 0.219116032123566 0.23457957804203 0.254441887140274 0.367146909236908 0.379861623048782 0.277889877557755 0.255123317241669 0.246027559041977 0.260238260030746 0.279349446296692 0.382810771465302 0.392980247735977 0.397919803857803 0.395262658596039 0.296388268470764
-9999 -9999 -9999 -9999 -9999 0.336863458156586 0.187956258654594 0.293125331401825 0.300540536642075 0.311889201402664 0.212094008922577 0.20144248008728 0.169048890471458 0.173084080219269 0.215965569019318 0.287072390317917 0.239985585212708 0.176732018589973 0.138804793357849 0.124905742704868 0.123400717973709 0.127931773662567 0.123308703303337 0.135935440659523 0.158925667405128 0.177623614668846 0.19205878674984 0.204486176371574 0.217944949865341 0.228612989187241 0.22934553027153 0.231552451848984 0.225555270910263 0.218557462096214 0.207370296120644 0.196985512971878 0.209551617503166 0.219733834266663 0.234865784645081 0.243041545152664 0.255914330482483 0.267394483089447 0.272426247596741 0.382284224033356 0.420514434576035 0.422460466623306 0.421601682901382 0.397982209920883 0.392287254333496 0.393326014280319 0.39260196685791 0.395850270986557 0.41999363899231 0.420854449272156 0.413285970687866 0.387690424919128
-9999 -9999 -9999 -9999 -9999 0.35481333732605 0.304803669452667 0.318443447351456 0.316125214099884 0.293027311563492 0.19911515712738 0.210956200957298 0.235527515411377 0.263329684734344 0.287890672683716 0.295355349779129 0.273834437131882 0.218656301498413 0.177200898528099 0.182184591889381 0.190875992178917 0.192680180072784 0.187718063592911 0.19834578037262 0.219213083386421 0.237964436411858 0.251637130975723 0.265157610177994 0.283957809209824 0.300339251756668 0.310689628124237 0.311690092086792 0.303335309028625 0.292746722698212 0.276144087314606 0.265413910150528 0.271054774522781 0.282196193933487 0.294828355312347 0.30309921503067 0.402002692222595 0.414665818214417 0.427863478660583 0.429673999547958 0.42577850818634 0.421681791543961 0.418139398097992 0.391697466373444 0.389977306127548 0.387656658887863 0.385848522186279 0.38586813211441 0.38604599237442 0.38615483045578 0.408133387565613 0.405870050191879
-9999 -9999 -9999 -9999 -9999 -9999 0.350112676620483 0.339809209108353 0.337187141180038 0.210949704051018 0.172855511307716 0.184695690870285 0.336575120687485 0.372824311256409 0.274373531341553 0.243618220090866 0.259894907474518 0.242023169994354 0.237323641777039 0.23724552989006 0.267363756895065 0.266225576400757 0.274764716625214 0.290174096822739 0.306549251079559 0.332740694284439 0.434473544359207 0.4514200091362 0.456172853708267 0.462226331233978 0.48289880156517 0.475975602865219 0.471687495708466 0.461262881755829 0.440331071615219 0.333069711923599 0.433387696743011 0.443089097738266 0.451885670423508 0.450675129890442 0.443901985883713 0.43913260102272 0.433090090751648 0.428977727890015 0.423543214797974 0.418755292892456 0.414754062891006 0.386851638555527 0.38439154624939 0.38075590133667 0.378166288137436 0.376536130905151 0.374068915843964 0.372069478034973 0.369714796543121 0.366697907447815
-9999 -9999 -9999 -9999 -9999 -9999 0.365775763988495 0.373261690139771 0.3647141456604 0.225155860185623 0.17871755361557 0.142379835247993 0.147712126374245 0.171333342790604 0.18603552877903 0.198770314455032 0.218651056289673 0.232157349586487 0.269564390182495 0.285175383090973 0.306507676839828 0.321501821279526 0.43395060300827 0.456743776798248 0.468726813793182 0.469551831483841 0.475813567638397 0.482052773237228 0.48621991276741 0.489898860454559 0.4920654296875 0.494209617376328 0.494415432214737 0.491931170225143 0.487720131874084 0.481891572475433 0.47528338432312 0.467772543430328 0.461303025484085 0.453876912593842 0.44672754406929 0.440060645341873 0.433596819639206 0.428758293390274 0.422946333885193 0.417534232139587 0.412118315696716 0.384046077728271 0.380501598119736 0.376522362232208 0.372299164533615 0.36836701631546 0.363527715206146 0.359639227390289 0.355542153120041 0.34993851184845
-9999 -9999 -9999 -9999 -9999 -9999 0.378657817840576 0.365872949361801 0.368772864341736 0.214372754096985 0.178716406226158 0.146255731582642 0.105875700712204 0.0960718616843224 0.106400646269321 0.115723416209221 0.162855491042137 0.215642496943474 0.251919537782669 0.310219049453735 0.329360246658325 0.458203226327896 0.471446812152863 0.473053634166718 0.472679704427719 0.469634681940079 0.47648948431015 0.48380121588707 0.487993985414505 0.491650551557541 0.492777466773987 0.495458364486694 0.497429251670837 0.494942486286163 0.489917248487473 0.483993381261826 0.477089822292328 0.469912022352219 0.463097780942917 0.454651236534119 0.448112845420837 0.441176980733871 0.434243232011795 0.428992629051208 0.421748369932175 0.416984111070633 0.411321729421616 0.405216604471207 0.400745421648026 0.372209280729294 0.367599129676819 0.361319988965988 0.354085981845856 0.347588330507278 0.340297937393188 0.333635538816452
-9999 -9999 -9999 -9999 -9999 -9999 -9999 -9999 0.157845392823219 0.181952878832817 0.26299187541008 0.202942416071892 0.0951232388615608 0.082649789750576 0.0802395343780518 0.0923309847712517 0.135433807969093 0.213104024529457 0.24634276330471 0.320309937000275 0.45754861831665 0.475690484046936 0.4447101354599 0.449782460927963 0.480656236410141 0.476138293743134 0.481009542942047 0.484623670578003 0.489082902669907 0.494758874177933 0.495946824550629 0.499131500720978 0.501143455505371 0.498708814382553 0.493220269680023 0.486461520195007 0.479442745447159 0.47213351726532 0.465058118104935 0.457650691270828 0.450202792882919 0.443221598863602 0.436459630727768 0.430581748485565 0.424395978450775 0.418125957250595 0.41231444478035 0.406142860651016 0.400706797838211 0.394681870937347 0.387556880712509 0.356867522001266 0.347503125667572 0.338711440563202 0.328721672296524 0.319255888462067
-9999 -9999 -9999 -9999 -9999 -9999 -9999 -9999 0.185273855924606 0.158841356635094 0.250595062971115 0.190218403935432 0.0809487998485565 0.0780691355466843 0.0789171829819679 0.0823020040988922 0.123202949762344 0.206490024924278 0.232716798782349 0.307226836681366 0.47513335943222 0.450813502073288 0.397877722978592 0.400574713945389 0.439524084329605 0.464609712362289 0.463916748762131 0.444034069776535 0.448181003332138 0.467883497476578 0.480002701282501 0.486768692731857 0.483888208866119 0.498640656471252 0.496907472610474 0.489432096481323 0.481761246919632 0.474747329950333 0.467486053705215 0.459247976541519 0.452638238668442 0.445650577545166 0.438220709562302 0.432263046503067 0.425318121910095 0.419130742549896 0.413444221019745 0.40642386674881 0.400438159704208 0.393281161785126 0.38620662689209 0.376398116350174 0.34306076169014 0.330934226512909 0.317069053649902 0.305221885442734
-9999 -9999 -9999 -9999 -9999 -9999 -9999 -9999 -9999 0.143347203731537 0.255618542432785 0.123256511986256 0.0619954094290733 0.0744634419679642 0.0912475064396858 0.0847536101937294 0.126602128148079 0.197139233350754 0.205027163028717 0.27599972486496 0.433051347732544 0.400853335857391 0.368870109319687 0.372510135173798 0.39631399512291 0.422147423028946 0.420567333698273 0.413881838321686 0.419718265533447 0.430017083883286 0.441436856985092 0.442420125007629 0.440967261791229 0.450782775878906 0.46679699420929 0.485655784606934 0.486778169870377 0.479424566030502 0.471497595310211 0.464350283145905 0.456806272268295 0.449687510728836 0.442694336175919 0.435532659292221 0.429544776678085 0.422758668661118 0.415726184844971 0.408105999231339 0.400547415018082 0.393036425113678 0.384417325258255 0.37449923157692 0.340875446796417 0.327469706535339 0.309393912553787 0.292592644691467
-9999 -9999 -9999 -9999 -9999 -9999 -9999 -9999 -9999 -9999 0.223354026675224 0.101794749498367 0.0643279254436493 0.107899822294712 0.142563000321388 0.0977828949689865 0.148473605513573 0.19005075097084 0.182603746652603 0.239040359854698 0.383460968732834 0.373578697443008 0.34023380279541 0.348404496908188 0.372219771146774 0.391879975795746 0.394916325807571 0.387636780738831 0.394231081008911 0.406969428062439 0.413582623004913 0.414487928152084 0.4070845246315 0.411531031131744 0.422014772891998 0.431479066610336 0.44284063577652 0.450572162866592 0.467785894870758 0.468777418136597 0.461166471242905 0.454318970441818 0.447815150022507 0.440960347652435 0.433717846870422 0.426507622003555 0.418370962142944 0.409274339675903 0.400724470615387 0.391500413417816 0.381912738084793 0.352477729320526 0.321148574352264 0.2805515229702 0.275914192199707 0.266340583562851
-9999 -9999 -9999 -9999 -9999 -9999 -9999 -9999 -9999 -9999 -9999 0.0888351425528526 0.0672264322638512 0.0662862211465836 0.140644803643227 0.170313969254494 0.163819998502731 0.188436076045036 0.181937322020531 0.210502222180367 0.326025992631912 0.350292146205902 0.326417207717896 0.327247023582458 0.350436121225357 0.361802786588669 0.370392292737961 0.369961261749268 0.379371553659439 0.386583745479584 0.392479002475739 0.393462151288986 0.386431515216827 0.386012256145477 0.384441167116165 0.383405745029449 0.392549216747284 0.398826897144318 0.41330561041832 0.427948534488678 0.441666156053543 0.45696747303009 0.450572788715363 0.442818522453308 0.434785217046738 0.427547335624695 0.418495357036591 0.409502267837524 0.400048524141312 0.382123112678528 0.346690654754639 0.321773678064346 0.301162004470825 0.281546264886856 0.242898777127266 0.223008260130882
