meets/meet004/_saidas_enm/CCSM_SVM_21k_Aralia_warmingiana4.asc
NCOLS 154 
NROWS 168 
XLLCORNER -112 
YLLCORNER -55.5 
CELLSIZE 0.5 
NODATA_value -9999 
[rows 75 to 99 of 168, columns 56 to 111 of 154]
-9999 -9999 -9999 -9999 -9999 -9999 -9999 -9999 -9999 -9999 -9999 0.0684296921128961 0.123591035684145 0.124373232111889 0.168080804288373 0.281951426506199 0.450499027071069 0.698511129779643 0.744182774791809 0.642273883563175 0.657848696050625 0.677434920612566 0.714303965838898 0.739741738466814 0.766787990508912 0.791659595912616 0.790301599725144 0.797055617479936 0.793300382302426 0.78971426987667 0.78561898263015 0.774387601002225 0.763050393074191 0.760869216846353 0.76399780608051 0.766825268099698 0.779048042563431 0.790153073637833 0.812128709739007 0.838794749708202 0.859454832227305 0.876438864323853 0.885263301505847 0.888092375211654 0.884992308640444 0.87659695508458 0.853789155717591 0.815674990646692 0.761617932578919 0.689684262871686 0.617431248458682 0.564128705286098 0.516764015000388 0.48269510622033 0.449362840809697 0.42039426910945
-9999 -9999 -9999 -9999 -9999 -9999 -9999 -9999 -9999 -9999 -9999 0.0934793036889559 0.205019281593925 0.195154706413132 0.182637167919839 0.245516990975365 0.365660172022876 0.572435492476631 0.713590517898387 0.667245444007917 0.576751322606236 0.635716509917537 0.673363785321165 0.703698511530648 0.732548472267739 0.762188813037665 0.758630161504692 0.763298854829128 0.760267887844833 0.758636334663043 0.755576044132064 0.747603314032905 0.742005413103712 0.739329742505644 0.740372265966386 0.746269381796538 0.748176865649104 0.755250148218764 0.776621768532432 0.80272225349424 0.834338003999964 0.851365589138991 0.867053515961275 0.880979969046152 0.887044960078852 0.885775270002667 0.863240895504598 0.826289460509586 0.777362764300938 0.713463541208423 0.649955570294516 0.593169554446557 0.528661253685917 0.480372968605971 0.440820552907425 0.40532935001285
-9999 -9999 -9999 -9999 -9999 -9999 -9999 -9999 -9999 -9999 -9999 -9999 0.200104980686048 0.237957457347818 0.236200447471018 0.257676582455643 0.272796169035486 0.294063345948124 0.391034288007173 0.539502439646582 0.614992600082406 0.621737678138448 0.638017812142477 0.643197615785243 0.71134605339678 0.745632133363592 0.743685123244558 0.724109727489751 0.712509113130652 0.706864968684158 0.713408679103553 0.704292708098528 0.705892157987071 0.707876668721715 0.710065928279716 0.713132028493112 0.710679636766778 0.712371090224705 0.727354278122206 0.749437377746602 0.775246809629876 0.793355116642433 0.808705828829595 0.826278206873573 0.841225953584954 0.850695877325077 0.83910073520533 0.811563449722826 0.772979673350742 0.715890268634317 0.649619793121089 0.593009002137957 0.537682529913223 0.495912160857146 0.458518424126879 0.427443343974499
-9999 -9999 -9999 -9999 -9999 -9999 -9999 -9999 -9999 -9999 -9999 -9999 0.118836771719733 0.228378684297127 0.312899306630627 0.283562743075874 0.165664100895763 0.0852662701739014 0.09940113821106 0.216453851439776 0.493511957600696 0.594041048908456 0.632318222549974 0.658438609089285 0.734580574940158 0.773752811234013 0.719005552182908 0.676429250921869 0.654987689698306 0.638517949317615 0.66490144213372 0.651123394824829 0.651899580689356 0.660126663318004 0.667781048814014 0.669906293229585 0.670283902771435 0.660133222615336 0.6695308810233 0.688663134675854 0.705581697174124 0.725574140540679 0.732697392045401 0.752901727954433 0.776516047090446 0.785241776632084 0.793634570960308 0.780509492232381 0.753961296970005 0.703551710692318 0.647532825572773 0.603765712478142 0.555134816354113 0.519541497997636 0.490545427375174 0.464887092959012
-9999 -9999 -9999 -9999 -9999 -9999 -9999 -9999 -9999 -9999 -9999 -9999 -9999 0.128247265674299 0.340533129433583 0.19833701067407 0.0713767758664245 0.0204477994116725 0.0178233067215365 0.0363488000603354 0.116164257802759 0.343190953078365 0.643914972488921 0.785763465334051 0.851195617689342 0.844643217021273 0.761046027809843 0.651343671886607 0.58859751716895 0.58217498349243 0.585524294461202 0.582376547835226 0.590636023907984 0.604116049342724 0.613445494254647 0.624497257833226 0.626346564692285 0.620628517109347 0.625444698661627 0.634923819594711 0.645562659275325 0.660416788596048 0.671311097001898 0.696442451426259 0.725408757360251 0.741759649016473 0.75124333412439 0.750021148936684 0.735647551091915 0.700677231096625 0.657872427054199 0.621399064604297 0.586516976891918 0.562250075965117 0.541210041695675 0.525967158112184
-9999 -9999 -9999 -9999 -9999 -9999 -9999 -9999 -9999 -9999 -9999 -9999 -9999 0.203929304929296 0.343480777593665 0.107388116324227 0.0248152811541016 -0.00223398467923208 -0.00406996205933169 -0.00166151769541617 0.0134553823072021 0.0620218563556487 0.380801841727626 0.632737211078072 0.734864350448586 0.88758435724043 0.823285933053405 0.677089000657491 0.570284199271504 0.540846776399099 0.517538013365164 0.507582799719182 0.522853570280702 0.543610471125289 0.553451145026914 0.575021532847572 0.586347618267016 0.58838485696739 0.5929207270722 0.596696371590524 0.598385147294655 0.617575195112281 0.631441437265541 0.660317214281748 0.696485679728069 0.719164998230895 0.72626235140981 0.731098926172244 0.725655245540696 0.699950543189993 0.673221162735437 0.648274275450021 0.624780512727054 0.610570400263744 0.584140257291914 0.550070788886812
-9999 -9999 -9999 -9999 -9999 -9999 -9999 -9999 -9999 -9999 -9999 -9999 -9999 -9999 0.338882652231825 0.220097229788487 0.0412992597179808 -0.0127150419565113 -0.0179553716563322 -0.0144894724021496 -0.0109014410940981 -0.0221372124268554 -0.0247079874801928 0.00693081109893956 0.123820414160508 0.35973197328577 0.596034304071491 0.734543691875515 0.670915053325806 0.579121950488792 0.480980822839206 0.465343399756608 0.456299658168406 0.471663204667058 0.508448764871779 0.530601333252073 0.548872222324908 0.562309101307143 0.57375183025725 0.582956481026852 0.589143348009806 0.603280572216471 0.618608959651683 0.645883240256892 0.676596355534057 0.693927228194293 0.706672067376655 0.71336410703013 0.713668218150274 0.697131060234116 0.679179254620615 0.669297476974369 0.638691954355088 0.608900871188964 0.597769771547793 0.577476586916403
-9999 -9999 -9999 -9999 -9999 -9999 -9999 -9999 -9999 -9999 -9999 -9999 -9999 -9999 0.205842492945406 0.222114576829642 0.0965096247884955 -0.014114005226958 -0.0296070119559533 -0.0208582932310856 -0.0183885085934182 -0.022039145012074 -0.0189558156556766 -0.0203215334932502 -0.0365693031870622 -0.028785188349052 0.0221249116846768 0.303358858663278 0.538775190966992 0.557946560934672 0.437429125884912 0.485212720357033 0.436461563165371 0.419717830787083 0.466989899681767 0.487956874752622 0.527573511441577 0.551167915155082 0.569253827762132 0.582394129587661 0.586945174711208 0.604526489494114 0.618038323981009 0.642506792287489 0.664923617074184 0.679184048017484 0.699255332155922 0.706408671625487 0.712548545144152 0.704034877574146 0.68831007898507 0.676127738385665 0.635753549043733 0.614065811667972 0.615751676631061 0.613470664742932
-9999 -9999 -9999 -9999 -9999 -9999 -9999 -9999 -9999 -9999 -9999 -9999 -9999 -9999 -9999 0.149099589377298 0.160437422917164 0.0196343285467279 -0.036351462258239 -0.0301363010027249 -0.0136256782011909 -0.00659899494997135 0.00338149216491296 0.00616393637408402 0.00280561536270935 0.000791066553203601 -0.014699027436642 -0.0270567347472603 -0.0317474328539535 0.158430964336595 0.533598372314954 0.605789961083799 0.459755990539093 0.384088159313817 0.434309097360154 0.480878660422475 0.513096778214612 0.532511292933591 0.563121187758984 0.595526783097658 0.618109745477914 0.614725108402445 0.616360509390475 0.636893265843328 0.661371930245936 0.683622355122226 0.701791131294922 0.713501138829947 0.715961259762351 0.719114678729035 0.709413460738294 0.68641553691135 0.656325889700838 0.638623279067821 0.632487892330205 0.630892704747068
-9999 -9999 -9999 -9999 -9999 -9999 -9999 -9999 -9999 -9999 -9999 -9999 -9999 -9999 -9999 0.224182258759693 0.191532681745064 0.111080713537225 -0.0264364296344118 -0.0461274556441146 -0.0150491693105088 -0.0100829146932349 0.00951125293881927 0.0141876371780418 0.0139577197048897 0.0201525431520372 0.0139727839248117 0.0153116699829093 0.00118912212040606 -0.0241837478742065 0.21511238858351 0.500490858120446 0.51506552514014 0.436327810992127 0.448924487703573 0.490092038411826 0.499661017419396 0.507000382316687 0.539194174027197 0.593519832872439 0.654083096199842 0.623806093308678 0.613814656213697 0.634022490908399 0.661498561947028 0.689388068369568 0.704417957351083 0.704681983269689 0.712744335111629 0.724014773890522 0.727138601094476 0.709808707935705 0.681317658100306 0.660762130112837 0.646602327770166 0.639333921197043
-9999 -9999 -9999 -9999 -9999 -9999 -9999 -9999 -9999 -9999 -9999 -9999 -9999 -9999 -9999 0.312234370046678 0.117171418322924 0.155393255094763 0.0704239250367197 -0.0275104117358406 -0.0579398662096096 -0.038942131919825 -0.0183108530968875 -0.00387263008157995 0.00213080073355426 0.00579005731226911 0.00808243702214118 0.0110560840984039 0.00215938811216959 -0.0170008760925617 0.0245528418084758 0.250820472540652 0.583830313704776 0.657522807169874 0.579065447211366 0.514706722526928 0.498872438720931 0.489409396000193 0.508789622533743 0.555665481619569 0.605480314701752 0.596632340710363 0.613736879588399 0.643651522254 0.670452120178427 0.687028347836269 0.692364320749416 0.6971698687147 0.708732812192694 0.727905242625693 0.740215608656349 0.71975995487865 0.694236879963093 0.6716420964279 0.645927054691596 0.636668617505356
-9999 -9999 -9999 -9999 -9999 -9999 -9999 -9999 -9999 -9999 -9999 -9999 -9999 -9999 -9999 -9999 0.447695891994945 0.0474024435594221 0.111285235377449 0.0953694871511003 -0.0141424314188271 -0.0559355012804948 -0.0460776666563826 -0.0305246268747758 -0.0186235230595114 -0.014151692962236 -0.0023840231617126 0.00558531382679067 0.00373550950842061 -0.00223730655468435 0.00204786326641526 0.0859265635763737 0.392763597238398 0.707060564663756 0.764200797601256 0.650949935527416 0.596896398100022 0.54614622710067 0.538339132028844 0.56191708320717 0.59499017978163 0.590246121173242 0.615945990399666 0.640585935718947 0.660485561750679 0.674254579432004 0.678651394412938 0.685072304845461 0.697499723470378 0.714617904605262 0.730116784896798 0.696312988833696 0.669615379840635 0.645601115234834 0.615545614933054 0.617082827459979
-9999 -9999 -9999 -9999 -9999 -9999 -9999 -9999 -9999 -9999 -9999 -9999 -9999 -9999 -9999 -9999 -9999 0.478238207317487 0.12748029807248 0.0473165306467436 0.139033024812104 0.0397645406183815 -0.0338487694265145 -0.0460976531050831 -0.0349841786521415 -0.021955627873777 -0.00758364807880912 0.00153244683601128 0.00485079485272438 0.00380936425409384 0.00443118900548417 0.00892142570608923 0.0931285375198928 0.340254947019867 0.721934568443424 0.876032254345821 0.780762919349526 0.675612039186352 0.607544540612006 0.601825052645883 0.610459535449611 0.617488064374174 0.634146442959867 0.646415958719808 0.653159252849666 0.65750870654369 0.662384350762158 0.663189085120397 0.667506708967182 0.66992172656116 0.657206116272812 0.624426317035132 0.577636119663671 0.558840363888866 0.559304435165826 0.569855305649616
-9999 -9999 -9999 -9999 -9999 -9999 -9999 -9999 -9999 -9999 -9999 -9999 -9999 -9999 -9999 -9999 -9999 -9999 -9999 0.0978472597704435 -0.0525652921300377 0.0298760584607752 0.0157913732006498 -0.0285969434385925 -0.0396850639800939 -0.0342823610669536 -0.0232828894531749 -0.00577682386931461 0.000852986261737132 0.00373283440169031 0.00543576110145122 -0.0005200329865091 -0.00131835882620079 0.0598451862537454 0.333563494631802 0.773183547312815 0.904593162458657 0.873028003175386 0.76836947083916 0.717668734697789 0.686381470600876 0.667548348452695 0.657863833051415 0.653058963415094 0.648093915699159 0.64601037398583 0.64678069218807 0.637996955138187 0.633610749965573 0.626544491332062 0.602017655832223 0.565930084058314 0.506211227778522 0.489866681144452 0.505002723542183 0.526509159656052
-9999 -9999 -9999 -9999 -9999 -9999 -9999 -9999 -9999 -9999 -9999 -9999 -9999 -9999 -9999 -9999 -9999 -9999 -9999 -9999 -9999 0.105973219351762 0.0127153416533805 0.0110159577732798 -0.0149785811765556 -0.0400693941048255 -0.0355045066310384 -0.0219113331762514 -0.00910767427180692 0.000939108084116347 0.00237944597397027 0.000200425124409931 -0.00451662956854199 -0.0124792028815957 0.0420780214862103 0.249520558769117 0.632988351581928 0.945289299740528 0.926442649427626 0.840502795978332 0.74270050466727 0.701991235156397 0.671395832669953 0.657058848184439 0.649920471895721 0.644931549505204 0.646374022035444 0.640263533507583 0.624649137737489 0.615341783664632 0.590446256189185 0.544649992403562 0.495571864591549 0.476246596732947 0.475314375506178 0.502312249921779
-9999 -9999 -9999 -9999 -9999 -9999 -9999 -9999 -9999 -9999 -9999 -9999 -9999 -9999 -9999 -9999 -9999 -9999 -9999 -9999 -9999 -9999 -9999 0.136152184173071 0.0649679746031158 -0.00153677595157703 -0.0265915385691257 -0.0273690085892249 -0.0223181588401457 -0.0106996071129605 -0.00661572576470376 -0.00332952992690372 -0.00628355185377116 -0.0104200409208146 -0.0140798379325371 0.0123408774804102 0.202593683287076 0.617337418675395 0.901343707517194 0.950701560777109 0.85879851227338 0.777426845407438 0.708541031047111 0.673823711165744 0.662443544888067 0.6622637856951 0.6644511951927 0.658221878898442 0.642445940439084 0.625657217742112 0.59567570789733 0.550073229473083 0.499636493131521 0.472395587961502 0.468194127695682 0.480464768381067
-9999 -9999 -9999 -9999 -9999 -9999 -9999 -9999 -9999 -9999 -9999 -9999 -9999 -9999 -9999 -9999 -9999 -9999 -9999 -9999 -9999 -9999 -9999 -9999 -9999 0.00455633241315073 0.00607060726615422 -0.00765983275891852 -0.0257458759369816 -0.0225717499571347 -0.0212550302694795 -0.0132799248998193 -0.0107310592417119 -0.0137221711474486 -0.0125137350894595 -0.0131614458680523 0.0110601698499049 0.148103431782304 0.503677978338348 0.915325051466303 0.971870487525795 0.866525342257696 0.768472763674061 0.708641083835088 0.692637958158267 0.698148587153634 0.692649354932648 0.690927654882536 0.671888713956648 0.640422153459686 0.606047905478105 0.554467631537707 0.506218326563119 0.478283832089925 0.460917098170034 0.453517338244637
-9999 -9999 -9999 -9999 -9999 -9999 -9999 -9999 -9999 -9999 -9999 -9999 -9999 -9999 -9999 -9999 -9999 -9999 -9999 -9999 -9999 -9999 -9999 -9999 -9999 0.123165194367631 0.0153527484760791 0.0492323255956412 0.0228050711608168 -0.0121748119398545 -0.0289207372827196 -0.0288642936049284 -0.0267943293151667 -0.0241971328263276 -0.0188240678191827 -0.0168254936551365 -0.0109277664218671 0.0396223484825338 0.254876023414625 0.721171791829322 0.98663715165838 0.944524078632911 0.837305618161906 0.753429315355285 0.727864027273443 0.733486133173505 0.724538901681037 0.715104698224405 0.69033651443097 0.651351526860887 0.60487479749363 0.554479184796111 0.51522174444895 0.49087521303367 0.477058515868968 0.455793888453546
-9999 -9999 -9999 -9999 -9999 -9999 -9999 -9999 -9999 -9999 -9999 -9999 -9999 -9999 -9999 -9999 -9999 -9999 -9999 -9999 -9999 -9999 -9999 -9999 -9999 -9999 -9999 0.0317529005373236 0.0754710911339732 0.0613177707055362 0.00682735973107856 -0.0280149160731459 -0.0329264916911832 -0.0363590077863351 -0.0312898445210656 -0.0313852887583023 -0.0202469381212511 0.0142837240768655 0.167238554158116 0.558300076574416 0.917237830214484 0.990035846386245 0.876569969020549 0.761600168244767 0.745477962521556 0.754305286690335 0.737839713787229 0.722255187415235 0.694402563051223 0.642941942037666 0.591831148250352 0.55533474634182 0.527074897606251 0.509186238185248 0.497185124826119 0.477967054572403
-9999 -9999 -9999 -9999 -9999 -9999 -9999 -9999 -9999 -9999 -9999 -9999 -9999 -9999 -9999 -9999 -9999 -9999 -9999 -9999 -9999 -9999 -9999 -9999 -9999 -9999 -9999 0.0765917711200366 0.0493339515714216 0.13237823862897 0.0430336104273517 -0.0292404220061606 -0.0481346114161963 -0.0506197940573165 -0.0464367226853712 -0.0356478593412826 -0.0269905632028261 0.00153217287752616 0.124768066638989 0.450126655548482 0.84921740888012 1.01083732679039 0.903474893362161 0.761712631293287 0.734302345203064 0.750084976222706 0.733563170831775 0.705492704095384 0.672876361795669 0.627622416006294 0.587853718466782 0.561406569695438 0.545120474694779 0.539615864246038 0.536721350887352 0.528588221989061
-9999 -9999 -9999 -9999 -9999 -9999 -9999 -9999 -9999 -9999 -9999 -9999 -9999 -9999 -9999 -9999 -9999 -9999 -9999 -9999 -9999 -9999 -9999 -9999 -9999 -9999 -9999 -9999 0.0544347380578367 0.192120265291112 0.0906207272131948 -0.0377029661263089 -0.0666736311118181 -0.0611843039692599 -0.0581120518458668 -0.0494158718339665 -0.0356883896995751 -0.0145339676673596 0.0755008304395889 0.365542833536387 0.750394288091019 1.00774030737453 0.926563219826106 0.750327606327979 0.709905430652187 0.733960247724278 0.701548290043379 0.667794994831281 0.639075154375036 0.608447356866864 0.574646745241993 0.567465553054432 0.570801854786171 0.580646448309529 0.580680204725212 0.58719657455017
-9999 -9999 -9999 -9999 -9999 -9999 -9999 -9999 -9999 -9999 -9999 -9999 -9999 -9999 -9999 -9999 -9999 -9999 -9999 -9999 -9999 -9999 -9999 -9999 -9999 -9999 -9999 -9999 0.055843712434843 0.221190878797626 0.128483652076824 -0.0508985057960526 -0.0647052418964581 -0.0546683521883856 -0.0654200199718362 -0.0620370325181541 -0.0486627283190596 -0.0286074870365083 0.0573424966896285 0.330120946347151 0.717580061656558 0.984268212160032 0.949122066125849 0.776472950915727 0.682634743456302 0.655022711513435 0.647144367304647 0.64866438752392 0.635594046845438 0.612001951568632 0.599277454999911 0.590668163775066 0.59416199049677 0.615341021060001 0.638487689079926 0.666424513277249
-9999 -9999 -9999 -9999 -9999 -9999 -9999 -9999 -9999 -9999 -9999 -9999 -9999 -9999 -9999 -9999 -9999 -9999 -9999 -9999 -9999 -9999 -9999 -9999 -9999 -9999 -9999 -9999 0.0393970788226173 0.232300695890222 0.161696963464896 -0.0584300867144961 -0.0435320120415126 -0.0322857385413486 -0.0632679018296426 -0.0692358699011325 -0.0585686478941924 -0.0401710391011928 0.0350149235378681 0.30441833465214 0.673447036964086 0.964328409242858 0.927216490525547 0.752111620400359 0.652656481547811 0.60541267262833 0.586948327918662 0.621078147224416 0.644851077145868 0.632184003000063 0.638752147534323 0.627654092749454 0.624687924461923 0.652643857019125 0.698310611433784 0.745266544197683
-9999 -9999 -9999 -9999 -9999 -9999 -9999 -9999 -9999 -9999 -9999 -9999 -9999 -9999 -9999 -9999 -9999 -9999 -9999 -9999 -9999 -9999 -9999 -9999 -9999 -9999 -9999 -9999 0.051858003643017 0.227543440550589 0.111677897684538 -0.0678626341384642 -0.047607406527332 -0.0364092471422587 -0.0614914989760416 -0.0747197854239651 -0.06675684551218 -0.0480013675724654 0.0381790220084938 0.327759756792738 0.697804550746609 0.922684733048651 0.87895637729316 0.70233862432698 0.604816126241311 0.57664595171035 0.568702279344576 0.592733759351146 0.628437264644925 0.658455852197921 0.670348257924541 0.675066609323919 0.683747773279081 0.718372456275756 0.772198049687642 0.827320465219952
-9999 -9999 -9999 -9999 -9999 -9999 -9999 -9999 -9999 -9999 -9999 -9999 -9999 -9999 -9999 -9999 -9999 -9999 -9999 -9999 -9999 -9999 -9999 -9999 -9999 -9999 -9999 -9999 0.0632692272729574 0.222486997310043 0.0527705433536284 -0.075282036930171 -0.0511268990162775 -0.0415657706736683 -0.0631378519832826 -0.0745372527195869 -0.0733911145107026 -0.0530533801767376 0.0472666296442961 0.363121269650589 0.699142253342106 0.87636971142586 0.778801051223978 0.600355799224103 0.532291669465903 0.519444619483072 0.548769453037053 0.597009274906255 0.633827849210221 0.666836368240689 0.70576006394014 0.729528984971591 0.746078115282658 0.790554644513379 0.85020060938267 0.898221150153628
