meets/meet004/_saidas_enm/CCSM_SVM_6k_Cavanillesia_umbellata2.asc
NCOLS 154 
NROWS 168 
XLLCORNER -112 
YLLCORNER -55.5 
CELLSIZE 0.5 
NODATA_value -9999 
[rows 72 to 95 of 168, columns 56 to 111 of 154]
-9999 -9999 -9999 -9999 -9999 -9999 -9999 -9999 -9999 0.111693032784549 0.145419668357452 0.0900629081094753 0.0705616641489683 0.0779838623420706 0.0571006175280457 0.0425336037186382 0.0820179928581892 0.117736613279765 0.139002722412302 0.138400904217419 0.133892925774622 0.116649229241135 0.0927872606142764 0.0696179610581345 0.0717113734359219 0.0853877200182504 0.0793523800811262 0.0606032225878776 0.0624840667291766 0.0896637211883001 0.121036525668679 0.1265021094175 0.123453860897782 0.140563149155123 0.17316366427273 0.207082901976468 0.219920571947535 0.227916006672065 0.237365109552345 0.237756463283803 0.239944871671119 0.224729852419863 0.210923332404584 0.196966268964784 0.178512902958175 0.159646787066375 0.128038149917291 0.0962754316881714 0.0644697575523662 0.0348965649349395 0.0156012388344279 0.00410559904887375 -0.006533456182162 -0.00809791432736179 -0.00476622430787293 0.00216395738378888
-9999 -9999 -9999 -9999 -9999 -9999 -9999 -9999 -9999 -9999 0.140547607500381 0.035595062914456 0.0758999969605421 0.0994851017923776 0.0861826733740246 0.0658099119608866 0.107878294254572 0.155994431541105 0.153213449540603 0.132963155833239 0.114526898591706 0.0864706251389263 0.0606386264089109 0.0380267684692193 0.0346392824057617 0.0473048987960911 0.0432466392783247 0.0271717457454508 0.0304920068066152 0.0565599630235257 0.0815641234907175 0.0862282144031416 0.0747517142219604 0.0865430904191203 0.117402314198308 0.142894702760967 0.156754801056658 0.158774921957699 0.174646498647085 0.195398156439802 0.206816395902724 0.202610845150243 0.191843876024004 0.188611367804602 0.188865545278143 0.175050636985861 0.13953925507965 0.0973230060811416 0.0592846751366541 0.0263009398892143 0.00674433631895655 -0.0031117619991739 -0.00749653089729929 -0.00988981065956768 -0.0129536476809979 -0.00373252931876417
-9999 -9999 -9999 -9999 -9999 -9999 -9999 -9999 -9999 -9999 -9999 0.0207773197429017 0.083822602428724 0.13466218441808 0.11527392249448 0.0824776590185582 0.104752175690334 0.168263635883208 0.166300123893026 0.128985648497312 0.102916804868573 0.0681406756963307 0.0335432439571461 0.0112569658024926 0.0057025287634293 0.00821618702528965 0.00781738218088723 0.00223908063097439 0.00695893707757861 0.0238160913946737 0.0402939256051539 0.0457983836755519 0.0440596427676985 0.0502335785776902 0.0617460902290388 0.0690163164653435 0.0847921653849859 0.091034711396947 0.107503937316803 0.125499886258615 0.135908512646728 0.148012173046638 0.143506624493067 0.152529859995394 0.169179835725987 0.163598513518462 0.12752790261518 0.0857811253747677 0.049134450247254 0.0177973895705248 0.00161285809061223 -0.00405445629846984 -0.00676462051216031 -0.0100472680274514 -0.0141734035816497 -0.00344589101070275
-9999 -9999 -9999 -9999 -9999 -9999 -9999 -9999 -9999 -9999 -9999 0.0579564384406561 0.0704463437756587 0.151193746903307 0.135952953222825 0.102438020068016 0.103707995450861 0.181393760235109 0.204241190735203 0.165381645023274 0.105784696298051 0.058228510781115 0.0182929857355772 -0.00405564813243503 -0.0148471666355721 -0.0177715479323122 -0.0181292678863873 -0.0188384575501917 -0.0129171739348868 -6.50365807569608e-05 0.0108242025989205 0.0214032199177087 0.0246897262706716 0.0307389036886416 0.0375415550838108 0.037121919575459 0.0485314986195853 0.0520613577061538 0.0664383463606287 0.0867081282029388 0.0949490217799547 0.115777837823344 0.118358896593643 0.127297553414809 0.140079774912182 0.12961002771172 0.10108353846226 0.0629905257308642 0.0317094251469297 0.00666847426970019 -0.00525090633749381 -0.00917389570708405 -0.00956226038803609 -0.0125578098520958 -0.0130697978461045 0.0071377876934739
-9999 -9999 -9999 -9999 -9999 -9999 -9999 -9999 -9999 -9999 -9999 0.0774519133237824 0.0529468784875076 0.141801335257189 0.143115205226431 0.123560455483144 0.108806591602923 0.164086545875185 0.226475140758525 0.204032244271912 0.15228634002953 0.0683192456870926 0.0174345323483698 -0.00939364242990853 -0.0262911313281004 -0.0338717712833678 -0.0350989027646768 -0.0332635187507108 -0.0282565391235579 -0.0206060465767261 -0.0132615036987876 -0.00303546062134458 0.0111113853613983 0.0176827861838891 0.0185100699013174 0.022758793599146 0.0228167777082122 0.029381908900824 0.0411347349050508 0.0505034610937536 0.0762206204187123 0.0982991108830089 0.116094841863454 0.122519674624576 0.107063029590096 0.0791341091228368 0.0536954231790938 0.0295149230791634 0.00937818161049403 -0.00677428147124032 -0.0130756652286352 -0.0171431594585228 -0.0168629291413737 -0.0144568725267488 0.00277211501956648 0.0229760171070619
-9999 -9999 -9999 -9999 -9999 -9999 -9999 -9999 -9999 -9999 -9999 -9999 0.049645792313611 0.0851448288868021 0.118291629562243 0.128364754870089 0.130804052017621 0.138165512249574 0.177952759764154 0.219671703011455 0.203927810789325 0.130877748128679 0.0544931822460695 0.00585116539929498 -0.0274704991804058 -0.042200596597668 -0.0444714348680856 -0.0412975223483793 -0.0376311811816133 -0.0338372108877164 -0.0301935444474461 -0.0208362392918104 -0.0107002630253573 -0.00379770902204229 0.000601132815678251 0.00234073581571753 0.00142772280732523 0.00239286026021213 0.011521442535826 0.0228306788297932 0.0471806008302035 0.0863243933343015 0.118227721872872 0.122123913313203 0.0909093890125391 0.0482458670128725 0.0181286658098465 -0.00242365837859665 -0.0151548296541452 -0.0199734358000364 -0.0209312872135517 -0.0230845916140898 -0.0175437897586931 -0.00259398695586982 0.0146702275666884 0.0329255455330607
-9999 -9999 -9999 -9999 -9999 -9999 -9999 -9999 -9999 -9999 -9999 -9999 0.133284086706204 0.0753606837880158 0.0845704481098779 0.106762946871433 0.161346224178203 0.232814771885175 0.222464048136809 0.149413355578489 0.178721258655431 0.191869823325522 0.146891357514549 0.0626025541703473 -0.0247415565465295 -0.0448285759126147 -0.046475313363358 -0.0422833861356536 -0.040146482890756 -0.0402550063765069 -0.0422213158645121 -0.0359262255236946 -0.032355719719208 -0.0287613319213371 -0.0225662846723398 -0.0202935969401603 -0.0249346687812035 -0.0305861326800296 -0.0258194478344584 -0.0151657067784884 0.00698554269747659 0.0532140911428398 0.11143636131126 0.120361955477847 0.0733910633484623 0.0255415877606386 -0.00252193518350657 -0.0252266293307773 -0.0322298987734541 -0.028668705546026 -0.0199882828522022 -0.0175613911476812 -0.00895227524502029 0.00522729611604661 0.0204421546332499 0.0359927868850779
-9999 -9999 -9999 -9999 -9999 -9999 -9999 -9999 -9999 -9999 -9999 -9999 -9999 0.12553959867481 0.0721578541413275 0.120129932797864 0.205197706440162 0.303285907085359 0.33875804344423 0.300083638309008 0.225644374073725 0.257025315099977 0.326995514602142 0.26257832997378 0.128924759348086 0.00696136059579233 -0.0295155673451523 -0.0349442000416575 -0.0365083462215774 -0.0357630074266651 -0.0400574309868889 -0.0373101620549014 -0.0387935926641512 -0.0394593675375262 -0.0381122791590304 -0.0427351398587805 -0.0425829832176419 -0.0467049848339048 -0.0450491808366068 -0.0417325793739468 -0.0291646973172718 0.0107342423454294 0.0595550596049583 0.0801392020772143 0.0688980855119092 0.0357657887763124 -0.00342563901005732 -0.0316728583368679 -0.0374240522159744 -0.0304757363187683 -0.0196671725843825 -0.0131279169575826 -0.00374711912773201 0.00845939431511022 0.0208346299513217 0.0332657205214271
-9999 -9999 -9999 -9999 -9999 -9999 -9999 -9999 -9999 -9999 -9999 -9999 -9999 0.139648378243241 0.0793700600063369 0.125566177097284 0.219151391912545 0.26333723558515 0.25720675907059 0.318990077204328 0.408756987712757 0.407018437221992 0.474192804476439 0.564497477035819 0.575738759082089 0.282418730232302 0.145593688560251 0.055663435168168 0.00124642830176708 -0.0259837629124083 -0.032890879720405 -0.0313630136109087 -0.0297643707888619 -0.0343229605634381 -0.044663554442861 -0.0552877186680221 -0.0494715654873347 -0.0511476432536238 -0.0525272069362979 -0.0607270040714349 -0.0622025118950185 -0.0424453747287986 0.0103991887903047 0.0350586193151705 0.049174790506402 0.0560109128819852 -0.00329878651249133 -0.0366130345302679 -0.039044215796134 -0.0304890037647953 -0.0182515198761327 -0.0108343072117125 -0.00129673713246065 0.00813876535845215 0.0173335085336281 0.0285678779295912
-9999 -9999 -9999 -9999 -9999 -9999 -9999 -9999 -9999 -9999 -9999 -9999 -9999 -9999 0.134011506506377 0.0675062330293196 0.234044533121732 0.263502465264882 0.236083733945844 0.278974630137351 0.415601071789793 0.641307614443615 0.64408982149155 0.463949822814762 0.380941147851452 0.471893174076014 0.619808858109604 0.568636615903101 0.307307274430624 0.10547442820683 0.0117140616435037 0.000494466043933661 -0.0118988620833049 -0.0165176008071011 -0.0228462398462697 -0.0347462544360675 -0.0299223902302236 -0.0353579072755634 -0.0420362368730905 -0.0514150247223451 -0.0619223187403873 -0.0522689165902497 -0.0381028677853133 -0.0178451098370015 0.0160157834091102 0.0155884331833996 -0.0110838832598567 -0.0344911241556863 -0.0339055842211537 -0.0259857139127592 -0.0160275089881546 -0.00775618657011456 -0.000162701940981058 0.00599315492996688 0.00952590756876154 0.014701091004468
-9999 -9999 -9999 -9999 -9999 -9999 -9999 -9999 -9999 -9999 -9999 -9999 -9999 -9999 0.206099074826874 0.0472595948411184 0.145688115232383 0.272119264781504 0.218566234167699 0.244384752055999 0.305066100353087 0.388246947882512 0.348338722454768 0.329932342430522 0.431945211425254 0.283144112974894 0.348842020174968 0.592866283031352 0.811793672267826 0.539356173339873 0.177484826804361 0.0529445645994496 0.0188921356596529 0.0220363882670842 0.0144016244964807 -0.00337989325593313 0.0183752125241568 0.0122203940195236 -0.0204795351842166 -0.0391678770800541 -0.0628911161918348 -0.0602774958127891 -0.0596673035532346 -0.042710140274853 -0.0147576147749642 -0.00378012918707754 -0.0158938672613576 -0.0315367949669664 -0.0290033804961837 -0.0210368594431129 -0.0119224832337638 -0.00625892264443806 -0.000310007798219492 0.00298441747702466 0.00243985985653028 7.05619841511185e-05
-9999 -9999 -9999 -9999 -9999 -9999 -9999 -9999 -9999 -9999 -9999 -9999 -9999 -9999 -9999 0.168260127673422 0.0183784394645948 0.233472227651558 0.199403551603861 0.212854065671233 0.194876465492882 0.173302193249832 0.121037419662054 0.128213267604563 0.168583951304121 0.182251251023775 0.277202999367607 0.334991485587473 0.354691890009427 0.381595014142447 0.361414686570818 0.198913902885006 0.0465225379842781 0.0184198659097049 0.0386179728003284 0.0648532091847198 0.0466764387503962 0.0162699318017056 0.00431977777709941 0.0125570081996059 0.0102574060958639 -0.0367640114598348 -0.0632146333180593 -0.0576164492793954 -0.0391489391513557 -0.0189696733489624 -0.0181752053995003 -0.0221730996107782 -0.0178398922284843 -0.0107443091194533 -0.00578600177990113 -0.00321163327053164 -0.00260869003127118 -0.0013661177257554 -0.000695524116345381 -0.00173735283700466
-9999 -9999 -9999 -9999 -9999 -9999 -9999 -9999 -9999 -9999 -9999 -9999 -9999 -9999 -9999 0.192383215142888 0.0893646541592496 0.148825273661464 0.16576622694055 0.192448256257313 0.160305571258514 0.135188065914019 0.107994472500134 0.0991633818252717 0.0992410221372168 0.110146648268758 0.115636281840504 0.121265838299381 0.186599694623624 0.52994002472691 0.336965595971739 0.392580262815857 0.12794493027929 0.000133737564517178 0.00616053498073127 0.112444207184866 0.0615290898319551 0.0306518965138617 0.0480687262930021 0.115345609793211 0.16216455509674 0.016284730573647 -0.0627912916021686 -0.0602267899188817 -0.0500386462515371 -0.0257411070944769 -0.0154207154061044 -0.00776420262187066 0.00123556311846157 0.0122675827073604 0.0226324437370129 0.0154615629156536 0.00457562491205238 0.00164682676127004 0.000332407262120415 -0.00239356367576937
-9999 -9999 -9999 -9999 -9999 -9999 -9999 -9999 -9999 -9999 -9999 -9999 -9999 -9999 -9999 0.217455252736549 0.162297370814151 0.0561660744382009 0.164044363152075 0.177054359875362 0.137664412664275 0.132173251224601 0.124362334227734 0.121771695109806 0.120497679793763 0.117074059452452 0.110144160950321 0.10806400487851 0.188219162775454 0.546672778017241 0.616210598966015 0.460870613309544 0.307588972498126 0.0505517780636473 -0.0398834378115379 -0.00925570812107507 -0.00131427451043697 0.0326656413503811 0.0641624672947547 0.163509407510624 0.215167182388999 0.0326173795757179 -0.0656680738019519 -0.0610313910625678 -0.0539143512367788 -0.0385035663316374 -0.0163596956071727 0.00635988083983613 0.0279137430131667 0.0435223396972015 0.0504039900247572 0.0473509515048909 0.038062931626436 0.0326066761865217 0.0272507682084976 0.0301964525980932
-9999 -9999 -9999 -9999 -9999 -9999 -9999 -9999 -9999 -9999 -9999 -9999 -9999 -9999 -9999 -9999 0.159575643470659 0.0951501540155297 0.0827414715872102 0.156177187949725 0.122831926648393 0.1248630781416 0.123515239882008 0.123524462860291 0.125132609602632 0.123954226472825 0.126571400748047 0.124943237965165 0.151705243307606 0.347143227234708 0.630968738984573 0.539258342016373 0.4478305623271 0.318246214951224 0.0714493050199377 -0.0583768762053422 -0.0676177125538518 -0.0250325196275226 0.0142897554039143 0.0947280437325574 0.174451329268339 -0.00739467073992284 -0.0700014798267437 -0.0607746865335263 -0.0577370522851006 -0.0422200082260497 -0.00684253369624699 0.0320476293374694 0.0666678577273611 0.0905446551664447 0.0967529943773101 0.0937681307572579 0.0868343951102865 0.08593582624961 0.0846182328353752 0.0999279022880894
-9999 -9999 -9999 -9999 -9999 -9999 -9999 -9999 -9999 -9999 -9999 -9999 -9999 -9999 -9999 -9999 -9999 0.20439956182545 0.0926481819540175 0.0889068790817112 0.123869198167497 0.162599646971022 0.158151482898818 0.137999074539698 0.133080745712171 0.127997353735209 0.127478538298523 0.127778409209808 0.138991869928363 0.204102143965103 0.359120217927507 0.59487249015391 0.479195522042902 0.400001692139441 0.331932723649579 0.0336964613227011 -0.0692957863249731 -0.0781377476022222 -0.069196529267872 -0.0462598238922251 -0.0632182677465645 -0.0660377438617754 -0.0689549037947303 -0.063453396574938 -0.0527559309066919 -0.0159184980766019 0.0215142053474166 0.0714740743730345 0.115393577257838 0.144054936857732 0.16032451437302 0.124127826531066 0.0909729403293109 0.0872093745910539 0.101565990541526 0.133173366285005
-9999 -9999 -9999 -9999 -9999 -9999 -9999 -9999 -9999 -9999 -9999 -9999 -9999 -9999 -9999 -9999 -9999 -9999 -9999 0.0882903222531993 0.0926346677281479 0.0689458977446163 0.20896943597068 0.234370392222207 0.180186878307224 0.144069452977405 0.131432385552185 0.127585841130588 0.132063670858978 0.155133282507865 0.224971229955772 0.451675853500758 0.573631247544179 0.447767388484907 0.362232106487584 0.294963108723969 0.124380462405059 -0.0500530379600241 -0.0889268934738988 -0.087626818733553 -0.0805494371700642 -0.0732531597595636 -0.0648110064469512 -0.0541636901172666 -0.0153442406674213 0.0136805500507686 0.0349605110081489 0.0739774615262014 0.11118909419568 0.138197603762938 0.157072699501582 0.118099792245586 0.0692964632115428 0.0656094198744259 0.0789270069870011 0.113865350216647
-9999 -9999 -9999 -9999 -9999 -9999 -9999 -9999 -9999 -9999 -9999 -9999 -9999 -9999 -9999 -9999 -9999 -9999 -9999 -9999 -9999 0.0914496610438482 0.0156492962581955 0.0490079925803799 0.248372424027612 0.186537816229607 0.14713247879565 0.130050779433337 0.127306984740721 0.135670105669912 0.155972140295166 0.260039781962635 0.432809387661538 0.515293325569245 0.436948461678098 0.293019157592561 0.270133614978101 0.0902706282564752 -0.0421861141483547 -0.081979028473089 -0.0521317965123656 -0.0329584650622048 -0.027195833575632 0.017492680088083 0.0302828422352256 0.0370499826942403 0.0498981255405298 0.0451981385828367 0.0640197198468288 0.113208420007791 0.119885573241641 0.0889958895005517 0.0470587129682382 0.0339944722903713 0.0423613801100717 0.0449933017531701
-9999 -9999 -9999 -9999 -9999 -9999 -9999 -9999 -9999 -9999 -9999 -9999 -9999 -9999 -9999 -9999 -9999 -9999 -9999 -9999 -9999 -9999 -9999 0.0901608391593309 0.00684038192440173 0.214171615338828 0.203098948060366 0.142902576303069 0.128294496580817 0.128896870632957 0.134778770501944 0.168595046898156 0.237980276265421 0.370274994197752 0.490799139019898 0.423443968279601 0.264403789761884 0.170596376338838 0.0973662447548586 0.043352826519316 0.0842317971314805 0.0878506551005213 0.115826005359213 0.099155046138263 0.0811118913823067 0.0685702568761286 0.0671837350227189 0.0504031431947745 0.0605889835413842 0.0910581311715522 0.0947968139094443 0.0574041484749622 0.017651953122281 0.00941728306544548 0.0137344897502519 0.0188409402124196
-9999 -9999 -9999 -9999 -9999 -9999 -9999 -9999 -9999 -9999 -9999 -9999 -9999 -9999 -9999 -9999 -9999 -9999 -9999 -9999 -9999 -9999 -9999 -9999 -9999 0.0307466907144255 0.0937688481928745 0.179153877024879 0.133847132609144 0.128523220311356 0.129729596077246 0.136055381124946 0.145703034489404 0.177670129114913 0.283867986280037 0.346230720162785 0.422718178517428 0.244467111592585 0.118941097281044 0.0990833785917407 0.137383212024101 0.144886050208679 0.223884373214678 0.20030588320219 0.147887771262075 0.119814354816725 0.099508399570802 0.108236157510532 0.0919412662386701 0.092183955172646 0.0901025829362735 0.037412771858129 -0.00839903306783574 -0.0150617649816179 0.0085903943680935 0.0322951385234315
-9999 -9999 -9999 -9999 -9999 -9999 -9999 -9999 -9999 -9999 -9999 -9999 -9999 -9999 -9999 -9999 -9999 -9999 -9999 -9999 -9999 -9999 -9999 -9999 -9999 0.130900511539958 0.0473807149999269 0.110865686394302 0.149769903617878 0.126923932266262 0.119865400955946 0.120797307153881 0.125154297551668 0.134669471911175 0.175979120474405 0.261155147619079 0.414107006046679 0.400773394097979 0.207172108925762 0.0740592699891549 0.0840132771064404 0.121632756923163 0.243725859711077 0.220849475770522 0.17509527740166 0.150502568705001 0.0999024732230049 0.10413987985741 0.0840082444144639 0.0716257405325834 0.0553378846748581 0.00864088691296677 -0.0190879284209762 -0.0195514885946173 0.00608399102452184 0.0349364949524218
-9999 -9999 -9999 -9999 -9999 -9999 -9999 -9999 -9999 -9999 -9999 -9999 -9999 -9999 -9999 -9999 -9999 -9999 -9999 -9999 -9999 -9999 -9999 -9999 -9999 -9999 -9999 0.0902893344414384 0.110080151347854 0.123857777607235 0.117461260623787 0.114691150218155 0.11502090450171 0.118731034933665 0.130485900780281 0.147534355509351 0.244970039177617 0.376137141404273 0.309524060041315 0.0715909844264578 -0.0235125395454686 0.0483201551454894 0.226876103830779 0.213447132798285 0.166880954398022 0.139914922357926 0.110831755657635 0.0614658361842966 0.0301226133874083 0.0333553171408446 0.0138130816543124 -0.00617199824342468 -0.0256145905263168 -0.0206413362744524 0.0178922898882417 0.0464673971443333
-9999 -9999 -9999 -9999 -9999 -9999 -9999 -9999 -9999 -9999 -9999 -9999 -9999 -9999 -9999 -9999 -9999 -9999 -9999 -9999 -9999 -9999 -9999 -9999 -9999 -9999 -9999 0.117050124309489 0.105627120220227 0.112685070122302 0.116063885787538 0.112835090271035 0.110781434075788 0.112185449723104 0.116129814374481 0.125027421691933 0.159200344561835 0.243086238903133 0.290290312766466 0.114854063380179 -0.0278537924908892 -0.0393008311183677 0.0652754869284921 0.0888434802628138 0.122668776133993 0.127256180649851 0.0883690120699971 0.0521675795182392 0.0180836949546512 -0.0114690789664355 -0.0168605299722748 -0.00167756619174547 0.00576014336878511 0.0182943757413982 0.0368427255912264 0.0462997392219905
-9999 -9999 -9999 -9999 -9999 -9999 -9999 -9999 -9999 -9999 -9999 -9999 -9999 -9999 -9999 -9999 -9999 -9999 -9999 -9999 -9999 -9999 -9999 -9999 -9999 -9999 -9999 -9999 0.0924083726456347 0.098365934437212 0.1118359107635 0.108198236356932 0.107699501437772 0.109935116163819 0.11110980000114 0.116136031721231 0.135943007075076 0.180689351950319 0.226486705633424 0.13714968062167 -0.0156727849674035 -0.0967979478300566 -0.069013153862073 -0.0337466381489686 0.0505877281372842 0.158056365060626 0.0932568590304033 0.0571056674289127 0.0286431574651458 -0.0221770957541627 -0.0351595728335126 0.000749901147044596 0.0663846350489034 0.0901464342299386 0.072688577119764 0.0518851835187144
