meets/meet004/_saidas_enm/CCSM_Maxent_21k_Aralia_warmingiana4.asc
NCOLS 154 
NROWS 168 
XLLCORNER -112 
YLLCORNER -55.5 
CELLSIZE 0.5 
NODATA_value -9999 
[rows 50 to 74 of 168, columns 56 to 111 of 154]
-9999 -9999 -9999 -9999 -9999 -9999 -9999 -9999 -9999 -9999 -9999 -9999 -9999 0.000442876073066145 0.00122958282008767 0.00456565571948886 0.0175317078828812 0.0474879406392574 0.103656262159348 0.182846739888191 0.2391467243433 0.316766440868378 0.381609737873077 0.38932403922081 0.326064884662628 0.263173282146454 0.157822132110596 0.0611066520214081 0.026716073974967 0.0107157276943326 0.00562894344329834 0.00827508978545666 0.0200591348111629 0.0432272739708424 0.108344256877899 0.226941123604774 0.307775318622589 0.388350665569305 0.411379754543304 0.406300336122513 0.409949153661728 0.424887329339981 0.442111521959305 0.41052308678627 0.336909234523773 0.144039258360863 0.207779079675674 0.197382777929306 0.209819182753563 0.257242351770401 0.287333726882935 0.261795490980148 0.265360981225967 0.286052107810974 0.322438985109329 0.339433670043945
-9999 -9999 -9999 -9999 -9999 -9999 -9999 -9999 -9999 -9999 -9999 -9999 -9999 0.00122809503227472 0.00204348051920533 0.00751064391806722 0.0263590160757303 0.0679066926240921 0.116928748786449 0.149973794817924 0.171216502785683 0.22809000313282 0.301069438457489 0.320284277200699 0.262418270111084 0.186468675732613 0.105877086520195 0.0453875288367271 0.0217623971402645 0.0113763166591525 0.00788058433681726 0.0130126969888806 0.0268649905920029 0.0646826848387718 0.143531322479248 0.249980598688126 0.35090109705925 0.432331472635269 0.462432771921158 0.456046640872955 0.454702496528625 0.443646788597107 0.442915290594101 0.41532763838768 0.355693280696869 0.30021807551384 0.29386442899704 0.336833775043488 0.350271105766296 0.333152770996094 0.319526672363281 0.288302570581436 0.285422384738922 0.295506983995438 0.318202942609787 0.337696373462677
-9999 -9999 -9999 -9999 -9999 -9999 -9999 -9999 -9999 -9999 -9999 0.00255439290776849 0.00214627897366881 0.00212226691655815 0.00298833753913641 0.00975413806736469 0.0286980364471674 0.0779280066490173 0.12545382976532 0.138414740562439 0.137338757514954 0.182635724544525 0.217130482196808 0.214936599135399 0.166519090533257 0.103741213679314 0.0649506524205208 0.0261960178613663 0.0136549770832062 0.00889847707003355 0.00655972538515925 0.0148155633360147 0.0333074368536472 0.0838760510087013 0.197495684027672 0.294372528791428 0.370536595582962 0.462653815746307 0.491888731718063 0.48686757683754 0.488853603601456 0.457347899675369 0.455687791109085 0.433785140514374 0.405820816755295 0.419726192951202 0.400609254837036 0.445148766040802 0.429965078830719 0.35968092083931 0.323957324028015 0.302566051483154 0.298371404409409 0.307240277528763 0.327214360237122 0.344570815563202
-9999 -9999 -9999 -9999 -9999 -9999 -9999 -9999 -9999 -9999 0.00755800539627671 0.00314365257509053 0.00302958977408707 0.00328848627395928 0.00398061843588948 0.00677210232242942 0.020268939435482 0.0497816577553749 0.0787851363420486 0.0966987758874893 0.109570063650608 0.113047912716866 0.10965720564127 0.0916630774736404 0.068795882165432 0.0437752567231655 0.0246181078255177 0.012813551351428 0.00881999917328358 0.00763324415311217 0.00679775979369879 0.0108656613156199 0.032264705747366 0.0893821269273758 0.20587719976902 0.313338547945023 0.365812748670578 0.441074460744858 0.479511082172394 0.489394247531891 0.495019257068634 0.474957048892975 0.466972857713699 0.447533994913101 0.414608269929886 0.414923459291458 0.395858973264694 0.398153334856033 0.365665256977081 0.309621930122375 0.289571970701218 0.269215255975723 0.285809129476547 0.295695573091507 0.306701600551605 0.331974685192108
-9999 -9999 -9999 -9999 -9999 -9999 -9999 -9999 -9999 -9999 0.00544392596930265 0.00474225077778101 0.00582458358258009 0.00429382268339396 0.00531271612271667 0.00541867362335324 0.00809493102133274 0.0238084327429533 0.0423488318920135 0.0543061532080173 0.0635141432285309 0.0514977313578129 0.0410817265510559 0.0314828753471375 0.0225636083632708 0.0167727954685688 0.0106457313522696 0.00932165235280991 0.00892789289355278 0.00823631882667542 0.00728548038750887 0.00922421738505363 0.0225613340735435 0.0710839927196503 0.182820364832878 0.31568118929863 0.375546902418137 0.408033907413483 0.450086981058121 0.470655113458633 0.486435562372208 0.468870162963867 0.455158710479736 0.433094561100006 0.399839133024216 0.382409185171127 0.329937636852264 0.30263540148735 0.262841105461121 0.227037385106087 0.224972724914551 0.220565557479858 0.241155415773392 0.256513118743896 0.270111501216888 0.289129137992859
-9999 -9999 -9999 -9999 -9999 -9999 -9999 -9999 0.0124235395342112 0.0157917384058237 0.0193944200873375 0.0126583129167557 0.0103849181905389 0.00793981924653053 0.00600838242098689 0.00661085080355406 0.00825456436723471 0.0140495765954256 0.022777272388339 0.0236546117812395 0.025073379278183 0.023049334064126 0.0200046226382256 0.0171200111508369 0.012471217662096 0.0100658871233463 0.00965261086821556 0.00933560356497765 0.00861629284918308 0.00825560186058283 0.0079416511580348 0.00862105283886194 0.0141727710142732 0.0517600141465664 0.141076520085335 0.266013115644455 0.345889389514923 0.385446757078171 0.399597078561783 0.416465699672699 0.427241772413254 0.419304847717285 0.413748890161514 0.389031797647476 0.336106091737747 0.297825008630753 0.239852339029312 0.195641919970512 0.161900505423546 0.140197709202766 0.139230072498322 0.143369644880295 0.159185573458672 0.170701563358307 0.185597911477089 0.201584875583649
-9999 -9999 -9999 -9999 -9999 -9999 -9999 -9999 0.0124743329361081 0.0341687351465225 0.0660782754421234 0.0455719046294689 0.0182557217776775 0.0112175354734063 0.00690203905105591 0.00762641662731767 0.00960664823651314 0.0124739045277238 0.0156622417271137 0.0159633494913578 0.0137419644743204 0.0120770800858736 0.0118633406236768 0.0110164452344179 0.0102751599624753 0.00979755725711584 0.00977843906730413 0.00963666196912527 0.00956892035901546 0.00924237072467804 0.00924508273601532 0.009966597892344 0.0107985651120543 0.031889233738184 0.0984767749905586 0.199219062924385 0.272968709468842 0.329465389251709 0.344692885875702 0.339243710041046 0.343481421470642 0.331201374530792 0.313286125659943 0.280503243207932 0.226117163896561 0.177788570523262 0.12984935939312 0.0927481949329376 0.07147516310215 0.0585983768105507 0.0552341155707836 0.0563346557319164 0.0634145140647888 0.0733939930796623 0.0837072059512138 0.0953943952918053
-9999 -9999 -9999 -9999 -9999 -9999 -9999 0.0172581225633621 0.0219003707170486 0.0871656388044357 0.165219768881798 0.0965923219919205 0.0271965377032757 0.0166405756026506 0.0103624137118459 0.00875335279852152 0.0108946124091744 0.0135954404249787 0.0160378646105528 0.0142707452178001 0.0128366677090526 0.0121628725901246 0.0117509644478559 0.0114718591794372 0.0109890652820468 0.0107722254469991 0.0105607248842716 0.0107029154896736 0.0104026468470693 0.0104744760319591 0.0105670606717467 0.0109665123745799 0.0119729600846767 0.0186188500374556 0.0551477260887623 0.113082140684128 0.175825864076614 0.23058919608593 0.245718777179718 0.221407696604729 0.196920990943909 0.15743750333786 0.124583706259727 0.102709576487541 0.0753332078456879 0.0567797347903252 0.0523797459900379 0.0454876981675625 0.0449552461504936 0.0398685112595558 0.0391659215092659 0.0401987358927727 0.0431565269827843 0.0486455783247948 0.0560387894511223 0.0627600252628326
-9999 -9999 -9999 -9999 -9999 -9999 -9999 0.0260885301977396 0.0617914646863937 0.187179297208786 0.273819983005524 0.142546266317368 0.0333854258060455 0.0239383950829506 0.0184023957699537 0.0163519401103258 0.0189849864691496 0.0219266023486853 0.0222019776701927 0.0169359128922224 0.0134551981464028 0.0125535894185305 0.0122042130678892 0.0120194023475051 0.011545343324542 0.0113412467762828 0.0113384500145912 0.011550048366189 0.011719448491931 0.0118604432791471 0.0121851237490773 0.0127320205792785 0.0133371315896511 0.0163201615214348 0.0275816675275564 0.0516456589102745 0.082533098757267 0.113891579210758 0.118318863213062 0.10028475522995 0.0802370607852936 0.0557059720158577 0.047018725425005 0.0426318757236004 0.0359999760985374 0.0322967208921909 0.0271880347281694 0.0268165040761232 0.0258923713117838 0.0215906854718924 0.0207619890570641 0.025001335889101 0.0333384536206722 0.0396951027214527 0.0427797399461269 0.0467961058020592
-9999 -9999 -9999 -9999 -9999 -9999 0.111680693924427 0.0971560552716255 0.178566291928291 0.2842658162117 0.345691591501236 0.169045448303223 0.0380451418459415 0.029397526755929 0.0263231713324785 0.0258541647344828 0.0299863331019878 0.0327732153236866 0.0341979674994946 0.0252592582255602 0.0172983016818762 0.0143642239272594 0.0129648204892874 0.0127666797488928 0.0124681070446968 0.0122395819053054 0.0123359803110361 0.0128396544605494 0.0129311941564083 0.0132211539894342 0.0136631699278951 0.0139816366136074 0.0147068705409765 0.0161876976490021 0.0243825484067202 0.0326287820935249 0.0379903689026833 0.0426594354212284 0.0441523641347885 0.041034173220396 0.0378048792481422 0.0342926122248173 0.0276072453707457 0.0252956040203571 0.0197144243866205 0.017002621665597 0.0150305582210422 0.0113887675106525 0.0116770593449473 0.0139566296711564 0.0181499291211367 0.0222161114215851 0.0349329523742199 0.041581928730011 0.0401173457503319 0.0448461025953293
-9999 -9999 -9999 -9999 -9999 -9999 0.160754591226578 0.179297879338264 0.270687580108643 0.321583360433578 0.33458086848259 0.173897311091423 0.043310672044754 0.0380224734544754 0.0376616790890694 0.0395429283380508 0.0422394536435604 0.0448056757450104 0.0444248355925083 0.0369732417166233 0.0284434705972672 0.0238932017236948 0.0203223414719105 0.0204082056879997 0.020419005304575 0.0196247771382332 0.0203383509069681 0.0205674115568399 0.020929267629981 0.0213246904313564 0.0206198673695326 0.0204624067991972 0.0193887259811163 0.0181309171020985 0.0199844762682915 0.0254722032696009 0.0286583732813597 0.03070386685431 0.0302323866635561 0.0267512071877718 0.0236521139740944 0.0183724611997604 0.0147462021559477 0.0126210758462548 0.00882949028164148 0.00905979331582785 0.00988320540636778 0.0131904045119882 0.0193825867027044 0.0268322229385376 0.035898394882679 0.0460156053304672 0.0598612911999226 0.0660855546593666 0.0650882124900818 0.0627180710434914
-9999 -9999 -9999 -9999 -9999 -9999 0.197243422269821 0.216425135731697 0.295517295598984 0.32395076751709 0.308629930019379 0.167847886681557 0.0501564666628838 0.0444178953766823 0.0447006076574326 0.0470997728407383 0.0536215342581272 0.0573870800435543 0.0571185052394867 0.0473588816821575 0.0379716865718365 0.0344210155308247 0.030711330473423 0.0307727996259928 0.0298619214445353 0.0300603061914444 0.0296373832970858 0.0312129408121109 0.0313584916293621 0.0306945107877254 0.0315146036446095 0.0295495819300413 0.0295796096324921 0.027551731094718 0.0236995331943035 0.0227596815675497 0.0221707224845886 0.0221038851886988 0.0213527455925941 0.0175057128071785 0.0143569428473711 0.0135014681145549 0.014962307177484 0.0178598780184984 0.0187367107719183 0.0229391325265169 0.0239143278449774 0.0281626954674721 0.0383748412132263 0.045162744820118 0.0599552430212498 0.0651863813400269 0.0729882717132568 0.0785119384527206 0.0799383223056793 0.075432151556015
-9999 -9999 -9999 -9999 -9999 -9999 -9999 0.198887810111046 0.274401664733887 0.310229122638702 0.300174057483673 0.18094989657402 0.0566989369690418 0.0525270029902458 0.0544351041316986 0.0580849647521973 0.0638671591877937 0.0669941604137421 0.065566323697567 0.0588800124824047 0.0515187457203865 0.047145314514637 0.0435677915811539 0.0434925183653831 0.0440035089850426 0.0438991039991379 0.0450212620198727 0.0453132651746273 0.0457309782505035 0.0463746562600136 0.0456068515777588 0.0454102493822575 0.0437069162726402 0.0413820035755634 0.0381295531988144 0.0343489646911621 0.0307322759181261 0.0272091925144196 0.0262506753206253 0.0274286400526762 0.0300843790173531 0.0320998877286911 0.0353963300585747 0.0418297611176968 0.044990710914135 0.0491632595658302 0.0489925965666771 0.0493834130465984 0.0640000626444817 0.0758971497416496 0.0907765850424767 0.102211207151413 0.113364852964878 0.118852481245995 0.123628236353397 0.120304428040981
-9999 -9999 -9999 -9999 -9999 -9999 -9999 -9999 0.230670481920242 0.276931822299957 0.336379587650299 0.201339811086655 0.0702305287122726 0.0587942376732826 0.0625388994812965 0.0674279555678368 0.0812833607196808 0.0802512466907501 0.0716248825192451 0.0634222999215126 0.056542307138443 0.053548451513052 0.0512304492294788 0.0531036257743835 0.0518733225762844 0.0532782375812531 0.0557285584509373 0.0591980963945389 0.0607487261295319 0.0627525597810745 0.0641590282320976 0.0615210719406605 0.0597318671643734 0.05727593973279 0.0542648285627365 0.0550462044775486 0.0509047731757164 0.0501293353736401 0.0533614233136177 0.0525237619876862 0.0589873418211937 0.0624575950205326 0.0686404183506966 0.0790600851178169 0.0820237547159195 0.0933165997266769 0.0886275395750999 0.0822631344199181 0.0928101241588593 0.10708087682724 0.121810495853424 0.134602472186089 0.145120292901993 0.157838836312294 0.172638818621635 0.188411206007004
-9999 -9999 -9999 -9999 -9999 -9999 0.151919260621071 0.140049234032631 0.196396857500076 0.233772829174995 0.252015620470047 0.188484221696854 0.103916592895985 0.0828668624162674 0.105398178100586 0.133988127112389 0.128819823265076 0.0994202792644501 0.0792630836367607 0.0709462016820908 0.0653323009610176 0.0618936493992805 0.0610764995217323 0.0667407587170601 0.0731335058808327 0.0788662806153297 0.0888363346457481 0.0975521802902222 0.106219612061977 0.111433126032352 0.111979410052299 0.111024811863899 0.107125379145145 0.10294096916914 0.0969390273094177 0.0930428206920624 0.090994231402874 0.0906784906983376 0.0955659449100494 0.095450147986412 0.0983333066105843 0.0995753109455109 0.104828149080276 0.120088890194893 0.134060010313988 0.144164144992828 0.140703409910202 0.131205469369888 0.126473799347878 0.134448900818825 0.146761149168015 0.160091862082481 0.172762975096703 0.184240788221359 0.190927669405937 0.193461894989014
-9999 -9999 -9999 -9999 -9999 0.310793817043304 0.128273144364357 0.147624641656876 0.184645563364029 0.200909346342087 0.202289506793022 0.191200330853462 0.151717782020569 0.151552677154541 0.192400187253952 0.259974509477615 0.200454816222191 0.132795289158821 0.0959754884243011 0.0809912905097008 0.0774987563490868 0.0791865438222885 0.0737419351935387 0.0824959278106689 0.100878231227398 0.117239363491535 0.132374092936516 0.147307857871056 0.163312181830406 0.178228810429573 0.17902210354805 0.179597645998001 0.173616454005241 0.164752244949341 0.149935856461525 0.138073861598969 0.142951339483261 0.143635019659996 0.151034727692604 0.144124507904053 0.149578243494034 0.153760999441147 0.15085457265377 0.167651429772377 0.187562718987465 0.210150957107544 0.192153349518776 0.16661149263382 0.16276952624321 0.179883882403374 0.201977327466011 0.192623734474182 0.198630467057228 0.207917556166649 0.206335857510567 0.194029271602631
-9999 -9999 -9999 -9999 -9999 0.396897166967392 0.164011642336845 0.1780074685812 0.199706628918648 0.197786629199982 0.188137277960777 0.202021405100822 0.225973442196846 0.249008238315582 0.269771903753281 0.287654519081116 0.237093195319176 0.172418519854546 0.129131719470024 0.131464123725891 0.134944796562195 0.133481845259666 0.127373814582825 0.136202156543732 0.155794069170952 0.174701124429703 0.192210808396339 0.209648922085762 0.231719672679901 0.253165483474731 0.267150193452835 0.269671142101288 0.259503245353699 0.246627539396286 0.226072192192078 0.211144119501114 0.209684684872627 0.212392807006836 0.218965396285057 0.215810462832451 0.213561475276947 0.213990360498428 0.217991471290588 0.224256813526154 0.234967291355133 0.237059697508812 0.230327621102333 0.216939270496368 0.21807949244976 0.231744349002838 0.239016234874725 0.244168505072594 0.239755526185036 0.234423160552979 0.232905074954033 0.226326376199722
-9999 -9999 -9999 -9999 -9999 -9999 0.227275103330612 0.224660292267799 0.237361058592796 0.200792610645294 0.169381037354469 0.183275476098061 0.252537161111832 0.275883376598358 0.258623749017715 0.292898386716843 0.238575026392937 0.198182508349419 0.188644513487816 0.186169937252998 0.209223389625549 0.206856563687325 0.212211400270462 0.227047309279442 0.245523527264595 0.273689299821854 0.28592386841774 0.307905256748199 0.316650241613388 0.327626496553421 0.350633323192596 0.345359802246094 0.341666966676712 0.329711019992828 0.30671963095665 0.290212273597717 0.289232760667801 0.28937292098999 0.288024604320526 0.274419784545898 0.264870554208755 0.263557076454163 0.263444483280182 0.267677217721939 0.267569035291672 0.272817254066467 0.274803459644318 0.27505162358284 0.281690299510956 0.293027520179749 0.288805782794952 0.297724813222885 0.291269749403 0.287924975156784 0.297323614358902 0.300020635128021
-9999 -9999 -9999 -9999 -9999 -9999 0.283359318971634 0.273715227842331 0.278787016868591 0.222167000174522 0.180672243237495 0.140794232487679 0.14052751660347 0.15777862071991 0.165663108229637 0.175752252340317 0.192537471652031 0.213314294815063 0.226331666111946 0.23610807955265 0.260631948709488 0.272605091333389 0.28845876455307 0.311008393764496 0.330746561288834 0.354434996843338 0.376774966716766 0.403116047382355 0.411190658807755 0.412030905485153 0.407714158296585 0.408754736185074 0.406276077032089 0.396567940711975 0.38024890422821 0.363802492618561 0.361897110939026 0.35867315530777 0.350729376077652 0.331847935914993 0.314238160848618 0.308087229728699 0.30379843711853 0.305615395307541 0.307528078556061 0.311754614114761 0.323108404874802 0.337354481220245 0.354810386896133 0.375926524400711 0.385856062173843 0.377577155828476 0.360919326543808 0.357391655445099 0.370354294776917 0.379007548093796
-9999 -9999 -9999 -9999 -9999 -9999 0.404935508966446 0.260758429765701 0.27480211853981 0.213258177042007 0.188821971416473 0.150148332118988 0.100374586880207 0.083130806684494 0.0886572748422623 0.0945186614990234 0.139659807085991 0.20957900583744 0.223437294363976 0.265351712703705 0.294835060834885 0.329108536243439 0.347487300634384 0.374981582164764 0.395864337682724 0.418413877487183 0.440739840269089 0.47212678194046 0.479976236820221 0.47735869884491 0.47293895483017 0.468641400337219 0.467111855745316 0.461534112691879 0.448661327362061 0.434802770614624 0.430005550384521 0.425355941057205 0.413780152797699 0.385833859443665 0.364629149436951 0.35558208823204 0.346155434846878 0.346123933792114 0.344978958368301 0.35169529914856 0.370728552341461 0.397113591432571 0.420919239521027 0.431784272193909 0.41313436627388 0.421220749616623 0.424922108650208 0.421066880226135 0.412632465362549 0.392459034919739
-9999 -9999 -9999 -9999 -9999 -9999 -9999 -9999 0.141458049416542 0.172518908977509 0.201221317052841 0.148404449224472 0.0893716514110565 0.0724156722426414 0.0661071017384529 0.0757737755775452 0.11513639986515 0.1787930727005 0.162713780999184 0.271283000707626 0.337653815746307 0.37580993771553 0.407568484544754 0.430685788393021 0.432972550392151 0.461832165718079 0.48288232088089 0.504988074302673 0.515576601028442 0.520182013511658 0.526709735393524 0.526067316532135 0.532321631908417 0.52911514043808 0.518501460552216 0.508977770805359 0.500206530094147 0.48939436674118 0.473008155822754 0.448653429746628 0.4249666929245 0.408751040697098 0.398044496774673 0.39556872844696 0.392623960971832 0.403445988893509 0.418434023857117 0.443631559610367 0.455551087856293 0.431000292301178 0.415304571390152 0.408644944429398 0.405074000358582 0.392115145921707 0.374546468257904 0.355538219213486
-9999 -9999 -9999 -9999 -9999 -9999 -9999 -9999 0.165876939892769 0.142442643642426 0.192910313606262 0.130173832178116 0.0736436620354652 0.0669611468911171 0.065077617764473 0.0665226355195045 0.104272186756134 0.173127412796021 0.129932284355164 0.276225924491882 0.368194043636322 0.415367424488068 0.448846697807312 0.473497182130814 0.478977680206299 0.487724035978317 0.502420604228973 0.528935968875885 0.533949255943298 0.542015075683594 0.556935966014862 0.556180536746979 0.570509016513824 0.577154874801636 0.570612490177155 0.569592297077179 0.558575212955475 0.547956168651581 0.530700206756592 0.504137873649597 0.482303202152252 0.465556979179382 0.460983455181122 0.459288865327835 0.451387196779251 0.463912159204483 0.479688882827759 0.482569664716721 0.457662045955658 0.43633896112442 0.415661513805389 0.404159814119339 0.393656075000763 0.375231623649597 0.355269908905029 0.331089943647385
-9999 -9999 -9999 -9999 -9999 -9999 -9999 -9999 -9999 0.122299127280712 0.158182099461555 0.100183218717575 0.0497656762599945 0.0613503903150558 0.0748299360275269 0.0673270970582962 0.108125671744347 0.191697239875793 0.150873392820358 0.29194575548172 0.392015516757965 0.439602464437485 0.463195770978928 0.493104577064514 0.509920179843903 0.524369239807129 0.543337821960449 0.558052957057953 0.566069304943085 0.568516492843628 0.570751845836639 0.575188934803009 0.583399057388306 0.599952936172485 0.605909168720245 0.614022374153137 0.606534838676453 0.599352836608887 0.582411110401154 0.557350814342499 0.535674571990967 0.517669081687927 0.511905670166016 0.503483951091766 0.493323355913162 0.501687228679657 0.518064498901367 0.49456387758255 0.465526700019836 0.436104893684387 0.412713199853897 0.39838519692421 0.386789351701736 0.36888062953949 0.343390822410583 0.320483595132828
-9999 -9999 -9999 -9999 -9999 -9999 -9999 -9999 -9999 -9999 0.122936248779297 0.0739514976739883 0.0481258071959019 0.0571255162358284 0.0805544406175613 0.075449176132679 0.125341221690178 0.219993725419044 0.230213940143585 0.324605077505112 0.399025648832321 0.444363653659821 0.473381668329239 0.500156760215759 0.522895157337189 0.54249632358551 0.558659851551056 0.578893303871155 0.586830377578735 0.592170894145966 0.595827996730804 0.598175287246704 0.613049030303955 0.625883102416992 0.628489255905151 0.639668345451355 0.63770580291748 0.635262966156006 0.623124837875366 0.600608229637146 0.581505835056305 0.559410035610199 0.542497575283051 0.532508790493011 0.519723534584045 0.526610851287842 0.548803865909576 0.510465264320374 0.475938856601715 0.44643634557724 0.419131964445114 0.401518255472183 0.38610565662384 0.368393540382385 0.351421922445297 0.331758230924606
-9999 -9999 -9999 -9999 -9999 -9999 -9999 -9999 -9999 -9999 -9999 0.0571461394429207 0.0483394376933575 0.0482539087533951 0.0736946612596512 0.0893043875694275 0.134212300181389 0.226770326495171 0.2973513007164 0.324835866689682 0.376753091812134 0.421752542257309 0.466777443885803 0.50350821018219 0.521414339542389 0.550558030605316 0.564005434513092 0.58293890953064 0.594858288764954 0.604795813560486 0.615615844726562 0.619406044483185 0.630373120307922 0.64690762758255 0.657269477844238 0.664576709270477 0.661197006702423 0.657674133777618 0.648376822471619 0.634870886802673 0.621231377124786 0.599106252193451 0.58186811208725 0.567868709564209 0.55719929933548 0.566627562046051 0.564657866954803 0.529360115528107 0.494252175092697 0.461163252592087 0.430462658405304 0.409297853708267 0.388929069042206 0.374132722616196 0.365693747997284 0.351471960544586
