meets/meet004/_saidas_enm/CCSM_Maxent_21k_Aralia_warmingiana3.asc
NCOLS 154 
NROWS 168 
XLLCORNER -112 
YLLCORNER -55.5 
CELLSIZE 0.5 
NODATA_value -9999 
[rows 75 to 99 of 168, columns 56 to 111 of 154]
-9999 -9999 -9999 -9999 -9999 -9999 -9999 -9999 -9999 -9999 -9999 0.123760275542736 0.123942665755749 0.11988353729248 0.125611707568169 0.156394794583321 0.24715867638588 0.397413849830627 0.523617744445801 0.590248346328735 0.638958096504211 0.659020364284515 0.676630020141602 0.685671508312225 0.692678570747375 0.694178760051727 0.696392297744751 0.700259208679199 0.703263640403748 0.706648170948029 0.710335314273834 0.712289094924927 0.714384913444519 0.714688658714294 0.713573217391968 0.711992502212524 0.705842196941376 0.699087858200073 0.689060688018799 0.675702691078186 0.662902295589447 0.647302865982056 0.633104801177979 0.617506682872772 0.599228620529175 0.585250556468964 0.574973046779633 0.556934952735901 0.523127734661102 0.491060703992844 0.457284301519394 0.433445751667023 0.409007996320724 0.389448195695877 0.375117033720016 0.361652970314026
-9999 -9999 -9999 -9999 -9999 -9999 -9999 -9999 -9999 -9999 -9999 0.151197299361229 0.150377184152603 0.1363415569067 0.121333874762058 0.130301743745804 0.171978414058685 0.248380661010742 0.355736702680588 0.462450295686722 0.579216837882996 0.635778367519379 0.667319476604462 0.681763768196106 0.697226583957672 0.700136482715607 0.70306670665741 0.706659078598022 0.710418283939362 0.713905394077301 0.71831864118576 0.719958424568176 0.722203195095062 0.723176419734955 0.723395168781281 0.722932875156403 0.719132125377655 0.714374125003815 0.706251621246338 0.696020841598511 0.684120178222656 0.670765995979309 0.654968202114105 0.637382328510284 0.621865153312683 0.60800439119339 0.598539471626282 0.586158752441406 0.555483460426331 0.523146212100983 0.492159277200699 0.462976157665253 0.431614905595779 0.408336579799652 0.390676736831665 0.373626261949539
-9999 -9999 -9999 -9999 -9999 -9999 -9999 -9999 -9999 -9999 -9999 -9999 0.171234279870987 0.152111783623695 0.136265650391579 0.131138622760773 0.120682537555695 0.127951249480247 0.170390650629997 0.278829783201218 0.425238013267517 0.537590324878693 0.63342809677124 0.668119966983795 0.686161994934082 0.700220346450806 0.70713073015213 0.710103034973145 0.714426040649414 0.719742953777313 0.724192500114441 0.726215600967407 0.728134989738464 0.729208409786224 0.730691492557526 0.731640100479126 0.730506300926208 0.727767407894135 0.721991181373596 0.714369356632233 0.704233407974243 0.690529406070709 0.668209433555603 0.6562180519104 0.651049911975861 0.635947048664093 0.625473201274872 0.608697652816772 0.581144273281097 0.549026846885681 0.514009296894073 0.487472593784332 0.461815357208252 0.440609186887741 0.423664420843124 0.408918738365173
-9999 -9999 -9999 -9999 -9999 -9999 -9999 -9999 -9999 -9999 -9999 -9999 0.197917684912682 0.162817671895027 0.153636693954468 0.141770660877228 0.0882846415042877 0.0579714849591255 0.0664871260523796 0.118868187069893 0.241899728775024 0.387037962675095 0.550223588943481 0.639005839824677 0.674447894096375 0.6877720952034 0.703913629055023 0.708854913711548 0.714360177516937 0.722072601318359 0.72775936126709 0.729054152965546 0.731895446777344 0.734257698059082 0.735986292362213 0.738117158412933 0.737683117389679 0.736244559288025 0.734940409660339 0.729526519775391 0.721869826316833 0.703501045703888 0.670283436775208 0.654747545719147 0.655414819717407 0.648189842700958 0.632700085639954 0.617745280265808 0.595478534698486 0.561743676662445 0.532198309898376 0.512641787528992 0.494464814662933 0.479986578226089 0.464417964220047 0.371829241514206
-9999 -9999 -9999 -9999 -9999 -9999 -9999 -9999 -9999 -9999 -9999 -9999 -9999 0.199111133813858 0.159244105219841 0.107993945479393 0.0654733031988144 0.0386732257902622 0.0359938032925129 0.0497128330171108 0.0904366075992584 0.186081886291504 0.366792559623718 0.51310259103775 0.580691933631897 0.644256949424744 0.677122890949249 0.695278346538544 0.710480213165283 0.719280302524567 0.724950551986694 0.730527758598328 0.733712017536163 0.736659586429596 0.73958146572113 0.741007387638092 0.741732478141785 0.738890171051025 0.736925899982452 0.733820676803589 0.733396232128143 0.723403453826904 0.692659318447113 0.672132194042206 0.660588324069977 0.643684327602386 0.63383936882019 0.624140501022339 0.603073298931122 0.581202805042267 0.557985007762909 0.540980160236359 0.523341596126556 0.511141121387482 0.413851290941238 0.336122542619705
-9999 -9999 -9999 -9999 -9999 -9999 -9999 -9999 -9999 -9999 -9999 -9999 -9999 0.26384162902832 0.163382217288017 0.0746994167566299 0.0539705976843834 0.030291523784399 0.024840947240591 0.0271611232310534 0.0297832954674959 0.0604415275156498 0.154269024729729 0.272831737995148 0.35322093963623 0.522920429706573 0.593689680099487 0.650487184524536 0.683601021766663 0.708459317684174 0.71816611289978 0.722898066043854 0.732588469982147 0.736177086830139 0.739995002746582 0.741877615451813 0.745176553726196 0.745319008827209 0.741610109806061 0.733732998371124 0.726235866546631 0.730525970458984 0.716680765151978 0.693405330181122 0.669803202152252 0.634132921695709 0.635675072669983 0.61728709936142 0.595014572143555 0.577939510345459 0.560055017471313 0.55013120174408 0.541650116443634 0.457813322544098 0.3724544942379 0.301426380872726
-9999 -9999 -9999 -9999 -9999 -9999 -9999 -9999 -9999 -9999 -9999 -9999 -9999 -9999 0.206363007426262 0.110039584338665 0.0601450428366661 0.0341659933328629 0.0248323809355497 0.0197192281484604 0.0186748802661896 0.0191291589289904 0.0200102310627699 0.0300954151898623 0.0673454999923706 0.154617667198181 0.285152971744537 0.491865575313568 0.594589412212372 0.638748645782471 0.682437419891357 0.705592513084412 0.705537617206573 0.702691078186035 0.718408644199371 0.721105635166168 0.722338676452637 0.733987629413605 0.743614315986633 0.746178269386292 0.732785403728485 0.730032682418823 0.727291643619537 0.717413187026978 0.691717028617859 0.663615047931671 0.649848937988281 0.626465380191803 0.59796279668808 0.57749205827713 0.55926525592804 0.546434342861176 0.443138748407364 0.377897173166275 0.333298444747925 0.282524079084396
-9999 -9999 -9999 -9999 -9999 -9999 -9999 -9999 -9999 -9999 -9999 -9999 -9999 -9999 0.265572518110275 0.137444630265236 0.0896031484007835 0.0447569899260998 0.0288743544369936 0.0196539014577866 0.0139598827809095 0.00659704767167568 0.00258453562855721 0.00231265765614808 0.00568038690835238 0.013422361575067 0.0355118736624718 0.153698831796646 0.32781970500946 0.445397228002548 0.60629403591156 0.655282020568848 0.683029413223267 0.657466411590576 0.674604475498199 0.654366552829742 0.65383905172348 0.658173978328705 0.696355223655701 0.738803744316101 0.742245733737946 0.736742436885834 0.723221600055695 0.714446425437927 0.706498205661774 0.68158370256424 0.663403332233429 0.644162535667419 0.60523396730423 0.588837742805481 0.546598017215729 0.497622102499008 0.377765506505966 0.322645992040634 0.295534402132034 0.287054479122162
-9999 -9999 -9999 -9999 -9999 -9999 -9999 -9999 -9999 -9999 -9999 -9999 -9999 -9999 -9999 0.260944157838821 0.148865148425102 0.0710172206163406 0.0371930338442326 0.0207352433353662 0.0115935690701008 0.00563284102827311 0.00151535449549556 0.000851961085572839 0.000844739901367575 0.000942262355238199 0.00186686299275607 0.00391379231587052 0.0162603016942739 0.103560365736485 0.329364627599716 0.550926864147186 0.66014963388443 0.634789347648621 0.62881064414978 0.615528464317322 0.620539426803589 0.626372694969177 0.650166988372803 0.680791556835175 0.724416613578796 0.73213654756546 0.726502239704132 0.70931875705719 0.706605434417725 0.69883519411087 0.680782318115234 0.662379801273346 0.649275124073029 0.640836775302887 0.602419555187225 0.504461705684662 0.394690155982971 0.336657494306564 0.298692673444748 0.255046546459198
-9999 -9999 -9999 -9999 -9999 -9999 -9999 -9999 -9999 -9999 -9999 -9999 -9999 -9999 -9999 0.399614542722702 0.24784030020237 0.12265706807375 0.0535890609025955 0.0253386721014977 0.0138278100639582 0.00831129029393196 0.00245877029374242 0.00127374741714448 0.000663399987388402 0.00014114570512902 0.000277170853223652 0.000162977754371241 0.00086562754586339 0.0144658526405692 0.100405387580395 0.313412100076675 0.596554398536682 0.670251846313477 0.643256783485413 0.612027883529663 0.600588500499725 0.601837158203125 0.598642528057098 0.585881412029266 0.605714619159698 0.717195451259613 0.730353951454163 0.680622935295105 0.690090239048004 0.698604226112366 0.684463381767273 0.67570698261261 0.666044414043427 0.662432432174683 0.607865989208221 0.529072821140289 0.431075751781464 0.376381456851959 0.322292357683182 0.276354223489761
-9999 -9999 -9999 -9999 -9999 -9999 -9999 -9999 -9999 -9999 -9999 -9999 -9999 -9999 -9999 0.157689049839973 0.323933243751526 0.215880855917931 0.115593545138836 0.0509558618068695 0.023120941594243 0.0158053021878004 0.0122138550505042 0.00640287576243281 0.00425057113170624 0.00231827236711979 0.00140911224298179 0.000752154213842005 0.00138692173641175 0.00676005147397518 0.0297983400523663 0.143078312277794 0.406989693641663 0.62060409784317 0.673250913619995 0.659138202667236 0.63675844669342 0.594414532184601 0.556002378463745 0.510635435581207 0.50082540512085 0.661227583885193 0.728310883045197 0.659771263599396 0.642849326133728 0.677322030067444 0.6910679936409 0.689265012741089 0.686223149299622 0.682889878749847 0.607042074203491 0.540790855884552 0.474101185798645 0.425126522779465 0.378455728292465 0.334882438182831
-9999 -9999 -9999 -9999 -9999 -9999 -9999 -9999 -9999 -9999 -9999 -9999 -9999 -9999 -9999 -9999 0.292728751897812 0.326670855283737 0.234955012798309 0.12664270401001 0.049979530274868 0.0310478769242764 0.0264968480914831 0.0210528895258904 0.0171511638909578 0.0156769752502441 0.00928099825978279 0.00569109665229917 0.00453398190438747 0.00574376946315169 0.0135688139125705 0.0512617714703083 0.195800721645355 0.420052707195282 0.595458269119263 0.675881743431091 0.70026832818985 0.65466320514679 0.615661978721619 0.565997838973999 0.511117100715637 0.695728659629822 0.715286314487457 0.625386834144592 0.627935349941254 0.668796002864838 0.710380017757416 0.716787338256836 0.712640285491943 0.696980357170105 0.630403518676758 0.578311145305634 0.499006748199463 0.448814332485199 0.388627648353577 0.345802217721939
-9999 -9999 -9999 -9999 -9999 -9999 -9999 -9999 -9999 -9999 -9999 -9999 -9999 -9999 -9999 -9999 -9999 0.271763473749161 0.34522345662117 0.272784233093262 0.192341908812523 0.0876048803329468 0.0410876460373402 0.0262161232531071 0.0243472512811422 0.0251757279038429 0.0194429792463779 0.0149103999137878 0.0107842339202762 0.0062351431697607 0.00734103424474597 0.0173711720854044 0.0459324419498444 0.139602318406105 0.354643940925598 0.582028865814209 0.670300781726837 0.706373631954193 0.719540297985077 0.722672939300537 0.732020735740662 0.729985356330872 0.687094390392303 0.646658182144165 0.676106214523315 0.71597546339035 0.727990031242371 0.729894995689392 0.722105324268341 0.714123427867889 0.648258209228516 0.577635943889618 0.51322340965271 0.462157785892487 0.396013587713242 0.340781092643738
-9999 -9999 -9999 -9999 -9999 -9999 -9999 -9999 -9999 -9999 -9999 -9999 -9999 -9999 -9999 -9999 -9999 -9999 -9999 0.321991324424744 0.341284662485123 0.19230592250824 0.0916699767112732 0.0478348471224308 0.0321276523172855 0.0316241197288036 0.0290795564651489 0.0262584984302521 0.0192838218063116 0.0103043653070927 0.00563754420727491 0.00842251349240541 0.0129359681159258 0.0342212803661823 0.124968625605106 0.33742356300354 0.514650940895081 0.65209972858429 0.682231903076172 0.698839128017426 0.652439296245575 0.69795161485672 0.689748644828796 0.69595068693161 0.721953749656677 0.727823853492737 0.736023724079132 0.730559587478638 0.722251534461975 0.71277129650116 0.671124517917633 0.602790534496307 0.503720998764038 0.454881697893143 0.414585262537003 0.361173808574677
-9999 -9999 -9999 -9999 -9999 -9999 -9999 -9999 -9999 -9999 -9999 -9999 -9999 -9999 -9999 -9999 -9999 -9999 -9999 -9999 -9999 0.274888008832932 0.185377210378647 0.111545227468014 0.0593814179301262 0.0308548808097839 0.032717626541853 0.0340475812554359 0.0281312260776758 0.0181182902306318 0.0114372624084353 0.0065517695620656 0.00531450007110834 0.00941900629550219 0.0310536734759808 0.0957589372992516 0.252623319625854 0.491528153419495 0.616871237754822 0.672885835170746 0.710066795349121 0.720516681671143 0.728468060493469 0.733641505241394 0.734853446483612 0.736935913562775 0.736338913440704 0.732754707336426 0.725108027458191 0.710486948490143 0.682189047336578 0.596378147602081 0.517050981521606 0.472659409046173 0.443483352661133 0.414044469594955
-9999 -9999 -9999 -9999 -9999 -9999 -9999 -9999 -9999 -9999 -9999 -9999 -9999 -9999 -9999 -9999 -9999 -9999 -9999 -9999 -9999 -9999 -9999 0.219323500990868 0.135958045721054 0.0708406269550323 0.0513229966163635 0.0419287458062172 0.0379958748817444 0.0302809998393059 0.0202585849910975 0.0106214871630073 0.0050128074362874 0.00574799766764045 0.0103627434000373 0.0240298509597778 0.0806455090641975 0.232089936733246 0.422108590602875 0.567178905010223 0.672069311141968 0.714589536190033 0.729161083698273 0.7326580286026 0.733029782772064 0.733326971530914 0.731657266616821 0.728003919124603 0.721381485462189 0.707948327064514 0.67900013923645 0.643521785736084 0.561052083969116 0.510220408439636 0.486211836338043 0.471051573753357
-9999 -9999 -9999 -9999 -9999 -9999 -9999 -9999 -9999 -9999 -9999 -9999 -9999 -9999 -9999 -9999 -9999 -9999 -9999 -9999 -9999 -9999 -9999 -9999 -9999 0.234821304678917 0.135626062750816 0.0714562833309174 0.0458190254867077 0.0459317974746227 0.0374638922512531 0.0236148089170456 0.0138248782604933 0.008844337426126 0.00728816259652376 0.00879298336803913 0.0248270835727453 0.0647567212581635 0.179784446954727 0.398249268531799 0.587572634220123 0.68397057056427 0.719434440135956 0.723328828811646 0.726112484931946 0.72459614276886 0.722595751285553 0.717221736907959 0.711804509162903 0.703048229217529 0.673020720481873 0.639169812202454 0.622132778167725 0.564171493053436 0.496588528156281 0.466792643070221
-9999 -9999 -9999 -9999 -9999 -9999 -9999 -9999 -9999 -9999 -9999 -9999 -9999 -9999 -9999 -9999 -9999 -9999 -9999 -9999 -9999 -9999 -9999 -9999 -9999 0.338987588882446 0.248437911272049 0.155132830142975 0.102047294378281 0.074000783264637 0.0586065165698528 0.0483527258038521 0.0344173982739449 0.0227815620601177 0.0130625916644931 0.0102743031457067 0.0183864776045084 0.0340305753052235 0.0917462110519409 0.263645380735397 0.48262944817543 0.634478211402893 0.710303962230682 0.716370522975922 0.719875574111938 0.720997393131256 0.719237625598907 0.714996576309204 0.710294961929321 0.703558921813965 0.683630645275116 0.644069135189056 0.616661369800568 0.595825910568237 0.573270201683044 0.518882036209106
-9999 -9999 -9999 -9999 -9999 -9999 -9999 -9999 -9999 -9999 -9999 -9999 -9999 -9999 -9999 -9999 -9999 -9999 -9999 -9999 -9999 -9999 -9999 -9999 -9999 -9999 -9999 0.274461656808853 0.202910959720612 0.132005408406258 0.0271764416247606 0.0392182022333145 0.0614218451082706 0.0497157089412212 0.0330043695867062 0.0266822166740894 0.0245680175721645 0.0314494296908379 0.0721815451979637 0.197484388947487 0.402764737606049 0.587197780609131 0.704346835613251 0.714112341403961 0.719033002853394 0.72049605846405 0.719225525856018 0.718919456005096 0.715571939945221 0.709378361701965 0.699968218803406 0.64867889881134 0.610997200012207 0.58857786655426 0.574739336967468 0.568984508514404
-9999 -9999 -9999 -9999 -9999 -9999 -9999 -9999 -9999 -9999 -9999 -9999 -9999 -9999 -9999 -9999 -9999 -9999 -9999 -9999 -9999 -9999 -9999 -9999 -9999 -9999 -9999 0.336109101772308 0.316634237766266 0.210932612419128 0.044575821608305 0.0395024009048939 0.0788209289312363 0.0735619813203812 0.0578939616680145 0.0457795858383179 0.0357352383434772 0.0381873548030853 0.0687344372272491 0.165367066860199 0.344029664993286 0.544779360294342 0.678979396820068 0.717877268791199 0.719810128211975 0.719798266887665 0.71822726726532 0.719336330890656 0.717253088951111 0.712468862533569 0.688547849655151 0.634042203426361 0.592500448226929 0.578056216239929 0.587174296379089 0.611507475376129
-9999 -9999 -9999 -9999 -9999 -9999 -9999 -9999 -9999 -9999 -9999 -9999 -9999 -9999 -9999 -9999 -9999 -9999 -9999 -9999 -9999 -9999 -9999 -9999 -9999 -9999 -9999 -9999 0.400754600763321 0.300370752811432 0.140335783362389 0.0971022918820381 0.0928677022457123 0.0820052921772003 0.0719541236758232 0.0601379461586475 0.0465759187936783 0.0429040677845478 0.0674244537949562 0.146134480834007 0.31089574098587 0.51038008928299 0.656612694263458 0.732281088829041 0.728148639202118 0.718633651733398 0.719277620315552 0.719553351402283 0.716309547424316 0.706668436527252 0.666194200515747 0.621418178081512 0.569564044475555 0.567546248435974 0.609150648117065 0.640186548233032
-9999 -9999 -9999 -9999 -9999 -9999 -9999 -9999 -9999 -9999 -9999 -9999 -9999 -9999 -9999 -9999 -9999 -9999 -9999 -9999 -9999 -9999 -9999 -9999 -9999 -9999 -9999 -9999 0.391338795423508 0.349874377250671 0.194730937480927 0.117177955806255 0.065386027097702 0.0565893389284611 0.0724483355879784 0.0634958446025848 0.050450824201107 0.0469859093427658 0.0685590207576752 0.14054462313652 0.278811156749725 0.44894403219223 0.564205050468445 0.685869514942169 0.730118453502655 0.738025724887848 0.725111186504364 0.705823183059692 0.675189971923828 0.68149745464325 0.67167741060257 0.63150280714035 0.582205832004547 0.59524142742157 0.647486567497253 0.644058167934418
-9999 -9999 -9999 -9999 -9999 -9999 -9999 -9999 -9999 -9999 -9999 -9999 -9999 -9999 -9999 -9999 -9999 -9999 -9999 -9999 -9999 -9999 -9999 -9999 -9999 -9999 -9999 -9999 0.337626546621323 0.379818975925446 0.17322963476181 0.104950040578842 0.0409684106707573 0.0357769690454006 0.0605726093053818 0.0642209574580193 0.04948440939188 0.0423847809433937 0.0614046603441238 0.131545647978783 0.202862128615379 0.322937667369843 0.430077940225601 0.536774635314941 0.580477058887482 0.609686732292175 0.738514244556427 0.672000825405121 0.636989951133728 0.673344731330872 0.700506389141083 0.654327392578125 0.6067875623703 0.638640105724335 0.650708734989166 0.64791738986969
-9999 -9999 -9999 -9999 -9999 -9999 -9999 -9999 -9999 -9999 -9999 -9999 -9999 -9999 -9999 -9999 -9999 -9999 -9999 -9999 -9999 -9999 -9999 -9999 -9999 -9999 -9999 -9999 0.31594055891037 0.326560348272324 0.204226106405258 0.08193539083004 0.0404251627624035 0.0362606644630432 0.0552743151783943 0.0562290549278259 0.0421187356114388 0.0393316894769669 0.0611345022916794 0.121997810900211 0.154941111803055 0.247380718588829 0.362058103084564 0.463613450527191 0.484838515520096 0.490164548158646 0.657563507556915 0.730858862400055 0.701350390911102 0.688392043113708 0.686297714710236 0.675177872180939 0.667028784751892 0.66071629524231 0.656531810760498 0.651492416858673
-9999 -9999 -9999 -9999 -9999 -9999 -9999 -9999 -9999 -9999 -9999 -9999 -9999 -9999 -9999 -9999 -9999 -9999 -9999 -9999 -9999 -9999 -9999 -9999 -9999 -9999 -9999 -9999 0.294783174991608 0.258812636137009 0.166158393025398 0.0644567236304283 0.0407135374844074 0.0392682775855064 0.0589648336172104 0.0529599599540234 0.0373072437942028 0.0352173708379269 0.0597256496548653 0.109974607825279 0.132650092244148 0.246805474162102 0.390740007162094 0.48522487282753 0.491977781057358 0.490022242069244 0.563209414482117 0.705342411994934 0.723515629768372 0.696007072925568 0.64788681268692 0.676352083683014 0.671079993247986 0.667211055755615 0.661854922771454 0.632357954978943
