meets/meet004/_saidas_enm/CCSM_Maha_6k_Aralia_warmingiana3.asc
NCOLS 154 
NROWS 168 
XLLCORNER -112 
YLLCORNER -55.5 
CELLSIZE 0.5 
NODATA_value -9999 
[rows 50 to 74 of 168, columns 56 to 111 of 154]
-9999 -9999 -9999 -9999 -9999 -9999 -9999 -9999 -9999 -9999 -9999 -9999 -9999 -428.178167977585 -203.474565498127 -89.8026676260296 -50.2546690352205 -35.9838595414327 -28.3913113144246 -17.791941809913 -7.8862457865894 -4.60185318780423 -10.0230273002466 -17.0668913186485 -23.8336661702789 -33.431886297393 -45.1380476398413 -65.1552583934465 -84.5710812094465 -108.747081724396 -127.807282572435 -112.661899478365 -88.7992746879256 -55.974227847838 -24.3793544540709 -12.2147240881328 -7.93114559952953 -12.2399251250027 -18.3014853001591 -21.1204740730918 -22.613035562434 -23.0844695712018 -24.4863844357286 -30.9187074375401 -40.7317527199207 -45.5302073028598 -30.5101625252005 -21.8140530169529 -14.8446397116722 -10.287155873552 -12.6018372403309 -13.4525317627953 -13.5240172033648 -15.4959308836024 -18.3157745412784 -17.7426192069792
-9999 -9999 -9999 -9999 -9999 -9999 -9999 -9999 -9999 -9999 -9999 -9999 -9999 -235.640979493426 -120.39291608554 -58.0073365356954 -32.7022427580904 -23.8622333784071 -18.1750736739516 -11.751389007958 -5.66111967669897 -5.83223107554599 -11.4092133869156 -18.6135197648011 -26.4801002967483 -37.1626700118336 -50.881446470603 -71.2044668909522 -93.3891162416569 -115.868535508876 -129.704991274682 -114.79698814777 -85.3814133479792 -51.2664516217131 -25.3193975959271 -12.7498882453888 -8.87520410290902 -10.1478997219671 -13.1617087036496 -16.6444094683721 -17.5048155219516 -18.8159724023259 -21.7107293059096 -27.3272636604778 -39.1936046654733 -38.4889424000223 -27.3213174310874 -18.3454703920815 -11.7213891781079 -8.65035417921597 -9.98754458170505 -10.8001108133315 -11.8403605612561 -14.5833994885597 -18.5234974049859 -16.5919550349819
-9999 -9999 -9999 -9999 -9999 -9999 -9999 -9999 -9999 -9999 -9999 -326.951524926995 -208.853936424409 -123.887423013977 -71.2244965054301 -35.776523803193 -22.4557023089774 -16.1727631848731 -12.7894565289047 -10.0920704252733 -8.72607991647415 -11.731002765581 -18.2398505792537 -27.3446374425809 -39.1321612970704 -53.4982016235193 -74.5299897205948 -99.6199095135049 -128.371745788266 -159.838408369066 -175.080720732388 -148.28892086894 -107.959860178861 -64.0341991452003 -30.1511567628974 -14.1732647596737 -11.0028648877432 -12.2433477686788 -14.3581703122082 -18.3123312856841 -16.6175363906502 -18.1363895533118 -21.2967638314752 -25.7183567253623 -32.2150549936944 -29.489037728704 -18.6686990117679 -12.4224696910717 -7.42031218862787 -6.3068424201823 -9.23579856404931 -9.64729468847825 -11.4553805656757 -14.817682705997 -19.6905377477061 -16.1777553182396
-9999 -9999 -9999 -9999 -9999 -9999 -9999 -9999 -9999 -9999 -318.328866305395 -182.316855706942 -111.776164249291 -87.7237390327619 -58.0006789620335 -34.4541664024328 -22.3952757520361 -18.7670055590291 -17.1226993845922 -17.1248672246046 -18.8902892732581 -24.4555163787328 -33.2677394552798 -44.3508802511531 -59.8596227335212 -80.7273034019483 -107.813786153706 -139.180985432373 -172.035963475696 -199.888196017049 -207.898302245729 -173.648507891029 -123.233625732787 -72.9314539888384 -35.851155828698 -16.7832794021164 -11.3151425822083 -11.9217377483413 -14.5135909900808 -16.2720665513309 -17.824599705328 -21.3097183592622 -23.2534105122 -22.3296685111948 -19.2482140278458 -13.780593678727 -8.98276574548204 -5.89945473033589 -5.61450705617145 -8.34278763473066 -9.85819512847082 -11.7721437591254 -14.2250409783902 -18.1973390132229 -23.173990528612 -17.7935728597575
-9999 -9999 -9999 -9999 -9999 -9999 -9999 -9999 -9999 -9999 -173.680578554464 -82.1275682325137 -71.733156060557 -54.7362223368101 -50.1558281151453 -39.6483830371545 -32.5641323350107 -32.5828001207635 -33.8947694630631 -34.1318303327146 -37.1845933740663 -44.1419044850238 -53.6055884891739 -67.1172706803302 -88.3445443880327 -114.458088726554 -146.96619006423 -183.276926242607 -216.841187580549 -241.819654043176 -246.207161875725 -198.26290822622 -138.388579726604 -83.9803406563883 -42.7830118556409 -20.4440893992816 -13.1457820670776 -9.97577810688599 -10.5145217860184 -12.1141486584304 -12.3920760571592 -15.5997594528951 -15.2192007938195 -13.4640304849749 -10.6293693576449 -6.43354235650166 -6.1445247246811 -6.55322671012399 -8.77731700638476 -11.8765877093433 -13.5560276131753 -18.0378965771278 -22.260196181207 -26.7370465180469 -32.0570099487197 -22.3060322896954
-9999 -9999 -9999 -9999 -9999 -9999 -9999 -9999 -247.438835580858 -158.008651691737 -76.486832427632 -38.0982427124567 -47.3614247785537 -42.7278970922955 -40.3168277552108 -52.5332486280019 -51.0805757800056 -50.7849695394425 -54.1556293800978 -57.2447069303405 -62.8192255645764 -70.7421543067713 -80.3425979816608 -95.4548597645223 -122.068313926114 -155.444098773747 -191.895551585569 -229.747804663831 -261.886740809792 -277.293565197129 -269.007331874337 -218.036401117947 -154.251281815418 -96.0714229602978 -53.2702824979815 -28.3240995548583 -17.2527624620283 -12.0732617165847 -9.94349023309265 -9.74233355876489 -9.69799509182483 -11.1383966368779 -11.7786118529064 -10.9011275142526 -10.0459771235511 -9.75632902380489 -11.8121282896139 -15.7559343671411 -20.8942459358724 -23.491084046565 -27.1235570855165 -31.0964153062909 -36.0397703692485 -39.1232297460471 -40.8256004625029 -25.7907824036428
-9999 -9999 -9999 -9999 -9999 -9999 -9999 -9999 -160.523822945787 -82.7637806548878 -28.2686570051033 -14.5595012848754 -27.1736137976646 -28.6465956982498 -30.9256319873194 -44.9193789969183 -68.5123303492437 -75.4625259936829 -80.9134799790379 -89.2519297891457 -101.569038934912 -110.973506585058 -119.120192839635 -135.776365868007 -168.832213294547 -205.791376594843 -218.348740700312 -231.361751244595 -233.683394008468 -229.195403102181 -225.162274264652 -220.195113559458 -168.552873665568 -112.043302203348 -67.9272845196572 -41.5586799716441 -28.2300386814184 -19.5551405259337 -16.3809776823352 -15.684699031922 -15.4140839891005 -16.8468799291947 -17.8786546406955 -19.7560998479725 -23.3041091747188 -27.2789368541603 -31.8884553522979 -36.3433263250628 -42.46353370973 -47.9808953768262 -51.3828950485141 -54.8839771356604 -55.7902224930998 -54.4445760838372 -53.0688423893713 -31.4141311157379
-9999 -9999 -9999 -9999 -9999 -9999 -9999 -163.764334246259 -101.819045476044 -47.0582324248953 -11.6234413827836 -11.02493194444 -16.6115828153545 -17.1457523327126 -21.1294868558856 -36.208114425836 -56.848398843111 -86.9353107593356 -105.329563084378 -123.054376054945 -138.441583744303 -145.0391675116 -155.612181228518 -160.765652859899 -167.799723508576 -178.465695333725 -180.673820166081 -181.769869512412 -182.846296961361 -180.924045800582 -179.661984062852 -174.604430226974 -170.133898949829 -127.234804127995 -86.8548965621572 -61.4381833983821 -45.1454558912149 -35.6640478925676 -30.996730867161 -29.4440907920354 -29.4344674541533 -32.2529025665535 -36.3389953311526 -42.0262610710243 -49.9557398053879 -56.7471728110709 -62.4541669715452 -69.4410781132975 -79.3094570333072 -86.9863458389089 -89.8761459850706 -89.5232377250356 -83.2526201146768 -76.6358041652919 -69.8063681389578 -37.6436334142413
-9999 -9999 -9999 -9999 -9999 -9999 -9999 -121.467815415539 -57.7291697110495 -18.138414942867 -4.93420894352471 -11.4084518684665 -17.7568576431089 -15.2646276593766 -16.4841088308438 -27.833297041277 -46.6722424901144 -72.2524888403044 -88.2281086160634 -98.5682900383886 -110.799778945067 -119.415459208032 -130.649190467158 -131.820934058586 -131.258920637489 -137.721051925829 -138.406700696038 -145.108537402982 -143.584049809275 -135.451186867812 -134.662445198556 -132.506098750615 -136.392393054556 -136.772270969964 -107.319210706336 -83.6427665779459 -68.0513818417387 -57.5843843046716 -53.5579057764287 -53.5781921868422 -54.9720386257359 -61.2821210552819 -68.3400655480518 -80.1029334387738 -93.0664468464319 -101.337917082482 -112.162837133822 -124.738938258146 -138.977421756928 -145.355560701589 -142.261763266287 -130.755030505597 -117.567357128412 -104.766467000732 -89.717878677998 -49.3037399706613
-9999 -9999 -9999 -9999 -9999 -9999 -140.535808634439 -82.9757854842245 -31.6606363892886 -6.60763750606528 -2.13689205801775 -9.83749609334414 -24.0650389878867 -20.4847423860639 -15.4701399045198 -25.2691977600331 -39.2737596977825 -58.155580985968 -71.2422055425644 -79.8529625307761 -90.7331158317539 -96.5266728661959 -101.377958624791 -102.360715941037 -106.4310884127 -108.905964583201 -111.920554843413 -112.20161801133 -110.185105149717 -111.51095442709 -109.379407960693 -110.377097162785 -110.600103362038 -111.515451964938 -116.187361990371 -106.9287961048 -94.5888354255097 -88.090274640789 -86.2921595412273 -89.5419355327802 -97.0454207521338 -107.812689214417 -120.352733219481 -133.981788576038 -136.191054868259 -132.919513692032 -134.020954838084 -134.697602266844 -136.999762551164 -137.814754858868 -134.904620056521 -124.348667467393 -110.885146392791 -94.6550775835096 -83.1800836925514 -64.0214132815244
-9999 -9999 -9999 -9999 -9999 -9999 -109.58000746027 -55.0080128536869 -17.9892478542477 -3.13277402087349 -2.06312704551439 -9.39881756029756 -22.19708153928 -17.6933039092876 -14.8027336859903 -21.0513751739685 -34.3129376529234 -48.7499987597787 -57.3407783030347 -62.1031090326538 -67.7986977344056 -72.3532629144801 -76.7036252099758 -77.1968399304504 -78.0530653264637 -80.8795814310422 -82.0354521944191 -84.0872996330971 -84.0381002947249 -83.8727869406305 -85.511769487612 -86.2869746381029 -88.8711495430153 -90.6790145065586 -93.0509539082023 -96.8001384610461 -100.227313894326 -105.889197483241 -109.221830370892 -110.293166998497 -113.679646352889 -112.36304062485 -111.402590906254 -110.981484574253 -109.884797700225 -112.319548578577 -114.467697803341 -119.091545090961 -122.499968858312 -121.562743110212 -119.727792561492 -109.868180934644 -99.1989708866693 -85.8717770305804 -73.2220839716768 -63.3643165056598
-9999 -9999 -9999 -9999 -9999 -9999 -85.1043716417377 -41.8896636452716 -11.3256121398495 -1.85131443855016 -1.37212187495703 -5.85334326995258 -16.4365456389275 -11.0174647837086 -12.2224799767304 -19.6240636654169 -29.1477365229564 -40.4841108158192 -47.2737946589955 -51.5633968303423 -55.469937269979 -58.2104469042679 -61.0681143325545 -61.8739947376883 -63.8989933897522 -64.7790066898345 -66.5347126984315 -66.119011673212 -66.4162165945702 -68.5771289702399 -68.4521516198719 -71.0574456540506 -72.0842912301789 -74.1659604474098 -77.8123090247531 -79.1178644724399 -83.19122250839 -85.0763167999639 -88.7829336144397 -92.096667438891 -93.8038597929196 -95.7472819319471 -93.247468793373 -92.4528588685738 -94.8567470923088 -98.9651683675266 -104.198266365394 -106.921195921934 -109.339120468834 -110.422069795965 -107.45383615156 -99.7685594895255 -88.2653200223198 -75.4926581181056 -66.8323392166758 -56.8775354204846
-9999 -9999 -9999 -9999 -9999 -9999 -9999 -29.9765461715853 -8.08415433106822 -0.549485940676661 -1.3798919982072 -3.47303624114518 -9.553303842796 -8.00807635338883 -9.11824875466616 -16.179245444341 -24.6571273068772 -33.5098098938507 -39.109076333111 -41.4056107263967 -43.8686792811461 -46.1400848092313 -48.8459101336301 -49.7728099547536 -49.8549429000749 -50.7278307868933 -50.787113633428 -50.5916385098062 -49.6026817525855 -50.5123131170211 -52.3080410932637 -53.5559190995996 -55.983122364302 -57.6944251515047 -59.4678111294383 -62.6413125764173 -64.8614406837628 -68.4830298911514 -71.1080256208448 -72.4450649348225 -75.6071814906612 -75.6094656300684 -75.7437856607986 -74.5455216832967 -77.5976550934964 -83.4670212367561 -86.2125655075732 -90.0798474857183 -92.0521968413585 -91.1396687177297 -88.7989704818445 -81.6145326401224 -74.241298119906 -65.3687017680787 -57.7050220248865 -51.9446541112321
-9999 -9999 -9999 -9999 -9999 -9999 -9999 -9999 -6.50096897695291 -0.166271932854847 -1.52366207080856 -2.28033739498171 -6.62027035511396 -6.76627466224482 -8.95150396499679 -14.7244786693202 -21.4593975404123 -29.4870588819215 -34.075769717167 -36.6395416507667 -38.2002760048709 -39.5248659231169 -40.6649437626522 -40.9752878945992 -41.3715744686662 -40.9717552778696 -40.454414202385 -39.1339642126839 -37.9123792109917 -39.7035186717629 -40.5746968387149 -42.6688626089446 -44.1286997207787 -46.0173425389758 -48.866376432956 -51.6065226204433 -54.5992807875023 -57.0898438685023 -60.1192489295434 -62.3377806856224 -64.0655077536893 -64.9710529294433 -64.4872529389001 -63.068534027862 -66.6770675857515 -70.8005634145804 -74.4288389673695 -75.9279739077397 -78.8445356558309 -80.3010977092371 -78.7742276328866 -72.9632376342837 -66.1047533239907 -58.0953952142417 -53.7290073828976 -50.0086247640235
-9999 -9999 -9999 -9999 -9999 -9999 -21.1033454492661 -7.49197412323328 -0.410460303894818 -0.843967267230828 -1.84215853261054 -2.18021834414262 -5.9200694185619 -6.722020787799 -7.92639539326006 -12.7001579959009 -19.5613573668053 -25.5676661839289 -29.1825371114486 -30.5868241234783 -31.4207563194638 -31.8429458998765 -32.2850986777367 -32.2420089184371 -31.6249366625878 -31.2770602214058 -30.4378031835875 -29.7150661246294 -28.8308126954167 -29.1877515439624 -30.5367076449021 -31.7707297017377 -33.5135044148314 -34.9676940387489 -36.7046308249802 -39.4892418437344 -41.701980880647 -45.0213599178703 -47.7598340614933 -49.4829481922778 -51.2932819621625 -50.6001032959092 -49.9653824839906 -50.3287412338273 -56.8272058449604 -64.0785003596345 -68.6623232990053 -72.5125322114718 -74.973673370166 -75.5452502769356 -75.1034960740366 -70.0620502726431 -64.2174319901041 -57.0890737608922 -50.5713369851924 -45.4645422267478
-9999 -9999 -9999 -9999 -9999 -26.3953169775261 -7.9277468894361 -1.37639063926125 -1.75198311491672 -1.38675905635202 -1.58034753632843 -2.22306552825837 -5.97378545287374 -7.77501462488409 -8.78455615648278 -11.9461039967017 -17.9928584589281 -22.8857609505108 -25.2452870955805 -26.4969207896795 -26.2768922247206 -26.9650837369134 -26.3184557354477 -25.7385745444914 -25.6963264252078 -24.6723722835268 -23.8712233786287 -22.6267886512142 -21.6240001682175 -21.6792957982044 -22.1861948786412 -23.5214875455108 -24.6629912763362 -25.8907394954445 -28.1020682559342 -29.4775479209963 -32.1239712034798 -34.6522276718422 -37.1065050232136 -39.3576958441002 -41.8333548565723 -43.923747570336 -45.3075390214568 -47.7446540614259 -54.4958152086965 -62.0845305052306 -64.896476504808 -66.658154321872 -68.4220396461234 -70.1387927393534 -70.5855454817458 -65.3362541489699 -60.3658531179315 -54.2087408552803 -48.669771150359 -42.499202535441
-9999 -9999 -9999 -9999 -9999 -9.95156251398127 -1.99608903231484 -0.665412950785249 -1.95441251370846 -3.50340354410928 -2.75287461786797 -3.20470347985819 -5.1342205168231 -8.25408910533362 -9.50397085243194 -13.0269129046277 -15.9396130729011 -19.4990760408919 -21.0917162170082 -20.7916918914032 -20.6388250160671 -20.6296315949593 -20.4067063433743 -19.959744541516 -18.7986432431964 -17.9288867296917 -17.0675769656327 -16.3554105453083 -15.8316680971197 -15.4319508047784 -15.8968381487252 -16.8058756926596 -18.013523424914 -19.085195855254 -20.2765927494953 -22.0304586980789 -24.0256775846023 -26.7555250243331 -29.9495954020447 -33.5764162696083 -37.5574968856226 -40.3785824212077 -43.3647149922234 -45.8325967968841 -49.8419686320015 -54.8054856165593 -57.7841299012624 -60.0410870986779 -61.6611005878207 -62.3290605787447 -61.9730403053341 -58.9689785311251 -55.2272395904094 -50.6753061422979 -46.4576274690644 -43.0103142721642
-9999 -9999 -9999 -9999 -9999 -9999 -0.370769189519888 -0.789021267803717 -2.69490797445603 -4.4147955014617 -5.57453484005411 -4.47324874617733 -4.81009571328775 -6.70694141246038 -8.19789585488046 -12.8589343167557 -14.350399066551 -17.1802489691404 -17.5961681871535 -16.7671937137093 -16.7213400789802 -15.7537666634134 -15.1370228148049 -14.2621093423378 -13.2587054954224 -12.8124414761405 -11.995731984705 -11.5451034708775 -11.2148604105225 -11.1576648830217 -11.7778890722608 -11.7425959415108 -12.7869733059894 -13.4979328907678 -14.3164850508837 -16.1246025419471 -18.5044846858968 -22.2346234865887 -25.8224821664622 -29.0920756267057 -33.4465961595319 -36.2105556875483 -39.8937819549245 -41.8724684580871 -42.4830758122731 -47.5956125769658 -49.9694786237238 -52.5275364690361 -54.1356224294776 -54.8353109740222 -54.6878777816402 -52.715237720242 -50.5620733754923 -47.6432399240164 -45.4574569620544 -43.8783237923107
-9999 -9999 -9999 -9999 -9999 -9999 -2.25814456615649 -1.6699263028842 -4.51886297087446 -4.9649569346217 -7.58547086651863 -7.65716103341344 -6.75837229211404 -5.04066722613839 -5.8256422750318 -8.599535104461 -13.1095042510563 -16.3085983276075 -16.5876719087231 -14.899619369553 -13.4471650911832 -12.7061505628647 -11.6332815842419 -10.7367972790967 -9.86170651173052 -9.31469878638216 -8.88365293015483 -8.53336979726725 -8.54511062315441 -8.66587343889772 -9.08302274827111 -9.41843260428943 -9.89791822048943 -10.6634844019474 -11.742582501788 -13.5828526980455 -16.0269054523947 -19.2677348699308 -22.3899785425233 -25.2363519370154 -28.5199328443444 -31.3362131498559 -33.818760646138 -35.5525675269823 -36.2914781868154 -39.1688586155541 -42.1884284909507 -44.9151162886104 -46.8942102170115 -48.2293711627894 -49.0095380992476 -47.8122797424018 -46.9099916814443 -45.6171028480179 -44.748146260072 -44.4588560061371
-9999 -9999 -9999 -9999 -9999 -9999 -11.9433819078645 -3.26765701743451 -6.37396170922175 -6.2262758694582 -10.6541511110036 -13.8642827903424 -16.8141820245596 -12.8613689018832 -7.93132423517095 -7.85248208571774 -9.73840409965023 -14.6403440415284 -15.184621221233 -12.7948014114304 -10.9405586043822 -9.71826282398249 -9.31732271113612 -8.31353242585492 -7.05627877614588 -6.74752311526843 -6.2755453662055 -6.39106467492269 -6.46478657003993 -6.39850381843908 -7.20662894995009 -7.30895077166561 -8.09853476616669 -8.74680575186242 -9.59345945527184 -11.5700168922032 -13.3136271942512 -16.4951473988766 -19.0183113654177 -20.836047153496 -23.7211481906665 -24.95797114216 -27.4812263613347 -29.0312857353234 -29.2621105365868 -31.4340740817528 -33.9461006911491 -37.2884864517504 -39.5966259439549 -41.1737866698762 -43.3445348243778 -42.1442526438789 -42.5897953360105 -42.2910188975605 -42.2568026577714 -43.9061604280146
-9999 -9999 -9999 -9999 -9999 -9999 -9999 -9999 -8.3427955182624 -8.92556183777008 -9.66171725108052 -15.8415807836291 -26.3082681680557 -21.2073686524213 -13.0950178107533 -6.991740557913 -8.20947243315452 -13.8100313039744 -14.9689262970235 -11.871525516143 -8.57606510841361 -8.2032394444442 -8.60177189315166 -7.90669976792994 -6.44107557162653 -5.51879733854292 -5.38088638408394 -5.43671174632012 -5.47313539109138 -5.54205883373321 -6.25153569577285 -6.75909075810913 -7.42723602674782 -8.1875018189764 -9.02560434164004 -10.5315500637717 -12.1787498964923 -14.1773200902167 -16.1066916153376 -17.917522201818 -19.4607006420738 -20.7774990503743 -22.2539357759056 -23.4063319352512 -24.1564084480439 -24.953341375916 -27.549873250913 -30.1794946564031 -32.4652868395382 -34.610259402161 -36.2905506159577 -36.3925447956969 -36.8553862363746 -37.4756874544362 -38.4404559896902 -40.2006381591445
-9999 -9999 -9999 -9999 -9999 -9999 -9999 -9999 -18.672551199468 -10.1183532309021 -7.16882566578008 -18.3810709052038 -38.5080125404385 -32.1537920285035 -18.2774570495097 -7.62742423244504 -5.54675770185671 -11.5903647452184 -13.1714872277861 -8.99853917782139 -6.82000257724399 -6.85761095696332 -8.48370687273773 -8.08735844166259 -5.91374087227198 -5.10554960413165 -4.99783990245657 -5.41781352777992 -5.48502064472958 -5.09522959219913 -5.57171802226095 -6.0556553419074 -7.05766973707066 -7.75369331136301 -8.26248388559338 -9.7543922347174 -10.6843311520312 -12.2929254980297 -13.5669582048693 -14.6869465192178 -15.9099282150623 -16.2564003044099 -17.5186190629998 -18.3688506033968 -18.6678731966706 -19.9560199684198 -21.2014828666662 -23.652787759385 -25.6879080948694 -27.6560783863942 -29.5368471823665 -29.3946967901266 -30.1567648056201 -31.123629248199 -32.5668274243239 -35.4728420208848
-9999 -9999 -9999 -9999 -9999 -9999 -9999 -9999 -9999 -8.14187590890725 -4.81309441833753 -17.6446671072157 -51.8549485813776 -47.3054020301437 -25.0549765459236 -8.16179882385421 -3.71054230273635 -7.83856428336966 -10.1693486520959 -7.9546641352206 -5.63928179129479 -6.44356625682188 -7.98820865039901 -7.84711307246445 -6.55902885575098 -5.31763760410667 -5.30714424598682 -5.64579253262345 -5.8300687889655 -5.64729288211454 -5.81492281538172 -6.39692264098577 -7.10909578397835 -7.53604467371614 -7.9977027999951 -9.20069842527672 -9.96194421951252 -10.8670502192212 -11.7420161227291 -12.4893843018905 -13.350060616435 -13.5914085274311 -13.8392186978661 -14.2402240230406 -14.908603169732 -15.7644214407112 -17.365086183554 -19.169552018842 -20.7816267725591 -22.3220365586363 -23.6342753452492 -24.1382391232717 -23.769573153419 -24.8093781711663 -27.2911060511583 -30.1286540388933
-9999 -9999 -9999 -9999 -9999 -9999 -9999 -9999 -9999 -9999 -8.62349797678646 -22.6471206248598 -56.5391890823689 -54.7647859453283 -30.618993138702 -8.07659547442275 -1.4037137835719 -5.11049779816804 -6.82200071169949 -5.67447878820236 -4.56264426443145 -5.58904771561381 -7.31085302547017 -7.68600477174869 -6.45075893188715 -5.76891410684931 -5.85089171139873 -6.23498048031786 -6.41954885405221 -6.17104907306379 -6.47401636877345 -7.03727639964253 -7.93511024263956 -8.32780994309687 -8.30324032494452 -8.62075126914259 -8.9889205886218 -9.73052157665962 -10.159806843079 -10.3988520356822 -10.9687088843568 -11.1482259439063 -11.2435920288971 -11.3486036938783 -11.4466268906703 -12.2428801750671 -13.911048934682 -16.3546023896112 -18.3279071525907 -19.9917272771218 -21.6378892970098 -22.2462720562942 -22.7149331309107 -22.1662241298671 -22.5070813649569 -25.13489370558
-9999 -9999 -9999 -9999 -9999 -9999 -9999 -9999 -9999 -9999 -9999 -32.6971018313144 -52.5042461798119 -50.4977230539471 -31.1883792564374 -8.94395560653373 -0.679505409437307 -1.66239984241163 -4.16679393909703 -3.7456763257678 -3.98222865716508 -4.94937025312308 -6.32553046342573 -6.95178336195223 -6.48034839386649 -6.41210325502374 -6.40822308137333 -6.49116564135274 -6.77164887907969 -6.7629303465837 -7.38466196998844 -7.88871086386584 -8.60384914567167 -9.17734375661194 -9.1291049238427 -9.56785165866204 -9.4825810141552 -9.67276685496745 -9.60847845520444 -9.27719034249812 -9.38812270964896 -9.33874546282827 -9.42985896197018 -9.18653937466511 -9.19841504481392 -9.99042169313336 -11.2703992021572 -13.1537196446184 -15.2440135403504 -17.4349084848809 -19.6463645881427 -20.8554707276602 -21.6515051196276 -21.2051983490231 -19.9264473440259 -21.5753465912189
