meets/meet004/_saidas_enm/CCSM_SVM_21k_Aralia_warmingiana4.asc
NCOLS 154 
NROWS 168 
XLLCORNER -112 
YLLCORNER -55.5 
CELLSIZE 0.5 
NODATA_value -9999 
[rows 100 to 124 of 168, columns 56 to 111 of 154]
-9999 -9999 -9999 -9999 -9999 -9999 -9999 -9999 -9999 -9999 -9999 -9999 -9999 -9999 -9999 -9999 -9999 -9999 -9999 -9999 -9999 -9999 -9999 -9999 -9999 -9999 -9999 -9999 0.0722023863485912 0.216223024211139 0.00395695197177709 -0.0785718633994474 -0.0636214829491436 -0.056580791307657 -0.0674351913482149 -0.0781924926229223 -0.0757772980037216 -0.0491217241059132 0.0809356358332369 0.412141572411042 0.701436548265397 0.784082442846218 0.665129613981873 0.498008417614604 0.457496513368788 0.475187401600173 0.495170919423608 0.530167354382933 0.596814753447705 0.660237299135094 0.722798918658721 0.767085442487094 0.805349161912417 0.854082801619749 0.906767929049297 0.949474113307392
-9999 -9999 -9999 -9999 -9999 -9999 -9999 -9999 -9999 -9999 -9999 -9999 -9999 -9999 -9999 -9999 -9999 -9999 -9999 -9999 -9999 -9999 -9999 -9999 -9999 -9999 -9999 -9999 0.0746706168642978 0.215036005014529 -0.0337744505399633 -0.0807751956522759 -0.071192247549995 -0.0662715590170743 -0.0728250804458663 -0.0791023438117379 -0.0775808288863351 -0.0416992641034348 0.121333570255697 0.446767660678345 0.646078046935721 0.642976461168359 0.497638793331753 0.360365056890487 0.368860776985227 0.415100589958584 0.433240833438729 0.468995269145727 0.554892695936076 0.642788630728447 0.747876235901916 0.788812067330399 0.827127673324453 0.883458571106995 0.939109235589722 0.984042943383214
-9999 -9999 -9999 -9999 -9999 -9999 -9999 -9999 -9999 -9999 -9999 -9999 -9999 -9999 -9999 -9999 -9999 -9999 -9999 -9999 -9999 -9999 -9999 -9999 -9999 -9999 -9999 0.0690382685585451 0.0714973222741406 0.208429798313153 -0.0256799414349002 -0.0810943051913575 -0.0749507038658108 -0.0725396243282111 -0.0761413711236399 -0.0798440248689554 -0.073966336349183 -0.0190409474014916 0.187821009672699 0.499940033872875 0.593912249356039 0.512294401294447 0.361777719048561 0.255157682175161 0.294039169388507 0.363013630522918 0.396972175340132 0.442792830195727 0.521956606522885 0.605602228042011 0.701828003040788 0.760637926957749 0.800094749493118 0.85752657158863 0.928018953174219 0.981659844956634
-9999 -9999 -9999 -9999 -9999 -9999 -9999 -9999 -9999 -9999 -9999 -9999 -9999 -9999 -9999 -9999 -9999 -9999 -9999 -9999 -9999 -9999 -9999 -9999 -9999 -9999 -9999 0.0624792626048994 0.0797584066167853 0.207794244803101 -0.0355487002264069 -0.0812765535009512 -0.0754393014251519 -0.0740717885061186 -0.0765086394637546 -0.077791819656153 -0.0703515540790998 0.0165782085722335 0.265258933280921 0.535693052922044 0.529789393075582 0.414100958421312 0.272547027279911 0.1920952810241 0.251909912876484 0.331732556747014 0.374534545170525 0.421535920152736 0.492975401174882 0.570594011786187 0.656885090127316 0.730183230283144 0.761294794432096 0.830551536243027 0.917088059096178 0.974715009133258
-9999 -9999 -9999 -9999 -9999 -9999 -9999 -9999 -9999 -9999 -9999 -9999 -9999 -9999 -9999 -9999 -9999 -9999 -9999 -9999 -9999 -9999 -9999 -9999 -9999 -9999 -9999 0.0772399978144014 0.113485246128751 0.17780310876686 -0.0444291221584991 -0.0782294696551836 -0.0700742070671563 -0.0709143808303261 -0.0759617077826813 -0.0810030786051263 -0.0651420434700172 0.0770632445574099 0.362863877307359 0.581020107870875 0.527315875904078 0.380811934478138 0.266603966798876 0.203599563101112 0.241819597076793 0.314993804757364 0.359283477805565 0.408495795128958 0.468939238511967 0.541704682297577 0.629809012670163 0.698291615268953 0.769705953064139 0.839379830611151 0.910166051597373 0.972134125731043
-9999 -9999 -9999 -9999 -9999 -9999 -9999 -9999 -9999 -9999 -9999 -9999 -9999 -9999 -9999 -9999 -9999 -9999 -9999 -9999 -9999 -9999 -9999 -9999 -9999 -9999 -9999 0.118841688914927 0.164491877322812 0.131959614456012 -0.0640081466836661 -0.069741133364665 -0.0594337181609066 -0.0647303372849741 -0.0762757426960841 -0.0873502199607128 -0.0628310105942343 0.120740169161852 0.414704898210673 0.57940441877395 0.479720838810211 0.339146362395094 0.2556560095673 0.207708063232359 0.230315869678476 0.28380749790257 0.322643043701968 0.376035701970853 0.433965878162344 0.491115970051271 0.574633033885553 0.654292502583969 0.742003008056461 0.826289005770346 0.898470602281415 0.95738923436295
-9999 -9999 -9999 -9999 -9999 -9999 -9999 -9999 -9999 -9999 -9999 -9999 -9999 -9999 -9999 -9999 -9999 -9999 -9999 -9999 -9999 -9999 -9999 -9999 -9999 -9999 -9999 0.205254448413419 0.202706839868228 0.0545653339690589 -0.065788563381827 -0.0514358176570628 -0.0442671689916025 -0.0555136354251251 -0.0767101182872096 -0.0924354121651211 -0.0617342341744926 0.141402930697479 0.4488123515805 0.563839521990858 0.413834495157582 0.295243855620713 0.232698777307194 0.196167477978624 0.219581345151992 0.244258508623503 0.290932325569203 0.339589201829792 0.384660832147502 0.435316262269633 0.487641858239209 0.574044951324566 0.67726889757509 0.777508743804032 0.853360354794189 0.903897793603159
-9999 -9999 -9999 -9999 -9999 -9999 -9999 -9999 -9999 -9999 -9999 -9999 -9999 -9999 -9999 -9999 -9999 -9999 -9999 -9999 -9999 -9999 -9999 -9999 -9999 -9999 -9999 0.294780646000885 0.204090174868099 -0.00199026519908363 -0.0545053041170063 -0.0350263082354022 -0.0337441252212003 -0.0526008314178313 -0.0741839306976253 -0.0906461006948693 -0.0584853484760456 0.158864984586177 0.462059577412702 0.52725300678998 0.354062306882464 0.244140057331526 0.200312836422024 0.184734721833677 0.208142863845217 0.240837607047974 0.286514157653465 0.322953773742862 0.35699966372056 0.388878428126464 0.422061625278147 0.497051928195607 0.598578447690743 0.705138011116391 0.795119690652331 0.849166363206944
-9999 -9999 -9999 -9999 -9999 -9999 -9999 -9999 -9999 -9999 -9999 -9999 -9999 -9999 -9999 -9999 -9999 -9999 -9999 -9999 -9999 -9999 -9999 -9999 -9999 -9999 -9999 0.35028878650593 0.175461776065537 -0.0310115687871597 -0.0423083175301208 -0.0295392700663233 -0.031769267494653 -0.0552360498290089 -0.0754490359691411 -0.0864931516201323 -0.0588988681799296 0.176070124679825 0.464169159778117 0.471987966273005 0.284770317698081 0.190356169802743 0.171438803220104 0.172752907432095 0.205944205309942 0.253482353909814 0.287631377927375 0.326614349524986 0.345152448541285 0.346788132468477 0.367433390763954 0.434555921870057 0.53082675257198 0.629027065724028 0.716885016188625 0.785922754695733
-9999 -9999 -9999 -9999 -9999 -9999 -9999 -9999 -9999 -9999 -9999 -9999 -9999 -9999 -9999 -9999 -9999 -9999 -9999 -9999 -9999 -9999 -9999 -9999 -9999 -9999 -9999 0.331752922667169 0.131440343268977 -0.0369900728956489 -0.0440829653737773 -0.037909536293891 -0.0501132457499375 -0.0721170423059038 -0.0830127668998458 -0.0894183621686342 -0.0427014346782119 0.203731749537086 0.416995518155924 0.368489743595393 0.215950361834219 0.134870981861743 0.13500087942859 0.148702249226273 0.17974918265848 0.222737342223483 0.257401475544287 0.285025073720828 0.301438724886248 0.308260101853618 0.331857041471209 0.389083357426484 0.469253433530893 0.557509305462364 0.640781870851307 0.713537060906526
-9999 -9999 -9999 -9999 -9999 -9999 -9999 -9999 -9999 -9999 -9999 -9999 -9999 -9999 -9999 -9999 -9999 -9999 -9999 -9999 -9999 -9999 -9999 -9999 -9999 -9999 0.27870433793143 0.279970114044094 0.0895469574197279 -0.0406291820905941 -0.0477342578649748 -0.0537483200194616 -0.0724389769251548 -0.0868441352026287 -0.090256056538598 -0.0884785815087338 -0.00171501072074409 0.216877188861422 0.309737493551249 0.239781447313431 0.107032379462523 0.0665846142909708 0.0877705871061885 0.110315651148543 0.13191001579463 0.164949596556387 0.186682219670905 0.210247486263232 0.23343651341756 0.266636206342237 0.304946700062981 0.353425372209207 0.41508858120354 0.490291869860511 0.565997838641108 0.626069869022078
-9999 -9999 -9999 -9999 -9999 -9999 -9999 -9999 -9999 -9999 -9999 -9999 -9999 -9999 -9999 -9999 -9999 -9999 -9999 -9999 -9999 -9999 -9999 -9999 -9999 -9999 0.266204939163412 0.186155224948165 0.0205450316905038 -0.0443826544657224 -0.0484861390707061 -0.0589350393581883 -0.0748198968550173 -0.0740377662112037 -0.0712861421695629 -0.0408727282916924 0.0951318619226322 0.245706773510108 0.222872630935 0.114845722164049 0.0272518892760608 -0.00255742529349762 0.013539313080818 0.0359258157655655 0.056110827003243 0.0824398609547782 0.116895126506819 0.15843798781032 0.194734709940845 0.229516451671048 0.269790547482897 0.323840166559273 0.38722279721538 0.458600076095177 0.509288780040908 0.568189956757693
-9999 -9999 -9999 -9999 -9999 -9999 -9999 -9999 -9999 -9999 -9999 -9999 -9999 -9999 -9999 -9999 -9999 -9999 -9999 -9999 -9999 -9999 -9999 -9999 -9999 -9999 0.245342040303522 0.0696640805705745 -0.0295912864596968 -0.045295544206957 -0.0359797436343304 -0.0485389577990614 -0.0445410103072167 -0.0284137179818361 0.00776182693602512 0.0731860998045503 0.197570506116526 0.211089977065313 0.113793625398499 0.0327374066643609 -0.0305645614061263 -0.0452155092652836 -0.0376006411462159 -0.0226877477151863 -0.00409086518749585 0.0111134709746545 0.0583773902531517 0.118579657131695 0.167160506510814 0.196713573172877 0.228816191740758 0.286363536222748 0.360562431548338 0.415857628193158 0.451643265719624 0.507265791703729
-9999 -9999 -9999 -9999 -9999 -9999 -9999 -9999 -9999 -9999 -9999 -9999 -9999 -9999 -9999 -9999 -9999 -9999 -9999 -9999 -9999 -9999 -9999 -9999 -9999 -9999 0.170316947048979 0.00785327968683869 -0.0289075969499746 -0.0436257447340384 -0.0386576948247864 -0.0240715299427857 0.0158400059203316 0.0665853758721098 0.123692377978607 0.171458526389588 0.19505607539618 0.13248373006721 0.0326745747119197 -0.00946001923351003 -0.024922662711619 -0.0429243399515995 -0.0481223371416987 -0.040499896429987 -0.0272497807360438 -0.0112425425876045 0.0204811087076675 0.0776169081824362 0.13158011387318 0.164713412494968 0.193796876354275 0.23876457911917 0.295502374481937 0.346504752270171 0.380764345326433 0.420389265634096
-9999 -9999 -9999 -9999 -9999 -9999 -9999 -9999 -9999 -9999 -9999 -9999 -9999 -9999 -9999 -9999 -9999 -9999 -9999 -9999 -9999 -9999 -9999 -9999 -9999 0.398212362150531 0.0814446016330919 0.00176681801086004 -0.00521165226360903 -0.0430649725026094 -0.0371918372071035 0.00536613633241767 0.101012074200988 0.183968213040271 0.190336285725074 0.190318540395128 0.154380890077315 0.0495274707450651 -0.0227162631545853 -0.0169445458965242 0.010486894869128 -0.0296677118952252 -0.0382407456549664 -0.031421408325976 -0.0172335475295982 0.00656080124341496 -0.00182428050993799 0.0412083101597804 0.0966920577009955 0.127804169218772 0.152098526103674 0.188592579295805 0.222541349682415 0.262403240440831 0.298245244487044 0.327304053369455
-9999 -9999 -9999 -9999 -9999 -9999 -9999 -9999 -9999 -9999 -9999 -9999 -9999 -9999 -9999 -9999 -9999 -9999 -9999 -9999 -9999 -9999 -9999 -9999 -9999 0.262818365348703 0.023820779910184 -0.0126438385934344 -0.0147048634810051 -0.041754961441925 -0.0349998669484316 0.0237505325599502 0.123130081560312 0.18639767382599 0.167234198461428 0.152440947554351 0.111089811761986 0.032579981773891 -0.0171348728084476 -0.0222486053215645 -0.0112924429809973 -0.0288909862003048 -0.0368501763325537 -0.0310005341399886 -0.0108697794101594 -0.00147832725049168 -0.0202742662266355 0.00404203976911693 0.0519244630280971 0.0875179580792595 0.109049920872965 0.138996289164884 0.165345924725248 0.195362502394079 0.220974776725367 0.2392357084574
-9999 -9999 -9999 -9999 -9999 -9999 -9999 -9999 -9999 -9999 -9999 -9999 -9999 -9999 -9999 -9999 -9999 -9999 -9999 -9999 -9999 -9999 -9999 -9999 -9999 0.198778015535001 -0.00025424443541705 -0.0165628161013056 -0.0150872297266694 -0.0425165321897752 -0.0279971501632345 0.0195539654903895 0.0860976044462806 0.116682419116607 0.10615716501816 0.10363225026807 0.074379615996159 0.0212859545498871 -0.012042593866711 -0.0136492249858545 -0.0242261838086938 -0.0355818679912633 -0.0462301944506551 -0.0446186939662178 -0.0295364558996749 -0.0110874757997677 -0.0398717915635515 -0.0227711462358611 0.0169154697601752 0.0478997906689335 0.0682688440579323 0.094381841237945 0.114091523493541 0.134867692344733 0.149242484907599 0.162348906693371
-9999 -9999 -9999 -9999 -9999 -9999 -9999 -9999 -9999 -9999 -9999 -9999 -9999 -9999 -9999 -9999 -9999 -9999 -9999 -9999 -9999 -9999 -9999 -9999 -9999 0.173904048340683 0.00360250281401087 -0.0121571800999403 -0.0144681019634338 -0.0413276564112987 -0.0447319621789967 -0.00333823713982295 0.0351526097174843 0.0448420533583339 0.0597567795212158 0.0687758186155044 0.0445242238919957 0.00161380447002873 -0.0187762215781737 -0.0138861036897899 -0.0105562295400493 -0.0371291402876822 -0.0584556538526589 -0.065479570371021 -0.0651355928087692 -0.0649380106289522 -0.0608558001442594 -0.0376034420793951 -0.00608502587490173 0.0186726813983422 0.0362123307457244 0.0577897857101969 0.0713660544453268 0.0854093681246555 0.0927286701621196 0.0927098180738041
-9999 -9999 -9999 -9999 -9999 -9999 -9999 -9999 -9999 -9999 -9999 -9999 -9999 -9999 -9999 -9999 -9999 -9999 -9999 -9999 -9999 -9999 -9999 -9999 -9999 0.162544627132093 0.0122090064619654 -0.00057978171322759 -0.0052726932300497 -0.0401150050991326 -0.0509612739854507 -0.0224807212651188 -0.00498323581412413 0.0031557412112122 0.0364954391746573 0.0531447871035652 0.0317311161159632 -0.00825736844208913 -0.0259655063741706 -0.0141642885026193 -0.00829148085702924 -0.0411039554522407 -0.0710865734216586 -0.0813584159653979 -0.0848933752070559 -0.0831879328277478 -0.0710078439796883 -0.050172348458454 -0.0264383071918413 -0.00925329703049682 0.00861954977440915 0.0236716981329435 0.0332917261347045 0.0415159665300628 0.0414736309743799 0.0397292184992862
-9999 -9999 -9999 -9999 -9999 -9999 -9999 -9999 -9999 -9999 -9999 -9999 -9999 -9999 -9999 -9999 -9999 -9999 -9999 -9999 -9999 -9999 -9999 -9999 -9999 0.14109596020233 0.0145542421587049 0.00919736126714416 0.00218114035221312 -0.0362113638603898 -0.0504356463232843 -0.0358285572967699 -0.0262528930992897 -0.0125343687632605 0.0230946547589871 0.0468473115505298 0.0236285530048058 -0.00599309324747149 -0.0222962294545737 -0.0227067998887807 -0.0258074462772568 -0.0550012130276216 -0.0835787921925243 -0.093576865216817 -0.091942731924195 -0.0857677135256253 -0.076653841168663 -0.062642036457501 -0.04556563715005 -0.0288609566095762 -0.013630464710503 -0.00215887487953892 0.00343200915252667 0.00841377350340311 0.00951906011706044 0.00757012056748196
-9999 -9999 -9999 -9999 -9999 -9999 -9999 -9999 -9999 -9999 -9999 -9999 -9999 -9999 -9999 -9999 -9999 -9999 -9999 -9999 -9999 -9999 -9999 -9999 -9999 0.132252949814516 0.0102363666970728 0.0162949714574795 0.0111181795790685 -0.0309182726090049 -0.0496095080432153 -0.0476719738614743 -0.0454749686884538 -0.034464373914759 -0.00292033479252668 0.0220962876626407 0.00403996668979084 -0.0167859635508095 -0.0302899782968796 -0.0329880063161762 -0.0378762379594441 -0.0622309218889134 -0.0886246482966372 -0.0973408434752238 -0.0950453001263185 -0.0882503643816481 -0.0820964594592856 -0.0725868992046733 -0.0607034874334303 -0.0477839520877623 -0.0332616678150249 -0.0267474324951998 -0.0227224983222101 -0.0198462952934101 -0.0218661962141898 -0.0216969756661763
-9999 -9999 -9999 -9999 -9999 -9999 -9999 -9999 -9999 -9999 -9999 -9999 -9999 -9999 -9999 -9999 -9999 -9999 -9999 -9999 -9999 -9999 -9999 -9999 -9999 0.121523533003201 0.00725669561602832 0.0172042294480038 0.0164934230216049 -0.0222847446394174 -0.0492532231859906 -0.0549783913013515 -0.0643606826909067 -0.0647054730701581 -0.0476433007595273 -0.0360226132256096 -0.0331327422497041 -0.0404023052860379 -0.0457892742685823 -0.0437318223384271 -0.0484041046372727 -0.066381750621342 -0.0868255330971205 -0.0961310778436288 -0.0954520793989838 -0.0900564213409607 -0.0853804701853874 -0.0789708379174822 -0.0691779723752564 -0.0585166486645532 -0.0497376405239078 -0.0426548610229821 -0.0413225218539944 -0.0414623282170601 -0.0425717192868293 -0.0475770160646073
-9999 -9999 -9999 -9999 -9999 -9999 -9999 -9999 -9999 -9999 -9999 -9999 -9999 -9999 -9999 -9999 -9999 -9999 -9999 -9999 -9999 -9999 -9999 -9999 -9999 0.114650602066234 0.00319647049986194 0.0190652760526928 0.0231749486027188 -0.0137512996026959 -0.0437793481734023 -0.0562455418648757 -0.0727222709890796 -0.0789296091858975 -0.0678030643936695 -0.0570859778904961 -0.0484955656610973 -0.049898444251374 -0.0510082020583574 -0.0437513617121139 -0.0481563113955277 -0.0634292990995808 -0.0835988512941579 -0.0929890911074119 -0.0939992810804579 -0.0915704144962685 -0.0892878381083314 -0.0835963919029075 -0.0738094971566241 -0.0651708858231878 -0.057277722780119 -0.050980469862286 -0.0507204776477264 -0.0454644885100632 -0.0485043552164055 -0.0478801167742251
-9999 -9999 -9999 -9999 -9999 -9999 -9999 -9999 -9999 -9999 -9999 -9999 -9999 -9999 -9999 -9999 -9999 -9999 -9999 -9999 -9999 -9999 -9999 -9999 -9999 0.114335061405896 0.00563653680174203 0.0231944106416939 0.0302333629580893 -0.00424031454834706 -0.035476252177734 -0.0521910030676961 -0.0732911434100765 -0.08277855048259 -0.0717541551081265 -0.0560802736660203 -0.0517462078482426 -0.0488761036660164 -0.0469190306579406 -0.0422020376710706 -0.0417994072573952 -0.0572437070564867 -0.0781689217164575 -0.0875521735138476 -0.0900241431656861 -0.0899487356215458 -0.0912657607101361 -0.0872059390490273 -0.0785696930348774 -0.0679593463261042 -0.0567811966733783 -0.0564556254740314 -0.0517963654370859 -0.0516260180297871 -0.0517691992621667 -0.0334413728692114
-9999 -9999 -9999 -9999 -9999 -9999 -9999 -9999 -9999 -9999 -9999 -9999 -9999 -9999 -9999 -9999 -9999 -9999 -9999 -9999 -9999 -9999 -9999 -9999 0.139809681374181 0.0995936919620144 0.00336826098837517 0.0265157741192713 0.036350104768875 0.00660507523154535 -0.030894419369331 -0.0507058565136493 -0.0710033756564421 -0.0834357553538487 -0.0782620395163898 -0.0642762925647126 -0.0595221160500831 -0.0567039231631694 -0.0537431810770105 -0.0447120502711824 -0.0379235526021001 -0.0514170898319071 -0.0698110581205948 -0.0785248131754833 -0.0819601184860355 -0.0848927985470807 -0.0907092065898033 -0.0910728168188477 -0.0866468552851103 -0.0816126233858151 -0.0752079371516078 -0.0720752165166031 -0.064402822933493 -0.0595585747266802 -0.0644434271924679 -0.0556253259491233
