meets/meet004/_saidas_enm/CCSM_Gower_0k_Aralia_warmingiana2.asc
NCOLS 154 
NROWS 168 
XLLCORNER -112 
YLLCORNER -55.5 
CELLSIZE 0.5 
NODATA_value -9999 
[rows 54 to 80 of 168, columns 60 to 119 of 154]
-9999 -9999 -9999 -9999 -9999 -9999 0 0 0 0 0 0 0 0 0 0 0 0 0 0 0 0 0 0 0 0 0 0 0 0 0 0 0 0 0 0 0 0 0 0 0 0 0 0 0 0 0 0.0815060883153238 0.0769552026936376 0.0488678346252259 0.299782199627211 0.444348099968316 0.455773421372762 0.478835777109689 0.391532878340063 0.242743599019244 0.152640983135502 0.00410351170360745 0 0
-9999 -9999 -9999 -9999 0 0 0 0 0 0 0 0 0 0 0 0 0 0 0 0 0 0 0 0 0 0 0 0 0 0 0 0 0 0 0 0 0 0 0 0 0 0 0 0 0 0.0846750048883799 0.016839087088183 0 0 0 0.219268684840327 0.439105874812939 0.486561205776038 0.509268314396432 0.462696956193726 0.35862192077803 0.278477389720195 0.125162238806391 0 0
-9999 -9999 -9999 -9999 0 0 0.102604170823264 0 0 0 0 0 0 0 0 0 0 0 0 0 0 0 0 0 0 0 0 0 0 0 0 0 0 0 0 0 0 0 0 0 0 0 0 0 0 0 0 0 0 0 0.131449433320979 0.383171890906204 0.514925953659731 0.534108998922938 0.505202044464064 0.432436234972574 0.347510272328525 0.182073323106169 0.0220160576564626 0
-9999 -9999 -9999 0 0 0 0.307635709671661 0.0531126643367091 0 0 0 0 0 0 0 0 0 0 0 0 0 0 0 0 0 0 0 0 0 0 0 0 0 0 0 0 0 0 0 0 0 0 0 0 0 0 0 0 0 0 0.0326395942747757 0.313240524163874 0.471993818681739 0.547649655430375 0.502841137055159 0.426316135950373 0.351660933490993 0.185400188923415 0.00687923508847244 0
-9999 -9999 -9999 0 0 0.27735199806888 0.51188455562621 0.215089756489225 0 0 0 0 0 0 0 0 0 0 0 0 0 0 0 0 0 0 0 0 0 0 0 0 0 0 0 0 0 0 0 0 0 0 0 0 0 0 0 0 0 0 0 0.205340888798549 0.398532777392592 0.502279155210341 0.401390073250208 0.314128634126433 0.242391735015515 0.100893628160587 0 0
-9999 -9999 0 0 0.155572617222631 0.445894570985228 0.599220355077182 0.168062131829728 0 0 0 0 0 0 0 0 0 0 0 0 0 0 0 0 0 0 0 0 0 0 0 0 0 0 0 0 0 0 0 0 0 0 0 0 0 0 0 0 0 0 0 0.0931004659424938 0.296434564089928 0.33873034825444 0.222979181141551 0.134074737232592 0.0349983385523317 0 0 0
-9999 -9999 0 0.0286000988432076 0.18400284485464 0.466496652738521 0.462822443237709 0.017941272381054 0 0 0 0 0 0 0 0 0 0 0 0 0 0 0 0 0 0 0 0 0 0 0 0 0 0 0 0 0 0 0 0 0 0 0 0 0 0 0 0 0 0 0 0 0.145821335493815 0.257466022511752 0.141340478769303 0.0650543616386127 0.011864531008601 0 0 0
-9999 -9999 0 0.0279277046040844 0.190801022679208 0.472003807712826 0.339350696166227 0 0 0 0 0 0 0 0 0 0 0 0 0 0 0 0 0 0 0 0 0 0 0 0 0 0 0 0 0 0 0 0 0 0 0 0 0 0 0 0 0 0 0 0 0 0 0.135544032465515 0.120251984972366 0.104157542005602 0.126663914329413 0.0904085811300441 0.0953138321583291 0.106042943389546
-9999 -9999 -9999 0.0461630622802486 0.215767577867487 0.488558050235452 0.300034896555278 0 0 0 0 0 0 0 0 0 0 0 0 0 0 0 0 0 0 0 0 0 0 0 0 0 0 0 0 0 0 0 0 0.0203654679202401 0.0609316574269644 0.0806061952880354 0.108230360146085 0.114483985276375 0.119147735907686 0.126557479157186 0.124053518017872 0.126465179735869 0.116728693629345 0.113260593773799 0.10390552145242 0.0778147316314044 0.0508821337610121 0.00895732731276078 0 0.00184874485891684 0.0213206142296157 0.00874303656069719 0 0
-9999 -9999 -9999 -9999 0.24291662888472 0.401251662291395 0.333380681316232 0 0 0 0 0 0 0 0 0 0 0 0 0 0 0 0 0 0 0 0 0 0 0 0 0 0 0.0384986349685719 0.0719576207430557 0.0852149734698859 0.118053801130228 0.133007410225827 0.171497965595284 0.200925786700215 0.209063846170149 0.151888181814843 0.138667149115754 0.120286948133359 0.12265691110374 0.1522962823646 0.178971029854004 0.252216527857162 0.282852806044059 0.281121089052027 0.258267480865213 0.253050442710165 0.213209329631741 0.184873643619257 0.138789047841792 0.114571364324129 0.0876357124287664 0.0509959810251726 0.0289577975053551 0
-9999 -9999 0.0485897438412252 0.127548994044954 0.2711670398323 0.235777192025988 0.183527055074181 0 0 0 0 0 0 0 0 0 0 0 0 0 0 0.00323552490767942 0.0257189677051817 0.039405810409465 0.0542524702445225 0.0667686564055945 0.0688781728260536 0.0624395618383914 0.0531351769625401 0.0583939595964673 0.0712128155048226 0.108021375638965 0.160237743652025 0.228624847419388 0.254060222132894 0.277856336359069 0.294961590880078 0.281481223946625 0.2107019488213 0.152826813079283 0.108367043631479 0.0694562756587951 0.0544750988108187 0.0472620835385301 0.054369251779342 0.0818476334624419 0.116352081499323 0.173016000720807 0.236140864201456 0.299978543309014 0.364902417657576 0.337487984828952 0.220599096310641 0.162689952265689 0.131098901618118 0.133284293925637 0.146971553530399 0.117632869446909 0 0
-9999 0.0854710289072232 0 0 0.0823482272815941 0.130238835931278 0.0824899734442336 0 0 0 0 0 0 0 0 0 0 0 0 0.0232058916216782 0.115222497601532 0.186242327889685 0.211190069414724 0.228981714228857 0.246594508737777 0.253391237236344 0.24570859522128 0.254853307213923 0.24326305701527 0.239861149111921 0.237390179976731 0.233312059497495 0.310794264100577 0.378959576813456 0.398054609726429 0.359788205212608 0.273842358989559 0.213607883847028 0.143694300110107 0.0925330014123754 0.0551104401111384 0.0171100602537378 0.0172881993826 0.015924754879222 0.0245807618731585 0.0489377573514045 0.0719810577266238 0.12151202711701 0.17476966708319 0.219790542397978 0.266843110671905 0.298968138170109 0.242768613047945 0.152711856216822 0.135678136472332 0.157224803894978 0.17741195885772 0.10040765779819 0 0
-9999 0.165022948453001 0 0 0.0241005600482207 0.0161511017270122 0 0 0 0 0 0 0 0 0 0 0 0.043847468105823 0.0891161896471541 0.164618950779022 0.246178442060383 0.316664639736246 0.360814400393681 0.385481150996311 0.41211317045389 0.430635641806574 0.443618756503399 0.440429050943531 0.430883280690714 0.422815005733176 0.406120226077585 0.41325381016266 0.460435687999146 0.488280282750158 0.414583023916206 0.338546247708442 0.260261809139494 0.197344882605625 0.135503786854353 0.0886294872650193 0.0583749853977326 0.0323874015006806 0.0274298219333812 0.0269016232218389 0.033789712723083 0.0513100523249271 0.0696950468693354 0.100283284297312 0.130733933539942 0.159611646663653 0.186189616022686 0.200837186865703 0.203247312112409 0.189270969506945 0.160399734169739 0.117057253338157 0.0587782923854763 0 0 0
-9999 -9999 0.0736950409529281 0 0.0438149498685115 0 0 0 0 0 0 0 0 0 0 0.0126749855385165 0.152386673843708 0.166762653038706 0.215564189233589 0.291392132738571 0.364915033498748 0.440685861638196 0.483795455602144 0.493692761737476 0.49259293101811 0.494472929857875 0.493995080622 0.496056291374744 0.496904040175561 0.497804119149268 0.499567795490438 0.500019928184207 0.496872343042268 0.489801655688505 0.420526263477965 0.349234724995897 0.270382832329192 0.219404077655145 0.161484633853441 0.120251449863316 0.0943018257951784 0.0659986923343795 0.0663905984178761 0.0628997192708296 0.0650899884435877 0.0749411470475263 0.0785364481130185 0.0949337986465161 0.104912180977395 0.113108783352462 0.122664943559005 0.119473338148447 0.106157211543478 0.0815232259143178 0.0442320341233835 0 0 0 0 0
-9999 -9999 0.090178452065994 0.00175886341335796 0 0 0 0 0 0 0 0 0 0 0 0.102168092922908 0.26315212813599 0.309057039807286 0.333008806089542 0.383442090756693 0.454639937549102 0.510436024825776 0.502254576081386 0.493388947705155 0.489376270047956 0.490447393929623 0.492893754754837 0.491101670605527 0.490342135524724 0.49059631065019 0.492082487560264 0.493754361826707 0.491568754777264 0.488600587370948 0.454420115358972 0.38994087627605 0.324503831680636 0.272202831225377 0.223056642353334 0.184889135604128 0.159135529355603 0.137189825125634 0.127749099074594 0.120802320827623 0.117171910159279 0.116054880654516 0.111810375825585 0.108854432288045 0.0996593439012394 0.0901320746225047 0.0764333699466052 0.0535340059875065 0.0293035864575503 0 0 0 0 0 0 0
-9999 -9999 0.0484763439165627 0 0 0 0 0 0 0 0 0 0 0 0 0.101271756894452 0.33234426672705 0.393699093225578 0.398258316856831 0.431941791005249 0.508181215282364 0.521445097083578 0.507661030514813 0.491607628619982 0.484841187750536 0.485981387460418 0.488701958391575 0.483633706389796 0.479679638526234 0.479295385542442 0.481707058938769 0.485595938358388 0.485175801827472 0.483825683366912 0.482240826702246 0.452380130833108 0.38995642296366 0.347485722639797 0.299862072707671 0.264364839111175 0.240892968380847 0.214032567530235 0.20286771382327 0.187661239560682 0.175942275996158 0.166874929559213 0.150623847444977 0.134229994916192 0.108777735295837 0.0811942839156409 0.048449073137537 0.00675259785664073 0 0 0 0 0 0 0 0
-9999 -9999 -9999 -9999 0 0 0.0510231591392108 0 0 0 0 0 0 0 0 0.102758424000254 0.375205804906379 0.429326157404071 0.388116378919971 0.424033188930919 0.503742547168816 0.517370221278029 0.505004152879802 0.485972715603196 0.476852015012822 0.477430936239764 0.478301710316652 0.470264393819879 0.461947783714654 0.460515432125267 0.466086950875467 0.47326844477332 0.47536942645746 0.477511375191235 0.479296581660679 0.479771440600961 0.471057791771771 0.426555268933039 0.386216278591937 0.35111393086073 0.321563564386436 0.295560822468965 0.274219107052636 0.254663965154131 0.23536728693714 0.214078430258684 0.190334233383724 0.162703753273508 0.128176244316673 0.0892487636548089 0.0418938123068723 0 0 0 0 0 0 0 0 0
-9999 -9999 -9999 -9999 0.0107686124902173 0 0.198538390598187 0.0358338071109484 0 0 0 0 0 0 0 0.117574233199913 0.400796823869514 0.442191706166002 0.440125130494813 0.467210105900464 0.492552562027595 0.51256391917026 0.500494787124488 0.478360320110289 0.468430744561816 0.469548517054745 0.46800612258751 0.456660642075415 0.443413034536163 0.441054887430963 0.449287171200446 0.458656365354657 0.463270391455752 0.467745069782179 0.4719754409586 0.47552641697613 0.480202641225574 0.482867293629128 0.473119930327478 0.437532007719926 0.406457936304143 0.374118882739845 0.34857152921361 0.319621394436784 0.291165644325949 0.261046009973677 0.228271908267765 0.193870197924839 0.151683872428504 0.103344427087678 0.045858606314557 0 0 0 0 0 0 0 0 0
-9999 -9999 -9999 -9999 -9999 0.00835673038375051 0.258716723946807 0.0697369878114579 0 0 0 0 0 0 0 0.152186144713621 0.397064313886832 0.465478933085766 0.467714353450687 0.455392756743683 0.483552669379206 0.506135680732462 0.495762046288323 0.473198172826868 0.462036296464228 0.462103279085527 0.459647050284853 0.443924973141806 0.427047744810908 0.422756670633935 0.430920177604762 0.441565629918369 0.447384446114168 0.452069940279952 0.459456568455534 0.46657496711636 0.47449506402586 0.480213406289711 0.485204508665172 0.49133760492787 0.4800832917079 0.446098362148646 0.410971269272993 0.377218114914855 0.340868145502963 0.299142390627068 0.258013628555389 0.217071426735028 0.174210115884968 0.121854961134535 0.0573273977642934 0 0 0 0 0 0 0 0 0
-9999 -9999 -9999 -9999 -9999 -9999 0.306041598647368 0.0822556753754 0 0 0 0 0 0 0.101513142271418 0.238451608594614 0.390451438499219 0.453906192707204 0.472293010350652 0.457364258628615 0.482712097287815 0.50199591551253 0.491338502016548 0.469791030027395 0.457943478885117 0.456080225700676 0.450562831300723 0.433039400092024 0.414096774594551 0.407820742202473 0.415144873200146 0.424026649172583 0.429997372384543 0.435625108691905 0.444083159778713 0.454379046537415 0.465024199821462 0.474229525777138 0.482377184181319 0.491462001224569 0.499312424246735 0.506161995333686 0.473239898933534 0.430972989773089 0.387343154332186 0.338477842282959 0.289774604452064 0.244439556491828 0.195746035340689 0.142037541433825 0.0803230216308427 0.019893046891619 0 0 0 0 0 0 0 0
-9999 -9999 -9999 -9999 -9999 -9999 -9999 0.0783968445477775 0 0 0 0.0961901569638242 0.105236897344054 0.189642151290642 0.259977430993342 0.29867121509059 0.364589851125633 0.444295385979764 0.491019736506259 0.471901281627876 0.486287294699654 0.496079017621257 0.485845927070022 0.469105654277317 0.456365798929876 0.449359835383373 0.439949076120409 0.42324378978615 0.406303765247784 0.399925165716842 0.403400188226292 0.408087476569432 0.41718724509065 0.421396983227475 0.432572016890727 0.446275046448902 0.456265025968368 0.472068738181124 0.481751913372675 0.494674774810451 0.508006708685446 0.516291920686938 0.524533175343202 0.479943501075142 0.432314539358083 0.377015230641547 0.322421482431036 0.2722550421846 0.218064341850372 0.165629251214479 0.112784505360068 0.0622353574869715 0.0213658364311856 0 0 0 0 0 0 0
-9999 -9999 -9999 -9999 -9999 -9999 -9999 0.0986873908291503 0 0 0 0.0216861789861933 0.214463155070262 0.321323919482303 0.367480222142045 0.337123613810873 0.34219270672715 0.411979762300817 0.501663992701628 0.479208965999784 0.48673135359532 0.489039263734545 0.477468613964245 0.463602314266653 0.45123923616402 0.442710016042081 0.432131546349774 0.415944478241904 0.402229786530914 0.398005096916121 0.403414242615582 0.410716544455422 0.417310445269111 0.423506038709718 0.437017091290777 0.454676879978548 0.47097219678691 0.485405755558628 0.496219561514161 0.510482374407478 0.525659320663793 0.537203954862428 0.542596952965683 0.528850789180915 0.479627125982283 0.424987126376132 0.368048289895415 0.315065567188467 0.25882568387154 0.208239871726831 0.162853649253213 0.118075820488058 0.0825447728460107 0.0504185793462362 0.021654097930617 0 0 0 0 0
-9999 -9999 -9999 -9999 -9999 -9999 -9999 0.0242848300596521 0.0580175228758681 0 0 0 0.22325094086447 0.448633235457013 0.472035110008323 0.368207713476769 0.27224180926549 0.373820027716338 0.493990339899754 0.490183051799139 0.494872134319635 0.479085466791764 0.474124865431358 0.46042811549393 0.444296965913663 0.434783639511835 0.424252416489908 0.405459903831239 0.397158843263101 0.395810518979897 0.404591222961267 0.423613390321532 0.421546198977601 0.430718033622627 0.445990071278822 0.465792406759486 0.498346857799526 0.497868410504532 0.511776275310877 0.527658931327306 0.537993392899167 0.563046986471945 0.562154084207664 0.558197624107626 0.526762350812001 0.473442394539651 0.423612280968507 0.367284040643664 0.312179065522251 0.264249793622863 0.221071978124215 0.183848284868653 0.148216183757142 0.117728222464249 0.0914942235685818 0.067377424413907 0.0470207212133882 0.0188941722126904 0 0
-9999 -9999 -9999 -9999 -9999 -9999 -9999 -9999 0.157548735566657 0 0 0 0.0280676192979495 0.256900097055339 0.303191136747846 0.434902201302024 0.35931230797018 0.372543895352104 0.439084130000369 0.491402793371813 0.500601839706743 0.506827934162406 0.490064337064069 0.459534017111411 0.434045036500189 0.418287374839576 0.406235287478688 0.387870088060361 0.378715896159337 0.378536179394155 0.38937241256664 0.406781913513218 0.409990500685269 0.418126496936634 0.432573811068084 0.450830761785919 0.474131743111224 0.476089788665985 0.484306223868821 0.50225278190403 0.524720965906487 0.552152442535383 0.562943821273962 0.568633456700114 0.568487717020706 0.520952294540765 0.473422831624409 0.423882534221457 0.373739414006436 0.329330559960553 0.289337353863039 0.252051473857038 0.220136844864486 0.189878844992487 0.164522845279583 0.143276094213404 0.121437921239403 0.100608210068357 0.0790498774713316 0.0577428829906648
-9999 -9999 -9999 -9999 -9999 -9999 -9999 -9999 0.0620535119954377 0.165874494645385 0 0 0 0 0.0548754260167705 0.279733776259286 0.482626883561324 0.387308842693404 0.356941394949795 0.423904366683108 0.550180043561772 0.564695835462317 0.507616475110467 0.458121999532061 0.417144782893219 0.396434294640745 0.380929312957801 0.361962466066019 0.349657698727463 0.349024354120715 0.360621617521799 0.374989090760896 0.3833065979548 0.390089784479571 0.402967193424323 0.417047000227305 0.425903059657636 0.432778347286693 0.42962807087872 0.45264617024086 0.493260963053745 0.527299198767383 0.562483016722972 0.579266947831346 0.594028542029694 0.559631416868063 0.519467456318301 0.476933532798158 0.435724575729558 0.395673587776428 0.355173300551374 0.320029883653731 0.290209263926487 0.262736064472591 0.238370388760429 0.214732168472676 0.193242370856864 0.176304513817466 0.162811802752396 0.147255787130048
-9999 -9999 -9999 -9999 -9999 -9999 -9999 -9999 -9999 0.106693964515893 0.0548750212364385 0 0 0 0 0 0.11663643691414 0.312972152199485 0.386805643816034 0.467904876969294 0.557576000857941 0.574193612327058 0.514940008049021 0.439976287810312 0.386342047011975 0.369256993137314 0.354191883936205 0.335767775694681 0.324267696900392 0.322157146270352 0.331098130095544 0.346114497478476 0.353402445899465 0.361526779998015 0.374065388452 0.388430170425062 0.397174093770629 0.393412899972861 0.390106829164455 0.419017904053119 0.472526253406961 0.527173008293329 0.572476883626709 0.602609494265403 0.622050608415828 0.598596986914571 0.563704908133286 0.529041106548405 0.494007682465601 0.459003667533526 0.424580062272216 0.392932058972173 0.366404875459331 0.341394530434284 0.318197576963188 0.295515218851976 0.273950019801257 0.258424061108287 0.24420441284173 0.232124766124659
-9999 -9999 -9999 -9999 -9999 -9999 -9999 -9999 -9999 0 0.153954877379298 0 0 0 0 0 0 0 0.0308890894822879 0.13756372296265 0.263069929589011 0.534883274020307 0.52844591373408 0.399534449221065 0.341917318583145 0.329208263280319 0.32605140822204 0.280650946340982 0.291463257148718 0.288924197160099 0.296587726707659 0.314387461229216 0.315059081619563 0.326949094959271 0.34222860835445 0.360879979061096 0.379377050515106 0.374984007258387 0.362698078782071 0.397701880942919 0.466464027149833 0.539667659402085 0.584095677156068 0.6106159978922 0.598072874641848 0.601084252827515 0.606534477829475 0.575229667658418 0.545939578645858 0.516133339604653 0.485179495906386 0.461491396662551 0.43583897343922 0.416289402437109 0.395525246465484 0.371510537226114 0.353611765336701 0.336761747082299 0.322805615170728 0.313186749990825
