meets/meet004/_saidas_enm/CCSM_Maha_6k_Cavanillesia_umbellata3.asc
NCOLS 154 
NROWS 168 
XLLCORNER -112 
YLLCORNER -55.5 
CELLSIZE 0.5 
NODATA_value -9999 
[rows 100 to 124 of 168, columns 56 to 111 of 154]
-9999 -9999 -9999 -9999 -9999 -9999 -9999 -9999 -9999 -9999 -9999 -9999 -9999 -9999 -9999 -9999 -9999 -9999 -9999 -9999 -9999 -9999 -9999 -9999 -9999 -9999 -9999 -9999 -31.8601639538695 -17.4786792448563 -36.1995232490121 -70.9333390896807 -98.2326827982297 -109.230723658096 -94.097252822819 -68.3325824138293 -46.0264082400971 -29.4830310950462 -18.0147242615821 -16.4396887094779 -15.1042621719725 -9.05023565761968 -7.11725996059219 -9.18512592222828 -11.5669662188693 -12.6830466186552 -10.2677230106946 -7.43810963067268 -6.30239944996101 -6.03324227935587 -6.37719978924555 -6.12826959109528 -6.28509414813873 -6.79692996833441 -7.50846488301683 -8.93726356121999
-9999 -9999 -9999 -9999 -9999 -9999 -9999 -9999 -9999 -9999 -9999 -9999 -9999 -9999 -9999 -9999 -9999 -9999 -9999 -9999 -9999 -9999 -9999 -9999 -9999 -9999 -9999 -9999 -34.4671324433694 -20.2929197145741 -44.1984370371596 -75.9206682213022 -97.3890085885259 -103.27579090259 -85.7847395471457 -63.2264392585193 -40.8336668949304 -25.9309876578847 -16.2755002213946 -15.3517571141821 -15.9668233787926 -11.3332447062288 -8.50354902555117 -9.76705542634394 -10.9464882803183 -11.3848647692795 -8.169275735024 -5.84459818874571 -5.45892863033502 -5.78289706505459 -6.89312491162826 -6.51292046065208 -6.78483179474174 -7.46124545715104 -7.9023007399687 -10.0667208237825
-9999 -9999 -9999 -9999 -9999 -9999 -9999 -9999 -9999 -9999 -9999 -9999 -9999 -9999 -9999 -9999 -9999 -9999 -9999 -9999 -9999 -9999 -9999 -9999 -9999 -9999 -9999 -92.1940223956694 -40.7565842984438 -22.9070301403161 -45.5298522726833 -78.1898278387192 -93.3424359672376 -93.7187895220301 -78.3185986641181 -55.5133974598446 -35.9656784074885 -21.3186450347758 -13.5044146916871 -13.5872926601913 -16.0709694990341 -13.3866962869114 -10.908993596076 -11.2264819908783 -13.3887620682375 -11.8302588577422 -8.14068760641521 -5.52366121507726 -4.98521823066196 -5.56276123911737 -6.25059705633342 -6.29466507979365 -6.22791795610972 -6.75026850849351 -7.57797258620355 -9.20185805600837
-9999 -9999 -9999 -9999 -9999 -9999 -9999 -9999 -9999 -9999 -9999 -9999 -9999 -9999 -9999 -9999 -9999 -9999 -9999 -9999 -9999 -9999 -9999 -9999 -9999 -9999 -9999 -94.7416457533727 -42.2325918251076 -23.9228111694841 -52.3652998773432 -83.802123912198 -93.8849697216733 -88.7075373989921 -72.6199393801428 -51.4695663229496 -31.6058845979536 -18.04109180317 -12.6719784555555 -13.1287450157985 -18.7922122419602 -16.1151601287257 -13.4416917261398 -13.710513721589 -16.387793721467 -15.8053211145563 -11.5995737184634 -6.87451859931152 -5.78286290187191 -6.06003014085809 -6.47907694842831 -6.27764817725555 -6.05163708879037 -6.52171651941195 -7.69862487259625 -9.01491335100805
-9999 -9999 -9999 -9999 -9999 -9999 -9999 -9999 -9999 -9999 -9999 -9999 -9999 -9999 -9999 -9999 -9999 -9999 -9999 -9999 -9999 -9999 -9999 -9999 -9999 -9999 -9999 -91.7555033577367 -40.9319142164868 -27.6632873841313 -59.8311838265679 -92.1139528961177 -99.7541617567815 -89.2550960945616 -69.833923225782 -48.0678067279166 -28.3576810060476 -17.0403769154661 -15.3547877039377 -13.2994488731716 -19.9317217580705 -18.0724051564432 -17.080209460207 -17.9787406888952 -19.2767345074636 -19.8076004774866 -15.3199466317418 -11.0791585569965 -8.15492481816186 -6.90335249244922 -7.26793219797403 -6.6589055393596 -7.15582674624442 -7.82556364841057 -8.68942142403816 -10.6716783638339
-9999 -9999 -9999 -9999 -9999 -9999 -9999 -9999 -9999 -9999 -9999 -9999 -9999 -9999 -9999 -9999 -9999 -9999 -9999 -9999 -9999 -9999 -9999 -9999 -9999 -9999 -9999 -88.3627627246799 -39.92263639878 -32.9604154735713 -75.4947379723268 -106.419681433973 -110.42029868755 -95.2076863443959 -70.4101008776513 -47.5442456004892 -26.8107046969684 -16.8569794889762 -14.4928951412947 -15.765129010229 -22.2851386078973 -21.190738915275 -20.7789980430057 -21.6221549973171 -22.123277416357 -21.4964372645191 -16.8583834516872 -14.1944806916005 -11.1984826200795 -8.79214823277121 -8.0243718069384 -7.62552812708296 -8.13159414615063 -9.23427010712708 -10.3461887327182 -12.4186876377285
-9999 -9999 -9999 -9999 -9999 -9999 -9999 -9999 -9999 -9999 -9999 -9999 -9999 -9999 -9999 -9999 -9999 -9999 -9999 -9999 -9999 -9999 -9999 -9999 -9999 -9999 -9999 -75.4259588365784 -38.0186241037906 -42.3347991519138 -94.7872451999782 -124.801801223389 -124.671033859253 -103.424879063407 -72.1634695718493 -48.7136986552729 -26.3082511631937 -16.2956634202139 -12.9367961910333 -15.9876607652744 -24.1981221423201 -25.1628540416624 -24.410944534996 -24.6402873007978 -23.1647838157006 -19.7258167111033 -18.0833688317881 -15.5765979437941 -13.217288386316 -11.8765900483407 -9.60869277727164 -9.12954471130621 -9.04562762043111 -9.95172360939263 -11.5507998887861 -12.4956258380565
-9999 -9999 -9999 -9999 -9999 -9999 -9999 -9999 -9999 -9999 -9999 -9999 -9999 -9999 -9999 -9999 -9999 -9999 -9999 -9999 -9999 -9999 -9999 -9999 -9999 -9999 -9999 -61.2161210276229 -33.9433496103869 -54.0109908717886 -112.723968742275 -142.381263619465 -134.51472939095 -109.00372161526 -73.9898391223641 -50.6087531905032 -26.8407724046044 -15.7014024300878 -12.8464577033511 -17.2089437482128 -27.1340433730504 -29.4766556613033 -28.4456579321288 -28.4471962529788 -27.3476982426539 -23.6755578408803 -22.3505235330451 -19.7681937049621 -17.1179457276895 -15.6777816081899 -13.8242642779174 -13.7247030139573 -13.4655429065025 -12.9066820591616 -12.5257603133553 -13.3684981535114
-9999 -9999 -9999 -9999 -9999 -9999 -9999 -9999 -9999 -9999 -9999 -9999 -9999 -9999 -9999 -9999 -9999 -9999 -9999 -9999 -9999 -9999 -9999 -9999 -9999 -9999 -9999 -51.2545548092492 -29.1645919198432 -66.3674226955583 -132.328580758404 -154.33285157501 -140.722546595299 -109.254898844427 -72.5156508784215 -52.407508920109 -24.4655321669613 -13.9147077792565 -12.5517457584627 -19.6256405499756 -30.7801931332213 -34.855531816692 -34.4200184370496 -33.9170750478076 -33.0849224135744 -31.6200545663378 -28.5266856607748 -27.2783544868389 -24.278207318957 -21.233611305649 -20.6501962310606 -19.7043627672442 -20.2518525372702 -19.3526541615063 -17.8321424748937 -16.2915213301187
-9999 -9999 -9999 -9999 -9999 -9999 -9999 -9999 -9999 -9999 -9999 -9999 -9999 -9999 -9999 -9999 -9999 -9999 -9999 -9999 -9999 -9999 -9999 -9999 -9999 -9999 -9999 -41.5202142865448 -30.3786356396379 -72.9355758464034 -130.406675653404 -149.74443320831 -128.246973383883 -95.6921384931988 -63.6228829062923 -45.079968710246 -21.1432674807107 -15.4177228034706 -13.333893957205 -22.9261505153681 -34.1881338934984 -39.4433932272701 -39.5375483589399 -39.8268854944616 -39.412839662873 -38.469747617388 -36.4678470842494 -34.6894416159736 -31.7232161098865 -29.2836913767203 -28.5731560837753 -27.762879686694 -28.1956348970884 -26.8699706335363 -25.3788190940416 -24.1883657015477
-9999 -9999 -9999 -9999 -9999 -9999 -9999 -9999 -9999 -9999 -9999 -9999 -9999 -9999 -9999 -9999 -9999 -9999 -9999 -9999 -9999 -9999 -9999 -9999 -9999 -9999 -68.1672482395496 -31.187806625763 -33.7266952076614 -79.6920989463122 -129.711165981106 -136.081239024202 -110.406771295381 -77.3514785153227 -50.5999139052147 -37.1915776837687 -18.2894240923985 -16.0775811559889 -16.2795188309484 -28.5013507225828 -39.0094313975553 -43.5630094296505 -43.1475583637531 -44.0145132680398 -43.6945377312419 -43.2060188953934 -40.7942294254408 -40.1058952031296 -37.9278891509774 -36.8785721563552 -36.2122204510327 -34.6303071975596 -35.6982050199198 -33.9165683210153 -32.9237730163897 -32.3068517278703
-9999 -9999 -9999 -9999 -9999 -9999 -9999 -9999 -9999 -9999 -9999 -9999 -9999 -9999 -9999 -9999 -9999 -9999 -9999 -9999 -9999 -9999 -9999 -9999 -9999 -9999 -46.7192475628529 -26.202187358273 -46.5687678341215 -92.1169056598402 -126.985934345551 -121.772411678018 -91.5981074839357 -61.4996527610584 -39.2100658622857 -27.4542109960511 -20.2028650385406 -17.6720325058305 -23.9807755711349 -36.7651715011062 -44.7443959366221 -49.3134066137525 -49.4577558274732 -50.356770995886 -51.1144209463522 -50.8042408260268 -49.4109334441979 -48.1095313538262 -45.7758458321876 -44.4574791402554 -43.8196276816158 -43.3175799909649 -43.596484672379 -42.4378671645277 -42.1504270018197 -41.7839852533768
-9999 -9999 -9999 -9999 -9999 -9999 -9999 -9999 -9999 -9999 -9999 -9999 -9999 -9999 -9999 -9999 -9999 -9999 -9999 -9999 -9999 -9999 -9999 -9999 -9999 -9999 -28.3476098128283 -35.7331729422056 -72.157868379786 -110.287229152008 -142.510116329726 -104.795695053452 -77.2448933865869 -49.3943947845833 -31.2447812078635 -24.5018081041302 -21.8364238338011 -25.4296843606283 -37.4713435699483 -46.2242158651244 -51.836306303215 -54.0958829205043 -56.1714212152567 -57.2758908484187 -58.6976157223854 -60.9810003227862 -57.2234852102653 -54.8884857554413 -52.6578870544281 -52.2350920322999 -51.9369881864683 -51.1457406325291 -51.6891984056263 -50.3701052129942 -51.0789095896074 -51.3053871397689
-9999 -9999 -9999 -9999 -9999 -9999 -9999 -9999 -9999 -9999 -9999 -9999 -9999 -9999 -9999 -9999 -9999 -9999 -9999 -9999 -9999 -9999 -9999 -9999 -9999 -9999 -23.5111256941197 -60.8245065365352 -104.439178240196 -127.567491259371 -121.063152939307 -91.337077289982 -58.8013358191299 -38.1411762581422 -28.6156015747161 -26.492260915973 -25.0780245861348 -36.4348023382949 -49.1857877907719 -54.2684326968528 -55.2760721503423 -57.8258485021119 -60.6123177645425 -61.5225502769185 -61.3343977723219 -60.9056948158906 -61.6681274301824 -62.7798351055638 -61.4097163644299 -61.5775586115651 -60.9137683684094 -60.2643951313587 -60.7434832274713 -60.0184723933057 -61.1326274953573 -61.8270639670924
-9999 -9999 -9999 -9999 -9999 -9999 -9999 -9999 -9999 -9999 -9999 -9999 -9999 -9999 -9999 -9999 -9999 -9999 -9999 -9999 -9999 -9999 -9999 -9999 -9999 -17.5764940390518 -35.3710721868517 -98.2608200830986 -141.062120221897 -133.691795101516 -113.500110191487 -80.4567414065283 -46.3615691729415 -36.3507649005505 -32.2932096222145 -30.4675239515486 -35.0282815153079 -49.5116499165028 -59.2660945022483 -59.2871735329278 -56.6745534371752 -61.1431846788194 -63.3380036270424 -62.6625449910924 -62.3093580718393 -58.6527496792855 -63.2020725192465 -68.630517293802 -70.1944965380105 -71.7810836515026 -70.5952727976204 -69.2169257039558 -70.2820554039238 -70.1679244068585 -71.8934029890558 -72.6902179028615
-9999 -9999 -9999 -9999 -9999 -9999 -9999 -9999 -9999 -9999 -9999 -9999 -9999 -9999 -9999 -9999 -9999 -9999 -9999 -9999 -9999 -9999 -9999 -9999 -9999 -17.9277785629464 -50.1987300785232 -111.792762678358 -148.908849710029 -138.990348574083 -102.981226000385 -75.7821442768559 -52.018602602838 -41.5121211883893 -38.1637163184868 -41.6897518960089 -49.3561210296049 -58.6832729480853 -63.3414605915962 -64.0321211743199 -62.1747538371323 -65.8719695541026 -67.3193929963003 -66.9250246679489 -64.8475191298007 -63.6364913853175 -69.3331379962729 -75.8031355889581 -77.289641947176 -79.5271708343936 -78.410273325898 -79.136101315499 -80.4673435621249 -79.6713302375807 -81.643247164476 -83.4091974412553
-9999 -9999 -9999 -9999 -9999 -9999 -9999 -9999 -9999 -9999 -9999 -9999 -9999 -9999 -9999 -9999 -9999 -9999 -9999 -9999 -9999 -9999 -9999 -9999 -9999 -21.176484147699 -62.9164567860796 -126.082700429217 -161.273504025972 -133.720693790065 -98.8701111752262 -75.2188641364394 -56.7508869207067 -48.487424456702 -49.5220472326275 -59.6809821987797 -62.5770405592827 -67.6719538235709 -69.8401256742004 -68.379468505487 -68.2183399898966 -70.484430531524 -73.2498635679435 -72.817444863091 -71.3924974696875 -68.751446186175 -75.7294881721521 -83.486708295994 -85.5480705288397 -87.0962703372736 -85.7214932462484 -87.6267224951141 -90.2471227013222 -90.2328568940295 -92.2621945338004 -93.1721258524037
-9999 -9999 -9999 -9999 -9999 -9999 -9999 -9999 -9999 -9999 -9999 -9999 -9999 -9999 -9999 -9999 -9999 -9999 -9999 -9999 -9999 -9999 -9999 -9999 -9999 -23.9245547895826 -68.6507912501188 -129.286688817699 -162.478572940431 -138.960859340968 -100.291399698764 -78.0665502494219 -63.2961619894366 -58.4287278519888 -62.2526535031897 -69.9555548461422 -73.7694393498159 -76.2111348991374 -76.3542730146896 -73.6586345210476 -72.312741546984 -75.5014259764425 -79.2681211115911 -80.7650020611101 -82.7155304677755 -83.946729785445 -86.9284477544223 -89.801598359256 -89.6652741249689 -92.1862644548608 -94.1380942979473 -96.093409796613 -98.4803605552134 -98.2875298612238 -100.141279638877 -101.447334529152
-9999 -9999 -9999 -9999 -9999 -9999 -9999 -9999 -9999 -9999 -9999 -9999 -9999 -9999 -9999 -9999 -9999 -9999 -9999 -9999 -9999 -9999 -9999 -9999 -9999 -26.5499048765423 -73.2227187076931 -136.970435692857 -170.777562907995 -144.102700299746 -100.581288866076 -79.5228282246728 -68.5584861951212 -67.3090674403853 -72.2042220021396 -79.2445553384169 -80.6601344404682 -83.0633558953942 -83.5511025930017 -78.1625246669703 -76.1121664701577 -80.1248609815393 -86.8339804142717 -89.0983361740867 -93.1436331289515 -96.3531129464229 -93.9624969585976 -94.7151948221746 -94.2988491260778 -98.3524658266791 -101.302368087132 -102.938039332086 -105.600097125707 -105.556272774478 -108.188956253845 -108.705194704422
-9999 -9999 -9999 -9999 -9999 -9999 -9999 -9999 -9999 -9999 -9999 -9999 -9999 -9999 -9999 -9999 -9999 -9999 -9999 -9999 -9999 -9999 -9999 -9999 -9999 -29.7219681750604 -77.1719655396013 -140.636623661907 -174.361421554601 -151.886153616551 -103.185242382185 -83.3168451721595 -73.7418817983092 -75.57746491676 -78.9496586479151 -82.0363808016657 -86.2791061631836 -88.730849636178 -88.6665479717533 -85.0053704356547 -83.2534740297247 -88.9312909999204 -98.9134852465108 -101.809631068489 -101.791498226441 -99.6556766008188 -100.300423609441 -101.650659267638 -100.087142783676 -102.976504603024 -106.631974670835 -109.122779273176 -112.096447415665 -111.361494748404 -112.663536404136 -113.600370560972
-9999 -9999 -9999 -9999 -9999 -9999 -9999 -9999 -9999 -9999 -9999 -9999 -9999 -9999 -9999 -9999 -9999 -9999 -9999 -9999 -9999 -9999 -9999 -9999 -9999 -31.5802040211175 -81.6760494529219 -149.837160256773 -185.162717178863 -160.544599325226 -110.410266461673 -91.4187138257281 -83.3570289081461 -85.0294421894186 -87.0407587194492 -89.6054146958536 -92.5504318330658 -95.2404196953404 -96.1140476171452 -92.4807871657442 -90.6283935424141 -96.5591162489299 -108.38743192304 -109.67888384 -106.360323162661 -103.236526700993 -102.327332665081 -105.472410885272 -104.955373078741 -109.606192680501 -111.169021852571 -112.987532128991 -116.703002190374 -116.329947231326 -118.048904375555 -117.661487166013
-9999 -9999 -9999 -9999 -9999 -9999 -9999 -9999 -9999 -9999 -9999 -9999 -9999 -9999 -9999 -9999 -9999 -9999 -9999 -9999 -9999 -9999 -9999 -9999 -9999 -33.4904304250452 -84.713894081868 -158.644167520537 -199.002150646703 -174.444898836994 -123.144508361245 -102.597779679686 -94.9974505124749 -96.5557231404779 -98.4738771442383 -101.90669774292 -103.402647889447 -105.205821704473 -104.557222200866 -99.1398998776453 -97.2298653208966 -103.080871969267 -112.569172502577 -114.174782739001 -111.567421616601 -106.659564475732 -107.73600574821 -109.954072241811 -109.895315348799 -112.880353831189 -116.077453230931 -117.52926944735 -119.400819873943 -118.498079747958 -120.073540268338 -121.139393522634
-9999 -9999 -9999 -9999 -9999 -9999 -9999 -9999 -9999 -9999 -9999 -9999 -9999 -9999 -9999 -9999 -9999 -9999 -9999 -9999 -9999 -9999 -9999 -9999 -9999 -35.0850593475016 -87.7549677176092 -163.751601420929 -210.620031341089 -186.277645941424 -139.812171763104 -117.246535864935 -108.801343404508 -107.194733722042 -108.648540363496 -111.017532585841 -110.3880773624 -111.546891882452 -109.989958093569 -102.126296638443 -100.806214418368 -105.818932474089 -115.360546098422 -118.206630331408 -115.947667686934 -111.698941229999 -111.633687407452 -115.309089099477 -113.976179338542 -117.54945699733 -118.553444940636 -118.701604554757 -121.765502971089 -122.082699996482 -123.627838993806 -124.672711719869
-9999 -9999 -9999 -9999 -9999 -9999 -9999 -9999 -9999 -9999 -9999 -9999 -9999 -9999 -9999 -9999 -9999 -9999 -9999 -9999 -9999 -9999 -9999 -9999 -9999 -36.5582738810262 -91.1997286027575 -167.765714184984 -218.862046200519 -199.058158252894 -157.863913312924 -134.561665846285 -118.818928905586 -116.987126579714 -115.164625067109 -113.356080626222 -114.225826100059 -114.713084133492 -111.236754534994 -104.691733874123 -102.058371235268 -106.709223127082 -117.456500980499 -120.641301545672 -120.312571755363 -117.17671171689 -117.476170152484 -119.876753819615 -118.263406190129 -119.638042880895 -118.40136332276 -119.909823770651 -125.323098018501 -123.08857167308 -123.698661610964 -125.585128413307
-9999 -9999 -9999 -9999 -9999 -9999 -9999 -9999 -9999 -9999 -9999 -9999 -9999 -9999 -9999 -9999 -9999 -9999 -9999 -9999 -9999 -9999 -9999 -9999 -23.9495420876379 -43.7368970825866 -98.9253258057469 -171.886761479642 -225.347138531437 -209.920453142854 -172.843507923953 -144.747404410463 -129.134570502226 -124.808286745469 -122.363862508994 -119.833648457595 -120.57719324097 -120.45602621914 -116.539554761018 -108.751591172389 -103.915540539946 -109.767769720021 -119.392545170789 -123.101813094632 -123.074507839672 -121.411811591609 -123.404868789187 -124.664704526502 -120.933269950266 -119.540544019618 -118.634890931695 -121.348211261991 -125.298563484127 -119.114447220397 -111.303479334527 -107.885668643131
