meets/meet004/_saidas_enm/CCSM_SVM_0k_Cavanillesia_umbellata5.asc
NCOLS 154 
NROWS 168 
XLLCORNER -112 
YLLCORNER -55.5 
CELLSIZE 0.5 
NODATA_value -9999 
[rows 100 to 124 of 168, columns 55 to 109 of 154]
-9999 -9999 -9999 -9999 -9999 -9999 -9999 -9999 -9999 -9999 -9999 -9999 -9999 -9999 -9999 -9999 -9999 -9999 -9999 -9999 -9999 -9999 -9999 -9999 -9999 -9999 -9999 -9999 -9999 0.0548416963833302 0.0681693900907663 0.0659252061351481 0.0715993137481126 0.078745232658228 0.0777497694033668 0.0512645749753795 0.00100678462025167 -0.0346333951805072 0.000977837520292513 0.026803818335502 -0.0353357285245348 -0.126615685240956 -0.1542641196094 -0.118201619684491 -0.111733644486583 -0.101710843889276 -0.0996902547949705 -0.110148399897666 -0.0630673157033378 -0.00215444127694642 0.0191539455034463 0.0262351548287219 0.0401799397852637 0.0501374215850938 0.0614136684695331
-9999 -9999 -9999 -9999 -9999 -9999 -9999 -9999 -9999 -9999 -9999 -9999 -9999 -9999 -9999 -9999 -9999 -9999 -9999 -9999 -9999 -9999 -9999 -9999 -9999 -9999 -9999 -9999 -9999 0.0539225409878463 0.0686971107144956 0.0710446111926593 0.0739812430452181 0.0777495092531584 0.0742294557254707 0.0422667941412022 0.00134453353430508 -0.0218363661834364 0.0221122314616212 0.0353563282092654 -0.0471139549946446 -0.137955155638385 -0.162143503459058 -0.137860690918166 -0.132555870775688 -0.121901414665971 -0.11793083838279 -0.119958590485432 0.00686244828304694 0.0753231249058838 0.00853704265686583 0.0278663388803868 0.0432164703597275 0.0551931567314658 0.068488890476363
-9999 -9999 -9999 -9999 -9999 -9999 -9999 -9999 -9999 -9999 -9999 -9999 -9999 -9999 -9999 -9999 -9999 -9999 -9999 -9999 -9999 -9999 -9999 -9999 -9999 -9999 -9999 -9999 0.0674722278709746 0.0501214078299686 0.0695717445642781 0.0747416818219991 0.0762865283705457 0.0774136067593418 0.0708069952412198 0.0365671890331433 0.00364971433872618 -0.00228643796853267 0.0396840215116062 0.0277718161161321 -0.0676864397325252 -0.145299296400692 -0.154222479516764 -0.130009781798347 -0.134748828843404 -0.132827190471417 -0.132217301731997 -0.124769394286378 -0.0360799544469186 0.02234729257032 -0.00151984599595661 0.00116593091088479 0.0392079119806701 0.067790628109874 0.0828906336359335
-9999 -9999 -9999 -9999 -9999 -9999 -9999 -9999 -9999 -9999 -9999 -9999 -9999 -9999 -9999 -9999 -9999 -9999 -9999 -9999 -9999 -9999 -9999 -9999 -9999 -9999 -9999 -9999 0.0675854723152339 0.0471541690605318 0.0709295574311113 0.0770848259837421 0.0785029341266313 0.078263126786324 0.0704918507398223 0.0327297595306161 0.0127666225281746 0.009595501105988 0.0358700785762829 0.00457025431152946 -0.0842922750006552 -0.146193900668815 -0.145644786499198 -0.120939770562423 -0.129774983591505 -0.133859657715891 -0.133791107413894 -0.134148170498762 -0.0807440756310553 -0.0302963705183831 -0.0294621669036605 -0.0203465420399346 0.00979357125640995 0.0433723657931492 0.0966015439785062
-9999 -9999 -9999 -9999 -9999 -9999 -9999 -9999 -9999 -9999 -9999 -9999 -9999 -9999 -9999 -9999 -9999 -9999 -9999 -9999 -9999 -9999 -9999 -9999 -9999 -9999 -9999 -9999 0.0656362067203625 0.043467038897203 0.0730376585820366 0.0775978971637126 0.0790072916473916 0.079811907358684 0.0720626895720958 0.0322063252751843 0.0137567620036457 0.0063489563541862 0.00277432804974903 -0.0161583679621879 -0.0886800303302208 -0.152197627859857 -0.146730634374997 -0.135507966180063 -0.132421963132575 -0.132246736011728 -0.132951301253647 -0.139243013882911 -0.109184645580895 -0.0714297023133659 -0.0532021452954327 -0.051713029800308 -0.0223854090008473 0.0189681215760187 0.0763276469041996
-9999 -9999 -9999 -9999 -9999 -9999 -9999 -9999 -9999 -9999 -9999 -9999 -9999 -9999 -9999 -9999 -9999 -9999 -9999 -9999 -9999 -9999 -9999 -9999 -9999 -9999 -9999 -9999 0.0641925091081965 0.0421149792151089 0.0769406044130038 0.0761311214257787 0.0783178726777843 0.0812921275329513 0.0752773400651488 0.0280997646723833 0.00676643514250208 0.00299527743191097 0.00443030805886541 -0.00604591448152741 -0.0834775624524375 -0.149815783971696 -0.143360919253838 -0.13379549708989 -0.130651780049073 -0.133049982213555 -0.13840540020885 -0.131235638378248 -0.0991879281394247 -0.0642073713355109 -0.0382954646825045 -0.0475881765566082 -0.0335390898486752 -0.012534486378536 0.0409772068381876
-9999 -9999 -9999 -9999 -9999 -9999 -9999 -9999 -9999 -9999 -9999 -9999 -9999 -9999 -9999 -9999 -9999 -9999 -9999 -9999 -9999 -9999 -9999 -9999 -9999 -9999 -9999 -9999 0.0717702525757155 0.0499234634730419 0.0800481274070962 0.0752217577593142 0.0780465810694652 0.0829012280356857 0.0789226118227875 0.0226015038225141 -0.00274019664772934 0.0109921573358502 0.017640091152778 0.00972035402824251 -0.0742564853733363 -0.136394207975194 -0.134010481499199 -0.130496452040902 -0.128473461201884 -0.127135918897962 -0.1030802472108 -0.0931526811499024 -0.0492205317273333 -0.00363460896414153 0.0202430548887682 0.0483125170353652 -0.00553840169742198 -0.0265380381438026 0.00547423088057741
-9999 -9999 -9999 -9999 -9999 -9999 -9999 -9999 -9999 -9999 -9999 -9999 -9999 -9999 -9999 -9999 -9999 -9999 -9999 -9999 -9999 -9999 -9999 -9999 -9999 -9999 -9999 -9999 0.102088277308901 0.0674287934558563 0.0808706025377266 0.0769095010811525 0.0794907163297444 0.0840342429707599 0.0800116755567436 0.0220327793002615 0.0103853033967616 0.0256006820652168 0.0305663643426496 0.0235974654575974 -0.0659115651015521 -0.126460400361803 -0.123942440263492 -0.123713681071474 -0.125150950606224 -0.126027601226128 -0.104173615967689 -0.0935652655510648 -0.055600221540796 -0.0047142778160385 0.043662008585397 0.0756010552583015 0.0129056568542984 -0.0322801290298867 -0.0179592168883486
-9999 -9999 -9999 -9999 -9999 -9999 -9999 -9999 -9999 -9999 -9999 -9999 -9999 -9999 -9999 -9999 -9999 -9999 -9999 -9999 -9999 -9999 -9999 -9999 -9999 -9999 -9999 -9999 0.140588407634882 0.0908973941674915 0.080779090696799 0.0809659260721403 0.0816125198857254 0.0847933375669466 0.0788602784154988 0.0186874814568786 0.032259574935644 0.0390998552487388 0.0418646168620228 0.0345366346122609 -0.0601066556494751 -0.118689914010041 -0.115522595837033 -0.115968195208019 -0.118239372413048 -0.125325447157389 -0.132241769352251 -0.123689358160239 -0.104264882120025 -0.0645203843693841 0.00466898936448651 0.0329397375624809 -0.00180504581413526 -0.0396439699107035 -0.0319261529249746
-9999 -9999 -9999 -9999 -9999 -9999 -9999 -9999 -9999 -9999 -9999 -9999 -9999 -9999 -9999 -9999 -9999 -9999 -9999 -9999 -9999 -9999 -9999 -9999 -9999 -9999 -9999 -9999 0.143791924303696 0.0936568490256203 0.0812058865240188 0.0821733600247068 0.0822412788097063 0.0831026985920512 0.0686438641945857 0.00709598555879914 0.0319953164520075 0.0502297473288905 0.0519645072338135 0.0258611417545537 -0.0548566347751673 -0.104476160302484 -0.103217441998862 -0.106117333160567 -0.110747133868844 -0.118025661279151 -0.125350807387556 -0.123303824578308 -0.107361605814487 -0.0762874304534105 -0.0304976946861967 -0.010848580915056 -0.0231432431606196 -0.0412760653047488 -0.0324103731696907
-9999 -9999 -9999 -9999 -9999 -9999 -9999 -9999 -9999 -9999 -9999 -9999 -9999 -9999 -9999 -9999 -9999 -9999 -9999 -9999 -9999 -9999 -9999 -9999 -9999 -9999 -9999 0.0501197001349908 0.122411614556258 0.0876589219086365 0.0813191185984602 0.084630886210709 0.0829387099994496 0.0816579057404412 0.0541567743053754 -0.00805112352083603 0.0401589210473658 0.0677206228384126 0.0568377855365988 0.0395870757403646 -0.0208476627137366 -0.0765763861686522 -0.0794446570093674 -0.0902561221322533 -0.0991301779231845 -0.102625428946719 -0.105974116048815 -0.0973683483944515 -0.0763117823365363 -0.0532087891964086 -0.0390265511634318 -0.0341946112257681 -0.0314927184850148 -0.0351618543841147 -0.0258927594498395
-9999 -9999 -9999 -9999 -9999 -9999 -9999 -9999 -9999 -9999 -9999 -9999 -9999 -9999 -9999 -9999 -9999 -9999 -9999 -9999 -9999 -9999 -9999 -9999 -9999 -9999 -9999 0.0491413879031151 0.0891471237045979 0.0774436889565794 0.081817210778761 0.0850473998506739 0.0841383418856821 0.0790506125667794 0.0377712730120136 -0.0119203355347605 0.0428210826285751 0.0666384212510379 0.0439610383741144 0.0586102400822898 0.0269746986924507 -0.019286590890488 -0.038590884191009 -0.0546512928087307 -0.0668289961577408 -0.0683601033810289 -0.0668520358657768 -0.0617967048109723 -0.0531819489942955 -0.0420873819357887 -0.0325807473157521 -0.0287317525351543 -0.0283115301147327 -0.0270126673595932 -0.0175026814549651
-9999 -9999 -9999 -9999 -9999 -9999 -9999 -9999 -9999 -9999 -9999 -9999 -9999 -9999 -9999 -9999 -9999 -9999 -9999 -9999 -9999 -9999 -9999 -9999 -9999 -9999 -9999 0.0533760745401381 0.0604559247259627 0.0749003130476624 0.0817684957074081 0.088001066796591 0.0829847079719569 0.0728161804156732 0.0282436029033586 0.0092831761597077 0.0542375184557131 0.043476887907723 0.044479557784104 0.0640016348909178 0.0626006131894366 0.0392631116281026 0.0187423001819372 -0.00401329219189944 -0.0160653615746056 -0.0155336494483443 -0.0192802768989981 -0.0216741711447078 -0.0312361017253109 -0.0341738650438223 -0.0245148041010906 -0.0154773139760798 -0.0187491777719148 -0.0183466738427687 -0.00918252650131807
-9999 -9999 -9999 -9999 -9999 -9999 -9999 -9999 -9999 -9999 -9999 -9999 -9999 -9999 -9999 -9999 -9999 -9999 -9999 -9999 -9999 -9999 -9999 -9999 -9999 -9999 -9999 0.0565794359106518 0.0561067850206901 0.0723747342186566 0.0783985958811115 0.0795829463819367 0.073716481970258 0.0518155710092931 0.0220106047946594 0.0340849403814673 0.0593730241084766 0.0689483467387034 0.0740332115212646 0.0778822530071512 0.0842551343877162 0.0866039094707029 0.0706920332480764 0.050014048016065 0.0418327325580867 0.0509127860645653 0.0556156563021067 0.0276127844163587 -0.00952996446491655 -0.0245104590728907 -0.0198305700213037 -0.0111107122991849 -0.00860919663206561 -0.00586429112348374 0.000424207593191839
-9999 -9999 -9999 -9999 -9999 -9999 -9999 -9999 -9999 -9999 -9999 -9999 -9999 -9999 -9999 -9999 -9999 -9999 -9999 -9999 -9999 -9999 -9999 -9999 -9999 -9999 0.229775449020298 0.0585734304752462 0.064939672214511 0.0710956772368388 0.0726214589688491 0.0730044960017521 0.0560389203645588 0.0274774485573359 0.0274834145361388 0.0756677218339876 0.101534481911727 0.113077409085175 0.0992135544517702 0.0864980689917094 0.0976487040333296 0.10902007191305 0.0927525594757466 0.0805924486393443 0.0812639672177243 0.0970791877292183 0.120801629378269 0.0727802872941612 0.00882556082519592 -0.0155041914493519 -0.0109484768282689 -0.00360809889647173 0.00110412408064475 0.00577185220499904 0.00986833063907683
-9999 -9999 -9999 -9999 -9999 -9999 -9999 -9999 -9999 -9999 -9999 -9999 -9999 -9999 -9999 -9999 -9999 -9999 -9999 -9999 -9999 -9999 -9999 -9999 -9999 -9999 0.130178529235311 0.0614669798476324 0.069437503548958 0.0717109070558997 0.0689122607068551 0.0621661115951848 0.0392574486578237 0.0282673259813404 0.0682216296710071 0.097522255024179 0.0920990020018483 0.095405421134266 0.101397719574215 0.0957720034433486 0.0951978563845909 0.0980934465425707 0.0904347135905363 0.0836151812274009 0.0859040796739786 0.101915362719146 0.111182877540169 0.0786894900846021 0.025879603164206 0.00167907016814228 0.000691546531684351 0.00877291366353927 0.0112934565082878 0.0140237114462997 0.0169786534478578
-9999 -9999 -9999 -9999 -9999 -9999 -9999 -9999 -9999 -9999 -9999 -9999 -9999 -9999 -9999 -9999 -9999 -9999 -9999 -9999 -9999 -9999 -9999 -9999 -9999 -9999 0.0973512113161568 0.0631702445403188 0.072049002247018 0.0725518013098015 0.0639798719557667 0.0540869541455308 0.0324822238864175 0.0435790125970238 0.0869265031853723 0.0837897096586968 0.0685322064492749 0.073230239625398 0.0840346087656224 0.0865168044116814 0.0865083164615386 0.0877738368936156 0.0820550690688205 0.073472949942438 0.072218036921689 0.084834626816936 0.0988878475329405 0.0668832304908452 0.0266437527288188 0.0105414784894791 0.0115529933962138 0.0181494694410988 0.0190436986623099 0.0214086552247787 0.0240994762510593
-9999 -9999 -9999 -9999 -9999 -9999 -9999 -9999 -9999 -9999 -9999 -9999 -9999 -9999 -9999 -9999 -9999 -9999 -9999 -9999 -9999 -9999 -9999 -9999 -9999 -9999 0.0501633528912476 0.0550401081623211 0.0662795002350902 0.0645837026105454 0.0559908280522899 0.0454177083295622 0.0337005060059938 0.0500683921115997 0.0773507502269347 0.0709570727366212 0.0613423025707576 0.0624202925017753 0.0653392535475092 0.0669612750855336 0.0717916817932617 0.0757663419988119 0.0716197739651298 0.059719239820377 0.0520131144540361 0.0529877470832693 0.0519509312819054 0.0400304445974266 0.0244338965348875 0.0167720383877524 0.0178372926574303 0.0220205839531498 0.0247469716145914 0.027820589572897 0.0302116215674283
-9999 -9999 -9999 -9999 -9999 -9999 -9999 -9999 -9999 -9999 -9999 -9999 -9999 -9999 -9999 -9999 -9999 -9999 -9999 -9999 -9999 -9999 -9999 -9999 -9999 -9999 0.0360656070530509 0.0460059397670792 0.060660347509723 0.0573617444869156 0.0486985847842908 0.043607694188194 0.0366315858875317 0.0530313995715015 0.0702761472778975 0.0629259139838305 0.0559031121155523 0.0566810771694043 0.0547203183562667 0.0544864021848019 0.0600342871177162 0.0644075346133264 0.0615708814854766 0.0477201319030156 0.0373888936296107 0.0340729543289305 0.0291972252281817 0.0264737168869453 0.0221245489819678 0.0200343403362472 0.0228167993597148 0.025465244880067 0.0288945989228868 0.032554161080402 0.0351265318163685
-9999 -9999 -9999 -9999 -9999 -9999 -9999 -9999 -9999 -9999 -9999 -9999 -9999 -9999 -9999 -9999 -9999 -9999 -9999 -9999 -9999 -9999 -9999 -9999 -9999 -9999 0.0313841879149215 0.0410864821349949 0.0553865387551142 0.0515053185881304 0.0451245290649817 0.0400387693065403 0.0377355557413716 0.0541490420435596 0.063848744147543 0.0592200734194717 0.0545556256793004 0.0543238478434458 0.0520540335939487 0.0513380148179605 0.0536086678184905 0.0562961969291126 0.0531898858868083 0.0424894975045574 0.0347432440078284 0.030936569588963 0.0283392823369373 0.0254054198523492 0.0235857234144671 0.0232328161180559 0.0255766579264329 0.0287171007149213 0.0323802829771823 0.0360209269858175 0.038440017970952
-9999 -9999 -9999 -9999 -9999 -9999 -9999 -9999 -9999 -9999 -9999 -9999 -9999 -9999 -9999 -9999 -9999 -9999 -9999 -9999 -9999 -9999 -9999 -9999 -9999 -9999 0.0336510690155206 0.0399305780427227 0.0540529094234365 0.0504858379903522 0.044346689923459 0.0390597932468247 0.0376035639855122 0.0510618494587519 0.058992335931553 0.0573023638143128 0.0547348911677815 0.0530563332591566 0.049983412909963 0.0488970916696336 0.0497944212434158 0.0511533671919217 0.0486471873017585 0.0424384271315847 0.037524561498271 0.0333092936698047 0.0298467454840865 0.0273842062455423 0.0264356316265389 0.0264016305911355 0.0286113925796795 0.0310709580796514 0.0345166710793706 0.0382937175279817 0.040856460873733
-9999 -9999 -9999 -9999 -9999 -9999 -9999 -9999 -9999 -9999 -9999 -9999 -9999 -9999 -9999 -9999 -9999 -9999 -9999 -9999 -9999 -9999 -9999 -9999 -9999 -9999 0.0373259102610398 0.0393459818862368 0.0543916367206527 0.0523424293506209 0.0456715733453147 0.0397247021770505 0.0382141501522181 0.0459498495461126 0.0528664777203687 0.0539351482369553 0.0520855600627325 0.0501844514163521 0.0478157443800918 0.0467652060145249 0.0468389947193242 0.0469796905121009 0.0461549797332008 0.0436784984111135 0.0404570907718407 0.0363602941649073 0.0327779794790571 0.0302461530510952 0.0286058220531437 0.0282087340573317 0.0301734243701284 0.0330664253307509 0.0363249018827752 0.0396396827059862 0.0422729734608105
-9999 -9999 -9999 -9999 -9999 -9999 -9999 -9999 -9999 -9999 -9999 -9999 -9999 -9999 -9999 -9999 -9999 -9999 -9999 -9999 -9999 -9999 -9999 -9999 -9999 -9999 0.0439372550312451 0.0387192956610063 0.0520342571934871 0.0537348232325722 0.0472444582064133 0.0413162079986963 0.0389908468310843 0.0437917374532734 0.0489188831493019 0.0498782675324346 0.0487051364466891 0.0476805785050511 0.0461361280836807 0.0453986498654551 0.0453987359060751 0.0453760893324359 0.0454749354250696 0.0448109033885216 0.0429776373435155 0.0398878578937066 0.036488082823544 0.0334757775583105 0.0312560159138899 0.0296807108573742 0.0312282066676698 0.0334104349154828 0.0363229652239457 0.0403288982508907 0.0430654292788591
-9999 -9999 -9999 -9999 -9999 -9999 -9999 -9999 -9999 -9999 -9999 -9999 -9999 -9999 -9999 -9999 -9999 -9999 -9999 -9999 -9999 -9999 -9999 -9999 -9999 -9999 0.051102947116161 0.0390114639462582 0.049831134844612 0.0535453339147872 0.0484259748003835 0.044685808618898 0.0418357771673593 0.0445751159102079 0.0475547615704824 0.0483263308538912 0.0473274988800815 0.0465632722652828 0.0451850325431341 0.0448009236079056 0.0453581066132682 0.0458783023332945 0.0459882881439002 0.0456753482160141 0.0447705783085267 0.0429295314230537 0.0407354246222553 0.0373231901225372 0.0338128250666179 0.0316398579325004 0.0320668235983672 0.0327635510898306 0.03678264937417 0.040519709978078 0.0437383847990727
-9999 -9999 -9999 -9999 -9999 -9999 -9999 -9999 -9999 -9999 -9999 -9999 -9999 -9999 -9999 -9999 -9999 -9999 -9999 -9999 -9999 -9999 -9999 -9999 -9999 0.112163765814526 0.0485908122625772 0.0409822369373803 0.0492942286685812 0.0547646240996972 0.0490223758758184 0.0451018262011321 0.043494246364744 0.0459770970073192 0.0478484728490883 0.048071125861836 0.0471496822935473 0.0464774385934015 0.0454891341936572 0.045331607999899 0.0463479706492182 0.0473930286928639 0.0473376237706754 0.0467219673966371 0.0460131725514687 0.044614072965265 0.0427929211586782 0.0400870054980362 0.037266604824005 0.0350330653177742 0.0348499650790565 0.035949802334158 0.0385432224812907 0.0414316409732438 0.0456673404157631
