meets/meet004/_saidas_enm/CCSM_Maha_6k_Aralia_warmingiana2.asc
NCOLS 154 
NROWS 168 
XLLCORNER -112 
YLLCORNER -55.5 
CELLSIZE 0.5 
NODATA_value -9999 
[rows 50 to 74 of 168, columns 56 to 111 of 154]
-9999 -9999 -9999 -9999 -9999 -9999 -9999 -9999 -9999 -9999 -9999 -9999 -9999 -412.592968978082 -195.17902477289 -93.6101058446725 -63.626558427684 -53.9534672255594 -44.6200108682195 -28.5885321830365 -12.9954473926178 -5.73984629417427 -8.92443410306581 -15.5499405412043 -22.4732088792845 -32.2848756377238 -43.1148375188804 -62.4104289303607 -80.7836528768597 -103.423432570102 -121.714644954525 -107.369485407351 -85.1502201007924 -53.0431421132538 -22.5479290833152 -12.3594070835215 -7.70569136018391 -12.2832066978666 -18.5772964478535 -21.4781484816505 -23.1907581696511 -22.9515304472114 -23.8643751259461 -29.4661703947048 -38.0867727007652 -41.9021065429449 -27.8282838045994 -19.5408222967046 -13.5239093935807 -9.29882391357261 -13.4411726678059 -15.5173176669668 -19.7691487928308 -23.6786180058341 -28.5977213564911 -29.4233858631163
-9999 -9999 -9999 -9999 -9999 -9999 -9999 -9999 -9999 -9999 -9999 -9999 -9999 -221.66292179152 -115.494550992626 -62.8670080189909 -42.8803828673838 -36.2805627358836 -28.6669193895109 -18.362976985297 -8.17284321872914 -5.37956707957689 -9.56128351128332 -16.5241065164886 -24.3145875380372 -34.8521998517724 -47.8240071451574 -67.1707103188883 -88.2792838002759 -109.528615923903 -123.0467067993 -109.182089785625 -81.2194665589373 -47.7900881551884 -22.6563377258135 -11.7242502744711 -8.27796570235146 -9.64047443486288 -13.094858718021 -16.8069849139337 -17.3714271358203 -18.599759349073 -21.039326378376 -26.0243446836757 -36.477987775859 -35.5553949504111 -24.812936744047 -16.3076262039666 -10.5952873904264 -8.11639533640001 -10.5923831811859 -15.9307672587505 -18.6983326845146 -22.5283726618163 -28.4774013186262 -28.1325327604968
-9999 -9999 -9999 -9999 -9999 -9999 -9999 -9999 -9999 -9999 -9999 -313.298773362803 -193.895731788096 -116.401888640686 -72.0669691658888 -40.1811559011116 -28.4782524539906 -22.9027796731009 -17.6886954372397 -12.3312299278049 -8.67724457782124 -9.78252882296862 -15.3224671345006 -24.0479892092229 -35.3244521271815 -49.6652802299974 -69.6266583287451 -93.3878982647843 -120.993352186202 -151.443658318135 -166.576055399236 -141.494338991799 -103.32935712244 -60.0809070205822 -27.4793986252142 -12.4284434501434 -9.73643893585094 -11.4151977468818 -13.9478942872157 -17.7341312056223 -16.2400859347541 -17.5026853940452 -20.2891425538838 -24.2897168199589 -29.9197072419527 -27.2346126881655 -16.7301220117343 -10.8612633995846 -6.40999258991117 -5.8765223140606 -9.664450964793 -14.2377383199315 -17.2244006457767 -22.2325143024013 -29.804919576751 -28.145520658652
-9999 -9999 -9999 -9999 -9999 -9999 -9999 -9999 -9999 -9999 -307.532404208029 -171.193519031709 -113.333746691531 -95.2578737136427 -63.2361137079949 -37.969251244506 -24.032128956699 -18.4328822690224 -15.5063303108667 -14.8703816647876 -15.8327809506056 -20.3889298494883 -28.2370432385738 -38.707899339782 -53.7538054121258 -73.9578212100868 -99.8876695764159 -129.766992740999 -161.524593002293 -187.785779219792 -194.945594043775 -163.616590299572 -117.758148872285 -68.6594500353687 -32.8652515302084 -14.7607659874131 -9.77355137468384 -10.7165839601034 -13.4259891712115 -15.1922494876255 -16.6567124419106 -19.8488916163611 -21.7402276107445 -20.7625931045904 -17.6746058276018 -12.3185172279247 -7.58454300095736 -4.97191710982475 -4.82824231690477 -8.23780253992399 -12.0434375639622 -15.3052519705114 -19.3008089797086 -25.4000728575992 -33.0232739849333 -29.5823047961386
-9999 -9999 -9999 -9999 -9999 -9999 -9999 -9999 -9999 -9999 -162.190286375105 -79.8467152035232 -88.1790874799843 -69.6102997892533 -57.5997694581046 -41.0212842406336 -29.9760697568768 -27.4626980666685 -28.2924471366968 -28.4591587141967 -31.1392370843106 -37.3456573788618 -45.980203086715 -58.6770976980963 -78.896182489028 -104.012170265175 -135.171355934467 -169.908897663402 -200.941754297771 -223.105302150883 -227.129786256586 -183.012567344088 -129.136585482003 -78.8541228703799 -39.2066167425743 -18.0478150907135 -11.2677978610462 -8.60683713459496 -9.30613809837617 -10.9191679657768 -11.2811323504231 -14.1331908148512 -13.5310363370421 -11.7655382765737 -9.05235185589507 -5.28030822841757 -5.25244730105581 -5.73793509182928 -8.39855239871333 -13.0140200975194 -16.5706613833158 -22.3570635131019 -27.9061992521336 -33.8977824129121 -41.2898456496633 -33.3456183534666
-9999 -9999 -9999 -9999 -9999 -9999 -9999 -9999 -235.243527564658 -146.862542080766 -68.4300575227825 -37.7763446673078 -63.4424916114814 -58.8825721052864 -46.6051148476765 -49.5232052582997 -44.1673497037976 -42.6797231274883 -45.878287608319 -48.7438140027965 -53.8373783348177 -60.9989955448448 -69.6911057464848 -83.7532758243861 -108.984895500535 -140.781125596031 -175.873024598146 -210.812690059965 -239.126959022765 -254.130983720085 -247.706076731821 -199.317950970893 -141.53052807647 -89.9051819739485 -48.825560332846 -25.4124275933119 -15.1170250825012 -10.4071635373593 -8.61760188211365 -8.57795945497558 -8.71510787331771 -10.2582524789182 -10.8805904498509 -9.71253155229465 -8.97020783074646 -8.55662177791311 -10.853070325652 -15.0934614868857 -20.88933868054 -26.5917994474461 -31.2145858028434 -36.384802232791 -42.5970039134855 -46.7547261771909 -49.6041065137627 -34.5305244948297
-9999 -9999 -9999 -9999 -9999 -9999 -9999 -9999 -148.276206357591 -75.0447638310378 -24.0386865272114 -16.6510353804999 -39.7993376362224 -39.7038509679582 -34.6147493968538 -40.9164911040101 -58.6257416936041 -64.1761284619103 -69.8279421572473 -77.4397297325792 -88.7509492240348 -97.2977411034612 -104.576368765987 -120.224844967445 -151.585125565388 -186.859407145617 -199.756592672393 -211.083473783738 -213.062626998455 -208.981626111413 -204.93887460422 -199.668854000422 -152.941402886818 -103.444911212913 -62.2129165305552 -37.8266113203318 -25.5775241304138 -17.6759060378081 -14.9146086052423 -14.4661670068345 -14.5685390517655 -16.3326898784976 -17.6945196632249 -19.2816730116732 -21.8106346759183 -25.7949654555017 -30.8460435777924 -36.7479437829546 -46.4916371396895 -53.9175006225883 -58.2015431328272 -62.6206820221793 -64.1509125900903 -62.9306496491851 -61.9531749153239 -38.7790325842918
-9999 -9999 -9999 -9999 -9999 -9999 -9999 -155.315498431605 -92.3088458139913 -41.9248042002922 -10.0870891777246 -14.7355539769757 -24.1352428100448 -23.1086374438079 -22.8527591323245 -32.3947778433239 -48.545241581315 -75.3477746851549 -92.7061169231083 -108.92226291462 -123.105986782517 -129.7464940262 -140.537517515802 -146.153289174807 -153.407289126979 -163.27903070675 -165.188270152349 -165.907675856739 -166.785512367038 -165.080494671639 -163.80522785939 -158.667880081848 -153.667601609426 -115.985011516202 -80.0707499059125 -56.5108451199092 -41.7356890193954 -33.491554659486 -29.6195452382735 -28.1423292298557 -28.7558794077999 -32.019280715998 -36.2598283857636 -41.236987920763 -47.7268647342195 -54.8837282944838 -63.6356325055344 -74.4791857259525 -87.4426478088794 -96.635042201782 -100.688038128423 -100.68270117092 -94.2315656168431 -86.7943320489109 -79.4826429361254 -44.9559303966339
-9999 -9999 -9999 -9999 -9999 -9999 -9999 -114.294869009105 -52.3752711389977 -15.9160075131157 -5.44317292678678 -13.3338158761634 -21.4168979515299 -20.1539294220893 -17.5375852382558 -24.3616166441155 -39.8810197398322 -63.2396275347551 -78.7772949348142 -88.2281348682339 -99.4581597369148 -108.062657288342 -119.250275175116 -120.159116801983 -120.290300642292 -126.283473441796 -126.724065030614 -132.167280324189 -130.584464179841 -123.396675689559 -122.586544540784 -120.229954950511 -123.07303997578 -123.038428728001 -98.3236434074208 -77.6156321732134 -63.5009590128397 -54.5814564838407 -51.4373183088698 -51.8155348775928 -53.8826240539854 -60.3029614942382 -66.7046701723063 -75.8381882920787 -89.2793798343109 -102.568400082355 -118.084010533061 -134.370649234265 -150.933009255715 -159.631008864088 -158.11420016516 -146.658484851062 -132.600127303814 -118.161940275888 -100.757552791547 -57.0314657020535
-9999 -9999 -9999 -9999 -9999 -9999 -138.53437059826 -79.4854838958286 -29.3528675610665 -6.80346150829774 -2.68432962725426 -12.6603740379919 -30.169022684557 -26.6473658374823 -15.7898507564826 -21.5364258260142 -33.8554662710983 -51.4385805778412 -64.4131114785753 -72.1178136096453 -82.1126849415557 -88.320664528134 -92.794318243005 -93.4897372969621 -97.3451054655969 -99.9382996380641 -102.100581540094 -101.726826530042 -99.6800863568004 -100.688051054132 -98.6268751037626 -99.2117127246779 -98.9782708082849 -99.516237345388 -103.752337409066 -96.2028367197258 -86.2734026195721 -81.1715627903672 -79.9763827079898 -83.3369954784874 -90.4259090962409 -100.045479155496 -112.22874079994 -130.492345313156 -138.165234083485 -140.053907686885 -145.153847960766 -147.942664233606 -152.153718906862 -154.715890883788 -153.104645456466 -142.125674308891 -127.942591406442 -109.132948688043 -94.9787369625555 -72.6773740203867
-9999 -9999 -9999 -9999 -9999 -9999 -109.699295533297 -53.679702270987 -17.1081366107423 -3.39719215955213 -3.72810409605528 -14.0240214857252 -29.4352932188381 -22.3220120002382 -14.7867628421094 -17.8902301544863 -29.9566713033646 -43.5335904608754 -52.3607856691167 -56.6604096672765 -61.8516969684053 -66.8459620830205 -69.9058084547742 -70.1449637104489 -71.213015542058 -73.9428154659399 -74.5278620889735 -75.7011759956364 -75.2985418982217 -74.9643353212265 -76.1895160009115 -76.6126875138966 -78.8059269103063 -80.5302666310749 -82.8398138104678 -86.6817443021566 -90.45510730826 -96.7865455026724 -101.485202375073 -104.064006610799 -109.064729537877 -108.948500380371 -109.057801687198 -111.501042718516 -114.919817651777 -122.207341216283 -127.575803825113 -133.348433638587 -137.057874462801 -136.257509111941 -134.903651321277 -124.938328392894 -114.666781138162 -101.512053832426 -86.3791568644367 -72.97651408294
-9999 -9999 -9999 -9999 -9999 -9999 -85.8947400886127 -41.5071124395406 -10.9538725820503 -1.79387762825699 -2.70961648272938 -8.83464703462022 -22.9925655417309 -13.0795750595629 -11.3927459138208 -16.914827395127 -26.0991041024589 -36.9030419617935 -42.8069305187002 -47.3315703222182 -51.2886594350566 -52.7611273889004 -54.617174356148 -55.4346869346463 -57.7828956098369 -59.1837279626844 -59.8476482929588 -58.5523176880616 -58.5587369987414 -60.8551606079784 -60.762569794871 -63.4602653648545 -64.5435495601996 -66.6203511336642 -70.182891436434 -71.4733336271502 -76.2488301634548 -78.9457851325995 -84.1178406556231 -90.0097582984299 -93.793000167512 -97.1881315158185 -95.8842117582506 -96.659726925115 -102.934789970131 -110.394101648284 -115.73886647769 -118.332120814516 -120.94785435476 -122.489802875101 -119.606219129649 -112.415957811872 -101.348563071462 -88.641109476101 -80.3824952451093 -68.3041626085274
-9999 -9999 -9999 -9999 -9999 -9999 -9999 -30.3902853292809 -7.88922326774819 -0.64569064555536 -2.42080507847976 -4.8325302934578 -13.1777629496839 -8.61441903198489 -8.21822468096375 -14.1981907994115 -20.984598939071 -28.9461753375406 -33.9004882624372 -36.9092532128826 -40.0837785928061 -41.6711940038091 -43.475277265284 -44.3381775163981 -44.8617379743437 -45.8069639175699 -45.1960311642828 -44.7756835285684 -44.0590215868661 -45.2522919539804 -47.1570437917855 -48.5431241679946 -50.9728835527284 -52.7794599610355 -54.7373414098626 -58.1881727782622 -61.0635342809831 -65.5283124021074 -69.8909206171363 -73.3943152865922 -78.7997835898868 -80.2320577517873 -81.6591530291869 -81.2024955760483 -86.1368591938773 -91.7410189723796 -94.1432992845348 -98.098417752807 -100.484375186489 -100.20390944362 -98.5639527311587 -91.691058077138 -84.656276277103 -75.8677912341536 -68.2856616960273 -62.5150987718793
-9999 -9999 -9999 -9999 -9999 -9999 -9999 -9999 -6.33128377185701 -0.390401408895147 -1.53361976553695 -2.67662464392753 -8.36591826196289 -6.73195012680091 -7.82773890176676 -11.7072595640897 -17.5833577749259 -24.6329024452604 -28.9894402179353 -31.2339403127905 -33.3801158948176 -34.5800767853541 -35.7707810399339 -36.4836830627489 -36.8676106936623 -36.5224834244382 -36.2953495610833 -35.3462576405086 -34.4525267365444 -36.5602437687309 -37.7247908804329 -39.8161538141009 -41.3203397637744 -43.3659175900584 -46.5614111257878 -49.9531926625327 -53.4097527475328 -57.3465706865164 -62.096291298734 -66.0412646920092 -69.7473003890019 -71.9142155135016 -72.2155496722986 -70.4341954030532 -73.6946079042124 -77.6386622744264 -81.3230605908186 -82.8140746059201 -85.863345342573 -87.7730670132835 -86.309113259116 -80.9705219749282 -74.1057287582925 -66.0054153941693 -61.6193660465674 -57.3277500493431
-9999 -9999 -9999 -9999 -9999 -9999 -22.3720389778794 -8.38169927879509 -0.50401642723991 -2.27798205671212 -2.14024820535079 -2.35563961130711 -6.51963753558379 -6.51664115583292 -6.37308910513766 -11.2916998636992 -17.1165434392381 -21.8608988731703 -25.3225945482657 -26.6634579320939 -27.4257532028846 -28.0166937130578 -28.646084916561 -28.8987845268621 -28.7245496335906 -28.752341408267 -28.3376004947506 -27.9762329098089 -27.418650483098 -28.0878505673248 -29.6246445993143 -30.9617090506414 -32.7673616077325 -34.3607927652623 -36.3520932047403 -39.5880275052656 -42.7022987395465 -47.3032413238653 -51.5053866927375 -54.559180823257 -58.0375566005402 -57.3812492288504 -56.3920112290767 -56.3420993658545 -62.1395771482355 -68.9291392349159 -73.0609193010406 -76.6595035556224 -79.2520511446263 -80.2803899025889 -80.0401242315703 -75.0678034658768 -69.1813139166109 -61.6767009954354 -54.6724484076173 -48.8333304115399
-9999 -9999 -9999 -9999 -9999 -28.1141251693268 -8.27698684270304 -2.13947827228246 -2.20693879061624 -3.44894839020748 -2.15244551655414 -2.27241310362939 -5.80251727232027 -7.01643974631546 -8.44970785788392 -12.9306522002802 -18.736668916259 -21.3216775850884 -23.1996869584937 -24.9650964753593 -24.6541088610425 -24.8630486378975 -23.9213713498622 -23.6269545651131 -24.2452328204461 -24.2190136063015 -24.3547391201798 -23.7258452017901 -23.2997853220946 -23.9540169570125 -24.2331302933724 -25.8654756181966 -26.8129828014551 -27.8202762123089 -29.9584045600253 -31.0843390331127 -35.1095470423583 -38.9411378321514 -42.8087636055534 -45.7619318343037 -47.6877763513319 -49.183946673316 -49.5834764296537 -51.47739801915 -57.6942745589915 -65.0391500328945 -68.3251589857268 -70.431943537468 -72.5573860370244 -74.7929160993861 -75.6221243652261 -69.9276858954662 -64.5404592882119 -57.5258664883625 -51.0096561851685 -43.7236637358698
-9999 -9999 -9999 -9999 -9999 -10.4577243328547 -2.0790535969824 -0.921425001575053 -4.5663399820168 -4.17191027844399 -2.80883404959929 -2.97475283830196 -4.2199777466411 -6.68611288869352 -9.04017788618936 -14.907111987714 -18.8682407332589 -22.1752768316128 -24.2886371676241 -23.9368863191416 -23.9011134338732 -23.3588280918384 -22.352773862058 -21.9833224593893 -21.6158340511625 -22.2070959504006 -22.454808623476 -22.3007463134037 -22.0485047907701 -21.8142975037192 -22.3715056757553 -23.292719262163 -24.3655472092875 -25.1681471630461 -25.7771269481783 -27.319717969824 -30.0876998875867 -32.9597203285058 -35.667362722281 -38.5009253888219 -41.7481963723131 -43.8522949767913 -46.1496069264791 -48.1274182486097 -51.8992477820442 -57.6197038548501 -61.1408501076303 -63.750655171011 -65.6933548878198 -66.6856250634102 -66.4030482994657 -63.2241146123177 -59.0221475025697 -53.7598538345866 -48.8403260251564 -44.6272363551485
-9999 -9999 -9999 -9999 -9999 -9999 -0.387612442288977 -0.866122337042795 -3.88879631436214 -4.85565597802133 -5.3001907508987 -4.57616853809657 -4.12878854750156 -5.38336445354315 -7.7724988688242 -15.8196317757266 -17.446753542202 -21.2300733390816 -23.175852887797 -22.080263327708 -22.4628310968599 -20.9999930091963 -20.6838199685697 -20.0562611503358 -19.2636709300235 -19.9049409943595 -19.4553007170154 -19.6959779739866 -19.7437139946574 -19.7609124897318 -20.163680899086 -19.7473836276332 -20.4158517071966 -20.684315302918 -20.9633753048441 -22.2568220066197 -24.0143988712407 -27.109213127941 -30.1075386669813 -32.5739502763334 -36.2323035322329 -38.3616557986093 -41.5862787985464 -43.7451169322573 -44.493919554145 -50.305118188272 -53.1740246979407 -56.1370170134738 -58.0549390632516 -59.0171037021724 -58.7729603968099 -56.6569980210092 -54.0823280346235 -50.6007698274066 -47.9741099816853 -45.8898094395294
-9999 -9999 -9999 -9999 -9999 -9999 -2.53676159340513 -1.78979611174019 -4.69120186544758 -5.55002202214758 -9.07420771035938 -9.90318712960989 -9.46050205676097 -6.22731172609552 -4.81784702498171 -8.3073217623031 -12.4853575572935 -20.4876614100826 -25.2972588280207 -22.279634042786 -18.9071060511293 -18.74558210031 -18.771228134289 -18.352667443171 -17.3428682983917 -17.0232380179555 -17.7622742147656 -18.1720682541388 -17.9329237320737 -17.4030812027621 -17.0775550909143 -17.1444454822214 -17.2694013494595 -17.5029544985631 -17.8883528173739 -18.9203173509711 -20.7961706179634 -23.421800864435 -25.9164836737603 -28.0279179663301 -30.5780278455181 -32.9865622685449 -35.6539315097112 -37.5154733140304 -38.3421840611745 -41.6203521566914 -45.1721108528707 -48.369457893475 -50.7389307546647 -52.4563819495835 -53.3517142326791 -51.7689334605165 -50.3552290976057 -48.5803307392322 -47.3844625538392 -46.7317557985456
-9999 -9999 -9999 -9999 -9999 -9999 -14.2210026174946 -3.188991485564 -7.03047683780669 -7.9394332930187 -15.3047866634242 -18.1311213447947 -20.3895845437679 -15.2577473647978 -11.0750791046249 -7.27114704373972 -9.19374035650834 -19.7353139858103 -27.060621771649 -21.4377587304039 -16.3010014582944 -16.4585571385542 -18.2789684938037 -17.9878114908113 -16.0594022917896 -15.1344366148873 -15.9055912755063 -16.5672418717967 -16.3516993626682 -15.1937881494404 -15.142699796948 -14.83949853348 -15.5399727363075 -15.5632597984391 -15.3682005395058 -16.5145595484545 -17.4622774197839 -20.1962286921988 -22.0712202562196 -22.912713634849 -25.4547090487682 -26.7522488072226 -29.3921130813433 -31.0163938904624 -31.2750579304269 -33.6469547944937 -36.6394942790052 -40.5193216403914 -43.2580917122229 -45.3129603439356 -47.8225673122352 -45.9791323377452 -45.8633479060807 -45.1205581895362 -44.8303202779148 -46.3133742195489
-9999 -9999 -9999 -9999 -9999 -9999 -9999 -9999 -10.6261091209449 -14.096785912968 -12.3657214800187 -21.0835036424603 -33.1293667942796 -27.368172546622 -15.1799511320575 -9.04792723090926 -7.44482222088383 -18.6207695321604 -29.4790228768043 -22.7296370071124 -15.1159740623856 -16.369219489848 -20.2347178072385 -20.5815608010866 -17.7391088196643 -15.8065560380314 -15.7710284366089 -16.4646419200085 -16.3175941593489 -15.3286964439868 -14.9822634111293 -15.3212590428753 -15.9424578804981 -16.0700382184306 -15.733410336398 -15.9767412238345 -16.8783054774879 -18.111630802003 -19.2388104468113 -20.2786007171533 -21.5106181532611 -22.8119300501849 -24.2961645510288 -25.4389384637067 -26.1763725944801 -26.9933844275696 -30.0017995523708 -33.0702210216394 -35.77745401877 -38.3885209617161 -40.213588499857 -39.9299405374564 -39.8238454208246 -40.0301380549071 -40.7816644661433 -42.3886040507274
-9999 -9999 -9999 -9999 -9999 -9999 -9999 -9999 -24.7234923824993 -12.821254200989 -10.6945678591595 -24.1578268966842 -51.8029822606933 -44.8200098142377 -24.2860147308852 -9.12120005702023 -4.40303738613584 -16.8882119168003 -30.0041906801836 -21.2092001610863 -14.2578560418044 -16.6790906887025 -22.9123301835246 -23.709925454514 -18.7744525735896 -16.0076327913407 -15.914888377335 -17.2897106624108 -17.1583182982824 -15.4583215968593 -15.1554281280416 -15.4222387387492 -16.79662790392 -16.8447044167283 -15.8040387133859 -16.0605052584502 -15.9286768466862 -16.826696113403 -17.1944941127461 -17.2559449078139 -18.2903977779801 -18.4854006524723 -19.6855760592156 -20.4542075856586 -20.6357717638974 -21.9401792842471 -23.3858689529841 -26.2080640624078 -28.6005064296097 -30.981575811898 -33.0569785991589 -32.6019135480212 -32.8927403779963 -33.4014070065409 -34.5175944482763 -37.1875293245753
-9999 -9999 -9999 -9999 -9999 -9999 -9999 -9999 -9999 -10.7789663932004 -5.55956530341579 -22.5745223721073 -72.2896762790817 -68.0258134317464 -35.7388765646654 -9.64037884982075 -3.08659153753964 -12.03175340975 -27.9683078122819 -22.1023879754054 -14.588328881896 -17.8968354855295 -24.5296576911973 -24.6883666462738 -20.4752890053266 -16.9679727308929 -16.9909592872826 -18.0493947717499 -18.1218229126357 -16.9706548234223 -16.2395367572206 -16.9801169398304 -17.9469359542769 -17.870192525656 -17.1306840221296 -16.9223327518936 -16.7360792969453 -16.6745466032388 -16.4629775460334 -16.2668310945361 -16.1300679375998 -16.1460288421329 -16.1957593398052 -16.4019330037652 -16.8935357072266 -17.6853535996085 -19.4774535461769 -21.5896221846203 -23.4870903667199 -25.3258262906359 -26.8516585418306 -27.2518790073016 -26.5481058798091 -27.1060483540883 -28.8881530422783 -31.1136440768415
-9999 -9999 -9999 -9999 -9999 -9999 -9999 -9999 -9999 -9999 -10.4731801493502 -30.4000592911355 -80.8565312079192 -79.0412523450145 -44.2657976400445 -10.9108753999948 -1.79616075425144 -6.80445337600814 -22.7105401702669 -19.1762437672801 -14.4783575819788 -18.2775357239413 -24.1014622010123 -24.9815225913481 -20.7118333118309 -17.9378253809453 -18.0516440182248 -19.1943874770836 -19.276273972266 -17.9961513137573 -17.6375656371779 -18.4344797592076 -19.91854605292 -19.9043696173 -18.5633311581042 -17.6547827742871 -17.1079006336223 -17.1210372428917 -16.4156582070512 -15.2791698559358 -14.619023535763 -14.0124332584732 -13.8439894521827 -13.6701940064235 -13.4759478631789 -14.158887767925 -15.9961655323288 -18.8201471611192 -21.1274628299423 -23.1365519737937 -25.0410702401307 -25.5853231481414 -25.8401313970206 -24.5654096197541 -23.9725264402613 -26.0181365583388
-9999 -9999 -9999 -9999 -9999 -9999 -9999 -9999 -9999 -9999 -9999 -45.4875703478111 -75.1635565175643 -72.5426530575577 -45.0114757514057 -12.8169138878781 -1.36717467430888 -1.99499071500597 -15.464588963079 -14.5133183882761 -14.7594469342975 -18.1030044292592 -22.1056304688149 -23.467191302098 -21.1830813354215 -19.6783973583763 -19.5925162199644 -20.068705637793 -20.2551648728767 -19.491472473377 -19.6431249950027 -20.3041982682621 -21.232467932903 -21.5311294400447 -20.6249855377456 -20.2519414900957 -19.0788559665739 -18.4450287850348 -17.1233718504434 -15.4100138953085 -14.3516798580684 -13.0064786342561 -12.2515174902338 -11.6498393732057 -11.2867070384297 -11.9792576252582 -13.3418304725002 -15.509852700794 -17.9257213368964 -20.4920985663649 -23.0099500528214 -24.1168614983877 -24.57320131823 -23.5469094597422 -21.6194636975377 -23.020729757689
