meets/meet004/_saidas_enm/CCSM_Maxent_0k_Aralia_warmingiana2.asc
NCOLS 154 
NROWS 168 
XLLCORNER -112 
YLLCORNER -55.5 
CELLSIZE 0.5 
NODATA_value -9999 
[rows 75 to 99 of 168, columns 56 to 111 of 154]
-9999 -9999 -9999 -9999 -9999 -9999 -9999 -9999 -9999 -9999 -9999 0.219660803675652 0.193388685584068 0.208399742841721 0.229482114315033 0.258412927389145 0.3299899995327 0.464230298995972 0.442619413137436 0.351282298564911 0.274565726518631 0.20871290564537 0.184805348515511 0.171595096588135 0.18959578871727 0.200954005122185 0.190973252058029 0.179759651422501 0.168903589248657 0.159862384200096 0.146801024675369 0.129069045186043 0.114750094711781 0.108293153345585 0.10992693156004 0.112616613507271 0.114235550165176 0.115403868257999 0.122377082705498 0.133648484945297 0.144714370369911 0.156594589352608 0.165124148130417 0.17622421681881 0.187593922019005 0.191542416810989 0.187408968806267 0.17546458542347 0.162932276725769 0.147014990448952 0.137383356690407 0.139510273933411 0.14607135951519 0.158083319664001 0.173578396439552 0.187928378582001
-9999 -9999 -9999 -9999 -9999 -9999 -9999 -9999 -9999 -9999 -9999 0.240313455462456 0.22783038020134 0.225081846117973 0.22789278626442 0.247763097286224 0.287714540958405 0.383578836917877 0.473650574684143 0.470812231302261 0.314318478107452 0.258571803569794 0.227851137518883 0.181955471634865 0.198546200990677 0.185039445757866 0.186385452747345 0.175687402486801 0.162681668996811 0.15463998913765 0.142798721790314 0.122928343713284 0.112966448068619 0.108551487326622 0.114172123372555 0.127010092139244 0.122325286269188 0.126755699515343 0.136732593178749 0.153184175491333 0.183953493833542 0.17757573723793 0.188666507601738 0.206093177199364 0.215159431099892 0.24127085506916 0.227768391370773 0.207980111241341 0.196180552244186 0.180408075451851 0.17031267285347 0.170930936932564 0.171790197491646 0.172576650977135 0.172896206378937 0.163594827055931
-9999 -9999 -9999 -9999 -9999 -9999 -9999 -9999 -9999 -9999 -9999 -9999 0.258083164691925 0.254166811704636 0.262881517410278 0.271590858697891 0.271477729082108 0.276484340429306 0.336089015007019 0.420988976955414 0.482198715209961 0.455418735742569 0.273802489042282 0.171575382351875 0.199582993984222 0.222356155514717 0.206631630659103 0.171442329883575 0.148075744509697 0.136683121323586 0.129431918263435 0.112679235637188 0.103222079575062 0.101013734936714 0.107924066483974 0.118856228888035 0.118464983999729 0.121387340128422 0.129922106862068 0.143688142299652 0.16146644949913 0.15508645772934 0.155017614364624 0.170831397175789 0.200206503272057 0.238637655973434 0.246377378702164 0.241734117269516 0.236362650990486 0.223052576184273 0.210094377398491 0.206272974610329 0.201277256011963 0.194349378347397 0.179398983716965 0.149339243769646
-9999 -9999 -9999 -9999 -9999 -9999 -9999 -9999 -9999 -9999 -9999 -9999 0.291679114103317 0.290268808603287 0.318682193756104 0.29755637049675 0.240602806210518 0.19645032286644 0.195002973079681 0.266474366188049 0.410343647003174 0.497362941503525 0.415723592042923 0.161576122045517 0.265167534351349 0.316145032644272 0.226810619235039 0.162820085883141 0.124474473297596 0.110786341130733 0.104284130036831 0.0928927063941956 0.0868866369128227 0.0860758945345879 0.0920072048902512 0.100052706897259 0.103621058166027 0.105091124773026 0.110733203589916 0.118706367909908 0.121047377586365 0.117274351418018 0.10442990064621 0.118200078606606 0.158936411142349 0.200775310397148 0.247418984770775 0.267904579639435 0.281384527683258 0.275108337402344 0.254454523324966 0.248662665486336 0.236109882593155 0.211244091391563 0.177623808383942 0.144388601183891
-9999 -9999 -9999 -9999 -9999 -9999 -9999 -9999 -9999 -9999 -9999 -9999 -9999 0.299073457717896 0.341168493032455 0.234113410115242 0.177930071949959 0.127047911286354 0.107743620872498 0.128973633050919 0.186418056488037 0.299864560365677 0.454943716526031 0.365718215703964 0.301579475402832 0.291484326124191 0.211472734808922 0.126483753323555 0.0889152958989143 0.0826636999845505 0.0781165733933449 0.0705275386571884 0.0668712854385376 0.0688331797719002 0.076511412858963 0.0849298015236855 0.0871988609433174 0.0901216119527817 0.0946942716836929 0.101308643817902 0.102297268807888 0.0919719263911247 0.0819875746965408 0.0957697927951813 0.136870846152306 0.19551956653595 0.26164123415947 0.311585426330566 0.343897461891174 0.342498242855072 0.323085904121399 0.301958411931992 0.2544085085392 0.2116419672966 0.174339205026627 0.140610232949257
-9999 -9999 -9999 -9999 -9999 -9999 -9999 -9999 -9999 -9999 -9999 -9999 -9999 0.337406039237976 0.358687937259674 0.170907735824585 0.148103177547455 0.0742725133895874 0.0635790377855301 0.0771608799695969 0.0851040035486221 0.123352542519569 0.261194854974747 0.364381492137909 0.361227333545685 0.304240494966507 0.19533982872963 0.0990039706230164 0.0517018884420395 0.0532546304166317 0.0560109652578831 0.0404390580952168 0.0473259799182415 0.0491998009383678 0.0550289079546928 0.0673398673534393 0.0680863484740257 0.0722043588757515 0.0781872570514679 0.0865541249513626 0.0939947739243507 0.0849221721291542 0.0715246722102165 0.0867069661617279 0.133585140109062 0.206265330314636 0.281166821718216 0.36441895365715 0.415255963802338 0.404987871646881 0.388683825731277 0.324918150901794 0.266134291887283 0.218281283974648 0.178554281592369 0.145761251449585
-9999 -9999 -9999 -9999 -9999 -9999 -9999 -9999 -9999 -9999 -9999 -9999 -9999 -9999 0.400513976812363 0.247151106595993 0.139983758330345 0.0669771209359169 0.0522149465978146 0.0527394711971283 0.0504401102662086 0.0467835105955601 0.0518006198108196 0.0773712992668152 0.163466677069664 0.27758851647377 0.302431136369705 0.107558265328407 0.0388307720422745 0.0337449163198471 0.0214480515569448 0.0257369354367256 0.0259049013257027 0.0277802962809801 0.0362404510378838 0.0410865843296051 0.0432419404387474 0.0458259619772434 0.0517653152346611 0.0649680569767952 0.080763541162014 0.0816797986626625 0.0826375037431717 0.103028878569603 0.14134569466114 0.205691426992416 0.284134775400162 0.358520835638046 0.409007728099823 0.39872932434082 0.368987649679184 0.325114548206329 0.276670157909393 0.231266349554062 0.187078952789307 0.150561094284058
-9999 -9999 -9999 -9999 -9999 -9999 -9999 -9999 -9999 -9999 -9999 -9999 -9999 -9999 0.450100511312485 0.304080635309219 0.161600083112717 0.082757830619812 0.0549502968788147 0.0420207940042019 0.0322246439754963 0.0233752746134996 0.0337946377694607 0.0409636646509171 0.0529883950948715 0.0688761472702026 0.106871493160725 0.211609095335007 0.123717427253723 0.107764720916748 0.0158993750810623 0.0230330899357796 0.0202021338045597 0.0178868249058723 0.0240123420953751 0.025241868570447 0.0250211469829082 0.0246317833662033 0.0304877161979675 0.0423942096531391 0.0665510669350624 0.0722799971699715 0.0885886922478676 0.115135855972767 0.145760118961334 0.197399944067001 0.266528934240341 0.327782690525055 0.360395550727844 0.358959972858429 0.342095673084259 0.322036653757095 0.284981459379196 0.253899693489075 0.205969884991646 0.162182256579399
-9999 -9999 -9999 -9999 -9999 -9999 -9999 -9999 -9999 -9999 -9999 -9999 -9999 -9999 -9999 0.383298307657242 0.256391167640686 0.147447481751442 0.0841617956757545 0.0456915721297264 0.0256883297115564 0.0149653265252709 0.0153340455144644 0.0176707748323679 0.0216148905456066 0.0254994686692953 0.0333398170769215 0.0421000979840755 0.0575601235032082 0.17272923886776 0.318821370601654 0.145953238010406 0.0340394489467144 0.0155586311593652 0.0183164402842522 0.0207700356841087 0.0219547636806965 0.0224507618695498 0.0234527569264174 0.0236553847789764 0.0286989100277424 0.0460121147334576 0.0774959176778793 0.118348091840744 0.152726277709007 0.194194152951241 0.252007603645325 0.293269127607346 0.324461430311203 0.323673278093338 0.315719097852707 0.299603462219238 0.289390534162521 0.265995413064957 0.230868592858315 0.217979580163956
-9999 -9999 -9999 -9999 -9999 -9999 -9999 -9999 -9999 -9999 -9999 -9999 -9999 -9999 -9999 0.536874651908875 0.342512339353561 0.237520217895508 0.13382562994957 0.0641190856695175 0.0282931812107563 0.0150616122409701 0.0127024883404374 0.0103399930521846 0.0106494259089231 0.00667218025773764 0.0140852415934205 0.0179373361170292 0.0257463417947292 0.0378951914608479 0.188325792551041 0.352134764194489 0.102934502065182 0.019147090613842 0.0168175715953112 0.0201789848506451 0.0207221768796444 0.0210265070199966 0.0217971503734589 0.022436773404479 0.0222022160887718 0.025151276960969 0.062842108309269 0.118174180388451 0.158912569284439 0.193840801715851 0.247804582118988 0.273968994617462 0.301994889974594 0.300024747848511 0.284076333045959 0.271501362323761 0.264933794736862 0.23937913775444 0.211654186248779 0.227099642157555
-9999 -9999 -9999 -9999 -9999 -9999 -9999 -9999 -9999 -9999 -9999 -9999 -9999 -9999 -9999 0.354422748088837 0.371194392442703 0.289822787046432 0.194245174527168 0.1130555793643 0.0592662952840328 0.0330273434519768 0.0239722840487957 0.0172851998358965 0.0115197952836752 0.0104266060516238 0.00963824521750212 0.00959960371255875 0.0120142986997962 0.0194706358015537 0.0598604045808315 0.19793476164341 0.385673016309738 0.108403757214546 0.0432308726012707 0.0231019556522369 0.0187654811888933 0.0200701411813498 0.0213046409189701 0.0221965909004211 0.0212240219116211 0.0213226098567247 0.0579560436308384 0.116585455834866 0.164804950356483 0.209275022149086 0.230233982205391 0.249663814902306 0.261581689119339 0.257940322160721 0.267894417047501 0.210264012217522 0.17603662610054 0.149071395397186 0.120160698890686 0.113853514194489
-9999 -9999 -9999 -9999 -9999 -9999 -9999 -9999 -9999 -9999 -9999 -9999 -9999 -9999 -9999 -9999 0.455222278833389 0.298767477273941 0.253201723098755 0.193893194198608 0.0846282541751862 0.0647726953029633 0.0456928052008152 0.0408347807824612 0.0294431485235691 0.0255621857941151 0.011428858153522 0.00770338391885161 0.00759047735482454 0.0137867340818048 0.0320431403815746 0.081943966448307 0.276626378297806 0.393270701169968 0.206071630120277 0.0651827901601791 0.0319973863661289 0.0194154400378466 0.0210722051560879 0.0218475088477135 0.0210819765925407 0.0227188188582659 0.0744136646389961 0.125535264611244 0.165570616722107 0.193262666463852 0.180047333240509 0.176417499780655 0.166868045926094 0.151997938752174 0.166806191205978 0.106736831367016 0.0785788968205452 0.0641393139958382 0.0500213913619518 0.0502497367560863
-9999 -9999 -9999 -9999 -9999 -9999 -9999 -9999 -9999 -9999 -9999 -9999 -9999 -9999 -9999 -9999 -9999 0.460245877504349 0.277755409479141 0.255129992961884 0.20634026825428 0.143384501338005 0.0871481075882912 0.0582079403102398 0.0466562435030937 0.0327850803732872 0.0218972619622946 0.0163479074835777 0.0144285848364234 0.016177836805582 0.0204493291676044 0.0409762300550938 0.097603552043438 0.2381382137537 0.406503051519394 0.304619908332825 0.113231554627419 0.0538247749209404 0.0306273736059666 0.0333117358386517 0.0488629713654518 0.0679945722222328 0.110575020313263 0.135996297001839 0.144698962569237 0.128355637192726 0.114128522574902 0.0853873491287231 0.0674357712268829 0.0550302751362324 0.0383433811366558 0.0318145900964737 0.0232207998633385 0.0208181217312813 0.0218502692878246 0.025108739733696
-9999 -9999 -9999 -9999 -9999 -9999 -9999 -9999 -9999 -9999 -9999 -9999 -9999 -9999 -9999 -9999 -9999 -9999 -9999 0.193045422434807 0.225792497396469 0.200750082731247 0.138664796948433 0.0914702862501144 0.0660500526428223 0.046522680670023 0.0358984023332596 0.0289944764226675 0.0234479028731585 0.0199284888803959 0.0176198817789555 0.0231464356184006 0.0400274693965912 0.0839397683739662 0.221369326114655 0.422949194908142 0.370776474475861 0.160449758172035 0.0849021598696709 0.0882082059979439 0.137753188610077 0.120313614606857 0.129479274153709 0.135173618793488 0.109792843461037 0.09352707862854 0.0836100652813911 0.0558445081114769 0.0383216626942158 0.025986697524786 0.0147532448172569 0.0132954064756632 0.0106365624815226 0.0104857571423054 0.0130566088482738 0.0162559784948826
-9999 -9999 -9999 -9999 -9999 -9999 -9999 -9999 -9999 -9999 -9999 -9999 -9999 -9999 -9999 -9999 -9999 -9999 -9999 -9999 -9999 0.243385493755341 0.216374456882477 0.167632848024368 0.105356879532337 0.0569103360176086 0.0465162880718708 0.0401904284954071 0.0354995280504227 0.0254791956394911 0.0203811712563038 0.0190708599984646 0.0192813593894243 0.0331458523869514 0.0778053849935532 0.193470939993858 0.375597536563873 0.438778221607208 0.19884517788887 0.173932060599327 0.114760652184486 0.105564832687378 0.114332586526871 0.0959586277604103 0.0919458866119385 0.0808874145150185 0.0738332122564316 0.0651015713810921 0.0422191172838211 0.0226272568106651 0.0132484408095479 0.0118313655257225 0.0109718823805451 0.010233698412776 0.0108534684404731 0.0150049924850464
-9999 -9999 -9999 -9999 -9999 -9999 -9999 -9999 -9999 -9999 -9999 -9999 -9999 -9999 -9999 -9999 -9999 -9999 -9999 -9999 -9999 -9999 -9999 0.250655919313431 0.195797383785248 0.118771761655807 0.0787148326635361 0.059264849871397 0.0503703206777573 0.041286077350378 0.0323558747768402 0.0249891970306635 0.0181011669337749 0.0217695571482182 0.0345701575279236 0.0674923434853554 0.170625671744347 0.361543118953705 0.477485209703445 0.472922682762146 0.227843999862671 0.131370216608047 0.095856748521328 0.077306292951107 0.0724457576870918 0.0725084245204926 0.0712274387478828 0.0651254132390022 0.0464952997863293 0.0248998291790485 0.0142346899956465 0.0129518331959844 0.011929920874536 0.0110412864014506 0.0104056028649211 0.0120812244713306
-9999 -9999 -9999 -9999 -9999 -9999 -9999 -9999 -9999 -9999 -9999 -9999 -9999 -9999 -9999 -9999 -9999 -9999 -9999 -9999 -9999 -9999 -9999 -9999 -9999 0.244406580924988 0.156365782022476 0.0992865636944771 0.0744156762957573 0.0688713863492012 0.067501038312912 0.0454136840999126 0.0296331159770489 0.0260507874190807 0.0258024763315916 0.0260998699814081 0.0694634094834328 0.152465432882309 0.314753621816635 0.512691855430603 0.539376258850098 0.246632769703865 0.107159569859505 0.0554489232599735 0.0596977584064007 0.0658370330929756 0.0651751235127449 0.0580866076052189 0.0430042259395123 0.0257692243903875 0.0159400571137667 0.0145622733980417 0.013599912635982 0.0125791430473328 0.0110228238627315 0.00969843193888664
-9999 -9999 -9999 -9999 -9999 -9999 -9999 -9999 -9999 -9999 -9999 -9999 -9999 -9999 -9999 -9999 -9999 -9999 -9999 -9999 -9999 -9999 -9999 -9999 -9999 0.254751980304718 0.225571647286415 0.165772572159767 0.130360141396523 0.108594298362732 0.0971533805131912 0.078559048473835 0.0566463693976402 0.04476073756814 0.0353668220341206 0.0326742976903915 0.0509270019829273 0.0886260792613029 0.19036303460598 0.38164684176445 0.583014726638794 0.516842067241669 0.145866274833679 0.0495750196278095 0.0485675856471062 0.0646632686257362 0.0672379806637764 0.061332106590271 0.0459722504019737 0.0282806847244501 0.0182969626039267 0.016931738704443 0.0156194288283587 0.0142894443124533 0.0123697528615594 0.0104623837396502
-9999 -9999 -9999 -9999 -9999 -9999 -9999 -9999 -9999 -9999 -9999 -9999 -9999 -9999 -9999 -9999 -9999 -9999 -9999 -9999 -9999 -9999 -9999 -9999 -9999 -9999 -9999 0.220117330551147 0.197816416621208 0.123089008033276 0.0886127799749374 0.0810384228825569 0.0783498883247375 0.0840202271938324 0.0624151825904846 0.0535183139145374 0.0559496730566025 0.0695508867502213 0.13612112402916 0.301714837551117 0.508005440235138 0.608682513237 0.18752384185791 0.0360724925994873 0.0443786978721619 0.0679579898715019 0.0637628883123398 0.0694192424416542 0.0534313842654228 0.0297523718327284 0.0192472599446774 0.0188544169068336 0.0178095456212759 0.0161219257861376 0.013398976996541 0.0112981032580137
-9999 -9999 -9999 -9999 -9999 -9999 -9999 -9999 -9999 -9999 -9999 -9999 -9999 -9999 -9999 -9999 -9999 -9999 -9999 -9999 -9999 -9999 -9999 -9999 -9999 -9999 -9999 0.169033855199814 0.235459521412849 0.173420757055283 0.133769929409027 0.119206495583057 0.113251708447933 0.118335373699665 0.102333933115005 0.085598886013031 0.0715134590864182 0.068208210170269 0.112631641328335 0.245198726654053 0.448033839464188 0.628952264785767 0.356469213962555 0.0593760460615158 0.0408589839935303 0.0508935078978539 0.0479329936206341 0.0485069938004017 0.0388998240232468 0.0257511977106333 0.0200419928878546 0.019279483705759 0.0185648277401924 0.0176801532506943 0.0153746670112014 0.0139867188408971
-9999 -9999 -9999 -9999 -9999 -9999 -9999 -9999 -9999 -9999 -9999 -9999 -9999 -9999 -9999 -9999 -9999 -9999 -9999 -9999 -9999 -9999 -9999 -9999 -9999 -9999 -9999 -9999 0.180556431412697 0.245390310883522 0.200654268264771 0.174141347408295 0.19642074406147 0.159709751605988 0.142628788948059 0.13098718225956 0.0921057313680649 0.0698289945721626 0.0987133160233498 0.215463206171989 0.425280183553696 0.581600904464722 0.507778465747833 0.0802094414830208 0.0488808117806911 0.0311378724873066 0.029452733695507 0.0265540033578873 0.0222406070679426 0.0216427501291037 0.0211448557674885 0.0197874773293734 0.0180740114301443 0.016708554700017 0.0157779660075903 0.0217020995914936
-9999 -9999 -9999 -9999 -9999 -9999 -9999 -9999 -9999 -9999 -9999 -9999 -9999 -9999 -9999 -9999 -9999 -9999 -9999 -9999 -9999 -9999 -9999 -9999 -9999 -9999 -9999 -9999 0.127712786197662 0.240592360496521 0.248723074793816 0.276626586914062 0.165341183543205 0.129338175058365 0.154351860284805 0.148409932851791 0.10079500824213 0.0719672366976738 0.0904900133609772 0.19736222922802 0.397567331790924 0.577068507671356 0.569478869438171 0.126733750104904 0.054486159235239 0.0426355786621571 0.0230392068624496 0.0202142912894487 0.0200553927570581 0.021433575078845 0.0210590604692698 0.0201360732316971 0.0182708073407412 0.0166399050503969 0.0193002875894308 0.0381479784846306
-9999 -9999 -9999 -9999 -9999 -9999 -9999 -9999 -9999 -9999 -9999 -9999 -9999 -9999 -9999 -9999 -9999 -9999 -9999 -9999 -9999 -9999 -9999 -9999 -9999 -9999 -9999 -9999 0.11339844763279 0.248693689703941 0.216572985053062 0.275288820266724 0.121396847069263 0.0934810414910316 0.134671792387962 0.152780339121819 0.0979222655296326 0.0616995245218277 0.0771510675549507 0.184693098068237 0.37316232919693 0.557775318622589 0.577524721622467 0.150425553321838 0.0711495950818062 0.0488813892006874 0.0255726389586926 0.0202167555689812 0.0191047266125679 0.0212076790630817 0.0200971513986588 0.0200389567762613 0.0181269459426403 0.016921516507864 0.0319702103734016 0.0681091025471687
-9999 -9999 -9999 -9999 -9999 -9999 -9999 -9999 -9999 -9999 -9999 -9999 -9999 -9999 -9999 -9999 -9999 -9999 -9999 -9999 -9999 -9999 -9999 -9999 -9999 -9999 -9999 -9999 0.115346267819405 0.238363549113274 0.276066839694977 0.224542081356049 0.119847767055035 0.0945777669548988 0.124214857816696 0.124938830733299 0.0802845358848572 0.0565990023314953 0.0794695243239403 0.181480184197426 0.356630593538284 0.541491150856018 0.572284877300262 0.144927695393562 0.0679761916399002 0.0539012961089611 0.0335951149463654 0.0232620425522327 0.0221576057374477 0.0210147760808468 0.0201684962958097 0.0194205176085234 0.0195481739938259 0.0309822522103786 0.0639263615012169 0.136691704392433
-9999 -9999 -9999 -9999 -9999 -9999 -9999 -9999 -9999 -9999 -9999 -9999 -9999 -9999 -9999 -9999 -9999 -9999 -9999 -9999 -9999 -9999 -9999 -9999 -9999 -9999 -9999 -9999 0.112884737551212 0.225436821579933 0.274505853652954 0.189409777522087 0.118809685111046 0.0980594307184219 0.121288776397705 0.101083911955357 0.069807842373848 0.0530942641198635 0.0780300348997116 0.189286321401596 0.345150679349899 0.527543187141418 0.55115157365799 0.110024876892567 0.0677232965826988 0.0537616685032845 0.0421153120696545 0.0300738867372274 0.0232416819781065 0.0215140208601952 0.0175039228051901 0.0272974241524935 0.0370595417916775 0.0647139176726341 0.133836582303047 0.255717754364014
