meets/meet004/_saidas_enm/CCSM_Maxent_0k_Aralia_warmingiana2.asc
NCOLS 154 
NROWS 168 
XLLCORNER -112 
YLLCORNER -55.5 
CELLSIZE 0.5 
NODATA_value -9999 
[rows 100 to 124 of 168, columns 56 to 111 of 154]
-9999 -9999 -9999 -9999 -9999 -9999 -9999 -9999 -9999 -9999 -9999 -9999 -9999 -9999 -9999 -9999 -9999 -9999 -9999 -9999 -9999 -9999 -9999 -9999 -9999 -9999 -9999 -9999 0.117943041026592 0.232387244701385 0.262940973043442 0.178081646561623 0.136255547404289 0.118408918380737 0.123114019632339 0.101941078901291 0.0678567811846733 0.0568141154944897 0.0877416059374809 0.227570399641991 0.356839299201965 0.519723951816559 0.516641199588776 0.101653434336185 0.0652150139212608 0.0664387866854668 0.0504047051072121 0.0329015962779522 0.0284288842231035 0.0353222489356995 0.0476412288844585 0.0542294420301914 0.0712830200791359 0.120741434395313 0.226635873317719 0.397626370191574
-9999 -9999 -9999 -9999 -9999 -9999 -9999 -9999 -9999 -9999 -9999 -9999 -9999 -9999 -9999 -9999 -9999 -9999 -9999 -9999 -9999 -9999 -9999 -9999 -9999 -9999 -9999 -9999 0.111229106783867 0.243931367993355 0.269944190979004 0.182874068617821 0.148133397102356 0.132404521107674 0.127942025661469 0.106931880116463 0.0732476413249969 0.0607237033545971 0.099713422358036 0.254459470510483 0.35667610168457 0.514522790908813 0.438302576541901 0.0906834229826927 0.0793901532888412 0.0843878090381622 0.0641056075692177 0.0340090543031693 0.0314039327204227 0.0564540885388851 0.0867189690470695 0.0843643546104431 0.101899139583111 0.161609679460526 0.279039204120636 0.508200287818909
-9999 -9999 -9999 -9999 -9999 -9999 -9999 -9999 -9999 -9999 -9999 -9999 -9999 -9999 -9999 -9999 -9999 -9999 -9999 -9999 -9999 -9999 -9999 -9999 -9999 -9999 -9999 0.124290078878403 0.102791227400303 0.262988537549973 0.305899083614349 0.199996203184128 0.158192202448845 0.143270686268806 0.132896646857262 0.107931099832058 0.0808180645108223 0.070765383541584 0.137695506215096 0.273296505212784 0.37762176990509 0.51726883649826 0.442216366529465 0.115903422236443 0.104955323040485 0.128883138298988 0.104454316198826 0.0675841718912125 0.0614466778934002 0.0845903605222702 0.112474121153355 0.111526601016521 0.0994794070720673 0.143657550215721 0.263988822698593 0.44000917673111
-9999 -9999 -9999 -9999 -9999 -9999 -9999 -9999 -9999 -9999 -9999 -9999 -9999 -9999 -9999 -9999 -9999 -9999 -9999 -9999 -9999 -9999 -9999 -9999 -9999 -9999 -9999 0.117836147546768 0.100505709648132 0.25915139913559 0.34565269947052 0.209843710064888 0.165129750967026 0.14769646525383 0.129593566060066 0.1003078520298 0.0859892666339874 0.0762957260012627 0.170865088701248 0.28265705704689 0.388601124286652 0.515071213245392 0.474712818861008 0.15796235203743 0.16862864792347 0.205936521291733 0.174420431256294 0.13560526072979 0.118107527494431 0.134421855211258 0.15333303809166 0.150243446230888 0.125909492373466 0.158976748585701 0.265753239393234 0.41666054725647
-9999 -9999 -9999 -9999 -9999 -9999 -9999 -9999 -9999 -9999 -9999 -9999 -9999 -9999 -9999 -9999 -9999 -9999 -9999 -9999 -9999 -9999 -9999 -9999 -9999 -9999 -9999 0.119548425078392 0.0910824909806252 0.263795584440231 0.345844149589539 0.199652686715126 0.163245931267738 0.141021937131882 0.117570139467716 0.0906537622213364 0.0822699144482613 0.0871313139796257 0.179429247975349 0.280689775943756 0.397022306919098 0.507775604724884 0.479495853185654 0.270569145679474 0.254716515541077 0.314464837312698 0.265474438667297 0.230198442935944 0.207614153623581 0.220317915081978 0.248488515615463 0.234046146273613 0.234078571200371 0.287824958562851 0.371976941823959 0.498690992593765
-9999 -9999 -9999 -9999 -9999 -9999 -9999 -9999 -9999 -9999 -9999 -9999 -9999 -9999 -9999 -9999 -9999 -9999 -9999 -9999 -9999 -9999 -9999 -9999 -9999 -9999 -9999 0.112471491098404 0.0927871540188789 0.247752726078033 0.279662251472473 0.173332124948502 0.154423758387566 0.126912191510201 0.100753761827946 0.0749768391251564 0.0685095116496086 0.0803818553686142 0.163063183426857 0.273435831069946 0.397614508867264 0.497119098901749 0.486937165260315 0.378509759902954 0.351949453353882 0.382409304380417 0.330981850624084 0.305801779031754 0.285261034965515 0.289196044206619 0.332441359758377 0.337645351886749 0.363167017698288 0.439111948013306 0.520716786384583 0.563636600971222
-9999 -9999 -9999 -9999 -9999 -9999 -9999 -9999 -9999 -9999 -9999 -9999 -9999 -9999 -9999 -9999 -9999 -9999 -9999 -9999 -9999 -9999 -9999 -9999 -9999 -9999 -9999 0.127751126885414 0.110457770526409 0.23508158326149 0.194544658064842 0.148497089743614 0.133701831102371 0.110423311591148 0.0842920616269112 0.0544162206351757 0.0495684668421745 0.0762565359473228 0.153184548020363 0.270861506462097 0.397092044353485 0.483888804912567 0.498927593231201 0.461895853281021 0.441532701253891 0.40343776345253 0.386896759271622 0.34391775727272 0.325634211301804 0.349920868873596 0.360910832881927 0.419732689857483 0.476865530014038 0.538725554943085 0.564448893070221 0.581901252269745
-9999 -9999 -9999 -9999 -9999 -9999 -9999 -9999 -9999 -9999 -9999 -9999 -9999 -9999 -9999 -9999 -9999 -9999 -9999 -9999 -9999 -9999 -9999 -9999 -9999 -9999 -9999 0.157136276364326 0.132449448108673 0.202011540532112 0.137790903449059 0.12971755862236 0.121248617768288 0.102002665400505 0.0688495263457298 0.036643959581852 0.0409847348928452 0.0779741108417511 0.146774441003799 0.272885024547577 0.393498867750168 0.472081393003464 0.515826046466827 0.478721469640732 0.474788397550583 0.486328363418579 0.492418944835663 0.478563457727432 0.455305427312851 0.457510411739349 0.45203897356987 0.474922776222229 0.506887912750244 0.535262584686279 0.554621160030365 0.574392199516296
-9999 -9999 -9999 -9999 -9999 -9999 -9999 -9999 -9999 -9999 -9999 -9999 -9999 -9999 -9999 -9999 -9999 -9999 -9999 -9999 -9999 -9999 -9999 -9999 -9999 -9999 -9999 0.197864666581154 0.172010779380798 0.158072024583817 0.0925551131367683 0.107514798641205 0.116440020501614 0.102301925420761 0.059586338698864 0.0314982160925865 0.0451576262712479 0.074880488216877 0.150111690163612 0.280604958534241 0.392437428236008 0.457444846630096 0.519576549530029 0.504175245761871 0.491246461868286 0.488473862409592 0.499651342630386 0.509741961956024 0.5153688788414 0.483270168304443 0.472837418317795 0.488356798887253 0.513027250766754 0.535802960395813 0.547076463699341 0.565600216388702
-9999 -9999 -9999 -9999 -9999 -9999 -9999 -9999 -9999 -9999 -9999 -9999 -9999 -9999 -9999 -9999 -9999 -9999 -9999 -9999 -9999 -9999 -9999 -9999 -9999 -9999 -9999 0.234226003289223 0.203846216201782 0.144979327917099 0.0980794578790665 0.119401827454567 0.132043331861496 0.118775822222233 0.0631330609321594 0.0346676036715508 0.056149497628212 0.0763577148318291 0.176851481199265 0.312177389860153 0.400105655193329 0.453038036823273 0.506292045116425 0.513694047927856 0.505634903907776 0.501979351043701 0.501882910728455 0.512095332145691 0.52355682849884 0.506584644317627 0.496057331562042 0.499868750572205 0.514665186405182 0.529945015907288 0.537561595439911 0.553311765193939
-9999 -9999 -9999 -9999 -9999 -9999 -9999 -9999 -9999 -9999 -9999 -9999 -9999 -9999 -9999 -9999 -9999 -9999 -9999 -9999 -9999 -9999 -9999 -9999 -9999 -9999 0.240856096148491 0.259014427661896 0.209848284721375 0.136197224259377 0.111164294183254 0.155184611678123 0.16408209502697 0.149822786450386 0.0767093747854233 0.0392984561622143 0.0489950813353062 0.087110199034214 0.188090071082115 0.342598587274551 0.415873408317566 0.446134388446808 0.483588039875031 0.501444280147552 0.494899570941925 0.497694134712219 0.506359100341797 0.515021443367004 0.526077270507812 0.518893003463745 0.512603580951691 0.509813845157623 0.509186744689941 0.515207409858704 0.516222178936005 0.521534860134125
-9999 -9999 -9999 -9999 -9999 -9999 -9999 -9999 -9999 -9999 -9999 -9999 -9999 -9999 -9999 -9999 -9999 -9999 -9999 -9999 -9999 -9999 -9999 -9999 -9999 -9999 0.213280633091927 0.204255640506744 0.181192740797997 0.121944576501846 0.141381993889809 0.220338806509972 0.205781772732735 0.179050117731094 0.107653960585594 0.0667684003710747 0.0733578279614449 0.128641232848167 0.231799736618996 0.353557825088501 0.421035557985306 0.440690040588379 0.453303515911102 0.46247661113739 0.469884157180786 0.477767258882523 0.488420248031616 0.496736943721771 0.505813241004944 0.499591737985611 0.49037778377533 0.488170325756073 0.488642394542694 0.491474211215973 0.488520264625549 0.488348513841629
-9999 -9999 -9999 -9999 -9999 -9999 -9999 -9999 -9999 -9999 -9999 -9999 -9999 -9999 -9999 -9999 -9999 -9999 -9999 -9999 -9999 -9999 -9999 -9999 -9999 -9999 0.180454969406128 0.156980261206627 0.154450416564941 0.116145044565201 0.162775948643684 0.259313434362411 0.226566568017006 0.21477772295475 0.145773962140083 0.0902440920472145 0.11471550911665 0.18965046107769 0.283245921134949 0.358657211065292 0.425837397575378 0.438841789960861 0.438793957233429 0.443776041269302 0.451920062303543 0.449233770370483 0.466488271951675 0.473257124423981 0.478906661272049 0.471987575292587 0.458659082651138 0.459750682115555 0.462895750999451 0.46463018655777 0.45614492893219 0.453887134790421
-9999 -9999 -9999 -9999 -9999 -9999 -9999 -9999 -9999 -9999 -9999 -9999 -9999 -9999 -9999 -9999 -9999 -9999 -9999 -9999 -9999 -9999 -9999 -9999 -9999 -9999 0.162151366472244 0.123015575110912 0.102042436599731 0.123626589775085 0.22148409485817 0.282431095838547 0.286652684211731 0.244971349835396 0.170636534690857 0.123136878013611 0.154830753803253 0.24375493824482 0.32192724943161 0.362176388502121 0.389689028263092 0.416399896144867 0.434631377458572 0.4441938996315 0.43986713886261 0.436180055141449 0.447854608297348 0.452157586812973 0.450553059577942 0.448579996824265 0.434990465641022 0.429680556058884 0.428177088499069 0.427880138158798 0.421791404485703 0.416713297367096
-9999 -9999 -9999 -9999 -9999 -9999 -9999 -9999 -9999 -9999 -9999 -9999 -9999 -9999 -9999 -9999 -9999 -9999 -9999 -9999 -9999 -9999 -9999 -9999 -9999 0.236576825380325 0.155769571661949 0.0900533646345139 0.0629933252930641 0.138431042432785 0.268756330013275 0.278633862733841 0.311708480119705 0.246052548289299 0.167597606778145 0.119479320943356 0.182128176093102 0.283434092998505 0.345992207527161 0.355653643608093 0.354815602302551 0.381907492876053 0.394496530294418 0.399153560400009 0.390701979398727 0.380612015724182 0.405616015195847 0.429998129606247 0.420789867639542 0.417212903499603 0.409295976161957 0.401784420013428 0.392530798912048 0.388691425323486 0.380691945552826 0.375367969274521
-9999 -9999 -9999 -9999 -9999 -9999 -9999 -9999 -9999 -9999 -9999 -9999 -9999 -9999 -9999 -9999 -9999 -9999 -9999 -9999 -9999 -9999 -9999 -9999 -9999 0.193497195839882 0.161578267812729 0.095064103603363 0.0785778239369392 0.162568062543869 0.253073990345001 0.296318143606186 0.296117335557938 0.246147438883781 0.176880031824112 0.157856479287148 0.199366837739944 0.278731375932693 0.32980877161026 0.342624217271805 0.346782386302948 0.359306693077087 0.368794679641724 0.371612876653671 0.359292268753052 0.352385222911835 0.372328013181686 0.394328236579895 0.394246131181717 0.390523731708527 0.37882325053215 0.370328962802887 0.362006604671478 0.356690675020218 0.347718060016632 0.33778515458107
-9999 -9999 -9999 -9999 -9999 -9999 -9999 -9999 -9999 -9999 -9999 -9999 -9999 -9999 -9999 -9999 -9999 -9999 -9999 -9999 -9999 -9999 -9999 -9999 -9999 0.179295435547829 0.155525863170624 0.0801436901092529 0.0934011861681938 0.190107867121696 0.241172969341278 0.304362773895264 0.279457658529282 0.236080691218376 0.188299372792244 0.170678332448006 0.205112159252167 0.266892701387405 0.304445862770081 0.314624309539795 0.330654501914978 0.340770453214645 0.351860582828522 0.356272280216217 0.342553496360779 0.328385591506958 0.351269513368607 0.369450747966766 0.364919424057007 0.364072471857071 0.350965142250061 0.344398558139801 0.334646105766296 0.327155530452728 0.314937770366669 0.305016547441483
-9999 -9999 -9999 -9999 -9999 -9999 -9999 -9999 -9999 -9999 -9999 -9999 -9999 -9999 -9999 -9999 -9999 -9999 -9999 -9999 -9999 -9999 -9999 -9999 -9999 0.148010715842247 0.132294416427612 0.0785020217299461 0.0946163907647133 0.175613328814507 0.229843944311142 0.268768757581711 0.26445198059082 0.239019721746445 0.199514910578728 0.182887554168701 0.200959950685501 0.238417610526085 0.264580428600311 0.275250434875488 0.28572690486908 0.312133550643921 0.337583720684052 0.350280553102493 0.342894196510315 0.337395071983337 0.344579309225082 0.348498284816742 0.346126943826675 0.341947078704834 0.330861479043961 0.320767670869827 0.309660315513611 0.301303863525391 0.2884281873703 0.275501668453217
-9999 -9999 -9999 -9999 -9999 -9999 -9999 -9999 -9999 -9999 -9999 -9999 -9999 -9999 -9999 -9999 -9999 -9999 -9999 -9999 -9999 -9999 -9999 -9999 -9999 0.121969401836395 0.111425876617432 0.0742768347263336 0.0854809507727623 0.15754146873951 0.215056866407394 0.240105956792831 0.251243650913239 0.23770147562027 0.200399428606033 0.179805546998978 0.19093157351017 0.21367159485817 0.231729179620743 0.239827275276184 0.249319046735764 0.287063479423523 0.321309894323349 0.313731670379639 0.308230012655258 0.3005650639534 0.314898401498795 0.321370184421539 0.325483202934265 0.320008397102356 0.314487904310226 0.304038673639297 0.290063381195068 0.279518753290176 0.264444619417191 0.252524971961975
-9999 -9999 -9999 -9999 -9999 -9999 -9999 -9999 -9999 -9999 -9999 -9999 -9999 -9999 -9999 -9999 -9999 -9999 -9999 -9999 -9999 -9999 -9999 -9999 -9999 0.106697589159012 0.0951439738273621 0.0734161362051964 0.0771671459078789 0.145661205053329 0.207868322730064 0.225967884063721 0.228801384568214 0.220779061317444 0.194340869784355 0.173893243074417 0.182271078228951 0.199693828821182 0.213193595409393 0.221105977892876 0.2349713742733 0.271510899066925 0.277563631534576 0.270864248275757 0.274028539657593 0.280699670314789 0.288216650485992 0.294950097799301 0.302140295505524 0.300762474536896 0.29829353094101 0.288522332906723 0.274858474731445 0.264537274837494 0.250180035829544 0.237514540553093
-9999 -9999 -9999 -9999 -9999 -9999 -9999 -9999 -9999 -9999 -9999 -9999 -9999 -9999 -9999 -9999 -9999 -9999 -9999 -9999 -9999 -9999 -9999 -9999 -9999 0.0971192941069603 0.0874089747667313 0.0668803602457047 0.0710652619600296 0.134827241301537 0.191202625632286 0.214969843626022 0.219085022807121 0.21509313583374 0.193894699215889 0.175091668963432 0.183677464723587 0.196962222456932 0.207039669156075 0.212474748492241 0.223830312490463 0.260063886642456 0.246776685118675 0.24385592341423 0.253441989421844 0.26399165391922 0.272890031337738 0.277403086423874 0.283501774072647 0.281546384096146 0.282478511333466 0.279144316911697 0.26472270488739 0.253883272409439 0.238348081707954 0.22719632089138
-9999 -9999 -9999 -9999 -9999 -9999 -9999 -9999 -9999 -9999 -9999 -9999 -9999 -9999 -9999 -9999 -9999 -9999 -9999 -9999 -9999 -9999 -9999 -9999 -9999 0.0884836539626122 0.0800526887178421 0.0636783838272095 0.0631621032953262 0.119049847126007 0.170668005943298 0.206564009189606 0.219666242599487 0.220883592963219 0.205496698617935 0.195075690746307 0.194756671786308 0.204332068562508 0.209827959537506 0.208475053310394 0.218485966324806 0.246260747313499 0.231951892375946 0.231746450066566 0.239326924085617 0.250967770814896 0.257771104574203 0.262748241424561 0.268602132797241 0.267755836248398 0.267977923154831 0.269805312156677 0.259039878845215 0.248047173023224 0.232537001371384 0.219467788934708
-9999 -9999 -9999 -9999 -9999 -9999 -9999 -9999 -9999 -9999 -9999 -9999 -9999 -9999 -9999 -9999 -9999 -9999 -9999 -9999 -9999 -9999 -9999 -9999 -9999 0.0921885296702385 0.0825736969709396 0.0600329414010048 0.0544075220823288 0.103781424462795 0.14792212843895 0.182114288210869 0.211896389722824 0.223547637462616 0.20985446870327 0.199507370591164 0.196127131581306 0.202329531311989 0.205785378813744 0.201241850852966 0.210464298725128 0.237456724047661 0.222735524177551 0.220703288912773 0.228096351027489 0.237986087799072 0.245073094964027 0.248622000217438 0.255622893571854 0.25635626912117 0.259070456027985 0.264817267656326 0.256017357110977 0.246260344982147 0.23036302626133 0.218860015273094
-9999 -9999 -9999 -9999 -9999 -9999 -9999 -9999 -9999 -9999 -9999 -9999 -9999 -9999 -9999 -9999 -9999 -9999 -9999 -9999 -9999 -9999 -9999 -9999 -9999 0.096898265182972 0.0799970626831055 0.0557387582957745 0.0480671674013138 0.0841763690114021 0.126264244318008 0.15670770406723 0.188354089856148 0.208253636956215 0.206535249948502 0.189266234636307 0.19058883190155 0.1927430331707 0.194435477256775 0.195780992507935 0.201543554663658 0.230385482311249 0.219011291861534 0.214037358760834 0.217804133892059 0.224663898348808 0.230828672647476 0.235933437943459 0.244515895843506 0.249188974499702 0.256454437971115 0.260392695665359 0.254850208759308 0.242071866989136 0.224759161472321 0.220320716500282
-9999 -9999 -9999 -9999 -9999 -9999 -9999 -9999 -9999 -9999 -9999 -9999 -9999 -9999 -9999 -9999 -9999 -9999 -9999 -9999 -9999 -9999 -9999 -9999 0.080295242369175 0.102509804069996 0.0809537917375565 0.0523839928209782 0.0434350855648518 0.0700656026601791 0.115640632808208 0.143428459763527 0.172193750739098 0.192124113440514 0.199097454547882 0.193885535001755 0.194205641746521 0.197177723050117 0.199082002043724 0.198386043310165 0.202659085392952 0.225544571876526 0.21991640329361 0.212087854743004 0.212678968906403 0.216498106718063 0.219962239265442 0.225144296884537 0.236462891101837 0.247666820883751 0.257014214992523 0.257803738117218 0.246655702590942 0.231617942452431 0.20647069811821 0.190804943442345
