meets/meet004/_saidas_enm/CCSM_Maha_6k_Cavanillesia_umbellata3.asc
NCOLS 154 
NROWS 168 
XLLCORNER -112 
YLLCORNER -55.5 
CELLSIZE 0.5 
NODATA_value -9999 
[rows 50 to 74 of 168, columns 56 to 111 of 154]
-9999 -9999 -9999 -9999 -9999 -9999 -9999 -9999 -9999 -9999 -9999 -9999 -9999 -84.7757306647139 -37.6860520559152 -11.2157081640541 -9.8074271394527 -13.9814871934539 -9.55231798261227 -6.06655384208408 -7.23520210677533 -7.74425350644853 -8.02951570831024 -10.1436734513181 -8.42714510481638 -7.05605037327535 -5.97605531044218 -7.15746707769655 -9.45522716759948 -14.1351393874819 -18.8139604942207 -15.5447566725036 -11.06352838464 -7.43839332704294 -5.46093397757864 -4.86797420403607 -7.70778433770783 -7.72840574837387 -10.6717141169921 -13.2552093451758 -14.7419440641155 -16.0208694522522 -18.0060900774771 -25.6600766209563 -40.7392504107962 -56.5034492836951 -37.3637779088648 -24.7707277128803 -14.3595999967551 -4.89621226071215 -0.88113298189893 -0.27558912987289 -0.688560810760409 -2.86155825642845 -9.12251125703622 -11.7644701249659
-9999 -9999 -9999 -9999 -9999 -9999 -9999 -9999 -9999 -9999 -9999 -9999 -9999 -46.1062242265364 -23.3362209613936 -10.478851545448 -7.78287734875974 -8.79562005519588 -7.29166856042173 -5.1541548737791 -4.46880519128962 -4.20227189681933 -3.09257967010436 -1.16053749791474 -0.453759199183291 -1.29149348190025 -3.71039235597651 -9.33776196993723 -17.8205096144765 -24.060377792598 -27.340826112875 -22.6779636070469 -13.6608246096769 -3.46243969288271 -0.764039403157172 -2.33395374161952 -5.98597253853796 -6.39015907475803 -8.21710395807057 -11.436717756172 -12.9507222513806 -14.9883344982785 -17.5592181907698 -23.5782632036521 -36.3855334155635 -38.7169532757362 -29.4639326585547 -18.7783066215346 -10.7371554160666 -1.87861682321541 -0.281361933800273 -0.67418437725135 -1.02105413240708 -5.11108509129852 -11.558442194508 -11.5965736909649
-9999 -9999 -9999 -9999 -9999 -9999 -9999 -9999 -9999 -9999 -9999 -81.2334532500629 -47.929488341064 -27.0867017263801 -18.7722812725231 -11.7844681635673 -9.11434043306969 -6.2195207708854 -4.10666781379329 -3.43581193079461 -3.33746168454315 -3.22219629738779 -0.862970524400309 -0.294773992839242 -2.03134435455265 -6.73070114351054 -13.5867405551337 -21.0996423648668 -30.0696998173985 -41.9588538752338 -48.2875605495272 -36.1560200111826 -21.1174565274113 -8.79248302727412 -0.844669553946723 -1.31393374104516 -4.65795915423417 -5.51191850912959 -7.44504482541026 -10.2632662065059 -11.7146281188259 -13.7422526814294 -16.1869857754761 -19.87043715611 -25.0904188506452 -23.1319273920058 -16.0851674211674 -9.96797091734049 -4.10859683839503 -0.389348622956468 -0.17221085298422 -0.629378872331944 -4.09928444723446 -9.77342900662624 -16.2482632845284 -12.8084975481437
-9999 -9999 -9999 -9999 -9999 -9999 -9999 -9999 -9999 -9999 -81.1975064388229 -37.0739028380696 -20.4701787998462 -18.6646273456951 -17.7579943977054 -12.4341192008805 -10.6013664127762 -5.95480757603949 -3.01427127631497 -2.40161229192828 -2.73844397068615 -1.79825725932912 -1.98082174907005 -3.96576064383473 -8.84157579543544 -17.2816001000222 -24.7945988893828 -36.0226751333693 -50.9504713862496 -65.854014225404 -70.6950636662882 -52.1660197118243 -28.6634308044682 -13.0673486616351 -2.2358422930175 -0.254494628120411 -3.72579137456284 -4.18503410086979 -5.69723659867018 -8.22887336470924 -10.669166215047 -13.0969244049227 -14.8055419131886 -14.9537693509589 -13.5971001055293 -10.1265020642108 -7.18194985260541 -2.81645186259359 -0.581647182585198 -0.505668362454351 -0.967320415982415 -4.18606393636831 -10.0154084587174 -16.4926300067256 -22.4028436598678 -15.355516310665
-9999 -9999 -9999 -9999 -9999 -9999 -9999 -9999 -9999 -9999 -43.1142263893203 -19.0256633919751 -11.0836745012561 -19.7622594816981 -20.5096991347541 -18.1346806764457 -12.9581671143813 -6.13137275081746 -3.00409642196426 -2.42522498838085 -2.28613102663411 -3.9651955354463 -6.86531184245588 -11.6286221012549 -21.3174338995605 -29.1010525037417 -42.4933725295224 -60.012734041713 -79.9422188645433 -97.4950103331073 -101.205466186164 -72.605629765283 -38.6183008124268 -16.4195790329485 -3.98937091414126 0.118990547516748 -1.57902588809021 -3.61807034762853 -4.33949637111351 -5.14895421603816 -6.26037829471507 -7.15791096125249 -7.80051808162262 -7.11907533001312 -5.69701348751164 -4.03294438986898 -0.923713257657883 -0.367542763745748 -1.03880512212791 -1.71838161712959 -5.27057281831459 -10.7002320451071 -17.0859143491395 -23.1512961684421 -28.4001483299036 -17.0660391298399
-9999 -9999 -9999 -9999 -9999 -9999 -9999 -9999 -78.9839808917713 -52.5412485278079 -26.7698475420963 -10.622661259559 -12.7675901995315 -14.7973483932598 -20.072035039073 -23.7428611831358 -17.6886489035515 -10.1149405783669 -6.27509990025634 -6.97767458950189 -9.43853867655646 -12.2659492278607 -16.4290561039089 -24.2202876564578 -33.8036185580842 -48.9818814839802 -68.1387178908636 -92.1486470784473 -115.203190988327 -129.043304756829 -126.305108056854 -89.8556122307569 -50.2056502782263 -21.7910260124097 -7.1674000923593 -0.350110732727637 -0.129547863756166 -2.62773733987901 -4.04944649345332 -4.58578490531034 -5.1523591893095 -5.34849564211977 -5.49742567848644 -3.17935119326771 -0.812258424639308 -0.09325069850715 -0.635666635502094 -2.24406129911227 -2.65488960021388 -6.39494057959909 -12.5494517719403 -19.3654384474026 -26.150367229993 -31.6045736039473 -36.5214440897084 -20.6543045888355
-9999 -9999 -9999 -9999 -9999 -9999 -9999 -9999 -54.8283651317976 -38.0569998628973 -20.4676398864873 -7.68120837254855 -8.7845519589452 -14.2702984092752 -16.9624715707021 -20.3784574384208 -25.4472086786459 -19.7019237885805 -16.5489755044467 -20.3472082955902 -26.8850634837147 -30.1228714176754 -33.0155176554187 -40.2960318050051 -57.2029696775777 -79.5840407397794 -86.6610833820118 -94.647271423523 -95.8375597472892 -93.7815292326506 -93.4144989459112 -95.2322626895948 -61.0333679128691 -29.5010935480029 -12.593283295135 -2.66212552128591 0.247911238041768 0.138631446174069 -0.802101425771206 -1.51109806207281 -1.73585250891524 -1.10144477393484 -0.148072061400732 0.654664052280606 -0.32198858942727 -2.04621702795325 -3.27786994048493 -5.94305205336998 -12.0604739025275 -20.7511470285586 -29.2622251123176 -37.5689721945412 -43.1801796686396 -46.5290579206678 -50.6648826779503 -26.5284830250139
-9999 -9999 -9999 -9999 -9999 -9999 -9999 -52.0891366290505 -41.5316954298648 -31.9148641134629 -14.56176368249 -8.23240317085675 -8.51509789348634 -12.8780186917022 -13.8602145424228 -17.7403696101911 -20.8255958472513 -27.2614836712343 -29.5949486744617 -35.7389392028054 -41.9590295877604 -45.7962249032857 -52.2585629745974 -55.3792007928139 -58.5062903128599 -63.1785213172408 -64.6676533146384 -65.7587988772687 -66.2774225652057 -65.1600828299751 -64.4765162136311 -62.7170208585075 -62.7327250106058 -37.8631582924968 -19.3112598520673 -7.77840019129742 -2.39429857846369 0.0204695441842205 0.560147895217748 0.552724324857919 0.499813665238941 0.275181484939841 -0.698495420274435 -3.44766791770767 -6.53055809550101 -7.71377961751857 -13.6988928364029 -23.3021222950885 -35.8373444217273 -50.1043559425666 -61.2555417566872 -69.093772334664 -73.0543245416296 -73.5023469454122 -72.2978831978737 -34.6301089561722
-9999 -9999 -9999 -9999 -9999 -9999 -9999 -38.028540459924 -25.6062120587136 -16.6510632428432 -10.1941348679932 -8.25382836817631 -8.58481743926186 -10.1016087203696 -10.9529626425396 -12.6985371453114 -15.7822301039316 -21.0748287804238 -22.9849796156079 -25.6257626588001 -29.7096494073605 -33.3268820359528 -39.0528710417784 -39.6547143725368 -38.6316390350737 -41.1171095929287 -42.0311985115294 -46.6476318127798 -46.282617384379 -41.9128721010176 -41.7339026009803 -41.4140950775276 -44.6490774499512 -45.2611665697607 -28.0242801439672 -18.0098309672506 -9.80454725314621 -5.38461053970267 -4.13783415542691 -4.18107970457805 -4.72534518260961 -7.19923660299749 -11.1346264353731 -13.0748499961229 -19.8248653257225 -30.5128908522962 -47.9191995445589 -65.63753905266 -86.9102917488953 -101.664164128951 -110.782966151963 -109.461051358878 -109.994795549238 -103.923679530638 -91.4296690223273 -43.6869263244786
-9999 -9999 -9999 -9999 -9999 -9999 -25.884657697772 -21.8982050827398 -12.0070682670449 -11.7479093051276 -12.2128243403219 -8.46968036775077 -8.56551761035777 -8.43761502152622 -8.63180085212517 -9.82420052902728 -11.8777640304844 -15.2286263865285 -16.9572995451252 -19.0991940350586 -22.6994132715228 -24.5142535873136 -26.4291227871933 -26.7167281226378 -27.9901763577415 -28.5450748713164 -30.4070923521894 -31.3326009967408 -30.7851531948489 -31.7721626374996 -30.9845195663533 -32.0154642315051 -32.8639967432064 -33.6058114745259 -35.7519398850493 -29.4660422037318 -21.9210901835844 -18.278056148795 -16.9394547602307 -17.414424472159 -19.6312464521718 -23.746973903258 -29.9878383422792 -43.2164360711533 -51.6176408249879 -56.4575898131159 -63.5459053786174 -68.1078845449563 -75.185827594941 -82.9606977731436 -87.6672617041059 -89.3264740572606 -86.6822649639828 -77.9856724744898 -71.5208753943919 -52.2855338945715
-9999 -9999 -9999 -9999 -9999 -9999 -16.1970464438693 -11.6741613133632 -3.101556615104 -4.21565045239756 -7.19595286537729 -6.23061290205911 -7.26411715250485 -6.85836248110473 -6.62567458131312 -6.50023887065039 -9.25118330983722 -10.2641406382441 -10.6401643708865 -11.3424546879879 -13.7288266322799 -16.6436993711137 -17.6975205676432 -17.6426427645657 -17.5980195721156 -18.3019887650393 -18.7564089145869 -19.8452354921416 -20.0697808333638 -20.1605282205135 -21.0566274952816 -21.6609990565875 -23.2662752464069 -24.193101138774 -24.8098700196268 -26.4624920368578 -27.2251608253403 -29.4851226635279 -30.8767133048572 -30.75124570665 -32.0885444863803 -30.5299867056548 -29.4958227927275 -30.6732336333415 -33.3604577703336 -39.2517604635775 -43.1019711560538 -49.3946650348404 -56.1479917080172 -60.5581886952165 -64.7983518658129 -63.0787073583404 -60.6267265553216 -53.7684489950371 -45.9651244077387 -37.8122251762831
-9999 -9999 -9999 -9999 -9999 -9999 -15.5218245234053 -7.799581325132 -4.9710454023418 -1.37295491887602 -3.71837310963076 -4.1512676839197 -5.08217185689491 -4.10755851665423 -5.27756654639856 -5.23617506573969 -6.964241749507 -7.25294625930569 -7.14900195900568 -7.99598353618269 -9.54787069996189 -12.3485315209507 -12.6373359532157 -12.4400998373822 -12.732139469462 -12.8027413516993 -13.4438809281128 -13.7046777403643 -13.8872155012093 -14.9530108904838 -14.99807714477 -16.4209906775519 -16.9867573977742 -17.8773145750042 -18.9669793978717 -18.8126578163068 -20.7604206209097 -21.2314869382963 -22.7396696012139 -24.4388644591579 -24.9708711689783 -25.3702553679159 -23.4147217850517 -23.0679561440684 -26.0006115274983 -28.7561884116349 -34.5533680483052 -38.6603049994584 -43.2927442267932 -48.3298324441451 -49.8667708067741 -48.0660445502114 -41.5857472346199 -34.8433642394874 -31.1711085731512 -22.6067409342717
-9999 -9999 -9999 -9999 -9999 -9999 -9999 -7.7881926014828 -4.25468667471481 -1.18599422509344 -2.02098622135128 -3.041025428613 -2.57929750582793 -2.6680685402183 -2.99470221996506 -3.55698909454917 -5.25037704905479 -6.14972217706716 -5.70814076871585 -5.3899546000801 -5.78329574031922 -7.39921900669056 -8.52876126745161 -8.3870339688258 -8.39069211597951 -8.63519019325633 -8.56531448118628 -8.85202232267543 -9.08294614284332 -9.40126454301647 -10.0529915076957 -10.5431915664413 -11.4721139305245 -12.0392856085368 -12.3782820047406 -13.2716575281855 -13.7643424194513 -14.9080624764492 -16.0720258152487 -16.5517753335919 -17.779979546711 -17.1063844109024 -16.7461799038564 -15.8414771568627 -17.6648251929131 -21.0596671794242 -23.6749353833345 -27.2689535331804 -30.5855492530134 -32.9740628045223 -33.8026054584127 -31.1494431351989 -27.4086843935228 -22.9913562223944 -19.5895196349835 -15.8467580577535
-9999 -9999 -9999 -9999 -9999 -9999 -9999 -9999 -5.20763352859603 -1.36393117217632 -1.41912910616529 -2.28032152240636 -1.65382201874054 -2.81451559867802 -2.23559546734532 -4.06707225896582 -4.85489873274641 -5.57667305577379 -5.83049278887147 -5.42181366700087 -5.38755150740181 -5.98608964076908 -6.10239245305787 -5.94049459459377 -6.02693311098215 -6.04513133533136 -5.96915704457675 -5.97396836011894 -6.17819807416156 -6.64629374605693 -6.85120986540081 -7.52571755551619 -7.95302660297965 -8.52239347730874 -9.3397272490043 -10.1137254328023 -10.7972003376256 -11.3979258083848 -12.4755208309541 -13.0427841308217 -13.3862257578474 -13.5357067180255 -12.9290764136789 -12.0440255810333 -14.0658430743315 -16.8742936122714 -19.2153423078214 -20.6566401656361 -22.6510252316574 -24.7630232913975 -24.1956907495356 -22.9802646556683 -19.9612367212043 -16.7438046075002 -15.40037611379 -13.2129488401704
-9999 -9999 -9999 -9999 -9999 -9999 -27.0806107427096 -11.1175174479961 -4.242976533625 -0.8468831123609 -1.54244693387993 -2.02237420695297 -1.44291553233203 -1.65004473305637 -2.03392220340156 -5.04173090506332 -4.25290557584241 -4.13977985572752 -4.31978928562016 -4.36812370605874 -4.44735027933903 -4.39227475896029 -4.39829792009228 -4.27704457414781 -3.95880319181413 -3.79326984330072 -3.63897145232771 -3.70658768924046 -3.86513503530933 -4.06377031465133 -4.34275567055832 -4.58983142636492 -5.00989579588708 -5.31948257364621 -5.60072305031755 -6.23585938793578 -6.68632165263079 -7.55774009825618 -8.28217560936426 -8.36990488779903 -8.6815478524777 -8.20569777393516 -7.8508817947617 -7.59899564772047 -9.76141711155176 -12.283183373894 -13.9437764447309 -15.4052294683422 -16.8788059300084 -17.9658060217826 -18.4967252899744 -17.2648688712881 -15.4130587636371 -12.7972778117914 -10.4346018760918 -8.12364905470048
-9999 -9999 -9999 -9999 -9999 -15.0108308961506 -15.6974968168788 -9.03228629147923 -2.23982112017266 -1.09400105089461 -2.82836902372618 -1.86330889800578 -1.51515911760652 -0.82385527362553 -4.01123536044265 -7.46846064198563 -4.7759791337507 -3.35945125461224 -3.29336302557105 -3.34072391501243 -3.10214755175142 -2.99817825633182 -2.95755921929548 -2.85225665053611 -2.47112051450497 -2.25314729815533 -2.29251598538895 -2.28529558104939 -2.39830419859246 -2.78796152987189 -2.75473336339583 -3.02702336679294 -3.12561668007201 -3.22109497122946 -3.52981253920081 -3.56403134411476 -4.27937221729305 -4.85371358110842 -5.43574019179444 -5.69946850259163 -5.75597441570939 -5.80165894781496 -5.42427382658075 -5.7718379315993 -7.76459662267488 -10.1408887753313 -11.5789951690942 -12.4327966231455 -13.5112892204349 -14.8306729087168 -15.7118449541856 -14.2958446649527 -12.9170731260756 -10.6256315998657 -8.3691767062114 -5.87481521421905
-9999 -9999 -9999 -9999 -9999 -24.2102473085927 -9.14263264180055 -4.39391055516165 -1.85507330578275 -0.966372672324622 -1.67182442128239 -1.76320060671654 -0.844451556708463 -0.956447113568806 -4.7004120877728 -8.27653959533126 -6.03242794587594 -3.92599491782354 -3.3185429145319 -2.92826854869317 -2.71860973329402 -2.35619728189328 -1.97101876217648 -1.75995931594228 -1.5290982493757 -1.52101590276167 -1.62522112226996 -1.76529840939331 -1.96811730309347 -2.17810176542458 -2.35967034364679 -2.36426922673049 -2.38989827573357 -2.36041495669495 -2.28329304929867 -2.43452717174662 -2.79269758090204 -3.42842555488176 -3.87938836249716 -4.08344236488117 -4.40769763905361 -4.66988974076352 -5.07141671778912 -5.51869689251284 -6.64162716643471 -8.36592010436159 -9.68400708402162 -10.6927268035665 -11.6017236546975 -12.257805115059 -12.4333406481117 -11.9334845326139 -10.9306402114638 -9.47097717071106 -8.08635644294659 -6.88681776972462
-9999 -9999 -9999 -9999 -9999 -9999 -8.29808068874778 -2.12184795286703 -1.17405776914572 -0.827874219870302 -2.03583211395168 -2.68553255543504 -2.04840050675499 -2.36715301105906 -4.95686569193338 -11.0161841406981 -6.75454550862927 -4.95910030738021 -4.16374706815562 -3.41173988103753 -3.5501142993442 -2.60994614869614 -2.1094133135383 -1.67607092279652 -1.31128810292964 -1.51367215079397 -1.56022977434833 -1.86768600274728 -2.00965181017931 -2.10617144840247 -2.43556135829533 -2.14451164154177 -2.09987441527365 -1.89634274209517 -1.64942584781047 -1.70925509486273 -1.94322528405938 -2.48657898433502 -2.89393077440576 -3.09721316886075 -3.63580394369526 -4.04388930390878 -4.77542029204214 -5.31029843706837 -5.7110382008994 -7.25084391189769 -8.30457953569366 -9.35436915632625 -10.165093910213 -10.7095444051952 -10.7051986530856 -10.5309014545096 -10.0171259542858 -9.21358541550538 -8.68365380210543 -8.23258442147243
-9999 -9999 -9999 -9999 -9999 -9999 -16.5628615894228 -2.93678730668105 -1.15763531479184 -1.23667511982693 -4.64262295472956 -5.58204082800064 -4.42179794501894 -4.00131851972095 -2.66223556225261 -3.58569803208817 -5.71704125426568 -6.67785770649812 -6.61098572635472 -4.83638104254519 -3.77517503522059 -3.71186304535701 -3.71160851330744 -3.28242009373574 -2.28369092588343 -1.96427711156009 -2.36118846405447 -2.89760549433572 -3.08005366712056 -2.78094686343379 -2.48151087467034 -2.39548047847338 -2.23278289493358 -1.97708774297126 -1.69869190952348 -1.61366985909435 -1.89308571171019 -2.33651650257357 -2.62339138222685 -2.77846156837259 -3.10995244514285 -3.60039812969288 -4.21399745830586 -4.70588100105967 -5.10034511047129 -6.03414382142401 -7.15305566168275 -8.25945552670106 -9.20589609887068 -10.0040557889331 -10.504674639064 -10.2120760712074 -9.91870471495737 -9.62457819062185 -9.51399583978832 -9.49445391572165
-9999 -9999 -9999 -9999 -9999 -9999 -47.4153183612701 -10.3494788056636 -0.20347871513516 -1.51749027695831 -6.61585311787154 -8.69808357270457 -6.65426195512439 -6.26441379745889 -5.52563053221863 -2.30645568481659 -2.48302938215333 -7.24994377251634 -7.784436884993 -5.25658045205217 -4.31811628235976 -5.02258251876951 -6.34958379127974 -5.82765369851299 -3.6802536253615 -2.75210832124888 -3.1963328345934 -4.29044085843911 -4.34064342510603 -3.38630052593888 -3.03147281835191 -2.72959825428053 -2.8141627209117 -2.42985322898979 -1.93963938164341 -1.86299207115892 -1.92218618678851 -2.42756457641039 -2.57471314869326 -2.47777692317848 -2.77980874104422 -3.10100034758934 -3.66447177853159 -4.07571517040721 -4.45738536649924 -5.04261007977899 -5.98976707237175 -7.16236820146578 -8.17821385516707 -9.08599994538848 -10.1566562982117 -9.65988957383849 -9.69570159824458 -9.73668563062842 -10.0050686182605 -10.5418746291685
-9999 -9999 -9999 -9999 -9999 -9999 -9999 -9999 -21.2092363971413 -0.570319101131229 -7.18821356804088 -10.4428090497248 -4.76072593993759 -6.05478076573795 -7.25081787379626 -5.28271900153616 -2.07535427646841 -6.02985233572684 -6.99751816324513 -6.03886329641881 -5.61579247377068 -7.48393963527096 -9.81328947725088 -9.57679811426068 -6.77270996612287 -4.99213706546984 -5.31720696822163 -6.22904686682582 -6.04175761291813 -5.02107011243303 -4.55940018804516 -4.37124586707657 -4.42411150919836 -4.01382059232304 -3.27516033759618 -2.88033584217497 -2.83178166786055 -2.90306244754061 -2.8302939191898 -2.70976505790126 -2.74793147751896 -2.94348550448842 -3.26178846209445 -3.55209605276144 -3.84818874098401 -4.19018553165455 -5.02650608515079 -5.99729542821878 -6.9513183242895 -7.91654294867933 -8.66225703155576 -8.74917224504253 -8.93085069626229 -9.3368588674795 -9.94528646279015 -10.7235270028162
-9999 -9999 -9999 -9999 -9999 -9999 -9999 -9999 -54.1363709733917 -5.68909274762493 -4.24708243328805 -7.57718263916562 -4.77685702580809 -5.61072131792082 -8.02838102797875 -8.37152343050604 -2.02632500739841 -5.4361775711738 -6.58939768667501 -5.69234760360819 -7.08857637480511 -9.53427749672831 -13.3117265529349 -13.1551875866847 -9.21457310506711 -7.43058523972187 -7.52062703980949 -8.69861881939938 -8.3619712029765 -6.58072334511943 -5.96062668945697 -5.64899837164799 -6.10809035259138 -5.63197153110112 -4.51408134980403 -4.171484939565 -3.70782694707371 -3.69134073203787 -3.35167617368723 -2.94022369614114 -2.88011621642181 -2.8033477663205 -2.99438782595962 -3.13679324223197 -3.34494382881482 -3.67809633700941 -4.16060397648187 -4.95329750930635 -5.73833386731536 -6.5819168990705 -7.3337730147581 -7.47482829182447 -7.85565877975404 -8.52118043077533 -9.50314169478555 -10.7079494732093
-9999 -9999 -9999 -9999 -9999 -9999 -9999 -9999 -9999 -17.0132210618364 -0.672417500000759 -1.81447144146754 -5.95640650992856 -7.64259730864574 -8.66049588117596 -9.35735262354409 -3.64722737205509 -5.63781389406203 -6.97394698363435 -7.48377349408722 -8.58858979287421 -12.0325579622201 -15.456519544345 -15.4972883632438 -12.5248327978694 -10.0774170445209 -10.0302172994501 -10.5814458820927 -10.2525366160192 -8.89481133142248 -7.91546006581422 -7.69398469770108 -7.6865647193179 -7.07993312281064 -6.21300810497101 -5.80230725910084 -5.27580627378919 -4.85819903592927 -4.30997659805854 -3.70195022344037 -3.26948084480208 -3.0002527150949 -2.87283278256874 -2.8749725257242 -2.94175391723499 -3.22820991391572 -3.72330743643689 -4.40714608005474 -5.04807880635032 -5.61607166040282 -6.2137286763264 -6.5526088072324 -6.73941950746006 -7.51994180577942 -8.95021429262096 -10.603485320943
-9999 -9999 -9999 -9999 -9999 -9999 -9999 -9999 -9999 -9999 -9.72615963332703 -1.50863416732808 -7.1409640982199 -9.37069291515753 -9.61422465579962 -11.0462916118469 -5.49415180056086 -6.59055683719221 -7.84418169680395 -8.05624726454727 -9.50852252663847 -12.4969629821308 -16.6287876594948 -17.4779361891129 -14.3485577570412 -12.5715071331938 -12.3364151437507 -12.605393210233 -12.1039869413449 -10.5870208375346 -9.84981299770077 -9.53564554646062 -9.79087350250742 -9.18882570311749 -7.96221097424586 -7.1542758271807 -6.48192735550074 -6.18482153830772 -5.40827590416196 -4.4322087768918 -3.84045791888185 -3.33741557716635 -3.04490926666771 -2.84974106385466 -2.80077582876331 -3.04647197111331 -3.55033484609358 -4.3948191169468 -5.2109532203786 -5.91097185474156 -6.66171187435114 -7.00508712255481 -7.39599762885906 -7.60573621706854 -8.51967539440687 -10.1943227286542
-9999 -9999 -9999 -9999 -9999 -9999 -9999 -9999 -9999 -9999 -9999 -20.9982459277588 -6.14869841407938 -11.7879414840238 -13.8730221207437 -13.5061065559343 -8.23013501473056 -8.18488417643857 -9.07811091343337 -8.26701223197014 -9.62709335702175 -12.5039027182434 -16.525045716016 -17.6214621462446 -16.2321972065647 -15.3015482358895 -14.6323152488591 -14.1878519894813 -13.6131411769761 -12.3146019657481 -11.8923647730629 -11.4691509334944 -11.3191158914592 -11.0365832916643 -10.0732006793393 -9.70633683647004 -8.66390333501642 -7.89537425673239 -6.86603467260473 -5.60112692139529 -4.81665534617334 -3.98503384854465 -3.49948936662796 -3.1486313483552 -2.91231805076813 -3.13590800051297 -3.57565100585567 -4.30363413930493 -5.17517641995184 -6.0767352423993 -7.05714728581435 -7.58973954602419 -8.04234560142651 -8.17888611099596 -8.25305752120909 -9.36311330516897
