meets/meet004/_saidas_enm/CCSM_Maha_21k_Cavanillesia_umbellata3.asc
NCOLS 154 
NROWS 168 
XLLCORNER -112 
YLLCORNER -55.5 
CELLSIZE 0.5 
NODATA_value -9999 
[rows 100 to 124 of 168, columns 56 to 111 of 154]
-9999 -9999 -9999 -9999 -9999 -9999 -9999 -9999 -9999 -9999 -9999 -9999 -9999 -9999 -9999 -9999 -9999 -9999 -9999 -9999 -9999 -9999 -9999 -9999 -9999 -9999 -9999 -9999 -67.1837765390103 -45.8446232416816 -63.6940382607881 -108.755511878341 -145.796369804392 -160.020230185909 -145.091717240994 -115.135004801523 -84.2619441324917 -55.7136127747273 -25.4650108108518 -23.6052843408283 -35.9257108069535 -31.0206268894161 -22.6727615536679 -20.8537557096067 -22.3957976592054 -20.4883542412295 -13.2199396663259 -6.46717795509301 -3.37186924727197 -2.15510143277022 -1.33120189696761 -0.831377257791147 -0.908522444866811 -1.41928524672852 -2.42958817277741 -2.47093104727643
-9999 -9999 -9999 -9999 -9999 -9999 -9999 -9999 -9999 -9999 -9999 -9999 -9999 -9999 -9999 -9999 -9999 -9999 -9999 -9999 -9999 -9999 -9999 -9999 -9999 -9999 -9999 -9999 -66.9836728803732 -45.779655614613 -73.3665820111855 -113.295873621652 -142.530588497413 -151.904066735254 -134.783452587063 -109.935797084014 -76.9667680931742 -48.3466462736481 -21.9149553326296 -25.9491186374183 -38.6576576034902 -33.5395550470263 -25.8562354098285 -24.8048551843733 -26.1067048251319 -24.7990395187833 -16.5794772656824 -9.78131383430598 -6.45062329122685 -4.71621402480465 -3.3685291632118 -2.02701447379869 -1.59920364639463 -1.72019063146208 -2.47619487548818 -4.42052583583833
-9999 -9999 -9999 -9999 -9999 -9999 -9999 -9999 -9999 -9999 -9999 -9999 -9999 -9999 -9999 -9999 -9999 -9999 -9999 -9999 -9999 -9999 -9999 -9999 -9999 -9999 -9999 -90.5193643152011 -69.6983954707482 -45.5510614824994 -71.9229730089383 -113.073445552139 -135.066591040267 -139.101075154471 -124.422987905614 -98.3304180681629 -69.7563423747497 -40.3771627513854 -18.7085269096546 -27.0928978450071 -37.9379207780847 -36.2092332210123 -28.3154627152531 -27.3768935086445 -29.6798612630493 -28.2923123418412 -20.7191721284114 -13.9614053350784 -10.0038830750981 -8.4256319917816 -6.84122795266684 -5.09706488132287 -3.61908796873557 -3.14679799119024 -3.5025656004821 -4.56979289168656
-9999 -9999 -9999 -9999 -9999 -9999 -9999 -9999 -9999 -9999 -9999 -9999 -9999 -9999 -9999 -9999 -9999 -9999 -9999 -9999 -9999 -9999 -9999 -9999 -9999 -9999 -9999 -93.1339220883616 -66.9479899463964 -43.4604329461952 -75.9173074571517 -114.989409434567 -132.430319822899 -132.797623238746 -116.607260526598 -92.726799623733 -62.2058837370965 -32.5869723588968 -17.4383005934002 -31.0703626449044 -40.4437535559526 -38.3403408544533 -31.2757600847769 -30.8579254830848 -33.3803589322014 -33.1140964443395 -26.2492414479388 -19.1308392557284 -15.0166245220293 -13.8534454127913 -12.2306411565708 -10.0959084337577 -8.28574231948895 -6.94322255511783 -6.60741211667987 -6.83895720372022
-9999 -9999 -9999 -9999 -9999 -9999 -9999 -9999 -9999 -9999 -9999 -9999 -9999 -9999 -9999 -9999 -9999 -9999 -9999 -9999 -9999 -9999 -9999 -9999 -9999 -9999 -9999 -87.9759732349188 -58.8051314729893 -46.0335316070156 -83.0647398549824 -122.503176958126 -137.323156163885 -131.94006655981 -112.941936029442 -87.3407037525498 -56.1372771061305 -26.8499398932122 -20.905010118404 -33.0829106829294 -41.281084399105 -41.8899829659207 -36.1541087089084 -35.5735396392017 -38.0506577297649 -38.4641611415235 -32.1793998309407 -26.2499698669568 -21.6704586197693 -20.1622263560813 -19.5330485866089 -16.8877379720494 -15.2423731529928 -13.5856058084979 -12.0369919747838 -11.6935751713932
-9999 -9999 -9999 -9999 -9999 -9999 -9999 -9999 -9999 -9999 -9999 -9999 -9999 -9999 -9999 -9999 -9999 -9999 -9999 -9999 -9999 -9999 -9999 -9999 -9999 -9999 -9999 -79.4900519707026 -50.3758201682353 -50.27297401428 -99.3181664936379 -137.831570370711 -148.567579012951 -138.469028818932 -113.91492131333 -86.6480347296297 -51.4921499285144 -24.0350360726253 -24.7456481391238 -36.1090364249085 -43.7307163709168 -44.3686422805474 -40.5385836673448 -39.397974322725 -40.2374314349985 -40.3642393128925 -34.9946531491584 -31.2957164861931 -27.8395521119626 -26.6337571617038 -26.1914488761847 -23.8901545817459 -22.7254897388767 -20.93646716982 -18.6701716254834 -17.8413226160402
-9999 -9999 -9999 -9999 -9999 -9999 -9999 -9999 -9999 -9999 -9999 -9999 -9999 -9999 -9999 -9999 -9999 -9999 -9999 -9999 -9999 -9999 -9999 -9999 -9999 -9999 -9999 -67.2944645637053 -44.2524678311488 -61.7283224807764 -122.49935211814 -159.520286433403 -165.265976368089 -148.019776096997 -117.303695273097 -88.136795930629 -48.3379984794044 -22.0321764591525 -27.2390754175324 -36.7138571699278 -45.9367784592562 -47.914383034339 -43.9869269417146 -41.9540190311573 -41.0048233403585 -38.2382869174335 -36.7062514200438 -34.6243391674348 -31.8847339741827 -31.6193613259319 -30.3090461307032 -30.1553893411028 -30.2018515558172 -27.8732433136722 -25.883685328268 -23.8949659989217
-9999 -9999 -9999 -9999 -9999 -9999 -9999 -9999 -9999 -9999 -9999 -9999 -9999 -9999 -9999 -9999 -9999 -9999 -9999 -9999 -9999 -9999 -9999 -9999 -9999 -9999 -9999 -52.1553004416026 -42.1866400091728 -76.3382733630014 -143.667558909382 -180.185225016245 -178.562304123795 -154.128433864594 -119.583974034014 -88.716851803392 -46.3163314435548 -21.6775734173501 -28.119071017202 -36.8035774796738 -48.821106384814 -52.6496561690214 -49.6992636874295 -47.6234563054864 -45.6946848126932 -42.3156915709965 -41.3525717185434 -39.9517350412732 -38.1415600997301 -37.9251296736129 -37.1542327749029 -37.6630145334946 -37.9338682552271 -35.9487086714958 -32.839642639524 -30.7027798671311
-9999 -9999 -9999 -9999 -9999 -9999 -9999 -9999 -9999 -9999 -9999 -9999 -9999 -9999 -9999 -9999 -9999 -9999 -9999 -9999 -9999 -9999 -9999 -9999 -9999 -9999 -9999 -40.7334750704075 -43.2814288483389 -91.4365093860154 -164.765667630816 -192.622699265552 -185.409464916251 -153.857713944222 -116.677996959031 -88.8331340865579 -42.9599738189787 -22.0557365174497 -28.6513948208972 -38.7595843929512 -54.0379224932687 -58.6562054469702 -57.6266249821559 -55.6968169031337 -54.8115982435162 -53.237636624389 -49.4502404206187 -49.1048170900799 -47.2459623838629 -47.1192909182913 -46.4884470991926 -46.0523821906069 -47.1893608757727 -44.5096654197393 -40.9728041002523 -38.4496813420839
-9999 -9999 -9999 -9999 -9999 -9999 -9999 -9999 -9999 -9999 -9999 -9999 -9999 -9999 -9999 -9999 -9999 -9999 -9999 -9999 -9999 -9999 -9999 -9999 -9999 -9999 -9999 -36.9435941591151 -48.309466706064 -99.2079232312237 -162.581645914832 -185.814207472749 -169.095016643601 -135.769323189944 -103.580238179384 -76.0866436242542 -36.1929524425146 -23.739162925166 -28.5204269037803 -41.1643737465069 -57.0529720441629 -63.6576492857736 -63.2957010926868 -62.3941798677599 -61.9051479826088 -61.4029440604267 -59.5059492475973 -59.1542542021392 -57.3196403735753 -56.4436086363946 -56.3051594854298 -55.9531979205276 -56.285112705904 -53.4143296270921 -49.9201623531962 -47.4410231270932
-9999 -9999 -9999 -9999 -9999 -9999 -9999 -9999 -9999 -9999 -9999 -9999 -9999 -9999 -9999 -9999 -9999 -9999 -9999 -9999 -9999 -9999 -9999 -9999 -9999 -9999 -43.524245548315 -36.1050332480557 -54.4082484553567 -105.586429230114 -158.191052380887 -167.059864758696 -143.753376655747 -111.003031878993 -83.7249827912677 -62.9565864823896 -29.4931084249914 -28.1803170812797 -30.8480402948828 -46.135456173904 -63.4382793943279 -68.4111057055739 -67.6626529103281 -67.2286098838414 -68.1345182813057 -67.3051430770642 -67.3934732694184 -68.7632264857026 -66.8535240273438 -66.5220129679932 -65.7309315633145 -64.3207927421535 -65.297093251043 -62.0470661695173 -59.1472139756674 -57.5301964333032
-9999 -9999 -9999 -9999 -9999 -9999 -9999 -9999 -9999 -9999 -9999 -9999 -9999 -9999 -9999 -9999 -9999 -9999 -9999 -9999 -9999 -9999 -9999 -9999 -9999 -9999 -37.0087425913178 -42.216553544259 -71.1706609875267 -118.12290574667 -150.952541147096 -147.375662241318 -117.292110413846 -86.8170338268467 -61.3412372737193 -39.6938162775245 -26.4490424488654 -34.5103556980847 -40.4415537928604 -54.9526668660272 -68.685483021554 -74.8565903299285 -75.2733058965758 -75.3869413389005 -76.6422658524763 -77.2936827686519 -77.1478164021911 -77.2422229492555 -74.7519174270525 -74.1867752586086 -74.1924088433604 -73.2704173166019 -72.8604171538725 -69.8617440852012 -68.7598719158024 -67.8414214507302
-9999 -9999 -9999 -9999 -9999 -9999 -9999 -9999 -9999 -9999 -9999 -9999 -9999 -9999 -9999 -9999 -9999 -9999 -9999 -9999 -9999 -9999 -9999 -9999 -9999 -9999 -35.0920998392156 -61.6528194516308 -104.38398471965 -138.205760411521 -159.612263066236 -127.53090604004 -94.4463428926621 -67.9240157397885 -42.5251406575208 -27.9468236642821 -32.9220755710214 -44.0501816996837 -55.7751748973967 -65.711046748925 -76.066014774312 -79.5855110921846 -81.6896125931138 -82.3895851486709 -83.93508463102 -86.8429797584584 -84.0107568731057 -83.8930142903265 -82.2553684614865 -82.8919992936933 -82.3309456379622 -81.317982009725 -80.7456615164649 -78.4893119158755 -78.9903307201552 -78.4296992540382
-9999 -9999 -9999 -9999 -9999 -9999 -9999 -9999 -9999 -9999 -9999 -9999 -9999 -9999 -9999 -9999 -9999 -9999 -9999 -9999 -9999 -9999 -9999 -9999 -9999 -9999 -41.599441960867 -98.4271861110151 -146.333332387751 -157.899234709422 -144.407672425887 -106.294290429522 -68.4205425894197 -46.8530945704425 -33.067692700132 -34.6516593127593 -43.78849210496 -54.2822080813991 -67.5016461158056 -74.7026667644778 -78.2713968045757 -81.8896659498276 -84.4504827158893 -84.7879850344522 -84.6520776886921 -84.7783878285044 -87.0563459552632 -90.482499638761 -90.4135461312432 -91.3856960495136 -91.5446456870897 -90.9930772711042 -90.5123116891106 -88.2918630366642 -88.7941745156684 -89.2317156944247
-9999 -9999 -9999 -9999 -9999 -9999 -9999 -9999 -9999 -9999 -9999 -9999 -9999 -9999 -9999 -9999 -9999 -9999 -9999 -9999 -9999 -9999 -9999 -9999 -9999 -20.4388935467015 -60.0014878393799 -147.542410471207 -194.245247288012 -168.724206897554 -134.044760912085 -89.3545829442917 -51.2549714086104 -35.9628435083155 -39.0432872286184 -49.190494934617 -53.0536278510449 -67.86491766551 -79.3675564677844 -81.0320828858629 -79.419483729822 -84.069624885805 -86.0721667333057 -85.355723621998 -84.5275196089946 -80.8193636985474 -87.3191168364538 -96.3566726886025 -99.4730124525351 -102.228272155117 -101.25139164537 -99.8329526000695 -101.219442630465 -99.8069335221576 -100.767603594767 -100.094805228365
-9999 -9999 -9999 -9999 -9999 -9999 -9999 -9999 -9999 -9999 -9999 -9999 -9999 -9999 -9999 -9999 -9999 -9999 -9999 -9999 -9999 -9999 -9999 -9999 -9999 -29.7171708245913 -80.7517157761187 -162.091299661403 -200.369470633635 -176.553469039029 -124.729381142353 -83.8364950080054 -54.1538945673654 -46.7888482663601 -55.0404982893741 -60.8856599913859 -67.5386399448147 -77.1770646060601 -85.0317020573792 -86.9330734914765 -85.948831754751 -88.5206875196405 -90.0520883825019 -89.0791432367288 -86.5768697505806 -85.7661947067469 -93.3380772666685 -103.234287673249 -107.087847760351 -109.807143198806 -110.051966067971 -110.891956258659 -112.603556442047 -111.068328858945 -112.155132385361 -113.164365180724
-9999 -9999 -9999 -9999 -9999 -9999 -9999 -9999 -9999 -9999 -9999 -9999 -9999 -9999 -9999 -9999 -9999 -9999 -9999 -9999 -9999 -9999 -9999 -9999 -9999 -37.5588363788248 -95.8718362180228 -178.015152021434 -214.100358365501 -175.746085806299 -121.352908263561 -86.8162224639074 -69.9181269947802 -64.3438585500512 -69.3112286643617 -78.5092257533965 -82.5488540458897 -87.8896261864643 -91.7336062204948 -91.7479537493719 -92.2629933429735 -93.9124915892676 -96.1501458099086 -96.1048839516888 -94.3768061913856 -91.3712382678256 -101.007346921801 -112.366855286349 -116.376129514007 -118.993816578213 -118.435047532771 -120.21714613574 -123.274055346626 -122.98851724158 -125.22731729074 -125.663908686975
-9999 -9999 -9999 -9999 -9999 -9999 -9999 -9999 -9999 -9999 -9999 -9999 -9999 -9999 -9999 -9999 -9999 -9999 -9999 -9999 -9999 -9999 -9999 -9999 -9999 -42.6750471964414 -103.434513433989 -182.739541159404 -216.492683571557 -186.432712055874 -129.941593775177 -99.7021709970852 -84.4330901659485 -77.6606293819689 -82.8647110566733 -90.3880721997688 -95.7584703172625 -100.698879973454 -102.259412033856 -99.0993153715923 -96.7829595491593 -100.029068337949 -104.069305918665 -106.159894461887 -108.399350022349 -110.905777070791 -115.486097608368 -120.770400807405 -122.426589665171 -126.135450317097 -128.798800995561 -130.80467073217 -133.51357687611 -132.623303356605 -135.041767088637 -137.166394480361
-9999 -9999 -9999 -9999 -9999 -9999 -9999 -9999 -9999 -9999 -9999 -9999 -9999 -9999 -9999 -9999 -9999 -9999 -9999 -9999 -9999 -9999 -9999 -9999 -9999 -46.1828436255855 -108.850978652435 -193.899715654324 -228.951581459049 -194.111215359981 -137.485388943232 -113.581081992016 -93.6861663842963 -89.8771245317517 -94.2324880697544 -100.924026515875 -105.848486450595 -112.758451208319 -114.353622470904 -107.731260305786 -103.803325167629 -107.629951704367 -114.164915737014 -118.080710067066 -123.510448699449 -128.490361465212 -127.243613803038 -129.25942006775 -129.863629811249 -134.931139552471 -137.896744730394 -139.105400091256 -142.518809281057 -142.454033172231 -145.828151270171 -146.76203396592
-9999 -9999 -9999 -9999 -9999 -9999 -9999 -9999 -9999 -9999 -9999 -9999 -9999 -9999 -9999 -9999 -9999 -9999 -9999 -9999 -9999 -9999 -9999 -9999 -9999 -51.5659498226762 -116.492839590809 -199.650405732476 -235.763433416107 -205.804671063288 -151.678594407762 -121.791578240343 -103.08762705673 -100.402510413525 -102.496271120458 -106.032763375292 -112.850103091829 -118.951926650949 -120.820064875456 -117.054298852137 -114.204998554901 -118.927492458584 -127.939926084607 -132.426140419764 -134.496300177311 -134.976019078935 -136.619065794881 -138.810756474003 -138.197215511279 -142.095061047944 -145.858316680215 -148.77516896846 -151.972527391183 -150.950278248419 -153.070211781012 -155.105202316804
-9999 -9999 -9999 -9999 -9999 -9999 -9999 -9999 -9999 -9999 -9999 -9999 -9999 -9999 -9999 -9999 -9999 -9999 -9999 -9999 -9999 -9999 -9999 -9999 -9999 -54.9549017279522 -123.478206264795 -213.844191146283 -249.95540304126 -217.386417436417 -165.223704011591 -133.460736291121 -114.46283463666 -112.169317621813 -113.257895067588 -115.34155200695 -121.510721703662 -126.993609177057 -129.130966445655 -126.096284468097 -123.836838513244 -128.468208235999 -138.84924653279 -142.044842139336 -141.617545483888 -140.28623924999 -141.271950794431 -144.987635571721 -145.46346413228 -150.517136380691 -152.514136749948 -154.557502198696 -158.710583080604 -158.789732897573 -161.633243901317 -161.908803018793
-9999 -9999 -9999 -9999 -9999 -9999 -9999 -9999 -9999 -9999 -9999 -9999 -9999 -9999 -9999 -9999 -9999 -9999 -9999 -9999 -9999 -9999 -9999 -9999 -9999 -58.6447608178763 -129.964724867438 -223.840216891381 -266.404986405644 -234.894591609414 -179.529893138572 -145.985067207173 -129.804664353028 -127.371034026214 -128.771201042725 -132.67189756304 -134.954640148598 -138.12204705985 -138.702008835687 -134.640963649018 -132.704727314028 -136.583544757362 -144.023855065519 -146.915791968879 -146.956127942317 -145.1314115616 -147.667402050364 -150.660984087098 -151.328640381645 -155.70715693271 -159.570698567992 -161.805611481561 -163.534338906675 -163.173357162567 -166.33738279128 -168.754197765112
-9999 -9999 -9999 -9999 -9999 -9999 -9999 -9999 -9999 -9999 -9999 -9999 -9999 -9999 -9999 -9999 -9999 -9999 -9999 -9999 -9999 -9999 -9999 -9999 -9999 -61.4960706138161 -135.038245658321 -232.095721699289 -279.483758236216 -248.731511936084 -197.045223247113 -163.263013976512 -145.162218575439 -141.877823764072 -142.621071956289 -145.467001328551 -144.921463077914 -146.399030820482 -145.721437509434 -139.165211901919 -137.25459990802 -139.942384016683 -147.722105546408 -150.233929227156 -150.630179568795 -149.568564097394 -151.401286859771 -155.909907404255 -156.889831306194 -161.631878759731 -163.898126936787 -164.913180049471 -168.815770031268 -173.71117618971 -177.619293515692 -182.095353246875
-9999 -9999 -9999 -9999 -9999 -9999 -9999 -9999 -9999 -9999 -9999 -9999 -9999 -9999 -9999 -9999 -9999 -9999 -9999 -9999 -9999 -9999 -9999 -9999 -9999 -62.4016941271694 -140.181102827094 -236.772408474442 -289.540476801424 -261.809625298955 -215.988199313987 -182.094271514351 -158.591719465463 -153.770185275129 -150.911064419683 -150.178182181511 -150.63718080087 -150.887939812692 -148.003493956792 -141.292358758844 -137.683906364025 -140.313346621414 -148.670910335361 -152.138449079677 -154.081667376069 -154.001504136341 -156.454578469669 -160.746760582135 -160.732948568803 -164.608326727512 -165.077776477307 -167.73298719001 -178.788566034906 -179.956742952919 -186.530906657554 -197.916622196308
-9999 -9999 -9999 -9999 -9999 -9999 -9999 -9999 -9999 -9999 -9999 -9999 -9999 -9999 -9999 -9999 -9999 -9999 -9999 -9999 -9999 -9999 -9999 -9999 -36.9046195593687 -69.3348121374146 -151.233208907683 -241.775245863948 -294.483647284572 -271.173128176374 -228.634250418146 -192.93200489952 -169.84260852725 -164.005883942857 -160.280624921372 -158.499149585155 -158.060935310319 -157.003891822764 -153.002415630239 -144.286950255438 -138.407433660018 -141.624751993412 -149.354437481466 -152.513293647637 -154.703728884436 -156.099541717753 -160.411597320136 -164.270766212966 -163.191194583866 -164.091623526283 -165.498737292671 -173.215722011854 -186.083010342907 -188.450555073276 -188.399832773803 -194.723820454023
