meets/meet004/_saidas_enm/ensemble_aver_Aralia_warmingiana_CCSM_6k_Maha.asc
NCOLS 154 
NROWS 168 
XLLCORNER -112 
YLLCORNER -55.5 
CELLSIZE 0.5 
NODATA_value -9999 
[rows 50 to 74 of 168, columns 56 to 111 of 154]
-9999 -9999 -9999 -9999 -9999 -9999 -9999 -9999 -9999 -9999 -9999 -9999 -9999 -445.512170410156 -209.596118164062 -93.3626022338867 -54.2631858825684 -40.8663177490234 -32.8602642059326 -20.8089237213135 -9.27385368347168 -4.88126602172852 -9.57666988372803 -16.4421566009521 -23.7740272521973 -34.1404487609863 -45.8257865905762 -66.5513938903809 -86.367204284668 -110.941925048828 -130.577130126953 -115.189912414551 -90.7458099365234 -56.632738494873 -24.1131088256836 -12.3901428222656 -8.01245250701904 -12.4960624694824 -18.6343364715576 -21.50595703125 -22.7634201049805 -23.2200290679932 -24.3877254486084 -30.5752662658691 -39.9343627929687 -43.773560333252 -29.0861103057861 -20.4522312164307 -13.9050889968872 -9.57749137878418 -12.697029876709 -14.5952377319336 -16.4399993896484 -19.158885383606 -22.338773727417 -21.9707111358643
-9999 -9999 -9999 -9999 -9999 -9999 -9999 -9999 -9999 -9999 -9999 -9999 -9999 -240.446270751953 -121.952565002441 -59.5524688720703 -35.2923843383789 -27.1013763427734 -21.0034790039062 -13.5434967041016 -6.20976667404175 -5.38966693878174 -10.3527296066284 -17.4070858001709 -25.574048614502 -36.8383895874023 -50.6914367675781 -71.3595794677734 -93.8481964111328 -116.572912597656 -130.838386535645 -115.728462219238 -85.5423248291016 -50.2775245666504 -23.8856239318848 -11.9997146606445 -8.45318040847778 -9.63978271484375 -12.8853448867798 -16.4889656066895 -17.373176574707 -18.6353370666504 -21.3706974029541 -26.6905246734619 -37.9749603271484 -36.9937164306641 -25.9259338378906 -17.099310874939 -10.9193399429321 -8.1419340133667 -10.0577112197876 -13.2020957946777 -14.7685180664062 -17.9721395492554 -22.3544654846191 -20.6611530303955
-9999 -9999 -9999 -9999 -9999 -9999 -9999 -9999 -9999 -9999 -9999 -338.942486572266 -209.732357788086 -122.79185333252 -70.5966552734375 -36.3190368652344 -23.4963779449463 -17.6386209487915 -13.8703800201416 -10.3240238189697 -8.16633586883545 -10.3978590011597 -16.4918216705322 -25.4871852874756 -37.4775215148926 -52.6071495056152 -73.8394577026367 -99.1989242553711 -128.481370544434 -160.822973632813 -176.666598510742 -149.425164794922 -108.414617919922 -63.0414283752441 -28.775756072998 -13.0241144180298 -10.1911701202393 -11.3751089096069 -13.7415868759155 -17.7449508666992 -16.2148452758789 -17.6755590438843 -20.7188823699951 -24.9125198364258 -31.0811279296875 -28.2157363891602 -17.4770643234253 -11.3963806152344 -6.78161554336548 -5.99181432723999 -9.44410724639893 -11.5883228302002 -13.7726884841919 -17.7899566650391 -23.3488845825195 -20.1962615966797
-9999 -9999 -9999 -9999 -9999 -9999 -9999 -9999 -9999 -9999 -331.200146484375 -183.718469238281 -110.972201538086 -87.27802734375 -57.8999221801758 -34.5214477539063 -21.8265151977539 -17.5298919677734 -15.5289739608765 -15.310719871521 -16.7504114151001 -21.918286895752 -30.4140213012695 -41.5428421020508 -57.4957313537598 -78.9194427490234 -106.392822265625 -138.103952026367 -171.617276000977 -200.214663696289 -208.594049072266 -174.137710571289 -123.255493164062 -71.7141448974609 -34.2846038818359 -15.4105587005615 -10.2541017532349 -11.2590835571289 -13.7824419021606 -15.662971496582 -17.2199247360229 -20.4310741424561 -22.2129161834717 -21.2456836700439 -18.157364654541 -12.7648929595947 -8.04999313354492 -5.31595249176025 -5.22434921264648 -8.41895923614502 -10.6387619018555 -13.1269744873047 -16.1574645996094 -21.0239063262939 -26.7530292510986 -21.7520149230957
-9999 -9999 -9999 -9999 -9999 -9999 -9999 -9999 -9999 -9999 -176.254507446289 -81.7271377563477 -74.0932952880859 -57.1807441711426 -50.4926559448242 -38.9435256958008 -30.2369735717773 -28.9745422363281 -29.9985095977783 -30.3251438140869 -33.2566635131836 -40.0775764465332 -49.5252059936523 -63.1643623352051 -84.769645690918 -111.403021240234 -144.296786499023 -181.002261352539 -214.970275878906 -240.504010009766 -244.896798706055 -197.027947998047 -137.114013671875 -82.1997894287109 -40.7936889648438 -18.8105735778809 -11.8192121505737 -9.06656761169434 -9.81308326721191 -11.4814960479736 -11.6795957565308 -14.4028734207153 -13.9898260116577 -12.2802289962769 -9.52183094024658 -5.66197280883789 -5.48423414230347 -6.17957181930542 -8.61251592636108 -12.5983112335205 -15.0981693267822 -20.1502960205078 -24.8553169250488 -29.8606552124023 -35.9771751403809 -26.4708755493164
-9999 -9999 -9999 -9999 -9999 -9999 -9999 -9999 -250.903253173828 -159.451031494141 -76.2779891967773 -37.6835762023926 -50.3563827514648 -46.0281089782715 -40.6787368774414 -49.6186080932617 -46.6362464904785 -45.4570426940918 -48.5225563049316 -51.8117111206055 -57.6657211303711 -65.4725372314453 -74.9091766357422 -90.0849014282227 -117.079664611816 -150.996685791016 -187.865643310547 -225.742517089844 -258.047384643555 -273.684259033203 -266.230392456055 -214.750933837891 -151.64895324707 -93.7015335083008 -50.8479629516602 -26.4678810119629 -15.7721118927002 -10.9101488113403 -9.00702857971191 -8.90335788726807 -8.93504180908203 -10.3411485671997 -10.9124935150146 -9.9105131149292 -9.11145687103271 -9.06991024017334 -11.5827339172363 -15.8402456283569 -21.4774127960205 -25.4586334228516 -29.5167266845703 -33.9735298156738 -39.4347320556641 -42.8961631774902 -44.8228973388672 -29.5081836700439
-9999 -9999 -9999 -9999 -9999 -9999 -9999 -9999 -159.726782226563 -82.7633850097656 -27.7446960449219 -14.8168872833252 -30.2566593170166 -31.1756931304932 -30.9198703765869 -42.004857635498 -62.6290924072266 -68.2222846984863 -73.531876373291 -82.1079071044922 -94.7744369506836 -103.989553833008 -111.941047668457 -128.666358947754 -162.128561401367 -199.725122070312 -213.00830078125 -226.265478515625 -228.823095703125 -224.960668945313 -221.111511230469 -215.208642578125 -164.564840698242 -108.765872192383 -64.8670204162598 -39.3174339294434 -26.4418357849121 -18.181104850769 -15.2374418258667 -14.6508312225342 -14.5769010543823 -16.0904012680054 -17.3652349472046 -19.3386348724365 -22.7146293640137 -27.2946323394775 -32.4083118438721 -37.7887725830078 -45.6499366760254 -51.872583770752 -55.636449432373 -59.4004981994629 -60.3835990905762 -58.8133949279785 -57.4072647094727 -34.6160591125488
-9999 -9999 -9999 -9999 -9999 -9999 -9999 -167.18108215332 -101.111096191406 -47.2132781982422 -11.6870899200439 -12.0545528411865 -18.9551361083984 -18.8602081298828 -21.0439540863037 -33.9686408996582 -52.1207252502441 -79.8211685180664 -97.2331405639648 -114.847314453125 -130.527626037598 -137.630891418457 -148.798373413086 -154.611477661133 -162.448150634766 -173.681362915039 -176.306854248047 -177.687655639648 -178.808889770508 -176.891931152344 -175.313409423828 -169.780639648438 -165.049053955078 -122.862622070312 -83.3661712646484 -58.5675338745117 -42.8955535888672 -33.9199172973633 -29.6634002685547 -28.2512619018555 -28.6150722503662 -31.7721221923828 -36.2676998138428 -42.2281898498535 -50.1860702514648 -57.8581527709961 -65.1555297851562 -73.9879058837891 -85.1759429931641 -93.6179183959961 -96.8514846801758 -96.3393966674805 -89.4191299438477 -81.9639251708984 -74.6724151611328 -40.8402114868164
-9999 -9999 -9999 -9999 -9999 -9999 -9999 -124.083052062988 -58.1840393066406 -18.3830709457397 -5.0353479385376 -12.0079254150391 -19.0925922393799 -16.7855819702148 -16.3143497467041 -25.8718631744385 -42.7567321777344 -66.5130363464355 -81.8370040893555 -92.1589218139648 -104.555116271973 -113.612925720215 -125.301095581055 -126.875434875488 -126.921653747559 -133.862533569336 -134.904110717773 -141.747085571289 -140.182751464844 -132.100790405273 -131.130429077148 -128.702334594727 -132.173248291016 -132.127076721191 -103.300610351562 -80.3182525634766 -65.2768104553223 -55.431192779541 -51.8883438110352 -52.3124298095703 -54.2294296264648 -60.9539596557617 -68.6176300048828 -80.3393157958984 -94.4589874267578 -105.38596496582 -118.303468322754 -132.639053344727 -148.33205871582 -155.79313659668 -152.905773925781 -140.652648925781 -126.177906799316 -112.009320068359 -95.4358245849609 -52.87802734375
-9999 -9999 -9999 -9999 -9999 -9999 -147.778521728516 -86.3317611694336 -32.75993309021 -6.97506065368652 -2.26613907814026 -10.7174327850342 -25.7562629699707 -22.2166328430176 -14.9817607879639 -23.1892322540283 -35.9322799682617 -53.5053848266602 -66.2052299499512 -74.7046325683594 -85.6991439819336 -91.9834655761719 -97.1176712036133 -98.4072463989258 -102.905400085449 -105.746858215332 -108.938548278809 -109.175398254395 -107.121325683594 -108.355613708496 -106.108413696289 -106.904985046387 -106.843719482422 -107.471989440918 -112.046401977539 -103.592767333984 -92.0345275878906 -86.191471862793 -84.8094528198242 -88.4381332397461 -96.3291275024414 -107.146423339844 -120.094604492188 -136.679498291016 -141.698342895508 -140.381201171875 -142.975204467773 -144.661172485352 -147.759759521484 -149.11201171875 -146.321762084961 -134.814964294434 -120.196882629395 -102.191114807129 -89.2481628417969 -68.3687911987305
-9999 -9999 -9999 -9999 -9999 -9999 -116.425601196289 -58.025 -18.9741081237793 -3.35373129844666 -2.56185517311096 -10.6598323822021 -24.0637477874756 -19.034797668457 -14.1661424636841 -19.0646797180176 -31.3706275939941 -44.8249198913574 -53.2460311889648 -57.9842002868652 -63.775537109375 -68.8161354064941 -73.3019638061523 -74.0432876586914 -75.1922454833984 -78.2183364868164 -79.4641296386719 -81.3104446411133 -81.096955871582 -80.817985534668 -82.1997268676758 -82.6817138671875 -85.0345886230469 -86.8440155029297 -89.3272857666016 -93.3684204101562 -97.260498046875 -103.746075439453 -108.338694763184 -110.480006408691 -115.008778381348 -114.371606445312 -114.007441711426 -115.03186340332 -115.993614196777 -120.364419555664 -123.715530395508 -129.095195007324 -132.871166992188 -131.940353393555 -130.041380310059 -119.445234680176 -108.228199768066 -94.329231262207 -80.1149703979492 -68.373917388916
-9999 -9999 -9999 -9999 -9999 -9999 -90.6288925170898 -44.4947662353516 -12.01275806427 -2.03822686672211 -1.76474604606628 -6.69299802780151 -18.0631607055664 -11.7403226852417 -11.4760660171509 -17.8447938919067 -26.7706050872803 -37.4012104034424 -43.801570892334 -48.1153701782227 -52.1789680480957 -55.1469184875488 -58.1975410461426 -59.222762298584 -61.5423027038574 -62.7206718444824 -64.1231575012207 -63.1051368713379 -63.1282745361328 -65.4919982910156 -65.3523284912109 -68.131982421875 -69.2121299743652 -71.3837448120117 -75.2084915161133 -76.5874328613281 -81.4084762573242 -83.9958511352539 -88.9549819946289 -93.8862991333008 -96.7673156738281 -99.5273345947266 -97.5418426513672 -97.4310882568359 -101.593344116211 -107.181680297852 -112.946583557129 -115.935527038574 -118.521817016602 -119.617242431641 -116.316983032227 -108.555477905273 -97.0123245239258 -83.6919677734375 -74.3556777954102 -63.1253158569336
-9999 -9999 -9999 -9999 -9999 -9999 -9999 -31.9035308837891 -8.49862689971924 -0.662858414649963 -1.66657693386078 -3.85878925323486 -10.3710531234741 -8.35501670837402 -8.5821008682251 -14.8772497177124 -22.3383686065674 -30.4860454559326 -35.7336772918701 -38.6005508422852 -41.3387168884277 -43.8525955200195 -46.4829444885254 -47.5161911010742 -47.9418212890625 -48.8869773864746 -48.5522567749023 -48.0739234924316 -47.1439605712891 -48.2892120361328 -50.2215263366699 -51.6087562561035 -54.127392578125 -55.9827598571777 -58.0113349914551 -61.5486770629883 -64.3541694641113 -68.7021606445312 -72.5204711914062 -75.0183471679688 -79.3561676025391 -80.011442565918 -80.6988906860352 -79.7436828613281 -83.9414138793945 -90.3256134033203 -92.9467590332031 -96.8723968505859 -99.0246047973633 -98.3617385864258 -96.2941284179688 -89.1176406860352 -81.7591369628906 -72.7318328857422 -64.8267333984375 -58.5557106018066
-9999 -9999 -9999 -9999 -9999 -9999 -9999 -9999 -6.66489572525024 -0.288584187626839 -1.53242118358612 -2.40096325874329 -6.9574728012085 -6.78958587646484 -8.14854507446289 -13.0076091766357 -19.1495491027832 -26.4741561889648 -30.943009185791 -33.4221828460693 -35.5258041381836 -36.9615386962891 -38.3268226623535 -38.9958381652832 -39.4365028381348 -39.0823394775391 -38.6716972351074 -37.4609161376953 -36.3000419616699 -38.3557563781738 -39.4482009887695 -41.6200408935547 -43.179761505127 -45.2562301635742 -48.4701667785645 -51.7436065673828 -55.1811157226563 -58.6525184631348 -62.6632766723633 -65.7532852172852 -68.3841323852539 -69.8207260131836 -69.694775390625 -68.5598937988281 -72.4938079833984 -76.7202682495117 -80.4714797973633 -82.0110168457031 -85.0966186523438 -86.7898742675781 -85.3348495483398 -79.5371002197266 -72.4654006958008 -64.144458770752 -59.5983825683594 -55.4968742370605
-9999 -9999 -9999 -9999 -9999 -9999 -22.4412750244141 -8.04012126922607 -0.422748005390167 -1.21482034921646 -1.90384120941162 -2.22658629417419 -5.92691802978516 -6.47728862762451 -6.97511157989502 -11.8065689086914 -17.8232234954834 -23.1656829833984 -26.6723712921143 -28.0829776763916 -29.0080635070801 -29.6568519592285 -30.3796810150146 -30.5928691864014 -30.2513675689697 -30.1173812866211 -29.4551342010498 -28.859646987915 -28.0595241546631 -28.580094909668 -30.1028347015381 -31.4583385467529 -33.3284870147705 -34.9458698272705 -36.9380561828613 -40.118042755127 -43.0027137756348 -47.0882278442383 -50.5906234741211 -52.9327293395996 -55.5933647155762 -55.3765144348145 -55.0837593078613 -55.4731880187988 -61.9822410583496 -69.2999801635742 -73.8170303344727 -77.6598876953125 -80.236442565918 -81.0482925415039 -80.5939468383789 -75.3702651977539 -69.3182144165039 -61.7961372375488 -54.8168350219727 -49.1538429260254
-9999 -9999 -9999 -9999 -9999 -28.4550277709961 -8.34911880493164 -1.62267925739288 -2.02076754570007 -1.85798008441925 -1.67448084354401 -2.21494717597961 -5.70503005981445 -7.3161789894104 -8.07971143722534 -11.7634517669678 -17.3290941238403 -21.3293834686279 -23.5707183837891 -25.2051662445068 -25.0348808288574 -25.5580451965332 -24.81487159729 -24.4813583374023 -24.7905632019043 -24.3605083465576 -24.1299896240234 -23.2074501037598 -22.4911598205566 -22.8350540161133 -23.2734489440918 -24.864404296875 -25.9217227935791 -27.04772605896 -29.3023212432861 -30.5647937774658 -34.1203514099121 -37.3984115600586 -40.5861679077148 -43.4884544372559 -46.3314086914063 -48.4397796630859 -49.6298248291016 -52.0566909790039 -58.8520172119141 -66.5703727722168 -69.7516738891602 -71.7267440795898 -73.6803604125977 -75.6058120727539 -76.1448806762695 -70.4713119506836 -65.1051193237305 -58.389087677002 -52.3081283569336 -45.4986404418945
-9999 -9999 -9999 -9999 -9999 -10.6551681518555 -2.15570693016052 -0.803168153762817 -2.52583508491516 -3.7110857963562 -2.7747398853302 -3.05694127082825 -4.58184199333191 -7.38889398574829 -8.32465829849243 -12.4369453430176 -16.1236654281616 -19.6287422180176 -21.6288467407227 -21.4643684387207 -21.497546005249 -21.455114364624 -21.0688247680664 -20.7785137176514 -20.0192073822021 -19.8237648010254 -19.4279476165771 -18.9693252563477 -18.5665086746216 -18.2292726516724 -18.7749067306519 -19.7637241363525 -20.9960021972656 -22.0076316833496 -23.0760997772217 -24.8885166168213 -27.3609352111816 -30.5046688079834 -33.92995262146 -37.4725517272949 -41.4119483947754 -44.1612106323242 -47.0915313720703 -49.4347099304199 -53.3761360168457 -58.8932861328125 -62.2037887573242 -64.6813720703125 -66.4616691589355 -67.2252105712891 -66.8551193237305 -63.6233856201172 -59.5628692626953 -54.5978065490723 -49.988737487793 -46.1820129394531
-9999 -9999 -9999 -9999 -9999 -9999 -0.427507323026657 -0.824554324150085 -2.96723785400391 -4.52095441818237 -5.36779098510742 -4.50244741439819 -4.37100963592529 -5.93092813491821 -7.51345729827881 -12.5235647201538 -14.2761241912842 -17.4348453521729 -18.43434715271 -17.7821863174438 -18.009720993042 -17.2581344604492 -16.9206108093262 -16.3084707260132 -15.4942504882812 -15.5298185348511 -14.9069465637207 -14.6764404296875 -14.4944423675537 -14.5412469863892 -15.2490501403809 -15.1730697631836 -16.2839298248291 -16.9513122558594 -17.6796457290649 -19.4739742279053 -21.9974353790283 -25.7001968383789 -29.2430210113525 -32.3686229705811 -36.6644706726074 -39.1716415405273 -42.7215110778809 -44.898828125 -45.6030715942383 -51.2314071655273 -53.8664436340332 -56.6568031311035 -58.409342956543 -59.1844306945801 -59.0046157836914 -56.8704154968262 -54.505054473877 -51.3035820007324 -48.9000122070313 -47.1326904296875
-9999 -9999 -9999 -9999 -9999 -9999 -2.41052017211914 -1.41131179332733 -4.64071483612061 -5.1256890296936 -8.12432670593262 -8.43329801559448 -7.52153406143188 -5.24634342193603 -5.29008684158325 -8.08572120666504 -11.5175254821777 -16.338346862793 -17.6361223220825 -16.1168924331665 -14.6912195205688 -14.2790410995483 -13.5488471984863 -12.9320339202881 -12.2252285003662 -11.9577533721924 -11.8583993911743 -11.7104288101196 -11.7569728851318 -11.857036781311 -12.2566993713379 -12.6069179534912 -13.1042406082153 -13.8949575424194 -15.0076135635376 -16.7303293228149 -19.0802604675293 -22.2443309783936 -25.2800819396973 -27.9128273010254 -30.917769241333 -33.6346424102783 -36.3695030212402 -38.2517112731934 -39.0649070739746 -42.2256309509277 -45.5413993835449 -48.5096122741699 -50.6589797973633 -52.1188491821289 -52.9471488952637 -51.5959808349609 -50.5380111694336 -49.070484161377 -48.0759643554687 -47.6933540344238
-9999 -9999 -9999 -9999 -9999 -9999 -12.7658922195435 -3.38506870269775 -6.31657705307007 -6.83875675201416 -12.3618383407593 -15.1871868133545 -18.1184543609619 -13.7315238952637 -8.70602521896362 -7.4422101020813 -9.14789276123047 -14.9740354537964 -16.8907136917114 -14.1506204605103 -12.1666391372681 -11.4227867126465 -11.4565307617187 -10.7253253936768 -9.54556636810303 -9.32252893447876 -9.15125226974487 -9.39599981307983 -9.4887505531311 -9.31786308288574 -10.1299638748169 -10.1858786582947 -11.0592830657959 -11.7002988815308 -12.491276550293 -14.2802156448364 -15.7694110870361 -18.9288631439209 -21.2941505432129 -22.6460227966309 -25.5470726013184 -26.9593967437744 -29.6802066802979 -31.3469680786133 -31.6049942016602 -33.9541255950928 -36.7111793518066 -40.3358726501465 -42.8337814331055 -44.5541717529297 -46.8901641845703 -45.4840896606445 -45.8412727355957 -45.4225318908691 -45.3035171508789 -47.0031021118164
-9999 -9999 -9999 -9999 -9999 -9999 -9999 -9999 -9.17768726348877 -10.2740528106689 -10.7779022216797 -18.0266967773438 -28.6072189331055 -23.2969348907471 -13.7302713394165 -7.37039022445679 -7.71340799331665 -14.0847770690918 -17.1278928756714 -13.6425012588501 -10.1262645721436 -10.1601358413696 -11.1238508224487 -10.7339768409729 -9.23434810638428 -8.31577882766724 -8.22356510162354 -8.37035312652588 -8.41557579040527 -8.40512084960938 -9.0706093788147 -9.608385181427 -10.3319855690002 -11.0887842178345 -11.8580963134766 -13.1636001586914 -14.58564453125 -16.3666927337646 -18.0349346160889 -19.5164047241211 -21.1348182678223 -22.569185256958 -24.1497982025146 -25.3768402099609 -26.1736289978027 -27.0231906890869 -29.8541397094727 -32.7049468994141 -35.1778137207031 -37.5051399230957 -39.2831878662109 -39.3012359619141 -39.6616905212402 -40.2091239929199 -41.147777557373 -42.938143157959
-9999 -9999 -9999 -9999 -9999 -9999 -9999 -9999 -20.4202789306641 -11.303369140625 -8.62021493911743 -20.6154998779297 -42.7060577392578 -36.000366973877 -20.2084392547607 -8.2688850402832 -4.97555437088013 -12.0836778640747 -15.8966737747192 -11.2968639373779 -8.62913522720337 -9.13644390106201 -11.4802534103394 -11.3822969436646 -8.89306468963623 -7.90440759658813 -7.80502824783325 -8.35669975280762 -8.41647663116455 -7.85255937576294 -8.29952039718628 -8.7866174697876 -9.92867078781128 -10.6011454582214 -10.9364278793335 -12.3926107406616 -12.9863357543945 -14.3930419921875 -15.382147026062 -15.9982177734375 -17.3902627944946 -17.7897232055664 -19.1265312194824 -20.0187782287598 -20.3198040008545 -21.6913120269775 -23.0438468933105 -25.6964385986328 -27.8964954376221 -30.027982711792 -32.035001373291 -31.8079933166504 -32.5068023681641 -33.4015830993652 -34.7966751098633 -37.7530708312988
-9999 -9999 -9999 -9999 -9999 -9999 -9999 -9999 -9999 -8.99648542404175 -5.00253190994263 -19.3329914093018 -57.5079917907715 -53.0855834960937 -28.2257091522217 -8.69765777587891 -3.47450370788574 -8.44039211273193 -13.3449407577515 -10.7743196487427 -7.74024095535278 -9.01312999725342 -11.5711599349976 -11.5435133934021 -9.68078012466431 -8.15973291397095 -8.15005559921265 -8.57101726531982 -8.75679874420166 -8.45829381942749 -8.52780828475952 -9.17987270355225 -9.96929664611816 -10.3737156867981 -10.7239210128784 -11.8058925628662 -12.5026857376099 -13.1836071014404 -13.6897867202759 -14.1452896118164 -14.5940582275391 -14.9334434509277 -15.2199899673462 -15.6214736938477 -16.3071670532227 -17.2100395202637 -18.9377784729004 -20.8908824920654 -22.6318244934082 -24.3020782470703 -25.7125564575195 -26.214026260376 -25.7481773376465 -26.7235504150391 -29.1290588378906 -31.8819313049316
-9999 -9999 -9999 -9999 -9999 -9999 -9999 -9999 -9999 -9999 -8.92976970672607 -24.9776302337646 -63.1071685791016 -61.2317626953125 -34.4933502197266 -9.02505702972412 -1.53143537044525 -4.92373504638672 -9.90265169143677 -8.46713466644287 -6.83820581436157 -8.36095132827759 -10.9736631393433 -11.5045997619629 -9.67662410736084 -8.62904691696167 -8.7104814529419 -9.18212814331055 -9.36146392822266 -8.95355091094971 -9.18690633773804 -9.82413091659546 -10.8682399749756 -11.2355367660522 -11.0168725967407 -11.1792221069336 -11.4594270706177 -12.1723340988159 -12.4793403625488 -12.2284141540527 -12.349179649353 -12.2342529296875 -12.4114868164062 -12.5444549560547 -12.6135787963867 -13.4473485946655 -15.2415525436401 -17.8808517456055 -20.0088413238525 -21.8109119415283 -23.5780731201172 -24.1967567443848 -24.6349807739258 -23.9012054443359 -24.0195682525635 -26.5560413360596
-9999 -9999 -9999 -9999 -9999 -9999 -9999 -9999 -9999 -9999 -9999 -36.4344570159912 -58.7915115356445 -56.5078147888184 -35.0380966186523 -10.063289642334 -0.958513176441193 -0.816723962686956 -6.49329490661621 -6.03862814903259 -6.33542251586914 -7.84861917495728 -9.80505714416504 -10.6261437416077 -9.83232431411743 -9.47576150894165 -9.45833806991577 -9.63524713516235 -9.89397802352905 -9.6906683921814 -10.197532749176 -10.7583810806274 -11.5350023269653 -12.1059301376343 -11.9274824142456 -12.2675058364868 -12.0371849060059 -12.1290357589722 -11.9005746841431 -11.385998916626 -11.1183103561401 -10.6330152511597 -10.3650108337402 -10.2324340820313 -10.2080987930298 -11.0408515930176 -12.4071458816528 -14.4358894348145 -16.6841684341431 -19.0457218170166 -21.4107009887695 -22.6474712371826 -23.3917404174805 -22.7957984924316 -21.3170986175537 -22.9387649536133
