meets/meet004/_saidas_enm/ensemble_aver_Aralia_warmingiana_CCSM_6k_Maxent.asc
NCOLS 154 
NROWS 168 
XLLCORNER -112 
YLLCORNER -55.5 
CELLSIZE 0.5 
NODATA_value -9999 
[rows 100 to 124 of 168, columns 56 to 111 of 154]
-9999 -9999 -9999 -9999 -9999 -9999 -9999 -9999 -9999 -9999 -9999 -9999 -9999 -9999 -9999 -9999 -9999 -9999 -9999 -9999 -9999 -9999 -9999 -9999 -9999 -9999 -9999 -9999 0.139860740303993 0.262040120363235 0.21747053861618 0.121041534841061 0.0955685421824455 0.0810328848659992 0.0799130849540234 0.0840759433805943 0.0758656658232212 0.0740794084966183 0.118886959552765 0.178922164440155 0.261967271566391 0.420664113759995 0.443515771627426 0.168156568706036 0.120797136425972 0.123595988750458 0.126358882337809 0.170232317596674 0.151399285718799 0.152621777355671 0.164425655454397 0.153972566127777 0.156713557988405 0.187595267593861 0.245794895291328 0.323724696040154
-9999 -9999 -9999 -9999 -9999 -9999 -9999 -9999 -9999 -9999 -9999 -9999 -9999 -9999 -9999 -9999 -9999 -9999 -9999 -9999 -9999 -9999 -9999 -9999 -9999 -9999 -9999 -9999 0.129809227585793 0.253916844725609 0.18962504863739 0.118755897879601 0.0884348876774311 0.0814684972167015 0.0823373645544052 0.0772455506026745 0.071828193962574 0.0735177017748356 0.123639343678951 0.199428895115852 0.288822415471077 0.431952005624771 0.427437120676041 0.17424978017807 0.139577274024487 0.143209291994572 0.18102313876152 0.185690040886402 0.164395403862 0.192966774106026 0.224762542545795 0.201916834712029 0.194942611455917 0.224913142621517 0.274501782655716 0.389946913719177
-9999 -9999 -9999 -9999 -9999 -9999 -9999 -9999 -9999 -9999 -9999 -9999 -9999 -9999 -9999 -9999 -9999 -9999 -9999 -9999 -9999 -9999 -9999 -9999 -9999 -9999 -9999 0.116328567266464 0.119116183370352 0.254213660955429 0.224159076809883 0.121585755050182 0.0921760000288487 0.0936302691698074 0.0842898041009903 0.0735016375780106 0.0723216414451599 0.0843098431825638 0.147091487050056 0.227961266040802 0.319039267301559 0.44571145772934 0.441274863481522 0.206242939829826 0.165447360277176 0.191747033596039 0.232921059429646 0.250096397101879 0.226126612722874 0.240155491232872 0.248956754803658 0.232200239598751 0.203109103441238 0.226377639174461 0.292802831530571 0.383970648050308
-9999 -9999 -9999 -9999 -9999 -9999 -9999 -9999 -9999 -9999 -9999 -9999 -9999 -9999 -9999 -9999 -9999 -9999 -9999 -9999 -9999 -9999 -9999 -9999 -9999 -9999 -9999 0.106518307700753 0.114913161844015 0.265292689204216 0.245098033547401 0.11915984749794 0.098278434574604 0.103172916173935 0.0799467720091343 0.0661257840692997 0.0744111068546772 0.097178990393877 0.167558242380619 0.231866642832756 0.31626461148262 0.433328306674957 0.448185276985168 0.224434357881546 0.207303670048714 0.243789380788803 0.255549085140228 0.327249065041542 0.317242905497551 0.314399421215057 0.310669749975204 0.277945794165134 0.236968687176704 0.253779196739197 0.324631690979004 0.405238842964172
-9999 -9999 -9999 -9999 -9999 -9999 -9999 -9999 -9999 -9999 -9999 -9999 -9999 -9999 -9999 -9999 -9999 -9999 -9999 -9999 -9999 -9999 -9999 -9999 -9999 -9999 -9999 0.114342250674963 0.113065166026354 0.263510337471962 0.274550831317902 0.121069543063641 0.098762421309948 0.10098507553339 0.0737986922264099 0.0597460709512234 0.0773740783333778 0.0936473771929741 0.118755685538054 0.214558909833431 0.317089515924454 0.412965080142021 0.421188402175903 0.255229344964027 0.26192439198494 0.321700477600098 0.294388276338577 0.342599987983704 0.391449546813965 0.417284661531448 0.411366617679596 0.366887733340263 0.342801886796951 0.358363917469978 0.404326581954956 0.480491256713867
-9999 -9999 -9999 -9999 -9999 -9999 -9999 -9999 -9999 -9999 -9999 -9999 -9999 -9999 -9999 -9999 -9999 -9999 -9999 -9999 -9999 -9999 -9999 -9999 -9999 -9999 -9999 0.102508743107319 0.0993875049054623 0.263015702366829 0.220444655418396 0.107703876495361 0.0949986115098 0.0900853738188744 0.0656983382999897 0.0507081307470798 0.0711666688323021 0.0652905523777008 0.113480060920119 0.221934959292412 0.324316906929016 0.40994037091732 0.424135112762451 0.322090324759483 0.322733229398727 0.355035972595215 0.349438172578812 0.388436961174011 0.437030035257339 0.47562243938446 0.498066848516464 0.478078240156174 0.460810923576355 0.478904366493225 0.50239577293396 0.54815319776535
-9999 -9999 -9999 -9999 -9999 -9999 -9999 -9999 -9999 -9999 -9999 -9999 -9999 -9999 -9999 -9999 -9999 -9999 -9999 -9999 -9999 -9999 -9999 -9999 -9999 -9999 -9999 0.0975636526942253 0.0948866240680218 0.226881387829781 0.145403274893761 0.0902487434446812 0.0873207971453667 0.0779691606760025 0.0575100682675838 0.0414045102894306 0.0579219602048397 0.0515678247436881 0.115377190709114 0.217687128484249 0.315938299894333 0.40200517475605 0.423784348368645 0.394484287500381 0.36853688955307 0.393668448925018 0.412025159597397 0.45368657708168 0.50758113861084 0.533818119764328 0.52945773601532 0.551458984613419 0.567787420749664 0.586115026473999 0.593116796016693 0.603144299983978
-9999 -9999 -9999 -9999 -9999 -9999 -9999 -9999 -9999 -9999 -9999 -9999 -9999 -9999 -9999 -9999 -9999 -9999 -9999 -9999 -9999 -9999 -9999 -9999 -9999 -9999 -9999 0.104408024251461 0.0991418987512589 0.166912230849266 0.0896796219050884 0.0704309612512588 0.0778115086257458 0.0715018458664417 0.0482772290706635 0.0306112375110388 0.0380601190030575 0.0464471833780408 0.121307731419802 0.217738874256611 0.313668477535248 0.390338405966759 0.420877575874329 0.412072941660881 0.408921754360199 0.421916174888611 0.44075493812561 0.495447731018066 0.559815323352814 0.589144504070282 0.587557363510132 0.607521283626556 0.622620010375977 0.63617377281189 0.63578565120697 0.629600346088409
-9999 -9999 -9999 -9999 -9999 -9999 -9999 -9999 -9999 -9999 -9999 -9999 -9999 -9999 -9999 -9999 -9999 -9999 -9999 -9999 -9999 -9999 -9999 -9999 -9999 -9999 -9999 0.122201627492905 0.130682572722435 0.120361366868019 0.0437373392283916 0.0502779677510262 0.0651489414274693 0.0640714481472969 0.0418123848736286 0.0201312936842442 0.0323115503415465 0.051451625674963 0.117233161628246 0.216932585835457 0.319285422563553 0.381868278980255 0.415168938040733 0.417837825417519 0.419470229744911 0.423758420348167 0.410302475094795 0.438958513736725 0.50950413942337 0.602175235748291 0.595557165145874 0.605205368995666 0.612077260017395 0.61279867887497 0.625311386585236 0.633200883865356
-9999 -9999 -9999 -9999 -9999 -9999 -9999 -9999 -9999 -9999 -9999 -9999 -9999 -9999 -9999 -9999 -9999 -9999 -9999 -9999 -9999 -9999 -9999 -9999 -9999 -9999 -9999 0.149814672768116 0.154573586583138 0.0910556204617023 0.0485657371580601 0.0593449994921684 0.0649731453508139 0.0641604416072369 0.0445182107388973 0.0227433891966939 0.0397587154060602 0.0834482580423355 0.143577738851309 0.22470386326313 0.322130250930786 0.373695436120033 0.403377041220665 0.409993898868561 0.411620754003525 0.413877776265144 0.403668954968452 0.401221215724945 0.465560191869736 0.541701120138168 0.579009914398193 0.589803075790405 0.579054880142212 0.585882043838501 0.601461005210876 0.608091902732849
-9999 -9999 -9999 -9999 -9999 -9999 -9999 -9999 -9999 -9999 -9999 -9999 -9999 -9999 -9999 -9999 -9999 -9999 -9999 -9999 -9999 -9999 -9999 -9999 -9999 -9999 0.223056295514107 0.184307128190994 0.145307813584805 0.0738442830741406 0.058306797966361 0.0808281861245632 0.0835166018456221 0.0705170232802629 0.0517160639166832 0.0260652996599674 0.0532466091215611 0.127618500590324 0.24223256111145 0.260906711220741 0.327182561159134 0.360782334208488 0.38529834151268 0.393844890594482 0.389700019359589 0.387808182835579 0.380000633001328 0.416305357217789 0.471221399307251 0.506762063503265 0.529678827524185 0.559336137771606 0.553750813007355 0.574458289146423 0.575427234172821 0.578697049617767
-9999 -9999 -9999 -9999 -9999 -9999 -9999 -9999 -9999 -9999 -9999 -9999 -9999 -9999 -9999 -9999 -9999 -9999 -9999 -9999 -9999 -9999 -9999 -9999 -9999 -9999 0.183638434112072 0.149989478290081 0.129947209358215 0.0588229358196259 0.0810985200107098 0.121236100792885 0.110847246646881 0.0783163037151098 0.0606074415147305 0.0551885493099689 0.0902726463973522 0.182703360915184 0.273305147886276 0.306323689222336 0.30190863609314 0.333140003681183 0.35053323507309 0.361313861608505 0.357046872377396 0.353015547990799 0.37591038942337 0.408305257558823 0.45087953209877 0.490215575695038 0.511882793903351 0.526786345243454 0.529856133460999 0.542818027734757 0.547194588184357 0.546814501285553
-9999 -9999 -9999 -9999 -9999 -9999 -9999 -9999 -9999 -9999 -9999 -9999 -9999 -9999 -9999 -9999 -9999 -9999 -9999 -9999 -9999 -9999 -9999 -9999 -9999 -9999 0.139831131696701 0.115044575929642 0.105904172360897 0.0719684168696404 0.094574523717165 0.154143034666777 0.130568661540747 0.0965044740587473 0.0881139360368252 0.0805056072771549 0.150814385712147 0.215836635231972 0.268895328044891 0.341455459594727 0.344205164909363 0.334322685003281 0.326690632104874 0.320870590209961 0.332738822698593 0.333940413594246 0.370015680789948 0.398977792263031 0.422604167461395 0.459614658355713 0.484743213653564 0.499215477705002 0.499797183275223 0.517235636711121 0.514498120546341 0.511984568834305
-9999 -9999 -9999 -9999 -9999 -9999 -9999 -9999 -9999 -9999 -9999 -9999 -9999 -9999 -9999 -9999 -9999 -9999 -9999 -9999 -9999 -9999 -9999 -9999 -9999 -9999 0.120205479860306 0.0891555577516556 0.0632635824382305 0.0717623762786388 0.128648419678211 0.165466866642237 0.143759460002184 0.142501538991928 0.167742171883583 0.163359531760216 0.223823195695877 0.260651722550392 0.296363413333893 0.360355484485626 0.414132988452911 0.403559267520905 0.370246756076813 0.360803937911987 0.394036430120468 0.423043566942215 0.401976436376572 0.372075766324997 0.379526317119598 0.408960229158401 0.446381938457489 0.465310770273209 0.47624032497406 0.486392039060593 0.477765679359436 0.471285891532898
-9999 -9999 -9999 -9999 -9999 -9999 -9999 -9999 -9999 -9999 -9999 -9999 -9999 -9999 -9999 -9999 -9999 -9999 -9999 -9999 -9999 -9999 -9999 -9999 -9999 0.18726209551096 0.112694524228573 0.0720715411007404 0.0357073368504643 0.0782212886959314 0.145260543376207 0.1570601567626 0.164529438316822 0.237792092561722 0.207442113757133 0.178276783227921 0.261883920431137 0.325592577457428 0.324422711133957 0.411778312921524 0.412329453229904 0.429604947566986 0.413768607378006 0.430134481191635 0.441303437948227 0.440660971403122 0.457682871818543 0.364965283870697 0.338785895705223 0.358878296613693 0.401795083284378 0.431121480464935 0.448168075084686 0.447468596696854 0.437591779232025 0.429015302658081
-9999 -9999 -9999 -9999 -9999 -9999 -9999 -9999 -9999 -9999 -9999 -9999 -9999 -9999 -9999 -9999 -9999 -9999 -9999 -9999 -9999 -9999 -9999 -9999 -9999 0.148286341130733 0.121202600002289 0.0667986899614334 0.0456936035305262 0.0899492952972651 0.141580996662378 0.151799223572016 0.200628213584423 0.275596737861633 0.245454728603363 0.231023621559143 0.277991890907288 0.354798543453217 0.3930315554142 0.403816294670105 0.397900682687759 0.400627541542053 0.407711446285248 0.414510118961334 0.413419193029404 0.411184191703796 0.429767328500748 0.351444709300995 0.322517439723015 0.326020568609238 0.376881849765778 0.394523960351944 0.409307688474655 0.413653069734573 0.402731686830521 0.390619307756424
-9999 -9999 -9999 -9999 -9999 -9999 -9999 -9999 -9999 -9999 -9999 -9999 -9999 -9999 -9999 -9999 -9999 -9999 -9999 -9999 -9999 -9999 -9999 -9999 -9999 0.132157944142818 0.128016544878483 0.0463596284389496 0.0532293133437634 0.102791756391525 0.132777166366577 0.142057709395885 0.218566709756851 0.306251353025436 0.278978708386421 0.242764413356781 0.275508123636246 0.337126225233078 0.368187481164932 0.366021680831909 0.373035424947739 0.37848527431488 0.368232893943787 0.382599169015884 0.388825285434723 0.382395106554031 0.400610619783402 0.316434073448181 0.293017634749413 0.308588349819183 0.3542560338974 0.361597299575806 0.369924569129944 0.378231698274612 0.366518402099609 0.355540257692337
-9999 -9999 -9999 -9999 -9999 -9999 -9999 -9999 -9999 -9999 -9999 -9999 -9999 -9999 -9999 -9999 -9999 -9999 -9999 -9999 -9999 -9999 -9999 -9999 -9999 0.105402356386185 0.129668462276459 0.0436601668596268 0.0529267776757479 0.0983423702418804 0.11319355070591 0.144805370271206 0.205392682552338 0.285943281650543 0.285323894023895 0.253998044133186 0.264656621217728 0.290967872738838 0.312744623422623 0.320797312259674 0.328147059679031 0.346558749675751 0.312973803281784 0.299776101112366 0.325876945257187 0.346522468328476 0.316331458091736 0.283634993433952 0.283316031098366 0.292447984218597 0.312684834003448 0.324453938007355 0.338450014591217 0.347079050540924 0.334897547960281 0.322636663913727
-9999 -9999 -9999 -9999 -9999 -9999 -9999 -9999 -9999 -9999 -9999 -9999 -9999 -9999 -9999 -9999 -9999 -9999 -9999 -9999 -9999 -9999 -9999 -9999 -9999 0.0924728646874428 0.105628898739815 0.0446618545800447 0.0468033663928509 0.0870614901185036 0.11826101988554 0.165980480611324 0.213577920198441 0.29242194890976 0.272194683551788 0.241907861828804 0.244313934445381 0.251369395852089 0.26401903629303 0.276329129934311 0.287922713160515 0.316184729337692 0.257337847352028 0.240621253848076 0.246066328883171 0.233687415719032 0.258505010604858 0.259513622522354 0.268646419048309 0.276838690042496 0.278156387805939 0.295604974031448 0.30942656993866 0.32018541097641 0.307002592086792 0.295210644602776
-9999 -9999 -9999 -9999 -9999 -9999 -9999 -9999 -9999 -9999 -9999 -9999 -9999 -9999 -9999 -9999 -9999 -9999 -9999 -9999 -9999 -9999 -9999 -9999 -9999 0.0978217229247093 0.0896628856658936 0.0526204563677311 0.0418950691819191 0.0777514774352312 0.117359622567892 0.161407676339149 0.236894714832306 0.289101785421371 0.258542433381081 0.22449434697628 0.225008231401443 0.229490303993225 0.240314173698425 0.252309811115265 0.265610077977181 0.270982539653778 0.1954206854105 0.180152659118176 0.195349758863449 0.220891454815865 0.226746395230293 0.227740281820297 0.244392156600952 0.252873915433884 0.25394449532032 0.266204595565796 0.279952827095985 0.300205612182617 0.288376703858376 0.277227014303207
-9999 -9999 -9999 -9999 -9999 -9999 -9999 -9999 -9999 -9999 -9999 -9999 -9999 -9999 -9999 -9999 -9999 -9999 -9999 -9999 -9999 -9999 -9999 -9999 -9999 0.0896861836314201 0.0807647407054901 0.049618573486805 0.0368666773661971 0.0719166483730078 0.107817172259092 0.153647819161415 0.218896874785423 0.271298038959503 0.245913952589035 0.218856057524681 0.217022052407265 0.215341421961784 0.219821298122406 0.235930636525154 0.248460242152214 0.219916433095932 0.16036824285984 0.163286936283112 0.189578449726105 0.207402604818344 0.222811979055405 0.217741575837135 0.227597314119339 0.224385789036751 0.231094110012054 0.247787535190582 0.259993585944176 0.284692168235779 0.272409525513649 0.262552997469902
-9999 -9999 -9999 -9999 -9999 -9999 -9999 -9999 -9999 -9999 -9999 -9999 -9999 -9999 -9999 -9999 -9999 -9999 -9999 -9999 -9999 -9999 -9999 -9999 -9999 0.0876079618930817 0.0772544555366039 0.0429148100316524 0.0337302468717098 0.0622133985161781 0.0946803562343121 0.129585289955139 0.17468381524086 0.202828329801559 0.224861177802086 0.212741908431053 0.203170770406723 0.178149536252022 0.172993487119675 0.2064343303442 0.217963552474976 0.183617401123047 0.14862684160471 0.152371202409267 0.169966286420822 0.199304154515266 0.201232832670212 0.197449713945389 0.204886135458946 0.206629675626755 0.211167806386948 0.228851869702339 0.24922077357769 0.27513003051281 0.262510725855827 0.251536217331886
-9999 -9999 -9999 -9999 -9999 -9999 -9999 -9999 -9999 -9999 -9999 -9999 -9999 -9999 -9999 -9999 -9999 -9999 -9999 -9999 -9999 -9999 -9999 -9999 -9999 0.091475011408329 0.0803757011890411 0.0460875630378723 0.0289896322414279 0.0544357310980558 0.0810957439243793 0.105485805124044 0.1292953774333 0.157406035065651 0.169558095932007 0.161644312739372 0.167453554272652 0.153332632780075 0.15228047221899 0.205491390824318 0.206592917442322 0.178335201740265 0.14375811368227 0.141956949234009 0.163514477014542 0.185961011052132 0.187922498583794 0.177564610540867 0.18529786169529 0.186445942521095 0.1958944439888 0.215011942386627 0.232796749472618 0.258206295967102 0.254470017552376 0.244538187980652
-9999 -9999 -9999 -9999 -9999 -9999 -9999 -9999 -9999 -9999 -9999 -9999 -9999 -9999 -9999 -9999 -9999 -9999 -9999 -9999 -9999 -9999 -9999 -9999 -9999 0.0954078078269958 0.0766819313168526 0.0524286039173603 0.0230597028508782 0.0437437776476145 0.0774135388433933 0.0960720464587212 0.112876660376787 0.128943718969822 0.146401365101337 0.168514263629913 0.160354852676392 0.151068320870399 0.1644676476717 0.205180022120476 0.217541241645813 0.188551670312881 0.143000458180904 0.13963650316 0.154158905148506 0.173669597506523 0.172344629466534 0.161710068583488 0.169345746934414 0.175919803977013 0.186902937293053 0.206616321206093 0.208721053600311 0.253111466765404 0.245096626877785 0.240431728959084
-9999 -9999 -9999 -9999 -9999 -9999 -9999 -9999 -9999 -9999 -9999 -9999 -9999 -9999 -9999 -9999 -9999 -9999 -9999 -9999 -9999 -9999 -9999 -9999 0.0740856505930424 0.0982136994600296 0.0764372870326042 0.049797785282135 0.0231601750478148 0.0327034652233124 0.0628187332302332 0.0881861388683319 0.107638152688742 0.114857552945614 0.131152123212814 0.148475280404091 0.142394696176052 0.135172644257545 0.146084520220757 0.193689781427383 0.214314541220665 0.192470929026604 0.146643708646297 0.137343542277813 0.149521581828594 0.166181501746178 0.157986442744732 0.152625867724419 0.166585770249367 0.184096768498421 0.202105689048767 0.212937220931053 0.220850643515587 0.245005828142166 0.216266795992851 0.194999253749847
