meets/meet004/_saidas_enm/ensemble_aver_Cavanillesia_umbellata_CCSM_6k_Gower.asc
NCOLS 154 
NROWS 168 
XLLCORNER -112 
YLLCORNER -55.5 
CELLSIZE 0.5 
NODATA_value -9999 
[rows 104 to 129 of 168, columns 58 to 115 of 154]
-9999 -9999 -9999 -9999 -9999 -9999 -9999 -9999 -9999 -9999 -9999 -9999 -9999 -9999 -9999 -9999 -9999 -9999 -9999 -9999 -9999 -9999 -9999 -9999 -9999 0.345228779315948 0.438473236560822 0.184833101183176 0 0 0 0 0 0 0.016548665612936 0.13974124789238 0.336294853687286 0.40262678861618 0.391826283931732 0.401382499933243 0.402662771940231 0.39796501994133 0.377073794603348 0.360932183265686 0.407379347085953 0.457585138082504 0.492893087863922 0.514678132534027 0.510758423805237 0.532821464538574 0.532358551025391 0.53086519241333 0.530100977420807 0.519650804996491 0.527808558940887 0.535990273952484 0.534556579589844 0.526238763332367
-9999 -9999 -9999 -9999 -9999 -9999 -9999 -9999 -9999 -9999 -9999 -9999 -9999 -9999 -9999 -9999 -9999 -9999 -9999 -9999 -9999 -9999 -9999 -9999 -9999 0.355092751979828 0.448610353469849 0.141411140561104 0 0 0 0 0 0 0.0278184369206429 0.183814326301217 0.348612654209137 0.370780611038208 0.37528361082077 0.382076948881149 0.377368694543838 0.37773352265358 0.371847945451736 0.373544263839722 0.422843551635742 0.452990072965622 0.483531260490418 0.518465185165405 0.515214669704437 0.521079897880554 0.5151411652565 0.509776127338409 0.512635308504105 0.503821265697479 0.516307723522186 0.530975437164307 0.536003077030182 0.531207728385925
-9999 -9999 -9999 -9999 -9999 -9999 -9999 -9999 -9999 -9999 -9999 -9999 -9999 -9999 -9999 -9999 -9999 -9999 -9999 -9999 -9999 -9999 -9999 -9999 -9999 0.427198433876038 0.412617218494415 0.0871056686621159 0 0 0 0 0 0 0.0400526752695441 0.233414827287197 0.348371291160584 0.370415282249451 0.382073360681534 0.36405565738678 0.365064585208893 0.37230406999588 0.386932092905045 0.424750393629074 0.438478451967239 0.473574739694595 0.503525727987289 0.523173809051514 0.551546776294708 0.537484514713287 0.518664157390594 0.509615296125412 0.503956359624863 0.512952870130539 0.517204213142395 0.521879827976227 0.528538870811462 0.529887890815735
-9999 -9999 -9999 -9999 -9999 -9999 -9999 -9999 -9999 -9999 -9999 -9999 -9999 -9999 -9999 -9999 -9999 -9999 -9999 -9999 -9999 -9999 -9999 -9999 -9999 0.501839530467987 0.341988143324852 0.0506859458982944 0 0 0 0 0 0 0.0500844515860081 0.242437738180161 0.357545304298401 0.365693837404251 0.371139812469482 0.358859640359879 0.353603953123093 0.356198185682297 0.371365946531296 0.412568962574005 0.425333935022354 0.458185195922852 0.493827748298645 0.525459945201874 0.55565869808197 0.539336681365967 0.521261465549469 0.509728109836578 0.506326127052307 0.514838707447052 0.513810950517654 0.516012573242188 0.52103545665741 0.522337484359741
-9999 -9999 -9999 -9999 -9999 -9999 -9999 -9999 -9999 -9999 -9999 -9999 -9999 -9999 -9999 -9999 -9999 -9999 -9999 -9999 -9999 -9999 -9999 -9999 -9999 0.488139230012894 0.28725990653038 0.0236931167542934 0 0 0 0 0 0 0.0687356233596802 0.236374738812447 0.372755587100983 0.370450234413147 0.357830482721329 0.34286362528801 0.334135919809341 0.333938068151474 0.341025686264038 0.350344491004944 0.390756011009216 0.418612045049667 0.456773406267166 0.510440850257874 0.532964754104614 0.528725051879883 0.512284809350967 0.505187720060349 0.512605595588684 0.515868771076202 0.513378262519836 0.509640264511108 0.512231159210205 0.516711485385895
-9999 -9999 -9999 -9999 -9999 -9999 -9999 -9999 -9999 -9999 -9999 -9999 -9999 -9999 -9999 -9999 -9999 -9999 -9999 -9999 -9999 -9999 -9999 -9999 -9999 0.426975506544113 0.229027570784092 0.018461687117815 0 0 0 0 0 0 0.10493779592216 0.280490326881409 0.429917591810226 0.391668766736984 0.356614607572556 0.340327161550522 0.331759631633759 0.323852610588074 0.330456310510635 0.340450340509415 0.372418028116226 0.403674000501633 0.4405632853508 0.483842301368713 0.505801355838776 0.511619710922241 0.501934796571732 0.502732825279236 0.512197613716125 0.515652728080749 0.509887903928757 0.503266167640686 0.505610555410385 0.51241529583931
-9999 -9999 -9999 -9999 -9999 -9999 -9999 -9999 -9999 -9999 -9999 -9999 -9999 -9999 -9999 -9999 -9999 -9999 -9999 -9999 -9999 -9999 -9999 -9999 0.462822824716568 0.366471603512764 0.184036016091704 0.0186049424111843 0 0 0 0 0 0.0023816746295779 0.164806368015707 0.372851377725601 0.501909708976746 0.421882003545761 0.364468365907669 0.349711275100708 0.350530809164047 0.338909983634949 0.353486531972885 0.365257948637009 0.395217883586884 0.424943369626999 0.456375288963318 0.475630766153336 0.487243258953095 0.502249675989151 0.500016939640045 0.509123057126999 0.51800047159195 0.520275712013245 0.511075478792191 0.498959851264954 0.5001429438591 0.512745934724808
-9999 -9999 -9999 -9999 -9999 -9999 -9999 -9999 -9999 -9999 -9999 -9999 -9999 -9999 -9999 -9999 -9999 -9999 -9999 -9999 -9999 -9999 -9999 -9999 0.424952298402786 0.278484296798706 0.121486904472113 0.0208417922258377 0 0 0 0 0 0.0649480372667313 0.261700838804245 0.481746524572372 0.490913647413254 0.446967351436615 0.401650381088257 0.374819928407669 0.372527772188187 0.364519202709198 0.377992063760757 0.392900514602661 0.415455269813538 0.434355783462524 0.457106733322144 0.478466248512268 0.490111398696899 0.49759584069252 0.499482572078705 0.505468416213989 0.514954209327698 0.516603410243988 0.509021896123886 0.499892860651016 0.503156155347824 0.51587427854538
-9999 -9999 -9999 -9999 -9999 -9999 -9999 -9999 -9999 -9999 -9999 -9999 -9999 -9999 -9999 -9999 -9999 -9999 -9999 -9999 -9999 -9999 -9999 -9999 0.371278309822083 0.167392966710031 0.0588135413825512 0.0157672584056854 0 0 0 0 0.0489395260810852 0.170939593017101 0.365642330050468 0.478945082426071 0.459678679704666 0.466286224126816 0.443374574184418 0.423991686105728 0.413028925657272 0.404730451107025 0.411737388372421 0.413283109664917 0.428887403011322 0.44132559299469 0.452513337135315 0.47544367313385 0.491052323579788 0.497484564781189 0.498470574617386 0.507485902309418 0.516043055057526 0.518487977981567 0.515456819534302 0.507683092355728 0.511947131156921 0.501542055606842
-9999 -9999 -9999 -9999 -9999 -9999 -9999 -9999 -9999 -9999 -9999 -9999 -9999 -9999 -9999 -9999 -9999 -9999 -9999 -9999 -9999 -9999 -9999 -9999 0.306000909209251 0.0659910902380943 0.00169178508222103 0 0.0079194962978363 0.0109297670423985 0.0221161000430584 0.0656726993620396 0.151516833901405 0.30182913839817 0.463031983375549 0.477027440071106 0.456155669689178 0.47571028470993 0.495501792430878 0.482529377937317 0.460629600286484 0.451204508543015 0.46848526597023 0.481546437740326 0.464441102743149 0.442507129907608 0.444173741340637 0.463620793819428 0.485903441905975 0.495676577091217 0.503219044208527 0.512364965677261 0.51998143196106 0.52573858499527 0.526466453075409 0.511080396175384 0.483729457855225 0.436137026548386
-9999 -9999 -9999 -9999 -9999 -9999 -9999 -9999 -9999 -9999 -9999 -9999 -9999 -9999 -9999 -9999 -9999 -9999 -9999 -9999 -9999 -9999 -9999 0.565700715780258 0.24137027412653 0.00158203970640898 0 0 0.0182914905250072 0.049036617949605 0.0988963682204485 0.183507202938199 0.286510661244392 0.422302722930908 0.550245326757431 0.490798783302307 0.463343167304993 0.507491278648377 0.56234233379364 0.51152058839798 0.500385099649429 0.505151230096817 0.525623726844788 0.565280950069427 0.508122956752777 0.453016591072083 0.436556124687195 0.453438001871109 0.479633319377899 0.495779925584793 0.507326090335846 0.518471705913544 0.526285874843597 0.534552347660065 0.519095408916473 0.467920297384262 0.427989059686661 0.376039922237396
-9999 -9999 -9999 -9999 -9999 -9999 -9999 -9999 -9999 -9999 -9999 -9999 -9999 -9999 -9999 -9999 -9999 -9999 -9999 -9999 -9999 -9999 -9999 0.438004106283188 0.182718333974481 0.00500363223254681 0 0 0.0306008324027061 0.0932219441980124 0.193341232091188 0.307666140794754 0.393296504020691 0.494000685214996 0.576082789897919 0.535364079475403 0.507110565900803 0.518120837211609 0.553500497341156 0.52597188949585 0.514254522323608 0.516704189777374 0.552740633487701 0.575256931781769 0.521161079406738 0.464395254850388 0.445651608705521 0.451320391893387 0.48351217508316 0.495043110847473 0.50534331202507 0.518074488639832 0.527993357181549 0.518693095445633 0.473291116952896 0.421440708637238 0.382005578279495 0.332806992530823
-9999 -9999 -9999 -9999 -9999 -9999 -9999 -9999 -9999 -9999 -9999 -9999 -9999 -9999 -9999 -9999 -9999 -9999 -9999 -9999 -9999 -9999 -9999 0.381099456548691 0.152651312947273 0.00876443199813366 0 0 0.0475633922964335 0.140504087507725 0.289840185642242 0.40425306558609 0.464782553911209 0.524756556749344 0.559623682498932 0.543037664890289 0.521517956256866 0.547557556629181 0.548817336559296 0.524517476558685 0.501468288898468 0.505735021829605 0.54528294801712 0.581791663169861 0.52087961435318 0.460836148262024 0.445104688405991 0.458023965358734 0.488032442331314 0.494242388010025 0.502298468351364 0.515815496444702 0.518806117773056 0.488936591148376 0.437349909543991 0.380648154020309 0.339416927099228 0.287091651558876
-9999 -9999 -9999 -9999 -9999 -9999 -9999 -9999 -9999 -9999 -9999 -9999 -9999 -9999 -9999 -9999 -9999 -9999 -9999 -9999 -9999 -9999 -9999 0.355611768364906 0.141142709553242 0.00982855297625065 0 0.00158708728849888 0.0613390311598778 0.184414903819561 0.359940704703331 0.459398281574249 0.506364810466766 0.520111101865768 0.532065153121948 0.519762021303177 0.510854208469391 0.539799463748932 0.556172060966492 0.521871650218964 0.484391003847122 0.471076679229736 0.485823535919189 0.497050714492798 0.476799124479294 0.453187662363052 0.451448196172714 0.461510986089706 0.478957837820053 0.489087349176407 0.501202583312988 0.517586481571197 0.51143251657486 0.460727554559708 0.40654644370079 0.351422393321991 0.311741441488266 0.262409049272537
-9999 -9999 -9999 -9999 -9999 -9999 -9999 -9999 -9999 -9999 -9999 -9999 -9999 -9999 -9999 -9999 -9999 -9999 -9999 -9999 -9999 -9999 -9999 0.353135240077972 0.134038700163364 0.00518819931894541 0 0.00511963674798608 0.0694986596703529 0.22786663621664 0.410101723670959 0.484949749708176 0.522204756736755 0.505855429172516 0.493209391832352 0.460842996835709 0.46933000087738 0.526008766889572 0.545669984817505 0.522723197937012 0.463018947839737 0.443798291683197 0.446682697534561 0.437452620267868 0.450933676958084 0.448424857854843 0.453852766752243 0.465192770957947 0.471242123842239 0.485588049888611 0.499062424898148 0.515611517429352 0.487575513124466 0.44137961268425 0.388334316015244 0.332001066207886 0.29229191839695 0.237922441959381
-9999 -9999 -9999 -9999 -9999 -9999 -9999 -9999 -9999 -9999 -9999 -9999 -9999 -9999 -9999 -9999 -9999 -9999 -9999 -9999 -9999 -9999 -9999 0.313844296336174 0.112846557796001 0.00171340145170689 0 0.0101117447018623 0.0969630446285009 0.25711675286293 0.431166446208954 0.500968050956726 0.520307356119156 0.488648557662964 0.462290573120117 0.43010960817337 0.432882952690125 0.473259299993515 0.514885693788528 0.49757804274559 0.429787105321884 0.404923295974731 0.415889894962311 0.436922615766525 0.439229488372803 0.438652098178864 0.450196468830109 0.460270541906357 0.466365611553192 0.479029160737991 0.491524010896683 0.505448687076569 0.477689224481583 0.427759993076324 0.374294471740723 0.32131997346878 0.283310669660568 0.23615058362484
-9999 -9999 -9999 -9999 -9999 -9999 -9999 -9999 -9999 -9999 -9999 -9999 -9999 -9999 -9999 -9999 -9999 -9999 -9999 -9999 -9999 -9999 -9999 0.295940181612968 0.0962826978415251 0 0 0.0122330401092768 0.108288359642029 0.269861418008804 0.433242863416672 0.495495414733887 0.502840346097946 0.471455043554306 0.446026426553726 0.409792590141296 0.404230731725693 0.432690978050232 0.471950799226761 0.469906061887741 0.407622009515762 0.395372706651688 0.422789520025253 0.435576260089874 0.445591807365417 0.441915535926819 0.44957669377327 0.451613634824753 0.46036017537117 0.474139714241028 0.482560867071152 0.496968388557434 0.464349114894867 0.420039999485016 0.376347404718399 0.320344975590706 0.281310728192329 0.233974432945251
-9999 -9999 -9999 -9999 -9999 -9999 -9999 -9999 -9999 -9999 -9999 -9999 -9999 -9999 -9999 -9999 -9999 -9999 -9999 -9999 -9999 -9999 -9999 0.281729450821877 0.080010761320591 0 0 0.0054891362786293 0.0981126379221678 0.260299934446812 0.412673527002335 0.456817543506622 0.468946027755737 0.44077827334404 0.413344776630402 0.391597443819046 0.384381628036499 0.391608566045761 0.421259564161301 0.444453114271164 0.406089729070663 0.397977185249329 0.41460679769516 0.439685869216919 0.438940471410751 0.43443723320961 0.440557658672333 0.446090060472488 0.453080540895462 0.464299499988556 0.477011603116989 0.488728713989258 0.46374089717865 0.416320759057999 0.371335971355438 0.326340007781982 0.286880975961685 0.245998162031174
-9999 -9999 -9999 -9999 -9999 -9999 -9999 -9999 -9999 -9999 -9999 -9999 -9999 -9999 -9999 -9999 -9999 -9999 -9999 -9999 -9999 -9999 -9999 0.270051628351212 0.0724690988659859 0 0 0.000293073267675936 0.0815705612301827 0.238425055146217 0.378722453117371 0.424205583333969 0.431749838590622 0.404160511493683 0.382738012075424 0.364373847842216 0.357809060811996 0.36623318195343 0.389897465705872 0.436083382368088 0.411774510145187 0.40011323094368 0.423063415288925 0.441137742996216 0.438654279708862 0.426457983255386 0.431061881780624 0.435675197839737 0.441727113723755 0.453937786817551 0.464206111431122 0.470993560552597 0.457772463560104 0.420747840404511 0.380940240621567 0.335171592235565 0.295771911740303 0.253278037905693
-9999 -9999 -9999 -9999 -9999 -9999 -9999 -9999 -9999 -9999 -9999 -9999 -9999 -9999 -9999 -9999 -9999 -9999 -9999 -9999 -9999 -9999 -9999 0.254479178786278 0.0620596513152123 0 0 0 0.0648327797651291 0.20415803566575 0.353555861115456 0.397497618198395 0.40677136182785 0.373911070823669 0.35877138376236 0.337663412094116 0.33942506313324 0.360001599788666 0.382462579011917 0.436974239349365 0.420133525133133 0.410469019412994 0.427927774190903 0.445195513963699 0.437728869915009 0.42098217010498 0.423733818531036 0.426731288433075 0.431552416086197 0.44595650434494 0.445129263401031 0.455383682250977 0.44873566031456 0.425712805986404 0.389421802759171 0.342634564638138 0.309493547677994 0.261928567290306
-9999 -9999 -9999 -9999 -9999 -9999 -9999 -9999 -9999 -9999 -9999 -9999 -9999 -9999 -9999 -9999 -9999 -9999 -9999 -9999 -9999 -9999 0.343121096491814 0.227778686583042 0.048479975387454 0 0 0 0.0374415677040815 0.16367802284658 0.328704318404198 0.384953963756561 0.399819326400757 0.374944716691971 0.362991294264793 0.350137379765511 0.355899342894554 0.382425248622894 0.409403777122498 0.445240539312363 0.428098797798157 0.420310235023499 0.43159384727478 0.443278282880783 0.430753594636917 0.419455605745316 0.425416135787964 0.436230576038361 0.443874073028564 0.447464191913605 0.445550191402435 0.44786593914032 0.45120375752449 0.439059370756149 0.403874933719635 0.358606576919556 0.325424614548683 0.27797249853611
-9999 -9999 -9999 -9999 -9999 -9999 -9999 -9999 -9999 -9999 -9999 -9999 -9999 -9999 -9999 -9999 -9999 -9999 -9999 -9999 -9999 -9999 0.32718548476696 0.203238809853792 0.0305881485342979 0 0 0 0.0122777834534645 0.128962608426809 0.309187984466553 0.356906050443649 0.376402723789215 0.381499022245407 0.378381127119064 0.369570481777191 0.383022153377533 0.420118743181229 0.454667723178864 0.460431283712387 0.443605375289917 0.435960066318512 0.440779429674149 0.439624714851379 0.429206746816635 0.420509231090546 0.426804369688034 0.442316907644272 0.460170692205429 0.449708962440491 0.445663249492645 0.450898307561874 0.459034782648087 0.461110508441925 0.428071069717407 0.378542685508728 0.339150214195251 0.279698705673218
-9999 -9999 -9999 -9999 -9999 -9999 -9999 -9999 -9999 -9999 -9999 -9999 -9999 -9999 -9999 -9999 -9999 -9999 -9999 -9999 -9999 -9999 0.297086188197136 0.146664257347584 0.0145238295197487 0 0 0 0.00630077477544546 0.11164181008935 0.291132920980454 0.347315812110901 0.36672967672348 0.371281450986862 0.374682706594467 0.371575403213501 0.389604091644287 0.429907542467117 0.455890452861786 0.455113506317139 0.43461480140686 0.424663323163986 0.425238764286041 0.425581711530685 0.415386784076691 0.410233569145203 0.415804147720337 0.424612563848495 0.430902743339539 0.424352777004242 -9999 -9999 -9999 0.338496214151382 0.295399186015129 0.318074518442154 0.290818732976913 -9999
-9999 -9999 -9999 -9999 -9999 -9999 -9999 -9999 -9999 -9999 -9999 -9999 -9999 -9999 -9999 -9999 -9999 -9999 -9999 -9999 -9999 0.389175742864609 0.245069086551666 0.0949787814170122 0 0 0 0 0.00456126797944307 0.102970634400845 0.276847225427628 0.34776371717453 0.36076728105545 0.367726546525955 0.375178790092468 0.382417315244675 0.397762370109558 0.421095877885818 0.433688414096832 0.432262754440308 0.42007138133049 0.409448665380478 0.405748063325882 0.403033739328384 0.391366600990295 0.386905831098557 0.385508728027344 0.383956575393677 0.389857888221741 0.386384582519531 0.387592631578445 -9999 -9999 -9999 -9999 -9999 -9999 -9999
-9999 -9999 -9999 -9999 -9999 -9999 -9999 -9999 -9999 -9999 -9999 -9999 -9999 -9999 -9999 -9999 -9999 -9999 -9999 -9999 -9999 0.336342912912369 0.16831668894738 0.0397931290790439 0 0 0 0 0.00787689108401537 0.100324445590377 0.260427065193653 0.357423478364944 0.363451135158539 0.354862678050995 0.358950161933899 0.366889110207558 0.378732883930206 0.398926937580109 0.409243911504745 0.399244320392609 0.379815894365311 0.367699253559113 0.359957659244537 0.35490785241127 0.343867769837379 0.33691743016243 0.335274520516396 0.336498740315437 0.342002075910568 0.343560999631882 0.355941253900528 -9999 -9999 -9999 -9999 -9999 -9999 -9999
-9999 -9999 -9999 -9999 -9999 -9999 -9999 -9999 -9999 -9999 -9999 -9999 -9999 -9999 -9999 -9999 -9999 -9999 -9999 -9999 0.368666553497314 0.277384340763092 0.0981576770544052 0 0 0 0 0 0.00646309703588486 0.0967091863974929 0.255004853010178 0.349955797195435 0.347413402795792 0.330592453479767 0.339464339613914 0.346915870904922 0.357572504878044 0.37423682808876 0.3866550385952 0.36485832631588 0.337811544537544 0.320516255497932 0.313155320286751 0.301541802287102 0.294022998213768 0.283563113212585 0.28184609413147 0.287233930826187 0.292915025353432 0.304991149902344 0.321958455443382 0.371022480726242 -9999 -9999 -9999 -9999 -9999 -9999
