meets/meet004/_saidas_enm/ensemble_aver_Aralia_warmingiana_CCSM_21k_SVM.asc
NCOLS 154 
NROWS 168 
XLLCORNER -112 
YLLCORNER -55.5 
CELLSIZE 0.5 
NODATA_value -9999 
[rows 100 to 124 of 168, columns 56 to 111 of 154]
-9999 -9999 -9999 -9999 -9999 -9999 -9999 -9999 -9999 -9999 -9999 -9999 -9999 -9999 -9999 -9999 -9999 -9999 -9999 -9999 -9999 -9999 -9999 -9999 -9999 -9999 -9999 -9999 0.0886384442448616 0.104439157247543 0.050841492600739 0.0526127099990845 0.0632157012820244 0.0668928600847721 0.0633109763264656 0.0553165569901466 0.0435177057981491 0.0396059349179268 0.0428594203665853 0.130401485227048 0.420492580533028 0.651497107744217 0.558904761075974 0.38305344581604 0.343960136175156 0.367022430896759 0.393138027191162 0.416965210437775 0.490194863080978 0.569533139467239 0.649517261981964 0.705750155448914 0.748389601707458 0.802674496173859 0.859528338909149 0.903527522087097
-9999 -9999 -9999 -9999 -9999 -9999 -9999 -9999 -9999 -9999 -9999 -9999 -9999 -9999 -9999 -9999 -9999 -9999 -9999 -9999 -9999 -9999 -9999 -9999 -9999 -9999 -9999 -9999 0.089202244579792 0.100319326668978 0.0490536630153656 0.0531233996152878 0.0601789832115173 0.0634871780872345 0.0609442859888077 0.0541089043021202 0.0392171934247017 0.0351926654577255 0.044802043447271 0.160201998800039 0.435584223270416 0.538235771656036 0.391460251808167 0.253128397464752 0.263811835646629 0.310550248622894 0.319314205646515 0.337774127721786 0.431834417581558 0.532986605167389 0.679268729686737 0.725034022331238 0.768933093547821 0.827703619003296 0.879397010803223 0.923203229904175
-9999 -9999 -9999 -9999 -9999 -9999 -9999 -9999 -9999 -9999 -9999 -9999 -9999 -9999 -9999 -9999 -9999 -9999 -9999 -9999 -9999 -9999 -9999 -9999 -9999 -9999 -9999 0.103725819289684 0.0897873386740684 0.100952276587486 0.0476013816893101 0.0510252669453621 0.0577109634876251 0.060958905518055 0.0591362163424492 0.051474067568779 0.0361698478460312 0.0306515272706747 0.0544596308842301 0.211681991815567 0.428044185042381 0.41209217607975 0.253030300140381 0.152668812870979 0.194647610187531 0.260027080774307 0.280178764462471 0.310089772939682 0.389449012279511 0.483131140470505 0.610525834560394 0.688482546806335 0.736089766025543 0.804228281974792 0.879707717895508 0.927803444862366
-9999 -9999 -9999 -9999 -9999 -9999 -9999 -9999 -9999 -9999 -9999 -9999 -9999 -9999 -9999 -9999 -9999 -9999 -9999 -9999 -9999 -9999 -9999 -9999 -9999 -9999 -9999 0.101431065052748 0.0928094893693924 0.101311568170786 0.0446080271154642 0.0498931631445885 0.0562940642237663 0.0598778620362282 0.0585872054100037 0.0511638164520264 0.0334519140422344 0.0313476365059614 0.0731770630925894 0.25510506182909 0.391511443257332 0.314276188611984 0.172679398953915 0.102852161228657 0.159740518033504 0.232936236262321 0.263356578350067 0.293266651034355 0.358997592329979 0.447442579269409 0.558945691585541 0.654307079315186 0.69552298784256 0.780227899551392 0.879078543186188 0.935338294506073
-9999 -9999 -9999 -9999 -9999 -9999 -9999 -9999 -9999 -9999 -9999 -9999 -9999 -9999 -9999 -9999 -9999 -9999 -9999 -9999 -9999 -9999 -9999 -9999 -9999 -9999 -9999 0.105471907556057 0.101220168173313 0.0985989689826965 0.0434537194669247 0.0499394781887531 0.0576445817947388 0.0611297443509102 0.0591399967670441 0.0489871487021446 0.0314777664840221 0.0424352653324604 0.108586384449154 0.304699218180031 0.391904979944229 0.283814001083374 0.174529699981213 0.121074982732534 0.155959613621235 0.220851436257362 0.254706355929375 0.291785460710526 0.344438716769218 0.426107496023178 0.54126917719841 0.625465768575668 0.720130550861359 0.805936992168427 0.882995200157165 0.94289174079895
-9999 -9999 -9999 -9999 -9999 -9999 -9999 -9999 -9999 -9999 -9999 -9999 -9999 -9999 -9999 -9999 -9999 -9999 -9999 -9999 -9999 -9999 -9999 -9999 -9999 -9999 -9999 0.117160238325596 0.113525573909283 0.0869011059403419 0.0413797959685326 0.0537445813417435 0.0613260813057423 0.0635035693645477 0.0597602695226669 0.0465988516807556 0.0313691578805447 0.0550463913939893 0.140475709550083 0.327305778115988 0.355478096008301 0.246948719024658 0.170745038986206 0.129420647025108 0.147824613749981 0.193087069690228 0.21982294023037 0.264452281594276 0.31632454097271 0.377969270944595 0.481172567605972 0.578251123428345 0.694857609272003 0.797247099876404 0.876820921897888 0.938187789916992
-9999 -9999 -9999 -9999 -9999 -9999 -9999 -9999 -9999 -9999 -9999 -9999 -9999 -9999 -9999 -9999 -9999 -9999 -9999 -9999 -9999 -9999 -9999 -9999 -9999 -9999 -9999 0.141701391339302 0.12103329449892 0.0690905705094337 0.0459829412400723 0.0602479971945286 0.0663985341787338 0.066953818500042 0.0603444010019302 0.0450844913721085 0.0336012147367001 0.0627701707184315 0.168833499029279 0.349684584140778 0.307710689306259 0.2107716396451 0.155023513734341 0.123230564594269 0.1381456784904 0.152880145609379 0.190553919970989 0.231761422753334 0.270642277598381 0.322737517952919 0.377374312281609 0.486097955703735 0.623693615198135 0.746303105354309 0.836569750308991 0.893070125579834
-9999 -9999 -9999 -9999 -9999 -9999 -9999 -9999 -9999 -9999 -9999 -9999 -9999 -9999 -9999 -9999 -9999 -9999 -9999 -9999 -9999 -9999 -9999 -9999 -9999 -9999 -9999 0.166048702597618 0.117657434940338 0.0588336618617177 0.0539309300482273 0.0655676297843456 0.0696797370910645 0.0681585177779198 0.0616424903273582 0.0466308191418648 0.0359594024717808 0.0693118426948786 0.193856821817462 0.35708270072937 0.264725911617279 0.173643743991852 0.135652948915958 0.120510133355856 0.134229820221663 0.154443183541298 0.191716432571411 0.222894130647182 0.252614200115204 0.285390391945839 0.32078569829464 0.412496641278267 0.543130028247833 0.67520979642868 0.785725092887878 0.852585780620575
-9999 -9999 -9999 -9999 -9999 -9999 -9999 -9999 -9999 -9999 -9999 -9999 -9999 -9999 -9999 -9999 -9999 -9999 -9999 -9999 -9999 -9999 -9999 -9999 -9999 -9999 -9999 0.177428321540356 0.107713072001934 0.0551475707441568 0.0603959418833256 0.0668254513293505 0.0699547678232193 0.0674987927079201 0.0608970388770103 0.0491118013858795 0.0349755242466927 0.0772825967520475 0.223288418352604 0.343436297774315 0.213322487473488 0.137818586826324 0.121081000566483 0.119426614791155 0.141111570596695 0.175988972187042 0.201540017127991 0.238533583283424 0.255541506409645 0.259736889600754 0.283984591066837 0.36117662191391 0.484248638153076 0.60288667678833 0.712969589233398 0.802075564861298
-9999 -9999 -9999 -9999 -9999 -9999 -9999 -9999 -9999 -9999 -9999 -9999 -9999 -9999 -9999 -9999 -9999 -9999 -9999 -9999 -9999 -9999 -9999 -9999 -9999 -9999 -9999 0.165190222859383 0.0967694044113159 0.0559597976505756 0.0590980432927608 0.062704074382782 0.0630227193236351 0.061886066198349 0.0564802333712578 0.0442885383963585 0.0345942012965679 0.0936506953090429 0.2487229347229 0.290569648146629 0.166015550494194 0.102683305740356 0.10005421936512 0.10705883204937 0.126519457250834 0.157062324881554 0.184284509718418 0.210428611934185 0.226336227357388 0.236287976801395 0.265154488384724 0.331789812445641 0.43090432882309 0.537189626693726 0.643176966905594 0.738404273986816
-9999 -9999 -9999 -9999 -9999 -9999 -9999 -9999 -9999 -9999 -9999 -9999 -9999 -9999 -9999 -9999 -9999 -9999 -9999 -9999 -9999 -9999 -9999 -9999 -9999 -9999 0.14955075532198 0.146525441110134 0.0872085750102997 0.0552494399249554 0.0569791242480278 0.0542705409228802 0.0522724077105522 0.0528154537081718 0.0478336632251739 0.0376177951693535 0.0455054300371558 0.124636344611645 0.225758312642574 0.197820560634136 0.0904434561729431 0.061576459929347 0.0719223061576486 0.0844798136502504 0.0967578899115324 0.117793621867895 0.133559845387936 0.154256474971771 0.174398665130138 0.208680737018585 0.250543490052223 0.305304929614067 0.383793130517006 0.473317837715149 0.570525521039963 0.650822222232819
-9999 -9999 -9999 -9999 -9999 -9999 -9999 -9999 -9999 -9999 -9999 -9999 -9999 -9999 -9999 -9999 -9999 -9999 -9999 -9999 -9999 -9999 -9999 -9999 -9999 -9999 0.145420457422733 0.11867517977953 0.0708700016140938 0.0541730590164661 0.0526415660977364 0.048332741856575 0.0448096103966236 0.0455516546964645 0.0399063147604466 0.0350854136049747 0.071256860345602 0.159326846897602 0.183160804212093 0.107877734303474 0.0443679448217154 0.0258541147224605 0.0323922062292695 0.0429320636671036 0.0525325864553452 0.0667834365740418 0.08774648681283 0.118059733510017 0.146891482174397 0.180389852821827 0.224203698337078 0.285395979881287 0.361987522244453 0.447188711166382 0.515265953540802 0.591498076915741
-9999 -9999 -9999 -9999 -9999 -9999 -9999 -9999 -9999 -9999 -9999 -9999 -9999 -9999 -9999 -9999 -9999 -9999 -9999 -9999 -9999 -9999 -9999 -9999 -9999 -9999 0.138750986754894 0.0875308558344841 0.0588537592440844 0.0533761136233807 0.0557066187262535 0.045658103376627 0.0453483752906323 0.0418322343379259 0.0399278843775392 0.0542299266904593 0.118086309731007 0.162079685926437 0.111689378321171 0.0595441531389952 0.0227709986269474 0.0114492064341903 0.0107907570898533 0.0148669682443142 0.0206669041886926 0.0271403877995908 0.0508005342446268 0.0908178128302097 0.128226701915264 0.157111988961697 0.191040347516537 0.253446161746979 0.339589366316795 0.406154435873032 0.455451202392578 0.523502123355865
-9999 -9999 -9999 -9999 -9999 -9999 -9999 -9999 -9999 -9999 -9999 -9999 -9999 -9999 -9999 -9999 -9999 -9999 -9999 -9999 -9999 -9999 -9999 -9999 -9999 -9999 0.117256078124046 0.0723921632394195 0.0607594266533852 0.052059505879879 0.0447592683136463 0.0416252750903368 0.0430090446141548 0.0461841145530343 0.0735290512442589 0.116698051989079 0.14844518750906 0.121959689259529 0.0635941416025162 0.0429660782217979 0.0369419127702713 0.0229986631311476 0.0131454309914261 0.0109945502132177 0.0125535370782018 0.0154616097221151 0.0271525738760829 0.0636241022497415 0.103745293617249 0.133681227266788 0.164013202488422 0.212241989374161 0.27631461918354 0.33497286438942 0.377949053049088 0.42400529384613
-9999 -9999 -9999 -9999 -9999 -9999 -9999 -9999 -9999 -9999 -9999 -9999 -9999 -9999 -9999 -9999 -9999 -9999 -9999 -9999 -9999 -9999 -9999 -9999 -9999 0.199213728308678 0.0917944729328155 0.0717314784182236 0.0692876933142543 0.0490083746612072 0.0397708669304848 0.0377576075494289 0.0528000505641103 0.0867043387144804 0.126098950207233 0.151455260813236 0.137898434698582 0.0739832259714603 0.0388791631907225 0.0467200644314289 0.0651106033474207 0.0367830716073513 0.0247130493633449 0.0222013868391514 0.0245397047139704 0.0359221489168704 0.0161960909608752 0.0401932619512081 0.0807456135749817 0.107848870754242 0.130940906703472 0.167527036368847 0.206655213236809 0.250081863999367 0.289955744147301 0.320550692081451
-9999 -9999 -9999 -9999 -9999 -9999 -9999 -9999 -9999 -9999 -9999 -9999 -9999 -9999 -9999 -9999 -9999 -9999 -9999 -9999 -9999 -9999 -9999 -9999 -9999 0.147163344919682 0.0750783368945122 0.0663789715617895 0.0646121079102158 0.0457578159868717 0.0326234806329012 0.0359069643542171 0.0628147074952722 0.107193687558174 0.127173429727554 0.128918661177158 0.110018180310726 0.0696587391197681 0.0480628650635481 0.0466241139918566 0.0526024833321571 0.0382580406963825 0.0277016740292311 0.0252880876883864 0.0324047932401299 0.0326555133331567 0.00799266844987869 0.0179915179032832 0.0505093161016703 0.077918679267168 0.0973253816366196 0.126605142652988 0.154734508693218 0.185216468572617 0.21144332587719 0.227900558710098
-9999 -9999 -9999 -9999 -9999 -9999 -9999 -9999 -9999 -9999 -9999 -9999 -9999 -9999 -9999 -9999 -9999 -9999 -9999 -9999 -9999 -9999 -9999 -9999 -9999 0.125818461179733 0.0672413503983989 0.0647111304104328 0.0637108329683542 0.0408057615160942 0.0305144633166492 0.0318179538473487 0.0550031341612339 0.0829414263367653 0.0953991666436195 0.0987348213791847 0.0863286644220352 0.063083815574646 0.0499710259959102 0.0491701871156692 0.0442871730774641 0.0338740937411785 0.0229180335998535 0.0188166400417685 0.021974516287446 0.029012817889452 3.53623181581497e-06 0.00518169365823269 0.0296775634866208 0.0509403504431248 0.0667887933552265 0.0903983592987061 0.110524874925613 0.130487585067749 0.144106502830982 0.154638820886612
-9999 -9999 -9999 -9999 -9999 -9999 -9999 -9999 -9999 -9999 -9999 -9999 -9999 -9999 -9999 -9999 -9999 -9999 -9999 -9999 -9999 -9999 -9999 -9999 -9999 0.118049642443657 0.0674854461103678 0.0639567507430911 0.0604931715875864 0.0369859620928764 0.0206031823530793 0.0247591536957771 0.0389012850821018 0.0522965211421251 0.0720927082002163 0.0801221668720245 0.0692636802792549 0.0482475730357692 0.0397429075092077 0.0432562302798033 0.0453884279355407 0.0300146576017141 0.015794382058084 0.0083669361891225 0.00328782806172967 -0.0027484942227602 -0.00832903385162354 -0.000127986818552017 0.0166399289853871 0.0323843221180141 0.0456224240362644 0.0637511797249317 0.0769891522824764 0.0897528246045113 0.096659480035305 0.0955754861235619
-9999 -9999 -9999 -9999 -9999 -9999 -9999 -9999 -9999 -9999 -9999 -9999 -9999 -9999 -9999 -9999 -9999 -9999 -9999 -9999 -9999 -9999 -9999 -9999 -9999 0.113262946903706 0.0685397611930966 0.0660948708886281 0.0618303762748837 0.0352660432457924 0.0176481688336935 0.0193305809050798 0.0268955466337502 0.0390625490341336 0.0626554317772388 0.0729510702192783 0.0627240873873234 0.0424411285668611 0.0343245517462492 0.0401950741186738 0.0434761557728052 0.02696468308568 0.0109167764429003 0.00371083276113495 -0.00266256257891655 -0.00584070570766926 -0.00773739404976368 -0.00302459523081779 0.00708507657982409 0.0166875379160047 0.0287552180234343 0.0399243611842394 0.0493153549730778 0.0568972356617451 0.057969481498003 0.0565897352993488
-9999 -9999 -9999 -9999 -9999 -9999 -9999 -9999 -9999 -9999 -9999 -9999 -9999 -9999 -9999 -9999 -9999 -9999 -9999 -9999 -9999 -9999 -9999 -9999 -9999 0.105736276507378 0.0680154433473945 0.0680285735055804 0.0627156700007618 0.0360992297530174 0.0172352949739434 0.0165362026542425 0.0220575647428632 0.0357343640178442 0.058003207296133 0.0702017344534397 0.0590308774262667 0.0444613786414266 0.0368232522159815 0.0360362701117992 0.0344450037926435 0.0211212700232863 0.00934951165691018 0.00387184619903564 -0.000888251350261271 -0.00461521372199059 -0.00662909168750048 -0.00500286109745502 -9.3044713139534e-05 0.00756509648635983 0.0166746718809009 0.024775479035452 0.0301836551632732 0.034656678698957 0.0369485089555383 0.0361434934660792
-9999 -9999 -9999 -9999 -9999 -9999 -9999 -9999 -9999 -9999 -9999 -9999 -9999 -9999 -9999 -9999 -9999 -9999 -9999 -9999 -9999 -9999 -9999 -9999 -9999 0.101730759441853 0.0647862521931529 0.0701704114675522 0.066386404260993 0.0393533494323492 0.0184376830235124 0.014249074831605 0.0177541577257216 0.028546267747879 0.0466477897949517 0.0590726383030415 0.0505110891535878 0.0404615022242069 0.0342914503067732 0.0318771526217461 0.0292829252779484 0.0192317884415388 0.010525520570809 0.00589132867753506 0.000218245480209589 -0.00317971562908497 -0.00606853915378451 -0.00657776929438114 -0.00456549488008022 0.000242933956906199 0.00728753227740526 0.010837777517736 0.0146864577196538 0.0175405893707648 0.0180952087044716 0.0193529484793544
-9999 -9999 -9999 -9999 -9999 -9999 -9999 -9999 -9999 -9999 -9999 -9999 -9999 -9999 -9999 -9999 -9999 -9999 -9999 -9999 -9999 -9999 -9999 -9999 -9999 0.097014893591404 0.0623753818683326 0.070211149007082 0.0692961793392897 0.0449779260903597 0.0215634072199464 0.0159643933176994 0.0147561221383512 0.0176323611289263 0.027160108461976 0.033099727705121 0.0343976266682148 0.0313273154199123 0.0289322126656771 0.0278601009398699 0.0247998321428895 0.0182882400229573 0.0122851416934282 0.00748027954250574 0.00238681472837925 -0.00208552232943475 -0.0050137234327849 -0.00600674056913704 -0.00540329501964152 -0.00233538369648159 0.00101769082248211 0.00405112057924271 0.0048513462767005 0.00531897284090519 0.00693073887377977 0.00586937740445137
-9999 -9999 -9999 -9999 -9999 -9999 -9999 -9999 -9999 -9999 -9999 -9999 -9999 -9999 -9999 -9999 -9999 -9999 -9999 -9999 -9999 -9999 -9999 -9999 -9999 0.0929780974984169 0.0587272010743618 0.0700862914323807 0.0726570039987564 0.0511446345597506 0.0279406614601612 0.0206770635675639 0.0168940123403445 0.0157763662748039 0.0209232240915298 0.0256332341581583 0.0288321722298861 0.0282554339617491 0.02761948145926 0.0283361781388521 0.0253921747207642 0.019966983795166 0.0140595867298543 0.0094778016442433 0.00382543429732323 -0.000560553185641766 -0.00386434807442129 -0.0051041146973148 -0.00381218942347914 -0.00214740303345025 -3.19701619446278e-05 0.00156760681420565 0.00168407699093223 0.00627452898770571 0.00635207779705524 0.00875465096905828
-9999 -9999 -9999 -9999 -9999 -9999 -9999 -9999 -9999 -9999 -9999 -9999 -9999 -9999 -9999 -9999 -9999 -9999 -9999 -9999 -9999 -9999 -9999 -9999 -9999 0.0921456143260002 0.0585664692334831 0.0711937740445137 0.0755220640450716 0.0569494852796197 0.0369973592460155 0.028610110655427 0.0217282521538436 0.0179761998355389 0.0207238718867302 0.0256217334419489 0.0278333809226751 0.0288142066448927 0.0291063416749239 0.0292088765650988 0.0283204615116119 0.022562962770462 0.0163080397993326 0.0119572753086686 0.0068563868640922 0.00274516176432371 -0.00218901298940182 -0.00328976772725582 -0.00322403414174914 -0.000985523220151663 0.00230991030111909 0.000659262295812368 0.00566878337413073 0.0055190447717905 0.0073428101837635 0.020497290790081
-9999 -9999 -9999 -9999 -9999 -9999 -9999 -9999 -9999 -9999 -9999 -9999 -9999 -9999 -9999 -9999 -9999 -9999 -9999 -9999 -9999 -9999 -9999 -9999 0.102452431619167 0.0875464051961899 0.0566995521541685 0.0726856216788292 0.0782617785036564 0.0622879582457244 0.041205083951354 0.0323804896324873 0.026479491405189 0.0212678181007504 0.0207155983895063 0.0245305672287941 0.0262663304805756 0.0270943477749825 0.0277361080050468 0.0295521438121796 0.0314508181065321 0.0263036374002695 0.0202007982879877 0.0160186622291803 0.0114055095240474 0.00623297441052273 0.000465038977563381 -0.00270827878266573 -0.00463966270908713 -0.00635564788244665 -0.00623685866594315 -0.00423533422872424 0.00271580666303635 0.00499070882797241 0.00169441569596529 0.00820344882085919
