meets/meet004/_saidas_enm/ensemble_aver_Cavanillesia_umbellata_CCSM_6k_SVM.asc
NCOLS 154 
NROWS 168 
XLLCORNER -112 
YLLCORNER -55.5 
CELLSIZE 0.5 
NODATA_value -9999 
[rows 75 to 99 of 168, columns 56 to 111 of 154]
-9999 -9999 -9999 -9999 -9999 -9999 -9999 -9999 -9999 -9999 -9999 0.0884045504033566 0.0476021921262145 0.0849422425031662 0.0799373084679246 0.0708677617833018 0.111897850036621 0.223868814110756 0.246372833848 0.221347400546074 0.175359472632408 0.11849078014493 0.0611615277826786 0.0247999273240566 0.00690764654427767 -0.00225995965301991 -0.00825469046831131 -0.0152756437659264 -0.0153749896213412 -0.00709660416468978 -0.000301266089081764 0.00772464759647846 0.0096981992945075 0.0166124276816845 0.0261864725500345 0.028780360519886 0.0443403095006943 0.0518890082836151 0.0713289678096771 0.0972705230116844 0.110144780576229 0.135554784536362 0.141506561636925 0.153614050149918 0.170257964730263 0.164710828661919 0.141231548786163 0.105757854878902 0.0746830344200134 0.0478274906985462 0.0313648286275566 0.0263066055253148 0.0246333721093833 0.0175746557768434 0.011701174126938 0.0241011017933488
-9999 -9999 -9999 -9999 -9999 -9999 -9999 -9999 -9999 -9999 -9999 0.114529870450497 0.0442389480769634 0.0708993259817362 0.0799475878477097 0.0757901398465037 0.0844505347311497 0.160651786625385 0.227369013428688 0.235913249850273 0.223557168245316 0.130273534357548 0.0610446128994226 0.0185416275868192 -0.00512521341443062 -0.018790353089571 -0.0267661875113845 -0.031415109615773 -0.0326092042028904 -0.0297150054015219 -0.0266475021257065 -0.0193120849784464 -0.00575668923556805 0.00217490531504154 0.00591664000821765 0.0144986878614873 0.0173035588115454 0.0289936985820532 0.0463266670703888 0.0613444842398167 0.0945349797606468 0.121265123784542 0.144694873690605 0.154668220877647 0.140539821982384 0.11435728520155 0.0915808044373989 0.0700606979429722 0.050930043309927 0.0338888998143375 0.0260641353204846 0.0186772930435836 0.0179879666306078 0.0171800850890577 0.0322937819641083 0.0531052675098181
-9999 -9999 -9999 -9999 -9999 -9999 -9999 -9999 -9999 -9999 -9999 -9999 0.0818730253726244 0.0603270001709461 0.0677623708179453 0.0735208105295897 0.0823617711663246 0.109890058636665 0.155735370516777 0.212762126326561 0.238791862130165 0.185438466072083 0.102666836977005 0.0383329363539815 -0.00605151429772377 -0.0282138028182089 -0.0370807624887675 -0.0398104587337002 -0.0427665921859443 -0.0449285646900535 -0.0463330451399088 -0.0402093451470137 -0.0309507451951504 -0.022791750356555 -0.0151844619424082 -0.00934705238323659 -0.00684845889918506 -0.00139218722470105 0.0138195705600083 0.0319874979555607 0.0645747676491737 0.111970208585262 0.151325109601021 0.159940218925476 0.130242238938808 0.0871667914092541 0.0574608933180571 0.0367128269281238 0.0236066259909421 0.0202347197569907 0.0189090273343027 0.0137370008975267 0.0155936724506319 0.0274736660998315 0.0436211077496409 0.062177712470293
-9999 -9999 -9999 -9999 -9999 -9999 -9999 -9999 -9999 -9999 -9999 -9999 0.180746358633041 0.113248228281736 0.0705855414271355 0.0598221136024222 0.0955019306391478 0.166274741292 0.16790423989296 0.121624739468098 0.174599182605743 0.219790875911713 0.196411368250847 0.0996073871850967 -0.000359032116830349 -0.0300102232955396 -0.0367969943210483 -0.0382908054161817 -0.0441879868507385 -0.0518612176179886 -0.0609688602387905 -0.0582502581179142 -0.0571493059396744 -0.0535054244101048 -0.0442475497722626 -0.0386292595416307 -0.0403685607016087 -0.0426645953208208 -0.0320348776876926 -0.0137736400589347 0.0172942240722477 0.0750703267753124 0.145608608424664 0.161112335324287 0.114692428708076 0.0651567928493023 0.0354314868804067 0.00951262610033154 0.000826802803203464 0.00678957458585501 0.0183306876569986 0.0154325862415135 0.0178828103933483 0.0287568846717477 0.0421908225864172 0.0557033780962229
-9999 -9999 -9999 -9999 -9999 -9999 -9999 -9999 -9999 -9999 -9999 -9999 -9999 0.1755675598979 0.0908869750797749 0.0721396530047059 0.122302684560418 0.198110610246658 0.232125084102154 0.210729971528053 0.179658727347851 0.236796861886978 0.318846347928047 0.252898600697517 0.127382635325193 0.0212866477668285 -0.0146039687097073 -0.0234113840386271 -0.0357547075022012 -0.0459745952859521 -0.0586293049156666 -0.0616680346429348 -0.0667878918349743 -0.068870159983635 -0.0661551386117935 -0.0688819274306297 -0.0655917264521122 -0.0666657693684101 -0.0594522282481194 -0.049112281948328 -0.0277158625423908 0.025619019754231 0.0879902482032776 0.118530824780464 0.113415618240833 0.0807323038578033 0.0364603955298662 -0.000512905977666378 -0.011209707101807 -0.00208444828167558 0.0106872033327818 0.014342609513551 0.0172564371256158 0.0253377319313586 0.0357541650533676 0.0467824678868055
-9999 -9999 -9999 -9999 -9999 -9999 -9999 -9999 -9999 -9999 -9999 -9999 -9999 0.159573547542095 0.123719239234924 0.0772899016737938 0.130034236237407 0.162368343025446 0.164509996026754 0.215113125741482 0.300952151417732 0.344860646128654 0.413776767253876 0.466073337197304 0.469011247158051 0.249371911585331 0.137566033005714 0.0722201196476817 0.0160902490373701 -0.0319473671959713 -0.0476948544383049 -0.0566265664994717 -0.059984627738595 -0.0672634199261665 -0.0781634226441383 -0.0892627000808716 -0.0796210497617722 -0.0776326574385166 -0.0740348435938358 -0.0784256614744663 -0.0747684501111507 -0.041850907728076 0.0294769413769245 0.0671546846628189 0.0926023580133915 0.10737534686923 0.0357006521895528 -0.0130190412513912 -0.0231335520744324 -0.0134010229259729 0.00233216679189354 0.00645784168737009 0.0125727081904188 0.0197619038634002 0.0274481853470206 0.0356369078159332
-9999 -9999 -9999 -9999 -9999 -9999 -9999 -9999 -9999 -9999 -9999 -9999 -9999 -9999 0.200261446833611 0.0759811453521252 0.145559011399746 0.151321456581354 0.136864214390516 0.178736715018749 0.298975731432438 0.506107625365257 0.541037505865097 0.395748406648636 0.333575510978699 0.39784432053566 0.502276265621185 0.470048972964287 0.273891353607178 0.101853311806917 0.00362158045172691 -0.0232297572423704 -0.0437145307660103 -0.0539645697921515 -0.059678953140974 -0.0712949685752392 -0.0634024906903505 -0.0653819747269154 -0.0668109618127346 -0.070340096950531 -0.0770747102797031 -0.0573843643069267 -0.03185317479074 0.00207641124725342 0.052859702706337 0.0573828304186463 0.0234907627105713 -0.0157188065350056 -0.02352509573102 -0.0154898777604103 -0.0059860534965992 0.00212678154930472 0.0065589030040428 0.0127932675182819 0.0213422014378011 0.0251741249114275
-9999 -9999 -9999 -9999 -9999 -9999 -9999 -9999 -9999 -9999 -9999 -9999 -9999 -9999 0.281157782673836 0.0799813441932201 0.102968144416809 0.144737002253532 0.112805925309658 0.147365541756153 0.203011203557253 0.262904362753034 0.220379229076207 0.205429475754499 0.289136563241482 0.193582670390606 0.283926948904991 0.506018000841141 0.661677151918411 0.444640094041824 0.162429057061672 0.045485719665885 -0.00442892890423536 -0.0171093808021396 -0.0257766315713525 -0.0437159614171833 -0.0182988680899143 -0.0208578761667013 -0.0481943789869547 -0.0594723470509052 -0.0819210365414619 -0.0723935924470425 -0.0668857887387276 -0.0344786617904902 0.011409227643162 0.029921397427097 0.0133521938929334 -0.0157373365014791 -0.0193267107009888 -0.0098729832097888 -0.00675507113337517 0.00315630291588604 0.00535535212256946 0.0088289774954319 0.01655602613464 0.0194422708547791
-9999 -9999 -9999 -9999 -9999 -9999 -9999 -9999 -9999 -9999 -9999 -9999 -9999 -9999 -9999 0.23421728014946 0.0484666366130114 0.118186737596989 0.0910412576049566 0.11621921248734 0.119660097360611 0.0973974928259849 0.0561613293364644 0.0638613287359476 0.0957973212003708 0.115214770287275 0.177800171077251 0.208193427324295 0.239708186686039 0.326386654376984 0.293106943368912 0.177849119901657 0.0364566937088966 -0.0175920563866384 -0.00334723193664104 0.0248773336410522 0.00881569539196789 -0.0197702884674072 -0.0256619650870562 -0.00570637034252286 0.00364669992122799 -0.0418200820684433 -0.0755464293062687 -0.0666345216333866 -0.0281579477712512 0.00611524693667889 0.00779303405433893 -0.000555793172679842 0.00388530613854527 0.0150390506722033 0.0212747999932617 0.0218206001911312 0.0159527875017375 0.0153901660814881 0.0186901664244942 0.0144859664549585
-9999 -9999 -9999 -9999 -9999 -9999 -9999 -9999 -9999 -9999 -9999 -9999 -9999 -9999 -9999 0.196201413869858 0.130869050323963 0.064827211946249 0.062965286639519 0.0869522035121918 0.0932383857667446 0.0732118219137192 0.0598124377429485 0.0524291798472405 0.0511778697371483 0.0743536807596683 0.0676739543676376 0.0792627666145563 0.117014838010073 0.415369939804077 0.294662597775459 0.318332806229591 0.118640697747469 -0.0231649329682114 -0.0288427837193012 0.0790708914399147 0.0248384980019182 -0.00582115773577243 0.018655170314014 0.0998692765831947 0.161540147662163 0.0174513296224177 -0.077169194072485 -0.080409886687994 -0.050139919668436 -0.00622406778857112 0.00966145526617765 0.0217370862141252 0.0354270670097321 0.0537177482619882 0.0706171561032534 0.0608639111742377 0.0423983413726091 0.0376386800315231 0.0348139449197333 0.0245442361570895
-9999 -9999 -9999 -9999 -9999 -9999 -9999 -9999 -9999 -9999 -9999 -9999 -9999 -9999 -9999 0.187259866297245 0.172167506814003 0.0555293142795563 0.0597618505358696 0.064535508188419 0.0556556725874543 0.0675414905883372 0.0754409512504935 0.0767144627869129 0.0712211087346077 0.0647197246551514 0.052314156293869 0.049307918548584 0.0941366001963615 0.390313600003719 0.546519976854324 0.403851914405823 0.256978213787079 0.0294160570949316 -0.0616535611450672 -0.0405220726504922 -0.0362507230602205 -0.000272486824542284 0.0369354415684938 0.151214808225632 0.216256695985794 0.0319664489477873 -0.0846165284514427 -0.0874349042773247 -0.0723200224339962 -0.0292171258479357 0.00694271232932806 0.0412586268037558 0.0726264093071222 0.0960073687136173 0.10777583271265 0.106906816363335 0.0980180755257607 0.0931570306420326 0.0871215928345919 0.0931180778890848
-9999 -9999 -9999 -9999 -9999 -9999 -9999 -9999 -9999 -9999 -9999 -9999 -9999 -9999 -9999 -9999 0.118038585782051 0.0975189462304115 0.052687444537878 0.0571428913623095 0.0542543116956949 0.054621409997344 0.069781706482172 0.0777970446273684 0.0810681150527671 0.0841952389338985 0.0796913325786591 0.0738996051251888 0.0833172060549259 0.232213546708226 0.512803068757057 0.514568394422531 0.385208314657211 0.252212150394917 0.040794029715471 -0.0789640285074711 -0.101058915257454 -0.058368956297636 -0.0138054925017059 0.0788031354546547 0.172018903493881 -0.0151863409206271 -0.0976186692714691 -0.0925484210252762 -0.0775791741907597 -0.03666554056108 0.0186529393307865 0.0730468958616257 0.118808445334435 0.15049002468586 0.16104968637228 0.16007192581892 0.155204872786999 0.157325114309788 0.158440513908863 0.17989556491375
-9999 -9999 -9999 -9999 -9999 -9999 -9999 -9999 -9999 -9999 -9999 -9999 -9999 -9999 -9999 -9999 -9999 0.167570081353188 0.0816169358789921 0.0703422293066978 0.0547345839440823 0.0663608156144619 0.0617574490606785 0.0611345124721993 0.0698165955021977 0.077792352437973 0.0834889154415578 0.0854073442518711 0.0909918248653412 0.134597899019718 0.265667320787907 0.505731254816055 0.4544786632061 0.349232345819473 0.260133697092533 0.00281669124960899 -0.0934198349714279 -0.105898080766201 -0.104181396961212 -0.0700386099517345 -0.0862288102507591 -0.087718240916729 -0.0967804417014122 -0.0870388597249985 -0.0612706877291203 -0.00253531409543939 0.0495479997247458 0.112660232186317 0.166621407866478 0.202932175993919 0.22334455549717 0.185881944000721 0.149401088058949 0.149039667844772 0.172169083356857 0.214287588000298
-9999 -9999 -9999 -9999 -9999 -9999 -9999 -9999 -9999 -9999 -9999 -9999 -9999 -9999 -9999 -9999 -9999 -9999 -9999 0.0624838791787624 0.080623509734869 0.0494514625519514 0.103224136680365 0.101440426707268 0.0747733805328608 0.0691899538040161 0.0746859457343817 0.0833453807979822 0.0884201404638588 0.103321033716202 0.151611951738596 0.340368808805943 0.466838985681534 0.406037670373917 0.320545294880867 0.225844353437424 0.0757378652691841 -0.0807206273078918 -0.121159611642361 -0.115683867037296 -0.112479320168495 -0.0971261605620384 -0.0848809063434601 -0.0677482329308987 -0.0122238595038652 0.0272371100261807 0.0578180968761444 0.106184986233711 0.152493825554848 0.187351635098457 0.209934106469154 0.169490510225296 0.113628500699997 0.114348015189171 0.139267516136169 0.187919916212559
-9999 -9999 -9999 -9999 -9999 -9999 -9999 -9999 -9999 -9999 -9999 -9999 -9999 -9999 -9999 -9999 -9999 -9999 -9999 -9999 -9999 0.0658572666347027 0.0353539623320103 0.0501010922715068 0.128031228110194 0.0774091206490994 0.067410827614367 0.0756123485043645 0.0815865753218532 0.0895415211096406 0.104108370654285 0.177958131022751 0.301939136534929 0.394233298301697 0.379968553781509 0.258600321412086 0.212968553602695 0.0500444561243057 -0.0763925887644291 -0.0966471210122108 -0.0646863609552383 -0.0462891422212124 -0.0371238738298416 0.0153188567608595 0.0361394882202148 0.0491495721042156 0.0699069201946259 0.0701400630176067 0.095254972577095 0.15491901487112 0.164755187928677 0.131831037998199 0.0848134987056255 0.0733908891677856 0.090528117120266 0.101835227757692
-9999 -9999 -9999 -9999 -9999 -9999 -9999 -9999 -9999 -9999 -9999 -9999 -9999 -9999 -9999 -9999 -9999 -9999 -9999 -9999 -9999 -9999 -9999 0.0837455190718174 0.0336352285696194 0.115806582383811 0.0887083306908607 0.0679797198623419 0.0727955713868141 0.078699841722846 0.0840870892629027 0.108027976378798 0.149646735936403 0.249941031169146 0.372485074400902 0.350965321063995 0.230901762843132 0.135412757843733 0.0722524974960834 0.0431265771389008 0.0863550007343292 0.0831093832850456 0.111632427573204 0.0968241944909096 0.0842362135648727 0.0791487157344818 0.0854584872722626 0.0728547617793083 0.0886661671102047 0.126236796379089 0.133062423765659 0.0918086417019367 0.0456785768270493 0.0388804456219077 0.0498017780482769 0.0639705117791891
-9999 -9999 -9999 -9999 -9999 -9999 -9999 -9999 -9999 -9999 -9999 -9999 -9999 -9999 -9999 -9999 -9999 -9999 -9999 -9999 -9999 -9999 -9999 -9999 -9999 0.0518081899732351 0.060116871073842 0.0758895405568182 0.0635109012946486 0.0708243448287249 0.0766884118318558 0.0810003532096744 0.087983194552362 0.108452614024281 0.189381374232471 0.248622929304838 0.342605626583099 0.208800902962685 0.0966370195150375 0.090197991579771 0.141703402996063 0.142833602428436 0.216370660066605 0.19221328496933 0.148239684104919 0.12944110929966 0.116049467027187 0.132661488652229 0.119617204368114 0.123689660429955 0.123865041136742 0.0639811858534813 0.0078146546613425 0.00173553668428212 0.038888530805707 0.0758565649390221
-9999 -9999 -9999 -9999 -9999 -9999 -9999 -9999 -9999 -9999 -9999 -9999 -9999 -9999 -9999 -9999 -9999 -9999 -9999 -9999 -9999 -9999 -9999 -9999 -9999 0.104846577346325 0.0649245798587799 0.0656493708491325 0.0723241534084082 0.0698803294915706 0.0723971193656325 0.0734528817236424 0.0743970781564713 0.0762857697438449 0.104017640650272 0.172234626859427 0.302849040925503 0.318186885118484 0.172253794968128 0.0559412691742182 0.0875995479524136 0.124121348559856 0.234010207653046 0.206859639286995 0.167654153704643 0.154562771320343 0.109065924584866 0.120304544270039 0.103783078491688 0.0940851286053657 0.0780828833580017 0.0232085205614567 -0.0104044230654836 -0.00744472006335855 0.0327634661458433 0.0763150870800018
-9999 -9999 -9999 -9999 -9999 -9999 -9999 -9999 -9999 -9999 -9999 -9999 -9999 -9999 -9999 -9999 -9999 -9999 -9999 -9999 -9999 -9999 -9999 -9999 -9999 -9999 -9999 0.0997366890311241 0.0726093057543039 0.0723367307335138 0.0840300761163235 0.0804158974438906 0.0779918842017651 0.0737125974148512 0.0687833923846483 0.0682472186163068 0.140355528891087 0.253445611894131 0.22444963157177 0.0365400949493051 -0.024769888818264 0.0589042935520411 0.216590934991837 0.193833601474762 0.152691206336021 0.135710783302784 0.112094216048717 0.065693087875843 0.035588575899601 0.0429625988006592 0.0219406336545944 -0.00102868364192545 -0.0231772330123931 -0.011157613620162 0.0470613740384579 0.090488413721323
-9999 -9999 -9999 -9999 -9999 -9999 -9999 -9999 -9999 -9999 -9999 -9999 -9999 -9999 -9999 -9999 -9999 -9999 -9999 -9999 -9999 -9999 -9999 -9999 -9999 -9999 -9999 0.118675558269024 0.0969912514090538 0.0675714861601591 0.0799901586491615 0.0819631945341825 0.0802647262811661 0.0784001085907221 0.0716018114238977 0.0621233969926834 0.0669663306325674 0.126649326831102 0.176792618632317 0.0530578916892409 -0.039145470620133 -0.0157961454242468 0.0670385517179966 0.0646084941923618 0.0988138556480408 0.113967156410217 0.0786607697606087 0.0449630435556173 0.0109952542930841 -0.0213765472872183 -0.0255777073092759 -0.00229136068373919 0.0133817019872367 0.0370085887610912 0.0693915814161301 0.0907387539744377
-9999 -9999 -9999 -9999 -9999 -9999 -9999 -9999 -9999 -9999 -9999 -9999 -9999 -9999 -9999 -9999 -9999 -9999 -9999 -9999 -9999 -9999 -9999 -9999 -9999 -9999 -9999 -9999 0.103253984451294 0.0640605350956321 0.0699972674250603 0.0765599558129907 0.0789932828396559 0.0802194409072399 0.0748170956969261 0.0651639870367944 0.0549082150682807 0.0737735591828823 0.108942987024784 0.0555811531841755 -0.0408596895635128 -0.0607059236615896 -0.0430757146328688 -0.0536409586668014 0.0204792900010943 0.137084773182869 0.0737828880548477 0.0384371057152748 0.0110656703356653 -0.0453795656561852 -0.0604483753442764 -0.00650239023379981 0.0822124734520912 0.120434269309044 0.111353142559528 0.0974483333528042
-9999 -9999 -9999 -9999 -9999 -9999 -9999 -9999 -9999 -9999 -9999 -9999 -9999 -9999 -9999 -9999 -9999 -9999 -9999 -9999 -9999 -9999 -9999 -9999 -9999 -9999 -9999 -9999 0.0975943490862846 0.0685449950397015 0.0666934553533793 0.073302218131721 0.078927831351757 0.0824549220502377 0.077761671692133 0.0660252483561635 0.0511137642897666 0.0507288289256394 0.0733191274106502 0.0443422618322074 -0.0401911874301732 -0.0824460295028984 -0.0639287874102592 -0.0761570826172829 -0.0797493562102318 -0.0402793530374765 0.0180036699399352 0.045500872656703 0.0406592465937138 -0.0356286444701254 -0.0583404902368784 -0.0179312468739226 0.0899706140160561 0.134634482860565 0.142750404775143 0.103430441766977
-9999 -9999 -9999 -9999 -9999 -9999 -9999 -9999 -9999 -9999 -9999 -9999 -9999 -9999 -9999 -9999 -9999 -9999 -9999 -9999 -9999 -9999 -9999 -9999 -9999 -9999 -9999 -9999 0.093404358625412 0.0733958296477795 0.0641870740801096 0.0723628289997578 0.0816992580890656 0.085860862582922 0.0795674614608288 0.0668473188765347 0.0488261778838932 0.0431221797014587 0.0562248619855382 0.030744132399559 -0.0410017464892007 -0.0811566468793899 -0.0641893107444048 -0.0768284969031811 -0.090071526914835 -0.0977494187653065 -0.0733202438801527 0.0195060402154922 0.0598107866942883 -0.0154644993133843 -0.0874817758798599 -0.00756160458549857 0.101818782091141 0.14897533506155 0.149969367682934 0.116228787600994
-9999 -9999 -9999 -9999 -9999 -9999 -9999 -9999 -9999 -9999 -9999 -9999 -9999 -9999 -9999 -9999 -9999 -9999 -9999 -9999 -9999 -9999 -9999 -9999 -9999 -9999 -9999 -9999 0.0966628089547157 0.0780862584710121 0.0655484013259411 0.0727186376228929 0.0822217788547277 0.0862987510859966 0.0816651772707701 0.0672847668640316 0.0467051029205322 0.0384841397404671 0.0453556342050433 0.0219915838912129 -0.0478865318931639 -0.0811198235373013 -0.0588571209460497 -0.0676289886236191 -0.0727272443473339 -0.0819105289876461 -0.102071503549814 -0.0872777298092842 -0.0465839194599539 -0.0133019264787436 0.00192834986373782 0.046737427264452 0.102161283791065 0.124091786146164 0.125463207066059 0.109247741103172
-9999 -9999 -9999 -9999 -9999 -9999 -9999 -9999 -9999 -9999 -9999 -9999 -9999 -9999 -9999 -9999 -9999 -9999 -9999 -9999 -9999 -9999 -9999 -9999 -9999 -9999 -9999 -9999 0.10126620978117 0.0897495687007904 0.0659038208425045 0.07420754134655 0.0830341968685389 0.0865596387535334 0.081706802174449 0.0682872030884027 0.0459048062562942 0.0387950847158208 0.0439495368860662 0.0123661104589701 -0.0531958881765604 -0.0760148724541068 -0.0541540872305632 -0.0629910051822662 -0.0580955654382706 -0.0562937057577074 -0.0823867477476597 -0.099724942445755 -0.0905288070440292 -0.012238447368145 0.110410764813423 0.0835203185677528 0.0756425634026527 0.0868971705436707 0.0963375777006149 0.111585201323032
