meets/meet004/_saidas_enm/ensemble_aver_Cavanillesia_umbellata_CCSM_21k_Bioclim.asc
NCOLS 154 
NROWS 168 
XLLCORNER -112 
YLLCORNER -55.5 
CELLSIZE 0.5 
NODATA_value -9999 
[rows 58 to 86 of 168, columns 65 to 129 of 154]
0 0.0488892920315266 0.0163139145821333 0 0 0 0 0 0 0 0 0 0 0 0 0 0 0 0 0 0 0 0 0 0 0 0 0 0.00975609719753265 0.00975609719753265 0.00975609719753265 0.00975609719753265 0 0 0 0 0 0 0 0 0 0 0 0 0 0 0 0 0 0 0 0 0 0 0 0 0 0 0 0.0195659469813108 0.029375796765089 0.0195659469813108 -9999 0.00975609719753265 0.0195659469813108
0.029375796765089 0.0488892920315266 0.0163139145821333 0 0 0 0 0 0 0 0 0 0 0 0 0 0 0 0 0 0 0 0 0 0 0 0 0 0 0 0 0 0 0 0 0 0 0 0 0 0 0 0 0 0 0 0 0 0 0 0 0 0 0 0 0 0 0 0 0 0.00975609719753265 0.029375796765089 0.00975609719753265 0 0
0.0651769801974297 0.0488892920315266 0.035853635519743 0 0 0 0 0 0 0 0 0 0 0 0 0 0 0 0 0 0 0 0 0 0 0 0 0 0 0 0 0 0 0 0 0 0 0 0 0 0 0 0 0 0 0 0 0 0 0 0 0 0 0 0 0 0 0 0 0 0.00975609719753265 0.029375796765089 0.0423314742743969 0.0195659469813108 0.00975609719753265
0.0651769801974297 0.0651769801974297 0.00975609719753265 0 0 0 0 0 0 0 0 0 0 0 0 0 0 0 0 0 0 0 0 0 0 0 0 0 0 0 0 0 0 0 0 0 0 0 0 0 0 0 0 0 0 0 0 0 0 0 0 0 0 0 0 0 0 0 0 0 0 0.00975609719753265 0.0195659469813108 0.029375796765089 0
0.0651769801974297 0.0651769801974297 0.00975609719753265 0 0 0 0 0 0 0 0 0 0 0 0 0 0 0 0 0 0 0 0 0 0 0 0 0 0 0 0 0 0 0 0 0 0 0 0 0 0 0 0 0 0 0 0 0 0 0 0 0 0 0 0 0 0 0 0 0 0 0 0.00975609719753265 0.0195659469813108 0.029375796765089
0.0651769801974297 0.0651769801974297 0.0195659469813108 0 0 0 0 0 0 0 0 0 0 0 0 0 0 0 0 0 0 0 0 0 0 0 0 0 0 0 0 0 0 0 0 0 0 0 0 0 0.00975609719753265 0.00975609719753265 0.00975609719753265 0.00975609719753265 0.00975609719753265 0.00975609719753265 0.0195659469813108 0.00975609719753265 0.00975609719753265 0.00975609719753265 0.00975609719753265 0.00975609719753265 0.00975609719753265 0.00975609719753265 0 0 0 0 0.00975609719753265 0.00975609719753265 0.0195659469813108 0.029375796765089 0.029375796765089 0.0423852272331715 0.0423852272331715
0.0651769801974297 0.0651769801974297 0.00975609719753265 0.00975609719753265 0.00975609719753265 0.00975609719753265 0.00975609719753265 0.00975609719753265 0.00975609719753265 0 0 0 0 0 0 0.00975609719753265 0.00975609719753265 0.00975609719753265 0.00975609719753265 0.00975609719753265 0.00975609719753265 0.00975609719753265 0.00975609719753265 0.00975609719753265 0.00975609719753265 0 0 0 0 0 0 0 0 0 0 0.00975609719753265 0.00975609719753265 0.0195659469813108 0.00975609719753265 0.00975609719753265 0.00975609719753265 0.0195659469813108 0.035853635519743 0.0455835066735744 0.0455835066735744 0.0455835066735744 0.035853635519743 0.00975609719753265 0.00975609719753265 0.00975609719753265 0.00975609719753265 0.00975609719753265 0.00975609719753265 0.00975609719753265 0.00975609719753265 0.00975609719753265 0.035853635519743 0.0423314742743969 0.0488892920315266 0.0423852272331715 0.0423852272331715 0.0423852272331715 0.0423852272331715 0.0423852272331715 0.0423852272331715
0.0455835066735744 0.0195659469813108 0.00975609719753265 0.00975609719753265 0.00975609719753265 0.00975609719753265 0.00975609719753265 0.00975609719753265 0.00975609719753265 0 0 0 0 0 0.00975609719753265 0.00975609719753265 0.00975609719753265 0.00975609719753265 0.00975609719753265 0.00975609719753265 0.00975609719753265 0.00975609719753265 0.00975609719753265 0.00975609719753265 0.00975609719753265 0.00975609719753265 0.00975609719753265 0.00975609719753265 0.00975609719753265 0.00975609719753265 0.00975609719753265 0.00975609719753265 0.00975609719753265 0.0195659469813108 0.0195659469813108 0.029375796765089 0.0619511738419533 0.0814646691083908 0.0455835066735744 0.0455835066735744 0.0488892920315266 0.0488892920315266 0.0488892920315266 0.0814646691083908 0.0814646691083908 0.0455835066735744 0.0455835066735744 0.0455835066735744 0.035853635519743 0.0195659469813108 0.0195659469813108 0.0195659469813108 0.0195659469813108 0.0195659469813108 0.035853635519743 0.0423314742743969 0.035853635519743 0.0390794418752193 0.0390794418752193 0.0390794418752193 0.0423852272331715 0.0423852272331715 0.0423852272331715 0.0423852272331715 0.0423852272331715
0.035853635519743 0.00975609719753265 0.00975609719753265 0.0195659469813108 0.0195659469813108 0.0195659469813108 0.00975609719753265 0.00975609719753265 0.00975609719753265 0.00975609719753265 0.00975609719753265 0.00975609719753265 0.00975609719753265 0.00975609719753265 0.00975609719753265 0.00975609719753265 0.00975609719753265 0.00975609719753265 0.00975609719753265 0.00975609719753265 0.00975609719753265 0.00975609719753265 0.00975609719753265 0.00975609719753265 0.00975609719753265 0.00975609719753265 0.00975609719753265 0.00975609719753265 0.00975609719753265 0.0195659469813108 0.029375796765089 0.029375796765089 0.029375796765089 0.029375796765089 0.0911945417523384 0.0814646691083908 0.0814646691083908 0.0814646691083908 0.0488892920315266 0.0488892920315266 0.0488892920315266 0.0488892920315266 0.0488892920315266 0.0488892920315266 0.0488892920315266 0.0814646691083908 0.0814646691083908 0.0814646691083908 0.0814646691083908 0.0814646691083908 0.0814646691083908 0.0488892920315266 0.0488892920315266 0.0488892920315266 0.0423852272331715 0.0423852272331715 0.0423852272331715 0.0423852272331715 0.0423852272331715 0.0423852272331715 0.0423852272331715 0.0423852272331715 0.0423852272331715 0.0423852272331715 0.0423852272331715
0.00975609719753265 0.00975609719753265 0.00975609719753265 0.0455835066735744 0.0455835066735744 0.0195659469813108 0.00975609719753265 0.00975609719753265 0.00975609719753265 0.00975609719753265 0.00975609719753265 0.00975609719753265 0.00975609719753265 0.00975609719753265 0.00975609719753265 0.00975609719753265 0.035853635519743 0.035853635519743 0.0455835066735744 0.0455835066735744 0.0455835066735744 0.0455835066735744 0.0455835066735744 0.0455835066735744 0.0455835066735744 0.035853635519743 0.0195659469813108 0.035853635519743 0.0455835066735744 0.0455835066735744 0.0553133778274059 0.113906316459179 0.113906316459179 0.0976986065506935 0.0814646691083908 0.0814646691083908 0.0814646691083908 0.0814646691083908 0.0488892920315266 0.0488892920315266 0.0488892920315266 0.0488892920315266 0.0488892920315266 0.0488892920315266 0.0488892920315266 0.0488892920315266 0.0488892920315266 0.0488892920315266 0.0488892920315266 0.0488892920315266 0.0488892920315266 0.0423852272331715 0.0423852272331715 0.0423852272331715 0.0423852272331715 0.0423852272331715 0.0423852272331715 0.0423852272331715 0.0423852272331715 0.0423852272331715 0.0423852272331715 0.0423852272331715 0.0423852272331715 0.0423852272331715 0.0423852272331715
0.035853635519743 0.00975609719753265 0.00975609719753265 0.00975609719753265 0.00975609719753265 0.00975609719753265 0.00975609719753265 0.00975609719753265 0.00975609719753265 0.00975609719753265 0.00975609719753265 0.00975609719753265 0.0195659469813108 0.0455835066735744 0.0455835066735744 0.113906316459179 0.113906316459179 0.113906316459179 0.113906316459179 0.113906316459179 0.113906316459179 0.113906316459179 0.113906316459179 0.113906316459179 0.113906316459179 0.113906316459179 0.113906316459179 0.113906316459179 0.113906316459179 0.113906316459179 0.113906316459179 0.113906316459179 0.117212101817131 0.0945003271102905 0.0814646691083908 0.0814646691083908 0.0814646691083908 0.0814646691083908 0.0488892920315266 0.0488892920315266 0.0488892920315266 0.0488892920315266 0.0488892920315266 0.0488892920315266 0.0488892920315266 0.0488892920315266 0.0488892920315266 0.0423852272331715 0.0423852272331715 0.0423852272331715 0.0423852272331715 0.0423852272331715 0.0423852272331715 0.0423852272331715 0.0423852272331715 0.0423852272331715 0.0423852272331715 0.0423852272331715 0.0423852272331715 0.0423852272331715 0.0423852272331715 0.0423852272331715 0.0423852272331715 0.0423852272331715 0.00980984978377819
0.0195659469813108 0.0195659469813108 0.0065040647983551 0.0065040647983551 0.0065040647983551 0.00975609719753265 0.00975609719753265 0.00975609719753265 0.00975609719753265 0.00975609719753265 0.00975609719753265 0.0195659469813108 0.0455835066735744 0.113906316459179 0.113906316459179 0.113906316459179 0.117212101817131 0.117212101817131 0.120517887175083 0.123823671042919 0.117212101817131 0.117212101817131 0.117212101817131 0.117212101817131 0.117212101817131 0.117212101817131 0.117212101817131 0.117212101817131 0.117212101817131 0.117212101817131 0.117212101817131 0.117212101817131 0.117212101817131 0.104310177266598 0.0814646691083908 0.0814646691083908 0.0814646691083908 0.0814646691083908 0.0814646691083908 0.0814646691083908 0.0488892920315266 0.0488892920315266 0.0488892920315266 0.0488892920315266 0.0488892920315266 0.0423852272331715 0.0423852272331715 0.0423852272331715 0.0423852272331715 0.0423852272331715 0.0423852272331715 0.0423852272331715 0.0423852272331715 0.0423852272331715 0.0423852272331715 0.0423852272331715 0.0423852272331715 0.0423852272331715 0.0423852272331715 0.0423852272331715 0.00980984978377819 0.00980984978377819 0.00980984978377819 0.00980984978377819 0.00980984978377819
0.00975609719753265 0.0163139145821333 0.0163139145821333 0 0 0.0065040647983551 0.00975609719753265 0.00975609719753265 0.00975609719753265 0.00975609719753265 0.00975609719753265 0.0455835066735744 0.113906316459179 0.0976723819971085 0.100978167355061 0.117212101817131 0.117212101817131 0.123823671042919 0.120571640133858 0.120571640133858 0.123823671042919 0.123823671042919 0.123823671042919 0.140085133910179 0.143337166309357 0.123823671042919 0.123823671042919 0.123823671042919 0.123823671042919 0.123823671042919 0.123823671042919 0.123823671042919 0.123823671042919 0.123823671042919 0.104310177266598 0.0814646691083908 0.0814646691083908 0.0814646691083908 0.0814646691083908 0.0814646691083908 0.0814646691083908 0.0814646691083908 0.0488892920315266 0.0488892920315266 0.0488892920315266 0.0423852272331715 0.0423852272331715 0.0423852272331715 0.0423852272331715 0.0423852272331715 0.0423852272331715 0.0423852272331715 0.0423852272331715 0.0423852272331715 0.0423852272331715 0.0423852272331715 0.0423852272331715 0.0423852272331715 0.0423852272331715 0.00980984978377819 0.00980984978377819 0.00980984978377819 0.00980984978377819 0.00980984978377819 0.00980984978377819
0.00975609719753265 0.0163139145821333 0.0065040647983551 0 0 0 0.0065040647983551 0.00975609719753265 0.00975609719753265 0.00975609719753265 0.00975609719753265 0.0455835066735744 0.0976723819971085 0.0782663896679878 0.0782663896679878 0.100978167355061 0.120571640133858 0.120571640133858 0.107589736580849 0.107589736580849 0.107589736580849 0.120571640133858 0.133607296645641 0.140165112912655 0.140165112912655 0.140085133910179 0.140085133910179 0.123823671042919 0.123823671042919 0.123823671042919 0.123823671042919 0.123823671042919 0.123823671042919 0.123823671042919 0.123823671042919 0.104310177266598 0.0945003271102905 0.0814646691083908 0.0814646691083908 0.0814646691083908 0.0814646691083908 0.0814646691083908 0.0814646691083908 0.0488892920315266 0.0488892920315266 0.0423852272331715 0.0423852272331715 0.0423852272331715 0.0423852272331715 0.0423852272331715 0.0423852272331715 0.0423852272331715 0.0423852272331715 0.0423852272331715 0.0423852272331715 0.0423852272331715 0.0423852272331715 0.0423852272331715 0.0423852272331715 0.00980984978377819 0.00980984978377819 0.00980984978377819 0 0 0
0.00975609719753265 0.0488892920315266 0 0 0 0 0.0065040647983551 0.00975609719753265 0.00975609719753265 0.00975609719753265 0.00975609719753265 0.0455835066735744 0.0749606043100357 0.0685365185141563 0.0685365185141563 0.0815721750259399 0.094554078578949 0.094554078578949 0.094554078578949 0.094554078578949 0.094554078578949 0.094554078578949 0.094554078578949 0.094554078578949 0.094554078578949 0.107589736580849 0.140165112912655 0.140085133910179 0.123823671042919 0.123823671042919 0.123823671042919 0.123823671042919 0.123823671042919 0.123823671042919 0.123823671042919 0.123823671042919 0.114093799889088 0.0945003271102905 0.0814646691083908 0.0814646691083908 0.0814646691083908 0.0814646691083908 0.0814646691083908 0.0488892920315266 0.0488892920315266 0.0488892920315266 0.0423852272331715 0.0423852272331715 0.0423852272331715 0.0423852272331715 0.0423852272331715 0.0423852272331715 0.0423852272331715 0.0423852272331715 0.0423852272331715 0.0423852272331715 0.0423852272331715 0.0423852272331715 0.0390794418752193 0 0 0 0 0 0
-9999 0.0455835066735744 0.0065040647983551 0 0 0 0.0065040647983551 0.00975609719753265 0.00975609719753265 0.00975609719753265 0.00975609719753265 0.0455835066735744 0.0652307331562042 0.0358811624348164 0.0358811624348164 0.0685365185141563 0.0815721750259399 0.0815721750259399 0.0815721750259399 0.0815721750259399 0.0815721750259399 0.0815721750259399 0.0815721750259399 0.0815721750259399 0.0815721750259399 0.0815721750259399 0.094554078578949 0.107589736580849 0.107589736580849 0.120571640133858 0.123823671042919 0.123823671042919 0.123823671042919 0.123823671042919 0.123823671042919 0.123823671042919 0.123823671042919 0.123823671042919 0.104310177266598 0.0945003271102905 0.0814646691083908 0.0814646691083908 0.0814646691083908 0.0782126367092133 0.0488892920315266 0.0488892920315266 0.0423852272331715 0.0423852272331715 0.0423852272331715 0.0423852272331715 0.0423852272331715 0.0423852272331715 0.0423852272331715 0.0423852272331715 0.0423852272331715 0.0390794418752193 0 0 0 0 0 0 0 0 0
-9999 -9999 0.0065040647983551 0 0 0 0 0.00975609719753265 0.00975609719753265 0.00325203239917755 0.00975609719753265 0.0455835066735744 0.0358811624348164 0.00655781738460064 0.00655781738460064 0.0358811624348164 0.0685365185141563 0.0685365185141563 0.0685365185141563 0.0685365185141563 0.0815721750259399 0.0815721750259399 0.0815721750259399 0.0685365185141563 0.0685365185141563 0.0815721750259399 0.0815721750259399 0.0815721750259399 0.0815721750259399 0.094554078578949 0.107589736580849 0.120571640133858 0.123823671042919 0.123823671042919 0.123823671042919 0.123823671042919 0.123823671042919 0.123823671042919 0.123823671042919 0.114093799889088 0.0945003271102905 0.0782126367092133 0.0782126367092133 0.0782126367092133 0.0782126367092133 0.0488892920315266 0.0488892920315266 0.0488892920315266 0.0423852272331715 0.0423852272331715 0.0423852272331715 0.0423852272331715 0.0423852272331715 0.0390794418752193 0 0 0 0 0 0 0 0 0 0 0
-9999 -9999 0.0065040647983551 0 0 0 0 0.0163139145821333 0.0455835066735744 0.035853635519743 0.00975609719753265 0.0195659469813108 0.0325753770768642 0.00655781738460064 0.00655781738460064 0.00655781738460064 0.0358811624348164 0.0685365185141563 0.0685365185141563 0.0685365185141563 0.0685365185141563 0.0685365185141563 0.0685365185141563 0.0685365185141563 0.0685365185141563 0.0685365185141563 0.0685365185141563 0.0685365185141563 0.0815721750259399 0.0815721750259399 0.094554078578949 0.094554078578949 0.107589736580849 0.107589736580849 0.120571640133858 0.123823671042919 0.10753598511219 0.10753598511219 0.10753598511219 0.10753598511219 0.101031918823719 0.0879962608218193 0.0782126367092133 0.0782126367092133 0.0782126367092133 0.0717085719108582 0.0488892920315266 0.0488892920315266 0.0488892920315266 0.0488892920315266 0.0390794418752193 0.0162876885384321 0 0 0 0 0 0 0 0 0 0 0 0 0
-9999 -9999 0.00975609719753265 0 0 0 0 0.0163139145821333 0.0488892920315266 0.0651769801974297 0.0195659469813108 0.00975609719753265 0.00975609719753265 0.00655781738460064 0 0.00655781738460064 0.00655781738460064 0.0358811624348164 0.0358811624348164 0.0358811624348164 0.0358811624348164 0.0358811624348164 0.0685365185141563 0.0685365185141563 0.0685365185141563 0.0358811624348164 0.0358811624348164 0.0685365185141563 0.0685365185141563 0.0685365185141563 0.0815721750259399 0.0815721750259399 0.094554078578949 0.107589736580849 0.101031918823719 0.10753598511219 0.101031918823719 0.101031918823719 0.094554078578949 0.094554078578949 0.094554078578949 0.0815721750259399 0.0782663896679878 0.0717085719108582 0.0717085719108582 0.0717085719108582 0.0717085719108582 0.0717085719108582 0.0717085719108582 0.0390794418752193 0 0 0 0 0 0 0 0 0 0 0 0 0 0 0
-9999 -9999 -9999 0.0065040647983551 0 0 0 0 0.0163139145821333 0.0163139145821333 0.0520613454282284 0.0195659469813108 0.00975609719753265 0.00975609719753265 0.00655781738460064 0.00655781738460064 0.00655781738460064 0.00655781738460064 0.00655781738460064 0.0358811624348164 0.0358811624348164 0.00655781738460064 0.0358811624348164 0.0358811624348164 0.0358811624348164 0.0358811624348164 0.00655781738460064 0.00655781738460064 0.00655781738460064 0.0358811624348164 0.0685365185141563 0.0815721750259399 0.0815721750259399 0.094554078578949 0.107589736580849 0.094554078578949 0.094554078578949 0.0815721750259399 0.0815721750259399 0.0815721750259399 0.0815721750259399 0.0815721750259399 0.0815721750259399 0.0685365185141563 0.0652307331562042 0.0652307331562042 0.0717085719108582 0.0717085719108582 0 0 0 0 0 0 0 0 0 0 0 0 0 0 0 0 0
-9999 -9999 -9999 0.0065040647983551 0 0 0 0 0 0 0.0163139145821333 0.0651769801974297 0.035853635519743 0.00975609719753265 0.0195659469813108 0.00655781738460064 0 0.00655781738460064 0.00655781738460064 0.00655781738460064 0.00655781738460064 0.00655781738460064 0.00655781738460064 0.00655781738460064 0.00655781738460064 0.00655781738460064 0.00655781738460064 0.00655781738460064 0 0.00655781738460064 0.00655781738460064 0.0358811624348164 0.0815721750259399 0.094554078578949 0.094554078578949 0.094554078578949 0.0815721750259399 0.0685365185141563 0.0685365185141563 0.0358811624348164 0.0685365185141563 0.0685365185141563 0.0358811624348164 0.00655781738460064 0.00655781738460064 0.00655781738460064 0.00655781738460064 0.0325753770768642 0 0 0 0 0 0 0 0 0 0 0 0 0 0 0 0 0
-9999 -9999 -9999 -9999 0.0065040647983551 0 0 0 0 0 0 0 0.0163139145821333 0.0455835066735744 0.0455835066735744 0.0358811624348164 0.00655781738460064 0.00655781738460064 0.00655781738460064 0.00655781738460064 0.00655781738460064 0 0.00655781738460064 0.00655781738460064 0.00655781738460064 0.00655781738460064 0 0 0 0 0 0 0.0358811624348164 0.0815721750259399 0.0815721750259399 0.0815721750259399 0.0815721750259399 0.0685365185141563 0.00655781738460064 0 0 0.00655781738460064 0 0 0 0 0 0 0 0 0 0 0 0 0 0 0 0 0 0 0 0 0 0 0
-9999 -9999 -9999 -9999 0.0455835066735744 0 0 0 0 0 0 0 0 0.0423852272331715 0.0488892920315266 0.0749606043100357 0.0652307331562042 0.0652307331562042 0.035853635519743 0.00655781738460064 0.00655781738460064 0 0.00655781738460064 0.00655781738460064 0.00655781738460064 0.00655781738460064 0 0.00655781738460064 0 0 0 0 0 0.0358811624348164 0.0685365185141563 0.0815721750259399 0.0815721750259399 0.00655781738460064 0 0 0 0 0 0 0 0 0 0 0 0 0 0 0 0 0 0 0 0 0 0 0 0 0 0 0
-9999 -9999 -9999 -9999 -9999 0.0163139145821333 0 0 0 0 0 0 0 0 0.00980984978377819 0.00980984978377819 0.0423852272331715 0.0488892920315266 0.0455835066735744 0.0293495707213879 0.0195659469813108 0.00975609719753265 0.0195659469813108 0.035853635519743 0.0455835066735744 0.0652307331562042 0.0685365185141563 0.0815721750259399 0.0685365185141563 0.0685365185141563 0.00655781738460064 0 0 0 0.00655781738460064 0.0358811624348164 0.00655781738460064 0 0 0 0 0 0 0 0 0 0 0 0 0 0 0 0 0 0 0 0 0 0 0 0 0 0 0 0
-9999 -9999 -9999 -9999 -9999 0.035853635519743 0.0163139145821333 0 0 0 0 0 0 0 0 0 0 0 0.0423852272331715 0.0553133778274059 0.035853635519743 0.00975609719753265 0.00975609719753265 0.0195659469813108 0.0455835066735744 0.0749606043100357 0.0912482932209969 0.107589736580849 0.107589736580849 0.094554078578949 0.0815721750259399 0 0 0 0 0 0 0 0 0 0 0 0 0 0 0 0 0 0 0 0 0 0 0 0 0 0 0 0 0 0 0 0 0 0
-9999 -9999 -9999 -9999 -9999 -9999 0.00975609719753265 0 0 0 0 0 0 0 0 0 0 0 0 0 0.0423852272331715 0.0749606043100357 0.0195659469813108 0.00975609719753265 0.00975609719753265 0.0455835066735744 0.120410379767418 0.133446036279202 0.159732359647751 0.149948737025261 0.140165112912655 0.107589736580849 0.0685365185141563 0 0 0 0 0 0 0 0 0 0 0 0 0 0 0 0 0 0 0 0 0 0 0 0 0 0 0 0 0 0 0 0
-9999 -9999 -9999 -9999 -9999 -9999 0.0455835066735744 0.0065040647983551 0 0 0 0 0 0 0 0 0 0 0 0 0 0.029375796765089 0.035853635519743 0.00975609719753265 0.00975609719753265 0.0455835066735744 0.120410379767418 0.133446036279202 0.133446036279202 0.156426575779915 0.189001950621605 0.192307737469673 0.107589736580849 0 0 0 0 0 0 0 0 0 0 0 0 0 0 0 0 0 0 0 0 0 0 0 0 0 0 0 0 0 0 0 0
-9999 -9999 -9999 -9999 -9999 -9999 0 0.0065040647983551 0 0 0 0 0 0 0 0 0 0 0 0 0 0 0.0195659469813108 0.00975609719753265 0.0195659469813108 0.0455835066735744 0.0976723819971085 0.0976723819971085 0.133446036279202 0.136698068678379 0.143202133476734 0.185696166753769 0.159732359647751 0 0 0 0 0 0 0 0.00655781738460064 0.00655781738460064 0.0325753770768642 0 0 0 0 0 0 0 0 0 0 0 0 0 0 0 0 0 0 0 0 0 0
-9999 -9999 -9999 -9999 -9999 -9999 -9999 0.0488892920315266 0.0065040647983551 0 0 0 0 0 0 0 0 0 0 0 0 0 0 0.0195659469813108 0.0455835066735744 0.0455835066735744 0.0749606043100357 0.0749606043100357 0.0912482932209969 0.126941972970963 0.17271426320076 0.185696166753769 0.094554078578949 0 0 0 0 0 0 0.0358811624348164 0.0685365185141563 0.0815721750259399 0.0423314742743969 0 0 0 0 0 0 0 0 0 0 0 0 0 0 0 0 0 0 0 0 0 0
