meets/meet004/_saidas_enm/ensemble_aver_Cavanillesia_umbellata_CCSM_21k_SVM.asc
NCOLS 154 
NROWS 168 
XLLCORNER -112 
YLLCORNER -55.5 
CELLSIZE 0.5 
NODATA_value -9999 
[rows 72 to 95 of 168, columns 56 to 111 of 154]
-9999 -9999 -9999 -9999 -9999 -9999 -9999 -9999 -9999 -0.132674556970596 -0.0264275420457125 0.0843837931752205 0.0855903144925833 0.0891827126964927 0.0808463633060455 0.0582063991576433 0.080970149487257 0.198944898694754 0.269573689997196 0.326641328632832 0.308883202075958 0.318605168163776 0.333364528417587 0.327225798368454 0.319955185055733 0.30634036064148 0.296791353821754 0.283143916726112 0.270967701077461 0.264438556134701 0.256009569764137 0.250080685317516 0.239280082285404 0.236084805428982 0.241045102477074 0.245672535896301 0.253719100356102 0.256800320744514 0.261722809076309 0.272821518778801 0.276609247922897 0.288184264302254 0.285729095339775 0.279728791117668 0.279943978786468 0.262882372736931 0.252096018195152 0.223042523860931 0.193699592351913 0.162093994021416 0.120621061325073 0.0809640243649483 0.0401733178645372 0.0131226709811017 -0.0157259474508464 -0.0358491756021976
-9999 -9999 -9999 -9999 -9999 -9999 -9999 -9999 -9999 -9999 -0.0951613068580627 0.050494110584259 0.0950815774966031 0.10611394920852 0.102380578964949 0.0920893378927417 0.129904583096504 0.290750277042389 0.364455288648605 0.375022432208061 0.335931757092476 0.324982304871082 0.334400643408299 0.313389986753464 0.297331134974957 0.281771479547024 0.271744929254055 0.254392883181572 0.24493635892868 0.234073111414909 0.227431951463223 0.221568436920643 0.204837986826897 0.197844751179218 0.200467287003994 0.201656797528267 0.20887139737606 0.216221737861633 0.224546429514885 0.233237865567207 0.237038022279739 0.242158770561218 0.254973268508911 0.25233650803566 0.238255873322487 0.224785155057907 0.214667132496834 0.19542880654335 0.16610876172781 0.120349676907063 0.0840482033789158 0.0518685031682253 0.0185843680985272 -0.0041218388825655 -0.0328045058995485 -0.0497590906918049
-9999 -9999 -9999 -9999 -9999 -9999 -9999 -9999 -9999 -9999 -9999 0.053302014619112 0.0990764124318957 0.119098338484764 0.137737179920077 0.141975055262446 0.16092324256897 0.381044465303421 0.464813804626465 0.386082270741463 0.378831535577774 0.344590410590172 0.326926109194756 0.306969772279263 0.286312189698219 0.263757827877998 0.253864274919033 0.236770017445087 0.223929925262928 0.21302756741643 0.202979439496994 0.19471707046032 0.177503273636103 0.167166446894407 0.15976297557354 0.155599991977215 0.163013695180416 0.166289220750332 0.177829451858997 0.18923721909523 0.195689794421196 0.203403753042221 0.2067074239254 0.207466405630112 0.206560409069061 0.196842247247696 0.184691292047501 0.160605373978615 0.128615851700306 0.0884413339197636 0.0551812928169966 0.0269302271306515 -0.000100600579753518 -0.0202523548156023 -0.0411114111542702 -0.0523756347596645
-9999 -9999 -9999 -9999 -9999 -9999 -9999 -9999 -9999 -9999 -9999 0.053988828882575 0.0937839499209076 0.13042311295867 0.151381815969944 0.183188924193382 0.195614215731621 0.36661089360714 0.516326171159744 0.448782581090927 0.396240845322609 0.377574798464775 0.349521422386169 0.316970126330853 0.277059412002563 0.254313514381647 0.240967030823231 0.225811960548162 0.214271257072687 0.201473196595907 0.18612258285284 0.176022711396217 0.161472354084253 0.149173408746719 0.137754766643047 0.125753176957369 0.128573364764452 0.128537376224995 0.138439692556858 0.149098615348339 0.153049992024899 0.161078906059265 0.163321173191071 0.163699826598167 0.161390954256058 0.156316193938255 0.139994545280933 0.118383483588696 0.0909605257213116 0.0565313335508108 0.027709342725575 0.00346317961812019 -0.0156118079088628 -0.0290752287954092 -0.0391283828765154 -0.0458083748817444
-9999 -9999 -9999 -9999 -9999 -9999 -9999 -9999 -9999 -9999 -9999 0.0479509443044662 0.0644688464701176 0.130220121890306 0.166220745444298 0.197804043442011 0.252327299118042 0.336542290449142 0.392463585734367 0.363372072577477 0.403715199232101 0.38511343896389 0.359442141652107 0.33618376404047 0.274981331825256 0.253925585001707 0.239083997160196 0.223767284303904 0.208887681365013 0.195153203606606 0.177902526035905 0.166678915917873 0.152604340016842 0.142366276681423 0.126041719317436 0.116612532734871 0.110169366747141 0.110816832631826 0.118048334121704 0.119420193135738 0.132771429419518 0.149515940248966 0.157080738246441 0.15279403179884 0.135706256330013 0.115299986302853 0.0991172283887863 0.0801764130592346 0.0553045611828566 0.0285282271914184 0.00843977220356464 -0.0123891747614834 -0.0236068889498711 -0.0289502844214439 -0.0307702410966158 -0.0270988995209336
-9999 -9999 -9999 -9999 -9999 -9999 -9999 -9999 -9999 -9999 -9999 -9999 0.0308454694226384 0.0854121131822467 0.13307055272162 0.17549657151103 0.286817710101604 0.414273363351822 0.423730307817459 0.303716877102852 0.323236447572708 0.374935859441757 0.37903853058815 0.360736122727394 0.309583158791065 0.258194421231747 0.233448448032141 0.225379119813442 0.212371387332678 0.195753506943583 0.176741307228804 0.167196961119771 0.153396107256413 0.143301852792501 0.128428514301777 0.113432463258505 0.101037876307964 0.094735362380743 0.0988896101713181 0.103613334149122 0.119610571861267 0.154834625124931 0.182208320498466 0.176234865188599 0.134229935705662 0.0899347178637981 0.061381072551012 0.0380179708823562 0.0178348666988313 0.00422086156904697 -0.00701111517846584 -0.0223405770026147 -0.031892386265099 -0.035659984126687 -0.0352917779237032 -0.0321681093424559
-9999 -9999 -9999 -9999 -9999 -9999 -9999 -9999 -9999 -9999 -9999 -9999 0.0513726651668549 0.0424086462706327 0.0980027112644166 0.134378409385681 0.226250170171261 0.374260005354881 0.476384687423706 0.4212168186903 0.314046764373779 0.284520861506462 0.384767138957977 0.41513592004776 0.310063308477402 0.271076954901218 0.243614046275616 0.233656012266874 0.220909261703491 0.202594062685966 0.180313646420836 0.173495343700051 0.15879689194262 0.143588362261653 0.127637836709619 0.114539946988225 0.0923512987792492 0.0751234278082848 0.0725472267717123 0.0735342770814896 0.0938266217708588 0.139633059501648 0.201620614528656 0.203959059715271 0.138063456118107 0.0757809206843376 0.0350927060935646 0.00293469130992889 -0.016605768725276 -0.0215299704112113 -0.019325431343168 -0.0365301985293627 -0.0492236956954002 -0.0530627436935902 -0.0540379878133535 -0.0549010965973139
-9999 -9999 -9999 -9999 -9999 -9999 -9999 -9999 -9999 -9999 -9999 -9999 -9999 0.0413869511336088 0.0708584331907332 0.123774870112538 0.160079906880856 0.182091237604618 0.231153665482998 0.326872846484184 0.388134920597076 0.375001609325409 0.441516852378845 0.568821823596954 0.505492943525314 0.348675072193146 0.289329881966114 0.265116865932941 0.237111101299524 0.213481538742781 0.195847907662392 0.179782328009605 0.165153810754418 0.150273271650076 0.136188624426723 0.112777441367507 0.0982986345887184 0.0766945758834481 0.0654304895550013 0.0556667124852538 0.0593788705766201 0.0993473306298256 0.154474629461765 0.172152727842331 0.14111306220293 0.0821090787649155 0.0232083254493773 -0.0237127458676696 -0.0462478876113892 -0.0484776087105274 -0.0478560224175453 -0.0580384831875563 -0.0698198985308409 -0.0757703403302003 -0.0786164208315313 -0.0826463429257274
-9999 -9999 -9999 -9999 -9999 -9999 -9999 -9999 -9999 -9999 -9999 -9999 -9999 0.0664873942732811 0.0528364488855004 0.106001675501466 0.126559351012111 0.108482390083373 0.106564524676651 0.149904138594866 0.218221631646156 0.524838697910309 0.642389887571335 0.696611571311951 0.768003189563751 0.581517481803894 0.482744526863098 0.38094510436058 0.317851348221302 0.239560490846634 0.219156801700592 0.205364406853914 0.174859862029552 0.158912943303585 0.145737860351801 0.119415378943086 0.115891712903976 0.0931791454553604 0.0747458148747683 0.0470508358441293 0.0225362136628974 0.0458946553990245 0.0940312847495079 0.114186958968639 0.111929585039616 0.0965181477367878 0.0104648012667894 -0.0478641459718347 -0.0706435286905616 -0.073756285617128 -0.0722527891630307 -0.0812761828303337 -0.0893962264060974 -0.0946756679564714 -0.0953576989471912 -0.0941131502389908
-9999 -9999 -9999 -9999 -9999 -9999 -9999 -9999 -9999 -9999 -9999 -9999 -9999 -9999 0.0397653849795461 0.105352784693241 0.13728249296546 0.105687864124775 0.0972392098978162 0.106513281678781 0.152288163895719 0.36963175535202 0.706868755817413 0.76492269039154 0.751398193836212 0.73299435377121 0.816996550559998 0.79811224937439 0.628885519504547 0.43442944586277 0.303966741263866 0.219333602488041 0.194559510797262 0.172834043204784 0.156496179103851 0.149296624958515 0.154859046638012 0.152733847498894 0.13496730774641 0.0913194961845875 0.0418187986593693 0.0381886892719194 0.0398924914188683 0.0469562139362097 0.0649427462369204 0.0425712786614895 -0.00726489573717117 -0.0582835629582405 -0.0790337961167097 -0.0840402808040381 -0.0885215274989605 -0.0942544870078564 -0.0986229754984379 -0.0979252893477678 -0.0975121684372425 -0.0994094647467136
-9999 -9999 -9999 -9999 -9999 -9999 -9999 -9999 -9999 -9999 -9999 -9999 -9999 -9999 0.062765826843679 0.0451988622546196 0.12214715667069 0.108206957951188 0.0918761307373643 0.0962559830863029 0.102964800596237 0.0981279481202364 0.089728669077158 0.136277722381055 0.336176960915327 0.450556430220604 0.702777111530304 0.742403995990753 0.877735888957977 0.677952587604523 0.428420254588127 0.32233629822731 0.221602211892605 0.176218143850565 0.164953733980656 0.175390282273293 0.199713057279587 0.227658367156982 0.220117539167404 0.165420565009117 0.0735986642539501 0.0608477730304003 0.0222518462105654 0.00632637403905392 0.0185884865000844 0.0128384586423635 -0.0200996324419975 -0.0606298037571833 -0.0769429929554462 -0.0820538602769375 -0.0929524999111891 -0.0937422532588243 -0.0971575666218996 -0.0973262663930654 -0.0977628141641617 -0.0994516685605049
-9999 -9999 -9999 -9999 -9999 -9999 -9999 -9999 -9999 -9999 -9999 -9999 -9999 -9999 -9999 0.0461299069225788 0.0561701435595751 0.112884456291795 0.0870794102549553 0.0909733737818897 0.0873896301724017 0.0743456684052944 0.0581197753548622 0.0507515400648117 0.0430112838745117 0.0559371717274189 0.126537699811161 0.268644920736551 0.568451118469238 0.742633581161499 0.555320364236832 0.417248243093491 0.251724989712238 0.19423713311553 0.167468962073326 0.187798291444778 0.213652935624123 0.233710473775864 0.251838982105255 0.264393478631973 0.249466621875763 0.144872085750103 0.0329720431938767 -0.0114985778927803 -0.0114193893969059 -0.00691772662103176 -0.0237567339092493 -0.0446112386882305 -0.0541850270237774 -0.0578914706129581 -0.0640794846229255 -0.073513244278729 -0.0852341834455728 -0.0894809510558844 -0.0919769443571568 -0.0992802381515503
-9999 -9999 -9999 -9999 -9999 -9999 -9999 -9999 -9999 -9999 -9999 -9999 -9999 -9999 -9999 0.0867935929447412 0.0292300747707486 0.0980806408450007 0.0750055216252804 0.0843977887183428 0.0874439495615661 0.0808878131210804 0.0868476008996368 0.0876437984406948 0.0786895277677104 0.0892301987856627 0.0659689899533987 0.0705981809645891 0.074985782802105 0.583830863237381 0.768108737468719 0.518197160959244 0.364733397960663 0.264479291439056 0.187581194192171 0.189291474223137 0.199291920661926 0.212625515460968 0.249271059036255 0.3121178150177 0.387447786331177 0.240753161907196 0.0496743625961244 -0.0233638402074575 -0.0274470210075378 -0.0143015518784523 -0.0202820539474487 -0.0213658455759287 -0.0198599983006716 -0.0170735351741314 -0.0134226270020008 -0.0289460457861423 -0.0533838249742985 -0.0625252683646977 -0.070366305205971 -0.0861243221908808
-9999 -9999 -9999 -9999 -9999 -9999 -9999 -9999 -9999 -9999 -9999 -9999 -9999 -9999 -9999 0.261719852685928 0.0578793279826641 0.0544112425297499 0.0901342343539 0.0765282679349184 0.0731855049729347 0.0808851511450484 0.0865406153723598 0.0883147930726409 0.0855716525227763 0.0820505701936781 0.0733777705579996 0.0689355581998825 0.0546057991683483 0.187041780725122 0.588133311271667 0.521284645795822 0.456885087490082 0.429895430803299 0.270514532923698 0.185417628288269 0.176819185912609 0.191879627108574 0.219448021054268 0.274205201864243 0.329910486936569 0.235662847757339 0.0558430110104382 -0.0155867904424667 -0.0331802279688418 -0.0287382732145488 -0.0156279377639294 0.003251913189888 0.0235898086102679 0.0343357902951539 0.0329512442462146 0.0345915640820749 0.0256189677398652 0.0187128927558661 0.00636084116995335 -0.000846367329359055
-9999 -9999 -9999 -9999 -9999 -9999 -9999 -9999 -9999 -9999 -9999 -9999 -9999 -9999 -9999 -9999 0.141731715202332 0.0505248054862022 0.0660968586802483 0.0883119592443109 0.0582218177616596 0.0657889291644096 0.0811025228351355 0.0870531281456351 0.0881692070513964 0.0897128975018859 0.0870717016630806 0.086196798295714 0.079498041793704 0.0904342651367187 0.224195086210966 0.497313159704208 0.516434419155121 0.601764899492264 0.458973473310471 0.255905930697918 0.19731931835413 0.176848228275776 0.1960544526577 0.249958735704422 0.31644886136055 0.184400099515915 0.030828519910574 -0.0147890930995345 -0.0271651972550899 -0.0245293201878667 0.00635598562657833 0.0450858727097511 0.088805840164423 0.114509269595146 0.112958277761936 0.132598309218884 0.13427849560976 0.12776572406292 0.117424327135086 0.120766434073448
-9999 -9999 -9999 -9999 -9999 -9999 -9999 -9999 -9999 -9999 -9999 -9999 -9999 -9999 -9999 -9999 -9999 0.166754592955112 0.0551410109736025 0.0630748856812716 0.0895885741803795 0.0810326248407364 0.0741868279874325 0.077190674841404 0.0833720773458481 0.0881605241447687 0.0907294038683176 0.0915849007666111 0.0898017607629299 0.0846914988011122 0.103977570682764 0.294263154268265 0.63121787905693 0.712002742290497 0.625547462701798 0.432076740264893 0.264576463401318 0.170645100623369 0.142140381783247 0.135398410260677 0.101149161159992 0.0740424692630768 0.0231337431818247 -0.000556890107691288 0.000660022720694542 0.0147050767205656 0.0457030681893229 0.0982827350497246 0.15843066573143 0.210368850827217 0.260035416483879 0.223479282855988 0.181708234548569 0.169290682673454 0.170421543717384 0.190950009226799
-9999 -9999 -9999 -9999 -9999 -9999 -9999 -9999 -9999 -9999 -9999 -9999 -9999 -9999 -9999 -9999 -9999 -9999 -9999 0.0624880163464695 0.065589034371078 0.0712011989206076 0.103079545870423 0.0948259811848402 0.0846203062683344 0.0847936756908894 0.0890579801052809 0.0925476022064686 0.0922087009996176 0.0884316956158727 0.0852215096354485 0.130419293791056 0.32679248303175 0.674369543790817 0.753594136238098 0.647854781150818 0.554596757888794 0.302372059226036 0.174350231513381 0.108315498940647 0.0473780952394009 0.0497079730033875 0.0356697775423527 0.0265280120074749 0.0402799747884274 0.0485037728212774 0.0696300841867924 0.114668945968151 0.173322081565857 0.242156192660332 0.313685703277588 0.268547275662422 0.195244938135147 0.170182053744793 0.163713157176971 0.180852201581001
-9999 -9999 -9999 -9999 -9999 -9999 -9999 -9999 -9999 -9999 -9999 -9999 -9999 -9999 -9999 -9999 -9999 -9999 -9999 -9999 -9999 0.066032025963068 0.0683957951609045 0.0819584637880325 0.101045344024897 0.0851305980235338 0.0849976569414139 0.0896908171474934 0.0915968492627144 0.091261687502265 0.0888958228402771 0.0872472047805786 0.114999458566308 0.301252651959658 0.715982711315155 0.82262179851532 0.673855501413345 0.472047466039658 0.331562361121178 0.175680572539568 0.121021712198853 0.0967228285968304 0.0823401848785579 0.0829291112720966 0.0752253860235214 0.076542716100812 0.0869511649012566 0.0920424178242683 0.128820449113846 0.223480078577995 0.279549059271812 0.252699235081673 0.190954381227493 0.153349009156227 0.112296806275845 0.0697465963661671
-9999 -9999 -9999 -9999 -9999 -9999 -9999 -9999 -9999 -9999 -9999 -9999 -9999 -9999 -9999 -9999 -9999 -9999 -9999 -9999 -9999 -9999 -9999 0.0662915667518973 0.0696272835601121 0.101903527602553 0.0890893667936325 0.0848439082503319 0.088135975971818 0.0903155945241451 0.0899689886718988 0.086703317053616 0.0773447923362255 0.105970958247781 0.267524204589426 0.627024775743484 0.784094178676605 0.526764297485352 0.429973012208939 0.273405170440674 0.170831246674061 0.152946824580431 0.156621138751507 0.150737732648849 0.135363340377808 0.125604440271854 0.12136187851429 0.117361707985401 0.14289778470993 0.215536764264107 0.258360984921455 0.228797098994255 0.169209548830986 0.128812509775162 0.0894715785980225 0.0475489066913724
-9999 -9999 -9999 -9999 -9999 -9999 -9999 -9999 -9999 -9999 -9999 -9999 -9999 -9999 -9999 -9999 -9999 -9999 -9999 -9999 -9999 -9999 -9999 -9999 -9999 0.0566577851772308 0.0828681610524654 0.0836898721754551 0.0790593698620796 0.0861892197281122 0.0887640561908483 0.0887320097535849 0.0862858564127237 0.0805602177977562 0.0916752189397812 0.145301436260343 0.465661630034447 0.683801180124283 0.479379683732986 0.247221505641937 0.166406437754631 0.18678827136755 0.242034867405891 0.250497084856033 0.227323800325394 0.212226265668869 0.18486624956131 0.194098690152168 0.198464292287827 0.227969798445702 0.252337002754211 0.210796147584915 0.138487361371517 0.110557571053505 0.105079058557749 0.106825396418571
-9999 -9999 -9999 -9999 -9999 -9999 -9999 -9999 -9999 -9999 -9999 -9999 -9999 -9999 -9999 -9999 -9999 -9999 -9999 -9999 -9999 -9999 -9999 -9999 -9999 0.0697506068274379 0.0596024956554174 0.0839458590373397 0.0826632212847471 0.0804944537580013 0.0835916679352522 0.0869099479168653 0.0883147988468409 0.086396986618638 0.0849215973168611 0.0953343734145164 0.198644305579364 0.392480409145355 0.510524183511734 0.261046546697617 0.133958357572556 0.177555526793003 0.300925189256668 0.348731774091721 0.316190773248673 0.288702923059463 0.244526964426041 0.228926056623459 0.208328941464424 0.211542746424675 0.212815263867378 0.171721738576889 0.125208607316017 0.115311841666698 0.126842854917049 0.134034512937069
-9999 -9999 -9999 -9999 -9999 -9999 -9999 -9999 -9999 -9999 -9999 -9999 -9999 -9999 -9999 -9999 -9999 -9999 -9999 -9999 -9999 -9999 -9999 -9999 -9999 -9999 -9999 0.0585679214447737 0.0814496346749365 0.0825702905654907 0.0851511403918266 0.0858450554311276 0.0876859176903963 0.0865186423063278 0.0841685174033046 0.0806404732167721 0.108008547313511 0.190393650531769 0.315416213870049 0.226137283444405 0.12655569203198 0.141243195533752 0.337055897712707 0.427185213565826 0.376534807682037 0.327550029754639 0.285626056790352 0.217534467577934 0.176448369026184 0.170774686336517 0.152564065158367 0.141794374585152 0.12202694863081 0.123891757428646 0.151203943789005 0.159060245752335
-9999 -9999 -9999 -9999 -9999 -9999 -9999 -9999 -9999 -9999 -9999 -9999 -9999 -9999 -9999 -9999 -9999 -9999 -9999 -9999 -9999 -9999 -9999 -9999 -9999 -9999 -9999 0.0609047595411539 0.0725703924894333 0.0848812263458967 0.0817776948213577 0.0845193862915039 0.0875566255301237 0.087789148837328 0.0844678670167923 0.0786014150828123 0.0798109481111169 0.114944672584534 0.203386199474335 0.196387167274952 0.109571518748999 0.0940972350537777 0.194998735189438 0.270308938622475 0.32218496799469 0.359836953878403 0.318764734268188 0.238489973545074 0.177564191818237 0.138396920263767 0.120753791928291 0.132839234173298 0.155192776024342 0.17608588039875 0.179884859919548 0.155271580815315
-9999 -9999 -9999 -9999 -9999 -9999 -9999 -9999 -9999 -9999 -9999 -9999 -9999 -9999 -9999 -9999 -9999 -9999 -9999 -9999 -9999 -9999 -9999 -9999 -9999 -9999 -9999 -9999 0.0651220485568047 0.0830886560492217 0.0779543600045145 0.0813364040106535 0.0884038433432579 0.0901493534445763 0.0865721959620714 0.0789978213608265 0.0721616810187697 0.0849731992930174 0.132721794396639 0.161483734101057 0.0868678187951446 0.0542214334011078 0.0848985746502876 0.126406528055668 0.207209181785584 0.412269222736359 0.33532989025116 0.263267025351524 0.19971370100975 0.13354936093092 0.101060798764229 0.140147395431995 0.221121481060982 0.251316261291504 0.194928601384163 0.141910825669765
