meets/meet004/_saidas_enm/ensemble_aver_Cavanillesia_umbellata_CCSM_21k_SVM.asc
NCOLS 154 
NROWS 168 
XLLCORNER -112 
YLLCORNER -55.5 
CELLSIZE 0.5 
NODATA_value -9999 
[rows 48 to 71 of 168, columns 56 to 111 of 154]
-9999 -9999 -9999 -9999 -9999 -9999 -9999 -9999 -9999 -9999 -9999 -9999 -9999 0.0965669088065624 0.095210088044405 0.135388074815273 0.495909309387207 0.547617679834366 0.222284162044525 0.108319313824177 0.101864535361528 0.0783057704567909 0.0380308641586453 0.0190636456012726 0.0339013651013374 0.0498470198363066 0.0515330459922552 0.050662699341774 0.0464516468346119 0.0518793530762196 0.0577814973890781 0.049287608359009 0.048210562672466 0.0699358129873872 0.081156213581562 0.0300543608143926 -0.0352377509698272 -0.0321608509868383 -0.0148194335401058 0.0050180543679744 0.0409053958952427 0.0652508303523064 0.0977354995906353 0.123199512064457 0.068479722738266 -0.017451549321413 -0.141280473023653 -0.118488968908787 -0.0995611727237701 -0.0865415841341019 -0.0282095590140671 0.0144306849688292 0.0797801430802792 0.182952424883842 0.218753969669342 0.207802665233612
-9999 -9999 -9999 -9999 -9999 -9999 -9999 -9999 -9999 -9999 -9999 -9999 -9999 0.0965306609869003 0.0945120610296726 0.133831825852394 0.465776079893112 0.453841060400009 0.213591086864471 0.116048936545849 0.107676529884338 0.0514745084568858 -0.0113932441920042 -0.0410769283771515 -0.0323576137423515 -0.012328152731061 0.0100835042190738 0.00904093161225319 0.0026003822684288 0.0129135765135288 0.0282104881713167 0.0229837950319052 0.026633220911026 0.0691893028095365 0.105689399689436 0.0442610345780849 -0.0443532019853592 -0.081725800037384 -0.0786916732788086 -0.0570029076188803 -0.0340137266553938 0.00374547885730863 0.0374996177852154 0.0557659958489239 -0.00957067059352994 -0.132885083649307 -0.205883352458477 -0.219294953346252 -0.204468926787376 -0.163988034427166 -0.110067683458328 -0.0475922297686338 0.0151099879294634 0.0798254085704684 0.13810146972537 0.156774905323982
-9999 -9999 -9999 -9999 -9999 -9999 -9999 -9999 -9999 -9999 -9999 -9999 -9999 0.0964176476001739 0.0929177731275558 0.156016363203526 0.411360591650009 0.324587368965149 0.141189866513014 0.0728484900144395 0.0963700592517853 0.0363418917637318 0.00345782139338553 0.000757076591253281 -0.0235925063490868 -0.00901244468986988 0.0528278646990657 0.0689164502546191 0.0631679475307465 0.0472977507859468 0.0544905041344464 0.0416740320622921 0.0535380721092224 0.128804275393486 0.249075850844383 0.19789732247591 0.0399686116725206 -0.0410043396055698 -0.0713176464661956 -0.0697135582566261 -0.043946704082191 -0.0525620376691222 -0.0374011799693108 -0.057030600681901 -0.123523881658912 -0.18466584533453 -0.208873623609543 -0.198791165649891 -0.190944650769234 -0.166014349460602 -0.122695871442556 -0.0745812091976404 -0.00899730958044529 0.0519002050161362 0.111518871039152 0.135878624767065
-9999 -9999 -9999 -9999 -9999 -9999 -9999 -9999 -9999 -9999 -9999 -9999 -9999 0.0931928232312202 0.088854043930769 0.118743307888508 0.293742468953133 0.279820218682289 0.150095389038324 0.0586742236278951 0.0608851011842489 0.0880478672683239 0.131631849706173 0.173070806264877 0.186854457855225 0.193485808372498 0.228414881229401 0.190463307499886 0.136127278208733 0.103318057954311 0.0931407690048218 0.11423574090004 0.176704025268555 0.353758853673935 0.467292588949204 0.358521673083305 0.115738801285624 -0.00330142751336098 -0.0443152946420014 -0.0617921464145184 -0.0525686223059893 -0.0673765145242214 -0.0652457703836262 -0.0824086202774197 -0.120707470551133 -0.14825813472271 -0.163182906061411 -0.127523679565638 -0.118223976576701 -0.108089161850512 -0.0619648915715516 -0.0330701032653451 0.0413675831630826 0.0877067566849291 0.112097658216953 0.120890807360411
-9999 -9999 -9999 -9999 -9999 -9999 -9999 -9999 -9999 -9999 -9999 0.0939863316714764 0.0900446623563766 0.0901609934866428 0.0857216607779265 0.0827962167561054 0.130797633528709 0.191322785615921 0.133423843234777 0.0595371274277568 0.0647134634666145 0.126673472672701 0.227269501984119 0.289668262004852 0.298600447177887 0.233774620294571 0.15631195306778 0.0773392572999001 0.0501750966534018 0.0528034140355885 0.0605535317212343 0.0751444786787033 0.192439389228821 0.519157296419144 0.751323616504669 0.465324640274048 0.167303174734116 0.0314345378428698 -0.0154405171517283 -0.0422085196478292 -0.0483632153831422 -0.0749696472659707 -0.0719566484389361 -0.0864226493285969 -0.113831306807697 -0.0950052881613374 -0.113298318907619 -0.0598948844708502 -0.053266866505146 -0.0647965338081122 -0.0108943089842796 0.0200266502797604 0.0765791358309798 0.0981621518731117 0.0896695472300053 0.0947544783353806
-9999 -9999 -9999 -9999 -9999 -9999 -9999 -9999 -9999 -9999 0.0941803187131882 0.0904432982206345 0.0865274265408516 0.0875070862472057 0.0882393497973681 0.0800871398299932 0.0605786382686347 0.110625064373016 0.186592352390289 0.189716416597366 0.14030444175005 0.143528282642365 0.137122195214033 0.136960840970278 0.106025454774499 0.0539266752079129 0.0278471624478698 0.0307394593954086 0.0415139002725482 0.0510376811958849 0.052590339910239 0.0473538853228092 0.103030855953693 0.421603941917419 0.762159430980682 0.526941484212875 0.2265121281147 0.0645892610773444 0.0253530463203788 -0.00303956791758537 -0.0172175399959087 -0.0445916838943958 -0.0529934755526483 -0.0666698958724737 -0.0922471253201365 -0.0849844455718994 -0.0902120843529701 -0.0646145381033421 -0.0557060927152634 -0.0293115194886923 0.02657171189785 0.0512662600725889 0.0670921169221401 0.0662662751972675 0.0465235099196434 0.031104313954711
-9999 -9999 -9999 -9999 -9999 -9999 -9999 -9999 -9999 -9999 0.0828438773751259 0.0729210722725838 0.0677254693582654 0.0815404717810452 0.0886732950806618 0.0870142519474029 0.0637006056495011 0.0409323129802942 0.0777131922543049 0.112069354951382 0.11371187120676 0.0697963181883097 0.0312542486935854 0.0170099142938852 0.018764977529645 0.0237501706928015 0.0363708566874266 0.0471459639724344 0.054076511412859 0.0584393173456192 0.0582070469856262 0.0485226502642035 0.0460545357316732 0.234618264436722 0.622841328382492 0.514656531810761 0.305905693769455 0.103588676452637 0.058319461112842 0.0350154642015696 0.0157872739247978 -0.00919705256819725 -0.0242588644847274 -0.039679941162467 -0.0568305864930153 -0.0722553867846727 -0.082959806965664 -0.0557123398408294 -0.0374785407911986 0.00887325666844845 0.0368882250972092 0.0236318609677255 0.016088954731822 -0.00145401577465236 -0.0290719712153077 -0.0321305064484477
-9999 -9999 -9999 -9999 -9999 -9999 -9999 -9999 0.0893571838736534 0.0763443868607283 0.0551143358461559 0.0515614246949554 0.0530506897717714 0.0720900283195078 0.0845759278163314 0.0854093577712774 0.0678394299000502 0.0421787852421403 0.0314109484432265 0.0277020186185837 0.0221875995281152 0.0207653976045549 0.023207650706172 0.028956451267004 0.0353351034224033 0.0437931924127042 0.0514877842739224 0.058323261141777 0.0617990210652351 0.0618365362286568 0.0601832590997219 0.0499278882518411 0.0358643544837832 0.0964469939470291 0.443335735797882 0.521509885787964 0.290047997236252 0.124494740366936 0.062404433824122 0.0291407555341721 0.0031399910338223 -0.00068835886195302 -0.000775849539786577 -0.0112987242639065 -0.038971845805645 -0.0529539784416556 -0.0512666270136833 -0.0412565726786852 -0.032873111218214 -0.0238600019365549 -0.022965831309557 -0.0344834171235561 -0.0406190253794193 -0.0455031599849463 -0.0639970403164625 -0.069232114776969
-9999 -9999 -9999 -9999 -9999 -9999 -9999 -9999 0.0748350836336613 0.0500641047954559 0.104131093621254 0.0554035499226302 0.0433262156322598 0.0646572777070105 0.0762500663287938 0.0770814713090658 0.0668559305369854 0.0562750624492765 0.0489066098351032 0.0425898250192404 0.0404167054221034 0.0413653856143355 0.0428159672766924 0.0447218197397888 0.0508867848664522 0.058255710080266 0.0625023148953915 0.0665743239223957 0.0685726910829544 0.0681357808411121 0.0649941720068455 0.0546100962907076 0.0372687511146069 0.0342151863500476 0.205845671892166 0.425476199388504 0.384058418869972 0.169086135923862 0.0916771199554205 0.0413969831541181 0.0123097201809287 0.012993835657835 0.00397295467555523 -0.00615962073206902 0.0131749891676009 -0.0023265715688467 -0.0213529804721475 -0.0344897877424955 -0.0468085173517466 -0.0292495356872678 -0.0220132775604725 -0.02047164067626 -0.0208077812567353 -0.0281201573088765 -0.036708902195096 -0.045382175326813
-9999 -9999 -9999 -9999 -9999 -9999 -9999 0.0859268635511398 0.0590428618714213 0.0941950209438801 0.105667658895254 0.0375364476814866 0.0403125431388617 0.0574151979526505 0.0639427101239562 0.0672320673707873 0.056791367707774 0.0556050782091916 0.0565031683072448 0.0560991294682026 0.0553541529923677 0.0557010717689991 0.0558367062360048 0.0584124382585287 0.0636092655360699 0.0651277646422386 0.0649574659764767 0.0644279792904854 0.0649529702961445 0.0662284880876541 0.0676173880696297 0.0583157647401094 0.042113146383781 0.0235325764864683 0.0640321319922805 0.245783758163452 0.346806100010872 0.321331897377968 0.233040070533752 0.153208204358816 0.0835986105725169 0.0508521754294634 0.0511198747903109 0.0317791460081935 0.016709325183183 -0.017730248440057 -0.0122341901063919 0.00743850786238909 0.00696751568466425 0.0139047980308533 0.0128734245896339 0.00989539176225662 0.00332677066326141 -0.00692669991403818 -0.0187581254169345 -0.0258580343797803
-9999 -9999 -9999 -9999 -9999 -9999 -9999 0.0760973636992276 0.081659597158432 0.155972549319267 0.0765298815444112 0.0188925627619028 0.0373126499354839 0.0570753050968051 0.0486956493929028 0.0439143028110266 0.0422766594216228 0.0470742653124034 0.0480915315449238 0.0497390487405937 0.0485076425597072 0.0495958995074034 0.0524202395230532 0.0513049203902483 0.0509829893708229 0.0518920972943306 0.0517008174210787 0.0538548156619072 0.0539457611739635 0.052531611174345 0.0538482539355755 0.0552642699331045 0.0475743271410465 0.0340233951807022 0.0139931736513972 0.0429344978183508 0.133581756055355 0.209587247669697 0.214185266196728 0.164291819930077 0.094820823520422 0.0485689332708716 0.000330372806638479 -0.0083475572289899 0.00497941134963185 0.0132664442295209 0.0195190168917179 0.0160176482051611 0.0139963216148317 0.0174689315259457 0.0192884208634496 0.0219669448211789 0.0248711307998747 0.0240572659298778 0.0161873362958431 0.00327718704938889
-9999 -9999 -9999 -9999 -9999 -9999 0.0869196636835113 0.0764824403449893 0.159336130321026 0.159876050055027 0.0953823924064636 0.0279767594474833 0.0390803441405296 0.0675991147756577 0.0438344652764499 0.0291194461286068 0.0246626165229827 0.0278880065307021 0.0300641051726416 0.0410607356578112 0.0428297663107514 0.0415039478801191 0.0418495273217559 0.0411519740708172 0.0412417073268443 0.0414588254643604 0.0416669006168377 0.0416532456292771 0.0427724364912137 0.0456398318521678 0.0480794114992023 0.0506907105445862 0.0522735454142094 0.0479684409685433 0.0332889929413795 0.014069399330765 0.00508348196744919 0.00795871317386627 0.00641834791749716 0.00491646570153534 0.00126391937956214 0.00902781216427684 0.0167559701949358 0.0171503346413374 0.021514293178916 0.0226289842277765 0.0242492329329252 0.0280717797577381 0.030265199765563 0.0357380485162139 0.0329654157161713 0.0303984850645065 0.0258303564041853 0.0235330499708652 0.019835695065558 0.014296190906316
-9999 -9999 -9999 -9999 -9999 -9999 0.0801673676818609 0.0755294572561979 0.108611040562391 0.151746921241283 0.1037832506001 0.0286384552717209 0.0353371284902096 0.0680387690663338 0.0399199463427067 0.0106245741713792 0.0064631124958396 0.00729718152433634 0.00895296055823564 0.0225235025864094 0.0308765454217792 0.0317349031567574 0.0324714377522469 0.0308426037430763 0.0308904241770506 0.0324174709618092 0.0322116531431675 0.0333115305751562 0.034806689620018 0.0378704950213432 0.0419028995558619 0.0447144884616137 0.0475631655659527 0.0484950779617066 0.0479223795235157 0.0417924473062158 0.0317867001518607 0.0255679161287844 0.0244934280402958 0.0214114677160978 0.0190058305859566 0.0218943744897842 0.0238823208957911 0.0249902945011854 0.0318376317620277 0.031053352355957 0.0294138763099909 0.0262358110398054 0.0224513545632362 0.0233141846954823 0.0292169587686658 0.0394832650199533 0.0507204078137875 0.0496771268546581 0.0359039200935513 0.0175203651189804
-9999 -9999 -9999 -9999 -9999 -9999 0.0839135907590389 0.0595927387475967 0.0459510068409145 0.100964143872261 0.0972254790365696 0.0338048430159688 0.0268515147268772 0.0591351393610239 0.0246349562425166 -0.00249816626310349 -0.0110136482864618 -0.0129180669784546 -0.0129955172538757 0.00302533432841301 0.0164199451799504 0.0155745117925107 0.0172586680855602 0.0158410258591175 0.0173869814258069 0.0190473830520205 0.0194524420890957 0.0195675363065675 0.0210078324656934 0.0241549795377068 0.0272368109319359 0.0307638183236122 0.0342921067029238 0.0362676376476884 0.0377268549054861 0.0381317688152194 0.0326224483549595 0.02690016515553 0.0224758330732584 0.0200537547469139 0.0216170769184828 0.0229517884552479 0.0236253257840872 0.0231174111366272 0.0278912821784616 0.0283865116536617 0.0282894865609705 0.0353184454143047 0.0441583253443241 0.0577504843473434 0.0755125805735588 0.0829007223248482 0.0923141043633223 0.0909580243751407 0.0701958378776908 0.0387217998504639
-9999 -9999 -9999 -9999 -9999 -9999 -9999 0.0342414334416389 -0.0313301478978246 0.0422901580110192 0.0973487094044685 0.0462652650661767 0.00252167629078031 0.0356346751563251 0.00795871054288 -0.0180589817231521 -0.0206740085035563 -0.0227520912885666 -0.0235577182844281 -0.0178467027842998 -0.00850975010544062 -0.00375803112983704 0.000788958743214607 0.00141815692186356 0.000126002356410027 -0.000577641278505325 -0.00183401182293892 -0.00196383520960808 -0.00254992917180061 -0.00356388129293919 -0.00191458631306887 -0.000978916510939598 0.00319561487995088 0.00547639316682762 0.00796968918293714 0.0106341475620866 0.0109879987314343 0.011427085660398 0.0109059093752876 0.0143362581264228 0.0204379700124264 0.0348161984235048 0.048924071714282 0.062330486625433 0.0858747243881226 0.0981249690055847 0.110023830831051 0.109507575631142 0.135787891596556 0.172894741594791 0.194976811110973 0.208987572789192 0.193878647685051 0.179289777576923 0.160670248419046 0.123696841485798
-9999 -9999 -9999 -9999 -9999 -9999 -9999 -9999 -0.0686863996088505 0.0130168061703444 0.131135983765125 0.0768216609954834 -0.0119294062256813 0.00771469767205417 -0.0166853282600641 -0.0201654614880681 -0.0109106438234448 -0.00789283253252506 -0.0154864333570004 -0.018626862205565 -0.0119837475940585 -0.00545859783887863 0.00569723770022392 0.0116971723735332 0.00586523860692978 -0.00109923928976059 -0.00551247596740723 -0.0106735546141863 -0.0113347925245762 -0.0113696753978729 -0.0140989318490028 -0.0141883015632629 -0.0155082613229752 -0.0112889710813761 -0.00417831763625145 0.00316942036151886 0.00872846618294716 0.0177255216985941 0.0279866419732571 0.0446315796114504 0.0713891547173262 0.0958207719027996 0.137417243421078 0.167856703698635 0.198810859024525 0.231462156772614 0.224650876224041 0.210488341748714 0.224137616157532 0.262500989437103 0.281234888732433 0.305987095832825 0.315595874190331 0.30212516784668 0.27930074930191 0.264182178676128
-9999 -9999 -9999 -9999 -9999 -9999 0.0170056700706482 -0.0454342488199472 -0.0817416772246361 0.0133782266406342 0.108177448064089 0.0754321686923504 -0.0187504266388714 -0.0269306696951389 -0.0107962691225111 0.0477936020120978 0.0603379245847464 0.0174329651519656 -0.00508921053260565 -0.0127031601965427 -0.00920069478452206 0.00242645516991615 0.0133924424648285 0.0271368037909269 0.0351584719493985 0.0361994119361043 0.0338053435087204 0.021344006434083 0.00978405214846134 0.0121066242456436 0.00817338824272156 0.00569092631340027 0.000736034661531448 0.00630683898925781 0.0152471587061882 0.0265510827302933 0.0503845065832138 0.0740689218044281 0.0972045026021078 0.136470741778612 0.167870811372995 0.214882855117321 0.252379535138607 0.284163480997086 0.331018143892288 0.348607024550438 0.343968912959099 0.315503051877022 0.311442774534225 0.344327652454376 0.379587954282761 0.401748245954514 0.409038579463959 0.402055293321609 0.376848313212395 0.332334807515144
-9999 -9999 -9999 -9999 -9999 0.0727827852591872 -0.0654764767736196 -0.109636957943439 -0.0761378392577171 0.00287257432937622 0.0787321185693145 0.0858908478170633 0.0157734070919105 0.020898806117475 0.106748674809933 0.240072274208069 0.206612277030945 0.0830440958030522 0.0159613425435964 0.00870545406360179 0.010996962338686 0.0241083045955747 0.0272350794868544 0.0499979799613357 0.0873319679871201 0.110713595151901 0.11234929934144 0.0994606591761112 0.0861250601708889 0.0579690847545862 0.0513253685086966 0.0544582942500711 0.0416486602276564 0.0410230735316873 0.047874085791409 0.046285368129611 0.0830146476626396 0.126161829009652 0.157424546778202 0.217143449187279 0.241529980301857 0.279043719172478 0.318139508366585 0.341007432341576 0.394620087742805 0.403704515099525 0.402527862787247 0.380855503678322 0.376319727301598 0.387281835079193 0.40728765130043 0.407164281606674 0.393403559923172 0.377561125159264 0.32759655714035 0.27099632024765
-9999 -9999 -9999 -9999 -9999 0.0180722683668137 -0.128610773384571 -0.151155763864517 -0.085220355913043 0.00952679514884949 0.0949218172580004 0.110324965417385 0.119141352176666 0.171107903122902 0.262361288070679 0.334449374675751 0.278690925240517 0.170472152531147 0.0893886534497142 0.0950556861236691 0.123460773378611 0.142942336201668 0.148014187812805 0.1712880179286 0.205381909012794 0.222175553441048 0.212268683314323 0.196610614657402 0.185274192690849 0.157940930128098 0.128124032914639 0.105449042096734 0.0916681859642267 0.0792308386415243 0.0747493200004101 0.0760915957391262 0.110675456374884 0.152069449424744 0.177118219435215 0.231544674932957 0.268547356128693 0.32328040599823 0.359721785783768 0.39822379052639 0.426852682232857 0.431697630882263 0.417500615119934 0.394817537069321 0.38592324256897 0.360521769523621 0.344487056136131 0.334159570932388 0.317197343707085 0.302512595057488 0.265885406732559 0.221647992730141
-9999 -9999 -9999 -9999 -9999 -9999 -0.148986339569092 -0.171696388721466 -0.0613613462075591 0.017456022487022 0.0970548832789064 0.0969535145908594 0.14589729309082 0.207994917035103 0.254387235641479 0.362788838148117 0.308649274706841 0.224601167440414 0.190046161413193 0.182186278700829 0.243464294075966 0.255259495973587 0.296247929334641 0.326594173908234 0.336876684427261 0.352509719133377 0.325354981422424 0.307507741451263 0.280099803209305 0.238244342803955 0.219066253304482 0.183296029269695 0.154972852021456 0.133889511972666 0.109530759602785 0.101775129139423 0.126256613433361 0.168481467664242 0.213225534558296 0.272021624445915 0.329190549254417 0.37454706132412 0.422207027673721 0.438908857107162 0.433886289596558 0.422210431098938 0.397153222560883 0.364344441890717 0.344856119155884 0.303175812959671 0.273964676260948 0.256392556428909 0.228250777721405 0.204496648907661 0.164954881370068 0.149544239044189
-9999 -9999 -9999 -9999 -9999 -9999 -0.0766040027141571 -0.177708394825459 -0.036149893514812 0.0488051114603877 0.0926228918833658 0.0692489363253117 0.0441733969375491 0.0520364705007523 0.104694913327694 0.163234427571297 0.215885709226131 0.242258344590664 0.27042735517025 0.253248134255409 0.262998458743095 0.304258507490158 0.353976440429688 0.377796393632889 0.379965591430664 0.369603157043457 0.361051309108734 0.351392304897308 0.330663967132568 0.293853342533112 0.258890542387962 0.239014486968517 0.221721233427525 0.205645510554314 0.189966529607773 0.179888845980167 0.202802777290344 0.238575795292854 0.268919941782951 0.315844172239304 0.359324038028717 0.400382405519485 0.430466848611832 0.43344618678093 0.421738094091415 0.404404789209366 0.370657685399055 0.335632514953613 0.313671478629112 0.275152295827866 0.241243293881416 0.201045402884483 0.157770763337612 0.138135781884193 0.106845865398645 0.0793017018586397
-9999 -9999 -9999 -9999 -9999 -9999 0.106639712303877 -0.184755536913872 -0.0796029847115278 0.0253215582109988 0.0745602991431951 0.0669518120586872 0.0293273061513901 0.0215549672488123 0.0217738280072808 0.0386351279914379 0.107309236377478 0.217849175632 0.271859911084175 0.261538578569889 0.251605299115181 0.300860029459 0.354906436800957 0.375842595100403 0.367787480354309 0.355003535747528 0.352823603153229 0.349378147721291 0.336659926176071 0.304987162351608 0.28533863723278 0.274115797877312 0.266086193919182 0.25671198964119 0.245915195345879 0.236036378145218 0.244042253494263 0.272870796918869 0.29001367688179 0.320224332809448 0.353974667191505 0.365359699726105 0.400984302163124 0.404247424006462 0.377563765645027 0.372484102845192 0.330800583958626 0.302840778231621 0.275070694088936 0.220551818609238 0.203377854824066 0.150762437283993 0.102607002854347 0.0725218904670328 0.0340590765699744 0.0250642988365144
-9999 -9999 -9999 -9999 -9999 -9999 -9999 -9999 -0.165368719398975 -0.0460397351533175 0.0652965202927589 0.0719122096896172 0.0483619257807732 0.0447081550955772 0.0319415166974068 0.0280964186415076 0.0659273441880941 0.141817254014313 0.216250740364194 0.275050111114979 0.268319118022919 0.313511976599693 0.355341178178787 0.365635335445404 0.361547204852104 0.342343384027481 0.34188420176506 0.334523755311966 0.323070567846298 0.306390988826752 0.290405461192131 0.286427190899849 0.282640308141708 0.281445655226707 0.279222318530083 0.27279779613018 0.279180058836937 0.287702924013138 0.291433745622635 0.311718705296516 0.327831542491913 0.353969356417656 0.37178755402565 0.368518486618996 0.359850111603737 0.341253778338432 0.317185336351395 0.283915624022484 0.256555888056755 0.215513390302658 0.169800443947315 0.123474159836769 0.0735038184560835 0.0476819790899754 0.0169747008010745 -0.00411877818405628
-9999 -9999 -9999 -9999 -9999 -9999 -9999 -9999 -0.0563529513776302 -0.113589207828045 0.0356717164628208 0.0757803678512573 0.0678955003619194 0.0690878726541996 0.0525084219872951 0.0373872701078653 0.0608121860772371 0.137249683402479 0.207711527682841 0.280715179443359 0.279446960985661 0.310004481673241 0.342540922760963 0.343140685558319 0.33763687312603 0.328167235851288 0.323829355835915 0.312048307061195 0.303680419921875 0.287089160084724 0.277012878656387 0.273318493366241 0.266341957449913 0.265521138906479 0.269618201255798 0.27235586643219 0.273043763637543 0.281153193116188 0.281119549274445 0.287350127100945 0.299709162116051 0.299768525362015 0.321663624048233 0.318803626298904 0.299603113532066 0.292799493670464 0.269647377729416 0.248031035065651 0.223051607608795 0.174648267030716 0.146752925217152 0.101226448267698 0.0566173176281154 0.025288472045213 -0.00898174326866865 -0.0223108746227808
