meets/meet004/_saidas_enm/ensemble_aver_Aralia_warmingiana_CCSM_0k_Maxent.asc
NCOLS 154 
NROWS 168 
XLLCORNER -112 
YLLCORNER -55.5 
CELLSIZE 0.5 
NODATA_value -9999 
[rows 100 to 124 of 168, columns 56 to 111 of 154]
-9999 -9999 -9999 -9999 -9999 -9999 -9999 -9999 -9999 -9999 -9999 -9999 -9999 -9999 -9999 -9999 -9999 -9999 -9999 -9999 -9999 -9999 -9999 -9999 -9999 -9999 -9999 -9999 0.117807719111443 0.186458605527878 0.220456019043922 0.140731118619442 0.106933180987835 0.0912715539336205 0.0973766148090363 0.0787721902132034 0.0505482316017151 0.0419942025095224 0.0687409266829491 0.182103011012077 0.260559695959091 0.414303460717201 0.453534471988678 0.173942850530148 0.123975428938866 0.129985152184963 0.170908530056477 0.166438766568899 0.153895226493478 0.170673343539238 0.192334523051977 0.200261241942644 0.223716168105602 0.281373472511768 0.373989713191986 0.487703603506088
-9999 -9999 -9999 -9999 -9999 -9999 -9999 -9999 -9999 -9999 -9999 -9999 -9999 -9999 -9999 -9999 -9999 -9999 -9999 -9999 -9999 -9999 -9999 -9999 -9999 -9999 -9999 -9999 0.112838305532932 0.197069917619228 0.223565816879272 0.142358092963696 0.105539956688881 0.0958742886781692 0.101121215522289 0.0815154619514942 0.0552633032202721 0.0454134624451399 0.0805337391793728 0.214631181955338 0.268238389492035 0.417826324701309 0.408655494451523 0.163346226513386 0.134324756264687 0.1402507558465 0.200204141438007 0.155251348018646 0.14859117642045 0.20965019389987 0.25822946280241 0.250053030252457 0.268372385203838 0.325778424739838 0.415393352508545 0.563786721229553
-9999 -9999 -9999 -9999 -9999 -9999 -9999 -9999 -9999 -9999 -9999 -9999 -9999 -9999 -9999 -9999 -9999 -9999 -9999 -9999 -9999 -9999 -9999 -9999 -9999 -9999 -9999 0.127143493294716 0.108786440640688 0.217090472579002 0.26354171037674 0.150482735037804 0.109513191878796 0.105963332951069 0.1066201582551 0.0839152187108994 0.0620017774403095 0.0538672830909491 0.116333682835102 0.237680372595787 0.303740099072456 0.433780741691589 0.428678864240646 0.195272478461266 0.154748524725437 0.178329423069954 0.229772682487965 0.215872368216515 0.205547662824392 0.245283386111259 0.290248937904835 0.285491155087948 0.267414605617523 0.311941131949425 0.409224492311478 0.524058270454407
-9999 -9999 -9999 -9999 -9999 -9999 -9999 -9999 -9999 -9999 -9999 -9999 -9999 -9999 -9999 -9999 -9999 -9999 -9999 -9999 -9999 -9999 -9999 -9999 -9999 -9999 -9999 0.118434000015259 0.107802645862103 0.231091555953026 0.305287700891495 0.150779445469379 0.112404355406761 0.112191422283649 0.10224916189909 0.0766313157975674 0.0662000402808189 0.0589066460728645 0.1447869181633 0.234855735301971 0.309048241376877 0.428325670957565 0.440523076057434 0.220034295320511 0.189822980761528 0.212248000502586 0.253197926282883 0.292940035462379 0.279269224405289 0.298460924625397 0.320751923322678 0.324100771546364 0.298821339011192 0.328703430294991 0.411497431993484 0.507461631298065
-9999 -9999 -9999 -9999 -9999 -9999 -9999 -9999 -9999 -9999 -9999 -9999 -9999 -9999 -9999 -9999 -9999 -9999 -9999 -9999 -9999 -9999 -9999 -9999 -9999 -9999 -9999 0.124284992367029 0.0942747619003057 0.255061268806458 0.298324513435364 0.136533200740814 0.114058354496956 0.109739297628403 0.0913507267832756 0.0685117200016975 0.0634895265102386 0.0669056482613087 0.129050428420305 0.204621797800064 0.301021930575371 0.402601557970047 0.413412618637085 0.257155993580818 0.233216485381126 0.270697709918022 0.291554647684097 0.352824485301971 0.353310257196426 0.365336599946022 0.388838577270508 0.381628665328026 0.387179896235466 0.426601564884186 0.479499804973602 0.548599296808243
-9999 -9999 -9999 -9999 -9999 -9999 -9999 -9999 -9999 -9999 -9999 -9999 -9999 -9999 -9999 -9999 -9999 -9999 -9999 -9999 -9999 -9999 -9999 -9999 -9999 -9999 -9999 0.110552638024092 0.0865253664553165 0.240100628137589 0.22191663980484 0.114208276569843 0.111437346041203 0.0980547413229942 0.0770242303609848 0.0564574837684631 0.0527780808508396 0.0530618209391832 0.102475180476904 0.183727259933949 0.291629183292389 0.378916001319885 0.383051034808159 0.301720425486565 0.285948470234871 0.312063723802567 0.352404963970184 0.405336737632751 0.402760344743729 0.406461989879608 0.437557274103165 0.444683015346527 0.464729756116867 0.519287395477295 0.569735205173492 0.614131057262421
-9999 -9999 -9999 -9999 -9999 -9999 -9999 -9999 -9999 -9999 -9999 -9999 -9999 -9999 -9999 -9999 -9999 -9999 -9999 -9999 -9999 -9999 -9999 -9999 -9999 -9999 -9999 0.114591216295958 0.094303397834301 0.223877084255219 0.148167073726654 0.0950832739472389 0.0991892412304878 0.0845497369766235 0.0633172936737537 0.0396206345409155 0.0365881569683552 0.0489808794111013 0.0936863750219345 0.185387182235718 0.301848563551903 0.363450416922569 0.380850446224213 0.367607238888741 0.368020856380463 0.412126213312149 0.434535264968872 0.433002388477325 0.422899150848389 0.434935849905014 0.439013928174973 0.4860899746418 0.525841075181961 0.575476765632629 0.613237679004669 0.628727722167969
-9999 -9999 -9999 -9999 -9999 -9999 -9999 -9999 -9999 -9999 -9999 -9999 -9999 -9999 -9999 -9999 -9999 -9999 -9999 -9999 -9999 -9999 -9999 -9999 -9999 -9999 -9999 0.132380458712578 0.108484011888504 0.182623705267906 0.0940723985433578 0.0760434672236443 0.0867838144302368 0.0768698215484619 0.0507792767137289 0.0261169087141752 0.0273930123075843 0.0513802319765091 0.0934474550187588 0.19205037355423 0.298889127373695 0.350049492716789 0.380046153068543 0.372991156578064 0.402858686447144 0.466994124650955 0.491946864128113 0.513967669010162 0.500097596645355 0.494880431890488 0.494175100326538 0.530803644657135 0.560081338882446 0.579190528392792 0.593385696411133 0.60729740858078
-9999 -9999 -9999 -9999 -9999 -9999 -9999 -9999 -9999 -9999 -9999 -9999 -9999 -9999 -9999 -9999 -9999 -9999 -9999 -9999 -9999 -9999 -9999 -9999 -9999 -9999 -9999 0.166818837821484 0.14401980638504 0.136112885177135 0.0506034139543772 0.0548754516988993 0.0757126644253731 0.0763940244913101 0.0434288833290339 0.0189125688746572 0.0270648118108511 0.0548313207924366 0.106321519613266 0.20849664658308 0.290137988328934 0.327257961034775 0.374867895245552 0.379175961017609 0.376150345802307 0.376612302660942 0.44869744181633 0.506431752443314 0.554195213317871 0.530465686321259 0.516112226247788 0.530137425661087 0.546964550018311 0.562550175189972 0.571545076370239 0.583711922168732
-9999 -9999 -9999 -9999 -9999 -9999 -9999 -9999 -9999 -9999 -9999 -9999 -9999 -9999 -9999 -9999 -9999 -9999 -9999 -9999 -9999 -9999 -9999 -9999 -9999 -9999 -9999 0.202977168560028 0.178333401679993 0.113317205011845 0.0536028400063515 0.0609045084565878 0.0788744106888771 0.0871298924088478 0.0464462880045176 0.0211311966180801 0.035504537820816 0.0613857693970203 0.154668806493282 0.265500831604004 0.305242100358009 0.322014328837395 0.363615328073502 0.372911101579666 0.373013561964035 0.371699625253677 0.407952958345413 0.464041346311569 0.525754910707474 0.528554362058639 0.518589568138123 0.520700263977051 0.528967916965485 0.539333713054657 0.545903146266937 0.557040870189667
-9999 -9999 -9999 -9999 -9999 -9999 -9999 -9999 -9999 -9999 -9999 -9999 -9999 -9999 -9999 -9999 -9999 -9999 -9999 -9999 -9999 -9999 -9999 -9999 -9999 -9999 0.20337198972702 0.222703447937965 0.181926593184471 0.0944360300898552 0.0622483059763908 0.0821381319314241 0.0906584277749062 0.104997904598713 0.0590549185872078 0.0241323670372367 0.0363675765693188 0.0710039295256138 0.17155325114727 0.331476020812988 0.330597537755966 0.321694231033325 0.342844927310944 0.356276577711105 0.350799342989922 0.365560957789421 0.408906519412994 0.460961127281189 0.511785680055618 0.515025019645691 0.510829466581345 0.509871590137482 0.509607774019241 0.51642336845398 0.519340229034424 0.526481604576111
-9999 -9999 -9999 -9999 -9999 -9999 -9999 -9999 -9999 -9999 -9999 -9999 -9999 -9999 -9999 -9999 -9999 -9999 -9999 -9999 -9999 -9999 -9999 -9999 -9999 -9999 0.177375939488411 0.175590088963509 0.160482516884804 0.0700069427490234 0.0810961458832025 0.120129961520433 0.116423166543245 0.124983602762222 0.0861870348453522 0.0508774325251579 0.057537254691124 0.11028950959444 0.218934699892998 0.351050406694412 0.37605756521225 0.343537059426308 0.331629887223244 0.330012142658234 0.347014009952545 0.372959405183792 0.411124306917191 0.449626016616821 0.489448195695877 0.496056312322617 0.49026363492012 0.489924418926239 0.491338580846786 0.496497917175293 0.495936566591263 0.496792393922806
-9999 -9999 -9999 -9999 -9999 -9999 -9999 -9999 -9999 -9999 -9999 -9999 -9999 -9999 -9999 -9999 -9999 -9999 -9999 -9999 -9999 -9999 -9999 -9999 -9999 -9999 0.148962618410587 0.136899498105049 0.137174461781979 0.0692673470824957 0.0948688767850399 0.148339612782002 0.13077500462532 0.163812690973282 0.119848012924194 0.0715253815054893 0.0955563336610794 0.173028758168221 0.277425214648247 0.363047581911087 0.421675223112106 0.397314828634262 0.364772897958756 0.360051703453064 0.38125262260437 0.382510840892792 0.422732269763947 0.440491831302643 0.46098752617836 0.470211619138718 0.461345702409744 0.463919681310654 0.468174612522125 0.472320234775543 0.466292798519135 0.46513460278511
-9999 -9999 -9999 -9999 -9999 -9999 -9999 -9999 -9999 -9999 -9999 -9999 -9999 -9999 -9999 -9999 -9999 -9999 -9999 -9999 -9999 -9999 -9999 -9999 -9999 -9999 0.137913629412651 0.111704331636429 0.0727070286870003 0.0712312936782837 0.128032801300287 0.167323060333729 0.205787870287895 0.217382702231407 0.144477872550488 0.102421942353249 0.135948963463306 0.232661604881287 0.323146259784698 0.367308342456818 0.39204648733139 0.414516228437424 0.428266090154648 0.436702454090118 0.435293763875961 0.434182542562485 0.443964421749115 0.435545521974564 0.430334585905075 0.446113812923431 0.436632639169693 0.434266620874405 0.435255688428879 0.437290644645691 0.432799565792084 0.428331011533737
-9999 -9999 -9999 -9999 -9999 -9999 -9999 -9999 -9999 -9999 -9999 -9999 -9999 -9999 -9999 -9999 -9999 -9999 -9999 -9999 -9999 -9999 -9999 -9999 -9999 0.204210105538368 0.137819509208202 0.0810704834759235 0.0368859983980656 0.0773168969899416 0.155174856632948 0.167607672512531 0.285220795869827 0.220253983139992 0.144419033825398 0.100966696441174 0.166015720367432 0.27916419506073 0.349754357337952 0.354946827888489 0.349454909563065 0.380845195055008 0.396179664134979 0.400769329071045 0.389026516675949 0.374922782182693 0.407575219869614 0.425321590900421 0.392350816726685 0.406510442495346 0.407641094923019 0.403793543577194 0.397871923446655 0.396293395757675 0.38867112994194 0.383338391780853
-9999 -9999 -9999 -9999 -9999 -9999 -9999 -9999 -9999 -9999 -9999 -9999 -9999 -9999 -9999 -9999 -9999 -9999 -9999 -9999 -9999 -9999 -9999 -9999 -9999 0.168228960037231 0.152271655201912 0.0718878522515297 0.0434106091037393 0.0894418075680733 0.146554889529943 0.220299288630486 0.275796565413475 0.224365535378456 0.157035011053085 0.140895237028599 0.186601236462593 0.274162286520004 0.328099769353867 0.339666098356247 0.342434257268906 0.35821151137352 0.369724082946777 0.372203254699707 0.356818664073944 0.347929149866104 0.372995066642761 0.389774477481842 0.373610490560532 0.378482711315155 0.375494110584259 0.369868594408035 0.364200532436371 0.361212694644928 0.35252850651741 0.342359501123428
-9999 -9999 -9999 -9999 -9999 -9999 -9999 -9999 -9999 -9999 -9999 -9999 -9999 -9999 -9999 -9999 -9999 -9999 -9999 -9999 -9999 -9999 -9999 -9999 -9999 0.159086439013481 0.148871983587742 0.0450604781508446 0.0515660360455513 0.104271385073662 0.140760380774736 0.273230361938477 0.262787133455276 0.219527348875999 0.172566425800323 0.156244663894176 0.19234202504158 0.258500066399574 0.299717402458191 0.310228914022446 0.327977722883224 0.338865584135056 0.351059573888779 0.355636793375015 0.339794397354126 0.323547971248627 0.350290906429291 0.360970121622086 0.339554071426392 0.352411538362503 0.345780658721924 0.341330754756927 0.333850234746933 0.328788095712662 0.317075335979462 0.306766301393509
-9999 -9999 -9999 -9999 -9999 -9999 -9999 -9999 -9999 -9999 -9999 -9999 -9999 -9999 -9999 -9999 -9999 -9999 -9999 -9999 -9999 -9999 -9999 -9999 -9999 0.134294538199902 0.124720612168312 0.047861310467124 0.0514150407165289 0.0943935386836529 0.166681218147278 0.247039639949799 0.250715640187263 0.225757968425751 0.184736442565918 0.167531427741051 0.186238434910774 0.225706219673157 0.2539181381464 0.265652740001678 0.277245247364044 0.306794166564941 0.330432373285294 0.340149986743927 0.335032016038895 0.331024253368378 0.335514831542969 0.328967446088791 0.319807726144791 0.326042306423187 0.321989887952805 0.314614987373352 0.306353479623795 0.30064349770546 0.287969040870666 0.274701941013336
-9999 -9999 -9999 -9999 -9999 -9999 -9999 -9999 -9999 -9999 -9999 -9999 -9999 -9999 -9999 -9999 -9999 -9999 -9999 -9999 -9999 -9999 -9999 -9999 -9999 0.110204236209393 0.103166811168194 0.0510465167462826 0.0455524686723947 0.087721636146307 0.186555171012878 0.222828009724617 0.238410118222237 0.225045040249825 0.185170996189117 0.163549956679344 0.174612078070641 0.197831615805626 0.217118459939957 0.226152792572975 0.236971172690392 0.279131868481636 0.300398075580597 0.256904065608978 0.249763238430023 0.236472037434578 0.266236224770546 0.278991025686264 0.290667909383774 0.297519701719284 0.30224781036377 0.295022821426392 0.284362915158272 0.276829245686531 0.262116271257401 0.2497040361166
-9999 -9999 -9999 -9999 -9999 -9999 -9999 -9999 -9999 -9999 -9999 -9999 -9999 -9999 -9999 -9999 -9999 -9999 -9999 -9999 -9999 -9999 -9999 -9999 -9999 0.094927117228508 0.0864415571093559 0.0625887870788574 0.0409152451902628 0.084245540201664 0.176739954948425 0.209008836746216 0.2152000695467 0.207332697510719 0.179117757081985 0.157237562537193 0.165256223082542 0.182652470469475 0.196789774298668 0.205749204754829 0.221446618437767 0.259517031908035 0.216801798343658 0.182954905927181 0.188917890191078 0.205787545442581 0.221783199906349 0.237682321667671 0.257145017385483 0.268670150637627 0.280336612462997 0.276951223611832 0.266653037071228 0.259744015336037 0.246100309491158 0.233229157328606
-9999 -9999 -9999 -9999 -9999 -9999 -9999 -9999 -9999 -9999 -9999 -9999 -9999 -9999 -9999 -9999 -9999 -9999 -9999 -9999 -9999 -9999 -9999 -9999 -9999 0.0856155395507812 0.0786595307290554 0.0578459322452545 0.0385264579206705 0.0779358722269535 0.152375423908234 0.196125441789627 0.205688855051994 0.201923915743828 0.178958040475845 0.158755114674568 0.166955208778381 0.179863658547401 0.190310227870941 0.196582370996475 0.209512978792191 0.242550608515739 0.16847003698349 0.148205980658531 0.163877330720425 0.184281009435654 0.201728165149689 0.214670625329018 0.231871920824051 0.240979182720184 0.256331941485405 0.265502271056175 0.254630357027054 0.247374439239502 0.233071601390839 0.221500611305237
-9999 -9999 -9999 -9999 -9999 -9999 -9999 -9999 -9999 -9999 -9999 -9999 -9999 -9999 -9999 -9999 -9999 -9999 -9999 -9999 -9999 -9999 -9999 -9999 -9999 0.0799682505428791 0.0728246420621872 0.0535810619592667 0.0326961647719145 0.0646529853343964 0.127393680810928 0.183751109242439 0.204739606380463 0.209005942940712 0.192163121700287 0.180491754412651 0.179216775298119 0.188456076383591 0.19388379752636 0.192361536622047 0.203628018498421 0.220440497994423 0.15302632600069 0.139078803360462 0.149958643317223 0.171440659463406 0.184539696574211 0.194470351934433 0.20934436917305 0.219622048735619 0.234872406721115 0.254269668459892 0.24743627011776 0.240362331271172 0.225865367054939 0.212591108679771
-9999 -9999 -9999 -9999 -9999 -9999 -9999 -9999 -9999 -9999 -9999 -9999 -9999 -9999 -9999 -9999 -9999 -9999 -9999 -9999 -9999 -9999 -9999 -9999 -9999 0.08172817081213 0.0750326626002789 0.0525234170258045 0.0280071066692472 0.0537299025803804 0.0951640978455544 0.135243062674999 0.178811186552048 0.205918988585472 0.194283938407898 0.183032262325287 0.180151355266571 0.184006285667419 0.187296670675278 0.184600883722305 0.194807195663452 0.211985459923744 0.146961113810539 0.131389901041985 0.143636578321457 0.161283621191978 0.171657121181488 0.176942339539528 0.189342871308327 0.199977204203606 0.216320195794106 0.240796536207199 0.242054110765457 0.235647785663605 0.22283524274826 0.21111963391304
-9999 -9999 -9999 -9999 -9999 -9999 -9999 -9999 -9999 -9999 -9999 -9999 -9999 -9999 -9999 -9999 -9999 -9999 -9999 -9999 -9999 -9999 -9999 -9999 -9999 0.083174692094326 0.0706150978803635 0.0491624511778355 0.0274852093309164 0.0435132309794426 0.0677891876548529 0.0956185013055801 0.134102222323418 0.16781852543354 0.187105715274811 0.172502449154854 0.173057377338409 0.174536788463593 0.177412042021751 0.178885400295258 0.185090908408165 0.210376965999603 0.148969258368015 0.130216580629349 0.139035697281361 0.153893338143826 0.160087335109711 0.162192088365555 0.174702882766724 0.188402929902077 0.205072724819183 0.232095891237259 0.237575849890709 0.230097687244415 0.215523487329483 0.211478221416473
-9999 -9999 -9999 -9999 -9999 -9999 -9999 -9999 -9999 -9999 -9999 -9999 -9999 -9999 -9999 -9999 -9999 -9999 -9999 -9999 -9999 -9999 -9999 -9999 0.0646679639816284 0.0866015583276749 0.0691718280315399 0.0446798354387283 0.0304653510451317 0.0403389945626259 0.0644598305225372 0.0834268838167191 0.108156341314316 0.133472491800785 0.162095677852631 0.173560133576393 0.173888069391251 0.176528409123421 0.180371981859207 0.181947132945061 0.186518040299416 0.207223531603813 0.160633367300034 0.136594304442406 0.140761829912663 0.151388895511627 0.153424964845181 0.156622697412968 0.173388621211052 0.198270505666733 0.223821696639061 0.239046946167946 0.230292841792107 0.220404064655304 0.19284006357193 0.176321446895599
