meets/meet004/_saidas_enm/ensemble_aver_Cavanillesia_umbellata_CCSM_21k_Maha.asc
NCOLS 154 
NROWS 168 
XLLCORNER -112 
YLLCORNER -55.5 
CELLSIZE 0.5 
NODATA_value -9999 
[rows 50 to 74 of 168, columns 56 to 111 of 154]
-9999 -9999 -9999 -9999 -9999 -9999 -9999 -9999 -9999 -9999 -9999 -9999 -9999 -110.789700317383 -45.2047866821289 -10.7228605270386 -4.80048446655273 -7.1584641456604 -6.55073800086975 -3.6227840423584 -3.13646855354309 -4.16660904884338 -5.3039363861084 -4.92333631515503 -8.0889289855957 -11.9271106719971 -15.3505207061768 -20.1997093200684 -23.1280822753906 -27.3218425750732 -29.9174774169922 -26.9490737915039 -21.36789894104 -15.8522462844849 -9.24815864562988 -4.08526873588562 -2.30662322044373 -1.74818379878998 -2.23920521736145 -3.38302202224731 -2.91451587677002 -3.7186351776123 -3.8610818862915 -5.64692468643188 -11.1504386901855 -13.5101276397705 -14.1146680831909 -13.3235229492188 -12.9753564834595 -11.6525768280029 -9.00895357131958 -7.83220682144165 -5.31571626663208 -3.23379225730896 -1.85117139816284 -1.76891760826111
-9999 -9999 -9999 -9999 -9999 -9999 -9999 -9999 -9999 -9999 -9999 -9999 -9999 -73.4225875854492 -36.9106033325195 -14.0633310317993 -6.37187147140503 -5.01595034599304 -4.13779706954956 -4.66895217895508 -5.16913347244263 -5.35844612121582 -5.02339687347412 -5.33028383255005 -7.2992190361023 -9.15787649154663 -9.74064435958862 -10.7044864654541 -11.4358493804932 -13.4343626022339 -14.811484336853 -13.4038831710815 -11.2532051086426 -9.01284379959106 -6.0479884147644 -3.194753074646 -2.00158686637878 -1.51720833778381 -1.80740201473236 -2.20178730487824 -2.15705695152283 -3.1377224445343 -3.39368381500244 -5.52977743148804 -9.45896987915039 -11.0068670272827 -11.2491441726685 -8.66466445922851 -7.99139890670776 -7.90965032577515 -6.86519327163696 -5.77057266235352 -3.79020771980286 -2.48517842292786 -1.57173655033112 -1.3108757019043
-9999 -9999 -9999 -9999 -9999 -9999 -9999 -9999 -9999 -9999 -9999 -55.1503189086914 -47.029606628418 -49.9470703125 -36.2685600280762 -19.634041595459 -12.0357591629028 -5.69589672088623 -3.42433843612671 -4.76542148590088 -5.37303810119629 -3.1978536605835 -3.42383131980896 -4.47542252540588 -4.87001090049744 -5.32626695632935 -4.73846559524536 -6.1470911026001 -8.03221597671509 -11.9493860244751 -14.4083925247192 -11.9618253707886 -7.11949043273926 -5.16728229522705 -1.96363558769226 -1.74173228740692 -1.58203330039978 -1.31431442499161 -1.78262617588043 -2.13787260055542 -2.10422880649567 -3.28311171531677 -3.24740099906921 -4.60517320632935 -6.64808120727539 -6.24775867462158 -7.85093212127686 -5.49308557510376 -5.52468700408936 -6.39685621261597 -5.03383293151856 -3.74782772064209 -2.40079426765442 -1.64845497608185 -1.10785864591599 -0.993371891975403
-9999 -9999 -9999 -9999 -9999 -9999 -9999 -9999 -9999 -9999 -44.192658996582 -35.3590801239014 -30.5098419189453 -35.7130767822266 -43.8292129516602 -32.0660919189453 -18.788298034668 -11.059140586853 -7.67427616119385 -5.35236101150513 -3.88137083053589 -3.60566186904907 -3.55772140026093 -3.98133776187897 -4.13195164203644 -4.66212024688721 -6.93088464736938 -10.4770441055298 -16.1398181915283 -22.8603538513184 -24.0710155487061 -17.0514211654663 -9.31230401992798 -4.52953457832336 -1.21810387372971 -1.29745376110077 -1.66313009262085 -1.82285356521606 -2.12946128845215 -2.41567521095276 -2.6105583190918 -2.99108271598816 -3.24919424057007 -4.14294581413269 -5.81145305633545 -6.24711427688599 -7.00344772338867 -6.336692237854 -6.09743537902832 -5.36591892242432 -3.65802063941956 -3.01686191558838 -1.80744023323059 -1.32669694423676 -0.98946897983551 -0.797228264808655
-9999 -9999 -9999 -9999 -9999 -9999 -9999 -9999 -9999 -9999 -22.7218978881836 -21.7787521362305 -30.4032451629639 -34.2104579925537 -42.1315956115723 -43.3650360107422 -25.9973300933838 -13.3062488555908 -8.62006378173828 -6.21072468757629 -5.07668347358704 -5.0382399559021 -5.00122314691544 -5.33607771396637 -7.38341417312622 -9.87317743301392 -16.4224712371826 -25.3278369903564 -35.6096084594727 -44.745677947998 -43.5666641235352 -30.0226295471191 -14.8396734237671 -6.84034748077393 -1.91116404533386 -1.50661449432373 -1.56531244516373 -1.9478040933609 -2.56639475822449 -2.75482888221741 -2.97164187431335 -3.01971015930176 -3.40726056098938 -4.26403532028198 -5.55780162811279 -6.37186479568481 -6.89596042633057 -5.83637809753418 -5.43889331817627 -4.60322165489197 -3.25241985321045 -2.86141114234924 -1.90822398662567 -1.49533863067627 -1.23094292879105 -1.01672828197479
-9999 -9999 -9999 -9999 -9999 -9999 -9999 -9999 -37.2389030456543 -26.7043605804443 -18.2212181091309 -18.3102336883545 -28.9075389862061 -31.1205753326416 -36.837720489502 -46.5300590515137 -32.1906017303467 -17.0055360794067 -11.1153112411499 -9.20147132873535 -7.29877643585205 -7.30064926147461 -8.20027561187744 -9.59621744155884 -14.0233888626099 -21.0982456207275 -31.3479629516602 -46.212296295166 -59.6863067626953 -61.9318168640137 -57.2403305053711 -35.3588382720947 -20.4797027587891 -9.42779102325439 -3.57764029502869 -2.40178077220917 -2.19073672294617 -1.09585694074631 -1.56152858734131 -2.81616997718811 -3.76333770751953 -4.05306749343872 -4.17497596740723 -4.50998802185059 -5.13742618560791 -5.30161867141724 -6.02312822341919 -6.01037817001343 -6.15175447463989 -5.81556692123413 -4.68113574981689 -4.01276178359985 -3.1868302822113 -2.73064966201782 -2.47804749011993 -2.31878592967987
-9999 -9999 -9999 -9999 -9999 -9999 -9999 -9999 -23.4093276977539 -16.2092561721802 -12.6503597259521 -11.0042596817017 -26.3443523406982 -28.2333099365234 -30.5119609832764 -35.2190586090088 -33.583239364624 -23.9117897033691 -18.2247671127319 -15.7423137664795 -15.259496307373 -16.1880174636841 -15.6882926940918 -19.7724674224854 -29.6333156585693 -41.9445205688477 -54.974227142334 -70.1332443237305 -79.3812286376953 -80.8764511108398 -71.8552291870117 -44.2122520446777 -23.1301494598389 -11.3957450866699 -4.76916952133179 -3.34317274093628 -3.3478440284729 -1.495334649086 -1.3517196893692 -1.53652973175049 -2.29502682685852 -2.69671406745911 -3.34498910903931 -3.77045831680298 -4.37479605674744 -5.50784349441528 -6.53571338653564 -7.93529815673828 -9.01262092590332 -8.78614892959595 -8.2221848487854 -7.15759181976318 -6.00996544361115 -5.03951323032379 -4.05383712053299 -3.42914897203445
-9999 -9999 -9999 -9999 -9999 -9999 -9999 -20.9023059844971 -17.9461658477783 -10.4321699142456 -11.9528972625732 -7.68522167205811 -26.3488681793213 -29.5580223083496 -24.1469375610352 -27.8444133758545 -23.6699096679687 -21.5646041870117 -18.9827978134155 -24.4631446838379 -28.8357707977295 -30.8917537689209 -32.5540084838867 -37.846297454834 -49.4887672424316 -56.2405792236328 -57.9843940734863 -57.9919288635254 -61.3246871948242 -66.4451133728027 -70.5259994506836 -47.619539642334 -25.4687377929687 -12.8476928710938 -5.25358486175537 -2.8580295085907 -2.8448380947113 -3.42354111671448 -2.94067587852478 -3.62389645576477 -4.77331342697144 -5.8774115562439 -7.2766095161438 -7.90435371398926 -9.40381641387939 -11.6132587432861 -10.7345682144165 -8.30597262382507 -6.46102041006088 -5.71216169595718 -5.43107336983085 -5.17935856282711 -4.94453396201134 -5.39289972186089 -5.72197955846786 -5.69048919677734
-9999 -9999 -9999 -9999 -9999 -9999 -9999 -15.9953437805176 -10.6001821517944 -7.75961608886719 -8.88935585021973 -6.02016000747681 -26.7429676055908 -33.460001373291 -19.9330024719238 -17.3603006362915 -14.5002201080322 -13.627544593811 -13.6528512954712 -15.5183458328247 -19.6612180709839 -25.0830207824707 -31.0010234832764 -30.5085556030273 -29.739807510376 -31.1047939300537 -31.11442527771 -34.3398941040039 -34.2361549377441 -32.943274307251 -35.0906848907471 -37.0969276428223 -26.7874671936035 -15.1382209777832 -7.17985601425171 -3.26461777687073 -2.22602163553238 -2.32959656715393 -2.96806058883667 -4.11387870311737 -6.30769848823547 -8.70127243995666 -12.4901723861694 -15.8946753501892 -13.6082353591919 -9.50221729278564 -6.48396139144897 -4.85220272541046 -4.85728087425232 -6.08763628005981 -7.32863187789917 -7.54660921096802 -7.35701837539673 -7.14542512893677 -6.13740406036377 -5.68731784820557
-9999 -9999 -9999 -9999 -9999 -9999 -16.2467155456543 -11.7272533416748 -5.04687633514404 -6.37693347930908 -8.98151130676269 -5.26793422698975 -30.6963890075684 -42.424006652832 -19.4416488647461 -11.8393859863281 -10.4390015602112 -9.36918678283691 -8.70835332870483 -10.3206868171692 -13.7857961654663 -16.0744031906128 -19.3089527130127 -19.5398372650146 -19.9333080291748 -19.8882926940918 -20.6179901123047 -20.3155597686768 -20.4633018493652 -22.0630825042725 -21.3409942626953 -23.7507442474365 -25.6058502197266 -16.0469661712646 -8.53840179443359 -5.47905421257019 -3.98038033936173 -4.44906532764435 -5.59627511501312 -8.02005290985107 -12.3851008415222 -14.7995663642883 -12.6485473632812 -9.63122568130493 -7.42556400299072 -7.09926671981812 -8.21909770965576 -11.4628616333008 -15.9575117111206 -22.51669921875 -22.5063995361328 -22.4097026824951 -20.0573337554932 -17.7972385406494 -15.9073877334595 -12.6727739334106
-9999 -9999 -9999 -9999 -9999 -9999 -15.6619295120239 -8.03317213058472 -3.39083189964294 -2.56039135456085 -3.65642709732056 -4.85457382202148 -32.863688659668 -44.5595703125 -20.8576683044434 -8.70660076141357 -7.62216453552246 -7.19084138870239 -6.39525966644287 -6.82057318687439 -8.04375476837158 -9.08780956268311 -10.8500246047974 -10.4264965057373 -9.88102035522461 -10.2003736495972 -9.99565896987915 -10.4910654067993 -10.5439388275146 -10.7722040176392 -11.8889018058777 -12.740746307373 -14.5160110473633 -15.490355682373 -12.7866044998169 -9.38011240959167 -8.05141983032227 -8.56126546859741 -9.09503121376038 -8.14165587425232 -7.12198443412781 -6.9392261505127 -7.89671268463135 -8.97554664611816 -12.3077655792236 -12.232168006897 -10.4357950210571 -9.7889232635498 -10.0817235946655 -9.69023990631104 -10.0602752685547 -9.35504503250122 -9.28707828521729 -8.55436954498291 -7.51676406860352 -7.51922693252564
-9999 -9999 -9999 -9999 -9999 -9999 -14.0772399902344 -10.0811880111694 -3.3789897441864 -0.294660638272762 -0.866394126415253 -5.24796619415283 -33.0472805023193 -41.0989120483398 -18.5907794952393 -7.4071918964386 -5.54853479862213 -5.86790885925293 -5.38173456192017 -5.57561353445053 -6.19274008274078 -6.08304114341736 -6.68124985694885 -6.40011301040649 -6.30627489089966 -6.22902035713196 -6.42920880317688 -6.404310131073 -6.59504880905151 -7.19552483558655 -7.39858784675598 -8.39896116256714 -9.02971353530884 -9.70690565109253 -10.8833985328674 -10.8019829750061 -9.72406339645386 -8.3207314491272 -8.1150710105896 -8.99122037887573 -10.2968572616577 -10.8442615509033 -9.34964761734009 -8.443590259552 -7.34663858413696 -5.87689399719238 -5.55900373458862 -4.68884539604187 -4.47524318695068 -4.43844513893127 -4.34313936233521 -4.43773617744446 -3.51765270233154 -3.34114212989807 -3.87157707214355 -3.85961246490479
-9999 -9999 -9999 -9999 -9999 -9999 -9999 -16.857603263855 -7.88773803710937 -0.316755428910255 -0.426049500703812 -4.41510334014893 -25.1106052398682 -32.8471073150635 -17.7287536621094 -6.59102606773376 -4.28575618267059 -4.16624324917793 -4.42158975852653 -4.84698560833931 -4.78949233442545 -4.34897982180119 -4.26689940690994 -3.98080868721008 -3.88429213762283 -4.14658562503755 -4.15198157727718 -4.22084327489138 -4.26143675595522 -4.3300741314888 -4.62804154157639 -4.836985206604 -5.35391185283661 -5.42124974727631 -5.49736604690552 -5.86873354911804 -5.96194434165955 -6.5324387550354 -6.83874454498291 -5.9739330291748 -5.58394079208374 -4.81041264533997 -4.43675999641418 -3.88277621269226 -3.17794015407562 -2.8001674413681 -2.64037737846375 -2.77605288028717 -2.26303687095642 -2.02076427936554 -1.93890852928162 -1.94510622024536 -2.06468033790588 -2.21240510940552 -2.51032400131226 -2.57499616146088
-9999 -9999 -9999 -9999 -9999 -9999 -9999 -9999 -13.7590572357178 -1.51321141719818 -1.2385936498642 -3.22595133781433 -19.789147567749 -23.8585494995117 -11.8310482025146 -5.23199262619019 -3.28097352981567 -3.23499417304993 -3.45015985071659 -4.11380631625652 -4.04726971387863 -3.60928866267204 -3.17052862346172 -2.96509117037058 -3.06037952899933 -3.2787894487381 -3.315467441082 -3.41662828326225 -3.39868170320988 -3.36547491252422 -3.35112474709749 -3.55352636035532 -3.78325378298759 -3.78122040629387 -3.89584300518036 -3.91611528396606 -4.07914385795593 -4.29070954322815 -4.40720052719116 -3.78013963699341 -3.1760630607605 -2.93509435653687 -2.59102816581726 -2.32687947750092 -2.06166307926178 -1.81167938709259 -1.80233484506607 -2.480206823349 -2.42244954109192 -2.13667287826538 -2.11606917381287 -1.89321677684784 -1.94109899997711 -2.09143950939178 -2.24343903064728 -2.44521968364716
-9999 -9999 -9999 -9999 -9999 -9999 -21.7516489028931 -21.2109504699707 -12.5782894134521 -2.18062472343445 -0.872218704223633 -3.82907657623291 -10.6654140472412 -11.1023063659668 -4.61716957092285 -2.29663097858429 -2.89652290344238 -2.71242916584015 -2.89112904071808 -3.28563009500504 -3.48861321806908 -3.31544090509415 -3.13471604585648 -2.88941026926041 -2.808453810215 -2.72750098705292 -2.66126923859119 -2.6445179477334 -2.67541485577822 -2.69511703304015 -2.8422715857625 -3.01468385457993 -3.23349060416222 -3.08543873727322 -2.92624130249023 -2.8727252304554 -2.80699059963226 -3.04526927471161 -3.16521468162537 -2.59175791740417 -2.16950552463531 -1.80306055545807 -1.67646067142487 -1.65350089073181 -1.65297598838806 -1.65798532962799 -1.93587272167206 -2.66690902709961 -3.0895649433136 -3.20889892578125 -2.90813989639282 -2.87891652584076 -2.87505905628204 -2.95466706752777 -3.3524254322052 -3.8317587852478
-9999 -9999 -9999 -9999 -9999 -9.06699261665344 -20.7468214035034 -22.9012042999268 -9.43209686279297 -3.66222071647644 -2.45246086120605 -3.61053466796875 -4.4418924331665 -2.78010149002075 -1.92749352455139 -2.93883962631226 -3.80361790657043 -2.82598278522491 -2.48566826879978 -2.92032605558634 -2.90922990143299 -2.7909497320652 -2.79964755773544 -2.5637137234211 -2.36331959664822 -2.28491075634956 -2.33053380250931 -2.25624220371246 -2.33174486160278 -2.66323809623718 -2.61419265270233 -2.79687695503235 -2.81816399097443 -2.70128974914551 -2.91179481744766 -2.75859545469284 -2.81368334293365 -2.91251604557037 -2.96613526344299 -2.27483484745026 -1.98113451004028 -1.80380368232727 -1.72563652992249 -1.68363041877747 -1.7055168390274 -1.84684557914734 -2.12367849349976 -3.15962219238281 -3.66051383018494 -3.78038473129272 -3.70682101249695 -3.96802291870117 -4.43790225982666 -4.72946715354919 -5.5296012878418 -5.80481472015381
-9999 -9999 -9999 -9999 -9999 -11.1716244220734 -19.3386581420898 -20.0823476791382 -8.3831883430481 -4.41049642562866 -3.5057843208313 -3.26829485893249 -2.47098186016083 -2.50946726799011 -3.36154532432556 -1.7845016002655 -2.93698897361755 -3.98753161430359 -3.19996862411499 -3.13563640117645 -3.74723725318909 -3.76474771499634 -3.21658854484558 -3.01393730640411 -3.02905960083008 -2.9467164516449 -2.6680917263031 -2.34261212348938 -2.25817968845367 -2.18566269874573 -2.23023171424866 -2.29783146381378 -2.38193168640137 -2.35972001552582 -2.52132534980774 -2.67768158912659 -3.13553252220154 -3.6232207775116 -3.22825322151184 -2.62598159313202 -2.2725841999054 -2.02399203777313 -1.93433210849762 -1.9560622215271 -2.1759613275528 -2.51557302474976 -3.03735122680664 -3.69036684036255 -4.090882396698 -4.65223865509033 -5.06944870948792 -5.46346678733826 -5.96649351119995 -6.44132432937622 -6.74177150726318 -6.78434972763062
-9999 -9999 -9999 -9999 -9999 -9999 -17.25950050354 -15.3722967147827 -5.95452442169189 -5.1333263874054 -4.81438422203064 -4.64430136680603 -3.73677368164063 -3.65021147727966 -3.83690032958984 -1.63018538951874 -2.78619594573975 -4.23331418037415 -4.23100900650024 -4.33471841812134 -3.28603734970093 -3.57636952400208 -3.25232467651367 -3.07420892715454 -3.08202805519104 -2.59273986816406 -2.80897674560547 -2.56392157077789 -2.62669837474823 -2.28258209228516 -2.42466516494751 -2.04486222267151 -2.00834853649139 -1.70588099956512 -1.5154865026474 -1.65775270462036 -2.04624881744385 -2.72118225097656 -2.77782301902771 -2.80181050300598 -2.45715487003326 -2.35823788642883 -2.37772979736328 -2.57924056053162 -2.99051251411438 -3.47096834182739 -4.04597277641296 -4.71164155006409 -5.10727496147156 -5.53411245346069 -5.93498477935791 -5.68291110992432 -5.8462423324585 -5.98087205886841 -5.87087717056274 -5.80417213439941
-9999 -9999 -9999 -9999 -9999 -9999 -18.7033563613892 -13.6648370742798 -3.93104753494263 -3.57832937240601 -4.43052644729614 -7.50681009292603 -6.71641845703125 -4.47276773452759 -3.6264102935791 -2.34195671081543 -2.86267895698547 -3.77090730667114 -3.11621994972229 -3.00405979156494 -2.21079084873199 -1.63548880815506 -1.13991453647614 -0.817415505647659 -0.74435763657093 -0.679770308732986 -0.54874329790473 -0.341380813345313 -0.496469147689641 -0.939320784807205 -1.47410359382629 -1.64156677722931 -1.84450974464416 -1.94890978336334 -1.7377194404602 -1.64208781719208 -1.86311480998993 -1.9935430765152 -2.05271272659302 -2.30178005695343 -2.62489695549011 -2.79164283275604 -2.86700713634491 -3.10719332695007 -3.55447964668274 -3.84609589576721 -4.20994396209717 -4.29811615943909 -4.10866298675537 -3.97460832595825 -4.00234851837158 -4.14405479431152 -4.32695031166077 -4.38163728713989 -4.16484580039978 -4.0566508769989
-9999 -9999 -9999 -9999 -9999 -9999 -20.0026571273804 -19.3146585464478 -6.03120431900024 -4.71092481613159 -4.59839496612549 -7.57523145675659 -13.960327911377 -13.0652585983276 -9.57328090667725 -5.8160083770752 -2.07804594039917 -4.41564464569092 -3.31696949005127 -2.54798603057861 -1.75547842979431 -1.05721833705902 -0.822998559474945 -0.460700647206977 -0.148657125234604 -0.0531120002269745 0.0914328992366791 0.266545367240906 0.237588667869568 -0.161191535741091 -0.463719886541367 -0.83255198597908 -0.902188313007355 -1.20478272438049 -1.57424890995026 -1.52478353977203 -1.50913019180298 -1.70343871116638 -1.79721868038177 -2.01845889091492 -2.35299701690674 -2.71719741821289 -2.97340059280396 -3.12798962593079 -3.67976293563843 -3.62738003730774 -3.63069548606873 -3.28093619346619 -3.09279570579529 -3.1830940246582 -3.01905961036682 -3.36218037605286 -3.33909244537354 -3.3741322517395 -3.20451984405518 -3.24340949058533
-9999 -9999 -9999 -9999 -9999 -9999 -9999 -9999 -30.611971282959 -10.3133247375488 -3.40287642478943 -8.354909324646 -18.4468997955322 -17.7391843795776 -13.777654838562 -10.1153018951416 -3.21175527572632 -3.7865213394165 -5.23905391693115 -2.29622051715851 -1.25845470428467 -1.02063384652138 -1.44490103721619 -1.00725563168526 -0.308071552217007 -0.0581026554107666 0.100864714384079 0.189205372333527 0.25741081237793 0.209856879711151 0.0496156394481659 -0.0334956973791122 -0.0760490745306015 -0.255861918628216 -0.582310566306114 -0.968751275539398 -1.13613052368164 -1.23388602733612 -1.51807551383972 -1.65372538566589 -1.95172221660614 -2.08009479045868 -2.22004253864288 -2.43052899837494 -2.66217324733734 -2.64683864116669 -2.65141835212708 -2.49993224143982 -2.21491096019745 -2.23807733058929 -2.63993244171143 -3.17298016548157 -2.93628935813904 -2.99596638679504 -3.05502977371216 -3.2450089931488
-9999 -9999 -9999 -9999 -9999 -9999 -9999 -9999 -37.0958877563477 -20.3173460006714 -3.06893434524536 -9.4658842086792 -25.5870506286621 -21.8038412094116 -14.5229106903076 -10.8170934677124 -4.10970196723938 -3.49521441459656 -5.54846506118774 -2.50328555107117 -1.09196379184723 -1.10917952656746 -2.22662487030029 -1.98727264404297 -0.812928774952889 -0.388803753256798 -0.153349632024765 -0.11279014647007 0.0642977178096771 0.108814316987991 0.109887945652008 0.059786456823349 0.079925799369812 0.0101503401994705 -0.224284132570028 -0.408747608959675 -0.772027349472046 -0.77132351398468 -1.06324058771133 -1.37481685876846 -1.49099290370941 -1.79216067790985 -1.56913695335388 -1.65373220443726 -2.0778284072876 -1.89973871707916 -1.93196184635162 -1.75883214473724 -1.60772581100464 -2.02288548946381 -2.29514193534851 -2.97797775268555 -3.07116637229919 -3.08162832260132 -3.15921840667725 -3.62115468978882
-9999 -9999 -9999 -9999 -9999 -9999 -9999 -9999 -9999 -35.5973667144775 -4.94043755531311 -11.239330291748 -37.5959320068359 -26.6561656951904 -14.5777305603027 -9.77624111175537 -5.00403127670288 -2.64759802818298 -5.21840267181396 -1.84771704673767 -0.956395703554153 -1.54432498216629 -2.48220400810242 -2.22530534267426 -1.66634765863419 -1.03081385493278 -0.786270278692246 -0.575688886083663 -0.33079813811928 -0.100164276361465 -0.0262142598628998 0.00421068072319031 -0.0326527953147888 -0.0259197771549225 -0.0719073817133904 -0.211899480223656 -0.315751817822456 -0.554919707775116 -0.787335705757141 -0.841334128379822 -1.06076874732971 -1.07521282434464 -1.16026486158371 -1.35719195604324 -1.51153461933136 -1.63144571781158 -1.49009373188019 -1.42548658847809 -1.44133157730103 -1.7647632598877 -2.38359565734863 -2.9798141002655 -3.58118801116943 -3.8358811378479 -3.80145964622498 -3.93718605041504
-9999 -9999 -9999 -9999 -9999 -9999 -9999 -9999 -9999 -9999 -25.3922592163086 -27.8329877853394 -42.6443027496338 -28.6732706069946 -15.5991609573364 -8.51767435073853 -5.59056787490845 -2.58995623588562 -3.16685018539429 -1.33970531225204 -0.880176120996475 -1.18879813551903 -2.28282406330109 -2.38985741138458 -1.78330104351044 -1.43140388727188 -1.22715622782707 -1.09141199588776 -0.767967593669891 -0.442203650996089 -0.282053099572659 -0.186580207943916 -0.237465758621693 -0.242271230742335 -0.274184945225716 -0.389015418291092 -0.465517592430115 -0.504776614904404 -0.714534068107605 -0.928779637813568 -1.11179277896881 -1.1838041305542 -1.11340454816818 -1.24687860012054 -1.39604876041412 -1.44690022468567 -1.45442516803741 -1.43416349887848 -1.50254514217377 -2.10591444969177 -2.80792212486267 -3.41429381370544 -4.00920639038086 -4.30742712020874 -3.92449221611023 -3.93813309669495
-9999 -9999 -9999 -9999 -9999 -9999 -9999 -9999 -9999 -9999 -9999 -62.2477508544922 -42.2993984222412 -28.3124835968018 -15.6946605682373 -7.7887020111084 -3.04542436599731 -3.30041127204895 -1.16730279922485 -1.50352340936661 -0.866711246967316 -1.03808242380619 -1.72043528556824 -1.90281698703766 -1.76585146188736 -1.7347495675087 -1.49799256324768 -1.34459366798401 -1.05517480373383 -0.770526787638664 -0.632685209810734 -0.490262987837195 -0.512960295006633 -0.575560854375362 -0.622026771306992 -0.684346574544907 -0.683401626348495 -0.751378762722015 -0.841833734512329 -0.980085647106171 -1.18857543468475 -1.27159342765808 -1.27111315727234 -1.26404469013214 -1.23932521343231 -1.25577433109283 -1.34321641921997 -1.70386316776276 -1.88306107521057 -2.41336719989777 -3.1491979598999 -3.77361054420471 -4.24682817459106 -4.25259852409363 -4.05217781066895 -4.21434979438782
