meets/meet004/_saidas_enm/ensemble_aver_Cavanillesia_umbellata_CCSM_0k_Maxent.asc
NCOLS 154 
NROWS 168 
XLLCORNER -112 
YLLCORNER -55.5 
CELLSIZE 0.5 
NODATA_value -9999 
[rows 75 to 99 of 168, columns 56 to 111 of 154]
-9999 -9999 -9999 -9999 -9999 -9999 -9999 -9999 -9999 -9999 -9999 0.212989962100983 0.215617692470551 0.205525529384613 0.224355706572533 0.266089940071106 0.321690309047699 0.384319931268692 0.405741232633591 0.43967432975769 0.382599359750748 0.35553041100502 0.276797086000443 0.095055016875267 0.0975378692150116 0.0997393071651459 0.10213975161314 0.10297938734293 0.123011736571789 0.142836572229862 0.152421502768993 0.152937524020672 0.151019053161144 0.149703316390514 0.147537115216255 0.1437569886446 0.143557284772396 0.142811034619808 0.143333145976067 0.144857631623745 0.144972367584705 0.148655021190643 0.149870648980141 0.377614468336105 0.3774773478508 0.368710255622864 0.356529146432877 0.338426405191422 0.313934570550919 0.287351280450821 0.260869055986404 0.243853390216827 0.23229233622551 0.226088789105415 0.221511662006378 0.217837804555893
-9999 -9999 -9999 -9999 -9999 -9999 -9999 -9999 -9999 -9999 -9999 0.229278269410133 0.220483618974686 0.20884350836277 0.241889277100563 0.270967283844948 0.308930695056915 0.365560102462769 0.382850033044815 0.41653887629509 0.385386776924133 0.350096762180328 0.277849465608597 0.0946689158678055 0.0941048741340637 0.0938287943601608 0.0958612352609634 0.0981429293751717 0.100381731987 0.102305242419243 0.10315123796463 0.122173598408699 0.138248439133167 0.136666291952133 0.133111180365086 0.129755020141602 0.127630354464054 0.134446313977242 0.134288311004639 0.133731338381767 0.134993194043636 0.139939898252487 0.359071487188339 0.361155360937119 0.355703055858612 0.339942461252213 0.327025020122528 0.310207211971283 0.291218465566635 0.271327531337738 0.254159864783287 0.240398067235947 0.238284054398537 0.237429875135422 0.240243032574654 0.242593994736671
-9999 -9999 -9999 -9999 -9999 -9999 -9999 -9999 -9999 -9999 -9999 -9999 0.227170860767365 0.249892690777779 0.241285276412964 0.248620307445526 0.264704954624176 0.305056115984917 0.344315958023071 0.397577047348022 0.430419158935547 0.437679570913315 0.34492344558239 0.0981598749756813 0.26432172358036 0.258039680123329 0.0920647814869881 0.0956565320491791 0.0981315225362778 0.0988291800022125 0.0986675828695297 0.100526502728462 0.101067158579826 0.100179319083691 0.0975925952196121 0.0939626738429069 0.0915586262941361 0.089349627494812 0.119225768744946 0.118995063006878 0.128457896411419 0.135161398351192 0.140124048292637 0.352812659740448 0.337937444448471 0.316757035255432 0.299097418785095 0.283146798610687 0.269793051481247 0.264134973287582 0.258970880508423 0.254737728834152 0.248391526937485 0.246567195653915 0.249999868869781 0.253549456596375
-9999 -9999 -9999 -9999 -9999 -9999 -9999 -9999 -9999 -9999 -9999 -9999 0.256044733524322 0.255505388975143 0.251235789060593 0.222741895914078 0.2217140853405 0.243186193704605 0.272615629434586 0.3215192258358 0.383933681249619 0.423625046014786 0.441513973474503 0.28147841989994 0.259055465459824 0.246092635393143 0.259080657362938 0.0960287779569626 0.0983198717236519 0.0988556936383247 0.0966696962714195 0.0988480523228645 0.0985876321792603 0.0972165033221245 0.0953841403126717 0.0920063391327858 0.0880853340029717 0.0838833078742027 0.0826752118766308 0.0834553301334381 0.115865208208561 0.130883896350861 0.141214752197266 0.140192383527756 0.128231281042099 0.303687024116516 0.284830272197723 0.269257485866547 0.244364485144615 0.262299838662148 0.265231341123581 0.257471978664398 0.236258921027184 0.233857715129852 0.231771230697632 0.219480773806572
-9999 -9999 -9999 -9999 -9999 -9999 -9999 -9999 -9999 -9999 -9999 -9999 -9999 0.25785425901413 0.233958923816681 0.20120937526226 0.188277043402195 0.198059640824795 0.218704906105995 0.239724531769753 0.280958119034767 0.345007807016373 0.390990924835205 0.334768372774124 0.238053739070892 0.240065798163414 0.256692343950272 0.0979189962148666 0.102580291032791 0.102947875857353 0.100279085338116 0.100786699354649 0.0992136403918266 0.0968521937727928 0.0940208598971367 0.0884810730814934 0.0855801805853844 0.0814169868826866 0.0794521152973175 0.078472388535738 0.079924076795578 0.117432524263859 0.136685405671597 0.138190081715584 0.132372055947781 0.314838546514511 0.28926157951355 0.201951709389687 0.216244328022003 0.219246047735214 0.222058579325676 0.221091851592064 0.191529500484467 0.187338402867317 0.170456495881081 0.152620816230774
-9999 -9999 -9999 -9999 -9999 -9999 -9999 -9999 -9999 -9999 -9999 -9999 -9999 0.300441691279411 0.239588090777397 0.170536440610886 0.170925834774971 0.171200801432133 0.168473641574383 0.204825216531754 0.234019538760185 0.265196767449379 0.344590675830841 0.33507513999939 0.362996852397919 0.267954108119011 0.262594953179359 0.101435653865337 0.107830585539341 0.110636796057224 0.107435613870621 0.107497936487198 0.103556141257286 0.0995907112956047 0.0948137730360031 0.0880161039531231 0.0890684545040131 0.0843727499246597 0.0808176442980766 0.0770004466176033 0.0741003751754761 0.0824763983488083 0.132172870635986 0.134692159295082 0.132201118767262 0.328857660293579 0.271372097730637 0.217757117748261 0.227708849310875 0.230686303973198 0.234723693132401 0.233703202009201 0.229457157850265 0.167529237270355 0.151829250156879 0.137879234552383
-9999 -9999 -9999 -9999 -9999 -9999 -9999 -9999 -9999 -9999 -9999 -9999 -9999 -9999 0.27771178483963 0.186304594576359 0.174576967954636 0.146325606107712 0.148178686201572 0.183381663262844 0.211425265669823 0.243248674273491 0.280926328897476 0.305832543969154 0.333441567420959 0.383630186319351 0.397601866722107 0.344864845275879 0.100307905673981 0.146941629052162 0.158048577606678 0.170153787732124 0.156883965432644 0.137666203081608 0.108955024182796 0.102342590689659 0.10249404758215 0.1001619592309 0.0941083669662476 0.0884930208325386 0.0809268400073051 0.0835863634943962 0.0874235227704048 0.0878929644823074 0.127301043272018 0.296649441123009 0.221572121977806 0.193304306268692 0.226004359126091 0.225618222355843 0.225048848986626 0.221262514591217 0.200368878245354 0.168028137087822 0.143643210828304 0.135818687081337
-9999 -9999 -9999 -9999 -9999 -9999 -9999 -9999 -9999 -9999 -9999 -9999 -9999 -9999 0.367811328172684 0.211894056200981 0.17976940870285 0.148072831332684 0.13641215711832 0.172062772512436 0.18752326965332 0.185875333845615 0.194611597061157 0.206661054491997 0.268440201878548 0.306462714076042 0.346987122297287 0.412284719944 0.355845469236374 0.397877651453018 0.163587608933449 0.171248912811279 0.188426178693771 0.187700274586678 0.176779800653458 0.169464620947838 0.175882616639137 0.177998876571655 0.168872408568859 0.151892566680908 0.0928516879677772 0.0918078631162643 0.0845247894525528 0.0803019247949123 0.0833313345909119 0.235739463567734 0.218444389104843 0.195227426290512 0.231745713949203 0.232744592428207 0.217444998025894 0.208947438001633 0.18470119535923 0.17555378973484 0.139201870560646 0.140978410840034
-9999 -9999 -9999 -9999 -9999 -9999 -9999 -9999 -9999 -9999 -9999 -9999 -9999 -9999 -9999 0.325208029150963 0.231829410791397 0.168791437149048 0.136276417970657 0.158223040401936 0.149095372855663 0.168773178756237 0.182750600576401 0.200595766305923 0.205264041572809 0.223147917538881 0.243329044431448 0.255108495801687 0.33974646627903 0.394635933637619 0.457699579000473 0.432397681474686 0.179712426662445 0.200162047147751 0.203463435173035 0.213462832570076 0.20842359662056 0.206974619626999 0.206911063194275 0.209448203444481 0.198898401856422 0.160003246366978 0.0891148746013641 0.0759510211646557 0.0772106610238552 0.229312115907669 0.220774695277214 0.209091740846634 0.231176328659058 0.257533663511276 0.240989834070206 0.217832511663437 0.19308799803257 0.182023259997368 0.177239835262299 0.148944552242756
-9999 -9999 -9999 -9999 -9999 -9999 -9999 -9999 -9999 -9999 -9999 -9999 -9999 -9999 -9999 0.533676272630692 0.277125063538551 0.185816368460655 0.111549995839596 0.13513445109129 0.125076574087143 0.162623098492622 0.169780492782593 0.181668075919151 0.207541025429964 0.219903316348791 0.235249744355679 0.226531227678061 0.23913045078516 0.298216754198074 0.370335739850998 0.455775284767151 0.159667433798313 0.163179217278957 0.198720598220825 0.235664886236191 0.225710937380791 0.227616474032402 0.235831147432327 0.242482894659042 0.243724149465561 0.204892006516457 0.0946397826075554 0.0717818178236485 0.0728797361254692 0.225635021924973 0.224587818980217 0.225891694426537 0.230211919546127 0.254510319232941 0.302988785505295 0.232710185647011 0.218221166729927 0.184261545538902 0.157255290448666 0.165176099538803
-9999 -9999 -9999 -9999 -9999 -9999 -9999 -9999 -9999 -9999 -9999 -9999 -9999 -9999 -9999 0.620817220211029 0.319673284888268 0.235441765189171 0.14064563959837 0.109881292283535 0.0918117016553879 0.110447245836258 0.126941715180874 0.155286650359631 0.199089412391186 0.207512425631285 0.237611237168312 0.23965972661972 0.248155369609594 0.272393505275249 0.34133340716362 0.368170207738876 0.40948371887207 0.120226593315601 0.162302534282207 0.185511890053749 0.202535629272461 0.231154075264931 0.235342937707901 0.246954467892647 0.250614288449287 0.221943727135658 0.0959367334842682 0.0697217971086502 0.0676819488406181 0.21505206823349 0.230976548790932 0.245389759540558 0.285718670487404 0.327911698818207 0.308761602640152 0.294978368282318 0.278666034340858 0.26801500916481 0.256415596604347 0.251612433791161
-9999 -9999 -9999 -9999 -9999 -9999 -9999 -9999 -9999 -9999 -9999 -9999 -9999 -9999 -9999 -9999 0.555792939662933 0.163131901621819 0.112044371664524 0.11087542027235 0.0316357171162963 0.036339071020484 0.0396507821977139 0.0481327570974827 0.0658277258276939 0.0670876078307629 0.169608347117901 0.200095957517624 0.212480831891298 0.232575900107622 0.257432298362255 0.287488237023354 0.39130694270134 0.355044674873352 0.264156797528267 0.121883913874626 0.159496730566025 0.195593613386154 0.222144737839699 0.229126074910164 0.24003415107727 0.195784959197044 0.0840672016143799 0.0668588817119598 0.0681122034788132 0.0745176643133163 0.0876500844955444 0.335661414265633 0.379127591848373 0.37571667432785 0.354999381303787 0.1306989133358 0.123998193442822 0.119445015490055 0.113552494347095 0.113489405810833
-9999 -9999 -9999 -9999 -9999 -9999 -9999 -9999 -9999 -9999 -9999 -9999 -9999 -9999 -9999 -9999 -9999 0.532667452096939 0.167491821944714 0.114114545285702 0.0285499010235071 0.0489023204892874 0.0526324644684792 0.0533925004303455 0.0605464302003384 0.0537284150719643 0.112357425689697 0.140715050697327 0.155003415048122 0.213595227152109 0.233039002120495 0.282663132250309 0.353782331943512 0.38388340473175 0.369802474975586 0.23598119020462 0.092015652358532 0.136579163372517 0.153270578384399 0.160387919843197 0.141631607711315 0.0954278320074081 0.0765083290636539 0.0711831837892532 0.0782994538545609 0.0911492303013802 0.139096046984196 0.170486962795258 0.189012551307678 0.188296645879745 0.181911906599998 0.159365333616734 0.14107815772295 0.133782467246056 0.128851956129074 0.126626312732697
-9999 -9999 -9999 -9999 -9999 -9999 -9999 -9999 -9999 -9999 -9999 -9999 -9999 -9999 -9999 -9999 -9999 -9999 -9999 0.16421854943037 0.119234819710255 0.0950321733951569 0.138867977261543 0.12114732414484 0.111930805444717 0.0932569436728954 0.0925559543073177 0.108951871097088 0.132780236005783 0.17230852432549 0.206704172492027 0.256251680850983 0.279696963727474 0.34671339392662 0.367728382349014 0.344702035188675 0.325390124320984 0.0818954437971115 0.0824933767318726 0.0831351481378078 0.0694842152297497 0.0758659049868584 0.0761305712163448 0.0804472140967846 0.0940571650862694 0.139827461540699 0.162517006695271 0.18750778734684 0.204881483316422 0.214432266354561 0.206759205460548 0.181316620111465 0.153978030383587 0.140513309836388 0.132632932066917 0.130755393207073
-9999 -9999 -9999 -9999 -9999 -9999 -9999 -9999 -9999 -9999 -9999 -9999 -9999 -9999 -9999 -9999 -9999 -9999 -9999 -9999 -9999 0.130623146891594 0.107697933912277 0.152306120097637 0.144202382862568 0.113200668990612 0.0967925392091274 0.0908817805349827 0.101776383072138 0.138978576660156 0.157116932421923 0.225461111962795 0.259305281937122 0.27184431925416 0.325493997335434 0.349610549211502 0.366780060529709 0.304745510220528 0.221755549311638 0.0832161195576191 0.0936064973473549 0.0937668472528458 0.110339471697807 0.135088704526424 0.153053846955299 0.162013666331768 0.171524842083454 0.178987520933151 0.190677005052567 0.217077213525772 0.213552409410477 0.186654287576675 0.153563885390759 0.136935307085514 0.128129190206528 0.120123535394669
-9999 -9999 -9999 -9999 -9999 -9999 -9999 -9999 -9999 -9999 -9999 -9999 -9999 -9999 -9999 -9999 -9999 -9999 -9999 -9999 -9999 -9999 -9999 0.128457468748093 0.174048373103142 0.151310679316521 0.108770079910755 0.0834144622087479 0.0768855959177017 0.0907045818865299 0.127107261121273 0.198544213175774 0.21640335097909 0.236153107136488 0.274416583776474 0.300973337888718 0.328666269779205 0.358486574888229 0.373968899250031 0.415663874149322 0.387698912620544 0.164462672173977 0.170334587991238 0.175338599085808 0.177556827664375 0.181089892983437 0.183710020780563 0.186211529374123 0.193347108364105 0.215340015292168 0.223171010613441 0.195042544603348 0.15638339817524 0.136743257939816 0.130274383723736 0.122893656790257
-9999 -9999 -9999 -9999 -9999 -9999 -9999 -9999 -9999 -9999 -9999 -9999 -9999 -9999 -9999 -9999 -9999 -9999 -9999 -9999 -9999 -9999 -9999 -9999 -9999 0.125962470471859 0.0885248899459839 0.0937006093561649 0.0399398650974035 0.047738479077816 0.111559437215328 0.139127081632614 0.171346898376942 0.199215690791607 0.227512833476067 0.22337418794632 0.268509623408318 0.293336871266365 0.333915716409683 0.397422575950623 0.449445712566376 0.423172903060913 0.205283269286156 0.206766867637634 0.208278149366379 0.207235786318779 0.203728613257408 0.211296424269676 0.210766753554344 0.219842889904976 0.22404650747776 0.202581289410591 0.164405257999897 0.145416407287121 0.140143999457359 0.139832630753517
-9999 -9999 -9999 -9999 -9999 -9999 -9999 -9999 -9999 -9999 -9999 -9999 -9999 -9999 -9999 -9999 -9999 -9999 -9999 -9999 -9999 -9999 -9999 -9999 -9999 0.159599758684635 0.11089890152216 0.0809763133525848 0.0767739661037922 0.0349766541272402 0.035246441885829 0.043498171120882 0.0940958581864834 0.136951790750027 0.182922957837582 0.211813908815384 0.226121035218239 0.2477359354496 0.279782256484032 0.336583524942398 0.384337615966797 0.475467592477798 0.208141407370567 0.216999632120132 0.20929434299469 0.207849434018135 0.206886410713196 0.210006353259087 0.20706302523613 0.20974372625351 0.209100121259689 0.189460843801498 0.171006077528 0.163206660747528 0.163683731853962 0.159386967122555
-9999 -9999 -9999 -9999 -9999 -9999 -9999 -9999 -9999 -9999 -9999 -9999 -9999 -9999 -9999 -9999 -9999 -9999 -9999 -9999 -9999 -9999 -9999 -9999 -9999 -9999 -9999 0.109450753033161 0.07844457924366 0.012767300195992 0.0187247913330793 0.0209619809873402 0.0287065718322992 0.0413162101060152 0.104521065950394 0.125875318050385 0.180364151299 0.207799455523491 0.235445356369019 0.270087790489197 0.284727388620377 0.414806813001633 0.202853283286095 0.220971092581749 0.213969033956528 0.207499417662621 0.205444559454918 0.199936127662659 0.18857989013195 0.191092845797539 0.184333899617195 0.178971606492996 0.168763798475266 0.16784540116787 0.180200064182281 0.179672005772591
-9999 -9999 -9999 -9999 -9999 -9999 -9999 -9999 -9999 -9999 -9999 -9999 -9999 -9999 -9999 -9999 -9999 -9999 -9999 -9999 -9999 -9999 -9999 -9999 -9999 -9999 -9999 0.150247837603092 0.11034236997366 0.0166706947609782 0.0220807729288936 0.0212103044614196 0.0231723776087165 0.0296119704842567 0.0416533727198839 0.0540477603673935 0.127840423583984 0.17562669813633 0.20644773542881 0.21699441075325 0.245418217778206 0.349435859918594 0.417619252204895 0.216286772489548 0.215689986944199 0.207439586520195 0.202970770001411 0.195475310087204 0.184005343914032 0.176765775680542 0.174312365055084 0.178458869457245 0.182894262671471 0.183509224653244 0.183469530940056 0.177047270536423
-9999 -9999 -9999 -9999 -9999 -9999 -9999 -9999 -9999 -9999 -9999 -9999 -9999 -9999 -9999 -9999 -9999 -9999 -9999 -9999 -9999 -9999 -9999 -9999 -9999 -9999 -9999 -9999 0.114916926622391 0.0293384704738855 0.0353199347853661 0.0263359274715185 0.0291651956737041 0.0326188590377569 0.0383826106786728 0.0473379276692867 0.100690442323685 0.129336707293987 0.153366084396839 0.17942607998848 0.199757102131844 0.218325072526932 0.341355726122856 0.163154788315296 0.199804213643074 0.216281059384346 0.208340236544609 0.20161902308464 0.190027701854706 0.173833602666855 0.168000870943069 0.18099981546402 0.205013656616211 0.200607690215111 0.187738814949989 0.168550631403923
-9999 -9999 -9999 -9999 -9999 -9999 -9999 -9999 -9999 -9999 -9999 -9999 -9999 -9999 -9999 -9999 -9999 -9999 -9999 -9999 -9999 -9999 -9999 -9999 -9999 -9999 -9999 -9999 0.113500790297985 0.0364781852811575 0.0529901079833508 0.0437743648886681 0.0657117672264576 0.062984374538064 0.0619962848722935 0.045055116713047 0.0762937866151333 0.104091304540634 0.118359149992466 0.103168794512749 0.123183836042881 0.171090394258499 0.249873265624046 0.0916874215006828 0.145711866021156 0.174560332298279 0.200308257341385 0.210236096382141 0.206694677472115 0.179494276642799 0.161659349501133 0.174526309967041 0.197504687309265 0.191720095276833 0.180168893933296 0.155657668411732
-9999 -9999 -9999 -9999 -9999 -9999 -9999 -9999 -9999 -9999 -9999 -9999 -9999 -9999 -9999 -9999 -9999 -9999 -9999 -9999 -9999 -9999 -9999 -9999 -9999 -9999 -9999 -9999 0.0970202073454857 0.0433403067290783 0.0535848051309586 0.0538962230086327 0.0864391051232815 0.0745995901525021 0.0636118158698082 0.0413270950317383 0.0507712796330452 0.0868441715836525 0.0761478960514069 0.0830767720937729 0.0934465914964676 0.141044321656227 0.210858500003815 0.0726562157273292 0.0784411519765854 0.0776849538087845 0.160727965831757 0.215303707122803 0.213245469331741 0.186115697026253 0.144466029107571 0.171381321549416 0.18883361518383 0.181179055571556 0.166925695538521 0.145322696864605
-9999 -9999 -9999 -9999 -9999 -9999 -9999 -9999 -9999 -9999 -9999 -9999 -9999 -9999 -9999 -9999 -9999 -9999 -9999 -9999 -9999 -9999 -9999 -9999 -9999 -9999 -9999 -9999 0.120978505909443 0.0486568331718445 0.0827556431293488 0.0583876878023148 0.0824855081737041 0.0744098179042339 0.0630974568426609 0.0394506927579641 0.0475928269326687 0.0727708384394646 0.0642789259552956 0.0744905613362789 0.08472900390625 0.122064819931984 0.187305143475533 0.0616559833288193 0.0622171394526958 0.0654218293726444 0.0865672275424004 0.163823762536049 0.188533002138138 0.189472961425781 0.183022248744965 0.182798206806183 0.181031137704849 0.168427540361881 0.151229119300842 0.130060164630413
-9999 -9999 -9999 -9999 -9999 -9999 -9999 -9999 -9999 -9999 -9999 -9999 -9999 -9999 -9999 -9999 -9999 -9999 -9999 -9999 -9999 -9999 -9999 -9999 -9999 -9999 -9999 -9999 0.129004448652267 0.0882473453879356 0.0820371955633163 0.056131362169981 0.068545700609684 0.0614029750227928 0.057200364023447 0.0345998518168926 0.0629732050001621 0.0879085496068001 0.0701128512620926 0.0700718879699707 0.0753531567752361 0.114500714838505 0.180147281289101 0.0569547355175018 0.0542057521641254 0.0533338062465191 0.0695390462875366 0.0910035103559494 0.154694579541683 0.18603483736515 0.196632570028305 0.185647043585777 0.167726735770702 0.15627561211586 0.139254435896873 0.319924229383469
