meets/meet004/_saidas_enm/ensemble_aver_Cavanillesia_umbellata_CCSM_0k_Gower.asc
NCOLS 154 
NROWS 168 
XLLCORNER -112 
YLLCORNER -55.5 
CELLSIZE 0.5 
NODATA_value -9999 
[rows 52 to 77 of 168, columns 58 to 115 of 154]
-9999 -9999 -9999 -9999 -9999 -9999 -9999 -9999 -9999 0 0 0 0 0 0 0.0217625051736832 0.13516316190362 0.157892655581236 0.137277441844344 0.0628132306039333 0.000659549329429865 0 0 0 0 0 0 0 0 0 0 0 0 0.275238573551178 0.53494490981102 0.625164556503296 0.636554670333862 0.644789779186249 0.670487427711487 0.662048900127411 0.656366395950317 0.643575489521027 0.621529030799866 0.612049162387848 0.576007401943207 0.585393130779266 0.544947582483292 0.456822288036346 0.438744002580643 0.503499472141266 0.456225246191025 0.381556463241577 0.472841262817383 0.58081077337265 0.64336404800415 0.677938079833984 0.672107064723969 0.637991619110107
-9999 -9999 -9999 -9999 -9999 -9999 -9999 -9999 0 0 0 0 0 0 0 0 0 0.000511988345533609 0 0 0 0 0 0 0 0 0 0 0 0 0 0 0 0.18505457341671 0.457661265134811 0.565102595090866 0.583688795566559 0.591837561130524 0.627996861934662 0.635306310653686 0.636390340328217 0.621487295627594 0.587111222743988 0.562478590011597 0.522021973133087 0.491221642494202 0.434914261102676 0.448370522260666 0.503258728981018 0.446220874786377 0.369898968935013 0.303282454609871 0.462083071470261 0.593470919132233 0.673176503181457 0.713524949550629 0.707615029811859 0.673802053928375
-9999 -9999 -9999 -9999 -9999 -9999 -9999 -9999 0 0 0.110524795006495 6.33124262094498e-05 0 0 0 0 0 0 0 0 0 0 0 0 0 0 0 0 0 0 0 0 0 0.101041802763939 0.342699801921844 0.500922280550003 0.521686226129532 0.529714441299438 0.551189804077148 0.56429580450058 0.571062672138214 0.554287552833557 0.511351317167282 0.468556755781174 0.405738312005997 0.425505173206329 0.488852399587631 0.433715915679932 0.375848269462585 0.30462192595005 0.242954793572426 0.214355662465096 0.431640768051147 0.585383439064026 0.678875875473022 0.731680679321289 0.730332934856415 0.700778090953827
-9999 -9999 -9999 -9999 -9999 -9999 0 0 0.0152249585837126 0.114091032836586 0.214821548759937 0.0855827771127224 0 0 0 0 0 0 0 0 0 0 0 0 0 0 0 0 0 0 0 0 0 0.00438175434246659 0.216523079574108 0.394613003730774 0.463404190540314 0.457123357057571 0.453604751825333 0.443308466672897 0.452369004487991 0.432531064748764 0.384391087293625 0.428498142957687 0.462586688995361 0.386599773168564 0.311499115824699 0.245633071660995 0.186378701031208 0.139707252383232 0.0981400787830353 0.105307647585869 0.362761861085892 0.554005575180054 0.668631708621979 0.733622312545776 0.74073623418808 0.72875040769577
-9999 -9999 -9999 -9999 -9999 -9999 0 0 0.270886334776878 0.353720647096634 0.375113868713379 0.0981921657919884 0 0 0 0 0 0 0 0 0 0 0 0 0 0 0 0 0 0 0 0 0 0 0.0406943111214787 0.213468889892101 0.319937786459923 0.356342601776123 0.355671238899231 0.334952342510223 0.330938211083412 0.360976755619049 0.313895207643509 0.264659377932549 0.17458149343729 0.101452988386154 0.047963759303093 0.00543954388704151 0 0 0 0.0293436639010906 0.286490321159363 0.503501152992249 0.630638599395752 0.718835473060608 0.742732322216034 0.739060664176941
-9999 -9999 -9999 -9999 -9999 0 0 0.120186230540276 0.438306051492691 0.509411013126373 0.455965864658356 0.177180626988411 0 0 0 0 0 0 0 0 0 0 0 0 0 0 0 0 0 0 0 0 0 0 0 0.0148330740630627 0.0860787488520145 0.119459436461329 0.144697141647339 0.109278070926666 0.0776177264750004 0.0400368000380695 0.00295199556276202 0 0 0 0 0 0 0 0 0 0.200180374085903 0.443062877655029 0.58348433971405 0.693597531318665 0.728871929645538 0.734516501426697
-9999 -9999 -9999 -9999 -9999 0 0.0908342614769936 0.412604230642319 0.608509349822998 0.583574998378754 0.494257771968842 0.265885186195374 0.0269439317286015 0 0 0 0 0 0 0 0 0 0 0 0 0 0 0 0 0 0 0 0 0 0 0 0 0 0 0 0 0 0 0 0 0 0 0 0 0 0 0 0.0866078779101372 0.350709193944931 0.517446875572205 0.640312016010284 0.692969334125519 0.704038786888123
-9999 -9999 -9999 -9999 0 0.129240178689361 0.419262737035751 0.589748656749725 0.645762598514557 0.60411069393158 0.421584665775299 0.284364473819733 0.0985902741551399 0 0 0 0 0 0 0 0 0 0 0 0 0 0 0 0 0 0 0 0 0 0 0 0 0 0 0 0 0 0 0 0 0 0 0 0 0 0 0 0.0265096440911293 0.252992677688599 0.428799629211426 0.561651110649109 0.620857167243958 0.654030084609985
-9999 -9999 -9999 -9999 0.240435475111008 0.442376273870468 0.544767034053802 0.662849450111389 0.679136502742767 0.616352069377899 0.368359619379044 0.296787920594215 0.227084639668465 0.0939203530550003 0.0519092854112387 0.0340769797563553 0.0345336548984051 0.0222396187484264 0.00107933497056365 0 0 0 0 0 0 0 0 0 0 0 0 0 0 0 0 0 0 0 0 0 0 0 0 0 0 0 0 0 0 0 0 0.000684142857789993 0.000882078148424625 0.126700104027987 0.29904411137104 0.441823196411133 0.507500904798508 0.545858532190323
-9999 -9999 -9999 -9999 0.416983610391617 0.476887762546539 0.547715175151825 0.665099346637726 0.701896834373474 0.610426890850067 0.388992691040039 0.334777384996414 0.302514907717705 0.180611777305603 0.169342030584812 0.146972373872995 0.15003575310111 0.127256611734629 0.0980363637208939 0.0888135433197021 0.0902901008725166 0.100870856642723 0.0935263738036156 0.0961914107203484 0.0805254139006138 0.0805133670568466 0.0782792523503304 0.055944987013936 0.0515813902020454 0.0287195816636086 0.0187264796346426 0.00410455446690321 0 0 0 0 0 0 0 0 0.000375254126265645 0.011026594042778 0.0237407550215721 0.0513983979821205 0.0544025726616383 0.0752809278666973 0.0828158609569073 0.0771397650241852 0.0922539159655571 0.0849259540438652 0.0952072650194168 0.104781959950924 0.0853742010891438 0.0852999709546566 0.157492210716009 0.290066930651665 0.358139801025391 0.406747829914093
-9999 -9999 -9999 -9999 -9999 0.484847617149353 0.558255791664124 0.671782350540161 0.714196753501892 0.621241843700409 0.423602843284607 0.386691153049469 0.375502300262451 0.314075949788094 0.29467816054821 0.271642836928368 0.272623658180237 0.272609281539917 0.257778781652451 0.255524885654449 0.253275811672211 0.262077370285988 0.268597024679184 0.260371097922325 0.255998769402504 0.240702906250954 0.232492318749428 0.218003419041634 0.193788176774979 0.175347118079662 0.145659580826759 0.128324420377612 0.114717344939709 0.096242006123066 0.0929726928472519 0.0858054645359516 0.0886012926697731 0.104033698141575 0.112156671565026 0.143145292252302 0.164572517573833 0.189458982646465 0.224893361330032 0.242078974843025 0.266208559274673 0.271671077609062 0.275744837522507 0.282217213511467 0.280030012130737 0.282136589288712 0.273631820082665 0.270602449774742 0.262430834770203 0.23964065015316 0.216115149855614 0.179494018852711 0.150122454017401 0.173284706473351
-9999 -9999 -9999 -9999 -9999 -9999 0.569626522064209 0.68636873960495 0.691782855987549 0.623875164985657 0.449818557500839 0.432210558652878 0.413394242525101 0.368808990716934 0.367833960056305 0.357884174585342 0.35984964966774 0.362752687931061 0.357862436771393 0.36257238984108 0.373569750785828 0.382486015558243 0.382578563690186 0.386980020999908 0.375061738491058 0.369273191690445 0.361525666713715 0.337599813938141 0.326298531889915 0.298192232847214 0.279161313176155 0.2608532756567 0.241149520874023 0.233195465803146 0.224196580052376 0.230721426010132 0.234524494409561 0.246104720234871 0.274789291620255 0.287851202487946 0.321422597765923 0.346888500452042 0.367829459905624 0.397656923532486 0.402207362651825 0.419196361303329 0.422946488857269 0.419225019216537 0.427689403295517 0.418426042795181 0.417272764444351 0.415803062915802 0.396289271116257 0.391818082332611 0.357518285512924 0.337266373634338 0.306885305047035 0.271747395396233
-9999 -9999 -9999 -9999 0.511859387159348 0.54572114944458 0.622188568115234 0.694344961643219 0.685554671287537 0.601250386238098 0.462847077846527 0.446767050027847 0.44437056183815 0.433886504173279 0.424950397014618 0.426028263568878 0.434620290994644 0.448634994029999 0.457823407649994 0.471917098760605 0.481550186872482 0.491421270370483 0.502379310131073 0.503307873010635 0.502828991413116 0.495109003782272 0.487861847877502 0.47587154507637 0.456236773729324 0.439492958784103 0.417275369167328 0.404519546031952 0.395884227752686 0.383726590871811 0.385900849103928 0.385062265396118 0.392683500051498 0.413032257556915 0.427549511194229 0.453996741771698 0.475614452362061 0.494519007205963 0.506799721717834 0.495015251636505 0.488475871086121 0.485327345132828 0.488429659605026 0.500424158573151 0.515429317951202 0.53944656252861 0.55264322757721 0.553237187862396 0.545036143064499 0.530296576023102 0.516764152050018 0.495006024837494 0.479422134160995 0.465872371196747
-9999 -9999 -9999 0.523957926034927 0.551928818225861 0.59393504858017 0.653271961212158 0.671665668487549 0.659220433235168 0.573777937889099 0.467731040716171 0.459897404909134 0.476296937465668 0.478818941116333 0.465662962198257 0.476160019636154 0.490118104219437 0.498209035396576 0.519188904762268 0.529729866981506 0.554277002811432 0.56908597946167 0.576258420944214 0.586940777301788 0.584664416313171 0.588246750831604 0.58673335313797 0.570490753650665 0.562254154682159 0.547914791107178 0.535456973314285 0.526977324485779 0.51172142624855 0.509082782268524 0.506464803218842 0.511607950925827 0.517012751102447 0.527543163299561 0.543714451789856 0.549682211875915 0.527286648750305 0.505088400840759 0.488753205537796 0.472165793180466 0.47224355340004 0.471648395061493 0.475426799058914 0.486058777570724 0.496117341518402 0.517666989564896 0.540762943029404 0.559940707683563 0.579647541046143 0.593102335929871 0.599636900424957 0.600509631633759 0.592031097412109 0.576539182662964
-9999 -9999 -9999 0.589050579071045 0.5867830991745 0.62098354101181 0.643655455112457 0.641394448280334 0.60532374382019 0.542943185567856 0.497868984937668 0.507436698675156 0.511267691850662 0.51170557141304 0.497747504711151 0.506579840183258 0.520070016384125 0.54786365032196 0.564079713821411 0.581241726875305 0.60238184928894 0.61757390499115 0.637124645709991 0.647541642189026 0.654941201210022 0.657834494113922 0.657692229747772 0.654989683628082 0.646353435516357 0.638199937343597 0.62565290927887 0.618088340759277 0.61265869140625 0.60500146150589 0.60541375875473 0.604051756858826 0.608334898948669 0.606967604160309 0.576891112327576 0.550539898872376 0.523734706640244 0.503384482860565 0.490178197622299 0.478834456205368 0.476670432090759 0.476439863443375 0.479446566104889 0.487094300985336 0.495119476318359 0.508460837602615 0.521666204929352 0.534189450740814 0.545715379714966 0.552002573013306 0.553012001514435 0.547051644325256 0.534531205892563 0.515735113620758
-9999 -9999 -9999 -9999 0.648593080043793 0.635156667232513 0.64914003610611 0.592363202571869 0.574190437793732 0.5328677713871 0.501352894306183 0.522674775123596 0.518247330188751 0.524617803096771 0.51404173374176 0.538879472017288 0.559971451759338 0.585736560821533 0.594122183322906 0.619223415851593 0.642753922939301 0.664958322048187 0.685312819480896 0.695894253253937 0.705959367752075 0.711736953258514 0.7164018034935 0.717293393611908 0.712745893001556 0.710841250419617 0.70251077413559 0.699749863147736 0.696599066257477 0.689974880218506 0.689778101444244 0.672104930877686 0.643965268135071 0.61415524482727 0.581130063533783 0.55977885723114 0.535001701116562 0.517120325565338 0.505860495567322 0.493505984544754 0.493677067756653 0.49215327501297 0.493109333515167 0.497409445047379 0.498978805541992 0.506136363744736 0.510468220710754 0.514022791385651 0.518166959285736 0.516782873868942 0.511008155345917 0.500282549858093 0.484004700183868 0.462791520357132
-9999 -9999 -9999 -9999 0.655903828144073 0.637300992012024 0.629152023792267 0.597948920726776 0.567646890878677 0.550531840324402 0.509057402610779 0.484454780817032 0.487049502134323 0.479035085439682 0.517421120405197 0.559893810749054 0.586103868484497 0.605095183849335 0.621817004680634 0.641487753391266 0.668863880634308 0.689883852005005 0.709521484375 0.723959195613861 0.735041105747223 0.741689121723175 0.74629899263382 0.750227653980255 0.750597095489502 0.750179243087769 0.748184657096863 0.746876740455627 0.740535998344421 0.726891124248505 0.707606852054596 0.68358166217804 0.657915687561035 0.631204032897949 0.603797328472137 0.581892335414886 0.561308634281158 0.545151400566101 0.533982962369919 0.524465906620026 0.520371782779694 0.517359220981598 0.515784841775894 0.515300416946411 0.513459730148315 0.512177842855454 0.508190256357193 0.504040378332138 0.498060792684555 0.488065087795258 0.477488338947296 0.461762779951096 0.443032437562943 0.421014738082886
-9999 -9999 -9999 -9999 0.562455832958221 0.628828549385071 0.620160913467407 0.60669459104538 0.591786897182465 0.555172127485275 0.51684256196022 0.496886092424393 0.481670153141022 0.470225918292999 0.496793353557587 0.56889431476593 0.610887360572815 0.636525022983551 0.641978120803833 0.668438601493835 0.68776718378067 0.699339985847473 0.720917975902557 0.737994933128357 0.732829797267914 0.72181499004364 0.72699921131134 0.745335483551025 0.759373092651367 0.761661887168884 0.761597871780396 0.763361871242523 0.755743861198425 0.738995158672333 0.723057413101196 0.701293671131134 0.679607284069061 0.657082295417786 0.631210553646088 0.613422727584839 0.593476736545563 0.578609573841095 0.568778955936432 0.557529127597809 0.552853000164032 0.546353542804718 0.54127145409584 0.537339287996292 0.530291736125946 0.523182320594788 0.51214457154274 0.500138974189758 0.485845458507538 0.467644691467285 0.452453881502151 0.432751530408859 0.412005788087845 0.388954317569733
-9999 -9999 -9999 -9999 -9999 -9999 0.56212512254715 0.612922275066376 0.613839912414551 0.52223886847496 0.445951396226883 0.450142520666122 0.496725183725357 0.497569638490677 0.490047883987427 0.527365416288376 0.59057914018631 0.647586727142334 0.671208000183105 0.681759214401245 0.65737806558609 0.656804943084717 0.682725441455841 0.703223407268524 0.697868490219116 0.684399914741516 0.688713252544403 0.707174134254456 0.724427771568298 0.729668176174164 0.730954933166504 0.739830899238586 0.753517377376556 0.754253625869751 0.741120159626007 0.723779511451721 0.704969263076782 0.685207200050354 0.664712858200073 0.646454203128815 0.629644083976746 0.614942324161529 0.602565860748291 0.5916752576828 0.582736790180206 0.574546599388123 0.566464650630951 0.557548332214356 0.547512745857239 0.53553039431572 0.520557022094727 0.503654789924622 0.482984066009521 0.460388845205307 0.43969384431839 0.416358369588852 0.394468134641647 0.372174465656281
-9999 -9999 -9999 -9999 -9999 -9999 0.54179459810257 0.62670818567276 0.60993378162384 0.475703412294388 0.352433580160141 0.347243872284889 0.441387057304382 0.514671117067337 0.508771085739136 0.532643437385559 0.584366703033447 0.649837124347687 0.682559406757355 0.657728493213654 0.619095873832703 0.617135810852051 0.6491419672966 0.671855461597443 0.666999089717865 0.649887347221375 0.653249108791351 0.672906816005707 0.687920963764191 0.692726039886475 0.690956223011017 0.700079905986786 0.716446328163147 0.730322825908661 0.737445867061615 0.738305914402008 0.731258797645569 0.715343129634857 0.696517539024353 0.681877529621124 0.665555334091187 0.65098569393158 0.638121819496155 0.624577379226685 0.613877499103546 0.601752436161041 0.589834439754486 0.577219557762146 0.563492929935455 0.549046158790588 0.530751448869705 0.509788334369659 0.484714716672897 0.458456301689148 0.435677295923233 0.410824763774872 0.389380377531052 0.368540996313095
-9999 -9999 -9999 -9999 -9999 -9999 -9999 0.639177572727203 0.65544308423996 0.465474617481232 0.279903870820999 0.241765308380127 0.343701514601707 0.507842129468918 0.550152063369751 0.577148461341858 0.601192605495453 0.637869548797607 0.653772985935211 0.626453256607056 0.592375862598419 0.589102494716644 0.617347526550293 0.641115772724152 0.636849391460419 0.623654472827911 0.626443529129028 0.6418816447258 0.655455136299133 0.658064341545105 0.656482887268066 0.66414760351181 0.678285777568817 0.691780817508697 0.699127042293549 0.704491150379181 0.712982177734375 0.721643269062042 0.722867751121521 0.711350107192993 0.697189116477966 0.683228850364685 0.668373823165894 0.65451592206955 0.640012097358704 0.625875425338745 0.610651135444641 0.593175303936005 0.57594952583313 0.558801877498627 0.540520286560059 0.517815709114075 0.489720928668976 0.461950582265854 0.43960120677948 0.417259353399277 0.397596704959869 0.379103422164917
-9999 -9999 -9999 -9999 -9999 -9999 -9999 -9999 0.618135380744934 0.488129323720932 0.247523459792137 0.184368875622749 0.275726336240768 0.461488950252533 0.608032643795013 0.603729915618896 0.59773234128952 0.61449670791626 0.624968910217285 0.602592062950134 0.568809878826141 0.565591871738434 0.591626954078674 0.612238323688507 0.61110337972641 0.600517928600311 0.603750538825989 0.617101693153381 0.627196764945984 0.629445433616638 0.625831174850464 0.631434142589569 0.64350346326828 0.653724193572998 0.661183285713196 0.66597592830658 0.674974262714386 0.685893082618713 0.695705378055573 0.70187429189682 0.707273852825165 0.706721901893616 0.695578336715698 0.681075179576874 0.665604341030121 0.648277962207794 0.630116033554077 0.609650003910065 0.589251828193665 0.570264363288879 0.549859642982483 0.526568168401718 0.499758672714233 0.473380583524704 0.453335976600647 0.433275079727173 0.416387438774109 0.401253461837769
-9999 -9999 -9999 -9999 -9999 -9999 -9999 -9999 -9999 0.534385031461716 0.263519337773323 0.164846489299089 0.234084996581078 0.402699059247971 0.629397225379944 0.601238334178925 0.571093249320984 0.593746900558472 0.599225401878357 0.58249979019165 0.554907166957855 0.549515092372894 0.56819486618042 0.581869947910309 0.585599708557129 0.583116793632507 0.587280654907227 0.59642037153244 0.603046095371246 0.605688858032227 0.603751957416534 0.606736040115356 0.612306797504425 0.615805852413178 0.624541699886322 0.629366564750671 0.638682842254639 0.649850213527679 0.658279049396515 0.66841504573822 0.67386223077774 0.684470725059509 0.700206851959228 0.69863588809967 0.685091888904572 0.668297624588013 0.64883177280426 0.625790452957153 0.602925181388855 0.581914186477661 0.559217739105225 0.536799073219299 0.513882172107696 0.491863280534744 0.474023467302322 0.458342909812927 0.443989187479019 0.43002028465271
-9999 -9999 -9999 -9999 -9999 -9999 -9999 -9999 -9999 0.563545727729797 0.309938862919807 0.191993776708841 0.21800814718008 0.3531867146492 0.563634496927261 0.620918917655945 0.586274063587189 0.590601408481598 0.588197183609009 0.573703718185425 0.549196636676788 0.541552770137787 0.551313233375549 0.559262001514435 0.564921629428863 0.566963791847229 0.572280669212341 0.579642248153686 0.583926033973694 0.588227474689484 0.588234758377075 0.59041029214859 0.592703914642334 0.592562675476074 0.599107670783997 0.603274500370026 0.611889803409576 0.622989666461945 0.630807077884674 0.643941640853882 0.651991093158722 0.662246406078339 0.674488842487335 0.678582763671875 0.67465078830719 0.664510989189148 0.651964747905731 0.635309970378876 0.618179273605347 0.599844324588776 0.576289629936218 0.555103003978729 0.535595387220383 0.516176831722259 0.500728476047516 0.486705189943314 0.474149292707443 0.462776809930801
-9999 -9999 -9999 -9999 -9999 -9999 -9999 -9999 -9999 0.598077714443207 0.372082859277725 0.237236753106117 0.231049109995365 0.292716419696808 0.455792307853699 0.652236759662628 0.636312639713287 0.621787917613983 0.592711925506592 0.577417254447937 0.558091330528259 0.543731713294983 0.5438281416893 0.542262303829193 0.548765230178833 0.554394054412842 0.55946671962738 0.564601147174835 0.567570412158966 0.572757017612457 0.577874219417572 0.579684340953827 0.578642845153809 0.578791129589081 0.580941069126129 0.585804533958435 0.593231439590454 0.600691151618957 0.613034045696259 0.627971661090851 0.640741002559662 0.649315929412842 0.651685833930969 0.647756862640381 0.644585263729095 0.638923788070679 0.632082438468933 0.62532035112381 0.620419597625732 0.609654605388641 0.5971564412117 0.578561401367187 0.56047739982605 0.544700026512146 0.52924764752388 0.516026091575623 0.50463495850563 0.494107836484909
-9999 -9999 -9999 -9999 -9999 -9999 -9999 -9999 -9999 -9999 0.461120879650116 0.326249983906746 0.266661691665649 0.27881518304348 0.356505745649338 0.494598436355591 0.592675137519836 0.672491931915283 0.639831686019897 0.605985963344574 0.578016829490662 0.554428625106812 0.544383370876312 0.538794386386871 0.541782104969025 0.547489559650421 0.551053535938263 0.553334808349609 0.553939080238342 0.559160602092743 0.563580775260925 0.565884387493134 0.565896713733673 0.564733850955963 0.564883482456207 0.566671276092529 0.573561859130859 0.582263946533203 0.596372044086456 0.617320466041565 0.634894180297852 0.641750371456146 0.636624777317047 0.625741994380951 0.618630766868591 0.612531316280365 0.607943320274353 0.607412970066071 0.6060103058815 0.601752007007599 0.598748457431793 0.592366075515747 0.58527547121048 0.573452413082123 0.560085761547089 0.54731525182724 0.536319249868393 0.527105283737183
