meets/meet004/_saidas_enm/ensemble_aver_Cavanillesia_umbellata_CCSM_0k_Maha.asc
NCOLS 154 
NROWS 168 
XLLCORNER -112 
YLLCORNER -55.5 
CELLSIZE 0.5 
NODATA_value -9999 
[rows 50 to 74 of 168, columns 56 to 111 of 154]
-9999 -9999 -9999 -9999 -9999 -9999 -9999 -9999 -9999 -9999 -9999 -9999 -9999 -90.6654327392578 -48.7965919494629 -23.6513610839844 -12.4938163757324 -12.6892352104187 -15.7055408477783 -12.410466003418 -9.58740310668945 -6.33550419807434 -3.01034917831421 -1.03788417577744 -1.64486706256866 -2.88801481723785 -4.60826015472412 -9.01433877944946 -15.0626026153564 -24.613920211792 -34.3433258056641 -28.0901660919189 -17.9073202133179 -7.83570337295532 -2.53408939838409 -0.61881862282753 -1.91645534038544 -2.28397727012634 -1.91058568954468 -1.9709418296814 -2.76424732208252 -2.84553442001343 -3.63022437095642 -6.71180744171143 -12.7334228515625 -16.4654819488525 -14.8320999145508 -15.3819444656372 -15.2606979370117 -11.0358661651611 -8.55160675048828 -5.20245513916016 -0.956668829917908 0.0126669144257903 -1.23958778381348 -1.27326743602753
-9999 -9999 -9999 -9999 -9999 -9999 -9999 -9999 -9999 -9999 -9999 -9999 -9999 -29.7855266571045 -23.3419158935547 -21.3613704681396 -13.0568744659424 -9.03349914550781 -9.05180959701538 -8.25942559242248 -6.34581987857819 -4.69851437211037 -2.24096219539642 -1.09802811741829 -2.38334279060364 -5.29698286056519 -10.0327784538269 -19.634281539917 -34.3759029388428 -50.5193069458008 -60.8703353881836 -52.0113975524902 -34.8825958251953 -14.6925323486328 -4.94800209999084 -1.34135091304779 -0.378005631268024 -2.01401505470276 -2.87464332580566 -2.87272634506226 -2.90846824645996 -3.51391267776489 -4.6972761631012 -7.3672966003418 -10.7873519897461 -13.7777858734131 -13.9919591903687 -11.7849592208862 -9.82026748657227 -7.80358400344849 -5.70002193450928 -3.04397993087769 -0.395516005158424 -0.586162012815475 -1.23642481565475 -0.752177500724793
-9999 -9999 -9999 -9999 -9999 -9999 -9999 -9999 -9999 -9999 -9999 -28.4850383758545 -17.488285446167 -15.4738960266113 -14.5321349143982 -16.7365747451782 -14.3496585845947 -8.64328689575195 -6.02845528125763 -6.46368539333344 -5.44158847630024 -4.0077174782753 -4.80072512626648 -6.05161581039429 -9.24821510314941 -15.1685499191284 -26.4864627838135 -42.6609832763672 -62.7998542785645 -83.9492691040039 -96.2768432617188 -78.229997253418 -51.4736831665039 -23.8611438751221 -6.40603008270264 -0.948614382743835 -0.131496020779014 -1.17628562450409 -2.79522337913513 -3.76079473495483 -3.5865035533905 -4.67753100395203 -5.50620031356812 -6.59969100952148 -7.88444662094116 -7.96425914764404 -8.92634010314941 -6.39909725189209 -5.53430290222168 -5.14672341346741 -3.1725389957428 -1.16108022928238 -0.546912515163422 -2.32393438816071 -1.71185259819031 -0.894056153297424
-9999 -9999 -9999 -9999 -9999 -9999 -9999 -9999 -9999 -9999 -25.0047054290771 -17.2254688262939 -13.6300533294678 -13.2800110816956 -16.818021774292 -21.2537851333618 -18.3506490707397 -9.18643255233765 -5.41784448623657 -5.08874564170837 -5.43165788650513 -7.25134248733521 -10.3380087852478 -14.1628768920898 -21.4061275482178 -33.499361038208 -50.3184921264648 -71.4679382324219 -95.6062362670898 -115.816960144043 -121.997721862793 -97.1935806274414 -62.0849617004395 -29.3286434173584 -7.49311017990112 -0.762974891066551 0.0892095774412155 -1.48191230297089 -3.3662615776062 -4.24647688865662 -4.91635046005249 -5.19935541152954 -5.49131679534912 -6.19777917861938 -7.37514581680298 -7.41709814071655 -7.1895676612854 -5.9152530670166 -5.52918400764465 -2.71611964702606 -0.894135975837708 -0.346319729089737 -1.94753515720367 -5.42267570495605 -3.05903205871582 -1.63377392292023
-9999 -9999 -9999 -9999 -9999 -9999 -9999 -9999 -9999 -9999 -10.4451444625854 -9.67236366271973 -15.0160751342773 -13.5482332229614 -19.200904083252 -26.6360748291016 -28.6692943572998 -15.3095651626587 -11.7161375045776 -11.0740272521973 -12.0094486236572 -15.7736249923706 -20.7825130462646 -28.6058265686035 -41.9528228759766 -58.9698211669922 -81.7890213012695 -109.016667175293 -114.268185424805 -106.10178527832 -120.596235656738 -109.036332702637 -71.5462814331055 -34.9709949493408 -9.86111555099487 -1.31373034119606 -0.163470341265202 -2.19249787330627 -3.26144824028015 -4.19071831703186 -4.84574813842773 -5.04997253417969 -5.45099077224731 -5.68033475875855 -6.09394159317017 -7.18647289276123 -7.66768317222595 -4.34684221744537 -1.55306104421616 -0.257284307479858 -1.25304181575775 -3.70886311531067 -5.59220514297485 -7.4033842086792 -3.93719124794006 -1.98834655284882
-9999 -9999 -9999 -9999 -9999 -9999 -9999 -9999 -23.3632522583008 -13.3146102905273 -7.56925001144409 -7.66248006820679 -12.0049437522888 -13.0189924240112 -18.7370611190796 -24.9861972808838 -30.0100551605225 -26.6247371673584 -22.1968494415283 -23.2428043365479 -26.6137462615967 -31.2923221588135 -38.7356216430664 -51.9101425170898 -71.2213455200195 -74.0305740356445 -78.1770812988281 -76.3340744018555 -76.7881607055664 -78.9739807128906 -78.5534652709961 -77.4914184570312 -73.7888854980469 -40.0403518676758 -13.4782371520996 -3.2009507894516 -1.39024829864502 -2.35782995223999 -3.19754371643066 -4.7637113571167 -5.91631746292114 -6.43361177444458 -5.84492144584656 -6.11372666358948 -7.58321590423584 -4.42446813583374 -1.95456476211548 0.189787448942661 -0.149149085581303 -3.37312302589417 -5.56739892959595 -7.12490940093994 -8.55799026489258 -9.11404132843018 -3.95610976219177 -2.21690936088562
-9999 -9999 -9999 -9999 -9999 -9999 -9999 -9999 -14.2318849563599 -8.9748969078064 -3.40752391815186 -6.69161415100098 -10.3094373703003 -12.1977939605713 -18.04421043396 -22.5610507965088 -22.4331340789795 -27.0736129760742 -28.0465587615967 -29.9818363189697 -34.1510803222656 -37.9978607177734 -43.6265487670898 -44.3168724060059 -44.972533416748 -45.9046890258789 -47.3713493347168 -50.8750137329102 -50.7738273620605 -47.8370498657227 -46.546964263916 -47.4018417358398 -49.2558555603027 -47.2666366577148 -18.816745185852 -6.68634624481201 -3.8543007850647 -3.54268779754639 -3.83369822502136 -5.00884761810303 -6.80127763748169 -7.64636945724487 -7.67630729675293 -4.52932229042053 -1.4367667555809 0.38620806937106 -0.758759504556656 -4.68903293609619 -8.78084316253662 -12.8303279876709 -16.430199432373 -18.488427734375 -17.7752044677734 -13.5128063201904 -5.38422775268555 -1.91545467376709
-9999 -9999 -9999 -9999 -9999 -9999 -9999 -12.3734184265137 -9.84788789749146 -4.34121398925781 -2.75167508125305 -4.80644760131836 -7.14637174606323 -10.3649120330811 -13.5894460678101 -18.2715469360352 -16.7570226669312 -18.3750959396362 -18.5333087921143 -21.3073749542236 -24.5308795928955 -25.887805557251 -28.5948440551758 -28.9522766113281 -29.3621597290039 -30.751774597168 -30.4187866210938 -30.1290237426758 -30.3581005096436 -29.8644012451172 -29.6751621246338 -30.4899742126465 -31.2803859710693 -30.8061725616455 -27.7899475097656 -12.6814197540283 -7.32907438278198 -6.45163440704346 -6.42003755569458 -6.95740957260132 -6.90609035491943 -5.32029900550842 -3.13747143745422 -2.09936021566391 -4.75075631141663 -10.8079027175903 -16.3723190307617 -22.972758102417 -32.2117668151855 -40.9256790161133 -45.2514945983887 -44.2620040893555 -39.0451774597168 -23.3376697540283 -9.22999401092529 -2.99655666351318
-9999 -9999 -9999 -9999 -9999 -9999 -9999 -8.83715286254883 -6.08373689651489 -0.342178344726562 -2.57792286872864 -3.67042255401611 -6.79330606460571 -9.79874238967895 -9.16416482925415 -10.8090523719788 -10.085938167572 -12.4333913803101 -12.2385768890381 -12.609024810791 -13.9668527603149 -15.5332399368286 -18.3338464736938 -17.7239856719971 -15.9084886550903 -16.3449703216553 -16.125827217102 -17.8985836029053 -17.3622573852539 -15.0633424758911 -15.2071182250977 -15.6676424026489 -18.4120822906494 -19.9491405487061 -20.7280841827393 -23.9497005462646 -14.9643299102783 -9.79291973114014 -7.9505163192749 -7.66425333023071 -7.64160947799683 -10.4172399520874 -15.6079002380371 -24.1935104370117 -33.7319896697998 -44.597777557373 -57.6647621154785 -65.4189361572266 -70.6992431640625 -67.0377059936523 -68.0966911315918 -60.8487205505371 -57.5619827270508 -35.0300506591797 -15.4213268280029 -4.94412603378296
-9999 -9999 -9999 -9999 -9999 -9999 -14.411630821228 -7.80349378585815 -2.59110741615295 0.4768874168396 -2.90100612640381 -3.1704029083252 -12.1307373046875 -15.598980140686 -8.27499580383301 -7.16460638046265 -6.53790102005005 -7.52528886795044 -7.26744976043701 -7.48839874267578 -8.49202070236206 -9.05069274902344 -9.34676904678345 -8.8804726600647 -9.00405387878418 -8.66289043426514 -9.31929912567139 -9.29478740692139 -8.84302854537964 -9.40330543518066 -9.0439492225647 -9.85668420791626 -10.5054410934448 -11.2264465332031 -13.3023681640625 -14.9971824645996 -17.6967420578003 -19.1716548919678 -22.7243167877197 -25.1597061157227 -26.8134605407715 -31.5494220733643 -32.9132415771484 -34.998168182373 -39.5828689575195 -42.4171394348145 -45.6656158447266 -46.233065032959 -48.0910202026367 -50.3674308776855 -50.325065612793 -47.9779647827148 -43.954899597168 -36.7506996154785 -18.8905494689941 -6.71503095626831
-9999 -9999 -9999 -9999 -9999 -9999 -14.6157844543457 -9.547633934021 -5.67302255630493 -0.505853641033173 -0.8536964494735 -1.61165454387665 -15.4632881164551 -16.2203723907471 -7.51437044143677 -4.21053575575352 -3.86343719959259 -4.6615225315094 -4.19336757659912 -3.8473641872406 -3.75407071113586 -3.60168209075928 -3.69669327735901 -3.38834462165833 -3.19122231006622 -3.37338695526123 -3.40081167221069 -3.69768152236938 -3.77461318969727 -3.86872019767761 -4.30111169815063 -4.69840207099915 -5.51359033584595 -6.08975973129272 -6.69730796813965 -7.63540573120117 -8.40561504364014 -9.96192264556885 -11.5123359680176 -12.7977849960327 -16.0960712432861 -18.368448638916 -20.3770542144775 -22.1568058013916 -24.0618663787842 -27.5803825378418 -28.3705749511719 -30.1125820159912 -31.6678089141846 -31.6081199645996 -31.7400085449219 -28.1807125091553 -24.9724475860596 -20.3021984100342 -19.4791061401367 -9.54165897369385
-9999 -9999 -9999 -9999 -9999 -9999 -10.4326287269592 -10.843236541748 -7.39934711456299 -2.14113357067108 -0.974839073419571 -0.44089483320713 -13.9917434692383 -12.6363229751587 -5.88808767795563 -3.17235962152481 -2.43098766431212 -2.7718560218811 -2.33848965167999 -1.92185561656952 -1.72190238237381 -1.24767300486565 -1.05942172408104 -0.893550026416779 -1.02898548841476 -1.12591778039932 -1.23102945685387 -1.24724119305611 -1.3737997174263 -1.73288968801498 -1.82126934528351 -2.33561618328095 -2.62389144897461 -3.05798330307007 -3.68319897651672 -3.76555700302124 -4.45968461036682 -4.9512264251709 -6.54486446380615 -8.96726703643799 -11.7818710327148 -14.169513130188 -14.3040412902832 -15.594277381897 -17.5090091705322 -18.6095531463623 -20.2672050476074 -20.2553009033203 -20.3455577850342 -20.6675266265869 -18.9150390625 -16.4182306289673 -12.2743787765503 -9.92402667999268 -10.6836519241333 -9.98976974487305
-9999 -9999 -9999 -9999 -9999 -9999 -9999 -8.25911107063293 -8.95498065948486 -4.23443040847778 -0.803419244289398 0.219076278805733 -9.44589605331421 -8.6599401473999 -4.49557613134384 -2.96586532592773 -2.00499200820923 -1.87823127508163 -1.26418198347092 -0.75353696346283 -0.298509464412928 0.194012045860291 0.384603127837181 0.432475572312251 0.362902040779591 0.199739092588425 0.235131043195724 0.227295473217964 0.132128092646599 0.0314933717250824 -0.125268152356148 -0.26991057023406 -0.553490471839905 -0.722191527485847 -0.834266304969788 -1.0938460290432 -1.2429093003273 -1.67258832454681 -2.89801001548767 -4.66826663017273 -8.01666955947876 -8.47229652404785 -9.04377460479736 -10.0613544464111 -10.5717763900757 -11.5009021759033 -11.238402557373 -11.1445529937744 -10.7106178283691 -9.88925285339355 -8.70881443023682 -6.74957437515259 -5.42779340744019 -4.92466926574707 -4.86905069351196 -5.24818477630615
-9999 -9999 -9999 -9999 -9999 -9999 -9999 -9999 -9.55640354156494 -4.85462131500244 -1.35990679264069 0.60366860628128 -6.71524934768677 -4.97850141525269 -2.89695923179388 -2.30516093969345 -1.64491942152381 -1.61910858154297 -0.428695100545883 -0.00309431254863739 0.468259334564209 0.741756117343903 0.857878959178925 0.859571611881256 0.830555021762848 0.731545650959015 0.823056590557098 0.812000703811645 0.741063928604126 0.576506745815277 0.572097009420395 0.437691631913185 0.347767563536763 0.223959311842918 0.00694705843925476 -0.257528283074498 -0.457113696634769 -0.734111964702606 -1.4766241312027 -3.5217689037323 -5.80541152954102 -5.83603134155273 -6.16591739654541 -7.3415997505188 -8.4024040222168 -9.43045120239258 -9.2664400100708 -8.55759410858154 -7.94514141082764 -7.23063230514526 -5.99694232940674 -4.7328254699707 -3.90560512542725 -3.25373077392578 -2.59177255630493 -1.94474618434906
-9999 -9999 -9999 -9999 -9999 -9999 -16.4048287391663 -13.3255951404572 -12.1621206283569 -3.12760758399963 0.10071849450469 0.646890759468079 -4.61288118362427 -3.60912806987762 -2.11335393488407 -1.73653637468815 -1.49763121604919 -1.2971355676651 -0.241862553358078 0.322638165950775 0.632138931751251 0.824163949489593 0.890190613269806 0.918131971359253 0.930891108512878 0.957110810279846 0.991070485115051 1 0.975646841526032 0.896008491516113 0.812911951541901 0.783524918556213 0.718876206874847 0.672474539279938 0.629950559139252 0.452288115024567 0.261697091162205 -0.167403483390808 -0.577900516986847 -1.88597412109375 -3.66571712493896 -4.44099102020264 -5.24207954406738 -6.24017972946167 -7.13574247360229 -7.89122667312622 -7.7132698059082 -7.29789590835571 -6.7877402305603 -6.09058847427368 -5.34686632156372 -4.19898233413696 -2.96045904159546 -2.13001492023468 -1.55642459392548 -0.232602010667324
-9999 -9999 -9999 -9999 -9999 -7.90748171806335 -14.6583750247955 -12.6911726951599 -10.4564496994019 -1.28409864902496 0.629962050914764 0.631730818748474 -3.14235076904297 -2.21088411808014 -2.55915800333023 -1.61860673427582 -0.925476562976837 -0.372706907987595 0.0572816208004951 0.686591112613678 0.885702002048492 0.965272951126099 0.891292667388916 0.886569166183472 0.841472327709198 0.723988497257233 0.706608891487122 0.721905171871185 0.766918051242828 0.83555783033371 0.839596211910248 0.836480617523193 0.819285762310028 0.781953489780426 0.710594308376312 0.726158344745636 0.36095187664032 -0.117503583244979 -0.678426933288574 -1.84594216346741 -2.97457728385925 -3.76949887275696 -4.86989154815674 -6.07268714904785 -6.89694890975952 -7.68693218231201 -7.36943626403809 -6.8746356010437 -6.27660465240479 -5.71185913085938 -5.0937258720398 -3.74139304161072 -2.77481970787048 -2.18013894557953 -1.78365902900696 -0.84288809299469
-9999 -9999 -9999 -9999 -9999 -7.46939914524555 -13.5530083656311 -12.7000400543213 -5.58023128509521 0.0441440984606743 1 0.588893699645996 -0.451965004205704 -1.46073410511017 -3.72366518974304 -1.58648397922516 -0.847704029083252 -0.091869018226862 0.39941394329071 0.791371119022369 0.962704110145569 1 0.945202362537384 0.877612066268921 0.771422433853149 0.653403115272522 0.570008152723312 0.540449768304825 0.499314224720001 0.469780683517456 0.458054846525192 0.485302805900574 0.523310124874115 0.535963672399521 0.505302655696869 0.330754518508911 -0.0528664983808994 -0.695095086097717 -1.29709489345551 -1.72041015625 -2.50016250610352 -3.27628703117371 -4.23442401885986 -5.32412843704224 -6.13640031814575 -6.66773090362549 -6.46677198410034 -5.98302898406982 -5.49468326568604 -4.97440242767334 -4.42597346305847 -3.72422981262207 -3.27951035499573 -2.90368852615356 -2.76991610527039 -2.90961074829102
-9999 -9999 -9999 -9999 -9999 -9999 -10.5803813934326 -13.4305480957031 -2.61607618331909 -0.00167456865310669 0.799660778045654 0.37705694437027 -0.131601242348552 -1.45195569992065 -4.03090863227844 -2.71124505996704 -1.50171995162964 -0.398807996511459 0.102526921033859 0.35356105864048 -0.0868382098153234 0.480229693651199 0.554397660493851 0.450326895713806 0.28745733499527 -0.00695935785770416 -0.0946887616068125 -0.114558561146259 -0.151482425630093 -0.193927702307701 -0.201926343142986 -0.241453769803047 -0.207721507549286 -0.170976158976555 -0.147460331395268 -0.329123568534851 -0.594390970468521 -0.824232411384582 -1.14587740898132 -1.6321197271347 -2.21911282539368 -2.85714828968048 -3.58551211357117 -4.37815289497375 -4.90958452224731 -5.46366548538208 -5.31448411941528 -5.11947050094605 -4.84195194244385 -4.52861785888672 -4.34330201148987 -3.90710515975952 -3.6539852142334 -3.77102918624878 -3.94966111183167 -4.25227298736572
-9999 -9999 -9999 -9999 -9999 -9999 -13.9118265151978 -12.7403318405151 -2.95243406295776 0.475601124763489 0.264854890108109 -0.639493179321289 -1.67907345294952 -1.40877952575684 -1.13928849697113 -3.34806399345398 -2.66238718032837 -1.94280874729156 -1.61612403392792 -1.04675983190537 -1.10831090211868 -0.997614872455597 -0.76264705657959 -0.560233044624329 -0.340696710348129 -0.232857030630112 -0.191504814662039 -0.205059390515089 -0.219972296059132 -0.198316085338593 -0.231144193070941 -0.188900835067034 -0.132026573549956 -0.116529617458582 -0.163401527935639 -0.279931712895632 -0.366421660780907 -0.557723432779312 -0.869853675365448 -1.28582991361618 -1.79759004116058 -2.32251253128052 -2.77724866867065 -3.30494327545166 -3.75417809486389 -4.09968066215515 -4.20457735061646 -4.20517926216125 -4.09861268997192 -3.9615478515625 -3.84386897087097 -3.63757100105286 -3.68022093772888 -3.8548602104187 -4.02959923744202 -4.37094211578369
-9999 -9999 -9999 -9999 -9999 -9999 -19.3231342315674 -13.3353227615356 -9.15806350708008 -0.85865877866745 -1.33223737478256 -3.56829862594604 -7.29671592712402 -6.39607009887695 -2.90494894981384 -1.75023982524872 -4.02416834831238 -2.62809066772461 -1.51574075222015 -1.06490457057953 -1.05399163961411 -0.777881729602814 -0.463879346847534 -0.212458550930023 -0.206721749901772 -0.403638622164726 -0.290487620234489 -0.201401025056839 -0.235993720591068 -0.402341961860657 -0.325802931189537 -0.264589412510395 -0.188392651546747 -0.158631224930286 -0.211352880299091 -0.292652942240238 -0.432062332332134 -0.469585863500834 -0.69499586969614 -1.11344012022018 -1.4414137005806 -1.73791636228561 -2.10905766487122 -2.45655286312103 -2.84787411689758 -3.1003692150116 -3.27420811653137 -3.36311678886414 -3.40723853111267 -3.4638108253479 -3.46971940994263 -3.39778385162354 -3.64468040466309 -3.85295224189758 -4.08124647140503 -4.41168384552002
-9999 -9999 -9999 -9999 -9999 -9999 -9999 -9999 -25.2039489746094 -7.96941576004028 -2.51877880096436 -3.75208101272583 -11.0537885665894 -10.4218851089478 -6.40856666564941 -2.08950383663178 -2.78901295661926 -2.82286982536316 -2.02879664897919 -0.882462131977081 -0.991202390193939 -0.924665856361389 -0.671758079528809 -0.352616998553276 -0.164911075681448 -0.205213326960802 -0.131032581627369 -0.0566099464893341 -0.0510654747486115 -0.120257267355919 -0.276949150115252 -0.342648965120316 -0.329554423689842 -0.459186458587647 -0.376755949854851 -0.327072029933333 -0.340201039798558 -0.404432358592749 -0.517788381874561 -0.697968900203705 -0.997369945049286 -1.16276090145111 -1.37709370851517 -1.66355535984039 -1.9279408454895 -2.15999009609222 -2.33739631175995 -2.50624272823334 -2.65054883956909 -2.80798654556274 -2.92992720603943 -3.05214729309082 -3.40765895843506 -3.63313746452332 -3.90661659240723 -4.43383817672729
-9999 -9999 -9999 -9999 -9999 -9999 -9999 -9999 -22.9997219085693 -19.6930294036865 -1.90537807941437 -3.14067225456238 -13.0471670150757 -11.4327627182007 -7.23138151168823 -3.71205792427063 -1.71726412773132 -2.93133635520935 -2.04365391731262 -0.574061805009842 -1.05139309167862 -1.05198818445206 -1.27587488889694 -1.00043107271194 -0.292584630846977 -0.237095555663109 -0.186212068796158 -0.229096361994743 -0.216828334331512 -0.15930267572403 -0.172620385885239 -0.1843241751194 -0.10913168489933 -0.15630849711597 -0.414555448293686 -0.620384800434113 -0.755871284008026 -0.723597639799118 -0.686213773488998 -0.700382274389267 -0.777022844552994 -0.928829550743103 -1.01423329114914 -1.12998017072678 -1.33488320112228 -1.5027583360672 -1.71030237674713 -2.01905963420868 -2.40035967826843 -2.82217540740967 -3.13720102310181 -3.39035940170288 -3.70811333656311 -3.95141043663025 -4.07439150810242 -4.64625797271728
-9999 -9999 -9999 -9999 -9999 -9999 -9999 -9999 -9999 -21.2118734359741 -5.45613946914673 -4.77183165550232 -19.0885988235474 -14.1802426338196 -7.14714117050171 -4.66671991348267 -1.90971486568451 -2.27244789600372 -0.84240425825119 -0.407708311080933 -1.0319838643074 -1.36418367624283 -1.7049969792366 -1.56855683326721 -0.875485706329346 -0.465028303489089 -0.419990007579327 -0.439175976067781 -0.358152711391449 -0.327497938275337 -0.373022970557213 -0.347428816556931 -0.339743980765343 -0.302903608232737 -0.288236389309168 -0.378120969235897 -0.466079676151276 -0.629195261001587 -0.851348733901978 -0.934264445304871 -0.865592360496521 -0.824208092689514 -0.902027225494385 -0.980564343929291 -1.05479624271393 -1.24364134073257 -1.55840961933136 -2.1397332906723 -2.6367057800293 -3.13975310325623 -3.66912999153137 -4.10103855133057 -4.62705173492432 -4.95081129074097 -4.73028383255005 -4.46959562301636
-9999 -9999 -9999 -9999 -9999 -9999 -9999 -9999 -9999 -9999 -20.1792766571045 -15.9904237747192 -20.8831573486328 -13.1034603118896 -6.14784526824951 -2.32920575141907 -2.19108414649963 -0.266048653796315 -0.152362489700317 -0.244010674953461 -0.91182501912117 -1.30159742832184 -2.03166129589081 -2.11417016983032 -1.33780305981636 -0.949585664272308 -0.900447365641594 -0.967720675468445 -0.876971432566643 -0.598405622690916 -0.489512193202972 -0.518554174154997 -0.627877472341061 -0.633823658898473 -0.579225699603558 -0.588668915629387 -0.561749172210693 -0.549939373135567 -0.62377033829689 -0.848300433158874 -1.15420415401459 -1.1027006983757 -0.999849581718445 -1.02925778627396 -1.07792665958405 -1.22214455604553 -1.6058135509491 -2.2551319360733 -2.85726461410522 -3.43376002311707 -3.9441481590271 -4.49805059432983 -5.18464279174805 -5.71568546295166 -4.99951057434082 -4.31774773597717
-9999 -9999 -9999 -9999 -9999 -9999 -9999 -9999 -9999 -9999 -9999 -38.6145236968994 -16.8582850456238 -7.824041223526 -4.39343295097351 -0.675226652622223 -1.92141964435577 0.738791596889496 -0.486104011535645 -0.45028440952301 -0.795291620492935 -1.22495304346085 -2.06695181131363 -2.26895225048065 -1.82442209720612 -1.59367414712906 -1.46458160281181 -1.42836064100266 -1.33031360507011 -1.0868405610323 -1.02654215693474 -0.959494671225548 -0.978953048586845 -0.944243770837784 -0.899820092320442 -0.936656084656715 -0.828245913982391 -0.766572734713554 -0.716300690174103 -0.732436561584473 -0.844841432571411 -1.05049307346344 -1.26566321849823 -1.28696603775024 -1.35380948781967 -1.46768991947174 -1.83694710731506 -2.3618812084198 -2.93187704086304 -3.3912926197052 -4.01243958473206 -4.69388666152954 -5.60562572479248 -5.97898426055908 -5.17307462692261 -4.49431753158569
