meets/meet004/_saidas_enm/ensemble_aver_Cavanillesia_umbellata_CCSM_0k_Gower.asc
NCOLS 154 
NROWS 168 
XLLCORNER -112 
YLLCORNER -55.5 
CELLSIZE 0.5 
NODATA_value -9999 
[rows 104 to 129 of 168, columns 58 to 115 of 154]
-9999 -9999 -9999 -9999 -9999 -9999 -9999 -9999 -9999 -9999 -9999 -9999 -9999 -9999 -9999 -9999 -9999 -9999 -9999 -9999 -9999 -9999 -9999 -9999 -9999 0.310887145996094 0.329722929000854 0.202323691546917 0 0 0 0 0 0 0.021853493899107 0.151834277808666 0.348918342590332 0.442926096916199 0.434505867958069 0.428766262531281 0.425082564353943 0.41551251411438 0.394559305906296 0.388176888227463 0.441820907592773 0.500856077671051 0.535289692878723 0.546632373332977 0.53762024641037 0.54537924528122 0.541178071498871 0.535583555698395 0.530241441726685 0.522462725639343 0.533460307121277 0.545942950248718 0.548120224475861 0.542418789863586
-9999 -9999 -9999 -9999 -9999 -9999 -9999 -9999 -9999 -9999 -9999 -9999 -9999 -9999 -9999 -9999 -9999 -9999 -9999 -9999 -9999 -9999 -9999 -9999 -9999 0.362616991996765 0.387461680173874 0.154472276568413 0 0 0 0 0 0 0.0342732065357268 0.20049677118659 0.372777491807938 0.422601795196533 0.422295618057251 0.415644925832748 0.402906459569931 0.400830709934235 0.399641865491867 0.40663024187088 0.459781759977341 0.504794979095459 0.535053670406342 0.553281927108765 0.545118641853332 0.544563293457031 0.527836740016937 0.518189477920532 0.517252123355865 0.512244594097137 0.527963638305664 0.546562075614929 0.553941524028778 0.553520226478577
-9999 -9999 -9999 -9999 -9999 -9999 -9999 -9999 -9999 -9999 -9999 -9999 -9999 -9999 -9999 -9999 -9999 -9999 -9999 -9999 -9999 -9999 -9999 -9999 -9999 0.451644134521484 0.419561898708343 0.100022417679429 0 0 0 0 0 0 0.0492704346776009 0.196396319568157 0.360992336273193 0.427648490667343 0.433490782976151 0.411966723203659 0.397461384534836 0.40179483294487 0.42655440568924 0.474113976955414 0.494321662187576 0.533068084716797 0.562139785289764 0.577425765991211 0.592812478542328 0.568701088428497 0.537938344478607 0.523598563671112 0.518574023246765 0.524079024791718 0.531962990760803 0.542445302009583 0.551462030410767 0.554763615131378
-9999 -9999 -9999 -9999 -9999 -9999 -9999 -9999 -9999 -9999 -9999 -9999 -9999 -9999 -9999 -9999 -9999 -9999 -9999 -9999 -9999 -9999 -9999 -9999 -9999 0.532488834857941 0.36024352312088 0.0597683258354664 0 0 0 0 0 0 0.0609721802175045 0.163148672878742 0.348957973718643 0.434787321090698 0.433091014623642 0.409380692243576 0.389253306388855 0.392867863178253 0.420868980884552 0.467240470647812 0.488696789741516 0.52281129360199 0.556199216842651 0.583558189868927 0.601609802246094 0.578358364105225 0.545029532909393 0.529331767559052 0.527979397773743 0.533109951019287 0.536072599887848 0.540893805027008 0.547151875495911 0.551752829551697
-9999 -9999 -9999 -9999 -9999 -9999 -9999 -9999 -9999 -9999 -9999 -9999 -9999 -9999 -9999 -9999 -9999 -9999 -9999 -9999 -9999 -9999 -9999 -9999 -9999 0.507230699062347 0.304768905043602 0.0297509476542473 0 0 0 0 0 0 0.0511277839541435 0.141393850743771 0.350986367464066 0.448962157964706 0.423427093029022 0.398767650127411 0.375134551525116 0.372957521677017 0.386376845836639 0.399926275014877 0.446091336011887 0.479863685369492 0.516862845420837 0.561338376998901 0.581294322013855 0.56837055683136 0.541665315628052 0.531107068061829 0.535226941108704 0.539642214775085 0.53902575969696 0.538405334949493 0.542172157764435 0.547064685821533
-9999 -9999 -9999 -9999 -9999 -9999 -9999 -9999 -9999 -9999 -9999 -9999 -9999 -9999 -9999 -9999 -9999 -9999 -9999 -9999 -9999 -9999 -9999 -9999 -9999 0.445537376403809 0.24600535929203 0.024438301473856 0 0 0 0 0 0 0.0580103054642677 0.189350101351738 0.410205852985382 0.481307750940323 0.431170600652695 0.39557324051857 0.37316061258316 0.365815609693527 0.374156481027603 0.38868333697319 0.427164709568024 0.462368303537369 0.499014163017273 0.536930048465729 0.555597257614136 0.553466820716858 0.538815116882324 0.535674619674683 0.542048466205597 0.54549115896225 0.541024148464203 0.535094153881073 0.537149012088776 0.543989872932434
-9999 -9999 -9999 -9999 -9999 -9999 -9999 -9999 -9999 -9999 -9999 -9999 -9999 -9999 -9999 -9999 -9999 -9999 -9999 -9999 -9999 -9999 -9999 -9999 0.482727140188217 0.385048139095306 0.200821815431118 0.0246259063482285 0 0 0 0 0 0.0129420042037964 0.114702820032835 0.290273925662041 0.507256203889847 0.519194447994232 0.439367151260376 0.408173543214798 0.3862320125103 0.377834171056747 0.39151074886322 0.409997391700745 0.440208071470261 0.474393898248673 0.503885167837143 0.523694849014282 0.534983515739441 0.54281804561615 0.540148663520813 0.543180322647095 0.549842917919159 0.553811407089233 0.543849909305573 0.53106597661972 0.532062494754791 0.542979907989502
-9999 -9999 -9999 -9999 -9999 -9999 -9999 -9999 -9999 -9999 -9999 -9999 -9999 -9999 -9999 -9999 -9999 -9999 -9999 -9999 -9999 -9999 -9999 -9999 0.444494885206223 0.296434757113457 0.134132693707943 0.0269631803035736 0 0 0 0 0.00323476567864418 0.0831718608736992 0.244172194600105 0.433720260858536 0.60789430141449 0.541327512264252 0.475912094116211 0.436005628108978 0.415192639827728 0.407351946830749 0.418506783246994 0.435543352365494 0.458377909660339 0.48083803653717 0.502787756919861 0.520734906196594 0.532201683521271 0.538880813121796 0.540753710269928 0.545329809188843 0.552408337593079 0.553657495975494 0.545152080059051 0.533752286434174 0.535412502288818 0.526834797859192
-9999 -9999 -9999 -9999 -9999 -9999 -9999 -9999 -9999 -9999 -9999 -9999 -9999 -9999 -9999 -9999 -9999 -9999 -9999 -9999 -9999 -9999 -9999 -9999 0.390724074840546 0.185291020572186 0.0678100436925888 0.0217525064945221 0.00443052733317018 0 0 0.00706924553960562 0.0704373210668564 0.207782205194235 0.389531373977661 0.567265224456787 0.582956385612488 0.556387841701508 0.511688846349716 0.483558529615402 0.457706147432327 0.450108754634857 0.46177836060524 0.464706933498383 0.482431018352509 0.489766675233841 0.499843311309814 0.518494880199432 0.535847091674805 0.540148401260376 0.541477465629578 0.547749900817871 0.554782700538635 0.555819165706634 0.551318228244781 0.531138181686401 0.514562773704529 0.475940018892288
-9999 -9999 -9999 -9999 -9999 -9999 -9999 -9999 -9999 -9999 -9999 -9999 -9999 -9999 -9999 -9999 -9999 -9999 -9999 -9999 -9999 -9999 -9999 -9999 0.324860742688179 0.0755518853664398 0.00678279176354408 0.0022364292293787 0.0162057973444462 0.0217409200966358 0.0378052005544305 0.0908699574880302 0.193827566504478 0.346448892354965 0.49849454164505 0.603717434406281 0.578217601776123 0.573248529434204 0.569136095046997 0.54276260137558 0.516855156421661 0.511774903535843 0.530613827705383 0.544305777549744 0.526364517211914 0.501105523109436 0.497090792655945 0.511249887943268 0.529846262931824 0.540296053886414 0.547073781490326 0.554711377620697 0.560927939414978 0.556190681457519 0.531372088193893 0.492898511886597 0.459303987026215 0.415092575550079
-9999 -9999 -9999 -9999 -9999 -9999 -9999 -9999 -9999 -9999 -9999 -9999 -9999 -9999 -9999 -9999 -9999 -9999 -9999 -9999 -9999 -9999 -9999 0.579137694835663 0.259672765433788 0.00702604986727238 0 0 0.0264544479548931 0.0672790870070457 0.132797105610371 0.235163809359074 0.338032791018486 0.46394162774086 0.549099004268646 0.597581350803375 0.571305704116821 0.576200652122498 0.568974924087524 0.57548885345459 0.563905966281891 0.566829693317413 0.59294570684433 0.611740684509277 0.575158584117889 0.512714171409607 0.49228150844574 0.50565025806427 0.524738502502441 0.540411949157715 0.552595925331116 0.561934196949005 0.552506649494171 0.524219453334808 0.491420090198517 0.44084883928299 0.406958240270615 0.360945039987564
-9999 -9999 -9999 -9999 -9999 -9999 -9999 -9999 -9999 -9999 -9999 -9999 -9999 -9999 -9999 -9999 -9999 -9999 -9999 -9999 -9999 -9999 -9999 0.456237828731537 0.200936607271433 0.0110552489757538 0 0 0.0434621538966894 0.120003130286932 0.238076592981815 0.359205928444862 0.443194061517715 0.47997453212738 0.497925823926926 0.542411297559738 0.558015727996826 0.561322569847107 0.560910940170288 0.57277717590332 0.572071504592895 0.579078102111816 0.595466697216034 0.603070676326752 0.590652334690094 0.525989949703217 0.499912840127945 0.506386560201645 0.529239809513092 0.540904676914215 0.550804090499878 0.55180778503418 0.520706105232239 0.479196047782898 0.436143863201141 0.392779833078384 0.359929150342941 0.318774539232254
-9999 -9999 -9999 -9999 -9999 -9999 -9999 -9999 -9999 -9999 -9999 -9999 -9999 -9999 -9999 -9999 -9999 -9999 -9999 -9999 -9999 -9999 -9999 0.399251693487167 0.168481775000691 0.0147127829492092 0 0.00385787226259708 0.0600486882030964 0.167066589184105 0.333168524503708 0.454640513658524 0.495215260982513 0.436652904748917 0.463358491659164 0.512961155176163 0.534776937961578 0.545311367511749 0.554393047094345 0.566947746276856 0.562858867645264 0.564764726161957 0.583121860027313 0.588428366184235 0.579081058502197 0.517671120166779 0.497565877437592 0.508248972892761 0.532229995727539 0.539915215969086 0.543872809410095 0.524627202749252 0.474235379695892 0.434580409526825 0.390500062704086 0.344813859462738 0.312726700305939 0.270259955525398
-9999 -9999 -9999 -9999 -9999 -9999 -9999 -9999 -9999 -9999 -9999 -9999 -9999 -9999 -9999 -9999 -9999 -9999 -9999 -9999 -9999 -9999 -9999 0.373857736587524 0.154366485774517 0.0156104199588299 0 0.00688071362674236 0.0734508275985718 0.215013734996319 0.400277024507523 0.512743580341339 0.485179251432419 0.440098351240158 0.46214634180069 0.5110715508461 0.535948437452316 0.541475528478622 0.543305975198746 0.562569236755371 0.541218543052673 0.522378611564636 0.533451354503632 0.540834259986877 0.525122272968292 0.503560304641724 0.497859388589859 0.506254160404205 0.522400104999542 0.534463727474213 0.52994596362114 0.495740389823914 0.442236173152924 0.394509571790695 0.349423885345459 0.306238457560539 0.276256442070007 0.239269173145294
-9999 -9999 -9999 -9999 -9999 -9999 -9999 -9999 -9999 -9999 -9999 -9999 -9999 -9999 -9999 -9999 -9999 -9999 -9999 -9999 -9999 -9999 -9999 0.371101331710815 0.146956287324429 0.010837385058403 0 0.0109088726341724 0.0792077407240868 0.251055252552032 0.451386165618896 0.526631873846054 0.467970025539398 0.426654547452927 0.447162556648254 0.461041623353958 0.474668753147125 0.510377496480942 0.523072648048401 0.54960470199585 0.504952490329742 0.470840418338776 0.468315088748932 0.461424678564072 0.478365850448608 0.484426856040955 0.49134646654129 0.501766526699066 0.512818551063538 0.528208994865418 0.512221080064774 0.467008650302887 0.404434043169022 0.362843132019043 0.317000958323479 0.27427414059639 0.244638985395432 0.203699189424515
-9999 -9999 -9999 -9999 -9999 -9999 -9999 -9999 -9999 -9999 -9999 -9999 -9999 -9999 -9999 -9999 -9999 -9999 -9999 -9999 -9999 -9999 -9999 0.331642028689384 0.125476449728012 0.00638137347996235 0 0.0151986248791218 0.108295225352049 0.278044241666794 0.459112823009491 0.501477265357971 0.452288806438446 0.41810947060585 0.435164105892181 0.431081300973892 0.435512018203735 0.465102934837341 0.502512127161026 0.526581913232803 0.464386934041977 0.4255435526371 0.430572462081909 0.446366918087006 0.458014887571335 0.469027572870255 0.48214328289032 0.494112288951874 0.506031328439713 0.516369438171387 0.493840259313583 0.453493046760559 0.393712288141251 0.340672647953033 0.293721571564674 0.251445937156677 0.223964935541153 0.190632684528828
-9999 -9999 -9999 -9999 -9999 -9999 -9999 -9999 -9999 -9999 -9999 -9999 -9999 -9999 -9999 -9999 -9999 -9999 -9999 -9999 -9999 -9999 -9999 0.313336819410324 0.108797942101955 0 0 0.0163281582295895 0.116441824287176 0.283609771728516 0.454142582416534 0.490548700094223 0.454035604000092 0.424522423744202 0.433488124608994 0.410669201612473 0.405224484205246 0.429417461156845 0.461287361383438 0.499036401510239 0.434373462200165 0.400044983625412 0.416703414916992 0.436597609519959 0.450572180747986 0.46177259683609 0.47504825592041 0.48520370721817 0.493778038024902 0.506361961364746 0.486216771602631 0.44267458319664 0.379970467090607 0.333135598897934 0.286745300889015 0.241748636960983 0.211734157800674 0.17713757455349
-9999 -9999 -9999 -9999 -9999 -9999 -9999 -9999 -9999 -9999 -9999 -9999 -9999 -9999 -9999 -9999 -9999 -9999 -9999 -9999 -9999 -9999 -9999 0.298923814296722 0.0897787757217884 0 0 0.00859308242797852 0.103307526931167 0.266567820310593 0.425363522768021 0.486583989858627 0.468105828762054 0.43435018658638 0.412438577413559 0.390094447135925 0.381979274749756 0.388158750534058 0.413501626253128 0.465589791536331 0.428641158342361 0.397718006372452 0.411135274171829 0.433841276168823 0.445317000150681 0.453184199333191 0.464774686098099 0.4722143471241 0.48247372508049 0.494293111562729 0.484175962209702 0.441518259048462 0.388232666254044 0.332943469285965 0.283811077475548 0.241360414028168 0.211290137469769 0.180271577835083
-9999 -9999 -9999 -9999 -9999 -9999 -9999 -9999 -9999 -9999 -9999 -9999 -9999 -9999 -9999 -9999 -9999 -9999 -9999 -9999 -9999 -9999 -9999 0.286549851298332 0.0807617589831352 0 0 0.00143012441694736 0.0830285266041756 0.237025389075279 0.391765505075455 0.460057353973389 0.439592206478119 0.398819941282272 0.376716554164886 0.358782970905304 0.354251369833946 0.35906338095665 0.381609123945236 0.442778843641281 0.427958828210831 0.400748115777969 0.415946108102798 0.434923839569092 0.442340779304504 0.444574296474457 0.450525677204132 0.458662420511246 0.468683940172195 0.478328877687454 0.479729098081589 0.446418237686157 0.391549009084702 0.347024691104889 0.301900371909142 0.251686617732048 0.217294932901859 0.183495166897774
-9999 -9999 -9999 -9999 -9999 -9999 -9999 -9999 -9999 -9999 -9999 -9999 -9999 -9999 -9999 -9999 -9999 -9999 -9999 -9999 -9999 -9999 -9999 0.270390513539314 0.070002193748951 0 0 0 0.064101817458868 0.200543196499348 0.355025273561478 0.429557782411575 0.408643800020218 0.363496679067612 0.349582380056381 0.331214171648026 0.333943670988083 0.354406049847603 0.377246117591858 0.430484449863434 0.430704391002655 0.409996885061264 0.421935820579529 0.434488546848297 0.435975873470306 0.433398687839508 0.439528626203537 0.448658585548401 0.454494118690491 0.465466421842575 0.463108199834824 0.448307466506958 0.402487641572952 0.36299409866333 0.320279571413994 0.267341366410255 0.233698546886444 0.192733851075172
-9999 -9999 -9999 -9999 -9999 -9999 -9999 -9999 -9999 -9999 -9999 -9999 -9999 -9999 -9999 -9999 -9999 -9999 -9999 -9999 -9999 -9999 0.346414276957512 0.242592629790306 0.055569214373827 0 0 0 0.0360294916667044 0.15680360943079 0.323602992296219 0.405878269672394 0.401843369007111 0.36093584895134 0.351535022258759 0.342334973812103 0.351754701137543 0.378569269180298 0.403394371271133 0.439814150333405 0.440121614933014 0.420320415496826 0.425045388936996 0.434104073047638 0.432665091753006 0.431346708536148 0.438619583845139 0.450646615028381 0.45876539349556 0.460497772693634 0.453242832422256 0.44929883480072 0.426859104633331 0.384046465158463 0.343588185310364 0.289903244376183 0.253191044926643 0.211188471317291
-9999 -9999 -9999 -9999 -9999 -9999 -9999 -9999 -9999 -9999 -9999 -9999 -9999 -9999 -9999 -9999 -9999 -9999 -9999 -9999 -9999 -9999 0.339494147896767 0.216966567933559 0.0368552416563034 0 0 0 0.011436053365469 0.12305449321866 0.30260591506958 0.385040205717087 0.396846860647202 0.381223338842392 0.370623469352722 0.375781756639481 0.391370439529419 0.41545484662056 0.444322699308395 0.451277977228165 0.446872824430466 0.429428845643997 0.425325328111649 0.427420145273209 0.42325467467308 0.424282652139664 0.431994181871414 0.446449601650238 0.457614874839783 0.44934076666832 0.447848039865494 0.455448681116104 0.441296792030334 0.412767314910889 0.372334802150726 0.312942782044411 0.272499686479568 0.217598521709442
-9999 -9999 -9999 -9999 -9999 -9999 -9999 -9999 -9999 -9999 -9999 -9999 -9999 -9999 -9999 -9999 -9999 -9999 -9999 -9999 -9999 -9999 0.309321328997612 0.155555391311646 0.0179931126534939 0 0 0 0.00482446476817131 0.105084415152669 0.278822726011276 0.371801197528839 0.387461596727371 0.379841166734695 0.379876315593719 0.389665657281876 0.406470721960068 0.428145450353622 0.445370388031006 0.445759391784668 0.438490837812424 0.42289953827858 0.414805775880814 0.413290655612946 0.408521944284439 0.408383238315582 0.411476618051529 0.419042509794235 0.428397476673126 0.424449694156647 -9999 -9999 -9999 0.321842706203461 0.275457003712654 0.298484179377556 0.26550672352314 -9999
-9999 -9999 -9999 -9999 -9999 -9999 -9999 -9999 -9999 -9999 -9999 -9999 -9999 -9999 -9999 -9999 -9999 -9999 -9999 -9999 -9999 0.399358403682709 0.255391578376293 0.102078156918287 0.000751755572855473 0 0 0 0.00260055080289021 0.0960043920204043 0.263970367610455 0.363174933195114 0.373848456144333 0.364823949337006 0.371466505527496 0.382320427894592 0.400398308038712 0.4179663002491 0.429684162139893 0.426745384931564 0.412643074989319 0.397975522279739 0.389898473024368 0.387736576795578 0.377796530723572 0.377388274669647 0.378637850284576 0.379872113466263 0.388290017843246 0.387240523099899 0.391184031963348 -9999 -9999 -9999 -9999 -9999 -9999 -9999
-9999 -9999 -9999 -9999 -9999 -9999 -9999 -9999 -9999 -9999 -9999 -9999 -9999 -9999 -9999 -9999 -9999 -9999 -9999 -9999 -9999 0.345152506232262 0.176201502606273 0.0437138337641954 0 0 0 0 0.00580160357058048 0.0931570939719677 0.248138183355331 0.348848676681519 0.358142501115799 0.344516941905022 0.353820103406906 0.367777788639069 0.383327794075012 0.398449265956879 0.407052791118622 0.402010250091553 0.376915866136551 0.358196863532066 0.348210713267326 0.342260247468948 0.334787252545357 0.330822399258614 0.330927464365959 0.334489959478378 0.342056584358215 0.34574918448925 0.360269650816917 -9999 -9999 -9999 -9999 -9999 -9999 -9999
-9999 -9999 -9999 -9999 -9999 -9999 -9999 -9999 -9999 -9999 -9999 -9999 -9999 -9999 -9999 -9999 -9999 -9999 -9999 -9999 0.375263440608978 0.28432146012783 0.102861107885838 0 0 0 0 0 0.00465466231107712 0.0899365333840251 0.243200741708279 0.337227553129196 0.335930761694908 0.321091628074646 0.335220855474472 0.350611159205437 0.362128835916519 0.377647095918655 0.386127442121506 0.375934737920761 0.339248701930046 0.31468149125576 0.304126113653183 0.292772337794304 0.287799435853958 0.280224573612213 0.280200231075287 0.287284716963768 0.294317963719368 0.308062893152237 0.326865556836128 0.377902680635452 -9999 -9999 -9999 -9999 -9999 -9999
