meets/meet004/_saidas_enm/ensemble_aver_Cavanillesia_umbellata_CCSM_0k_Maha.asc
NCOLS 154 
NROWS 168 
XLLCORNER -112 
YLLCORNER -55.5 
CELLSIZE 0.5 
NODATA_value -9999 
[rows 75 to 99 of 168, columns 56 to 111 of 154]
-9999 -9999 -9999 -9999 -9999 -9999 -9999 -9999 -9999 -9999 -9999 -41.9123783111572 -16.4221874237061 -5.79340023994446 -4.04045333862305 -0.244122378528118 -0.461368700861931 -0.445913022756577 0.377972608804703 0.0960076360031962 -0.280268773436546 -0.741693234443665 -1.58284658193588 -2.10162599086761 -1.95107283592224 -1.89515172243118 -1.76064019203186 -1.69742162227631 -1.64647716283798 -1.45728458762169 -1.45207073688507 -1.36702343225479 -1.44166189432144 -1.42987320423126 -1.3254411816597 -1.28405005931854 -1.16175593137741 -1.06738955974579 -0.983823412656784 -0.966122603416443 -0.995906800031662 -1.17294144630432 -1.38253628015518 -1.57038354873657 -1.69716875553131 -1.85835628509521 -2.07977402210236 -2.42934789657593 -2.8633927822113 -3.32224564552307 -3.953577709198 -4.7234148979187 -5.5152042388916 -5.54014978408813 -4.80314693450928 -4.25940589904785
-9999 -9999 -9999 -9999 -9999 -9999 -9999 -9999 -9999 -9999 -9999 -43.8162654876709 -13.7117318153381 -3.98648736476898 -3.48602659702301 -1.50687220096588 1 -0.498841333389282 -0.467503590881824 0.328591883182526 0.118373800814152 -0.402692727744579 -0.911279559135437 -1.43721902370453 -1.71634380817413 -1.88534144163132 -1.88878428936005 -1.78703302145004 -1.72321244478226 -1.61126093864441 -1.71885113716125 -1.65878702402115 -1.74557858705521 -1.79928600788116 -1.69123432636261 -1.71483528614044 -1.57026075124741 -1.46292667388916 -1.33163307905197 -1.23899478912354 -1.30441566705704 -1.35783094167709 -1.61888867616653 -1.86001143455505 -1.90050704479218 -2.05415019989014 -2.18001854419708 -2.44854521751404 -2.7326379776001 -3.17762994766235 -3.77099437713623 -4.42654385566711 -5.03129711151123 -4.88120927810669 -4.37040019035339 -4.24322743415833
-9999 -9999 -9999 -9999 -9999 -9999 -9999 -9999 -9999 -9999 -9999 -9999 -27.0383686065674 -7.04982421398163 -3.35404143333435 -2.03222169876099 -0.170920399576426 -0.117621289938688 -0.988471700251102 -0.758745187520981 -0.0593531785532832 0.402088624238968 -0.445366576313972 -0.582755264639854 -1.07901673316956 -1.70760262012482 -1.74914691448212 -1.51718155145645 -1.4928065776825 -1.48976826667786 -1.64056179523468 -1.58605909347534 -1.65251212120056 -1.73093417882919 -1.71441125869751 -1.8437618970871 -1.82922967672348 -1.82668768167496 -1.73036376237869 -1.60946004390717 -1.58547910451889 -1.64164655208588 -1.81414270401001 -2.00590257644653 -2.20929269790649 -2.19987514019012 -2.32050333023071 -2.49333679676056 -2.72637367248535 -3.16195225715637 -3.6440417766571 -4.1448308467865 -4.39908456802368 -4.42553701400757 -4.29680609703064 -4.51656227111816
-9999 -9999 -9999 -9999 -9999 -9999 -9999 -9999 -9999 -9999 -9999 -9999 -47.5107204437256 -21.9357103347778 -3.66594843864441 -3.35273685455322 -3.92384543418884 -3.47725563049316 -2.65594415664673 -0.216921815276146 -0.603342843055725 -0.737999761104584 0.243048268556595 0.0328866466879845 -0.792200537025929 -1.77293429374695 -1.43729423284531 -1.11278057098389 -1.05242885351181 -1.12682994604111 -1.42699158191681 -1.35884866714478 -1.36757795810699 -1.49470152854919 -1.53521354198456 -1.7468817949295 -1.91054887771606 -2.07941677570343 -2.08580864667892 -1.86388660669327 -1.75742797851563 -1.79142005443573 -1.98564412593842 -2.11277091503143 -2.16076443195343 -2.19606657028198 -2.37144305706024 -2.52261428833008 -2.75042915344238 -3.1577700138092 -3.54143896102905 -3.85919327735901 -4.22983303070068 -4.43442964553833 -4.89316959381104 -5.65047197341919
-9999 -9999 -9999 -9999 -9999 -9999 -9999 -9999 -9999 -9999 -9999 -9999 -9999 -44.615357208252 -7.47492549419403 -5.76418800354004 -8.61753578186035 -11.2653776168823 -10.048758243816 -4.9804783821106 -0.419776412844658 -0.717777639627457 0.140255481004715 0.299038019776344 0.21341378390789 -0.562040185928345 -0.51350323073566 -0.245783004909754 -0.242711792886257 -0.338018903136253 -0.613244599103928 -0.649605190753937 -0.766029393672943 -1.02100914716721 -1.27866657972336 -1.65819790363312 -1.825963139534 -2.05939893722534 -2.1599223613739 -2.06467528343201 -2.01691241264343 -1.92737336158752 -2.06763563156128 -2.18250262737274 -2.33631932735443 -2.48538856506348 -2.6495176076889 -2.75353853702545 -2.96453635692596 -3.30315461158752 -3.56936001777649 -3.77181725502014 -4.14510679244995 -4.59296879768372 -5.10904664993286 -5.65783100128174
-9999 -9999 -9999 -9999 -9999 -9999 -9999 -9999 -9999 -9999 -9999 -9999 -9999 -52.3609603881836 -14.9275088310242 -9.89802131652832 -13.2691603183746 -28.1550413131714 -28.9424180984497 -16.6513911724091 -9.20814352035523 -2.42143127918243 -1.04871357679367 -1.13180128335953 -0.468786743283272 0.552773332595825 0.386394891142845 0.536799162626266 0.521145761013031 0.260138389468193 0.0186768276616931 0.102209320664406 -0.14675255715847 -0.377622348070145 -0.659952062368393 -1.33421587944031 -1.39577521085739 -1.73185107707977 -1.95000379085541 -2.05429742336273 -2.33100202083588 -2.01487598419189 -1.92583949565887 -2.16538898944855 -2.38686485290527 -2.83712129592895 -2.82906565666199 -2.99246308803558 -3.23122642040253 -3.4507595539093 -3.81432290077209 -4.00910749435425 -4.31418504714966 -4.625847864151 -4.93828883171082 -5.39764566421509
-9999 -9999 -9999 -9999 -9999 -9999 -9999 -9999 -9999 -9999 -9999 -9999 -9999 -9999 -31.8149974822998 -11.8168980121613 -14.4820610761642 -29.8154867172241 -32.828212928772 -25.667273235321 -15.5112778663635 -6.55877780914307 -1.65620300769806 -6.57797470092773 -6.53573093414307 -4.29866490364075 -0.982205057144165 1 0.362658596038818 1 0.747394001483917 0.260368764400482 0.236037307977676 0.0979057244956493 -0.0978872738778591 -0.313357518613338 -0.434614703059196 -0.618509095907211 -0.975882959365845 -1.45758769512177 -1.85195052623749 -1.84768521785736 -1.86844878196716 -2.11099212169647 -2.37015650272369 -2.67491390705109 -2.89550602436066 -3.1332287311554 -3.47870845794678 -3.79853658676147 -4.14411706924438 -4.36643447875977 -4.57561612129211 -4.67215394973755 -4.64897603988647 -4.73318409919739
-9999 -9999 -9999 -9999 -9999 -9999 -9999 -9999 -9999 -9999 -9999 -9999 -9999 -9999 -37.8705165863037 -29.4314975738525 -18.090708732605 -23.1674114227295 -31.1677314758301 -30.9298938751221 -25.1021958351135 -20.6921895980835 -18.1734615325928 -16.1263294219971 -9.02400169372559 -17.1160701751709 -9.86959705352783 -3.56052541732788 -0.13658320941031 0.655124175548554 0.0419373542070389 0.677646565437317 0.167081280052662 0.0438884347677231 -0.0990098185837269 -0.159952832758427 -0.179698467999697 -0.227729171514511 -0.369902038574219 -0.633889973163605 -1.34691669940948 -1.48941729068756 -1.78793301582336 -2.22915561199188 -2.38359882831573 -2.65204949378967 -2.93976304531097 -3.28654396533966 -3.68353004455566 -4.02300500869751 -4.50858736038208 -4.54487681388855 -4.73066849708557 -4.70703091621399 -4.44880027770996 -4.237069272995
-9999 -9999 -9999 -9999 -9999 -9999 -9999 -9999 -9999 -9999 -9999 -9999 -9999 -9999 -9999 -42.4585113525391 -21.7458778381348 -13.6917953491211 -24.7115697860718 -33.2685800552368 -43.5623769760132 -39.1793102264404 -38.5410789489746 -33.1135955810547 -21.0810270309448 -16.4783037185669 -10.6158008575439 -9.76267147064209 -8.92420816421509 -5.04682149887085 -0.443894777074456 0.194293147325516 -0.0850782506167889 0.0463713556528091 0.0681895017623901 0.0806414604187012 0.0520081639289856 0.0209225058555603 -0.0262206315994263 -0.167352491617203 -0.435034974105656 -0.904203927516937 -1.6221462726593 -2.35177571773529 -2.50768535137176 -2.71217615604401 -3.03436567783356 -3.3925931930542 -3.71452417373657 -3.93008995056152 -4.15583090782166 -4.33145599365234 -4.51814875602722 -4.51337509155273 -4.36767568588257 -4.2953263759613
-9999 -9999 -9999 -9999 -9999 -9999 -9999 -9999 -9999 -9999 -9999 -9999 -9999 -9999 -9999 -48.7056915283203 -36.2419490814209 -8.28808250427246 -19.4728067398071 -31.3500255584717 -56.5501605987549 -52.5871173858643 -62.5924041748047 -58.5526992797852 -43.1360122680664 -43.2172470092773 -26.8847694396973 -28.3603702545166 -16.9010061264038 -1.33704314231873 -2.43380813598633 -0.134158873558044 -0.195941138267517 0.172795726358891 0.170187948644161 -0.0645275712013245 -0.0160413503646851 -0.166576480865479 -0.451771378517151 -1.22768312692642 -1.56320595145226 -0.55115322843194 -1.39066811800003 -2.47729315757751 -2.67210140228271 -2.79891452789307 -3.15302014350891 -3.46955161094666 -3.77062578201294 -3.87072010040283 -3.68677706718445 -3.7378701210022 -4.03226108551025 -4.01225090026855 -3.84032135009766 -3.994060754776
-9999 -9999 -9999 -9999 -9999 -9999 -9999 -9999 -9999 -9999 -9999 -9999 -9999 -9999 -9999 -31.2806552886963 -58.1485359191895 -17.056665802002 -10.8787920951843 -19.9112596511841 -36.9749202728271 -50.3764797210693 -66.5412208557129 -73.5705718994141 -61.5171340942383 -53.1468231201172 -40.2667339324951 -33.0149814605713 -17.6959146499634 -3.87508010864258 1 -0.740753215551376 0.745166885852814 0.561067008972168 0.787008261680603 0.196259795874357 0.0322203159332275 -0.292782974243164 -0.846733272075653 -2.2990002989769 -2.69597068727016 -0.643444952368736 -1.18847090005875 -2.36119182109833 -2.85241723060608 -2.93795070648193 -3.1325651884079 -3.46066212654114 -3.72327680587769 -3.52325010299683 -2.91805691719055 -2.60008387565613 -2.27624471187592 -2.0521115064621 -2.01451630592346 -1.57998340129852
-9999 -9999 -9999 -9999 -9999 -9999 -9999 -9999 -9999 -9999 -9999 -9999 -9999 -9999 -9999 -9999 -47.31435546875 -52.8249397277832 -18.8896852493286 -10.9449439048767 -28.7863563537598 -38.7030170440674 -59.5516830444336 -72.3761604309082 -71.0741142272949 -77.0238586425781 -60.3346145629883 -55.5441093444824 -35.9056274414063 -13.5162872314453 -1.98588975667953 -0.288425521552563 1 -0.0941973149776459 0.246162144839764 0.646066963672638 0.515760380029678 0.207065850496292 -0.173409724235535 -1.16134829521179 -2.43841377347708 -0.46438899836503 -1.25178730487823 -2.31997318267822 -2.73599247932434 -2.84102003574371 -2.85629386901855 -3.17535643577576 -3.34598436355591 -2.86133346557617 -2.18421938419342 -1.92615745067596 -1.44764957427979 -1.24716359376907 -1.27473734617233 -0.791355061531067
-9999 -9999 -9999 -9999 -9999 -9999 -9999 -9999 -9999 -9999 -9999 -9999 -9999 -9999 -9999 -9999 -9999 -42.5441848754883 -68.0380874633789 -25.6938179016113 -11.7753925323486 -16.7134653091431 -28.025036239624 -41.9833850860596 -51.4127159118652 -59.5134140014648 -62.5704902648926 -62.2447372436523 -48.1902053833008 -26.9363878250122 -9.26096801757813 -0.661323623359203 -1.85145127773285 0.411869126558304 -0.138881320878863 0.143304654955864 0.373674488067627 0.386078017950058 0.208774136006832 -0.0597481526434422 -0.352137026190758 -0.61589812040329 -1.33437843322754 -1.86942925453186 -1.97760031223297 -1.99209043979645 -2.15856075286865 -2.38667395114899 -2.65727396011353 -2.51888780593872 -2.36307580471039 -2.36050071716309 -2.39849452972412 -2.42541947364807 -2.08036236763 -1.4508496761322
-9999 -9999 -9999 -9999 -9999 -9999 -9999 -9999 -9999 -9999 -9999 -9999 -9999 -9999 -9999 -9999 -9999 -9999 -9999 -79.615202331543 -45.4467346191406 -28.6599391937256 -22.0149143218994 -27.0745672225952 -36.0050880432129 -46.3300445556641 -58.3236015319824 -65.5992431640625 -56.4350234985352 -40.5385890960693 -22.4559295654297 -6.53334102630615 -0.51610221862793 -3.06263909339905 -0.125818611308932 -0.585291600227356 0.460392579436302 0.0739855706691742 0.207997015863657 -0.0688812898471951 -1.0102770447731 -0.891248023509979 -1.16759462356567 -1.41564574241638 -1.4152783036232 -1.53556253910065 -1.74646389484406 -1.76491808891296 -1.77291667461395 -1.99063262939453 -2.08762099742889 -2.27826478481293 -2.47062709331512 -2.72413644790649 -2.86785130500793 -2.33680801391602
-9999 -9999 -9999 -9999 -9999 -9999 -9999 -9999 -9999 -9999 -9999 -9999 -9999 -9999 -9999 -9999 -9999 -9999 -9999 -9999 -9999 -86.7413558959961 -65.3960357666016 -39.8233890533447 -29.7779150009155 -37.5197008132935 -47.005725479126 -59.0376106262207 -62.9392959594727 -51.3029541015625 -40.0118743896484 -21.1792367935181 -6.44801244735718 -1.07871110439301 -0.762427306175232 -2.03212521076202 -0.259561040997505 0.14941251128912 0.0915280610322952 -0.249215995892882 -0.253406182676554 -0.41696859896183 -0.824379992485046 -0.860527122020721 -1.13180890083313 -1.29907492399216 -1.52183904647827 -1.66945362091064 -1.66338546276093 -1.77625724077225 -2.05798938274384 -2.30065832138062 -2.55131125450134 -2.8391993522644 -2.97936701774597 -2.85745620727539
-9999 -9999 -9999 -9999 -9999 -9999 -9999 -9999 -9999 -9999 -9999 -9999 -9999 -9999 -9999 -9999 -9999 -9999 -9999 -9999 -9999 -9999 -9999 -79.251953125 -45.9399597167969 -29.9281785964966 -32.392280960083 -43.0626815795898 -54.739266204834 -55.8829879760742 -51.5089431762695 -37.5825756072998 -23.0147689819336 -10.1533988952637 -2.67566002607346 -0.429660761356354 -2.79655456542969 -0.331612792611122 0.0133514210581779 0.00225672796368599 -1.10459957122803 -0.798391771316528 -0.687165302038193 -0.614012694358826 -0.769948118925095 -1.0471461057663 -1.28474115133286 -1.4232913017273 -1.48794533014297 -1.64338002204895 -1.94507732391357 -2.15660274028778 -2.42112340927124 -2.71375875473022 -2.9192316532135 -3.11252026557922
-9999 -9999 -9999 -9999 -9999 -9999 -9999 -9999 -9999 -9999 -9999 -9999 -9999 -9999 -9999 -9999 -9999 -9999 -9999 -9999 -9999 -9999 -9999 -9999 -9999 -57.5373222351074 -30.063459777832 -25.5088056564331 -38.5123394012451 -48.6250205993652 -52.9095710754395 -51.4162963867187 -46.8237110137939 -34.3543514251709 -18.5079732894897 -9.19016590118408 -1.66731972694397 -0.672411161661148 -1.91614577770233 -0.93541704416275 -0.720535910129547 -1.46847002506256 -0.870663911104202 -0.523681092262268 -0.611313627567142 -0.920531660318375 -1.08709458708763 -1.26138924360275 -1.35619024038315 -1.53678126335144 -1.82447686195374 -1.94630966186523 -2.10170485973358 -2.40395584106445 -2.84395184516907 -3.38214082717896
-9999 -9999 -9999 -9999 -9999 -9999 -9999 -9999 -9999 -9999 -9999 -9999 -9999 -9999 -9999 -9999 -9999 -9999 -9999 -9999 -9999 -9999 -9999 -9999 -9999 -94.5844345092773 -60.8542427062988 -25.975573348999 -24.0256889343262 -36.7162441253662 -50.7675888061523 -59.5807052612305 -61.2727180480957 -51.6418514251709 -34.8831195831299 -21.3949365615845 -10.4215327262878 -3.53680057525635 -1.78513736724854 -0.715003204345703 -1.38720519542694 -0.959644269943237 -0.996280318498611 -0.486036556959152 -0.538426822423935 -0.876927872002125 -0.997669892758131 -1.1503584831953 -1.17158765792847 -1.30145581364632 -1.56994111537933 -1.72447836399078 -1.84971277713776 -2.15851440429687 -2.72567195892334 -3.42994384765625
-9999 -9999 -9999 -9999 -9999 -9999 -9999 -9999 -9999 -9999 -9999 -9999 -9999 -9999 -9999 -9999 -9999 -9999 -9999 -9999 -9999 -9999 -9999 -9999 -9999 -9999 -9999 -57.994116973877 -24.860835647583 -26.6230308532715 -51.8425323486328 -64.1995498657227 -67.4628860473633 -62.873006439209 -48.7175628662109 -35.455638885498 -20.1456815719604 -11.4025277137756 -4.40626645088196 -1.0216420173645 -2.03799518346786 -0.731490176916122 -1.51695246696472 -0.395776705816388 -0.440461093187332 -0.795288191735744 -0.822390161454678 -0.907865657657385 -0.84561445042491 -1.00420382022858 -1.49371123313904 -1.56232357025146 -1.62187578678131 -1.94782717227936 -2.67384505271912 -3.44029750823975
-9999 -9999 -9999 -9999 -9999 -9999 -9999 -9999 -9999 -9999 -9999 -9999 -9999 -9999 -9999 -9999 -9999 -9999 -9999 -9999 -9999 -9999 -9999 -9999 -9999 -9999 -9999 -78.3233428955078 -33.8181125640869 -22.5479297637939 -38.5787910461426 -58.5216117858887 -68.3512702941894 -68.5229263305664 -56.2709190368652 -41.5158561706543 -26.1417757034302 -15.4103322982788 -6.41881122589111 -1.38810427188873 -2.58308279514313 -1.50905940532684 -1.64580931663513 -0.352930608391762 -0.269623576849699 -0.578681801259518 -0.569968037307262 -0.546008302271366 -0.495007713139057 -0.669779476523399 -1.04239634275436 -1.33963638544083 -1.64291200637817 -2.04145910739899 -2.56021823883057 -3.05863642692566
-9999 -9999 -9999 -9999 -9999 -9999 -9999 -9999 -9999 -9999 -9999 -9999 -9999 -9999 -9999 -9999 -9999 -9999 -9999 -9999 -9999 -9999 -9999 -9999 -9999 -9999 -9999 -9999 -35.9110633850098 -19.6889923095703 -26.88127784729 -49.0623321533203 -66.1741134643555 -72.4249748229981 -59.0562141418457 -42.9132797241211 -28.4119747161865 -18.020175743103 -8.08369927406311 -2.67567291259766 -3.59768047332764 -2.36558201313019 -0.983990371227264 -0.373750367760658 -0.238494948297739 -0.586513143777847 -0.564853349328041 -0.619323760271072 -0.579875761270523 -0.464782314002514 -0.593055136501789 -1.10200301408768 -1.86328582763672 -2.24228227138519 -2.40811624526978 -2.65241603851318
-9999 -9999 -9999 -9999 -9999 -9999 -9999 -9999 -9999 -9999 -9999 -9999 -9999 -9999 -9999 -9999 -9999 -9999 -9999 -9999 -9999 -9999 -9999 -9999 -9999 -9999 -9999 -9999 -37.9802993774414 -19.7887424468994 -22.7578495025635 -43.8802726745605 -64.4723838806152 -72.8899154663086 -60.35380859375 -42.242414855957 -29.032755279541 -18.8751789093018 -8.72656111717224 -3.53492722511292 -5.11959838867188 -3.72709541320801 -1.00458979606628 -0.584203970432281 -0.133434694260359 -0.280411671102047 -0.587954556941986 -0.849404954910278 -0.865108811855316 -0.49745287001133 -0.511692979931831 -0.89135645031929 -1.71049218177795 -2.08982858657837 -2.1281777381897 -2.2483181476593
-9999 -9999 -9999 -9999 -9999 -9999 -9999 -9999 -9999 -9999 -9999 -9999 -9999 -9999 -9999 -9999 -9999 -9999 -9999 -9999 -9999 -9999 -9999 -9999 -9999 -9999 -9999 -9999 -41.0588165283203 -19.8649257659912 -20.7123115539551 -42.6952568054199 -67.9544845581055 -78.3143646240234 -62.1329223632813 -42.7001487731934 -28.9419750213623 -19.1602090835571 -9.18829503059387 -4.45096530914307 -8.24462556838989 -5.33160581588745 -1.97141931056976 -1.49158756732941 -1.14909899234772 -0.938165104389191 -0.26995262503624 -0.951778852939606 -1.11917390823364 -0.504160338640213 -0.358257520198822 -0.792415446043015 -1.55751041173935 -1.81577842235565 -1.78630702495575 -2.03683822154999
-9999 -9999 -9999 -9999 -9999 -9999 -9999 -9999 -9999 -9999 -9999 -9999 -9999 -9999 -9999 -9999 -9999 -9999 -9999 -9999 -9999 -9999 -9999 -9999 -9999 -9999 -9999 -9999 -44.1303741455078 -20.7676666259766 -20.9362537384033 -43.9977210998535 -69.3043273925781 -79.6207015991211 -65.8827659606934 -45.8950965881348 -30.3605266571045 -19.0145867347717 -8.77945008277893 -4.73979597091675 -8.79836673736572 -7.07337131500244 -3.36249012947083 -2.78762538433075 -3.11291666030884 -2.67125973701477 -0.895159471035004 -0.114437588863075 -0.425551956892014 -0.537428325414658 -0.685585427284241 -0.876939165592194 -1.12483599185944 -1.3557918548584 -1.66014766693115 -1.93433015346527
-9999 -9999 -9999 -9999 -9999 -9999 -9999 -9999 -9999 -9999 -9999 -9999 -9999 -9999 -9999 -9999 -9999 -9999 -9999 -9999 -9999 -9999 -9999 -9999 -9999 -9999 -9999 -9999 -48.7005859375 -21.9650035858154 -22.3854095458984 -47.4345932006836 -73.6396423339844 -82.8587051391602 -67.6017501831055 -50.4617290496826 -30.8517642974854 -18.1398924827576 -8.53221664428711 -5.80806102752686 -11.2176099777222 -8.8175238609314 -4.935227394104 -4.50380244255066 -5.39650087356567 -5.47092146873474 -2.54968314170837 -0.335812502354383 0.121059016883373 -0.4348657310009 -1.39126250743866 -0.910948324203491 -0.768870556354523 -1.04790719747543 -1.60343644618988 -1.94532539844513
