meets/meet004/_saidas_enm/ensemble_aver_Cavanillesia_umbellata_CCSM_6k_Maha.asc
NCOLS 154 
NROWS 168 
XLLCORNER -112 
YLLCORNER -55.5 
CELLSIZE 0.5 
NODATA_value -9999 
[rows 100 to 124 of 168, columns 56 to 111 of 154]
-9999 -9999 -9999 -9999 -9999 -9999 -9999 -9999 -9999 -9999 -9999 -9999 -9999 -9999 -9999 -9999 -9999 -9999 -9999 -9999 -9999 -9999 -9999 -9999 -9999 -9999 -9999 -9999 -27.6555980682373 -16.261382484436 -31.0344589233398 -58.3872650146484 -79.7417320251465 -88.0460983276367 -75.0183166503906 -53.4197471618652 -35.4756496429443 -23.5106132507324 -14.5918260574341 -12.1845729827881 -11.6757484436035 -7.8633017539978 -5.37395434379578 -5.69454522132874 -7.16830396652222 -7.80985565185547 -6.38965606689453 -4.82271528244019 -4.28649573326111 -4.26231818199158 -4.51718039512634 -4.51940884590149 -4.75922484397888 -5.19801607131958 -5.79153137207031 -6.93357887268066
-9999 -9999 -9999 -9999 -9999 -9999 -9999 -9999 -9999 -9999 -9999 -9999 -9999 -9999 -9999 -9999 -9999 -9999 -9999 -9999 -9999 -9999 -9999 -9999 -9999 -9999 -9999 -9999 -29.7112457275391 -18.6264400482178 -37.3672130584717 -62.4088600158691 -79.0695182800293 -83.283203125 -68.4789199829102 -49.4952056884766 -31.6137489318848 -20.6576904296875 -13.1754186630249 -12.2139135360718 -12.1559408187866 -9.38648452758789 -6.04056468009949 -6.07975044250488 -6.82685289382935 -7.03037595748901 -5.1277398109436 -3.87163972854614 -3.68490567207336 -3.91377754211426 -4.52711710929871 -4.44676108360291 -4.80172924995422 -5.35660972595215 -5.80015707015991 -7.40463237762451
-9999 -9999 -9999 -9999 -9999 -9999 -9999 -9999 -9999 -9999 -9999 -9999 -9999 -9999 -9999 -9999 -9999 -9999 -9999 -9999 -9999 -9999 -9999 -9999 -9999 -9999 -9999 -73.206640625 -34.9632095336914 -21.1088581085205 -38.7970291137695 -64.303498840332 -76.0474975585937 -75.8007095336914 -62.7278259277344 -43.6590618133545 -27.9480960845947 -17.5896673202515 -11.419652557373 -11.4961046218872 -12.5378458023071 -10.6264539718628 -7.35454120635986 -7.15041017532349 -8.3189284324646 -7.28661823272705 -5.06099228858948 -3.54443645477295 -3.22670841217041 -3.60968976020813 -4.05012626647949 -4.14420614242554 -4.24821949005127 -4.66417193412781 -5.26622719764709 -6.41161074638367
-9999 -9999 -9999 -9999 -9999 -9999 -9999 -9999 -9999 -9999 -9999 -9999 -9999 -9999 -9999 -9999 -9999 -9999 -9999 -9999 -9999 -9999 -9999 -9999 -9999 -9999 -9999 -75.2288360595703 -36.544800567627 -22.1495662689209 -43.7951858520508 -68.461833190918 -76.4341209411621 -71.9573081970215 -58.2818023681641 -40.622301864624 -24.8038204193115 -15.3210269927979 -10.6247673034668 -11.2773548126221 -14.7711061477661 -12.3929899215698 -9.04968338012695 -8.86665182113648 -10.4572299957275 -10.0104166030884 -7.09459838867187 -4.24277720451355 -3.53750114440918 -3.75304315090179 -4.05091075897217 -3.96501297950745 -3.9146288394928 -4.26115937232971 -5.01242814064026 -5.93441443443298
-9999 -9999 -9999 -9999 -9999 -9999 -9999 -9999 -9999 -9999 -9999 -9999 -9999 -9999 -9999 -9999 -9999 -9999 -9999 -9999 -9999 -9999 -9999 -9999 -9999 -9999 -9999 -72.8307998657227 -36.0520462036133 -25.2124847412109 -49.5031593322754 -74.6292289733887 -81.0980239868164 -72.5734840393066 -56.022908782959 -37.9401790618897 -22.3864526748657 -14.4109125137329 -12.2309202194214 -11.1225120544434 -15.5471858978271 -13.861820602417 -11.7494849205017 -11.6295226097107 -12.3450410842896 -12.6479957580566 -9.73712520599365 -6.89056053161621 -4.91185173988342 -4.21206231117249 -4.44901671409607 -4.07085709571838 -4.36517910957336 -4.81393175125122 -5.42862610816956 -6.7751323223114
-9999 -9999 -9999 -9999 -9999 -9999 -9999 -9999 -9999 -9999 -9999 -9999 -9999 -9999 -9999 -9999 -9999 -9999 -9999 -9999 -9999 -9999 -9999 -9999 -9999 -9999 -9999 -70.8966796875 -35.7809875488281 -29.3035957336426 -61.2892158508301 -85.7577575683594 -89.4851638793945 -77.380354309082 -56.1422119140625 -37.2575187683105 -21.5084095001221 -14.0972612380981 -12.5834377288818 -12.3836111068726 -17.366757774353 -16.028999710083 -14.4991584777832 -14.0264938354492 -14.2347555160522 -13.7710859298706 -10.757460975647 -9.00777540206909 -7.05872983932495 -5.49030251502991 -4.91899924278259 -4.60740094184875 -4.8719202041626 -5.56871933937073 -6.32747831344605 -7.72166023254394
-9999 -9999 -9999 -9999 -9999 -9999 -9999 -9999 -9999 -9999 -9999 -9999 -9999 -9999 -9999 -9999 -9999 -9999 -9999 -9999 -9999 -9999 -9999 -9999 -9999 -9999 -9999 -61.6653617858887 -34.4495922088623 -36.5963790893555 -76.1915008544922 -99.9371734619141 -100.956558227539 -83.9116317749023 -56.9955360412598 -37.3395915985107 -20.9230003356934 -13.2145189285278 -11.498698425293 -13.0935628890991 -18.7825775146484 -18.8035242080688 -17.0865140914917 -16.112483215332 -15.0224931716919 -12.7575050354004 -11.6058079719543 -9.93199167251587 -8.41195659637451 -7.52256851196289 -6.04599595069885 -5.62507047653198 -5.44223742485046 -5.98657946586609 -7.02120504379272 -7.70877161026001
-9999 -9999 -9999 -9999 -9999 -9999 -9999 -9999 -9999 -9999 -9999 -9999 -9999 -9999 -9999 -9999 -9999 -9999 -9999 -9999 -9999 -9999 -9999 -9999 -9999 -9999 -9999 -50.8652267456055 -31.6966541290283 -45.5159790039063 -90.0963745117188 -113.299645996094 -108.747470092773 -88.1533828735352 -58.0267181396484 -38.2080310821533 -20.5344552993774 -12.3220329284668 -11.0594467163086 -14.1905195236206 -20.5879077911377 -21.7143604278564 -20.1075672149658 -19.0291427612305 -17.8517498016357 -15.370795249939 -14.3920331954956 -12.6948894500732 -10.9783721923828 -10.0595272064209 -8.86621866226196 -8.66368207931519 -8.37799224853516 -7.9370475769043 -7.63944692611694 -8.21407861709595
-9999 -9999 -9999 -9999 -9999 -9999 -9999 -9999 -9999 -9999 -9999 -9999 -9999 -9999 -9999 -9999 -9999 -9999 -9999 -9999 -9999 -9999 -9999 -9999 -9999 -9999 -9999 -42.5159217834473 -27.5592140197754 -54.8375511169434 -104.783868408203 -121.820631408691 -113.330725097656 -88.1854202270508 -56.6197944641113 -39.1292892456055 -18.7771921157837 -11.1662927627563 -11.6808019638062 -15.8331398010254 -22.9651485443115 -25.2209281921387 -24.2146999359131 -23.0791484832764 -22.1300851821899 -21.0067489624023 -18.6968172073364 -17.6249189376831 -15.6925437927246 -13.785740852356 -13.4268539428711 -12.7022441864014 -12.9070867538452 -12.2405174255371 -11.2034917831421 -10.3762521743774
-9999 -9999 -9999 -9999 -9999 -9999 -9999 -9999 -9999 -9999 -9999 -9999 -9999 -9999 -9999 -9999 -9999 -9999 -9999 -9999 -9999 -9999 -9999 -9999 -9999 -9999 -9999 -34.3234176635742 -28.4197719573975 -59.4945487976074 -102.459295654297 -117.248445129395 -102.78236541748 -77.140650177002 -49.6765495300293 -34.0049858093262 -16.4873916625977 -12.1013330459595 -12.6148708343506 -18.1201250076294 -24.96868019104 -28.1408100128174 -27.6998054504395 -27.1701362609863 -26.5157642364502 -25.7226535797119 -24.0945301055908 -22.7533294677734 -20.7433498382568 -19.1549436569214 -18.7013790130615 -18.0727313995361 -18.2345006942749 -17.2929010391235 -16.2664121627808 -15.4572511672974
-9999 -9999 -9999 -9999 -9999 -9999 -9999 -9999 -9999 -9999 -9999 -9999 -9999 -9999 -9999 -9999 -9999 -9999 -9999 -9999 -9999 -9999 -9999 -9999 -9999 -9999 -49.4159194946289 -27.6997737884521 -30.8325332641602 -63.7261260986328 -100.277275085449 -105.291920471191 -87.762190246582 -62.3600868225098 -39.8021827697754 -28.1898342132568 -14.3596212387085 -14.2392747879028 -14.9770307540894 -21.5075733184814 -27.9742389678955 -30.7591991424561 -30.1016628265381 -30.1555103302002 -29.5936573028564 -29.0296894073486 -27.2855941772461 -26.5846702575684 -25.0758590698242 -24.3367488861084 -23.8303840637207 -22.7458465576172 -23.3233917236328 -22.1022647857666 -21.4200410842896 -20.974503326416
-9999 -9999 -9999 -9999 -9999 -9999 -9999 -9999 -9999 -9999 -9999 -9999 -9999 -9999 -9999 -9999 -9999 -9999 -9999 -9999 -9999 -9999 -9999 -9999 -9999 -9999 -35.9559803009033 -25.6795593261719 -39.6816429138184 -71.1991889953613 -95.4796005249023 -92.6381851196289 -71.8655639648437 -49.1713554382324 -31.9070999145508 -21.1633312225342 -15.1032802581787 -16.3547382354736 -20.122220993042 -26.7658424377441 -31.8619682312012 -34.5670795440674 -34.373267364502 -34.5944961547852 -34.7714324951172 -34.26604347229 -33.0898036956787 -32.0995334625244 -30.5095134735107 -29.5701892852783 -29.0729316711426 -28.631029510498 -28.7077369689941 -27.8871829986572 -27.6843852996826 -27.4154872894287
-9999 -9999 -9999 -9999 -9999 -9999 -9999 -9999 -9999 -9999 -9999 -9999 -9999 -9999 -9999 -9999 -9999 -9999 -9999 -9999 -9999 -9999 -9999 -9999 -9999 -9999 -25.4538780212402 -32.484326171875 -57.484838104248 -82.7661056518555 -103.289907836914 -78.5595077514648 -59.6880828857422 -38.9019947052002 -25.2491146087646 -18.6724939346313 -18.592560005188 -21.8114608764648 -28.8097072601318 -33.0277614593506 -36.7697113037109 -37.8701850891113 -39.0278148651123 -39.4607162475586 -40.0063415527344 -41.2547264099121 -38.6501659393311 -36.9830539703369 -35.5060256958008 -35.0200443267822 -34.7220611572266 -34.0460945129395 -34.2675853729248 -33.3538761138916 -33.802702331543 -33.880477142334
-9999 -9999 -9999 -9999 -9999 -9999 -9999 -9999 -9999 -9999 -9999 -9999 -9999 -9999 -9999 -9999 -9999 -9999 -9999 -9999 -9999 -9999 -9999 -9999 -9999 -9999 -23.217264175415 -50.8295524597168 -80.9386581420898 -94.451042175293 -87.7650344848633 -67.1543998718262 -44.6020027160645 -29.3708515167236 -22.6892356872559 -22.0464557647705 -21.7402450561523 -28.9915969848633 -35.6206912994385 -38.6810317993164 -39.4111549377441 -40.790796661377 -42.2862716674805 -42.6229606628418 -42.2864990234375 -41.8123687744141 -41.9282249450684 -42.3922103881836 -41.4509185791016 -41.3643203735352 -40.745743560791 -40.1925952911377 -40.4471477508545 -39.9121185302734 -40.630354309082 -41.0604644775391
-9999 -9999 -9999 -9999 -9999 -9999 -9999 -9999 -9999 -9999 -9999 -9999 -9999 -9999 -9999 -9999 -9999 -9999 -9999 -9999 -9999 -9999 -9999 -9999 -9999 -16.5755283355713 -30.932332611084 -78.1906234741211 -107.768269348145 -98.3463287353516 -81.8972610473633 -58.370361328125 -34.4918292999268 -27.2865242004395 -25.8697162628174 -26.6581253051758 -29.3778026580811 -36.8874866485596 -42.1720832824707 -42.5108261108398 -41.1167541503906 -43.5040100097656 -44.6366485595703 -43.9534255981445 -43.5563980102539 -41.0709762573242 -43.4640129089355 -46.485954284668 -47.4228782653809 -48.2588569641113 -47.3121002197266 -46.3076629638672 -46.9492858886719 -46.8411399841309 -47.9796325683594 -48.5333488464355
-9999 -9999 -9999 -9999 -9999 -9999 -9999 -9999 -9999 -9999 -9999 -9999 -9999 -9999 -9999 -9999 -9999 -9999 -9999 -9999 -9999 -9999 -9999 -9999 -9999 -17.5032680511475 -41.0086585998535 -85.8174880981445 -111.016390991211 -100.905058288574 -74.1351303100586 -54.369017791748 -37.553239440918 -32.5996940612793 -31.383576965332 -35.0170700073242 -39.2215324401855 -42.9724136352539 -45.4359710693359 -45.9370262145996 -44.8967025756836 -46.9777824401855 -47.5844505310059 -47.0778335571289 -45.6505920410156 -44.7128952026367 -47.8134941101074 -51.5649536132812 -52.4794990539551 -53.7969612121582 -52.8965225219727 -53.2287895202637 -53.9462684631348 -53.3719741821289 -54.5978378295898 -55.7387260437012
-9999 -9999 -9999 -9999 -9999 -9999 -9999 -9999 -9999 -9999 -9999 -9999 -9999 -9999 -9999 -9999 -9999 -9999 -9999 -9999 -9999 -9999 -9999 -9999 -9999 -19.8107681274414 -49.5243659973145 -94.3292190551758 -117.614567565918 -96.2633407592773 -70.8217361450195 -54.1877235412598 -43.129704284668 -38.2724739074707 -39.9012634277344 -47.1249320983887 -48.2664756774902 -49.5492530822754 -50.2912414550781 -49.4151809692383 -49.0814575195312 -50.3054748535156 -51.9129974365234 -51.395442199707 -50.1744812011719 -48.4010635375977 -52.3099899291992 -57.090845489502 -58.3017013549805 -59.0856819152832 -58.0407661437988 -59.1159523010254 -60.6929580688477 -60.6316864013672 -61.928791809082 -62.5823890686035
-9999 -9999 -9999 -9999 -9999 -9999 -9999 -9999 -9999 -9999 -9999 -9999 -9999 -9999 -9999 -9999 -9999 -9999 -9999 -9999 -9999 -9999 -9999 -9999 -9999 -21.9126457214355 -53.4846923828125 -96.1836608886719 -117.817474365234 -99.5266754150391 -71.7423217773437 -57.8687118530273 -48.7107177734375 -45.3965362548828 -48.3665245056152 -53.9941032409668 -56.3189315795898 -57.3956604003906 -56.7658630371094 -54.2836868286133 -52.783292388916 -54.2551071166992 -56.3294128417969 -56.9774406433105 -57.8954902648926 -58.3762672424316 -59.9585784912109 -61.5254455566406 -61.2574287414551 -62.711164855957 -63.8339302062988 -64.9845550537109 -66.4497459411621 -66.3248489379883 -67.7201148986816 -68.8126312255859
-9999 -9999 -9999 -9999 -9999 -9999 -9999 -9999 -9999 -9999 -9999 -9999 -9999 -9999 -9999 -9999 -9999 -9999 -9999 -9999 -9999 -9999 -9999 -9999 -9999 -23.8415023803711 -56.7307289123535 -101.678254699707 -123.455532836914 -102.897636413574 -72.8059867858887 -60.5733741760254 -52.6311126708984 -51.0911361694336 -55.1542869567871 -60.5152908325195 -61.5897010803223 -63.3679725646973 -63.2632637023926 -58.9945243835449 -57.1065155029297 -58.2264366149902 -61.6889434814453 -62.727515411377 -64.9441009521484 -66.8009544372559 -64.8758171081543 -65.0312385559082 -64.5780738830566 -67.0225166320801 -68.8717102050781 -69.8353561401367 -71.6631866455078 -71.8264030456543 -73.7468856811523 -74.3768058776855
-9999 -9999 -9999 -9999 -9999 -9999 -9999 -9999 -9999 -9999 -9999 -9999 -9999 -9999 -9999 -9999 -9999 -9999 -9999 -9999 -9999 -9999 -9999 -9999 -9999 -26.4151348114014 -59.8326583862305 -104.524047851562 -126.016041564941 -109.86099395752 -76.309326171875 -63.7659843444824 -56.4064826965332 -56.9458320617676 -59.8393775939941 -62.7079086303711 -65.8632049560547 -67.6507606506348 -67.3473640441894 -64.3400459289551 -62.507283782959 -64.8804496765137 -69.8933525085449 -71.2325317382813 -70.8780632019043 -69.2287170410156 -69.3172187805176 -69.9263946533203 -68.7439819335937 -70.4448295593262 -72.8416801452637 -74.5102073669434 -76.5518142700195 -76.3009140014648 -77.3980117797852 -78.2063293457031
-9999 -9999 -9999 -9999 -9999 -9999 -9999 -9999 -9999 -9999 -9999 -9999 -9999 -9999 -9999 -9999 -9999 -9999 -9999 -9999 -9999 -9999 -9999 -9999 -9999 -27.7368927001953 -63.0187171936035 -111.208532714844 -133.603744506836 -117.819645690918 -83.0216766357422 -69.6287719726563 -62.9514282226562 -63.5136489868164 -65.5491905212402 -68.0007652282715 -70.2208152770996 -72.2559677124023 -72.672265625 -69.7868644714355 -67.9568649291992 -70.6634437561035 -76.4231704711914 -76.6013931274414 -74.1005470275879 -71.8845413208008 -71.0013748168945 -72.7908874511719 -72.3989318847656 -75.3568298339844 -76.4532974243164 -77.6600357055664 -80.1583038330078 -80.1350280761719 -81.4243423461914 -81.3960250854492
-9999 -9999 -9999 -9999 -9999 -9999 -9999 -9999 -9999 -9999 -9999 -9999 -9999 -9999 -9999 -9999 -9999 -9999 -9999 -9999 -9999 -9999 -9999 -9999 -9999 -29.1303939819336 -65.2607192993164 -117.436776733398 -143.164485168457 -128.503594970703 -92.6998275756836 -77.5237396240234 -70.9585998535156 -71.3635581970215 -73.1865257263184 -76.1637969970703 -77.5211410522461 -78.8371643066406 -78.3766036987305 -74.6353179931641 -72.8483642578125 -75.6049255371094 -79.8421585083008 -79.8482711791992 -77.8574798583984 -74.6691604614258 -75.1027099609375 -76.2967681884766 -76.1735900878906 -78.1311965942383 -80.2690246582031 -81.1870193481445 -82.420491027832 -81.9522644042969 -83.1955856323242 -84.1091949462891
-9999 -9999 -9999 -9999 -9999 -9999 -9999 -9999 -9999 -9999 -9999 -9999 -9999 -9999 -9999 -9999 -9999 -9999 -9999 -9999 -9999 -9999 -9999 -9999 -9999 -30.2237972259521 -67.340991973877 -121.136962890625 -151.916943359375 -137.195401000977 -104.83895111084 -87.6776306152344 -80.3515411376953 -78.635530090332 -80.2176025390625 -82.4706954956055 -82.3876052856445 -83.3041412353516 -82.262141418457 -76.9960861206055 -75.62587890625 -77.8271667480469 -82.3670196533203 -83.0927963256836 -81.4569808959961 -78.6920654296875 -78.3448501586914 -80.391455078125 -79.4024139404297 -81.6631652832031 -82.4034866333008 -82.4421096801758 -84.4055053710938 -84.7164794921875 -85.9074340820312 -86.7828399658203
-9999 -9999 -9999 -9999 -9999 -9999 -9999 -9999 -9999 -9999 -9999 -9999 -9999 -9999 -9999 -9999 -9999 -9999 -9999 -9999 -9999 -9999 -9999 -9999 -9999 -31.3156246185303 -70.0485092163086 -124.345457458496 -158.815179443359 -146.775140380859 -117.646153259277 -99.5725128173828 -87.3708984375 -85.3473526000977 -84.8378723144531 -84.4624328613281 -85.2291793823242 -85.7763000488281 -83.4163269042969 -78.7871109008789 -76.6195449829102 -78.6632415771484 -84.3312805175781 -85.4455642700195 -85.1415237426758 -83.1664688110352 -82.969856262207 -84.0344802856445 -82.7638031005859 -83.5446151733398 -82.6214431762695 -83.6419296264648 -87.2263671875 -85.8925323486328 -86.4189514160156 -87.6916839599609
-9999 -9999 -9999 -9999 -9999 -9999 -9999 -9999 -9999 -9999 -9999 -9999 -9999 -9999 -9999 -9999 -9999 -9999 -9999 -9999 -9999 -9999 -9999 -9999 -23.6658550262451 -36.2806869506836 -75.5340072631836 -127.819883728027 -164.090478515625 -154.910916137695 -128.94458770752 -107.234362792969 -94.5477584838867 -90.5983016967773 -89.5005844116211 -88.6391326904297 -89.2638870239258 -89.2743621826172 -86.5568099975586 -81.1159484863281 -77.5807769775391 -80.6983535766602 -86.0777938842773 -87.8052124023438 -87.7607574462891 -86.7427352905273 -87.638493347168 -88.0041275024414 -85.2778778076172 -84.1056640625 -83.3311889648437 -85.0526641845703 -87.6850555419922 -83.8453186035156 -78.9173065185547 -76.7795303344727
