meets/meet004/_saidas_enm/ensemble_aver_Aralia_warmingiana_CCSM_6k_Maha.asc
NCOLS 154 
NROWS 168 
XLLCORNER -112 
YLLCORNER -55.5 
CELLSIZE 0.5 
NODATA_value -9999 
[rows 75 to 99 of 168, columns 56 to 111 of 154]
-9999 -9999 -9999 -9999 -9999 -9999 -9999 -9999 -9999 -9999 -9999 -39.1015464782715 -52.3814964294434 -51.6780258178711 -37.8127166748047 -15.6250259399414 -0.625564360618591 -0.0549328062683344 -2.38106617927551 -3.78278496265411 -4.61413040161133 -6.26238231658936 -8.31312074661255 -9.71992301940918 -9.40688734054566 -9.43024349212646 -9.52785940170288 -9.74685344696045 -10.1371333122253 -10.1662435531616 -10.7498324394226 -11.3750923156738 -12.2511234283447 -12.75075340271 -12.5705310821533 -12.6924352645874 -12.3754495620728 -12.4884691238403 -12.2188678741455 -11.6187385559082 -11.2672428131104 -10.3637269973755 -9.6897403717041 -8.71576719284058 -7.81624031066895 -8.43365898132324 -9.36684246063232 -11.2021005630493 -13.2779399871826 -15.5139945983887 -17.9820476531982 -19.2855354309082 -20.5195053100586 -20.5629810333252 -20.5738426208496 -24.597664642334
-9999 -9999 -9999 -9999 -9999 -9999 -9999 -9999 -9999 -9999 -9999 -36.4680637359619 -40.8633689880371 -44.1657768249512 -40.0196929931641 -27.0146423339844 -6.90259160995483 -1.27383675575256 -1.61553056240082 -0.472795260697603 -3.36053047180176 -4.5510468006134 -6.17683081626892 -8.09179048538208 -8.34814643859863 -9.02496318817139 -9.31259927749634 -9.54565162658691 -10.0077118873596 -10.2368691444397 -10.96499376297 -11.6946723937988 -12.6121387481689 -13.1861009597778 -12.6773817062378 -12.5797571182251 -12.5521663665771 -12.4304712295532 -12.2698757171631 -11.5644216537476 -11.102954864502 -10.8670680999756 -10.3070213317871 -9.28840198516846 -7.74952116012573 -6.44573535919189 -7.1566162109375 -8.62386283874512 -10.297739982605 -12.301683807373 -14.3786371231079 -15.7474803924561 -17.0042970657349 -18.412056350708 -22.5959083557129 -27.7253555297852
-9999 -9999 -9999 -9999 -9999 -9999 -9999 -9999 -9999 -9999 -9999 -9999 -37.9122188568115 -39.0792533874512 -40.2198356628418 -31.8761829376221 -18.474786567688 -6.97814102172852 -3.73025002479553 -1.82018835544586 -0.11775883436203 -2.14262919425964 -4.40050554275513 -6.7083562374115 -7.07647123336792 -7.82933416366577 -8.33438339233398 -8.8553014755249 -9.61354179382324 -10.1876508712769 -10.9998123168945 -11.69768409729 -12.397601890564 -12.8798780441284 -12.650076675415 -12.6709440231323 -12.759771156311 -12.7396768569946 -12.5383285522461 -11.9200777053833 -11.8248708724976 -11.9919324874878 -12.1054534912109 -11.2744606018066 -9.33730068206787 -7.8435564994812 -7.37077388763428 -7.93903360366821 -8.85623378753662 -10.1389873504639 -12.0223163604736 -13.3413467407227 -15.5156103134155 -19.1159111022949 -23.163440322876 -27.909789276123
-9999 -9999 -9999 -9999 -9999 -9999 -9999 -9999 -9999 -9999 -9999 -9999 -42.9119323730469 -37.210135269165 -33.1238544464111 -29.1679176330566 -35.9617904663086 -37.57024269104 -25.6468936920166 -6.80231561660767 -1.65393621921539 -0.345515945181251 -2.81995921134949 -5.76740622520447 -5.25641012191772 -6.7326587677002 -7.22642154693604 -7.87341814041138 -8.88616933822632 -9.7697548866272 -10.9955792427063 -11.5438816070557 -12.0326831817627 -12.4606035232544 -12.2934392929077 -12.6349328994751 -12.9152956008911 -13.3947338104248 -13.4359201431274 -12.5204713821411 -12.4899084091187 -13.3985439300537 -14.8924760818481 -14.3282911300659 -11.6792356491089 -10.3880781173706 -9.12425327301025 -8.66572093963623 -8.99588584899902 -9.86724662780762 -11.8567562103271 -13.8585945129395 -16.4789449691772 -19.7921951293945 -23.2344738006592 -27.2180938720703
-9999 -9999 -9999 -9999 -9999 -9999 -9999 -9999 -9999 -9999 -9999 -9999 -9999 -40.4623146057129 -34.7926147460937 -44.5523956298828 -64.6910438537598 -88.1576553344727 -76.6645767211914 -46.052710723877 -13.8448066711426 -2.02854220867157 -1.50746552944183 -4.32791309356689 -5.17250256538391 -5.43847689628601 -5.71017007827759 -6.68836941719055 -8.19486141204834 -8.90564384460449 -10.1251892089844 -10.8767719268799 -11.5428057670593 -12.1634909629822 -12.374640083313 -12.8444665908813 -13.2621606826782 -13.6925773620605 -13.9809383392334 -13.6912965774536 -13.5786298751831 -14.1442556381226 -15.5405406951904 -15.4084627151489 -13.5529434204102 -12.0108062744141 -10.392502784729 -9.62005310058594 -9.737868309021 -10.5154043197632 -12.3751516342163 -14.254767036438 -16.8768033981323 -19.782825088501 -22.6075904846191 -25.9353248596191
-9999 -9999 -9999 -9999 -9999 -9999 -9999 -9999 -9999 -9999 -9999 -9999 -9999 -46.3099502563477 -37.0281524658203 -61.0561561584473 -92.5584167480469 -152.99676361084 -154.77364654541 -110.262283325195 -79.7177047729492 -22.3694454193115 -11.6666677474976 -11.6550765991211 -14.1791486740112 -6.68000993728638 -6.34361052513123 -6.58774251937866 -8.83630695343018 -8.4613214969635 -9.41480751037598 -10.8573879241943 -10.8278498649597 -11.6338350296021 -12.1597850799561 -13.0671714782715 -13.2052215576172 -13.7424747467041 -14.1243051528931 -14.1186504364014 -14.5767290115356 -14.4419891357422 -15.4486099243164 -16.3937994003296 -14.8078039169312 -13.1121475219727 -11.6654266357422 -10.4215034484863 -10.4396827697754 -11.515931892395 -12.8528182983398 -14.8754680633545 -17.1443752288818 -19.4035659790039 -21.6744388580322 -24.68776512146
-9999 -9999 -9999 -9999 -9999 -9999 -9999 -9999 -9999 -9999 -9999 -9999 -9999 -9999 -34.5129863739014 -54.8910865783691 -94.2972595214844 -155.403843688965 -175.078659057617 -156.706214904785 -118.489518737793 -79.2515670776367 -64.2928810119629 -62.8542892456055 -55.0678001403809 -39.2159446716309 -25.0688926696777 -13.8915117263794 -12.3055672645569 -9.50261812210083 -10.7030667304993 -9.15492868423462 -10.4514568328857 -11.5313250541687 -11.5886138916016 -12.3912650108337 -12.8121437072754 -13.4790210723877 -13.8839311599731 -13.934842300415 -14.0215185165405 -14.75539894104 -15.6195461273193 -16.5451875686646 -15.6672513961792 -14.2511236190796 -12.8502084732056 -12.0768560409546 -12.158532333374 -12.8307769775391 -14.22689037323 -15.564465713501 -17.169732093811 -18.6756057739258 -19.7345153808594 -21.5152770996094
-9999 -9999 -9999 -9999 -9999 -9999 -9999 -9999 -9999 -9999 -9999 -9999 -9999 -9999 -32.1570068359375 -47.8473892211914 -78.1877235412598 -134.593310546875 -173.119650268555 -179.012100219727 -168.787750244141 -167.127163696289 -190.158609008789 -186.456274414063 -138.73507232666 -128.828378295898 -81.7379791259766 -41.5712463378906 -27.1894313812256 -14.2499563217163 -12.0356514930725 -10.3409711837769 -9.55285654067993 -10.3798826217651 -10.5205909729004 -11.4917716026306 -12.0934851646423 -12.6408472061157 -13.5305366516113 -13.3808874130249 -14.0497365951538 -15.3932277679443 -16.129948425293 -16.5427310943604 -16.3455987930298 -15.5800188064575 -14.3436506271362 -13.7135099411011 -13.6798440933228 -14.0464315414429 -15.4918214797974 -15.9540803909302 -16.9155143737793 -17.5877151489258 -17.6978946685791 -17.9233612060547
-9999 -9999 -9999 -9999 -9999 -9999 -9999 -9999 -9999 -9999 -9999 -9999 -9999 -9999 -9999 -35.1225429534912 -55.2695472717285 -99.2947082519531 -148.484098815918 -190.955813598633 -236.850109863281 -248.301788330078 -276.630996704102 -277.885684204102 -259.56943359375 -255.753237915039 -203.309701538086 -165.291860961914 -112.688641357422 -52.3247756958008 -18.8221649169922 -8.46017456054688 -8.33160591125488 -12.2956562995911 -11.6820725440979 -11.6129461288452 -12.0511921882629 -12.6645561218262 -12.8889232635498 -13.0291780471802 -13.6754175186157 -15.1374584197998 -16.1919588088989 -17.2758136749268 -17.223365020752 -16.2547475814819 -15.2653045654297 -14.6199932098389 -14.3330560684204 -14.2626405715942 -14.585164642334 -15.1663143157959 -15.6903842926025 -16.0353944778442 -16.2256397247314 -16.1015333175659
-9999 -9999 -9999 -9999 -9999 -9999 -9999 -9999 -9999 -9999 -9999 -9999 -9999 -9999 -9999 -44.442406463623 -53.7308250427246 -74.1405784606934 -120.803507995605 -185.441845703125 -280.111721801758 -285.267663574219 -349.116918945312 -351.490142822266 -335.352301025391 -409.692584228516 -329.153405761719 -344.439782714844 -255.330435180664 -102.661331176758 -43.1634284973145 -14.7984859466553 -8.13830642700195 -12.8678453445435 -13.0343159675598 -12.8586576461792 -13.6785043716431 -13.958349609375 -14.0293701171875 -14.0491479873657 -14.2768566131592 -15.5799249649048 -16.5444007873535 -17.4887235641479 -17.0985509872437 -16.7194093704224 -15.8769622802734 -15.1768795013428 -14.5325046539307 -13.8853584289551 -13.63274974823 -13.8753448486328 -14.2369567871094 -14.5663478851318 -15.0131303787231 -14.9191669464111
-9999 -9999 -9999 -9999 -9999 -9999 -9999 -9999 -9999 -9999 -9999 -9999 -9999 -9999 -9999 -42.8784606933594 -70.5054870605469 -67.9773704528809 -89.5295593261719 -129.405351257324 -187.240017700195 -235.802291870117 -285.577395629883 -309.152346801758 -292.188012695313 -293.465023803711 -296.388223266602 -299.603918457031 -232.117797851562 -132.78871307373 -61.8816612243652 -23.2530632019043 -9.17933197021484 -11.3622346878052 -12.5573162078857 -13.2074989318848 -14.5165710449219 -15.7820335388184 -16.5702209472656 -16.3832538604736 -16.8905366897583 -16.0865335464478 -16.4564422607422 -17.4061248779297 -17.3963125228882 -16.73893699646 -16.2720092773437 -15.5708921432495 -14.9041366577148 -13.8978897094727 -12.6955413818359 -13.0862844467163 -13.218871307373 -13.7675855636597 -15.0433429718018 -15.0663259506226
-9999 -9999 -9999 -9999 -9999 -9999 -9999 -9999 -9999 -9999 -9999 -9999 -9999 -9999 -9999 -9999 -90.5629165649414 -87.5974853515625 -79.8414749145508 -86.6480117797852 -116.604675292969 -163.870202636719 -210.879376220703 -245.386520385742 -241.822485351563 -242.955682373047 -260.701406860352 -284.935427856445 -232.02873840332 -159.320733642578 -93.9114776611328 -42.2901588439941 -15.813207244873 -13.548090171814 -10.8140432357788 -11.2396924972534 -14.4600696563721 -16.4971492767334 -17.0250598907471 -16.2079620361328 -17.0610780715942 -15.7933177947998 -15.9392999649048 -16.8061929702759 -16.6218084335327 -16.493137550354 -16.9139205932617 -16.6139659881592 -16.274303817749 -15.3487066268921 -13.829940032959 -15.1737770080566 -15.172654914856 -15.9036226272583 -17.9128875732422 -17.649690246582
-9999 -9999 -9999 -9999 -9999 -9999 -9999 -9999 -9999 -9999 -9999 -9999 -9999 -9999 -9999 -9999 -9999 -73.0817977905273 -111.792868041992 -86.4000427246094 -81.2062377929688 -108.281398010254 -149.656196594238 -194.403604125977 -220.990899658203 -243.832705688477 -268.025274658203 -279.36223449707 -239.747311401367 -187.478829956055 -135.383253479004 -78.8667449951172 -48.3797622680664 -29.8458671569824 -14.6009586334229 -10.1902770996094 -11.6520296096802 -13.6751516342163 -15.6791372299194 -14.3348068237305 -14.0298364639282 -14.2264822006226 -15.0282777786255 -15.9849130630493 -16.3402395248413 -16.3662616729736 -17.1534479141235 -18.0835926055908 -18.8257484436035 -19.4659839630127 -20.6683170318604 -20.9250156402588 -21.8875114440918 -22.5514629364014 -22.8958385467529 -22.9591526031494
-9999 -9999 -9999 -9999 -9999 -9999 -9999 -9999 -9999 -9999 -9999 -9999 -9999 -9999 -9999 -9999 -9999 -9999 -9999 -140.016732788086 -101.617359924316 -103.009925842285 -118.263264465332 -161.271151733398 -200.985858154297 -236.203558349609 -275.932333374023 -294.22756652832 -258.026959228516 -211.860748291016 -171.787158203125 -118.621485900879 -91.8131805419922 -70.3141471862793 -34.5570411682129 -14.8151786804199 -13.249817276001 -11.871329498291 -13.3482328414917 -12.4427654266357 -12.6211082458496 -12.7870317459106 -13.6451587677002 -14.6616502761841 -15.1662933349609 -16.0232746124268 -16.7018314361572 -17.7808654785156 -19.6611526489258 -22.0415618896484 -24.9840194702148 -25.414429473877 -26.2663505554199 -26.6453636169434 -26.7558254241943 -26.3641792297363
-9999 -9999 -9999 -9999 -9999 -9999 -9999 -9999 -9999 -9999 -9999 -9999 -9999 -9999 -9999 -9999 -9999 -9999 -9999 -9999 -9999 -129.581950378418 -103.55581817627 -119.72021484375 -155.183966064453 -208.237796020508 -246.894879150391 -271.490475463867 -266.419467163086 -224.35524597168 -191.498352050781 -151.896417236328 -138.238931274414 -115.513618469238 -73.789323425293 -48.0238426208496 -22.7441429138184 -11.1709772109985 -12.2651317596436 -9.96669902801514 -10.6605419158936 -11.7136037826538 -12.3833414077759 -13.4067068099976 -14.5109521865845 -15.4060354232788 -16.0822198867798 -16.9300453186035 -18.88635597229 -21.9002841949463 -25.0433979034424 -26.7384414672852 -27.2814056396484 -27.5580841064453 -27.3430274963379 -25.8263027191162
-9999 -9999 -9999 -9999 -9999 -9999 -9999 -9999 -9999 -9999 -9999 -9999 -9999 -9999 -9999 -9999 -9999 -9999 -9999 -9999 -9999 -9999 -9999 -105.863743591309 -110.985943603516 -139.617701721191 -177.771432495117 -219.813778686523 -241.071426391602 -232.999319458008 -220.165908813477 -184.783615112305 -176.847317504883 -152.61608581543 -114.951963806152 -86.4352035522461 -50.2769195556641 -21.0361671447754 -9.28666324615478 -7.41975021362305 -7.30223932266235 -9.15500068664551 -10.4759609222412 -12.0050615310669 -13.4465267181396 -14.4177137374878 -15.2080827713013 -15.8803457260132 -17.7432361602783 -20.8562309265137 -24.1876426696777 -25.7561721801758 -26.6267074584961 -27.4453845977783 -27.491858291626 -26.3978385925293
-9999 -9999 -9999 -9999 -9999 -9999 -9999 -9999 -9999 -9999 -9999 -9999 -9999 -9999 -9999 -9999 -9999 -9999 -9999 -9999 -9999 -9999 -9999 -9999 -9999 -73.9406188964844 -106.379988098145 -153.657655334473 -192.626831054688 -215.249267578125 -226.212384033203 -215.076181030273 -218.801977539063 -199.569607543945 -165.18896484375 -152.000393676758 -86.8656661987305 -50.6100997924805 -24.3910892486572 -6.19009828567505 -4.1756847858429 -7.0965558052063 -8.40586462020874 -10.9610117912292 -12.277060508728 -13.1476039886475 -14.0229969024658 -14.6630714416504 -16.586408996582 -19.8933780670166 -23.2356647491455 -24.9727546691895 -25.4702831268311 -26.5794521331787 -28.3137901306152 -28.9096172332764
-9999 -9999 -9999 -9999 -9999 -9999 -9999 -9999 -9999 -9999 -9999 -9999 -9999 -9999 -9999 -9999 -9999 -9999 -9999 -9999 -9999 -9999 -9999 -9999 -9999 -93.7231353759766 -91.3307815551758 -108.943669128418 -145.491676330566 -183.107019042969 -213.269866943359 -228.59670715332 -243.911282348633 -223.256625366211 -185.681854248047 -161.95908203125 -110.73589630127 -69.2560165405273 -31.7256954193115 -6.88846321105957 -2.46649684906006 -5.18201456069946 -7.00115575790405 -10.0756178855896 -11.2958751678467 -11.6031404495239 -12.2383600234985 -12.8342308044434 -14.9872694015503 -18.8731754302979 -22.3547107696533 -24.0899188995361 -24.7320903778076 -26.1773338317871 -28.0538848876953 -29.4958843231201
-9999 -9999 -9999 -9999 -9999 -9999 -9999 -9999 -9999 -9999 -9999 -9999 -9999 -9999 -9999 -9999 -9999 -9999 -9999 -9999 -9999 -9999 -9999 -9999 -9999 -9999 -9999 -96.1486831665039 -109.227947998047 -139.555072021484 -186.213031005859 -218.728988647461 -231.885400390625 -230.169332885742 -201.130386352539 -168.048980712891 -124.470379638672 -91.463703918457 -41.8392990112305 -8.26753625869751 -2.36661720275879 -3.06739444732666 -5.69831390380859 -9.92650299072266 -10.1703213691711 -9.90762271881104 -11.0775840759277 -11.3021276473999 -13.5577806472778 -18.4170993804932 -22.8999347686768 -23.9887268066406 -23.9391551971436 -25.1928440093994 -27.5002288818359 -29.0698574066162
-9999 -9999 -9999 -9999 -9999 -9999 -9999 -9999 -9999 -9999 -9999 -9999 -9999 -9999 -9999 -9999 -9999 -9999 -9999 -9999 -9999 -9999 -9999 -9999 -9999 -9999 -9999 -112.15443572998 -103.230584716797 -117.792004394531 -153.581059265137 -203.552807617188 -238.325607299805 -245.573590087891 -217.401934814453 -175.06071472168 -139.220381164551 -106.042770385742 -55.0506370544434 -14.3514638900757 -2.77536387443542 -2.96485271453857 -3.541228723526 -7.22142238616943 -9.34423332214356 -9.75847549438476 -11.0209970474243 -12.0497753143311 -14.4124176025391 -18.0693883895874 -21.5796123504639 -23.7190658569336 -24.6889495849609 -25.9039386749268 -26.8047218322754 -26.9651287078857
-9999 -9999 -9999 -9999 -9999 -9999 -9999 -9999 -9999 -9999 -9999 -9999 -9999 -9999 -9999 -9999 -9999 -9999 -9999 -9999 -9999 -9999 -9999 -9999 -9999 -9999 -9999 -9999 -106.675212097168 -97.584602355957 -120.170433044434 -181.067398071289 -243.36943359375 -264.688525390625 -227.589282226562 -179.471923828125 -146.396965026855 -117.640342712402 -70.5371856689453 -24.3050880432129 -4.02585520744324 -2.26486721038818 -3.33974747657776 -6.37238125801086 -8.50226964950562 -10.5622398376465 -12.2512069702148 -14.1266201019287 -16.55797290802 -17.9509515762329 -20.2763439178467 -22.8921367645264 -26.2252025604248 -27.2798122406006 -26.2510917663574 -24.9521743774414
-9999 -9999 -9999 -9999 -9999 -9999 -9999 -9999 -9999 -9999 -9999 -9999 -9999 -9999 -9999 -9999 -9999 -9999 -9999 -9999 -9999 -9999 -9999 -9999 -9999 -9999 -9999 -9999 -117.396867370605 -93.2802505493164 -109.17035369873 -170.15641784668 -238.919973754883 -270.815560913086 -239.942376708984 -184.692776489258 -153.468347167969 -124.927308654785 -72.5404838562012 -29.7953853607178 -6.14020872116089 -1.32514301538467 -4.39704780578613 -6.20928621292114 -9.33137922286987 -10.3668710708618 -12.9464113235474 -15.1822834014893 -17.3984819412231 -17.6851629257202 -18.9742450714111 -21.1070995330811 -24.8022037506104 -25.9445594787598 -24.7131450653076 -22.1241680145264
-9999 -9999 -9999 -9999 -9999 -9999 -9999 -9999 -9999 -9999 -9999 -9999 -9999 -9999 -9999 -9999 -9999 -9999 -9999 -9999 -9999 -9999 -9999 -9999 -9999 -9999 -9999 -9999 -122.717031860352 -88.1721817016602 -98.009619140625 -164.077490234375 -241.584008789062 -281.321786499023 -244.905096435547 -187.215899658203 -157.393281555176 -121.816377258301 -72.2443344116211 -34.0584659576416 -8.21746425628662 -1.13104737997055 -5.01076154708862 -7.42147302627563 -10.8444222450256 -13.4224055290222 -13.1899760246277 -15.2094163894653 -17.3262868881226 -16.9958387374878 -16.6992961883545 -19.4801359176636 -23.1688591003418 -23.5828647613525 -21.3304649353027 -19.2586902618408
-9999 -9999 -9999 -9999 -9999 -9999 -9999 -9999 -9999 -9999 -9999 -9999 -9999 -9999 -9999 -9999 -9999 -9999 -9999 -9999 -9999 -9999 -9999 -9999 -9999 -9999 -9999 -9999 -122.29940032959 -89.8043991088867 -103.704077148438 -167.521838378906 -246.390808105469 -286.394869995117 -260.484085083008 -207.123724365234 -163.999526977539 -118.124955749512 -67.021932220459 -29.6602123260498 -6.8125958442688 -2.13774363994598 -6.12823581695557 -8.76201391220093 -12.986999130249 -14.167945098877 -14.0004211425781 -13.3446084976196 -14.0351852416992 -14.9397617340088 -16.1228746414185 -17.553116607666 -18.6846378326416 -18.1858177185059 -16.5137187957764 -15.0816547393799
-9999 -9999 -9999 -9999 -9999 -9999 -9999 -9999 -9999 -9999 -9999 -9999 -9999 -9999 -9999 -9999 -9999 -9999 -9999 -9999 -9999 -9999 -9999 -9999 -9999 -9999 -9999 -9999 -120.896008300781 -91.9725219726563 -108.990699768066 -179.424273681641 -256.601510620117 -293.259414672852 -267.395413208008 -227.784677124023 -164.405072021484 -112.61854095459 -61.8210266113281 -25.5354518890381 -5.57904000282288 -3.74119248390198 -6.85122842788696 -10.4693033218384 -14.2923229217529 -16.05355052948 -14.6885442733765 -12.9061876296997 -12.0072660446167 -12.6516137123108 -15.2873041152954 -14.8869689941406 -14.2935697555542 -13.5412721633911 -12.5385007858276 -11.4796266555786
