meets/meet004/_saidas_enm/ensemble_aver_Cavanillesia_umbellata_CCSM_21k_Gower.asc
NCOLS 154 
NROWS 168 
XLLCORNER -112 
YLLCORNER -55.5 
CELLSIZE 0.5 
NODATA_value -9999 
[rows 78 to 103 of 168, columns 59 to 117 of 154]
-9999 -9999 -9999 -9999 -9999 -9999 -9999 -9999 -9999 0.329835578799248 0.179867658391595 0.0932046608999371 0.0503768980503082 0.031801303139946 0.0597792327404022 0.123978405445814 0.255136041343212 0.456991386413574 0.579953098297119 0.586318218708038 0.570714664459228 0.5709312915802 0.554171121120453 0.563574302196503 0.571388423442841 0.57325599193573 0.574575984477997 0.564581441879273 0.570607483386993 0.570496428012848 0.569647669792175 0.567982006072998 0.567713677883148 0.559766602516174 0.556002020835876 0.560375130176544 0.566942286491394 0.582144927978516 0.606348466873169 0.631501388549805 0.639186763763428 0.627404189109802 0.610551023483276 0.600697827339172 0.58945939540863 0.5833416223526 0.586310684680939 0.589707779884338 0.581294929981232 0.572445046901703 0.570161938667297 0.571988177299499 0.573046970367432 0.577853107452393 0.579738676548004 0.571729493141174 0.550662851333618 0.542380630970001 0.55484766960144
-9999 -9999 -9999 -9999 -9999 -9999 -9999 -9999 -9999 -9999 0.316930654644966 0.127987998723984 0.0189518593251705 0 0 0 0.0217335797846317 0.144715760648251 0.38584326505661 0.593776345252991 0.598917996883392 0.584201872348785 0.566459965705872 0.570764994621277 0.569734466075897 0.566352105140686 0.566158425807953 0.558051514625549 0.560951483249664 0.562062561511993 0.563641214370728 0.564988696575165 0.557316219806671 0.55653178691864 0.549499475955963 0.54868084192276 0.548866641521454 0.557560801506042 0.582814407348633 0.607795703411102 0.619310879707336 0.617401278018951 0.604155623912811 0.585717689990997 0.565474951267242 0.554814839363098 0.55731303691864 0.560337328910828 0.55535329580307 0.546929717063904 0.543489944934845 0.543931102752686 0.544508361816406 0.547708654403687 0.549047064781189 0.543690729141235 0.528473424911499 0.524844396114349 0.545513439178467
-9999 -9999 -9999 -9999 -9999 -9999 -9999 -9999 -9999 -9999 0.469790369272232 0.174738304689527 0 0 0 0 0 0 0.12540846914053 0.445923405885696 0.545421361923218 0.60239315032959 0.590161800384521 0.593305063247681 0.573499262332916 0.556540334224701 0.560225415229797 0.555089700222015 0.564377808570862 0.564909541606903 0.565878522396088 0.568943202495575 0.554139614105225 0.565888464450836 0.55673063993454 0.549888646602631 0.538135802745819 0.528972697257996 0.551681387424469 0.582040584087372 0.595199167728424 0.601765775680542 0.603881335258484 0.571722388267517 0.539780747890472 0.524892282485962 0.525842177867889 0.529771625995636 0.525866627693176 0.521390295028687 0.519801414012909 0.520803046226501 0.517264151573181 0.520242667198181 0.517795586585999 0.514018523693085 0.501845920085907 0.498147749900818 0.525403344631195
-9999 -9999 -9999 -9999 -9999 -9999 -9999 -9999 -9999 -9999 -9999 0.309628427028656 0.0728633716702461 0 0 0 0 0 0.00126823978498578 0.153768919408321 0.180705948174 0.27477253973484 0.396055316925049 0.528219467401504 0.602281272411346 0.570141983032227 0.56651463508606 0.559145748615265 0.569531619548798 0.575277197360992 0.58709853887558 0.591947841644287 0.592913162708282 0.601676952838898 0.599252843856812 0.587304270267487 0.563197565078735 0.53694258928299 0.542445421218872 0.551527976989746 0.562244617938995 0.577826929092407 0.574411737918854 0.553658139705658 0.521541142463684 0.505199772119522 0.503570920228958 0.50222202539444 0.501946443319321 0.498093962669373 0.499959832429886 0.508931487798691 0.507871073484421 0.502520114183426 0.487497317790985 0.48429496884346 0.484241437911987 0.492090451717377 0.521387994289398
-9999 -9999 -9999 -9999 -9999 -9999 -9999 -9999 -9999 -9999 -9999 0.449458521604538 0.277715218067169 0.0208849608898163 0 0 0 0 0 0 0 0.0214031044393778 0.044431260228157 0.175155322253704 0.399843847751617 0.558116185665131 0.606036603450775 0.557756459712982 0.584293925762177 0.584213864803314 0.59641125202179 0.619676995277405 0.638904643058777 0.649232733249664 0.655203378200531 0.638043105602264 0.604649293422699 0.55370090007782 0.55250951051712 0.536023938655853 0.534861743450165 0.550756692886353 0.553492307662964 0.538660562038422 0.509867560863495 0.496464240550995 0.496925991773605 0.485065966844559 0.492201220989227 0.487042599916458 0.48872509598732 0.501752322912216 0.509882801771164 0.494588392972946 0.469455790519714 0.471575838327408 0.487233525514603 0.494532680511475 0.542969799041748
-9999 -9999 -9999 -9999 -9999 -9999 -9999 -9999 -9999 -9999 -9999 -9999 0.4163782954216 0.114840394258499 0 0 0 0 0 0 0 0 0 0 0 0.098734238743782 0.389718902111053 0.61574604511261 0.603717839717865 0.573736619949341 0.587361621856689 0.623468267917633 0.657313621044159 0.671476018428802 0.67500159740448 0.669489419460297 0.663167726993561 0.646390616893768 0.598241353034973 0.539820218086243 0.515418529510498 0.52537670135498 0.535859787464142 0.529718732833862 0.517151474952698 0.512995254993439 0.516267132759094 0.515779387950897 0.511874264478683 0.500880914926529 0.499111729860306 0.503883498907089 0.498821312189102 0.496489465236664 0.488144367933273 0.500795382261276 0.527444767951965 0.559682989120483 0.583525717258453
-9999 -9999 -9999 -9999 -9999 -9999 -9999 -9999 -9999 -9999 -9999 -9999 0.531530290842056 0.246689297258854 0.000328517844900489 0 0 0 0 0 0 0 0 0 0 0 0.143210835754871 0.397166293859482 0.579290473461151 0.563967686891556 0.576530110836029 0.614479565620422 0.662862610816956 0.668207514286041 0.674518537521362 0.689948189258575 0.704762351512909 0.700910651683807 0.650006544589996 0.547819948196411 0.495056170225143 0.502984321117401 0.523189425468445 0.523854672908783 0.527155995368958 0.532753348350525 0.541311645507813 0.551090931892395 0.546205306053162 0.53219438791275 0.529501175880432 0.528043413162231 0.513636410236359 0.525104987621307 0.527787053585053 0.546651446819305 0.575866401195526 0.599265682697296 0.59902560710907
-9999 -9999 -9999 -9999 -9999 -9999 -9999 -9999 -9999 -9999 -9999 -9999 0.457929003238678 0.35422642827034 0.10817931368947 0 0 0 0 0 0 0 0 0 0 0 0 0.125015638768673 0.371752095222473 0.578957307338715 0.584852194786072 0.60303909778595 0.630880439281464 0.647094404697418 0.666207373142242 0.687502503395081 0.699388372898102 0.701064217090607 0.669913375377655 0.546615982055664 0.484348875284195 0.478505432605743 0.500465267896652 0.519094038009644 0.535983598232269 0.552259409427643 0.565782475471497 0.573303329944611 0.580340492725372 0.582340013980865 0.584124088287354 0.581323862075806 0.582957983016968 0.580600774288177 0.587912273406982 0.59616801738739 0.601077795028687 0.600472128391266 0.599272608757019
-9999 -9999 -9999 -9999 -9999 -9999 -9999 -9999 -9999 -9999 -9999 -9999 -9999 0.447956019639969 0.292662319540977 0.108445273339748 0 0 0 0 0 0 0 0 0 0 0 0 0.134623135998845 0.422166699171066 0.595623135566711 0.603719305992126 0.608729946613312 0.608990871906281 0.642820978164673 0.664956390857697 0.698449420928955 0.703574538230896 0.637244665622711 0.515732645988464 0.46683070063591 0.469104796648026 0.49153533577919 0.526113784313202 0.55304092168808 0.578037703037262 0.595671331882477 0.602116286754608 0.61144711971283 0.616677463054657 0.617526638507843 0.615459597110748 0.614012312889099 0.6105712890625 0.607426476478577 0.605427694320679 0.603474807739258 0.60160698890686 0.600733804702759
-9999 -9999 -9999 -9999 -9999 -9999 -9999 -9999 -9999 -9999 -9999 -9999 -9999 -9999 0.454206639528275 0.324276810884476 0.15559296309948 0.0313440501689911 0 0 0 0 0 0 0 0 0 0 0.0190741918981075 0.161391574144363 0.392526483535767 0.604809212684631 0.591643309593201 0.584912109375 0.580242192745209 0.579941058158875 0.597083258628845 0.569224393367767 0.546411597728729 0.495532643795013 0.476094442605972 0.490430110692978 0.516749894618988 0.546133852005005 0.578594934940338 0.605726015567779 0.625168168544769 0.63849755525589 0.631885659694672 0.625150787830353 0.623855090141296 0.621012830734253 0.61623101234436 0.612587320804596 0.609663105010986 0.60789350271225 0.60527651309967 0.603618371486664 0.60202454328537
-9999 -9999 -9999 -9999 -9999 -9999 -9999 -9999 -9999 -9999 -9999 -9999 -9999 -9999 -9999 -9999 0.360931915044785 0.217376583814621 0.0682538643479347 0 0 0 0 0 0 0 0 0 0 0.0246460974216461 0.154235164821148 0.401366931200027 0.599661564826965 0.601275026798248 0.553721904754639 0.526303040981293 0.519492280483246 0.481306719779968 0.50250706076622 0.49716699719429 0.499592965841293 0.522910797595978 0.537531507015228 0.557590389251709 0.587237584590912 0.614733815193176 0.636888885498047 0.651096141338348 0.643725717067719 0.631043148040771 0.626800072193146 0.624036645889282 0.620397424697876 0.616853892803192 0.610334455966949 0.611239457130432 0.609271669387817 0.60768551826477 0.606651294231415
-9999 -9999 -9999 -9999 -9999 -9999 -9999 -9999 -9999 -9999 -9999 -9999 -9999 -9999 -9999 -9999 -9999 -9999 0.269224685430527 0.130594930052757 0.0128635432571173 0 0 0 0 0 0 0 0 0 0.0215781763195992 0.170635754987597 0.390464544296265 0.559566324949265 0.590950679779053 0.532067227363586 0.537712454795837 0.545217645168304 0.540725028514862 0.540672397613525 0.550398278236389 0.550017464160919 0.555778193473816 0.568160116672516 0.575233006477356 0.597577500343323 0.637617087364197 0.652015495300293 0.646717751026154 0.635562384128571 0.628017783164978 0.621556687355042 0.614229607582092 0.611976230144501 0.608405220508575 0.614008831977844 0.614397490024567 0.612411177158356 0.611380016803741
-9999 -9999 -9999 -9999 -9999 -9999 -9999 -9999 -9999 -9999 -9999 -9999 -9999 -9999 -9999 -9999 -9999 -9999 -9999 -9999 0.198738617449999 0.0440989796072245 0 0 0 0 0 0 0 0 0 0 0.115576922893524 0.303029498457909 0.48737621307373 0.619584822654724 0.612013900279999 0.607152664661407 0.597852456569672 0.602057802677155 0.599725949764252 0.592682456970215 0.588832414150238 0.588850784301758 0.590583741664886 0.60645364522934 0.640517377853394 0.654672384262085 0.648743546009064 0.636529982089996 0.628848910331726 0.622659480571747 0.61451860666275 0.609407007694244 0.60351151227951 0.611867952346802 0.623169195652008 0.621323895454407 0.62021906375885
-9999 -9999 -9999 -9999 -9999 -9999 -9999 -9999 -9999 -9999 -9999 -9999 -9999 -9999 -9999 -9999 -9999 -9999 -9999 -9999 -9999 -9999 0.233693566918373 0.0122465390712023 0 0 0 0 0 0 0 0 0 0.0337383827194572 0.177895703166723 0.39069738984108 0.552885228395462 0.636631166934967 0.63021559715271 0.648172736167908 0.648531365394592 0.637021458148956 0.632218551635742 0.623623073101044 0.630375719070435 0.635241687297821 0.649985158443451 0.65945246219635 0.649834203720093 0.633500754833221 0.629056644439697 0.633272624015808 0.635050189495087 0.619348788261414 0.59812536239624 0.601896357536316 0.621196162700653 0.62813823223114 0.611461162567139
-9999 -9999 -9999 -9999 -9999 -9999 -9999 -9999 -9999 -9999 -9999 -9999 -9999 -9999 -9999 -9999 -9999 -9999 -9999 -9999 -9999 -9999 0.427014189958572 0.188066210597754 0.00774266328662634 0 0 0 0 0 0 0 0 0 0.0119467552751303 0.148419168591499 0.367325127124786 0.556664878129959 0.639098882675171 0.671995890140533 0.679962503910065 0.667495489120483 0.656469058990478 0.644609260559082 0.642917084693909 0.640195322036743 0.646158826351166 0.65092294216156 0.642429685592651 0.633676624298096 0.63532075881958 0.644282126426697 0.646149969100952 0.630490434169769 0.604530262947083 0.600448143482208 0.614917767047882 0.617671358585358 0.598855233192444
-9999 -9999 -9999 -9999 -9999 -9999 -9999 -9999 -9999 -9999 -9999 -9999 -9999 -9999 -9999 -9999 -9999 -9999 -9999 -9999 -9999 -9999 -9999 -9999 0.176806656643748 0.0220099098980427 0 0 0 0 0 0 0 0 0 0.0246414013206959 0.187081382423639 0.419557505846024 0.624000775814056 0.680027723312378 0.69421478509903 0.680064618587494 0.665059232711792 0.654455959796906 0.634671080112457 0.623447811603546 0.626919853687286 0.624233877658844 0.630858910083771 0.634691953659058 0.642432475090027 0.654192328453064 0.654706299304962 0.636510527133942 0.613773655891418 0.605478417873383 0.608960890769959 0.610233914852142 0.601353144645691
-9999 -9999 -9999 -9999 -9999 -9999 -9999 -9999 -9999 -9999 -9999 -9999 -9999 -9999 -9999 -9999 -9999 -9999 -9999 -9999 -9999 -9999 -9999 -9999 0.312360554933548 0.129969794303179 0 0 0 0 0 0 0 0 0 0 0.0953644476830959 0.318369978666306 0.572288143634796 0.633991134166717 0.652946496009827 0.665858423709869 0.671363282203674 0.662399685382843 0.639109313488007 0.62132363319397 0.611696445941925 0.612462282180786 0.630354499816895 0.651188361644745 0.661916244029999 0.66522353887558 0.659707403182983 0.636979877948761 0.608615899085999 0.600485849380493 0.610020542144775 0.620335495471954 0.617813062667847
-9999 -9999 -9999 -9999 -9999 -9999 -9999 -9999 -9999 -9999 -9999 -9999 -9999 -9999 -9999 -9999 -9999 -9999 -9999 -9999 -9999 -9999 -9999 -9999 -9999 0.235986492037773 0.0445679638534784 0 0 0 0 0 0 0 0 0 0.0511217221617699 0.244839069247246 0.510227060317993 0.547303235530853 0.5685018658638 0.623179268836975 0.682098400592804 0.664111077785492 0.645542728900909 0.629984962940216 0.610654056072235 0.601564407348633 0.6341588139534 0.674873220920563 0.685122072696686 0.67332592010498 0.661136972904205 0.624176120758057 0.58967080116272 0.583458197116852 0.607742667198181 0.636197257041931 0.631858992576599
-9999 -9999 -9999 -9999 -9999 -9999 -9999 -9999 -9999 -9999 -9999 -9999 -9999 -9999 -9999 -9999 -9999 -9999 -9999 -9999 -9999 -9999 -9999 -9999 -9999 0.279889744520187 0.0909918878227472 0 0 0 0 0 0 0 0 0 0.036539370380342 0.207218676060438 0.463788241147995 0.489312475919723 0.499373352527618 0.536873960494995 0.586322271823883 0.62824786901474 0.658795046806335 0.657843792438507 0.621336579322815 0.604908883571625 0.633726525306702 0.677836191654205 0.687019622325897 0.675640618801117 0.646862602233887 0.599145233631134 0.560323989391327 0.557523679733276 0.594710528850555 0.627163136005402 0.632278740406036
-9999 -9999 -9999 -9999 -9999 -9999 -9999 -9999 -9999 -9999 -9999 -9999 -9999 -9999 -9999 -9999 -9999 -9999 -9999 -9999 -9999 -9999 -9999 -9999 -9999 0.281959176063538 0.12781368046999 0 0 0 0 0 0 0 0 0 0.0294364273548126 0.182618929073215 0.430608385801315 0.434220689535141 0.433177191019058 0.442929458618164 0.455186688899994 0.558902442455292 0.658595204353333 0.679730820655823 0.634801304340363 0.584645140171051 0.636579203605652 0.67811176776886 0.683804094791412 0.66127907037735 0.630338740348816 0.58188636302948 0.529162335395813 0.526778507232666 0.578060162067413 0.623159611225128 0.622450113296509
-9999 -9999 -9999 -9999 -9999 -9999 -9999 -9999 -9999 -9999 -9999 -9999 -9999 -9999 -9999 -9999 -9999 -9999 -9999 -9999 -9999 -9999 -9999 -9999 -9999 0.305504330992699 0.117474722117186 0 0 0 0 0 0 0 0 0 0.0448913972824812 0.207239638268948 0.401851809024811 0.396334391832352 0.387717306613922 0.382344073057175 0.40143256187439 0.479501676559448 0.570621347427368 0.619354295730591 0.63893746137619 0.6468421459198 0.657964134216309 0.669360518455505 0.662687742710114 0.640694391727447 0.610125339031219 0.568525278568268 0.53299971818924 0.531338226795196 0.561052751541138 0.59614360332489 0.601763880252838
-9999 -9999 -9999 -9999 -9999 -9999 -9999 -9999 -9999 -9999 -9999 -9999 -9999 -9999 -9999 -9999 -9999 -9999 -9999 -9999 -9999 -9999 -9999 -9999 -9999 0.322827440500259 0.0905398678034544 0 0 0 0 0 0 0 0 0 0.0631961457431316 0.235547100007534 0.392201733589172 0.38290097117424 0.371096396446228 0.353329664468765 0.352991861104965 0.434583210945129 0.506631129980087 0.569943225383759 0.638304483890533 0.691172087192535 0.662534999847412 0.65201370716095 0.637454771995544 0.614524579048157 0.592553377151489 0.560550701618195 0.533313071727753 0.530787074565887 0.547002458572388 0.569787263870239 0.56577433347702
-9999 -9999 -9999 -9999 -9999 -9999 -9999 -9999 -9999 -9999 -9999 -9999 -9999 -9999 -9999 -9999 -9999 -9999 -9999 -9999 -9999 -9999 -9999 -9999 -9999 0.330860942602158 0.064708786457777 0 0 0 0 0 0 0 0 0.00134087670594454 0.0900270318612456 0.280495965480804 0.396142303943634 0.389760011434555 0.375542402267456 0.354134100675583 0.366393011808395 0.444647806882858 0.550356149673462 0.607616221904755 0.620052266120911 0.617794966697693 0.618435180187225 0.616827619075775 0.605156135559082 0.588635337352753 0.568107187747955 0.544953203201294 0.525628972053528 0.518166947364807 0.520732617378235 0.524929678440094 0.5183718085289
-9999 -9999 -9999 -9999 -9999 -9999 -9999 -9999 -9999 -9999 -9999 -9999 -9999 -9999 -9999 -9999 -9999 -9999 -9999 -9999 -9999 -9999 -9999 -9999 -9999 0.335981315374374 0.0439968917518854 0 0 0 0 0 0 0 0 0.0185712233185768 0.122917629033327 0.322482427954674 0.416541159152985 0.413983815908432 0.398407053947449 0.373728913068771 0.373169445991516 0.471626925468445 0.594788086414337 0.638863253593445 0.604152452945709 0.558544182777405 0.578580987453461 0.582760071754456 0.578881895542145 0.569245755672455 0.546619963645935 0.533347499370575 0.517642557621002 0.50642728805542 0.500826102495193 0.489578688144684 0.47894401550293
-9999 -9999 -9999 -9999 -9999 -9999 -9999 -9999 -9999 -9999 -9999 -9999 -9999 -9999 -9999 -9999 -9999 -9999 -9999 -9999 -9999 -9999 -9999 -9999 0.413053643703461 0.319136041402817 0.035093786008656 0 0 0 0 0 0 0 0 0.0451372094452381 0.17201915923506 0.368548589944839 0.437209326028824 0.45863773226738 0.442857486009598 0.396806520223618 0.395009934902191 0.47615641951561 0.575025010108948 0.616105306148529 0.591951417922974 0.565201544761658 0.561287868022919 0.567652225494385 0.564114761352539 0.550323367118835 0.534247958660126 0.524423348903656 0.516463565826416 0.506289756298065 0.498303335905075 0.48147024512291 0.467355972528458
-9999 -9999 -9999 -9999 -9999 -9999 -9999 -9999 -9999 -9999 -9999 -9999 -9999 -9999 -9999 -9999 -9999 -9999 -9999 -9999 -9999 -9999 -9999 -9999 0.403742116689682 0.310505217313766 0.0281469345092773 0 0 0 0 0 0 0 0 0.0765989363193512 0.214361776411533 0.394148540496826 0.442151153087616 0.468149387836456 0.453832149505615 0.40238783955574 0.388835722208023 0.455590063333511 0.543105411529541 0.584299302101135 0.568936336040497 0.550116181373596 0.542596018314362 0.547326028347015 0.544264030456543 0.527523386478424 0.517439472675324 0.51998655796051 0.522470796108246 0.518305730819702 0.509910202026367 0.491421377658844 0.483709508180618
