meets/meet004/_saidas_enm/ensemble_aver_Aralia_warmingiana_CCSM_6k_SVM.asc
NCOLS 154 
NROWS 168 
XLLCORNER -112 
YLLCORNER -55.5 
CELLSIZE 0.5 
NODATA_value -9999 
[rows 75 to 99 of 168, columns 55 to 109 of 154]
-9999 -9999 -9999 -9999 -9999 -9999 -9999 -9999 -9999 -9999 -9999 -9999 0.324770495295525 0.230202220380306 0.264711058139801 0.349354863166809 0.500930786132812 0.766604697704315 0.87308042049408 0.677167344093323 0.561320745944977 0.486347419023514 0.406558835506439 0.337662103772163 0.282286581397057 0.25681988298893 0.232190799713135 0.204074342548847 0.170841890573502 0.139813879877329 0.115455878153443 0.0879370481707156 0.0627555966377258 0.0348143123090267 0.0197756063193083 0.0143610807135701 0.0073771352879703 0.0124339571222663 0.0126541458070278 0.0283588152378798 0.0533237367868423 0.0712163835763931 0.100617789104581 0.118078086525202 0.144668746553361 0.171253575384617 0.16489830724895 0.139678549021482 0.100291910022497 0.0636774763464928 0.0271816160529852 0.00216559376567602 -0.00979123134166002 -0.0160460460465401 -0.0157740024849772
-9999 -9999 -9999 -9999 -9999 -9999 -9999 -9999 -9999 -9999 -9999 -9999 0.337752452492714 0.294143058359623 0.286472841724753 0.310385532677174 0.372188246250153 0.588396865129471 0.808903777599335 0.809488093852997 0.735447824001312 0.547553187608719 0.456484228372574 0.367327362298965 0.2866553992033 0.253714728355408 0.21952206492424 0.189240603148937 0.154659171402454 0.120023438334465 0.0915172269567847 0.0615353127941489 0.0339186951518059 0.00835157907567918 -0.00589395351707935 -0.00905669778585434 -0.0103782393038273 -0.0156123720109463 -0.0146551167592406 -0.00200206283479929 0.0173775588627905 0.0495445787906647 0.0659699451178312 0.0858965534716845 0.108225756511092 0.12794969137758 0.146035309508443 0.126881277468055 0.0930770888924599 0.0630942091345787 0.0321901839226484 0.00855462122708559 -0.00258768256753683 -0.0129598434548825 -0.0217310273088515
-9999 -9999 -9999 -9999 -9999 -9999 -9999 -9999 -9999 -9999 -9999 -9999 -9999 0.432890450954437 0.290345071069896 0.278852887824178 0.324719350039959 0.406149291992188 0.509606832265854 0.62798877954483 0.767011284828186 0.747014832496643 0.604912126064301 0.436665147542953 0.310023498535156 0.261931937932968 0.224937042593956 0.184752249717712 0.146350339800119 0.107832932844758 0.0726922152098268 0.0383989609777927 0.00894559621228836 -0.0152394317090511 -0.0295239020138979 -0.0351245131343603 -0.0388240867294371 -0.0469435973092914 -0.0503568092361093 -0.0417570099234581 -0.0259834199212492 -0.00170356892049313 0.018824908323586 0.0395109184086323 0.0557752802968025 0.0652395259588957 0.076422805711627 0.0760752260684967 0.0641340371221304 0.0496609166264534 0.0294014263898134 0.00831581298261881 -0.00547149972990155 -0.0204021814279258 -0.0354572003241628
-9999 -9999 -9999 -9999 -9999 -9999 -9999 -9999 -9999 -9999 -9999 -9999 -9999 0.414227682352066 0.438066607713699 0.324553532898426 0.314590218663216 0.269247825443745 0.233961379528046 0.284056320786476 0.503404694795609 0.773514759540558 0.786688804626465 0.577376788854599 0.37188895046711 0.309113928675652 0.26510868370533 0.198227806389332 0.153518386185169 0.107611455768347 0.0670306951738894 0.0246000476181507 -0.00130450315773487 -0.0290519021451473 -0.0478226132690907 -0.056390639510937 -0.0675173534080386 -0.0767516551539302 -0.0898354774340987 -0.0877302071079612 -0.0745427441783249 -0.0621868472546339 -0.0389568295329809 -0.012349760485813 0.005379573488608 0.0080056669190526 0.00760885218624026 0.0252179801464081 0.0293029993772507 0.0282693315297365 0.018694755807519 -0.00132699101231992 -0.0164524617837742 -0.0329674277512822 -0.0457459218800068
-9999 -9999 -9999 -9999 -9999 -9999 -9999 -9999 -9999 -9999 -9999 -9999 -9999 -9999 0.445803868770599 0.377161774039268 0.227449575066566 0.164610397815704 0.126310923695564 0.140122452378273 0.214916518330574 0.41935071349144 0.698496329784393 0.792538583278656 0.593313390016556 0.484365910291672 0.374010068178177 0.26907505095005 0.194326621294022 0.12593661993742 0.0778027881169692 0.0328808851540089 -0.0019037177786231 -0.0315008036792278 -0.0556195169687271 -0.0732375393621623 -0.0906084723770618 -0.104049444571137 -0.115874099731445 -0.118240065872669 -0.114117684215307 -0.108676397055387 -0.0951481055468321 -0.0732418309897184 -0.0471831475850195 -0.0262722037732601 -0.0150823180098087 -0.00423922343179584 0.00538166533224285 0.0107999740168452 0.00386243425309658 -0.011265504732728 -0.0259512076212559 -0.040697578061372 -0.0510577262379229
-9999 -9999 -9999 -9999 -9999 -9999 -9999 -9999 -9999 -9999 -9999 -9999 -9999 -9999 0.216984966397285 0.425598335266113 0.161204579472542 0.114294581115246 0.0820062592625618 0.0834272943437099 0.105508509278297 0.130176882445812 0.295681211352348 0.551996803283691 0.557285553216934 0.524022090435028 0.53896461725235 0.40801505446434 0.298589590191841 0.182968723028898 0.102522393502295 0.0610802233219147 0.0140265304595232 -0.0201401703059673 -0.0505459807813168 -0.075985482201213 -0.101026504486799 -0.114748462289572 -0.130160200595856 -0.136450724303722 -0.136329412460327 -0.137057086825371 -0.133653362095356 -0.12081401348114 -0.093506870418787 -0.0526694623753428 -0.0133187433704734 -0.0199399465200258 -0.00659021260216832 0.00280523654073477 -0.00710293683223426 -0.0143631628481671 -0.0306120499037206 -0.0445503942668438 -0.0547722235321999
-9999 -9999 -9999 -9999 -9999 -9999 -9999 -9999 -9999 -9999 -9999 -9999 -9999 -9999 -9999 0.429444849491119 0.241223147511482 0.114646372199059 0.0711448483169079 0.0661446873098612 0.0712037578225136 0.0776390336453915 0.0846134558320046 0.0881247088313103 0.095393417775631 0.132541996240616 0.214386001229286 0.337240156531334 0.401337686181068 0.284815394878387 0.203202159330249 0.0960229389369488 0.0505253165960312 0.00198796503245831 -0.037398524582386 -0.0684960376471281 -0.0978079922497272 -0.117492973059416 -0.136928294599056 -0.146548102796078 -0.148558884859085 -0.145330953598022 -0.148664025962353 -0.146924869716167 -0.124839074909687 -0.082564602047205 -0.054163397103548 -0.0432074708864093 -0.0333493234589696 -0.02303168438375 -0.0247399692656472 -0.0312721259891987 -0.0388396953232586 -0.0477850953117013 -0.0562595997005701
-9999 -9999 -9999 -9999 -9999 -9999 -9999 -9999 -9999 -9999 -9999 -9999 -9999 -9999 -9999 0.288315066695213 0.271431723237038 0.154692943394184 0.0691544212400913 0.0565576555207372 0.0586122943088412 0.0562632497400045 0.053552819788456 0.0674886900931597 0.0714480686932802 0.0675757676362991 0.0735089595429599 0.0848790623247623 0.182286664843559 0.286345520615578 0.32399046421051 0.147794269025326 0.122649803012609 0.0572756081819534 0.001800736784935 -0.0428740788251162 -0.0786864447873086 -0.0954352259635925 -0.118968615680933 -0.147197020053864 -0.152691727876663 -0.151995931565762 -0.156595329940319 -0.155406020581722 -0.139376699924469 -0.109057307243347 -0.0805372469127178 -0.0647282525897026 -0.0568524170666933 -0.045817301236093 -0.0426343439146876 -0.0446213021408767 -0.0455752867273986 -0.0496901471167803 -0.0543676039204001
-9999 -9999 -9999 -9999 -9999 -9999 -9999 -9999 -9999 -9999 -9999 -9999 -9999 -9999 -9999 -9999 0.358551383018494 0.295624569058418 0.090807206556201 0.0513876132667065 0.0515771981328726 0.0552385963499546 0.0554501831531525 0.0683640267699957 0.0755053475499153 0.0780801105313003 0.0800223413854837 0.0757855135947466 0.0713337946683168 0.0679846247192472 0.139367841184139 0.330675184726715 0.337553095817566 0.124334845179692 -0.00622327066957951 -0.0388915672898293 -0.0520722603425384 -0.0855922382324934 -0.1192686393857 -0.135912656784058 -0.139501991868019 -0.143045273423195 -0.164503532648087 -0.162376075983047 -0.146648685634136 -0.126745356619358 -0.099717353284359 -0.0807033129036427 -0.0686125367879868 -0.0563595063984394 -0.0499530302360654 -0.047541681677103 -0.0484923330135643 -0.0497465339489281 -0.0524221475701779
-9999 -9999 -9999 -9999 -9999 -9999 -9999 -9999 -9999 -9999 -9999 -9999 -9999 -9999 -9999 -9999 0.171617285907269 0.427952373027802 0.136472416110337 0.0490286454558373 0.043219193816185 0.0545112930238247 0.0535157889127731 0.0654449332505465 0.0723015261813998 0.0792264733929187 0.0855197755619884 0.0832246502861381 0.0845056997612119 0.0804383283946663 0.0742683120071888 0.212317371368408 0.471055066585541 0.297681790590286 0.0233219459652901 -0.0465249486267567 -0.0365014463663101 -0.0900436077266931 -0.12459866181016 -0.127239567041397 -0.0935317009687424 -0.0638608997687697 -0.156793919205666 -0.174747502803802 -0.148904970288277 -0.136583244800568 -0.111821542680264 -0.0878041751682758 -0.0712015934288502 -0.0537877578288317 -0.042083608545363 -0.034637043508701 -0.040107287466526 -0.0471004135906696 -0.0534816782921553
-9999 -9999 -9999 -9999 -9999 -9999 -9999 -9999 -9999 -9999 -9999 -9999 -9999 -9999 -9999 -9999 0.148270048946142 0.337010926008224 0.222065139561892 0.112902246881276 0.0483823824673891 0.0453354127705097 0.0538627855479717 0.0629171535372734 0.0670127905905247 0.0686048194766045 0.070875857770443 0.0732052048668265 0.0765595780219883 0.0716464281082153 0.0648596622049809 0.112711191177368 0.381216984987259 0.598293304443359 0.243744227290153 0.0295823067426682 -0.0716692317277193 -0.125779458880424 -0.137259195744991 -0.133212491869926 -0.0695791341364384 -0.0360051563940942 -0.158700378239155 -0.17833709269762 -0.149293871223927 -0.132106538116932 -0.120710754394531 -0.0993379808962345 -0.0734033815562725 -0.0499152481555939 -0.0340059906244278 -0.0204908843152225 -0.0355293033178896 -0.0490973336622119 -0.0604654129594564
-9999 -9999 -9999 -9999 -9999 -9999 -9999 -9999 -9999 -9999 -9999 -9999 -9999 -9999 -9999 -9999 -9999 0.166998936235905 0.256701371073723 0.188361639529467 0.137755428627133 0.0649200807638408 0.0552058503031731 0.0629259310662746 0.0671101860702038 0.0703895386308432 0.0740174418315291 0.0686317810788751 0.0663467813283205 0.0611659517511725 0.0585690766572952 0.0752515032887459 0.185297641158104 0.552444052696228 0.57484393119812 0.326493206620216 0.0304456427693367 -0.0862418617121875 -0.149667358398438 -0.159545481204987 -0.115298318862915 -0.0682425495237112 -0.173105126619339 -0.16621158272028 -0.143379500508308 -0.137289687991142 -0.134080824255943 -0.116630756855011 -0.0840906217694282 -0.0557215917855501 -0.0385363075882196 -0.0240847924724221 -0.0502782458439469 -0.0693222761154175 -0.0779509708285332
-9999 -9999 -9999 -9999 -9999 -9999 -9999 -9999 -9999 -9999 -9999 -9999 -9999 -9999 -9999 -9999 -9999 -9999 0.208389766514301 0.199050268530846 0.168200528621674 0.230786360055208 0.0955786268110387 0.0576494567096233 0.056504487991333 0.0627587597817183 0.0702444475144148 0.0720105893909931 0.071497281640768 0.0680387484841049 0.0625698855146766 0.0691263071261346 0.091278387606144 0.179033041000366 0.348144954442978 0.544652938842773 0.33268506526947 0.0659524984148447 -0.0841855984181166 -0.146979157626629 -0.153982402384281 -0.154843683540821 -0.156796014308929 -0.148952987790108 -0.151739837229252 -0.158373908698559 -0.150679245591164 -0.130347560346127 -0.103298288583755 -0.0747963130474091 -0.0546532049775124 -0.0527132600545883 -0.0896909072995186 -0.128910858929157 -0.133304382860661
-9999 -9999 -9999 -9999 -9999 -9999 -9999 -9999 -9999 -9999 -9999 -9999 -9999 -9999 -9999 -9999 -9999 -9999 -9999 -9999 0.12956916987896 0.13327175527811 0.118245595600456 0.0776382559910417 0.0491208620369434 0.0475152003578842 0.0592082839459181 0.0645371105521917 0.0715683117508888 0.0733128887601197 0.0677937105996534 0.0659045512787998 0.0694301072508097 0.0827578909695148 0.121102991700172 0.292801001667976 0.518492007255554 0.370204192399979 0.131552278995514 -0.0361785601824522 -0.0814541961997747 -0.0886883839964867 -0.121393401920795 -0.140946421027184 -0.154035952687263 -0.156021247804165 -0.149968142807484 -0.139747792482376 -0.126684759557247 -0.107320311665535 -0.0917366430163384 -0.0872140973806381 -0.125324569642544 -0.175218001008034 -0.176621773838997
-9999 -9999 -9999 -9999 -9999 -9999 -9999 -9999 -9999 -9999 -9999 -9999 -9999 -9999 -9999 -9999 -9999 -9999 -9999 -9999 -9999 -9999 0.164151746034622 0.220456811785698 0.125339468568563 0.0630299851298332 0.0423000376671553 0.0539540912955999 0.0651854377239943 0.0706240773200989 0.0741920740809292 0.0704374958761036 0.0624565933831036 0.0652672070078552 0.0736076704226434 0.106226427853107 0.192579066753387 0.366308099031448 0.375655293464661 0.153633180260658 0.033601638674736 -0.0612982962280512 -0.0997359961271286 -0.123825783282518 -0.128647653758526 -0.133753451704979 -0.138715060055256 -0.134811334311962 -0.141797184944153 -0.14251124560833 -0.120793575048447 -0.126566329598427 -0.158306621015072 -0.19658428132534 -0.204046282172203
-9999 -9999 -9999 -9999 -9999 -9999 -9999 -9999 -9999 -9999 -9999 -9999 -9999 -9999 -9999 -9999 -9999 -9999 -9999 -9999 -9999 -9999 -9999 -9999 0.213181775808334 0.173607431352139 0.0754929810762405 0.0518257863819599 0.0604898773133755 0.0647361200302839 0.0706972672604024 0.0720539010129869 0.0661357576027513 0.0589709583669901 0.0633168898522854 0.0717619298025966 0.0893958382308483 0.166375023126602 0.366924795508385 0.409132826328278 0.2708192050457 0.108173162769526 0.0109352027997375 -0.030425463244319 -0.0713625544682145 -0.0981058657169342 -0.113319621235132 -0.117808263003826 -0.133361054956913 -0.140222992002964 -0.137231142818928 -0.148702126741409 -0.185626623034477 -0.220667454600334 -0.227280566096306
-9999 -9999 -9999 -9999 -9999 -9999 -9999 -9999 -9999 -9999 -9999 -9999 -9999 -9999 -9999 -9999 -9999 -9999 -9999 -9999 -9999 -9999 -9999 -9999 -9999 -9999 0.311623534560204 0.108010012330487 0.0614532153122127 0.0619564533233643 0.0638219431042671 0.0641380941495299 0.0672795880585909 0.0633301679044962 0.0598981760442257 0.0620966624468565 0.0694886043667793 0.0878635950386524 0.148484057188034 0.296911263465881 0.495153731107712 0.30428974032402 0.125164002925158 0.0721936844289303 0.0073276799172163 -0.0462040208280087 -0.0695900563150644 -0.0887074254453182 -0.0899122282862663 -0.115298442542553 -0.135796178877354 -0.152510084211826 -0.202810126543045 -0.241980636119843 -0.249576726555824
-9999 -9999 -9999 -9999 -9999 -9999 -9999 -9999 -9999 -9999 -9999 -9999 -9999 -9999 -9999 -9999 -9999 -9999 -9999 -9999 -9999 -9999 -9999 -9999 -9999 -9999 0.170541831851006 0.251380124688149 0.115372807800304 0.0867482309229672 0.0684401802718639 0.0609047863632441 0.0589200299233198 0.0589646771550179 0.0600341461598873 0.05917325951159 0.0597940366715193 0.0687344059348106 0.101500159502029 0.217332455515862 0.54068004488945 0.512614780664444 0.24081759750843 0.125943844020367 0.038894653879106 -0.0153955720365047 -0.0357914157211781 -0.0735143771395087 -0.0812961146235466 -0.113401812314987 -0.147224161028862 -0.17815268933773 -0.224589398503304 -0.251312956213951 -0.256114757061005
-9999 -9999 -9999 -9999 -9999 -9999 -9999 -9999 -9999 -9999 -9999 -9999 -9999 -9999 -9999 -9999 -9999 -9999 -9999 -9999 -9999 -9999 -9999 -9999 -9999 -9999 -9999 -9999 0.21237128674984 0.160264785587788 0.120816706120968 0.0875888258218765 0.0671549774706364 0.0584882882423699 0.05426253862679 0.0567879792302847 0.0564783649519086 0.0607672333717346 0.0742819644510746 0.166565234959126 0.475042527914047 0.660030341148376 0.374781757593155 0.158643275499344 0.04188665492984 -0.00740443058311939 -0.0246614463627338 -0.0583017122000456 -0.091887741163373 -0.135109201073647 -0.173600539565086 -0.207922801375389 -0.236118787527084 -0.256965160369873 -0.257620897889137
-9999 -9999 -9999 -9999 -9999 -9999 -9999 -9999 -9999 -9999 -9999 -9999 -9999 -9999 -9999 -9999 -9999 -9999 -9999 -9999 -9999 -9999 -9999 -9999 -9999 -9999 -9999 -9999 0.189482468366623 0.188832865655422 0.180899596214294 0.103070914000273 0.0713472090661526 0.0556870456784964 0.0494703762233257 0.048638666421175 0.0534830816090107 0.0545390628278255 0.0619173251092434 0.125658601522446 0.386706261336803 0.733728158473969 0.56599634885788 0.210939200222492 0.0196378032444045 -0.0178594138473272 -0.0311347513925284 -0.0733259311877191 -0.110195332765579 -0.1548714235425 -0.204020091891289 -0.231990876793861 -0.237820661067963 -0.239382848143578 -0.230248281359673
-9999 -9999 -9999 -9999 -9999 -9999 -9999 -9999 -9999 -9999 -9999 -9999 -9999 -9999 -9999 -9999 -9999 -9999 -9999 -9999 -9999 -9999 -9999 -9999 -9999 -9999 -9999 -9999 -9999 0.175124019384384 0.225898492336273 0.125862131267786 0.0639124408364296 0.0448324717581272 0.0429635733366013 0.0422839887440205 0.0448455715784803 0.0483770247548819 0.0519419014453888 0.0848805805435404 0.287405839934945 0.700233215093613 0.756307363510132 0.339740961790085 0.0411572031676769 -0.0347181141376495 -0.0192641265690327 -0.0837047997862101 -0.12828858345747 -0.168528705835342 -0.215123316645622 -0.244349074363709 -0.237530994415283 -0.194389334321022 -0.170193982124329
-9999 -9999 -9999 -9999 -9999 -9999 -9999 -9999 -9999 -9999 -9999 -9999 -9999 -9999 -9999 -9999 -9999 -9999 -9999 -9999 -9999 -9999 -9999 -9999 -9999 -9999 -9999 -9999 -9999 0.150640881061554 0.229373401403427 0.146899604052305 0.0530392605694942 0.038830304145813 0.04289735481143 0.0396291226148605 0.0404906099662185 0.0426417949609458 0.0424940644996241 0.074292522482574 0.234367556869984 0.669627141952515 0.846400785446167 0.448875451087952 0.102234272658825 -0.0329364731907845 -0.0875906847417355 -0.111441693454981 -0.124680151045322 -0.150686398148537 -0.204668340086937 -0.230510917305946 -0.231061550974846 -0.180426260828972 -0.149941343069077
-9999 -9999 -9999 -9999 -9999 -9999 -9999 -9999 -9999 -9999 -9999 -9999 -9999 -9999 -9999 -9999 -9999 -9999 -9999 -9999 -9999 -9999 -9999 -9999 -9999 -9999 -9999 -9999 -9999 0.137123669683933 0.235418179631233 0.164232072234154 0.0469805289059877 0.0457216992974281 0.0517233163118362 0.0414491653442383 0.0401535142213106 0.040594403911382 0.0412197473458946 0.0679263073558104 0.204619416594505 0.608408051729202 0.879249238967896 0.468846160173416 0.118018875271082 -0.0025416299700737 -0.0561692908406258 -0.131499470770359 -0.130056840181351 -0.129825963079929 -0.182328256964684 -0.212511456012726 -0.207260954380035 -0.158599311113358 -0.124583385884762
-9999 -9999 -9999 -9999 -9999 -9999 -9999 -9999 -9999 -9999 -9999 -9999 -9999 -9999 -9999 -9999 -9999 -9999 -9999 -9999 -9999 -9999 -9999 -9999 -9999 -9999 -9999 -9999 -9999 0.136285683512688 0.23295893073082 0.136330856382847 0.0416323949582875 0.0451332367956638 0.051477324962616 0.0449487842619419 0.0412746705114841 0.0394764475291595 0.0410615117289126 0.0709972597658634 0.218361024558544 0.641454321146011 0.848793244361877 0.449689173698425 0.120816285163164 0.0231329053640366 -0.0179283361881971 -0.0861446514434647 -0.130171635001898 -0.14819120913744 -0.15464740395546 -0.162173068523407 -0.152551314234734 -0.127932937443256 -0.107688872516155
-9999 -9999 -9999 -9999 -9999 -9999 -9999 -9999 -9999 -9999 -9999 -9999 -9999 -9999 -9999 -9999 -9999 -9999 -9999 -9999 -9999 -9999 -9999 -9999 -9999 -9999 -9999 -9999 -9999 0.137088562548161 0.222547161579132 0.106132635846734 0.0400983724510297 0.0451378747820854 0.0509073205292225 0.0461208425462246 0.0433810003101826 0.0390290025621653 0.0422072235494852 0.0746104961028323 0.242504073679447 0.664369982481003 0.804666125774384 0.376371300220489 0.0858644776046276 0.0354307793080807 0.0148530075326562 -0.0247685602400452 -0.0703399442136288 -0.105846455320716 -0.116820850968361 -0.0760321728885174 -0.0943317767232656 -0.0980845216661692 -0.0772651991574094
