meets/meet004/_saidas_enm/ensemble_aver_Cavanillesia_umbellata_CCSM_0k_SVM.asc
NCOLS 154 
NROWS 168 
XLLCORNER -112 
YLLCORNER -55.5 
CELLSIZE 0.5 
NODATA_value -9999 
[rows 48 to 71 of 168, columns 56 to 111 of 154]
-9999 -9999 -9999 -9999 -9999 -9999 -9999 -9999 -9999 -9999 -9999 -9999 -9999 0.0965763457119465 0.096308396756649 0.0935336023569107 0.176981455087662 0.315926206111908 0.183765995502472 0.0219847132451832 0.0471483029425144 0.0792577788233757 0.0505122408270836 -0.0120137713849545 -0.0306613440741785 -0.026946766115725 -0.015318451076746 -2.75511294603348e-05 0.0221494718454778 0.0504573099315166 0.0653859674930573 0.05733328089118 0.0585982608608902 0.138939015567303 0.29551006257534 0.221248716115952 0.174599391222 0.053098538890481 0.0281141862447839 0.0258091216906905 -0.000806501321494579 0.0402077419217676 0.074001819640398 0.0414230166235939 -0.0505355603527278 -0.134921227023005 -0.160847891867161 -0.107836309820414 -0.0540081894956529 -0.000932877650484443 0.090907815634273 0.0829227101057768 0.0769553191959858 0.101986242830753 0.0990811415016651 0.0662630502134562
-9999 -9999 -9999 -9999 -9999 -9999 -9999 -9999 -9999 -9999 -9999 -9999 -9999 0.0965727254748344 0.0953519433736801 0.087987894564867 0.151695922017097 0.159388792514801 0.0689739860594273 -0.00289628505706787 0.0503891051746905 0.111768501251936 0.138478659838438 0.102554136654362 0.0547797832638025 0.0262913357466459 0.0280714172869921 0.0399879006668925 0.053731133043766 0.0650336302816868 0.0702137598767877 0.0646319041028619 0.0626430533826351 0.124324862658978 0.407890552282333 0.578843700885773 0.387961935997009 0.197929982841015 0.123907254636288 0.0870648629963398 0.0771356739103794 0.0857224732637405 0.0918810293078423 0.0390563976485282 -0.0719027993269265 -0.140725742280483 -0.148623356223106 -0.132242096960545 -0.0986601516604424 -0.0549860768020153 0.00398149569518864 0.0308822921477258 0.0991270899772644 0.160205410420895 0.127883458137512 0.084123975969851
-9999 -9999 -9999 -9999 -9999 -9999 -9999 -9999 -9999 -9999 -9999 -9999 -9999 0.0960574977099895 0.0892889812588692 0.0806920811533928 0.0966710865497589 0.0500561743974686 0.0104195747291669 -0.0177587081678212 0.0283819906995632 0.113299194071442 0.279922257363796 0.301424354314804 0.186425586044788 0.0988794643431902 0.0390618533827364 0.0311110641807318 0.043548770621419 0.0563120772130787 0.0628101442009211 0.0553173976019025 0.0408004235476255 0.0503304697573185 0.372224014997482 0.952364253997803 0.714173239469528 0.436053001880646 0.288972640037537 0.194452553987503 0.171278263628483 0.128656926751137 0.111046198010445 0.0534180310554802 -0.0508259346184786 -0.0632407657802105 -0.0798031263053417 -0.039929918339476 -0.015360265225172 0.0227464502677321 0.0710469111800194 0.0496113292872906 0.153518012166023 0.181622338294983 0.125396357476711 0.103518316335976
-9999 -9999 -9999 -9999 -9999 -9999 -9999 -9999 -9999 -9999 -9999 -9999 -9999 0.0849941927939653 0.0727553062140942 0.0617152306251228 0.046679705940187 0.0286483909934759 0.00485903114022221 0.000593158038100228 0.00951179731637239 0.0292123474180698 0.0948619646835141 0.0842395408079028 0.0309528614161536 0.0107144437730312 0.0205535411834717 0.0365395039319992 0.0496363867074251 0.0577425420284271 0.0617420047521591 0.0612780883908272 0.0518401123583317 0.0354081742465496 0.154797025024891 0.671762382984161 0.817254567146301 0.534819257259369 0.372648197412491 0.25728847682476 0.195798617601395 0.148089955747128 0.122788140177727 0.074125686660409 0.00258763348683715 -0.0170516978949308 -0.0175527360290289 0.0279620879329741 0.0694472350180149 0.0856223411858082 0.0858118429780006 0.0985412746667862 0.185808715224266 0.186973410844803 0.139797867834568 0.10016803406179
-9999 -9999 -9999 -9999 -9999 -9999 -9999 -9999 -9999 -9999 -9999 0.0912149701267481 0.0724190683104098 0.0571709230542183 0.0488012950867414 0.0490263048559427 0.0365073274821043 0.0184082844352815 0.0182629004120827 0.00633779000490904 0.0071006128564477 0.00713350814767182 0.00745928585529327 0.00915656387805939 0.0167936064302921 0.0271918226033449 0.0404593669809401 0.0496423300355673 0.0552176535129547 0.0620832771062851 0.0671938546001911 0.0624588415026665 0.0566868107765913 0.0375907458364964 0.0565599456429482 0.395721191167831 0.682799637317657 0.535190057754517 0.351627284288406 0.26258117556572 0.206709271669388 0.160659849643707 0.142141634225845 0.107978551089764 0.067618003487587 0.064197776466608 0.0506093762349337 0.107041838020086 0.135914693772793 0.0806044988334179 0.0962187841534615 0.168664801120758 0.177677159011364 0.151464737951756 0.119949555769563 0.092574483435601
-9999 -9999 -9999 -9999 -9999 -9999 -9999 -9999 -9999 -9999 0.0917003463953733 0.0738529868831392 0.0463359143584967 0.0349905733019114 0.0486164033412933 0.061533441208303 0.0551485884003341 0.0260850809514523 0.0105819579213858 0.0108676766976714 0.0127552022691816 0.0177783763036132 0.0230924822390079 0.0279863480478525 0.0348340980708599 0.0434596452862024 0.0503178641200066 0.0560993015766144 0.0647403672337532 0.0731609039008617 0.0748189836740494 0.0644698992371559 0.0562712833285332 0.0378865784965456 0.0279267507605255 0.221012619137764 0.473610907793045 0.42748703956604 0.292048367857933 0.197388675808907 0.179040631651878 0.165504260361195 0.154640856385231 0.130851146578789 0.0982409097254276 0.0774922847747803 0.0702707055956125 0.0753020197153091 0.0430698934942484 0.0867393359541893 0.187604004144669 0.209039160609245 0.132777754962444 0.0884462624788284 0.0860009782016277 0.0815750472247601
-9999 -9999 -9999 -9999 -9999 -9999 -9999 -9999 -9999 -9999 0.0622715018689632 0.0374871917068958 0.0206500203115866 0.0300613153725863 0.0529665069654584 0.0691393331158906 0.060460296832025 0.0426207778975368 0.0308508280664682 0.0308315575122833 0.0317289832979441 0.0338950263336301 0.037499117385596 0.0422611892223358 0.0489135563373566 0.0540640510618687 0.0614170096814632 0.0716867670416832 0.0733641065657139 0.0696098640561104 0.07398412078619 0.0667994894087315 0.055512073636055 0.0396567937452346 0.0183146234601736 0.102116318047047 0.27608747780323 0.288287749886513 0.231462091207504 0.153524972498417 0.110364515334368 0.140089339017868 0.150601421296597 0.135501925647259 0.090441656857729 0.0324615053832531 -0.00809613279998302 0.0159820994362235 0.10985709503293 0.206677824258804 0.262428003549576 0.208057799935341 0.121996560692787 0.0617802023887634 0.0768516689538956 0.087401770055294
-9999 -9999 -9999 -9999 -9999 -9999 -9999 -9999 0.0859650030732155 0.0411825187504292 0.0958432257175446 0.0520533781498671 0.0109449089504778 0.0251144964247942 0.0487082734704018 0.0609461335465312 0.0568407474085689 0.0470955019816756 0.0442182511091232 0.0422934306785464 0.0430020056664944 0.0462199594825506 0.0489745985716581 0.0533128499984741 0.0589618869125843 0.0586784303188324 0.0585103690624237 0.0568140760064125 0.0565430030226707 0.057265205681324 0.0567321591079235 0.0557104401290417 0.0543723933398724 0.0418871305882931 0.0188282053917646 0.0238632453605533 0.105702928826213 0.167858215421438 0.166917903721333 0.121841330826282 0.0880503855645657 0.070415024459362 0.0868603639304638 0.061673204600811 0.00954073462635279 0.0697208061814308 0.169338309764862 0.254323220252991 0.296504393219948 0.300149765610695 0.243182802200317 0.170522573590279 0.0983194344677031 0.0649961821734905 0.111870525032282 0.111681722849607
-9999 -9999 -9999 -9999 -9999 -9999 -9999 -9999 0.0517970934510231 0.0745545441284776 0.30669572353363 0.0712430983781815 -0.0205135272815824 0.0166668203193694 0.0421158239245415 0.0524213243275881 0.0483136265538633 0.0462817557156086 0.0463691398501396 0.0457489788532257 0.0478129055351019 0.048507696762681 0.0494143519550562 0.048653931543231 0.0487222176045179 0.0491937059909105 0.0491591021418571 0.0498246859759092 0.0496463533490896 0.0487814638763666 0.0481082770973444 0.0474222805351019 0.0471952613443136 0.0457196976989508 0.0260598123073578 0.0106446215882897 0.0145917813293636 0.0425772977992892 0.0652514692861587 0.0547997638583183 0.0372650980949402 0.0243071182630956 0.0227995098568499 0.0759254101663828 0.150669530779123 0.219919224083424 0.214075540006161 0.189668108522892 0.146507582813501 0.097294032946229 0.0731679311487824 0.0506014175480232 0.028859671857208 0.0557805549353361 0.173447728157043 0.181389950215816
-9999 -9999 -9999 -9999 -9999 -9999 -9999 0.0723630500026047 0.0501946866512299 0.25809026658535 0.310382288694382 0.0865721814334393 -0.0383130073547363 -0.00162544064223766 0.030480856820941 0.0434470050036907 0.0403849985450506 0.0410326650366187 0.0384551300667226 0.0373616137891076 0.038832962885499 0.0385948244482279 0.0387759378179908 0.0386528629809618 0.0395988455042243 0.0411203721538186 0.0407111294567585 0.0397894065827131 0.0395819758065045 0.0393924440257251 0.039219970908016 0.0384501992724836 0.0378162865061313 0.0368707491550595 0.0346921485383064 0.0203657869249582 0.012384819239378 0.00906313876621425 0.00961102419532836 0.0111911177402362 0.0166563400591258 0.0236083949450403 0.0351717223558808 0.0552045631222427 0.0611451610922813 0.0559101738035679 0.0319920480251312 0.0185383294767234 0.0141414020210505 0.0129816981032491 0.0112524092197418 0.00526699014008045 0.00048106424510479 0.0411896452307701 0.209685365855694 0.286999726295471
-9999 -9999 -9999 -9999 -9999 -9999 -9999 0.0584142118692398 0.165772613883019 0.44713169336319 0.275917762517929 0.081132210791111 -0.0465433966368437 -0.00570250600576401 0.0223048120853491 0.0278393238782883 0.0301852345466614 0.0294070791453123 0.0252486631274223 0.0252554871141911 0.0267728675156832 0.02673244997859 0.0274500116705894 0.0258270174264908 0.0241937097162008 0.0252333551645279 0.0242366943508387 0.0255121137946844 0.0248443629592657 0.0228885434567928 0.0237936872988939 0.0242185458540916 0.0262979462742805 0.0275614574551582 0.0287919942289591 0.0324652839452028 0.0221411019563675 0.0137695752084255 0.0112426556646824 0.0115171495825052 0.0107918620109558 0.011439923197031 0.0125036597251892 0.0147385820746422 0.0217802431434393 0.029476760700345 0.0394034870900214 0.0415601427201182 0.0414849145454355 0.0343528898432851 0.0293712791055441 0.0181172339944169 0.00999434003606439 0.0196173429489136 0.168358056247234 0.333438122272491
-9999 -9999 -9999 -9999 -9999 -9999 0.0760027788579464 0.0427766382694244 0.241244012117386 0.467085999250412 0.275691956281662 0.105374947935343 -0.0392437731847167 0.0217525873333216 0.0195335633121431 0.0134887028485537 0.00772135928273201 0.00538036022335291 0.00265926346182823 0.00706873228773475 0.0115280319005251 0.0103736501187086 0.00880401805043221 0.00728388503193855 0.00816540457308292 0.00882289372384548 0.00875676833093166 0.00764951929450035 0.00716929957270622 0.00871530063450337 0.00933347120881081 0.0112321842461824 0.0128280971199274 0.0146561283618212 0.0183253653347492 0.0208181645721197 0.0236130386590958 0.0250755351036787 0.0279475964605808 0.029972979798913 0.0307192392647266 0.0315894547849894 0.0289984319359064 0.025135526061058 0.0260153241455555 0.0271333269774914 0.0295182891190052 0.0300944209098816 0.030697726085782 0.0288583166897297 0.0264047781471163 0.0201100120320916 0.0173712989315391 0.0190287977457047 0.111078026890755 0.289129954576492
-9999 -9999 -9999 -9999 -9999 -9999 0.0766005009412765 5.87794929742813e-05 0.0692285522818565 0.302377817034721 0.235276681184769 0.0780829038470983 -0.0387670686468482 0.00383908744552173 -0.00258640837855637 -0.00648162420839071 -0.00858658943325281 -0.0100964579731226 -0.00605717971920967 0.00143843293190002 0.00546002788469195 0.00815423596650362 0.010915238596499 0.015989657305181 0.0183591281063855 0.0168711582198739 0.0168928899336606 0.0144536820240319 0.01328129703179 0.0115950919687748 0.00829676194116473 0.00630474146455526 0.00427981108077802 0.00382513958029449 0.00462811067700386 0.00635296273976564 0.0074704997241497 0.00912630259990692 0.0102900661528111 0.0120882101356983 0.0146934188902378 0.0178501389920712 0.0199522368609905 0.0235017813742161 0.0284791044890881 0.0297489199787378 0.0327171865850687 0.0341045580804348 0.0366487564519048 0.0403402369469404 0.0429953197017312 0.0553987215273082 0.0679368525510654 0.0861478947103023 0.0718160218559206 0.180793163180351
-9999 -9999 -9999 -9999 -9999 -9999 0.104744289815426 0.00103777498006821 -0.082607202231884 0.118720181286335 0.183061635494232 0.059955267701298 -0.0647808857262135 -0.0268757194280624 -0.0265979564399458 -0.0124107731506228 -0.00872668363153934 0.000979297421872616 0.0246573101729155 0.0392077203840017 0.0452609732747078 0.0636710442602634 0.0839086377061904 0.0972930641844869 0.0862322671338916 0.07809220822528 0.0722214243840426 0.0686401107348502 0.0609782350249588 0.0523851700127125 0.045979068428278 0.0374611470848322 0.0304605713114142 0.0234875965863466 0.0164522257633507 0.0149334122426808 0.0168074603658169 0.0227789932861924 0.0310050722211599 0.0394101042300463 0.0525353718549013 0.0540701121091843 0.0618645690381527 0.0581710532307625 0.0478362992405891 0.037614145129919 0.0384622115641832 0.0414905287325382 0.0500985626131296 0.0623817928135395 0.0842002492398024 0.11316399872303 0.157785295695066 0.188631088286638 0.159162601083517 0.140563044324517
-9999 -9999 -9999 -9999 -9999 -9999 -9999 0.02876301035285 -0.110451178252697 0.00477772392332554 0.154227052628994 0.0757735267281532 -0.0856094241142273 -0.0663221515715122 -0.0461471287533641 -0.0182153850793839 0.00193388313055038 0.0423517290502787 0.093635503295809 0.128992892801762 0.155038349330425 0.194408500939608 0.225304113328457 0.238651789724827 0.227515044808388 0.205277632921934 0.199190011620522 0.185373865067959 0.167199237272143 0.156316022202373 0.143127065896988 0.13502476811409 0.118686143122613 0.110278251860291 0.105863072071224 0.100479285791516 0.108866719901562 0.114452825859189 0.136266729235649 0.160139719024301 0.159934639558196 0.156426238827407 0.130482900887728 0.10010689869523 0.0757865361869335 0.0546623393893242 0.0561341568827629 0.0655155785381794 0.0861291751265526 0.117368661984801 0.156639015674591 0.223569023609161 0.284865538775921 0.332091677188873 0.322582107782364 0.289068223536015
-9999 -9999 -9999 -9999 -9999 -9999 -9999 -9999 -0.116056305915117 -0.0342929996550083 0.206907898187637 0.116232845932245 -0.0890417322516441 -0.0771632857620716 -0.0410898741101846 -0.00241170898079872 0.0339517395943403 0.105218443274498 0.179611726105213 0.223996667563915 0.270875233411789 0.311639258265495 0.350301721692085 0.359745690226555 0.343184658885002 0.323607392609119 0.316791787743568 0.300503048300743 0.274719592928886 0.246333384513855 0.241838550567627 0.234170562028885 0.227590388804674 0.221741273999214 0.22125037163496 0.227858497202396 0.229222644120455 0.242727506160736 0.253481008857489 0.256753983348608 0.235273556411266 0.193400795571506 0.148322430253029 0.108983933925629 0.0826211459934711 0.0643115743994713 0.0726897984743118 0.0909619882702827 0.117691899091005 0.150053139030933 0.199805253744125 0.272346568107605 0.343871340155602 0.402375048398972 0.41065556704998 0.401407551765442
-9999 -9999 -9999 -9999 -9999 -9999 0.0264180146157742 -0.0978411167860031 -0.189136190712452 -0.0227659467607737 0.162246848642826 0.110308166220784 -0.0723675668239594 -0.0728525016456842 -0.0203891009092331 0.0550573956221342 0.100732156261802 0.15244687050581 0.232205678522587 0.302663806080818 0.355121183395386 0.395277944207191 0.411520731449127 0.417884799838066 0.417267370223999 0.406130662560463 0.393010559678078 0.366399112343788 0.334853699803352 0.303842326998711 0.282793444395065 0.291905492544174 0.296590067446232 0.299606981873512 0.307847085595131 0.312502543628216 0.322452501952648 0.327446641027927 0.333749176561832 0.324498006701469 0.272678868472576 0.214726606011391 0.157430902123451 0.111038001906127 0.0800602205097675 0.0655742833390832 0.0703275864478201 0.0878532759845257 0.112202316522598 0.139766699820757 0.181415320932865 0.249120044708252 0.322729563713074 0.389405155181885 0.427142196893692 0.430979207158089
-9999 -9999 -9999 -9999 -9999 0.0632588028907776 -0.0962848410010338 -0.216914087533951 -0.16982337012887 0.0274346522637643 0.154256425797939 0.11312123965472 -0.042310673231259 -0.0391029949299991 0.0544943325221539 0.176231233775616 0.193345558643341 0.226937866210938 0.27687212228775 0.364979118108749 0.414181745052338 0.448294666409493 0.438766750693321 0.435689720511436 0.441681528091431 0.418507063388824 0.395953786373138 0.356423106789589 0.32341348528862 0.305747041106224 0.280083566904068 0.274356251955032 0.276140737533569 0.283381588757038 0.301515634357929 0.31644172668457 0.336159352958202 0.349543222784996 0.356181037425995 0.332650040090084 0.252827800810337 0.191293549537659 0.132756368070841 0.0908434867858887 0.0654253002256155 0.0476469783112407 0.0591955339536071 0.0704369105398655 0.0885450214147568 0.108366354554892 0.131635853648186 0.192849284410477 0.250058022141457 0.301903375983238 0.334425941109657 0.3323022544384
-9999 -9999 -9999 -9999 -9999 0.0221844285726547 -0.156362521648407 -0.226272839307785 -0.0834923246409744 0.0880415946245194 0.174412207305431 0.149481556937098 0.0835122510790825 0.102213575318456 0.179480520635843 0.266590535640717 0.258573800325394 0.296524697542191 0.352971261739731 0.425404572486877 0.479525882005692 0.493446320295334 0.480794823169708 0.463796120882034 0.437139970064163 0.40424587726593 0.371234679222107 0.337638136744499 0.305632394552231 0.283130747079849 0.265824720263481 0.261927980184555 0.265607032179832 0.271189558506012 0.286593136191368 0.303490787744522 0.314656314253807 0.319374117255211 0.317729860544205 0.300852286815643 0.231259278953075 0.166304796934128 0.115324095636606 0.0794316083192825 0.056122374907136 0.0457162875682116 0.0481515415012836 0.0573632005602121 0.0709279738366604 0.0823054485023022 0.101106242835522 0.13518698066473 0.172702251374722 0.20129226744175 0.215068858861923 0.215874949097633
-9999 -9999 -9999 -9999 -9999 -9999 -0.151501542329788 -0.18283579647541 0.00818523317575455 0.108836638182402 0.187225432693958 0.165519491583109 0.155339320003986 0.18110609613359 0.213406554609537 0.321298095583916 0.282833260297775 0.352339023351669 0.414838343858719 0.463593626022339 0.516297805309296 0.499389106035233 0.492202287912369 0.459874206781387 0.414482986927032 0.381761831045151 0.343366247415543 0.321175420284271 0.293129402399063 0.269199293851852 0.253780815005302 0.244902673363686 0.247020956873894 0.245570573210716 0.249029156565666 0.255620977282524 0.255438160896301 0.255787646770477 0.251543688774109 0.243728336691856 0.200422723591328 0.145040096342564 0.100978913903236 0.0716329626739025 0.0506805948913097 0.0407181356102228 0.0424500226974487 0.0471645444631577 0.0554477974772453 0.0614650368690491 0.0681389078497887 0.085648849606514 0.100798663496971 0.106430159509182 0.102548108994961 0.101961314678192
-9999 -9999 -9999 -9999 -9999 -9999 -0.0522833071649075 -0.148567667091265 0.0209821617230773 0.131228479743004 0.177319847047329 0.15218368023634 0.0803679114207625 0.054091190546751 0.0917124969884753 0.148411815986037 0.246513125300407 0.372342804074287 0.441610193252563 0.464916771650314 0.464036899805069 0.475840669870377 0.484783798456192 0.457577103376389 0.403386217355728 0.353102558851242 0.334480375051498 0.320532006025314 0.299884849786758 0.279776719212532 0.261759576201439 0.256764832139015 0.254314517974853 0.247655141353607 0.240930938720703 0.231327763199806 0.226255285739899 0.218813931941986 0.20966215133667 0.202090173959732 0.187875530123711 0.145274087786674 0.109672202169895 0.0832512140274048 0.0636873319745064 0.0532184854149818 0.0508067153394222 0.0524699471890926 0.0591756887733936 0.0653511762619019 0.0700621873140335 0.0675609596073627 0.0586932387202978 0.052868290618062 0.0450465368106961 0.0371102256234735
-9999 -9999 -9999 -9999 -9999 -9999 0.121049806475639 -0.108988759433851 -0.0753780946135521 0.0783558018505573 0.140917493402958 0.126068256795406 0.0355418753810227 -0.00263187997043133 0.0129196772351861 0.0487519388552755 0.167746322602034 0.339513844251633 0.41378361582756 0.427921837568283 0.414194107055664 0.432044476270676 0.458670461177826 0.434679013490677 0.374728333950043 0.331998753547668 0.314774715900421 0.306208902597427 0.290586793422699 0.280722582340241 0.274583718180656 0.27195451259613 0.270057260990143 0.26353874206543 0.251545116305351 0.236119568347931 0.221440425515175 0.210076463222504 0.194597589969635 0.17439826130867 0.167115443944931 0.141577872633934 0.119317610561848 0.0987315401434898 0.0750859312713146 0.0682488098740578 0.0597346771508455 0.0612642649561167 0.0625715404748917 0.0593509737402201 0.068033879250288 0.0453356373123825 0.0296694664284587 0.0146106714382768 -0.00380085110664368 -0.00445441920310259
-9999 -9999 -9999 -9999 -9999 -9999 -9999 -9999 -0.093444150686264 -0.0487829457968473 0.0983536906540394 0.0940559405833483 0.0277587862685323 0.00214992742985487 0.00248397747054696 0.0493210160173476 0.138807340152562 0.257456537336111 0.348786315321922 0.401756846904755 0.391368466615677 0.413810741901398 0.440151679515839 0.414566856622696 0.359595620632172 0.313457265496254 0.29725886285305 0.278423550724983 0.262340554594994 0.261403304338455 0.266403120756149 0.267092597484589 0.26448772251606 0.265358749032021 0.264947965741158 0.257190790772438 0.244416245818138 0.228743967413902 0.210722643136978 0.192459455132484 0.172865751385689 0.159497064352036 0.144339475035667 0.125050032138824 0.106381022930145 0.0924127653241158 0.0837636314332485 0.0767155483365059 0.0738638631999493 0.0699821829795837 0.0601146705448627 0.0424919575452805 0.0168666657991707 -0.000602358859032393 -0.0150237414985895 -0.0237346551381052
-9999 -9999 -9999 -9999 -9999 -9999 -9999 -9999 0.148276443779469 -0.123209200240672 0.0333736728876829 0.0489182945340872 0.0230779260396957 0.0112443333491683 0.010649162530899 0.0562971316277981 0.164234262146056 0.273715531080961 0.339899277687073 0.386693713068962 0.378836622834206 0.390651619434357 0.392863565683365 0.358208608627319 0.323371475934982 0.28606122136116 0.264942771196365 0.240190291404724 0.219208493828773 0.21901428103447 0.226807954907417 0.227770313620567 0.21906566619873 0.226850375533104 0.2454480022192 0.253973931074142 0.251374146342278 0.238909927010536 0.226953774690628 0.211304888129234 0.193705180287361 0.176207327842712 0.162230989336967 0.147680738568306 0.125767563283443 0.11318845897913 0.0974264070391655 0.0841829411685467 0.0712735429406166 0.0522594092413783 0.0430274868384004 0.0230292115360498 0.0058742648921907 -0.0106191325932741 -0.027197278663516 -0.0313233548775315
