meets/meet004/_saidas_enm/ensemble_aver_Aralia_warmingiana_CCSM_6k_Maxent.asc
NCOLS 154 
NROWS 168 
XLLCORNER -112 
YLLCORNER -55.5 
CELLSIZE 0.5 
NODATA_value -9999 
[rows 50 to 74 of 168, columns 56 to 111 of 154]
-9999 -9999 -9999 -9999 -9999 -9999 -9999 -9999 -9999 -9999 -9999 -9999 -9999 0.00256369017879479 0.00242020839359611 0.00773768639191985 0.0268554521724582 0.0835418060421944 0.158625224232674 0.248461124300957 0.285678881406784 0.266275051236153 0.186528031527996 0.111954568326473 0.0962723597884178 0.0872987225651741 0.061778499931097 0.0421916998922825 0.0300052177160978 0.01859066253528 0.0128341515548527 0.0161758915521204 0.0204212766140699 0.0392457474023104 0.0946649096906185 0.1771504804492 0.220412790775299 0.239532846212387 0.229639865458012 0.230088564753532 0.215429753065109 0.215523923933506 0.197856129705906 0.138177297264338 0.0682671368122101 0.0226438142824918 0.0383334495127201 0.0386169575154781 0.0504089303314686 0.0973492667078972 0.106680842489004 0.202549627423286 0.249433845281601 0.238106599450111 0.217163063585758 0.212256093323231
-9999 -9999 -9999 -9999 -9999 -9999 -9999 -9999 -9999 -9999 -9999 -9999 -9999 0.0036885900888592 0.00582871539518237 0.0202134048566222 0.0554265320301056 0.121147380769253 0.194390466809273 0.258863633871078 0.270849776268005 0.255431243777275 0.200648772716522 0.145390450954437 0.11127792596817 0.0971127644181251 0.0735201187431812 0.0496163506060839 0.0337127050384879 0.0230793096125126 0.0177133773453534 0.0198899340815842 0.027569361589849 0.0492549881339073 0.103247884660959 0.181662613153458 0.237470376491547 0.257688868045807 0.252971649169922 0.236080124974251 0.227272129058838 0.21047410517931 0.161273497343063 0.104904186725616 0.0633307233452797 0.0419506713747978 0.044131126627326 0.0533112954348326 0.0737350564450026 0.126175851374865 0.19046766012907 0.266098117828369 0.284387761354446 0.26718108355999 0.231644690036774 0.219883535802364
-9999 -9999 -9999 -9999 -9999 -9999 -9999 -9999 -9999 -9999 -9999 0.0117946076206863 0.0063162833917886 0.00784113586414605 0.0167270656209439 0.0477593801915646 0.0919480875134468 0.161038656532764 0.218031567335129 0.236819109320641 0.243829116225243 0.217854818701744 0.175072145462036 0.13597936630249 0.099004241079092 0.0792792081832886 0.0513148974627256 0.0322314596734941 0.0229027061723173 0.0192800248041749 0.0170673585496843 0.0166991128586233 0.0225985639728606 0.0440636452287436 0.105197508633137 0.176683637499809 0.231328332424164 0.266184079647064 0.258510684967041 0.237077805399895 0.234151676297188 0.200877185165882 0.151163363456726 0.114337751269341 0.093114060908556 0.0887091152369976 0.0952642917633057 0.117306864261627 0.161684373021126 0.254482865333557 0.341827875375748 0.355393052101135 0.33764061331749 0.300388652086258 0.238018095493317 0.222043459117413
-9999 -9999 -9999 -9999 -9999 -9999 -9999 -9999 -9999 -9999 0.0211151642724872 0.0111732869874686 0.00992910258937627 0.0136943627148867 0.0260881501249969 0.0598602451384068 0.112090490013361 0.165680518746376 0.189421063661575 0.187673604488373 0.172525878250599 0.141820032894611 0.112078168988228 0.0894251175224781 0.0675150826573372 0.0466335762292147 0.0288512801751494 0.0233030990231782 0.0199524847790599 0.0183003767393529 0.0172690504230559 0.0173932390287518 0.0193941419944167 0.0413402859121561 0.096103460341692 0.171048802137375 0.223662981390953 0.258313390612602 0.263818249106407 0.247287693619728 0.227629154920578 0.183031484484673 0.148203802108765 0.133181536197662 0.133145079016685 0.15736641138792 0.18515573143959 0.2431222230196 0.313234168291092 0.384772974252701 0.419371205568314 0.383189296722412 0.350044846534729 0.297686818242073 0.233254534006119 0.218334721028805
-9999 -9999 -9999 -9999 -9999 -9999 -9999 -9999 -9999 -9999 0.0210425979457796 0.0191117283888161 0.0253340512514114 0.0343629142269492 0.0410862557590008 0.061662819236517 0.0973635293543339 0.129731244593859 0.129493031650782 0.1183489844203 0.105792937427759 0.0879398167133331 0.0709180645644665 0.0560795564204454 0.0401584767736495 0.031651418004185 0.0266330356709659 0.0216223153285682 0.0189740259665996 0.0183164130430669 0.0176276193466037 0.018885183474049 0.0200910248793662 0.0352894268929958 0.0841162443161011 0.157356958091259 0.202642247080803 0.242787507176399 0.257616880536079 0.263269099593163 0.253278973698616 0.198773688077927 0.169797697663307 0.164517712593079 0.187724515795708 0.249502763152122 0.289617988467216 0.373600453138351 0.434279447793961 0.430362486839294 0.405619466304779 0.352356868982315 0.306721621751785 0.259678086638451 0.206168437004089 0.20859307795763
-9999 -9999 -9999 -9999 -9999 -9999 -9999 -9999 0.0303775706328452 0.0427565960213542 0.0407730372622609 0.0499186895787716 0.0561892434954643 0.0715402889996767 0.0644938644021749 0.0522211205214262 0.0729128550738096 0.0916850324720144 0.0864462208002806 0.0748345348984003 0.0630629708990455 0.0532624861225486 0.0445287914946675 0.0364175661467016 0.0332986296154559 0.0302722627297044 0.0246994877234101 0.0210115341003984 0.0188253299798816 0.0182302419096231 0.0185460791457444 0.0194469555281103 0.0214753011707217 0.0300810393877327 0.0652463689446449 0.12194768935442 0.169273144006729 0.205247628688812 0.226055580377579 0.220220941305161 0.203404632210732 0.171821483969688 0.153221042454243 0.162503933906555 0.193295422196388 0.253657156229019 0.316317397356033 0.3697809278965 0.358677166700363 0.341154623031616 0.317087608575821 0.281893071532249 0.242613351345062 0.214288067817688 0.191644623875618 0.230936789512634
-9999 -9999 -9999 -9999 -9999 -9999 -9999 -9999 0.0466941203922033 0.0649809163063765 0.118154408782721 0.130608892440796 0.133332559466362 0.121048740297556 0.0922694742679596 0.0700925577431917 0.0608310435898602 0.0618826759979129 0.0480183155275881 0.0399439513683319 0.0371672254055738 0.0348905554972589 0.033812544727698 0.0320741782430559 0.029017987428233 0.0268783929757774 0.0232377961277962 0.0204738863743842 0.0191170357167721 0.019136569974944 0.0198411786463112 0.0209899577777833 0.0225288543850183 0.0254793543368578 0.0470304686576128 0.0795550875365734 0.107516856491566 0.13589938133955 0.144463151693344 0.137003874778748 0.130556815862656 0.116050082445145 0.112163904309273 0.120962601900101 0.142875520884991 0.189732810854912 0.231758594512939 0.248109668493271 0.22217130959034 0.206221336126328 0.198244848847389 0.179557508230209 0.170576424896717 0.169706311821938 0.168761989474297 0.235918411612511
-9999 -9999 -9999 -9999 -9999 -9999 -9999 0.0606384217739105 0.0588489418849349 0.110415975004435 0.223902276158333 0.214917141199112 0.247542071342468 0.214654168486595 0.141342763602734 0.0946009740233421 0.0810007838532329 0.0564530893228948 0.0342465927358717 0.0293968375772238 0.0282319069840014 0.0282858518417925 0.0268889273051173 0.0262700856663287 0.025507329357788 0.0232264706864953 0.0228122591972351 0.0222240575123578 0.0215229374822229 0.0216739025898278 0.0216227673925459 0.0221529768314213 0.0235888204071671 0.0256135256495327 0.0324985025450587 0.045924586057663 0.060734198987484 0.0683473855257034 0.074112581461668 0.0754034705460072 0.0737070821225643 0.0721832618117332 0.0715340279042721 0.0801959916949272 0.0971267357468605 0.122869063913822 0.134300543367863 0.122607214748859 0.10590603351593 0.0958280645310879 0.0919186621904373 0.0928465068340301 0.103884033858776 0.118479608744383 0.134486176073551 0.2253358066082
-9999 -9999 -9999 -9999 -9999 -9999 -9999 0.0630647450685501 0.0920094080269337 0.24808374941349 0.368436688184738 0.329004198312759 0.319517707824707 0.258646157383919 0.185818326473236 0.137570734322071 0.10828388184309 0.0727852569893002 0.0382728783413768 0.0294687401968986 0.0275670003611594 0.0267722987104207 0.0253814144525677 0.0249529470689595 0.0247161260806024 0.0234198709949851 0.024131004139781 0.024378607282415 0.0247182541061193 0.0254566328600049 0.0257492633070797 0.0264372617006302 0.0269230103120208 0.0268284271471202 0.0258236366789788 0.0307834378443658 0.0369692653417587 0.0404635842889547 0.0421920001506805 0.043056682497263 0.0425763230770826 0.0406776290386915 0.0416043944656849 0.0455975994467735 0.0516654368489981 0.0609857324510813 0.0571505401283503 0.0479565501213074 0.0396332858130336 0.0362934086471796 0.0382381932809949 0.0453337138518691 0.0570979557931423 0.071788165345788 0.09469178840518 0.181757187843323
-9999 -9999 -9999 -9999 -9999 -9999 0.0730759013444185 0.103553778678179 0.225282651185989 0.38273937702179 0.475624203681946 0.400059586763382 0.311360549926758 0.241554832458496 0.213903459906578 0.177279265224934 0.141365031898022 0.0928935009986162 0.0514611979946494 0.0402061147615314 0.0327719427645206 0.0296930628828704 0.0284418489784002 0.0280599976424128 0.0271025454625487 0.0264703498687595 0.0270281011238694 0.0280497984029353 0.028865734860301 0.0292766247875988 0.0297128519043326 0.0302318844944239 0.0310464102774858 0.0309438684023917 0.0299815814010799 0.0286610938608646 0.0304124150425196 0.032094089128077 0.0326141050085425 0.0314543269574642 0.0300716137513518 0.0274607736617327 0.0244824759662151 0.026015920098871 0.0334053240716457 0.0372435815632343 0.0361164424568415 0.035562807880342 0.0344485275447369 0.0342352535575628 0.0354796450585127 0.0420446317642927 0.0516216371208429 0.0694782450795174 0.0899200096726418 0.131360533833504
-9999 -9999 -9999 -9999 -9999 -9999 0.0938174791634083 0.183789297938347 0.319966876506805 0.473267149925232 0.548154556751251 0.457354760169983 0.336463046073914 0.278467929363251 0.244783574342728 0.222530807554722 0.168205368518829 0.108726942539215 0.0677581403404474 0.0564037550240755 0.0502526542171836 0.0464838037267327 0.044274820573628 0.0442501321434975 0.0432467544451356 0.0410813491791487 0.0418692653998733 0.0425444036722183 0.0435989351943135 0.0443823659792542 0.0437283702194691 0.0439222520217299 0.0428647352382541 0.0414146915078163 0.0394365288317204 0.0373114390298724 0.0348041010089219 0.0326588322408497 0.0320078798569739 0.0330683063715696 0.0339195432141423 0.0361084999516606 0.0385981867089868 0.0446620367467403 0.0472789857536554 0.0430937431752682 0.0411016546189785 0.038478721305728 0.0369169779121876 0.0377235848456621 0.0385643199086189 0.0443684760481119 0.0515328995883465 0.064117743819952 0.083561185747385 0.107933904975653
-9999 -9999 -9999 -9999 -9999 -9999 0.139681355655193 0.233741483092308 0.368842679262161 0.510413020849228 0.585129475593567 0.510427552461624 0.386925566196442 0.355683791637421 0.298112198710442 0.254448899626732 0.206444938480854 0.129953160881996 0.0862961608916521 0.0729451987892389 0.0662417057901621 0.0645441196858883 0.0637306738644838 0.0630008429288864 0.0594656206667423 0.056793549656868 0.0585508909076452 0.0626124013215303 0.0638611812144518 0.0627068337053061 0.0625005904585123 0.0610696714371443 0.0599235683679581 0.0578575868159533 0.054292256385088 0.0515801748260856 0.0513553246855736 0.0522498697042465 0.0529629301279783 0.056822207197547 0.0594811152666807 0.0588721472769976 0.0605113733559847 0.0592865452170372 0.0529326938092709 0.0467689111828804 0.043235744535923 0.0415943093597889 0.0404667656868696 0.040383867919445 0.0418788034468889 0.0465615805238485 0.0530700523406267 0.0653347048908472 0.0783647492527962 0.0957981035113335
-9999 -9999 -9999 -9999 -9999 -9999 -9999 0.295302084088325 0.406304860115051 0.548313271999359 0.598106002807617 0.545738554000854 0.444986212253571 0.425566178560257 0.38067632317543 0.325571483373642 0.261175638437271 0.162147438526154 0.110966891795397 0.0950589597225189 0.0863936610519886 0.0836900405585766 0.0838842168450356 0.083763449639082 0.0820906639099121 0.0802274562418461 0.0843394912779331 0.089734548330307 0.0944491140544415 0.0947110630571842 0.0924483999609947 0.0917106136679649 0.0884054861962795 0.0862434692680836 0.0845312401652336 0.0815570794045925 0.0828920252621174 0.0843985065817833 0.0868804045021534 0.087906613945961 0.0806887209415436 0.0765082910656929 0.0729281634092331 0.0720254741609097 0.0643150553107262 0.0561544060707092 0.0534526664763689 0.0503740806132555 0.049000059813261 0.0497554432600737 0.0508400831371546 0.0560734134167433 0.0615620523691177 0.0715106934309006 0.0837469436228275 0.096006865799427
-9999 -9999 -9999 -9999 -9999 -9999 -9999 -9999 0.429610568284988 0.575156092643738 0.630160915851593 0.575847887992859 0.482120931148529 0.474683076143265 0.442265123128891 0.380684691667557 0.300580716133118 0.180299627780914 0.130712194740772 0.115700547397137 0.107407696545124 0.104143033921719 0.10577055811882 0.107793679833412 0.106873541325331 0.107748518139124 0.114800255000591 0.124587967991829 0.133345580101013 0.132378995418549 0.131998664140701 0.129022198915482 0.127154421806335 0.125100049376488 0.12364259660244 0.125390572845936 0.121283020079136 0.117802262306213 0.109077873826027 0.0987811259925366 0.0893347851932049 0.0848584488034248 0.0821348018944263 0.0810956925153732 0.0728999063372612 0.0659846805036068 0.0615774147212505 0.059623159468174 0.0567231342196465 0.0553529355674982 0.0558111246675253 0.0613233894109726 0.0684526607394218 0.0803284615278244 0.090412799268961 0.100908545404673
-9999 -9999 -9999 -9999 -9999 -9999 0.269729551672935 0.372444748878479 0.50281937122345 0.579513490200043 0.616938316822052 0.579131269454956 0.493186277151108 0.487334543466568 0.484430861473084 0.432080668210983 0.309735983610153 0.199621461331844 0.151136513054371 0.138881759345531 0.135124659538269 0.132281175255775 0.131808668375015 0.134078198671341 0.141227719187737 0.148688721656799 0.159865987300873 0.171435989439487 0.182729679346085 0.187750841677189 0.186663264036179 0.185422615706921 0.181636601686478 0.178070220351219 0.17454519122839 0.168500696122646 0.160535617172718 0.1435581356287 0.128239166736603 0.116879580914974 0.106508634984493 0.102979752421379 0.100159334391356 0.0958673909306526 0.0809652701020241 0.0692262135446072 0.0635911643505096 0.0595807652920485 0.0571204703301191 0.0559409249573946 0.0562566135078669 0.0614880029112101 0.0692162349820137 0.081814356148243 0.0976720824837685 0.116530175507069
-9999 -9999 -9999 -9999 -9999 0.19220090508461 0.296189004182816 0.399690729379654 0.513472545146942 0.578599524497986 0.630994081497192 0.583030891418457 0.493525385856628 0.481449913978577 0.491770821809769 0.456322515010834 0.294720456004143 0.20774142742157 0.169031772017479 0.158763962984085 0.160960187017918 0.158893004059792 0.162090501189232 0.167113029956818 0.177527226507664 0.19547571092844 0.207140816748142 0.222039675712585 0.232680186629295 0.23808326125145 0.237501418590546 0.230666866898537 0.226421585679054 0.221170696616173 0.212133347988129 0.204955250024796 0.184115761518478 0.166267628967762 0.149815545976162 0.134151151776314 0.12011351287365 0.111309150606394 0.104184055328369 0.0954579085111618 0.0799603290855884 0.0670748837292194 0.06377824395895 0.0612737022340298 0.0593407921493053 0.0570792589336634 0.0562282118946314 0.0632901914417744 0.0712633557617664 0.0842693455517292 0.101724827289581 0.127551037073135
-9999 -9999 -9999 -9999 -9999 0.251890835165977 0.38451761007309 0.449491566419601 0.542920362949371 0.574178743362427 0.606003248691559 0.578689312934875 0.526423186063766 0.496904867887497 0.491364288330078 0.394938111305237 0.28929808139801 0.216618427634239 0.182833726704121 0.182698713243008 0.184987103939056 0.187848684191704 0.193881992995739 0.202767027914524 0.216650465130806 0.234872585535049 0.247525224089622 0.255045935511589 0.259473821520805 0.25920518040657 0.252909854054451 0.245623135566711 0.238663056492805 0.232714742422104 0.226686260104179 0.21616917848587 0.20052206069231 0.182138983905315 0.163081911206245 0.14376517534256 0.126501749455929 0.114392377436161 0.103581707924604 0.0950283169746399 0.0841468892991543 0.0732404209673405 0.0682993546128273 0.0653316989541054 0.0635673671960831 0.0624423995614052 0.0632953435182571 0.0684878036379814 0.07657650411129 0.0887194931507111 0.102807368338108 0.120027720928192
-9999 -9999 -9999 -9999 -9999 -9999 0.427870923280716 0.521346259117127 0.566807162761688 0.577918446063995 0.590213859081268 0.576842164993286 0.542609959840775 0.524795532226562 0.510822606086731 0.409008079767227 0.320459282398224 0.234121271967888 0.201358869671822 0.209968660771847 0.21177017390728 0.228330016136169 0.234515559673309 0.247726109623909 0.263302254676819 0.270254385471344 0.277962183952332 0.272769230604172 0.266517394781113 0.261668682098389 0.252235987782478 0.252426081895828 0.244949507713318 0.240096300840378 0.236605373024941 0.226085013151169 0.208343780040741 0.186780662834644 0.167477585375309 0.150767950713634 0.133291703462601 0.121031834185123 0.107483886182308 0.098853924870491 0.0934296332299709 0.0810662060976028 0.0765354178845882 0.0724027760326862 0.0703385978937149 0.0690839670598507 0.0701175726950169 0.0752725102007389 0.0824943825602531 0.0924385443329811 0.10189510434866 0.112660959362984
-9999 -9999 -9999 -9999 -9999 -9999 0.433834666013718 0.518444162607193 0.560172367095947 0.571773827075958 0.557386827468872 0.529003620147705 0.501518207788467 0.491957169771194 0.495080035924912 0.485280621051788 0.432378596067429 0.25289902985096 0.198382221162319 0.223705987632275 0.266977372765541 0.277583464980125 0.286861205101013 0.295912557840347 0.306524884700775 0.311408916115761 0.299032288789749 0.284600278735161 0.273213511705399 0.265495544672012 0.258519425988197 0.251580834388733 0.245591285824776 0.23883690237999 0.231856623291969 0.221274116635323 0.205241732299328 0.187289400398731 0.171457898616791 0.157902279496193 0.144077351689339 0.13148700594902 0.119665360450745 0.111458084732294 0.105997608602047 0.0969434723258018 0.0895741693675518 0.0840667977929115 0.0807345680892468 0.0777916356921196 0.077330669015646 0.0823805548250675 0.0887114726006985 0.096618415415287 0.102704790234566 0.108692419528961
-9999 -9999 -9999 -9999 -9999 -9999 0.398701113462448 0.465445554256439 0.52263023853302 0.550551927089691 0.540182709693909 0.4925821185112 0.437074887752533 0.433736735582352 0.437627440690994 0.444699215888977 0.473315048217773 0.267298516631126 0.188810677826405 0.241939823329449 0.324729216098785 0.341351133584976 0.330807748436928 0.335119381546974 0.342751714587212 0.343818834424019 0.322140339016914 0.299633494019508 0.284571805596352 0.275013825297356 0.26364968419075 0.254032406210899 0.243148517608643 0.235023817420006 0.228018856048584 0.217769780755043 0.206190700829029 0.189989145100117 0.177396366000175 0.16825588196516 0.156118816137314 0.146632227301598 0.135588051378727 0.128004960715771 0.123150151968002 0.115792988240719 0.107337418198586 0.0993861004710197 0.0943787105381489 0.0891192048788071 0.0863237172365189 0.0924296393990517 0.0980503588914871 0.104251116514206 0.107690738141537 0.109308665990829
-9999 -9999 -9999 -9999 -9999 -9999 -9999 -9999 0.454978007078171 0.516565304994583 0.544128227233887 0.479703807830811 0.394250053167343 0.384818506240845 0.40352093577385 0.442690134048462 0.499023312330246 0.264415389299393 0.158369817584753 0.241253891587257 0.374643862247467 0.380608505010605 0.344543662667274 0.339580380916595 0.346603816747665 0.349371808767319 0.331265413761139 0.310426768660545 0.294879207015038 0.281884571909904 0.266323700547218 0.251203712821007 0.236812855303287 0.226300698518753 0.220059661567211 0.21271518021822 0.203320369124413 0.193874423205853 0.184978052973747 0.176267854869366 0.168173396587372 0.160048748552799 0.15254485309124 0.146513351798058 0.141107478737831 0.136712916195393 0.126829323172569 0.118551962077618 0.112062840163708 0.104796662181616 0.101878944784403 0.105719846487045 0.11172844171524 0.118123097717762 0.121117058396339 0.122053579986095
-9999 -9999 -9999 -9999 -9999 -9999 -9999 -9999 0.429939913749695 0.493258583545685 0.539073061943054 0.460825026035309 0.348966014385223 0.350655221939087 0.382172030210495 0.434043717384338 0.532987833023071 0.284893101453781 0.157579192519188 0.271297711133957 0.418123215436935 0.402341496944428 0.346220946311951 0.329963940382004 0.344674935936928 0.351994499564171 0.336266350746155 0.313787552714348 0.298102089762688 0.288611969351768 0.273288768529892 0.254893654584885 0.235057953000069 0.223122474551201 0.21801181435585 0.210514542460442 0.205147172510624 0.198026759922504 0.192022781074047 0.186492757499218 0.180057071149349 0.176005570590496 0.170307056605816 0.165497075021267 0.161178424954414 0.156038355827332 0.149153177440166 0.140105853974819 0.13268625587225 0.123219510912895 0.118811139464378 0.12214519828558 0.127728615701199 0.136222350597382 0.142409799993038 0.146527501940727
-9999 -9999 -9999 -9999 -9999 -9999 -9999 -9999 -9999 0.494513130187988 0.518883383274078 0.419958007335663 0.313549280166626 0.313568651676178 0.35877930521965 0.429347985982895 0.548352682590485 0.401352488994598 0.199352268129587 0.296870949864388 0.434679669141769 0.407138860225677 0.342346742749214 0.323020523786545 0.338549742102623 0.350801458954811 0.338151037693024 0.317125400900841 0.300192853808403 0.290137758851051 0.277078095078468 0.255588531494141 0.235282015800476 0.22361152023077 0.217757700383663 0.211271323263645 0.206015717983246 0.200649496912956 0.197292275726795 0.194086968898773 0.191513410210609 0.189046341180801 0.186511559784412 0.184015741944313 0.180043371021748 0.174903085827827 0.167851181328297 0.159478342533112 0.152005659043789 0.143373215198517 0.13690724670887 0.13656639456749 0.141387556493282 0.152133138477802 0.170152515172958 0.19087907075882
-9999 -9999 -9999 -9999 -9999 -9999 -9999 -9999 -9999 -9999 0.484755903482437 0.385053956508636 0.29020259976387 0.299579614400864 0.347097963094711 0.427073311805725 0.560034680366516 0.574931180477142 0.293199586868286 0.358793321251869 0.450578737258911 0.412407648563385 0.346438923478127 0.324793636798859 0.342637428641319 0.351223939657211 0.338317242264748 0.318776041269302 0.302288463711739 0.29240485727787 0.277554348111153 0.255646991729736 0.233836238086224 0.222113798558712 0.218749777972698 0.215585674345493 0.211179640889168 0.205800338089466 0.203321902453899 0.202860614657402 0.2025670170784 0.203195370733738 0.202396038174629 0.201625461876392 0.199274785816669 0.194885987043381 0.187806764245033 0.176778563857079 0.167749859392643 0.15628402531147 0.148267252743244 0.146694321930408 0.148740167915821 0.165146526694298 0.191977918148041 0.215071216225624
-9999 -9999 -9999 -9999 -9999 -9999 -9999 -9999 -9999 -9999 -9999 0.361677193641663 0.292109173536301 0.298308473825455 0.329957747459412 0.392103332281113 0.529902112483978 0.629809975624084 0.442203837633133 0.449677807092667 0.460342979431152 0.413744938373566 0.364677339792252 0.336757406592369 0.348793640732765 0.350394552946091 0.3381427526474 0.320384496450424 0.303034791350365 0.292218139767647 0.27514616549015 0.254917262494564 0.235757628083229 0.223714356124401 0.22003792822361 0.215565052628517 0.214109815657139 0.209429311752319 0.210405507683754 0.213328641653061 0.214146757125854 0.218966150283813 0.22040214240551 0.222049748897552 0.221412241458893 0.21625944674015 0.211180546879768 0.200643086433411 0.189450663328171 0.175829900801182 0.164910374581814 0.162816235423088 0.165472434461117 0.178094851970673 0.197742477059364 0.206758666038513
