meets/meet004/_saidas_enm/ensemble_aver_Cavanillesia_umbellata_CCSM_21k_Maxent.asc
NCOLS 154 
NROWS 168 
XLLCORNER -112 
YLLCORNER -55.5 
CELLSIZE 0.5 
NODATA_value -9999 
[rows 75 to 99 of 168, columns 56 to 111 of 154]
-9999 -9999 -9999 -9999 -9999 -9999 -9999 -9999 -9999 -9999 -9999 0.0792200192809105 0.151579703390598 0.168819892406464 0.188954098522663 0.224662625789642 0.250294873118401 0.295880469679832 0.275631803274155 0.271326413750648 0.2813356757164 0.300237584114075 0.260758975148201 0.269127514958382 0.309130376577377 0.375209802389145 0.404053896665573 0.402977859973907 0.407839184999466 0.410600274801254 0.408718413114548 0.409422791004181 0.404294764995575 0.39964993596077 0.391356772184372 0.381586182117462 0.381570428609848 0.379262870550156 0.382958555221558 0.388504302501678 0.391220283508301 0.400793713331223 0.405922842025757 0.412091195583344 0.408938866853714 0.402438145875931 0.391772907972336 0.378384649753571 0.354649430513382 0.327394944429398 0.300390666723251 0.275571390986443 0.255230969190598 0.236967375874519 0.222842186689377 0.217103895545006
-9999 -9999 -9999 -9999 -9999 -9999 -9999 -9999 -9999 -9999 -9999 0.0882596880197525 0.176810510456562 0.186946102976799 0.19776725769043 0.242845615744591 0.25116882622242 0.293359929323196 0.324391412734985 0.283017033338547 0.192124460637569 0.279437842965126 0.291856172680855 0.257288545370102 0.269993743300438 0.307069563865662 0.348431500792503 0.361723193526268 0.383091342449188 0.383874714374542 0.382463672757149 0.403198993206024 0.401099020242691 0.396351224184036 0.383082717657089 0.372785568237305 0.367918628454208 0.36416072845459 0.364371728897095 0.361728882789612 0.364635407924652 0.377508348226547 0.384054565429688 0.388020467758179 0.386139756441116 0.371380931138992 0.359542632102966 0.344367891550064 0.324684572219849 0.303596180677414 0.283919262886047 0.262288442254066 0.240426528453827 0.229644891619682 0.234611502289772 0.244478449225426
-9999 -9999 -9999 -9999 -9999 -9999 -9999 -9999 -9999 -9999 -9999 -9999 0.165799453854561 0.183164425194263 0.220133170485497 0.23025780916214 0.251885551214218 0.275533163547516 0.291966935992241 0.31124774813652 0.303216779232025 0.294158273935318 0.285804161429405 0.27585109770298 0.254746833443642 0.262603214383125 0.272614023089409 0.341654941439629 0.352946019172668 0.366272994875908 0.381728860735893 0.386857205629349 0.383806100487709 0.379299700260162 0.36765279173851 0.353961271047592 0.34400886297226 0.336243614554405 0.333337870240211 0.348700261116028 0.35030210018158 0.365042018890381 0.375295770168304 0.374619311094284 0.360776561498642 0.340577846765518 0.324594873189926 0.308472323417664 0.292524474859238 0.278507533669472 0.262767142057419 0.243687283992767 0.235732859373093 0.235544469952583 0.242648613452911 0.251763659715652
-9999 -9999 -9999 -9999 -9999 -9999 -9999 -9999 -9999 -9999 -9999 -9999 0.0930840998888016 0.191968379914761 0.210253539681435 0.210901778936386 0.212171104550362 0.21631036400795 0.241448330879211 0.259385946393013 0.307090505957603 0.296438339352608 0.295820632576942 0.296547067165375 0.256814852356911 0.238245779275894 0.256175890564919 0.295416098833084 0.339832973480225 0.351170215010643 0.290865448117256 0.328185328841209 0.35408787727356 0.348514074087143 0.308464911580086 0.299804103374481 0.282969754934311 0.270172035694122 0.264779570698738 0.259973040223122 0.322139728069305 0.355126523971558 0.372700077295303 0.370001703500748 0.344528472423553 0.316163420677185 0.295173418521881 0.275829407572746 0.260440793633461 0.250721156597137 0.244396868348122 0.220369300246239 0.19475978910923 0.197808983922005 0.202874720096588 0.228563305735588
-9999 -9999 -9999 -9999 -9999 -9999 -9999 -9999 -9999 -9999 -9999 -9999 -9999 0.0923413291573525 0.205603381991386 0.18783146739006 0.181407786905766 0.173376064002514 0.190295146405697 0.190003667771816 0.221253803372383 0.265184131264687 0.31463366150856 0.308946353197098 0.31086003780365 0.235546693205833 0.269017279148102 0.270151871442795 0.256653225421905 0.26477442085743 0.27474592924118 0.285158303380013 0.291583317518234 0.298043552041054 0.31976004242897 0.301906937360764 0.292408177256584 0.275600001215935 0.264511480927467 0.253200429677963 0.250258314609528 0.321044430136681 0.354914325475693 0.352671849727631 0.332736706733704 0.303292238712311 0.27333764731884 0.185155186057091 0.171574461460114 0.171834969520569 0.174406534433365 0.175670719146729 0.17406113743782 0.174344131350517 0.178224605321884 0.172643318772316
-9999 -9999 -9999 -9999 -9999 -9999 -9999 -9999 -9999 -9999 -9999 -9999 -9999 0.239102858304977 0.207584056258202 0.158690145611763 0.161639110743999 0.14251748919487 0.146210359036922 0.172067369520664 0.175378814339638 0.222296568751335 0.296758508682251 0.333441084623337 0.328564512729645 0.306876254081726 0.324687278270721 0.315323430299759 0.241357806324959 0.238655245304108 0.254300987720489 0.276172411441803 0.290548929572105 0.29952566921711 0.306953701376915 0.312180981040001 0.31634633243084 0.294538071751595 0.276090615987778 0.25186792910099 0.231891247630119 0.241829934716225 0.316578581929207 0.331504392623901 0.316194742918015 0.29834121465683 0.219413289427757 0.169668889045715 0.157740971446037 0.160399875044823 0.164376267790794 0.166231018304825 0.168607974052429 0.171756732463837 0.168830060958862 0.146751157939434
-9999 -9999 -9999 -9999 -9999 -9999 -9999 -9999 -9999 -9999 -9999 -9999 -9999 -9999 0.217442888021469 0.174130426347256 0.154669959843159 0.139337818324566 0.135897168517113 0.154152610898018 0.165817381814122 0.207717627286911 0.243344166874886 0.298891742527485 0.342818856239319 0.367550337314606 0.355583643913269 0.335690605640411 0.299142643809319 0.302033385634422 0.31564958691597 0.330971974134445 0.374779945611954 0.397149711847305 0.415015864372253 0.423763775825501 0.457610780000687 0.442281746864319 0.411804085969925 0.286409685015678 0.245095032453537 0.238221672177315 0.235055404901505 0.231995776295662 0.284614276885986 0.266335579752922 0.194234532117844 0.169630986452103 0.158032688498497 0.158648031949997 0.159289681911469 0.163163673877716 0.163459387421608 0.162900748848915 0.150871434807777 0.136266623437405
-9999 -9999 -9999 -9999 -9999 -9999 -9999 -9999 -9999 -9999 -9999 -9999 -9999 -9999 0.231164196133614 0.181374600529671 0.148759566247463 0.136739256978035 0.143924482166767 0.143279987573624 0.164357258379459 0.181521477922797 0.211880318075418 0.225619269162416 0.248191449791193 0.289241544902325 0.307726384699345 0.344265353679657 0.362892401218414 0.340487611293793 0.249338561296463 0.35265896320343 0.367052894830704 0.426430690288544 0.458336967229843 0.488340216875076 0.532525360584259 0.53150178194046 0.49413155913353 0.426479703187942 0.267526417970657 0.25328157544136 0.227192404866219 0.214098182320595 0.215660965442657 0.208808872103691 0.193641152977943 0.17308506667614 0.163407951593399 0.165075477957726 0.15812346637249 0.163894191384315 0.159872305393219 0.14789617061615 0.138482442498207 0.135730540752411
-9999 -9999 -9999 -9999 -9999 -9999 -9999 -9999 -9999 -9999 -9999 -9999 -9999 -9999 -9999 0.109513694047928 0.149186904728413 0.139851839840412 0.12058464512229 0.127652090787888 0.143448026478291 0.148583702743053 0.165740062296391 0.185278548300266 0.209889112785459 0.231347605586052 0.252816437184811 0.24357983097434 0.270796044170856 0.330834066867828 0.362134790420532 0.357141071557999 0.266934323310852 0.395240241289139 0.441418147087097 0.455246895551682 0.472143793106079 0.488012373447418 0.545047837495804 0.520166623592377 0.475068718194962 0.391463321447372 0.237352502346039 0.203795370459557 0.202844834327698 0.204517894983292 0.196486914157867 0.186769178509712 0.182263725996017 0.186227267980576 0.186801838874817 0.185043236613274 0.166807043552399 0.149887344241142 0.138646620512009 0.12587856054306
-9999 -9999 -9999 -9999 -9999 -9999 -9999 -9999 -9999 -9999 -9999 -9999 -9999 -9999 -9999 0.356339132785797 0.0926915943622589 0.147971048951149 0.109716925024986 0.120093411207199 0.136402407288551 0.155743955075741 0.150663055106997 0.161588194966316 0.188095530495048 0.205554131045938 0.228941804170609 0.225253220647573 0.262886054813862 0.24245392754674 0.276903128623962 0.325850409269333 0.236473053693771 0.26650538444519 0.453729963302612 0.453536546230316 0.459193831682205 0.461131805181503 0.491865533590317 0.487359988689423 0.476664155721664 0.47615949511528 0.253978937864304 0.193638122081757 0.192362508177757 0.202193820476532 0.198637118935585 0.199267071485519 0.201784151792526 0.211986750364304 0.221577981114388 0.218919572234154 0.187670731544495 0.169960156083107 0.153431180119514 0.133791801333427
-9999 -9999 -9999 -9999 -9999 -9999 -9999 -9999 -9999 -9999 -9999 -9999 -9999 -9999 -9999 0.476907914876938 0.107090708613396 0.0796341523528099 0.0567053563892841 0.10565083026886 0.11122784614563 0.152420350909233 0.163843590021133 0.160375813394785 0.161239103600383 0.17722937092185 0.193101723864675 0.213330703228712 0.219234748929739 0.224563551694155 0.237384717166424 0.225876097381115 0.281603363156319 0.315208697319031 0.39554882645607 0.471939235925674 0.496942943334579 0.452478986978531 0.464630132913589 0.48930372595787 0.500923150777817 0.517348110675812 0.261622190475464 0.19224114716053 0.180062445998192 0.19010303914547 0.20110484957695 0.212016150355339 0.224489066004753 0.239567801356316 0.303914988040924 0.315500465035439 0.292895773053169 0.29021732211113 0.253878250718117 0.252654868364334
-9999 -9999 -9999 -9999 -9999 -9999 -9999 -9999 -9999 -9999 -9999 -9999 -9999 -9999 -9999 -9999 0.406761050224304 0.0859228722751141 0.0691275864839554 0.0558976911008358 0.0426605693995953 0.0862081773579121 0.110416994988918 0.134580270946026 0.134107353538275 0.132590795308352 0.159759307280183 0.157441364601254 0.159340900927782 0.174577474594116 0.200469876080751 0.220314241945744 0.218830744922161 0.298123559355736 0.339182472229004 0.391731494665146 0.414679551124573 0.476818114519119 0.451247054338455 0.482502645254135 0.491505891084671 0.468845099210739 0.231808945536613 0.180829447507858 0.17771792113781 0.190278440713882 0.217427065968513 0.239577022194862 0.320784175395966 0.366034436225891 0.373770481348038 0.398933613300324 0.386559551954269 0.367463564872742 0.342895257472992 0.329618269205093
-9999 -9999 -9999 -9999 -9999 -9999 -9999 -9999 -9999 -9999 -9999 -9999 -9999 -9999 -9999 -9999 -9999 0.382877749204636 0.103927801549435 0.0714571379125118 0.0416565328836441 0.0453554160892963 0.105912537872791 0.110127459466457 0.127419611811638 0.119572238624096 0.11492108926177 0.116154735535383 0.10626122020185 0.137701313942671 0.162233874201775 0.211266336590052 0.24641268402338 0.26958469003439 0.332379239797592 0.314969170093536 0.340316921472549 0.342480966448784 0.362468239665031 0.423232263326645 0.328280740976334 0.265849536657333 0.208824786543846 0.188174998760223 0.20043468773365 0.223675268888473 0.252417734265327 0.350004875659943 0.406642532348633 0.438457769155502 0.473812425136566 0.47070659995079 0.444551080465317 0.418869298696518 0.387890541553497 0.366993474960327
-9999 -9999 -9999 -9999 -9999 -9999 -9999 -9999 -9999 -9999 -9999 -9999 -9999 -9999 -9999 -9999 -9999 -9999 -9999 0.113850097358227 0.0759775135666132 0.0634309902787209 0.0595096096396446 0.0527899697422981 0.103265914320946 0.111410763859749 0.115797929465771 0.0970167681574821 0.0976642142981291 0.108122622966766 0.141388424113393 0.184636785835028 0.231362928450108 0.28234721571207 0.268141841888428 0.308404272794723 0.316010701656342 0.228975310921669 0.222350350022316 0.220271962881088 0.198159837722778 0.217221927642822 0.20861496925354 0.207888045907021 0.232612887024879 0.249953350424767 0.273257151246071 0.395817321538925 0.43908115029335 0.480921739339829 0.526777708530426 0.518230074644089 0.492377948760986 0.454941612482071 0.411628919839859 0.386538249254227
-9999 -9999 -9999 -9999 -9999 -9999 -9999 -9999 -9999 -9999 -9999 -9999 -9999 -9999 -9999 -9999 -9999 -9999 -9999 -9999 -9999 0.100939355790615 0.0655633188784122 0.053264082968235 0.0469714120030403 0.103136856853962 0.106729537248611 0.10649565756321 0.0959262173622847 0.0982667215168476 0.115487382560968 0.15813106149435 0.207176266610622 0.241106408834457 0.278368116915226 0.302015683054924 0.332357460260391 0.289877140522003 0.204649874567986 0.213650417327881 0.234972593188286 0.256633338332176 0.251569521427155 0.260080924630165 0.25855555832386 0.268661162257194 0.284122011065483 0.35697486102581 0.413132625818253 0.483513462543488 0.525819313526154 0.522950434684753 0.503838217258453 0.472754299640656 0.421746748685837 0.374036741256714
-9999 -9999 -9999 -9999 -9999 -9999 -9999 -9999 -9999 -9999 -9999 -9999 -9999 -9999 -9999 -9999 -9999 -9999 -9999 -9999 -9999 -9999 -9999 0.0977834090590477 0.0649255692958832 0.0503173381090164 0.0467055283486843 0.0820142671465874 0.0901020586490631 0.0844333954155445 0.0991284105926752 0.128976824134588 0.171423110365868 0.20050088390708 0.224081286787987 0.265923655033112 0.285190334916115 0.311609721183777 0.311189240217209 0.322736895084381 0.358436459302902 0.385125976800919 0.397117555141449 0.396032470464706 0.384464776515961 0.375724673271179 0.376095634698868 0.384894436597824 0.415810704231262 0.475051075220108 0.51689880490303 0.514476597309113 0.495221745967865 0.478342646360397 0.451445960998535 0.406802582740784
-9999 -9999 -9999 -9999 -9999 -9999 -9999 -9999 -9999 -9999 -9999 -9999 -9999 -9999 -9999 -9999 -9999 -9999 -9999 -9999 -9999 -9999 -9999 -9999 -9999 0.0755130469799042 0.0564153730869293 0.045307520031929 0.0624324258416891 0.0799848191440105 0.104482250660658 0.107603937014937 0.147666833922267 0.16236274689436 0.175354511290789 0.196207371354103 0.220778083056211 0.289110040664673 0.322476184368134 0.352206820249558 0.367469263076782 0.404694873094559 0.450143718719482 0.466966301202774 0.443654239177704 0.425608271360397 0.411347734928131 0.423902601003647 0.440149831771851 0.479786610603332 0.510672253370285 0.505537271499634 0.482269597053528 0.47247394323349 0.474214053153992 0.465738356113434
-9999 -9999 -9999 -9999 -9999 -9999 -9999 -9999 -9999 -9999 -9999 -9999 -9999 -9999 -9999 -9999 -9999 -9999 -9999 -9999 -9999 -9999 -9999 -9999 -9999 0.137714156508446 0.0707361549139023 0.0587157659232616 0.0425289176404476 0.0555307667702436 0.0663081116974354 0.0777982942759991 0.112192466855049 0.141755378246307 0.151302373036742 0.161012770608068 0.195194897800684 0.216570451110601 0.270696476101875 0.300786155462265 0.322071170806885 0.38657945394516 0.468230313062668 0.500768101215363 0.490380412340164 0.457264536619186 0.434732830524445 0.428738647699356 0.433307635784149 0.456098419427872 0.478830355405807 0.477481764554977 0.470593237876892 0.471553295850754 0.479973518848419 0.47516878247261
-9999 -9999 -9999 -9999 -9999 -9999 -9999 -9999 -9999 -9999 -9999 -9999 -9999 -9999 -9999 -9999 -9999 -9999 -9999 -9999 -9999 -9999 -9999 -9999 -9999 -9999 -9999 0.0700149200856686 0.0545205391943455 0.0150312257930636 0.0141654859296978 0.0239234356209636 0.0346322257071734 0.0860550493001938 0.121347612142563 0.113859389722347 0.172915817797184 0.201208265125751 0.221201074123383 0.24757297039032 0.252244389057159 0.345404344797134 0.459192550182343 0.510052478313446 0.497718292474747 0.469007688760757 0.45137043595314 0.418896299600601 0.406120210886002 0.423498404026032 0.429264831542969 0.452471977472305 0.463002371788025 0.47071784734726 0.485720801353455 0.472479236125946
-9999 -9999 -9999 -9999 -9999 -9999 -9999 -9999 -9999 -9999 -9999 -9999 -9999 -9999 -9999 -9999 -9999 -9999 -9999 -9999 -9999 -9999 -9999 -9999 -9999 -9999 -9999 0.101998750865459 0.0598622187972069 0.0161427311599255 0.0173219287768006 0.0188064275309443 0.0317151319235563 0.0644768912345171 0.0819178380072117 0.0874856524169445 0.117959615588188 0.148128944635391 0.19415437579155 0.210830941796303 0.214443555474281 0.284630680084229 0.395140022039413 0.473337388038635 0.494141507148743 0.482447463274002 0.470650953054428 0.436036366224289 0.415434867143631 0.407471704483032 0.41131763458252 0.440331721305847 0.436779403686523 0.450193846225739 0.478638929128647 0.456068331003189
-9999 -9999 -9999 -9999 -9999 -9999 -9999 -9999 -9999 -9999 -9999 -9999 -9999 -9999 -9999 -9999 -9999 -9999 -9999 -9999 -9999 -9999 -9999 -9999 -9999 -9999 -9999 -9999 0.0761954382061958 0.0234877444803715 0.0316715572029352 0.0286321226507425 0.0588142950087786 0.07227428779006 0.0764395974576473 0.0830379717051983 0.100424487888813 0.121510660648346 0.15106915384531 0.175965595245361 0.185509645938873 0.16645739376545 0.215043368935585 0.286221581697464 0.437797373533249 0.496246880292892 0.484551566839218 0.459981447458267 0.441460341215134 0.417658996582031 0.408734524250031 0.440579760074615 0.411428511142731 0.44575811624527 0.460910695791244 0.431958317756653
-9999 -9999 -9999 -9999 -9999 -9999 -9999 -9999 -9999 -9999 -9999 -9999 -9999 -9999 -9999 -9999 -9999 -9999 -9999 -9999 -9999 -9999 -9999 -9999 -9999 -9999 -9999 -9999 0.0920979991555214 0.0277518410235643 0.0429955247789621 0.056701709702611 0.0688496448099613 0.0744388103485107 0.0762364827096462 0.0782294303178787 0.0912511423230171 0.103793147206306 0.121817260980606 0.144845226407051 0.103467230498791 0.124867747724056 0.161943873763084 0.212367457151413 0.258972012996674 0.38812375664711 0.447663998603821 0.488168948888779 0.487801212072372 0.436928868293762 0.412572294473648 0.441252088546753 0.44569131731987 0.467007851600647 0.439004278182983 0.384844279289246
-9999 -9999 -9999 -9999 -9999 -9999 -9999 -9999 -9999 -9999 -9999 -9999 -9999 -9999 -9999 -9999 -9999 -9999 -9999 -9999 -9999 -9999 -9999 -9999 -9999 -9999 -9999 -9999 0.0915305376052857 0.0317415878176689 0.0423026945441961 0.0655305348336697 0.0729475811123848 0.0781066991388798 0.0752283200621605 0.0728106260299683 0.0868095956742763 0.0877987675368786 0.0983731120824814 0.0806251734495163 0.0779012739658356 0.0991023480892181 0.12430704832077 0.157063618302345 0.17557660639286 0.189770889282227 0.285734143853188 0.492115020751953 0.511081397533417 0.454371404647827 0.385240250825882 0.442613005638123 0.479052603244781 0.461353772878647 0.420688688755035 0.355217111110687
-9999 -9999 -9999 -9999 -9999 -9999 -9999 -9999 -9999 -9999 -9999 -9999 -9999 -9999 -9999 -9999 -9999 -9999 -9999 -9999 -9999 -9999 -9999 -9999 -9999 -9999 -9999 -9999 0.108145655691624 0.048047611117363 0.063500140607357 0.0699431218206883 0.0718096736818552 0.0736889246851206 0.0720605902373791 0.0719361744821072 0.0762737512588501 0.0803264401853085 0.0902902618050575 0.0713909611105919 0.0682487308979034 0.081872383505106 0.106109718978405 0.129304145276546 0.136540704965591 0.148204900324345 0.210626205801964 0.32833476960659 0.438797199726105 0.456412065029144 0.456094884872437 0.463198673725128 0.469196748733521 0.441481882333756 0.38777871131897 0.327730506658554
-9999 -9999 -9999 -9999 -9999 -9999 -9999 -9999 -9999 -9999 -9999 -9999 -9999 -9999 -9999 -9999 -9999 -9999 -9999 -9999 -9999 -9999 -9999 -9999 -9999 -9999 -9999 -9999 0.120625106990337 0.0711837865412235 0.0955986768007278 0.0681995160877705 0.0693734258413315 0.0703143261373043 0.0686002947390079 0.0666423372924328 0.0780509270727634 0.0785303726792335 0.0855596274137497 0.0663672722876072 0.060494551807642 0.0775179505348206 0.103991101682186 0.127829284965992 0.128543518483639 0.129439778625965 0.172164806723595 0.232706537842751 0.322163838148117 0.445790761709213 0.483462417125702 0.4624396443367 0.440210086107254 0.402840346097946 0.349858415126801 0.301519727706909
