meets/meet004/_saidas_enm/ensemble_aver_Aralia_warmingiana_CCSM_0k_Maxent.asc
NCOLS 154 
NROWS 168 
XLLCORNER -112 
YLLCORNER -55.5 
CELLSIZE 0.5 
NODATA_value -9999 
[rows 75 to 99 of 168, columns 56 to 111 of 154]
-9999 -9999 -9999 -9999 -9999 -9999 -9999 -9999 -9999 -9999 -9999 0.175056894123554 0.158577078580856 0.177222749590874 0.199412915110588 0.230434024333954 0.310751312971115 0.463363665342331 0.492256599664688 0.415238887071609 0.375513511896133 0.342250388860703 0.337531325221062 0.335953593254089 0.359243482351303 0.371599087119103 0.36481841802597 0.356595033407211 0.346105742454529 0.338384690880775 0.327844482660294 0.307891431450844 0.287938655912876 0.276983644068241 0.276513580977917 0.276233634352684 0.273543173074722 0.270321781933308 0.272351148724556 0.278375244140625 0.284057971835136 0.291070947051048 0.295024490356445 0.299536380171776 0.30285978615284 0.298585939407349 0.288320049643517 0.270655098557472 0.252376565337181 0.231372618675232 0.215132376551628 0.210370969772339 0.208980473875999 0.21437261402607 0.225241214036942 0.234731727838516
-9999 -9999 -9999 -9999 -9999 -9999 -9999 -9999 -9999 -9999 -9999 0.193846066296101 0.193030515313148 0.195617121458054 0.197368273139 0.217491811513901 0.262919488549232 0.373847502470016 0.472930121421814 0.495099192857742 0.387053143978119 0.371921199560165 0.370016929507256 0.342717543244362 0.364634341001511 0.356327292323112 0.360019999742508 0.353270691633224 0.343138945102692 0.336048769950867 0.326254147291183 0.305687092244625 0.288056969642639 0.279490438103676 0.284822623431683 0.295730605721474 0.288216587901115 0.288737085461617 0.294036886096001 0.305609852075577 0.326730042695999 0.315950351953506 0.319928315281868 0.330761453509331 0.334003534913063 0.347642406821251 0.330421614646912 0.307117554545403 0.289454716444015 0.268265643715858 0.251674622297287 0.245105513930321 0.239028590917587 0.235362043976784 0.232824984192848 0.220293617248535
-9999 -9999 -9999 -9999 -9999 -9999 -9999 -9999 -9999 -9999 -9999 -9999 0.218029683828354 0.220873209834099 0.232221308350563 0.243384549021721 0.24513658285141 0.251876017451286 0.318994098901749 0.415307420492172 0.492903232574463 0.503116375207901 0.389910262823105 0.325960513949394 0.360692936182022 0.386936184763908 0.376826339960098 0.349161475896835 0.329386368393898 0.319794306159019 0.312009999155998 0.295724348723888 0.285926260054111 0.27857793867588 0.284094850718975 0.293337805569172 0.290551073849201 0.290328641235828 0.294364759325981 0.303612434864044 0.313346433639526 0.299462801218033 0.291350871324539 0.30119636952877 0.326075521111488 0.355640751123428 0.356438159942627 0.345536231994629 0.332912710309029 0.313244006037712 0.294352558255196 0.284623661637306 0.274865472316742 0.26399307847023 0.242217242717743 0.195250642299652
-9999 -9999 -9999 -9999 -9999 -9999 -9999 -9999 -9999 -9999 -9999 -9999 0.241830536723137 0.249134615063667 0.286351707577705 0.26576906144619 0.207721641659737 0.162700492143631 0.165690535306931 0.239880001544952 0.402793329954147 0.492379879951477 0.456785798072815 0.300138872861862 0.407083719968796 0.453877508640289 0.392886063456535 0.339722630381584 0.304812897741795 0.291864390671253 0.28462765365839 0.271969342231751 0.264026854932308 0.263272388279438 0.272809699177742 0.277963368594646 0.277166412770748 0.275039267539978 0.278537009656429 0.28547425121069 0.282285523414612 0.267523272335529 0.242286998033524 0.251440170407295 0.290804016590118 0.32685726583004 0.360326972603798 0.372027182579041 0.375754827260971 0.361753123998642 0.33732807636261 0.327609410881996 0.312808102369308 0.278318008780479 0.226233005523682 0.179626896977425
-9999 -9999 -9999 -9999 -9999 -9999 -9999 -9999 -9999 -9999 -9999 -9999 -9999 0.250325980782509 0.302185329794884 0.198974901437759 0.145278035104275 0.0994976744055748 0.0815809972584248 0.100873756408691 0.15765475332737 0.279506835341454 0.44702250957489 0.420008045434952 0.401796966791153 0.415459853410721 0.364833381772041 0.288812783360481 0.250337909162045 0.248437339067459 0.247751061618328 0.241631466150284 0.236834263801575 0.239558391273022 0.249806821346283 0.260856522619724 0.262774430215359 0.260535132884979 0.262107384204865 0.267883908748627 0.265614773333073 0.245713852345943 0.222777813673019 0.232334610819817 0.271138867735863 0.320165538787842 0.371382886171341 0.4066510617733 0.423272138834 0.416331058740616 0.396091330051422 0.373028963804245 0.310722059011459 0.257083767652512 0.20828475356102 0.168280780315399
-9999 -9999 -9999 -9999 -9999 -9999 -9999 -9999 -9999 -9999 -9999 -9999 -9999 0.281906735897064 0.314711010456085 0.13968018591404 0.118373037874699 0.0524172347038984 0.0438769716769457 0.0554332904517651 0.0630504675209522 0.0989579230546951 0.243121549487114 0.365754395723343 0.400043118000031 0.386461645364761 0.322802007198334 0.237097382545471 0.181115770339966 0.194137271493673 0.204089818149805 0.179834596067667 0.198632859438658 0.207136999815702 0.218299503624439 0.236023101210594 0.236687733232975 0.243316553533077 0.245310565829277 0.252080357074738 0.256125031411648 0.242608107626438 0.217048548161983 0.228678581118584 0.271043586730957 0.325257307291031 0.386743360757828 0.441653650999069 0.469744342565536 0.457855558395386 0.432067483663559 0.364261782169342 0.298130202293396 0.245983269810677 0.202635899186134 0.166534313559532
-9999 -9999 -9999 -9999 -9999 -9999 -9999 -9999 -9999 -9999 -9999 -9999 -9999 -9999 0.358716005086899 0.208820390701294 0.110941317677498 0.0468742582947016 0.0354636125266552 0.0362854108214378 0.0352066557854414 0.033076423406601 0.0385670557618141 0.0620495535433292 0.141415263712406 0.258900618553162 0.336977154016495 0.203835529088974 0.137035773694515 0.13622533082962 0.119043224677444 0.136617241799831 0.14326239079237 0.154886216297746 0.181503631174564 0.194737288355827 0.199236489832401 0.202852479368448 0.214691634476185 0.229286877810955 0.244811417162418 0.242160682380199 0.23927053809166 0.256784451007843 0.286455062031746 0.335683357715607 0.394882214069366 0.438319826126099 0.463970428705215 0.434193503856659 0.390371406078339 0.338926559686661 0.287301820516586 0.244579899311066 0.204575642943382 0.170638072490692
-9999 -9999 -9999 -9999 -9999 -9999 -9999 -9999 -9999 -9999 -9999 -9999 -9999 -9999 0.401732009649277 0.258755373954773 0.128258384764194 0.060249187797308 0.0380434203892946 0.0281535193324089 0.0213912626728415 0.0128458076156676 0.011760741379112 0.0135935304686427 0.0230196163058281 0.037824684381485 0.0876484431326389 0.21011578142643 0.174566951394081 0.181573423743248 0.0841123722493649 0.115581505000591 0.118418899923563 0.118308982253075 0.144069762527943 0.152290328219533 0.154475911706686 0.152256971597672 0.166153240203857 0.194491935521364 0.231607989966869 0.235041896998882 0.249384887516499 0.271525211632252 0.296210324764252 0.333936697244644 0.381540548801422 0.414143073558807 0.408984261751175 0.386381429433823 0.340833705663681 0.326636481285095 0.278867155313492 0.25307203233242 0.215368792414665 0.182742646336555
-9999 -9999 -9999 -9999 -9999 -9999 -9999 -9999 -9999 -9999 -9999 -9999 -9999 -9999 -9999 0.331901389360428 0.215988478064537 0.11802209764719 0.0628193058073521 0.0310013737529516 0.0162036837078631 0.00802047601900995 0.00558368426281959 0.0057128909160383 0.00683655815664679 0.00810390743426979 0.0121190483216196 0.017483894340694 0.0352842438966036 0.150930777192116 0.340388417243958 0.244239470362663 0.137500116974115 0.10059988964349 0.116788430511951 0.13096728771925 0.138403860479593 0.139544853940606 0.140956723317504 0.141578581929207 0.157146293669939 0.193554567545652 0.238144764304161 0.275455743074417 0.302690532803535 0.333098348975182 0.37230344414711 0.379434144496918 0.382463365793228 0.361690127849579 0.337579768896103 0.309283643960953 0.286683970689774 0.262485635280609 0.232969301939011 0.218461236357689
-9999 -9999 -9999 -9999 -9999 -9999 -9999 -9999 -9999 -9999 -9999 -9999 -9999 -9999 -9999 0.483938527107239 0.299192902445793 0.207056376338005 0.10875509083271 0.0456672985106707 0.0176736935973167 0.00913074379786849 0.00650441260077059 0.00407551941461861 0.00349545109784231 0.00186023367859889 0.00407234305166639 0.00509400534210727 0.00809452703688294 0.0252618355676532 0.167064040899277 0.348155874013901 0.206795500218868 0.107262074947357 0.110839638486505 0.126320847123861 0.130203927308321 0.132002764940262 0.133953337371349 0.131745010241866 0.128582133352757 0.144681792333722 0.219945879280567 0.265851864218712 0.309580504894257 0.334929007291794 0.366494262218475 0.361804234981537 0.363581436872482 0.342778933048248 0.317727333307266 0.295478689670563 0.276648861169815 0.251597675681114 0.224997925758362 0.227210542559624
-9999 -9999 -9999 -9999 -9999 -9999 -9999 -9999 -9999 -9999 -9999 -9999 -9999 -9999 -9999 0.317191079258919 0.316930305957794 0.256079602241516 0.16597448438406 0.0891187809407711 0.0428681638091803 0.022163744084537 0.0157122174277902 0.0110985396429896 0.00644026240333915 0.0047382392687723 0.00369322353508323 0.00330877400701866 0.00451964666135609 0.0112661167047918 0.0448831651359797 0.177233695983887 0.407314133644104 0.231437516212463 0.164302810281515 0.130365382134914 0.120284036174417 0.126116983219981 0.13017161861062 0.127696484327316 0.123447494208813 0.127799263969064 0.215566245466471 0.2539764508605 0.287558940052986 0.350214532017708 0.354095235466957 0.34524522125721 0.336018300056457 0.314958131313324 0.306456398963928 0.254696983098984 0.220399403572083 0.193667480349541 0.164467206597328 0.153861455619335
-9999 -9999 -9999 -9999 -9999 -9999 -9999 -9999 -9999 -9999 -9999 -9999 -9999 -9999 -9999 -9999 0.422999936342239 0.258100572228432 0.225853940844536 0.168609789013863 0.0430587783455849 0.0366679005324841 0.0265937654301524 0.0273878518491983 0.0198708295822144 0.0168538538739085 0.00701628644019365 0.00451030172407627 0.00446965959854424 0.00867974143475294 0.022225296869874 0.0649841584265232 0.263173490762711 0.432090526819229 0.316805729269981 0.201343593001366 0.155099781602621 0.124423383548856 0.130374798923731 0.128423288464546 0.122948618233204 0.138929006829858 0.240531365573406 0.251058056950569 0.288154768943787 0.34157275557518 0.325405329465866 0.294880557060242 0.266195628046989 0.236204841732979 0.2366868942976 0.176864279806614 0.142977763712406 0.122804524004459 0.101407895237207 0.0975573338568211
-9999 -9999 -9999 -9999 -9999 -9999 -9999 -9999 -9999 -9999 -9999 -9999 -9999 -9999 -9999 -9999 -9999 0.431503665447235 0.236256843805313 0.229453709721565 0.180476433038712 0.114957158267498 0.0659253790974617 0.0415958434343338 0.0326944924890995 0.0220908714458346 0.0140493075363338 0.010140176769346 0.0088524186052382 0.0101264229044318 0.0134592504240572 0.0294151064008474 0.0794241234660149 0.222061026096344 0.413727796077728 0.391922283172607 0.26198271214962 0.198417769372463 0.160890654474497 0.169441103190184 0.202438004314899 0.235070134699345 0.282670277357101 0.287685552239418 0.314164265990257 0.296134343743324 0.272274993360043 0.213809433579445 0.17456813454628 0.143084616214037 0.109748112410307 0.0940511599183083 0.0759162038564682 0.0682409718632698 0.0652945406734943 0.0659867785871029
-9999 -9999 -9999 -9999 -9999 -9999 -9999 -9999 -9999 -9999 -9999 -9999 -9999 -9999 -9999 -9999 -9999 -9999 -9999 0.176505645364523 0.207284907996654 0.175441475212574 0.111518879979849 0.0688832744956017 0.0475273843854666 0.0323214653879404 0.0240406045690179 0.0188710000365973 0.0149484170600772 0.0125478868372738 0.0112332755699754 0.0155127614736557 0.0290841776877642 0.0677434004843235 0.204157391190529 0.423618614673615 0.425501745939255 0.299952402710915 0.237367041409016 0.253076426684856 0.303172963857651 0.297540652751923 0.306898173689842 0.312443161010742 0.289960327744484 0.264391100406647 0.244928063452244 0.186198763549328 0.139835924655199 0.102201370149851 0.0696669444441795 0.0619409460574388 0.0515876803547144 0.0486891381442547 0.0507585426792502 0.0533747337758541
-9999 -9999 -9999 -9999 -9999 -9999 -9999 -9999 -9999 -9999 -9999 -9999 -9999 -9999 -9999 -9999 -9999 -9999 -9999 -9999 -9999 0.198385208845139 0.177356079220772 0.132539163529873 0.0789948984980583 0.0399566687643528 0.0320868492126465 0.0272272367030382 0.023621466755867 0.0165817255154252 0.0130697461776435 0.0123431184329093 0.0120426448993385 0.0219004366546869 0.0614747799932957 0.172632867097855 0.366554588079453 0.495176082849503 0.331373196840286 0.328723207116127 0.285793140530586 0.286135905981064 0.297674822807312 0.273736830055714 0.269579100608826 0.250519843399525 0.233503657579422 0.213535939157009 0.157745200395584 0.100501431524754 0.068969208933413 0.0581384964287281 0.0523253144696355 0.0498409856110811 0.0481755381450057 0.0546330220997333
-9999 -9999 -9999 -9999 -9999 -9999 -9999 -9999 -9999 -9999 -9999 -9999 -9999 -9999 -9999 -9999 -9999 -9999 -9999 -9999 -9999 -9999 -9999 0.20027774721384 0.154728978872299 0.0899721600115299 0.0583073239773512 0.0427798446267843 0.0355112176388502 0.0284276939928532 0.0215810175985098 0.0163172418251634 0.0117188551463187 0.0133224843069911 0.0240901179611683 0.0511325668543577 0.146047866344452 0.351834887266159 0.503810733556747 0.517773467302322 0.374697178602219 0.305201017856598 0.270694880187511 0.24687178581953 0.239157669246197 0.237730166316032 0.229440142214298 0.216465790569782 0.177631392329931 0.116713442653418 0.0784631785005331 0.0661313006654382 0.0590147158131003 0.0540997346863151 0.0508572248741984 0.0516547545790672
-9999 -9999 -9999 -9999 -9999 -9999 -9999 -9999 -9999 -9999 -9999 -9999 -9999 -9999 -9999 -9999 -9999 -9999 -9999 -9999 -9999 -9999 -9999 -9999 -9999 0.203578528761864 0.127353253960609 0.0778934203088284 0.0540083065629005 0.050643365085125 0.0486436568200588 0.0313926979899406 0.019555195979774 0.0171328719705343 0.0168973170220852 0.0171199036762118 0.0511131055653095 0.124887408316135 0.290759205818176 0.516919803619385 0.601351368427277 0.401108196377754 0.280497381091118 0.209896744042635 0.216342552751303 0.223614837229252 0.219014163315296 0.203745398670435 0.173514493554831 0.129055760428309 0.0908858332782984 0.0779210183769465 0.0702544501051307 0.0632858544588089 0.0531906938180327 0.0458096630871296
-9999 -9999 -9999 -9999 -9999 -9999 -9999 -9999 -9999 -9999 -9999 -9999 -9999 -9999 -9999 -9999 -9999 -9999 -9999 -9999 -9999 -9999 -9999 -9999 -9999 0.209261529147625 0.190940088033676 0.140236566960812 0.108416557312012 0.0797345109283924 0.0668530195951462 0.0561720043420792 0.0402489323168993 0.0309629295021296 0.0240890579298139 0.0218807552009821 0.0361140705645084 0.0668293967843056 0.162054587900639 0.372641688585281 0.595676600933075 0.575361680984497 0.319186061620712 0.196968717128038 0.195265640318394 0.22254169434309 0.225148169696331 0.213291221857071 0.182540659606457 0.141259058192372 0.112560915574431 0.0968640707433224 0.0860574845224619 0.076209893450141 0.0631421389058232 0.0516857644543052
-9999 -9999 -9999 -9999 -9999 -9999 -9999 -9999 -9999 -9999 -9999 -9999 -9999 -9999 -9999 -9999 -9999 -9999 -9999 -9999 -9999 -9999 -9999 -9999 -9999 -9999 -9999 0.192340289056301 0.176436486840248 0.0762513108551502 0.044943237863481 0.0399082522839308 0.0419674083590508 0.0608993843197823 0.0452506557106972 0.0381763197481632 0.0403033778071403 0.0519397333264351 0.111947047710419 0.28322833776474 0.519469976425171 0.648997700214386 0.355567234754562 0.164546966552734 0.18871131837368 0.228537680208683 0.221796125173569 0.228862820565701 0.202810253202915 0.149329352006316 0.117336051911116 0.112708283960819 0.105548405274749 0.0920583609491587 0.0715358916670084 0.0588616732507944
-9999 -9999 -9999 -9999 -9999 -9999 -9999 -9999 -9999 -9999 -9999 -9999 -9999 -9999 -9999 -9999 -9999 -9999 -9999 -9999 -9999 -9999 -9999 -9999 -9999 -9999 -9999 0.165576709806919 0.216305795311928 0.118035349994898 0.0721016570925713 0.0618572603911161 0.0605960194021463 0.078662297129631 0.076841813325882 0.064028425514698 0.053052045404911 0.0503480777144432 0.0896428510546684 0.222534245252609 0.450912702083588 0.644243371486664 0.485045039653778 0.216066512465477 0.183096072077751 0.197673799097538 0.19376128539443 0.197083977609873 0.176765894889832 0.145596461370587 0.121179923042655 0.116024803370237 0.11150698363781 0.105291314423084 0.08920569550246 0.0795354450121522
-9999 -9999 -9999 -9999 -9999 -9999 -9999 -9999 -9999 -9999 -9999 -9999 -9999 -9999 -9999 -9999 -9999 -9999 -9999 -9999 -9999 -9999 -9999 -9999 -9999 -9999 -9999 -9999 0.187743175029755 0.196661105751991 0.115599792450666 0.0987741902470589 0.154940785467625 0.128020483255386 0.113325817883015 0.104731519520283 0.0708059668540955 0.0517564944922924 0.0771708853542805 0.191682678461075 0.421504265069962 0.603386533260345 0.564493370056152 0.245946986973286 0.20060985609889 0.15174415782094 0.150114978849888 0.144463494420052 0.135151770338416 0.129496959969401 0.126297079771757 0.120004004612565 0.10629296861589 0.0981203366070986 0.0939626228064299 0.110122431069613
-9999 -9999 -9999 -9999 -9999 -9999 -9999 -9999 -9999 -9999 -9999 -9999 -9999 -9999 -9999 -9999 -9999 -9999 -9999 -9999 -9999 -9999 -9999 -9999 -9999 -9999 -9999 -9999 0.132374689728022 0.181042179465294 0.167579850554466 0.223575633764267 0.134314271807671 0.100859373807907 0.123875689506531 0.120211233198643 0.0787086449563503 0.0537583544850349 0.0704941339790821 0.173976826667786 0.384997379779816 0.587614548206329 0.625461828708649 0.298650813102722 0.216546220332384 0.191193244606256 0.137331245839596 0.119217372313142 0.118640120700002 0.128765153512359 0.126181108132005 0.120232221484184 0.107027623429894 0.0973930303007364 0.106651644036174 0.147700603306293
-9999 -9999 -9999 -9999 -9999 -9999 -9999 -9999 -9999 -9999 -9999 -9999 -9999 -9999 -9999 -9999 -9999 -9999 -9999 -9999 -9999 -9999 -9999 -9999 -9999 -9999 -9999 -9999 0.117266760021448 0.195350748300552 0.126941031217575 0.239168611168861 0.0947655156254768 0.0700927637517452 0.10524936914444 0.121776513755322 0.0764327511191368 0.0455207716673613 0.0594615139067173 0.157100036740303 0.315714231133461 0.519534909725189 0.599031901359558 0.300817197561264 0.22696471363306 0.192787759006023 0.152865784615278 0.119139464199543 0.112542253732681 0.127531012147665 0.128624524176121 0.119783279672265 0.106094343215227 0.0996366105973721 0.138624279201031 0.196432356536388
-9999 -9999 -9999 -9999 -9999 -9999 -9999 -9999 -9999 -9999 -9999 -9999 -9999 -9999 -9999 -9999 -9999 -9999 -9999 -9999 -9999 -9999 -9999 -9999 -9999 -9999 -9999 -9999 0.117160681635141 0.191122607886791 0.227474710345268 0.189144676923752 0.0936129242181778 0.0711396239697933 0.0959740698337555 0.0983862265944481 0.0610360510647297 0.0415189422667026 0.061403676867485 0.147823253273964 0.274025344848633 0.457715284824371 0.552497470378876 0.247763267159462 0.161792275309563 0.154216166585684 0.172384360432625 0.140566759556532 0.133270124346018 0.127046293765306 0.12217391692102 0.118405623361468 0.11697011962533 0.143210189789534 0.198254396021366 0.279076024889946
-9999 -9999 -9999 -9999 -9999 -9999 -9999 -9999 -9999 -9999 -9999 -9999 -9999 -9999 -9999 -9999 -9999 -9999 -9999 -9999 -9999 -9999 -9999 -9999 -9999 -9999 -9999 -9999 0.111715953797102 0.179408276081085 0.232290500402451 0.152902939915657 0.0929059848189354 0.074258753657341 0.0942689627408981 0.0782447382807732 0.0521294094622135 0.0387757606804371 0.0602878987789154 0.147840715944767 0.2433160379529 0.422421631217003 0.508511686325073 0.196289233863354 0.136876827478409 0.117678707838058 0.152976041287184 0.164545337483287 0.145569182559848 0.132907652854919 0.106775305792689 0.138874772563577 0.163907539099455 0.208947767317295 0.289469465613365 0.381008291244507
