meets/meet004/_saidas_enm/ensemble_aver_Cavanillesia_umbellata_CCSM_21k_Maha.asc
NCOLS 154 
NROWS 168 
XLLCORNER -112 
YLLCORNER -55.5 
CELLSIZE 0.5 
NODATA_value -9999 
[rows 100 to 124 of 168, columns 56 to 111 of 154]
-9999 -9999 -9999 -9999 -9999 -9999 -9999 -9999 -9999 -9999 -9999 -9999 -9999 -9999 -9999 -9999 -9999 -9999 -9999 -9999 -9999 -9999 -9999 -9999 -9999 -9999 -9999 -9999 -52.1688049316406 -35.1983558654785 -50.1153923034668 -86.6729141235352 -116.283102416992 -126.712223815918 -112.367933654785 -86.4955238342285 -59.9900459289551 -36.8711990356445 -17.5796691894531 -17.3313316345215 -26.5837493896484 -23.1813110351562 -17.2105623245239 -15.2553678512573 -16.0633670806885 -14.8513071060181 -9.7835410118103 -5.1611270904541 -3.08732442855835 -2.2808798789978 -1.67580089569092 -1.21148283481598 -1.23429336547852 -1.69036197662354 -2.12203433513641 -2.36258308887482
-9999 -9999 -9999 -9999 -9999 -9999 -9999 -9999 -9999 -9999 -9999 -9999 -9999 -9999 -9999 -9999 -9999 -9999 -9999 -9999 -9999 -9999 -9999 -9999 -9999 -9999 -9999 -9999 -51.9690132141113 -35.2585132598877 -57.828076171875 -90.3373588562012 -113.72845916748 -120.360554504395 -104.030085754395 -81.9840385437012 -54.178186416626 -31.5973602294922 -15.9790761947632 -18.9881757736206 -29.2258407592773 -25.154402923584 -19.348112487793 -17.6213815689087 -18.5184177398682 -17.7528305053711 -12.010001373291 -7.27295618057251 -5.00727553367615 -4.04072489738464 -3.21922698020935 -2.18093705177307 -1.87238376140594 -2.01245889663696 -2.57903966903687 -3.4749382019043
-9999 -9999 -9999 -9999 -9999 -9999 -9999 -9999 -9999 -9999 -9999 -9999 -9999 -9999 -9999 -9999 -9999 -9999 -9999 -9999 -9999 -9999 -9999 -9999 -9999 -9999 -9999 -71.0773597717285 -54.2059288024902 -36.0138694763184 -57.6803077697754 -90.6863067626953 -108.029916381836 -110.058665466309 -95.5249374389648 -72.5817710876465 -48.5290760040283 -26.391095161438 -14.5949468612671 -19.717261505127 -29.0301990509033 -27.1291172027588 -20.9367343902588 -19.3356796264648 -20.896524810791 -20.215447807312 -14.988377571106 -10.2196810722351 -7.52031955718994 -6.56433706283569 -5.64079656600952 -4.42309556007385 -3.3174313545227 -3.00403614044189 -3.37391505241394 -4.19013590812683
-9999 -9999 -9999 -9999 -9999 -9999 -9999 -9999 -9999 -9999 -9999 -9999 -9999 -9999 -9999 -9999 -9999 -9999 -9999 -9999 -9999 -9999 -9999 -9999 -9999 -9999 -9999 -73.0966842651367 -52.8066886901855 -35.4343608856201 -61.598380279541 -92.5981536865234 -106.281130981445 -105.313610839844 -89.0420845031738 -67.74482421875 -42.8647678375244 -21.7203456878662 -13.7727548599243 -22.3342571258545 -30.9924034118652 -28.7931259155273 -23.1332588195801 -21.9008045196533 -23.716100692749 -23.6543369293213 -18.8637613296509 -13.8922477722168 -11.0522668838501 -10.2310339927673 -9.17027816772461 -7.72309856414795 -6.35906867980957 -5.60148363113403 -5.45231828689575 -5.64538516998291
-9999 -9999 -9999 -9999 -9999 -9999 -9999 -9999 -9999 -9999 -9999 -9999 -9999 -9999 -9999 -9999 -9999 -9999 -9999 -9999 -9999 -9999 -9999 -9999 -9999 -9999 -9999 -69.4094573974609 -47.6669250488281 -38.6958698272705 -68.024112701416 -99.1184661865234 -110.636428833008 -104.766780090332 -85.842147064209 -62.949959564209 -38.5038440704346 -19.2658081054688 -15.8557210922241 -24.6848747253418 -31.438676071167 -31.3911331176758 -26.7789302825928 -25.6009311676025 -27.0824253082275 -27.4440456390381 -23.026851272583 -18.8013662338257 -15.6458190917969 -14.5438148498535 -14.0031154632568 -12.1426338195801 -10.9194507598877 -9.94052581787109 -9.08818578720093 -8.88268527984619
-9999 -9999 -9999 -9999 -9999 -9999 -9999 -9999 -9999 -9999 -9999 -9999 -9999 -9999 -9999 -9999 -9999 -9999 -9999 -9999 -9999 -9999 -9999 -9999 -9999 -9999 -9999 -63.0840591430664 -42.2584930419922 -43.0815757751465 -81.5812896728516 -111.692495727539 -119.967785644531 -110.22721862793 -86.4384826660156 -61.7019840240479 -35.172158241272 -18.5188032150269 -18.3745651245117 -27.3848571777344 -33.2164577484131 -33.4153171539307 -30.1441257476807 -28.4593372344971 -28.8661422729492 -28.9368049621582 -25.0980777740479 -22.3552021026611 -19.8887216567993 -18.89710521698 -18.474587059021 -16.811413192749 -15.8995296478271 -14.7722047805786 -13.4087350845337 -12.8563089370728
-9999 -9999 -9999 -9999 -9999 -9999 -9999 -9999 -9999 -9999 -9999 -9999 -9999 -9999 -9999 -9999 -9999 -9999 -9999 -9999 -9999 -9999 -9999 -9999 -9999 -9999 -9999 -52.843433380127 -38.5144142150879 -53.0722373962402 -100.468940734863 -129.349830627441 -133.723039245605 -117.93028717041 -88.8307350158691 -62.040308380127 -32.7898223876953 -17.7859764099121 -20.2031181335449 -28.2679656982422 -35.019506072998 -36.0262828826904 -32.7091270446777 -30.5516620635986 -29.6371826171875 -27.6546535491943 -26.3950393676758 -24.6736923217773 -22.7236217498779 -22.2865383148193 -21.1586555480957 -20.877388381958 -20.7299129486084 -19.2121639251709 -17.900394821167 -16.6322580337524
-9999 -9999 -9999 -9999 -9999 -9999 -9999 -9999 -9999 -9999 -9999 -9999 -9999 -9999 -9999 -9999 -9999 -9999 -9999 -9999 -9999 -9999 -9999 -9999 -9999 -9999 -9999 -42.252953338623 -37.7466678619385 -65.3209205627441 -117.725051879883 -145.995246887207 -144.502487182617 -122.683090209961 -90.2088272094727 -61.8962650299072 -31.2132095336914 -17.7448514938354 -22.1594745635986 -28.6461753845215 -37.1445411682129 -39.4397987365723 -36.8624320983887 -34.6273021697998 -33.0189655303955 -30.5929592132568 -29.6346714019775 -28.4553863525391 -27.0141464233398 -26.5187465667725 -25.9904594421387 -26.1434856414795 -26.1261878967285 -24.7711605072021 -22.6367862701416 -21.2697086334229
-9999 -9999 -9999 -9999 -9999 -9999 -9999 -9999 -9999 -9999 -9999 -9999 -9999 -9999 -9999 -9999 -9999 -9999 -9999 -9999 -9999 -9999 -9999 -9999 -9999 -9999 -9999 -34.4850696563721 -39.3258995056152 -77.4162216186523 -134.387431335449 -155.670529174805 -150.016098022461 -122.311053466797 -87.6053024291992 -61.4982082366943 -29.2506519317627 -17.4331314086914 -23.0138492584229 -30.4169479370117 -40.7641952514648 -43.5376235961914 -42.3677719116211 -40.4200485229492 -39.4222801208496 -38.1889465332031 -35.3852611541748 -34.7812469482422 -33.2323913574219 -32.9226779937744 -32.6663524627686 -32.2410621643066 -32.7268241882324 -30.825708770752 -28.3294765472412 -26.6128143310547
-9999 -9999 -9999 -9999 -9999 -9999 -9999 -9999 -9999 -9999 -9999 -9999 -9999 -9999 -9999 -9999 -9999 -9999 -9999 -9999 -9999 -9999 -9999 -9999 -9999 -9999 -9999 -32.5006511688232 -43.8122932434082 -83.5418579101563 -132.232553100586 -150.041619873047 -136.639292907715 -107.370860290527 -77.0763130187988 -52.5408115386963 -25.621063041687 -17.9770664215088 -23.7806835174561 -32.345804977417 -42.7446426391602 -46.886865234375 -46.2709297180176 -45.102677154541 -44.4322601318359 -43.88017578125 -42.2877922058105 -41.6018035888672 -40.0715408325195 -39.498991394043 -39.4925819396973 -39.0833847045898 -39.0587333679199 -36.9976100921631 -34.5069374084473 -32.7895404815674
-9999 -9999 -9999 -9999 -9999 -9999 -9999 -9999 -9999 -9999 -9999 -9999 -9999 -9999 -9999 -9999 -9999 -9999 -9999 -9999 -9999 -9999 -9999 -9999 -9999 -9999 -34.9099590301514 -33.0367317199707 -49.1139297485352 -87.6431838989258 -127.490400695801 -134.264533996582 -116.108831787109 -87.5130813598633 -61.7350364685059 -42.7205123901367 -22.5176595687866 -20.6959646224976 -26.4705318450928 -35.9732040405273 -46.8633720397949 -49.897176361084 -49.2116065979004 -48.539151763916 -48.826496887207 -48.0192642211914 -47.7004089355469 -48.1229621887207 -46.8195053100586 -46.5790809631348 -46.002507019043 -44.9193237304687 -45.2539764404297 -42.9438720703125 -40.8801727294922 -39.7219390869141
-9999 -9999 -9999 -9999 -9999 -9999 -9999 -9999 -9999 -9999 -9999 -9999 -9999 -9999 -9999 -9999 -9999 -9999 -9999 -9999 -9999 -9999 -9999 -9999 -9999 -9999 -32.0646251678467 -39.3416442871094 -61.6160675048828 -95.3232757568359 -118.909713745117 -117.341299438477 -94.5293350219727 -68.150749206543 -45.4678806304932 -28.8532070159912 -20.8605794906616 -27.3593376159668 -33.5129219055176 -42.4313667297363 -50.6720146179199 -54.2193778991699 -54.3843208312988 -54.1766067504883 -54.6400161743164 -54.7319442749023 -54.2498565673828 -54.0623832702637 -52.4903335571289 -52.075838470459 -51.9277168273926 -51.052791595459 -50.4824905395508 -48.3255424499512 -47.4841979980469 -46.7894424438477
-9999 -9999 -9999 -9999 -9999 -9999 -9999 -9999 -9999 -9999 -9999 -9999 -9999 -9999 -9999 -9999 -9999 -9999 -9999 -9999 -9999 -9999 -9999 -9999 -9999 -9999 -32.743334197998 -54.9046325683594 -85.3824661254883 -108.320417785645 -121.566571044922 -100.232196044922 -76.0219451904297 -53.7300758361816 -32.9224552154541 -23.2491897583008 -24.9224723815918 -36.5403327941895 -44.0993530273438 -50.1389862060547 -55.9609565734863 -57.6763076782227 -58.9136642456055 -59.1278610229492 -59.722843170166 -61.3274230957031 -59.2624794006348 -58.9565658569336 -57.854345703125 -58.1717834472656 -57.7326934814453 -56.7343307495117 -55.977547454834 -54.3384300231934 -54.5779556274414 -54.1148780822754
-9999 -9999 -9999 -9999 -9999 -9999 -9999 -9999 -9999 -9999 -9999 -9999 -9999 -9999 -9999 -9999 -9999 -9999 -9999 -9999 -9999 -9999 -9999 -9999 -9999 -9999 -39.4899055480957 -82.5702758789062 -116.734240722656 -122.115026855469 -109.609365844727 -82.6885833740234 -55.5227088928223 -38.2414608001709 -27.489868927002 -27.4608371734619 -35.5257656097412 -43.9331123352051 -52.029483795166 -56.1686965942383 -58.0820640563965 -59.9860450744629 -61.4749404907227 -61.4174186706543 -61.0259384155273 -60.8296394348145 -61.9077247619629 -63.7987663269043 -63.6031196594238 -64.1174774169922 -64.093244934082 -63.4868026733398 -62.8706642150879 -61.2638999938965 -61.5085823059082 -61.7307655334473
-9999 -9999 -9999 -9999 -9999 -9999 -9999 -9999 -9999 -9999 -9999 -9999 -9999 -9999 -9999 -9999 -9999 -9999 -9999 -9999 -9999 -9999 -9999 -9999 -9999 -20.4517860412598 -52.1608985900879 -119.398233032227 -152.651104736328 -129.534494018555 -101.616055297852 -68.9128311157227 -41.1846740722656 -29.1120357513428 -31.35383644104 -39.4676750183105 -44.5373161315918 -52.9446388244629 -59.3966857910156 -60.4485733032227 -59.472087097168 -62.1474472045898 -63.481364440918 -62.8449653625488 -61.8909568786621 -59.1994773864746 -62.9296760559082 -68.2280487060547 -69.995344543457 -71.6454559326172 -70.8847846984863 -69.8148674011231 -70.489631652832 -69.4399230957031 -69.9723442077637 -69.4300888061523
-9999 -9999 -9999 -9999 -9999 -9999 -9999 -9999 -9999 -9999 -9999 -9999 -9999 -9999 -9999 -9999 -9999 -9999 -9999 -9999 -9999 -9999 -9999 -9999 -9999 -28.2726245880127 -66.6388801574707 -127.565223693848 -154.378622436523 -133.657046508789 -94.1796951293945 -63.7272621154785 -41.6961555480957 -35.8668846130371 -44.10146484375 -51.044637298584 -54.7382827758789 -59.4423377990723 -63.6134780883789 -64.6569519042969 -64.0967025756836 -65.8263244628906 -66.7965530395508 -66.0155151367187 -64.1365440368652 -63.2361099243164 -67.5426193237305 -73.4526512145996 -75.6888671875 -77.2746871948242 -77.3007888793945 -77.6715148925781 -78.6152053833008 -77.4917663574219 -78.1030715942383 -78.7233505249023
-9999 -9999 -9999 -9999 -9999 -9999 -9999 -9999 -9999 -9999 -9999 -9999 -9999 -9999 -9999 -9999 -9999 -9999 -9999 -9999 -9999 -9999 -9999 -9999 -9999 -33.9828861236572 -76.9241165161133 -137.113114929199 -161.653363037109 -131.610934448242 -90.9092025756836 -64.9146186828613 -51.6492645263672 -50.2512969970703 -56.3158813476563 -63.4224128723145 -65.1108390808105 -67.2800979614258 -69.1337837219238 -69.1444602966309 -69.0454528808594 -70.1523017883301 -71.4837471008301 -71.2319473266602 -69.8482543945313 -67.6228523254395 -73.3069404602051 -80.1694519042969 -82.4962661743164 -83.9763717651367 -83.5149673461914 -84.4493270874023 -86.2806167602539 -85.9861450195312 -87.4040100097656 -87.6848937988281
-9999 -9999 -9999 -9999 -9999 -9999 -9999 -9999 -9999 -9999 -9999 -9999 -9999 -9999 -9999 -9999 -9999 -9999 -9999 -9999 -9999 -9999 -9999 -9999 -9999 -38.1270065307617 -82.3706604003906 -140.07978515625 -162.5548828125 -138.247064208984 -96.4966461181641 -73.1972145080566 -63.8922225952148 -61.2375228881836 -65.9434226989746 -71.4968406677246 -74.8478591918945 -77.6238708496094 -78.1362289428711 -75.542057800293 -73.594645690918 -75.1584190368652 -77.3626937866211 -78.3791564941406 -79.5619186401367 -80.8891632080078 -83.3419372558594 -86.2952270507812 -87.1268768310547 -89.3264450073242 -90.9079406738281 -92.0232360839844 -93.6655380249023 -93.0121215820313 -94.5763885498047 -96.0162887573242
-9999 -9999 -9999 -9999 -9999 -9999 -9999 -9999 -9999 -9999 -9999 -9999 -9999 -9999 -9999 -9999 -9999 -9999 -9999 -9999 -9999 -9999 -9999 -9999 -9999 -40.6602561950684 -86.3347686767578 -148.231243896484 -171.278015136719 -143.313999938965 -101.573527526855 -82.9567993164062 -72.3810844421387 -69.9556175231934 -73.6477294921875 -78.9914703369141 -82.6103652954102 -87.6221893310547 -88.3658782958984 -83.0267608642578 -79.7488204956055 -81.2419448852539 -84.7208374023437 -86.7993133544922 -89.9310073852539 -92.9808731079102 -91.6985153198242 -92.5236099243164 -92.6160232543945 -95.708869934082 -97.5262985229492 -98.1507095336914 -100.269676208496 -100.18515625 -102.401586914063 -103.084024047852
-9999 -9999 -9999 -9999 -9999 -9999 -9999 -9999 -9999 -9999 -9999 -9999 -9999 -9999 -9999 -9999 -9999 -9999 -9999 -9999 -9999 -9999 -9999 -9999 -9999 -44.8151992797852 -92.1091598510742 -152.798013305664 -176.206655883789 -150.9642578125 -110.316529846191 -90.9888168334961 -79.6697158813477 -77.3090927124023 -79.3543350219727 -82.8506378173828 -88.022688293457 -92.4163848876953 -93.5267715454102 -90.4369064331055 -87.6787261962891 -89.5378799438477 -94.4704315185547 -96.6714492797852 -97.6584457397461 -97.7989471435547 -98.4601852416992 -99.4723388671875 -98.7885986328125 -101.081665039062 -103.382788085938 -105.132495117188 -107.135237121582 -106.44193572998 -107.834944152832 -109.231829833984
-9999 -9999 -9999 -9999 -9999 -9999 -9999 -9999 -9999 -9999 -9999 -9999 -9999 -9999 -9999 -9999 -9999 -9999 -9999 -9999 -9999 -9999 -9999 -9999 -9999 -46.9957015991211 -96.9876663208008 -163.167736816406 -186.467575073242 -158.774807739258 -119.690312194824 -100.812890625 -87.8389450073242 -85.444645690918 -86.9258743286133 -89.3577133178711 -94.0821990966797 -98.2039505004883 -99.608561706543 -97.1866653442383 -94.9314468383789 -96.5793304443359 -102.211418151855 -103.456958007813 -102.871939086914 -101.83738861084 -102.109536743164 -104.160762023926 -104.23807220459 -107.278860473633 -108.423692321777 -109.603665161133 -112.198962402344 -112.232060241699 -114.119374084473 -114.369955444336
-9999 -9999 -9999 -9999 -9999 -9999 -9999 -9999 -9999 -9999 -9999 -9999 -9999 -9999 -9999 -9999 -9999 -9999 -9999 -9999 -9999 -9999 -9999 -9999 -9999 -49.5702659606934 -101.66051940918 -170.320239257812 -198.004470825195 -170.98786315918 -131.111633300781 -110.10641784668 -98.41630859375 -95.7893646240234 -97.4754547119141 -101.155921936035 -103.321472167969 -105.815936279297 -106.299137878418 -103.417904663086 -101.5482421875 -102.634001159668 -106.162487792969 -107.262059020996 -106.963346862793 -105.533625793457 -106.825018310547 -108.458604431152 -108.646771240234 -111.32325592041 -113.705149841309 -114.94197845459 -115.922660827637 -115.664627075195 -117.804330444336 -119.491816711426
-9999 -9999 -9999 -9999 -9999 -9999 -9999 -9999 -9999 -9999 -9999 -9999 -9999 -9999 -9999 -9999 -9999 -9999 -9999 -9999 -9999 -9999 -9999 -9999 -9999 -51.4322898864746 -104.990147399902 -176.236334228516 -207.623629760742 -180.820172119141 -144.326898193359 -122.434541320801 -108.932176208496 -105.757369995117 -107.048741149902 -110.073770141602 -110.364741516113 -111.71000213623 -111.311137390137 -106.79048614502 -105.124067687988 -105.372668457031 -109.11301574707 -109.988485717773 -110.006658935547 -109.120660400391 -109.943711853027 -112.467779541016 -112.84391784668 -115.720756530762 -117.101676940918 -117.567295837402 -119.956571960449 -123.157217407227 -125.787475585938 -128.816499328613
-9999 -9999 -9999 -9999 -9999 -9999 -9999 -9999 -9999 -9999 -9999 -9999 -9999 -9999 -9999 -9999 -9999 -9999 -9999 -9999 -9999 -9999 -9999 -9999 -9999 -52.3872550964355 -108.855133056641 -179.91252746582 -215.31594543457 -190.52121887207 -158.270471191406 -135.80636138916 -118.406042480469 -114.022679138184 -112.992721557617 -113.775643920898 -114.545816040039 -115.148999023437 -113.136869812012 -108.367878723145 -105.512818908691 -105.895715332031 -110.155513000488 -111.800468444824 -112.944470214844 -112.86400604248 -113.994773864746 -116.278742980957 -115.913609313965 -118.1396484375 -118.23784942627 -119.90499420166 -127.144873046875 -127.896374511719 -132.1833984375 -139.615159606934
-9999 -9999 -9999 -9999 -9999 -9999 -9999 -9999 -9999 -9999 -9999 -9999 -9999 -9999 -9999 -9999 -9999 -9999 -9999 -9999 -9999 -9999 -9999 -9999 -35.6260238647461 -57.4953773498535 -116.635513305664 -184.071426391602 -220.104403686523 -198.402493286133 -167.03283996582 -143.710824584961 -126.407846069336 -121.022450256348 -119.094148254395 -119.132855224609 -119.202522277832 -118.796806335449 -116.071208190918 -109.855360412598 -105.499047851562 -106.700856018066 -110.983389282227 -112.624327087402 -114.015626525879 -114.908232116699 -117.382051086426 -119.415760803223 -118.347822570801 -118.549224853516 -119.164462280273 -124.100912475586 -132.501956176758 -134.025035095215 -133.969300842285 -138.037400817871
