meets/meet004/_saidas_enm/ensemble_aver_Aralia_warmingiana_CCSM_21k_Maha.asc
NCOLS 154 
NROWS 168 
XLLCORNER -112 
YLLCORNER -55.5 
CELLSIZE 0.5 
NODATA_value -9999 
[rows 100 to 124 of 168, columns 56 to 111 of 154]
-9999 -9999 -9999 -9999 -9999 -9999 -9999 -9999 -9999 -9999 -9999 -9999 -9999 -9999 -9999 -9999 -9999 -9999 -9999 -9999 -9999 -9999 -9999 -9999 -9999 -9999 -9999 -9999 -210.163903808594 -206.049771118164 -233.10920715332 -319.189868164062 -402.555627441406 -450.797479248047 -446.862976074219 -382.828552246094 -312.543994140625 -240.111135864258 -132.225373840332 -54.3983940124512 -16.8559837341309 -4.88826322555542 -7.44276456832886 -9.32778377532959 -10.9075916290283 -9.68657760620117 -6.07069854736328 -3.02083082199097 -1.67587230205536 -0.9773805975914 -0.222377374768257 -0.0518482316285372 -0.417758095264435 -0.472377252578735 0.117638877779245 -0.104017408937216
-9999 -9999 -9999 -9999 -9999 -9999 -9999 -9999 -9999 -9999 -9999 -9999 -9999 -9999 -9999 -9999 -9999 -9999 -9999 -9999 -9999 -9999 -9999 -9999 -9999 -9999 -9999 -9999 -207.691482543945 -205.486846923828 -252.71989440918 -324.566693115234 -387.446368408203 -425.705358886719 -419.421520996094 -368.93515625 -288.856478881836 -214.868206787109 -109.123767089844 -43.248779296875 -13.1002838134766 -5.63992404937744 -8.42457389831543 -10.0620904922485 -10.9030300140381 -9.93418731689453 -6.29743432998657 -4.7051760673523 -3.28566246032715 -1.76730687618256 -0.994822311401367 -0.359103035926819 -0.408734840154648 -0.786752784252167 -0.205042669922113 -0.546235078573227
-9999 -9999 -9999 -9999 -9999 -9999 -9999 -9999 -9999 -9999 -9999 -9999 -9999 -9999 -9999 -9999 -9999 -9999 -9999 -9999 -9999 -9999 -9999 -9999 -9999 -9999 -9999 -195.751870727539 -218.574163818359 -207.442330932617 -241.884057617187 -314.941519165039 -365.794775390625 -394.206237792969 -392.19296875 -334.985504150391 -266.169396972656 -185.980224609375 -88.7794403076172 -32.7603240966797 -11.3967897415161 -7.78946685791016 -9.46642055511475 -10.9583713531494 -11.4532419204712 -10.0431406021118 -7.20530500411987 -5.51815986633301 -3.92205939292908 -2.62873849868774 -1.49676713943481 -0.722046399116516 -0.219645693898201 -0.326971852779388 -0.773684322834015 -0.479047787189484
-9999 -9999 -9999 -9999 -9999 -9999 -9999 -9999 -9999 -9999 -9999 -9999 -9999 -9999 -9999 -9999 -9999 -9999 -9999 -9999 -9999 -9999 -9999 -9999 -9999 -9999 -9999 -204.92516784668 -220.308181762695 -201.331384277344 -238.502331542969 -305.443270874023 -346.356201171875 -370.769329833984 -369.982684326172 -319.153030395508 -242.277337646484 -157.052508544922 -70.7053421020508 -26.4170154571533 -11.476886177063 -9.98340396881104 -11.493004989624 -12.659822845459 -12.3342304229736 -11.1971750259399 -8.50900440216065 -6.40428886413574 -4.83487043380737 -3.67411880493164 -2.50043692588806 -1.57461347579956 -0.905011773109436 -0.340302264690399 -0.845959424972534 -0.932946169376373
-9999 -9999 -9999 -9999 -9999 -9999 -9999 -9999 -9999 -9999 -9999 -9999 -9999 -9999 -9999 -9999 -9999 -9999 -9999 -9999 -9999 -9999 -9999 -9999 -9999 -9999 -9999 -205.187951660156 -214.604153442383 -207.544778442383 -244.341180419922 -308.11865234375 -344.984783935547 -360.352319335938 -358.079229736328 -304.366918945312 -224.171151733398 -128.831297302246 -53.2090370178223 -20.951167678833 -10.9438488006592 -11.1974977493286 -13.1505838394165 -13.5145433425903 -13.519259262085 -12.5795948028564 -9.92163372039795 -7.66480188369751 -6.0877495765686 -4.86101574897766 -3.6929976940155 -2.53682577610016 -1.62802274227142 -1.25549314022064 -1.23127483129501 -1.15996795892715
-9999 -9999 -9999 -9999 -9999 -9999 -9999 -9999 -9999 -9999 -9999 -9999 -9999 -9999 -9999 -9999 -9999 -9999 -9999 -9999 -9999 -9999 -9999 -9999 -9999 -9999 -9999 -198.259692382812 -204.514358520508 -204.66282043457 -252.385781860352 -320.619638061523 -353.871362304688 -365.363763427734 -357.843933105469 -303.906716918945 -209.949169921875 -105.748420715332 -40.5664657592773 -17.7900833129883 -11.4231477737427 -12.7205961227417 -15.4070142745972 -14.6108249664307 -14.093249130249 -13.1131927490234 -10.9680723190308 -9.01241941452026 -7.32186431884766 -5.9351490020752 -4.62316331863403 -3.39436798095703 -2.5280193567276 -2.10249173641205 -1.70473401546478 -0.93222393989563
-9999 -9999 -9999 -9999 -9999 -9999 -9999 -9999 -9999 -9999 -9999 -9999 -9999 -9999 -9999 -9999 -9999 -9999 -9999 -9999 -9999 -9999 -9999 -9999 -9999 -9999 -9999 -182.038909912109 -195.139587402344 -211.458636474609 -271.686541748047 -337.443041992187 -376.905963134766 -378.117724609375 -364.709405517578 -311.165075683594 -200.431582641602 -88.8678466796875 -30.4884620666504 -14.0240251541138 -12.0735673904419 -14.4079761505127 -16.8874338150024 -15.621102142334 -14.3413024902344 -13.1148206710815 -11.8599285125732 -9.67789440155029 -7.93083763122559 -6.76781368255615 -5.82306566238403 -4.84392166137695 -3.37325553894043 -2.65875024795532 -2.21277949810028 -1.37796273231506
-9999 -9999 -9999 -9999 -9999 -9999 -9999 -9999 -9999 -9999 -9999 -9999 -9999 -9999 -9999 -9999 -9999 -9999 -9999 -9999 -9999 -9999 -9999 -9999 -9999 -9999 -9999 -163.116622924805 -186.740393066406 -223.635693359375 -297.42395324707 -357.282073974609 -389.805853271484 -388.017333984375 -369.116900634766 -313.992700195313 -194.366854858398 -74.7112518310547 -23.6636623382568 -12.1402946472168 -13.0764455795288 -16.5027986526489 -18.8719535827637 -17.4948753356934 -15.8477733612061 -14.1626592636108 -12.7418416976929 -10.4536201477051 -8.63353500366211 -7.48512849807739 -6.87403335571289 -6.14018926620483 -4.73629689216614 -3.5443811416626 -2.48643932342529 -1.5877082824707
-9999 -9999 -9999 -9999 -9999 -9999 -9999 -9999 -9999 -9999 -9999 -9999 -9999 -9999 -9999 -9999 -9999 -9999 -9999 -9999 -9999 -9999 -9999 -9999 -9999 -9999 -9999 -143.842364501953 -178.996484375 -235.089978027344 -323.668475341797 -365.851977539062 -396.7716796875 -387.366003417969 -362.759106445313 -314.090478515625 -179.939624023437 -62.0742477416992 -18.7647525787354 -11.6427530288696 -14.982723236084 -19.0969089508057 -21.0277229309082 -20.3706558227539 -18.6525951385498 -17.0406833648682 -14.9634355545044 -12.4820655822754 -10.2943277359009 -8.79018287658691 -8.25456466674805 -7.39697799682617 -5.9154541015625 -4.49809637069702 -3.11741442680359 -2.05058009624481
-9999 -9999 -9999 -9999 -9999 -9999 -9999 -9999 -9999 -9999 -9999 -9999 -9999 -9999 -9999 -9999 -9999 -9999 -9999 -9999 -9999 -9999 -9999 -9999 -9999 -9999 -9999 -139.069230651855 -182.657141113281 -240.556112670898 -313.699975585938 -351.187280273438 -369.420593261719 -354.886224365234 -331.841821289063 -276.400677490234 -150.844075012207 -51.1601028442383 -17.3701984405518 -11.7300508499146 -16.8779979705811 -21.7539478302002 -22.8781272888184 -22.3849460601807 -20.8550647735596 -19.3482948303223 -17.3028045654297 -14.4251438140869 -11.9409790039062 -10.3920528411865 -9.6695671081543 -8.67292289733887 -6.91401863098145 -5.24434299468994 -3.57650518417358 -2.37892489433289
-9999 -9999 -9999 -9999 -9999 -9999 -9999 -9999 -9999 -9999 -9999 -9999 -9999 -9999 -9999 -9999 -9999 -9999 -9999 -9999 -9999 -9999 -9999 -9999 -9999 -9999 -110.947186279297 -138.172903442383 -184.725970458984 -237.267797851563 -296.358349609375 -315.044931030273 -328.663513183594 -306.829907226563 -282.479663085937 -239.190936279297 -117.350405883789 -42.3654937744141 -16.7846996307373 -12.5283285140991 -19.6918796539307 -23.9347457885742 -24.8968784332275 -24.0726123809814 -22.7210399627686 -20.9018093109131 -18.0936004638672 -15.4238101959229 -13.4245168685913 -12.170920753479 -11.0154796600342 -9.78036479949951 -7.8287314414978 -6.07624931335449 -4.27158465385437 -3.01715087890625
-9999 -9999 -9999 -9999 -9999 -9999 -9999 -9999 -9999 -9999 -9999 -9999 -9999 -9999 -9999 -9999 -9999 -9999 -9999 -9999 -9999 -9999 -9999 -9999 -9999 -9999 -112.678775024414 -151.8890625 -191.624249267578 -229.437338256836 -255.822671508789 -275.339874267578 -283.675686645508 -255.101141357422 -217.223803710937 -158.574304199219 -78.0538604736328 -31.6010719299316 -16.4423818588257 -16.1194038391113 -20.6724678039551 -24.3772636413574 -25.2852046966553 -24.9947078704834 -23.2749515533447 -21.2432514190674 -18.873657989502 -16.7967071533203 -14.9581100463867 -13.6701972961426 -12.3472629547119 -10.5328207015991 -8.32738876342773 -6.4456690788269 -4.93459882736206 -3.56912817955017
-9999 -9999 -9999 -9999 -9999 -9999 -9999 -9999 -9999 -9999 -9999 -9999 -9999 -9999 -9999 -9999 -9999 -9999 -9999 -9999 -9999 -9999 -9999 -9999 -9999 -9999 -121.521083068848 -166.301013183594 -204.08310546875 -222.420520019531 -221.898394775391 -232.044653320313 -244.460064697266 -203.907656860352 -149.354457092285 -95.5812240600586 -47.0587608337402 -24.2980838775635 -19.2468376159668 -20.6248790740967 -24.3501071929932 -25.5877422332764 -25.665852355957 -25.0115776062012 -23.4557247161865 -22.5447341918945 -19.9843032836914 -18.0619525909424 -16.492755317688 -15.2403326034546 -13.83330078125 -11.6131401062012 -8.89695625305176 -7.18256101608276 -5.75982074737549 -4.33068380355835
-9999 -9999 -9999 -9999 -9999 -9999 -9999 -9999 -9999 -9999 -9999 -9999 -9999 -9999 -9999 -9999 -9999 -9999 -9999 -9999 -9999 -9999 -9999 -9999 -9999 -9999 -128.365419006348 -193.805618286133 -233.513961791992 -226.198950195313 -195.955654907227 -188.03098449707 -178.079193115234 -132.8103515625 -89.8558471679687 -54.9969467163086 -33.1311679840088 -22.031799697876 -22.5289218902588 -25.2042881011963 -27.2481311798096 -27.395191192627 -26.7795680999756 -25.5886184692383 -23.922155380249 -22.312809753418 -20.6368141174316 -19.4637119293213 -18.2490840911865 -16.9732358932495 -15.255805015564 -12.9455005645752 -10.3709444046021 -8.48204412460327 -7.00253458023071 -5.62692489624023
-9999 -9999 -9999 -9999 -9999 -9999 -9999 -9999 -9999 -9999 -9999 -9999 -9999 -9999 -9999 -9999 -9999 -9999 -9999 -9999 -9999 -9999 -9999 -9999 -9999 -72.1956390380859 -138.303744506836 -233.735409545898 -270.892672729492 -224.339785766602 -180.840612792969 -148.123815917969 -119.159126281738 -78.925560760498 -52.9638336181641 -47.0724243164062 -31.5597831726074 -25.0313381195068 -27.3018238067627 -29.7626037597656 -31.4719867706299 -29.9047134399414 -28.6329658508301 -27.052806854248 -25.321785736084 -23.9895515441895 -21.8563449859619 -20.9973968505859 -20.2658390045166 -18.9009738922119 -17.0530759811401 -14.8144372940063 -12.3659847259521 -10.4256483078003 -8.63888263702393 -7.37666864395142
-9999 -9999 -9999 -9999 -9999 -9999 -9999 -9999 -9999 -9999 -9999 -9999 -9999 -9999 -9999 -9999 -9999 -9999 -9999 -9999 -9999 -9999 -9999 -9999 -9999 -92.1081420898438 -149.643330383301 -226.82883605957 -252.241876220703 -210.498062133789 -159.982919311523 -117.803387451172 -78.2405563354492 -47.4926795959473 -40.0182273864746 -40.9142219543457 -35.4048095703125 -30.3644191741943 -31.9709091186523 -32.9603645324707 -33.2151782989502 -32.0362422943115 -30.6512432098389 -29.0726768493652 -27.5627361297607 -26.1559127807617 -23.9765327453613 -23.0344722747803 -22.3279399871826 -21.1864002227783 -19.0569690704346 -16.7618041992188 -14.482114982605 -12.6659315109253 -10.9920511245728 -9.7089319229126
-9999 -9999 -9999 -9999 -9999 -9999 -9999 -9999 -9999 -9999 -9999 -9999 -9999 -9999 -9999 -9999 -9999 -9999 -9999 -9999 -9999 -9999 -9999 -9999 -9999 -98.2569839477539 -152.932611083984 -220.697332763672 -235.073452758789 -190.265411376953 -144.261126708984 -95.5288803100586 -55.1530029296875 -36.2384654998779 -38.4232231140137 -44.7318138122559 -40.7054512023926 -36.0816665649414 -35.6990440368652 -35.7581260681152 -35.1428863525391 -34.0629627227783 -32.9348579406738 -31.5596183776855 -29.93759765625 -28.7405624389648 -26.648002243042 -25.8135448455811 -24.9905452728271 -23.6947875976563 -21.6311489105225 -19.4374752044678 -17.1061454772949 -15.316565322876 -13.6896635055542 -12.5352781295776
-9999 -9999 -9999 -9999 -9999 -9999 -9999 -9999 -9999 -9999 -9999 -9999 -9999 -9999 -9999 -9999 -9999 -9999 -9999 -9999 -9999 -9999 -9999 -9999 -9999 -93.7288009643555 -149.546557617187 -211.804028320313 -218.919506835938 -174.584338378906 -125.850161743164 -79.8672912597656 -46.4949111938477 -36.0284423828125 -41.4136734008789 -47.3984748840332 -46.7973609924316 -44.5485397338867 -43.0948547363281 -40.6688179016113 -38.7798515319824 -36.9508819580078 -35.6992256164551 -34.4208564758301 -33.0166568756104 -31.6567790985107 -29.8406723022461 -28.3803863525391 -27.2623107910156 -26.3385414123535 -24.4727699279785 -22.1721874237061 -19.9102489471436 -18.2584163665771 -16.7089889526367 -15.6657052993774
-9999 -9999 -9999 -9999 -9999 -9999 -9999 -9999 -9999 -9999 -9999 -9999 -9999 -9999 -9999 -9999 -9999 -9999 -9999 -9999 -9999 -9999 -9999 -9999 -9999 -87.4999145507813 -144.470559692383 -210.165994262695 -213.172973632812 -164.089596557617 -116.126710510254 -70.1848030090332 -44.2909698486328 -39.5958045959473 -45.4440246582031 -52.1784545898438 -53.3421676635742 -53.8816192626953 -52.6703132629395 -48.5795845031738 -45.0441024780273 -41.5130432128906 -39.4605537414551 -38.1481948852539 -36.8610939025879 -36.1213836669922 -33.5472801208496 -31.4177474975586 -30.0988475799561 -29.2460319519043 -27.8277118682861 -25.655982208252 -23.3590732574463 -21.6506477355957 -20.0949024200439 -19.1459602355957
-9999 -9999 -9999 -9999 -9999 -9999 -9999 -9999 -9999 -9999 -9999 -9999 -9999 -9999 -9999 -9999 -9999 -9999 -9999 -9999 -9999 -9999 -9999 -9999 -9999 -93.1004608154297 -146.440034484863 -209.026364135742 -207.764151000977 -155.875561523438 -103.198663330078 -65.8196464538574 -46.6162910461426 -43.6453964233398 -48.1525848388672 -55.1346855163574 -57.3279624938965 -58.0621742248535 -57.3285621643066 -54.0197662353516 -50.3050758361816 -46.035368347168 -43.8552848815918 -42.2773300170898 -40.4380416870117 -38.6502151489258 -36.6700271606445 -34.9516059875488 -33.488899230957 -32.3360076904297 -30.766414642334 -28.6315628051758 -26.4913822174072 -24.5970371246338 -22.9065277099609 -21.6375946044922
-9999 -9999 -9999 -9999 -9999 -9999 -9999 -9999 -9999 -9999 -9999 -9999 -9999 -9999 -9999 -9999 -9999 -9999 -9999 -9999 -9999 -9999 -9999 -9999 -9999 -92.3015228271484 -147.335400390625 -215.039321899414 -211.996640014648 -153.909234619141 -98.441081237793 -64.8734680175781 -49.6454109191895 -47.1647773742676 -51.3727684020996 -57.0396034240723 -59.3399421691895 -60.9448204040527 -60.801904296875 -57.6823097229004 -54.5125869750977 -50.4251388549805 -47.5599067687988 -45.4253898620605 -43.1193794250488 -41.3722595214844 -39.6682312011719 -38.095938873291 -36.7946907043457 -35.7100662231445 -33.4678939819336 -31.4247650146484 -29.221492767334 -27.1896835327148 -25.5357109069824 -23.9355926513672
-9999 -9999 -9999 -9999 -9999 -9999 -9999 -9999 -9999 -9999 -9999 -9999 -9999 -9999 -9999 -9999 -9999 -9999 -9999 -9999 -9999 -9999 -9999 -9999 -9999 -92.3886734008789 -149.568725585938 -220.830023193359 -219.39631652832 -158.067608642578 -100.438572692871 -68.0087333679199 -54.4575653076172 -51.4126823425293 -54.1051193237305 -58.6764923095703 -61.072233581543 -62.7957885742187 -63.125724029541 -61.1253623962402 -57.9800369262695 -54.375040435791 -50.4520851135254 -47.8207046508789 -45.7923522949219 -43.991187286377 -42.4474998474121 -41.157096862793 -39.794164276123 -38.631908416748 -36.3614845275879 -33.8516109466553 -31.6969188690186 -29.5799591064453 -27.8246620178223 -26.5461967468262
-9999 -9999 -9999 -9999 -9999 -9999 -9999 -9999 -9999 -9999 -9999 -9999 -9999 -9999 -9999 -9999 -9999 -9999 -9999 -9999 -9999 -9999 -9999 -9999 -9999 -91.0539367675781 -147.457717895508 -222.236709594727 -227.635263061523 -165.4478515625 -104.961842346191 -72.5266494750977 -59.4940437316895 -56.1623306274414 -58.4725791931152 -62.0345161437988 -63.9486488342285 -65.4436416625977 -65.7056282043457 -63.7436943054199 -60.7625946044922 -56.8053108215332 -52.9494552612305 -50.135710144043 -48.3034461975098 -46.9959465026855 -45.4995498657227 -44.0319923400879 -42.9468566894531 -41.2852180480957 -39.0542686462402 -36.4702239990234 -34.1906799316406 -32.7801963806152 -31.2273811340332 -30.194603729248
-9999 -9999 -9999 -9999 -9999 -9999 -9999 -9999 -9999 -9999 -9999 -9999 -9999 -9999 -9999 -9999 -9999 -9999 -9999 -9999 -9999 -9999 -9999 -9999 -9999 -93.7393615722656 -148.061010742188 -221.681823730469 -232.278265380859 -174.320443725586 -111.92875213623 -78.7600997924805 -64.6421867370605 -60.399535369873 -61.4771820068359 -64.3802780151367 -66.1312118530273 -67.9184532165527 -67.4720550537109 -64.2897315979004 -61.497631072998 -57.8860649108887 -54.6678909301758 -52.5158981323242 -51.2410034179687 -50.3626609802246 -48.6624778747559 -47.2995178222656 -45.6641159057617 -43.3164505004883 -40.7270606994629 -38.5837791442871 -37.9371246337891 -36.020108795166 -34.4678657531738 -34.0274024963379
-9999 -9999 -9999 -9999 -9999 -9999 -9999 -9999 -9999 -9999 -9999 -9999 -9999 -9999 -9999 -9999 -9999 -9999 -9999 -9999 -9999 -9999 -9999 -9999 -91.2301513671875 -98.6664276123047 -149.354611206055 -224.380688476563 -241.251681518555 -186.942932128906 -124.969799804687 -87.6232086181641 -69.4462203979492 -63.6282051086426 -63.7437377929688 -66.0744422912598 -67.0332725524902 -67.7773147583008 -66.8496963500977 -63.5854202270508 -60.9810104370117 -58.4806564331055 -56.2869743347168 -54.8112419128418 -54.0004173278809 -53.1649452209473 -51.9567169189453 -50.5067245483398 -48.6234878540039 -46.0127349853516 -43.2944198608398 -42.098193359375 -41.6967361450195 -40.1075080871582 -37.8038459777832 -36.2342140197754
