meets/meet004/_saidas_enm/ensemble_aver_Aralia_warmingiana_CCSM_0k_Gower.asc
NCOLS 154 
NROWS 168 
XLLCORNER -112 
YLLCORNER -55.5 
CELLSIZE 0.5 
NODATA_value -9999 
[rows 54 to 80 of 168, columns 60 to 119 of 154]
-9999 -9999 -9999 -9999 -9999 -9999 0 0 0 0 0 0 0 0 0 0 0 0 0 0 0 0 0 0 0 0 0 0 0 0 0 0 0 0 0 0 0 0 0 0 0 0 0 0 0 0 0.0114845784381032 0.0945919930934906 0.0673634368926287 0.0368897717446089 0.288188391923904 0.460780024528503 0.547897553443909 0.506863588094711 0.404618775844574 0.255829507112503 0.165726888179779 0.0174696773290634 0 0
-9999 -9999 -9999 -9999 0 0 0 0 0 0 0 0 0 0 0 0 0 0 0 0 0 0 0 0 0 0 0 0 0 0 0 0 0 0 0 0 0 0 0 0 0 0 0 0 0 0.0713845089077949 0.0114999894052744 0 0 0 0.207039815187454 0.430568295717239 0.544629198312759 0.567908585071564 0.475782865285873 0.371707826852798 0.291563302278519 0.138248148560524 0.00367094427347183 0
-9999 -9999 -9999 -9999 0 0 0.0983268491923809 0 0 0 0 0 0 0 0 0 0 0 0 0 0 0 0 0 0 0 0 0 0 0 0 0 0 0 0 0 0 0 0 0 0 0 0 0 0 0 0 0 0 0 0.118527874350548 0.372834032773972 0.516246116161346 0.593587458133698 0.518287950754166 0.44552213549614 0.360596179962158 0.195159229636192 0.0351019628345966 0
-9999 -9999 -9999 0 0 0 0.296103852987289 0.066198568791151 0 0 0 0 0 0 0 0 0 0 0 0 0 0 0 0 0 0 0 0 0 0 0 0 0 0 0 0 0 0 0 0 0 0 0 0 0 0 0 0 0 0 0.0239071795716882 0.301752871274948 0.464514762163162 0.581336605548859 0.515927040576935 0.439402043819427 0.36474683880806 0.198486092686653 0.0199651406146586 0
-9999 -9999 -9999 0 0 0.265581271052361 0.506195431947708 0.228175660967827 0 0 0 0 0 0 0 0 0 0 0 0 0 0 0 0 0 0 0 0 0 0 0 0 0 0 0 0 0 0 0 0 0 0 0 0 0 0 0 0 0 0 0 0.193002164363861 0.38868932723999 0.514708870649338 0.414475977420807 0.327214539051056 0.255477637052536 0.113979534804821 0.0103724548593163 0
-9999 -9999 0 0 0.166305702924728 0.450184857845306 0.608781969547272 0.181148040294647 0 0 0 0 0 0 0 0 0 0 0 0 0 0 0 0 0 0 0 0 0 0 0 0 0 0 0 0 0 0 0 0 0 0 0 0 0 0 0 0 0 0 0 0.0798764258623123 0.284814348816872 0.351816248893738 0.236065092682838 0.147160640358925 0.0480842448771 0.00676393127068877 0 0
-9999 -9999 0 0.0394563902169466 0.194735929369926 0.477229738235474 0.475908350944519 0.031027177721262 0 0 0 0 0 0 0 0 0 0 0 0 0 0 0 0 0 0 0 0 0 0 0 0 0 0 0 0 0 0 0 0 0 0 0 0 0 0 0 0 0 0 0 0 0.133013138175011 0.270551925897598 0.154426383972168 0.0781402692198753 0.0249504360370338 0.00372230634093285 0 0
-9999 -9999 0 0.038918475061655 0.201534107327461 0.482736897468567 0.352436602115631 0 0 0 0 0 0 0 0 0 0 0 0 0 0 0 0 0 0 0 0 0 0 0 0 0 0 0 0 0 0 0 0 0 0 0 0 0 0 0 0 0 0 0 0 0 0 0.12265477180481 0.133337889611721 0.117243447899818 0.13974981456995 0.103494484722614 0.108399736881256 0.115600275993347
-9999 -9999 -9999 0.0568961467593908 0.226500663161278 0.49929113984108 0.313120812177658 0 0 0 0 0 0 0 0 0 0 0 0 0 0 0 0 0 0 0 0 0 0 0 0 0 0 0 0 0 0 0 0 0.0140878789592534 0.0474538798443973 0.0672836035490036 0.0951256588101387 0.101428610086441 0.10612914711237 0.113597339391708 0.111073626577854 0.113504309952259 0.103691025078297 0.100195571035147 0.0907667078077793 0.0644701220095158 0.0385012120008469 0.00677093360573053 0 0.00250578408595175 0.014851996069774 0.00664235912263393 0 0
-9999 -9999 -9999 -9999 0.253649711608887 0.414337575435638 0.346466583013535 0 0 0 0 0 0 0 0 0 0 0 0 0 0 0 0 0 0 0 0 0 0 0 0 0 0.00208305362612009 0.0449631653726101 0.0585668131709099 0.0719287358224392 0.105026584863663 0.120098139345646 0.158892302215099 0.188552233576775 0.199668711423874 0.162621265649796 0.149400235712528 0.131020031869411 0.133389995992184 0.163029366731644 0.189704114198685 0.251619753241539 0.271125468611717 0.269380086660385 0.24634622335434 0.241088029742241 0.200932669639587 0.176358813047409 0.138083708286285 0.101516679674387 0.0743685685098171 0.0385922886431217 0.0181283082813025 0
-9999 -9999 0.0441893599927425 0.140634898841381 0.284252941608429 0.248863101005554 0.196612957119942 0 0 0 0 0 0 0 0 0 0 0 0 0 0.00476130807073787 0.0167752881534398 0.0388048741966486 0.0524917162954807 0.0673383742570877 0.0798545598983765 0.0819640785455704 0.0755254663527012 0.0662210829555988 0.0714798666536808 0.0842987194657326 0.121107283234596 0.173323649168015 0.228952550888062 0.242105776071548 0.266089591383934 0.283329764008522 0.286273926496506 0.221435031294823 0.163559900224209 0.119100125133991 0.0801893599331379 0.0652081847190857 0.057995168119669 0.0651023358106613 0.0925807170569897 0.127085165679455 0.183749085664749 0.24687394797802 0.310711628198624 0.375635504722595 0.350573897361755 0.233685001730919 0.17577585875988 0.144184803962708 0.146370205283165 0.160057458281517 0.128365953266621 0.0129675502888858 0
-9999 0.0810706429183483 0.000564868887886405 0 0.0954341322183609 0.143324737250805 0.0955758795142174 0 0 0 0 0 0 0 0 0 0 0 0 0.0362917967140675 0.128308403491974 0.199328231811523 0.224275979399681 0.242067620158195 0.259680417180061 0.266477143764496 0.258794498443604 0.267939209938049 0.256348964571953 0.252947056293488 0.250476089119911 0.246397963166237 0.323880165815353 0.37922078371048 0.388195765018463 0.368545484542847 0.284575438499451 0.22434096634388 0.154427383840084 0.103266085684299 0.0658435255289078 0.0302643593400717 0.0304068706929684 0.0293161150068045 0.0362409211695194 0.0596708409488201 0.0827141433954239 0.132245109975338 0.185502752661705 0.230523625016212 0.277576193213463 0.30970122218132 0.255854517221451 0.165797758102417 0.148764047026634 0.170310708880424 0.185455092787743 0.111140744388103 0.00502489442005753 0
-9999 0.160622569918632 0 0 0.0371864657849073 0.029237007163465 0 0 0 0 0 0 0 0 0 0 0.00330357141792774 0.0569333739578724 0.102202093601227 0.177704858779907 0.259264349937439 0.329750543832779 0.373900300264358 0.398567056655884 0.425199067592621 0.44372153878212 0.456704658269882 0.453514963388443 0.443969190120697 0.435900902748108 0.419206142425537 0.426339715719223 0.473521590232849 0.478842967748642 0.425316107273102 0.349279326200485 0.270994898676872 0.208077967166901 0.146236871182919 0.0993625722825527 0.0691080719232559 0.0431204854045063 0.0385201685130596 0.0380976092070341 0.0445227972231805 0.062043134868145 0.0804281309247017 0.111016370356083 0.141467021405697 0.170344731211662 0.196922701597214 0.2115702688694 0.213980397582054 0.200004056096077 0.171132817864418 0.127790339291096 0.0695113759487867 0.0124177420511842 0 0
-9999 -9999 0.086780945956707 0.0107186488807201 0.0569008551537991 0 0 0 0 0 0 0 0 0 0 0.0257608911953866 0.165472584962845 0.179848554730415 0.228650096058846 0.304478043317795 0.378000944852829 0.453771770000458 0.496881359815598 0.526042723655701 0.551697611808777 0.57357052564621 0.588813614845276 0.581560057401657 0.576844209432602 0.573184776306152 0.559620249271393 0.562492680549622 0.554646998643875 0.500534737110138 0.431259346008301 0.359967803955078 0.281115916371346 0.230137160420418 0.172217717766762 0.130984531342983 0.105034911632538 0.076731776446104 0.0771236829459667 0.0736328028142452 0.0758230723440647 0.0856742300093174 0.0892695315182209 0.10566688477993 0.11564526706934 0.123841868340969 0.133398027718067 0.130206422507763 0.116890297830105 0.092256310582161 0.0549651192501187 0.0139569412916899 0 0 0 0
-9999 -9999 0.103264358639717 0.0155939588788897 0.00209839567542076 0 0 0 0 0 0 0 0 0 0.00148121612146497 0.115253998339176 0.276238030195236 0.322142940759659 0.346094703674316 0.396528005599976 0.467725843191147 0.540772092342377 0.578700077533722 0.601041805744171 0.604519826173782 0.60535181760788 0.60725200176239 0.605860018730164 0.605270063877106 0.605467492341995 0.606621861457825 0.601253312826157 0.575450384616852 0.5236920773983 0.46515319943428 0.400673961639404 0.335236912965775 0.28293591439724 0.233789727091789 0.195622220635414 0.169868612289429 0.147922909259796 0.138482184708118 0.131535403430462 0.127904997766018 0.126787964999676 0.122543461620808 0.119587518274784 0.11039243042469 0.100865156948566 0.087166453897953 0.0642670888453722 0.0400366701491294 0.0125428924337029 0 0 0 0 0 0
-9999 -9999 0.0440759591758251 0.00187093466520309 0 0 0 0 0 0 0 0 0 0 0 0.114357663691044 0.345430171489716 0.40678499341011 0.411344230175018 0.44502769112587 0.521267127990723 0.591552543640137 0.614906167984009 0.606253033876419 0.600997215509415 0.601882857084274 0.603996068239212 0.600059318542481 0.596987998485565 0.596689534187317 0.598562806844711 0.600621497631073 0.594236195087433 0.560299134254456 0.514092910289764 0.463113218545914 0.400689512491226 0.35821880698204 0.310595160722733 0.275097921490669 0.251626047492027 0.224765649437904 0.213600799441338 0.198394325375557 0.186675360798836 0.177608013153076 0.16135693192482 0.144963076710701 0.119510819017887 0.0919273681938648 0.0591821573674679 0.0219783895649016 0.00292154401540756 0 0 0 0 0 0 0
-9999 -9999 -9999 -9999 0 0 0.0641090638935566 0 0 0 0 0 0 0 0 0.115844328701496 0.388291716575623 0.442412054538727 0.401202291250229 0.437119096517563 0.534519648551941 0.610078644752502 0.616658711433411 0.601876127719879 0.594791668653488 0.595241343975067 0.59591771364212 0.589674752950668 0.583214861154556 0.582102298736572 0.586429959535599 0.592008149623871 0.593640071153641 0.589768224954605 0.567312914133072 0.525332123041153 0.48179087638855 0.437288349866867 0.396949362754822 0.361847019195557 0.332296645641327 0.306293910741806 0.284952190518379 0.265397047996521 0.246100369095802 0.224811515212059 0.201067316532135 0.173436838388443 0.13890932649374 0.0999818466603756 0.0526268970221281 0.0106543589383364 0 0 0 0 0 0 0 0
-9999 -9999 -9999 -9999 0.0105736255645752 0.000379931833595037 0.211624297499657 0.0489197112619877 0 0 0 0 0 0 0 0.130660136044025 0.413882732391357 0.455277621746063 0.453211039304733 0.490055322647095 0.530249506235123 0.610768783092499 0.613156080245972 0.595963221788406 0.588250482082367 0.589118719100952 0.587920665740967 0.579108095169067 0.56879226565361 0.566926670074463 0.57338080406189 0.580658280849457 0.584242194890976 0.587717878818512 0.58918365240097 0.58231355547905 0.549321907758713 0.51897486448288 0.483853018283844 0.448265087604523 0.417191022634506 0.384851968288422 0.359304612874985 0.330354481935501 0.301898723840713 0.271779096126556 0.239004993438721 0.204603284597397 0.162416955828667 0.114077509939671 0.0565916925668716 0.00837385822087526 0 0 0 0 0 0 0 0
-9999 -9999 -9999 -9999 -9999 0.0214426356367767 0.271802634000778 0.0828228935599327 0 0 0 0 0 0 0 0.16527204811573 0.410150229930878 0.478564834594727 0.480800253152847 0.528020793199539 0.575258988142014 0.608090007305145 0.608627235889435 0.591953551769257 0.58328360915184 0.583335644006729 0.581427788734436 0.569197273254395 0.555845254659653 0.552450478076935 0.558908832073212 0.567330729961395 0.571902853250503 0.575542306900024 0.581279826164246 0.586809015274048 0.588757336139679 0.578737139701843 0.551751744747162 0.523500287532806 0.490816378593445 0.456831449270248 0.421704357862473 0.387951201200485 0.351601225137711 0.309875470399857 0.268746709823608 0.227804511785507 0.184943199157715 0.132588045299053 0.0680604830384254 0.0128010454587638 0 0 0 0 0 0 0 0
-9999 -9999 -9999 -9999 -9999 -9999 0.31912750005722 0.0953415811061859 0 0 0.0142011016607285 0 0 0.00495841878000647 0.114599047601223 0.25153751373291 0.403537338972092 0.466992098093033 0.513774979114533 0.562445187568665 0.594919312000275 0.614322066307068 0.606043970584869 0.589307087659836 0.5801045358181 0.57865726351738 0.574371659755707 0.560585409402847 0.545599400997162 0.540634268522263 0.54642858505249 0.553455179929733 0.558178782463074 0.562631040811539 0.569322407245636 0.577335888147354 0.585604459047318 0.592754662036896 0.592869865894318 0.580977487564087 0.551144772768021 0.521952694654465 0.483972984552383 0.441706073284149 0.398076242208481 0.349210923910141 0.300507694482803 0.25517264008522 0.206479120254517 0.152770625054836 0.0910561047494411 0.032490748167038 0.0036817641928792 0 0 0 0 0 0 0
-9999 -9999 -9999 -9999 -9999 -9999 -9999 0.0914827480912209 0.068250061571598 0 0.0411576434969902 0.109276060760021 0.118322803080082 0.202728053927422 0.273063337802887 0.311757117509842 0.377675747871399 0.457381284236908 0.539001023769379 0.582704013586044 0.600368392467499 0.608329796791077 0.601777625083923 0.588774704933167 0.578879088163376 0.573437249660492 0.566051834821701 0.552835839986801 0.539434134960175 0.534387874603272 0.537137043476105 0.540845280885696 0.548044341802597 0.551374781131744 0.560215640068054 0.571041142940521 0.578800821304321 0.591076266765594 0.598597621917725 0.603655976057053 0.597787094116211 0.569699513912201 0.535899865627289 0.490676587820053 0.443047618865967 0.387748312950134 0.333154565095901 0.282988128066063 0.228797426819801 0.176362335681915 0.123517589271069 0.0729684427380562 0.0336689807474613 0.00826995447278023 0 0 0 0 0 0
-9999 -9999 -9999 -9999 -9999 -9999 -9999 0.11177329570055 0.0879795432090759 0 0.0223024971783161 0.185262342914939 0.227549061179161 0.334409832954407 0.38056612610817 0.350209510326385 0.355278611183167 0.425065666437149 0.53082777261734 0.582203322649002 0.595006346702576 0.598980408906937 0.594884967803955 0.584500014781952 0.574897038936615 0.568236070871353 0.559867185354233 0.547061175107956 0.536211121082306 0.532868856191635 0.537148177623749 0.542925226688385 0.548141819238663 0.553043311834335 0.563732254505158 0.577567219734192 0.590224558115006 0.601435732841492 0.609835314750671 0.620020830631256 0.624141693115234 0.612156939506531 0.580062103271484 0.539583879709244 0.490360218286514 0.435720211267471 0.378781378269196 0.325798654556274 0.269558763504028 0.218972954154015 0.173586732149124 0.128808902204037 0.0932778567075729 0.0611516643315554 0.0338995885103941 0.0139367308467627 0.00223655700683594 0 0 0
-9999 -9999 -9999 -9999 -9999 -9999 -9999 0.0373707354068756 0.193706834316254 0.0448562696576118 0.0375949889421463 0.109962403774261 0.332393637299538 0.457582741975784 0.485121017694473 0.381293624639511 0.285327708721161 0.386905938386917 0.507076245546341 0.56974903345108 0.593191903829575 0.587921744585037 0.587932103872299 0.582034480571747 0.56949155330658 0.561965322494507 0.553633791208267 0.538766545057297 0.532199341058731 0.53113266825676 0.538079327344894 0.553128236532211 0.551492828130722 0.558748918771744 0.570819795131683 0.586201155185699 0.611487686634064 0.611116063594818 0.621918916702271 0.634255707263947 0.637679147720337 0.640144646167755 0.617204487323761 0.582254111766815 0.537495440244675 0.484175479412079 0.434345364570618 0.378017127513885 0.322912150621414 0.274982875585556 0.231805059313774 0.194581368565559 0.15894927084446 0.128461308777332 0.102227309346199 0.078110508620739 0.0577538054436445 0.0316916484385729 0.0117345427162945 0.00135195050388575
-9999 -9999 -9999 -9999 -9999 -9999 -9999 -9999 0.170634645223618 0.149314492940903 0.0793868198990822 0.0936491176486015 0.190433552861214 0.267633175849915 0.313924223184586 0.447988098859787 0.372398209571838 0.385629802942276 0.452170044183731 0.517719662189484 0.579299533367157 0.594202280044556 0.592070090770721 0.580298537015915 0.561381012201309 0.548914700746536 0.539379978179932 0.524850785732269 0.517608660459518 0.517466473579407 0.526039314270019 0.539812409877777 0.542350816726685 0.548787420988083 0.560217076539993 0.574579775333405 0.59267869591713 0.59419960975647 0.600581693649292 0.614521586894989 0.631973659992218 0.641547894477844 0.636888742446899 0.615064775943756 0.579220795631409 0.531685376167297 0.484155917167664 0.434615617990494 0.384472495317459 0.340063643455505 0.300070440769196 0.26278455555439 0.230869925022125 0.200611928105354 0.175255930423737 0.154009179770946 0.132171006500721 0.111341294646263 0.0897829636931419 0.068475966155529
-9999 -9999 -9999 -9999 -9999 -9999 -9999 -9999 0.0751394174993038 0.302105507254601 0.151913931965828 0.0684917971491814 0.0319892838597298 0.0434508996084332 0.065608511865139 0.290466856956482 0.490399038791656 0.400394743680954 0.370027303695679 0.436990267038345 0.574324262142181 0.604987823963165 0.596518170833588 0.579081135988236 0.548010766506195 0.531626164913177 0.519359749555588 0.504354578256607 0.49461994767189 0.494118905067444 0.503293800354004 0.514660286903381 0.521240490674973 0.526606839895248 0.536794501543045 0.547933393716812 0.554939657449722 0.560378897190094 0.557886600494385 0.575989884138107 0.607537251710892 0.628955578804016 0.635242462158203 0.629913365840912 0.611795401573181 0.570364499092102 0.530200546979904 0.48766662478447 0.446457660198212 0.406406670808792 0.36590638756752 0.330762964487076 0.300942343473434 0.273469147086144 0.24910346865654 0.225465255975723 0.203975453972816 0.187037599086761 0.17354488670826 0.15798887014389
-9999 -9999 -9999 -9999 -9999 -9999 -9999 -9999 -9999 0.119779869914055 0.21215695515275 0 0 0 0 0.00893341898918152 0.213316181302071 0.323793184757233 0.399891555309296 0.480990779399872 0.570661914348602 0.59851645231247 0.568562984466553 0.504926282167435 0.491569966077805 0.507876926660538 0.498207050561905 0.483631283044815 0.474379563331604 0.472669279575348 0.47991464138031 0.491816836595535 0.497582507133484 0.504009890556335 0.513929522037506 0.525293874740601 0.532211405038834 0.529235851764679 0.526620310544968 0.549492633342743 0.591431641578674 0.628545761108398 0.634557056427002 0.630728793144226 0.625211250782013 0.609330081939697 0.574437999725342 0.539774197340012 0.504740756750107 0.469736760854721 0.435313141345978 0.403665143251419 0.377137959003448 0.35212761759758 0.328930658102036 0.306248307228088 0.284683105349541 0.269157147407532 0.254937499761581 0.242857846617699
-9999 -9999 -9999 -9999 -9999 -9999 -9999 -9999 -9999 0 0.292446431517601 0 0 0 0 0 0 0 0.0416221736231819 0.148296804726124 0.273803016543388 0.547969174385071 0.541531813144684 0.412620365619659 0.369634288549423 0.412840121984482 0.458658480644226 0.439034700393677 0.44779646396637 0.445738935470581 0.451949089765549 0.466373115777969 0.466917365789413 0.476552444696426 0.488742619752884 0.503498202562332 0.518131703138351 0.514656263589859 0.504936540126801 0.532628983259201 0.586722844839096 0.635348677635193 0.632739841938019 0.616946804523468 0.603670597076416 0.606857979297638 0.608563876152039 0.585962748527527 0.556672656536102 0.52686642408371 0.495912581682205 0.472224485874176 0.446572059392929 0.427022486925125 0.406258326768875 0.382243621349335 0.364344847202301 0.347494834661484 0.333538699150085 0.323919838666916
