meets/meet004/_saidas_enm/ensemble_aver_Cavanillesia_umbellata_CCSM_6k_SVM.asc
NCOLS 154 
NROWS 168 
XLLCORNER -112 
YLLCORNER -55.5 
CELLSIZE 0.5 
NODATA_value -9999 
[rows 100 to 124 of 168, columns 56 to 111 of 154]
-9999 -9999 -9999 -9999 -9999 -9999 -9999 -9999 -9999 -9999 -9999 -9999 -9999 -9999 -9999 -9999 -9999 -9999 -9999 -9999 -9999 -9999 -9999 -9999 -9999 -9999 -9999 -9999 0.0977427035570145 0.0918207883834839 0.072448149509728 0.0756241729483008 0.0816550105810165 0.0844399027526379 0.0802424307912588 0.065265482570976 0.0448647194774821 0.0378042344935238 0.0386871930211782 -0.00233051918912679 -0.0719632983207703 -0.082414545211941 -0.0550968527793884 -0.0584202200174332 -0.0528854915872216 -0.0567012706771493 -0.0842446073889732 -0.0788914903998375 -0.0429172373609617 -0.0260019187815487 -0.0290779591538012 0.0135484974598512 0.0476887971162796 0.0667890660464764 0.077291065454483 0.0828756339848042
-9999 -9999 -9999 -9999 -9999 -9999 -9999 -9999 -9999 -9999 -9999 -9999 -9999 -9999 -9999 -9999 -9999 -9999 -9999 -9999 -9999 -9999 -9999 -9999 -9999 -9999 -9999 -9999 0.0922939151525497 0.0923505216836929 0.0738317153416574 0.0762048419564962 0.0803351417183876 0.0824029598385096 0.0776661820709705 0.0647486655972898 0.0455626653507352 0.0405157244109432 0.0360786810517311 -0.018223388120532 -0.0870173890143633 -0.100652401149273 -0.0723339393734932 -0.069315131008625 -0.050962857156992 -0.0506765048950911 -0.0760734148323536 -0.0301498202607036 0.0166087612975389 -0.0277492249384522 -0.07297078743577 -0.0341627422720194 0.00996018743608147 0.0340930234640837 0.0679753355681896 0.056591372191906
-9999 -9999 -9999 -9999 -9999 -9999 -9999 -9999 -9999 -9999 -9999 -9999 -9999 -9999 -9999 -9999 -9999 -9999 -9999 -9999 -9999 -9999 -9999 -9999 -9999 -9999 -9999 0.0713160246610642 0.0795766912400722 0.0899157226085663 0.0741449074819684 0.0752138052135706 0.07852773219347 0.0800249047577381 0.0758609568700194 0.063671801215969 0.0461523764766753 0.0408836580812931 0.0244392931926996 -0.0384079556912184 -0.0988129936158657 -0.101403398066759 -0.0807758301496506 -0.0794581830501556 -0.0621970307081938 -0.0546532273292542 -0.0631518870592117 -0.0315899253357202 0.00213811714202166 -0.0215769135626033 -0.0464423462748528 -0.038875531218946 -0.00237616645172238 0.0147143294569105 0.020373555412516 0.00660133714554831
-9999 -9999 -9999 -9999 -9999 -9999 -9999 -9999 -9999 -9999 -9999 -9999 -9999 -9999 -9999 -9999 -9999 -9999 -9999 -9999 -9999 -9999 -9999 -9999 -9999 -9999 -9999 0.0709777995944023 0.0744677849113941 0.0916471645236015 0.0736188549548387 0.0740799374878407 0.0766961168497801 0.0785285022109747 0.0746790561825037 0.063793387147598 0.0435762861743569 0.0347493564710021 0.00997972590848803 -0.054360568523407 -0.0975302197039127 -0.0940104566514492 -0.0737339019775391 -0.079226391017437 -0.0623504299670458 -0.0537387430667877 -0.0571119971573353 -0.0453320745378733 -0.0274593627080321 -0.0358262729598209 -0.0497768718749285 -0.0396060233004391 -0.0232772765681148 -0.0145686932839453 -0.0287036565205199 -0.034318034350872
-9999 -9999 -9999 -9999 -9999 -9999 -9999 -9999 -9999 -9999 -9999 -9999 -9999 -9999 -9999 -9999 -9999 -9999 -9999 -9999 -9999 -9999 -9999 -9999 -9999 -9999 -9999 0.0706072099506855 0.0747406750917435 0.0892399325966835 0.0744678042829037 0.0731515355408192 0.0759215917438269 0.0782730028033257 0.074024311080575 0.0608832645608345 0.0357483414933085 0.0231076027266681 0.00186811005696654 -0.0622181727550924 -0.0960077237337828 -0.0835956282913685 -0.0751976855099201 -0.0722342371940613 -0.0623952269554138 -0.0469320252537727 -0.0590747058391571 -0.0568795762956142 -0.042676588986069 -0.0352433100342751 -0.0479516672901809 -0.0395759971346706 -0.0471004428341985 -0.0517757296562195 -0.0532097712159157 -0.0620482414960861
-9999 -9999 -9999 -9999 -9999 -9999 -9999 -9999 -9999 -9999 -9999 -9999 -9999 -9999 -9999 -9999 -9999 -9999 -9999 -9999 -9999 -9999 -9999 -9999 -9999 -9999 -9999 0.0699248865246773 0.0781256124377251 0.0902776345610619 0.0725516989827156 0.0732359327375889 0.0758621394634247 0.079349597170949 0.0724611382931471 0.0548671287135221 0.0286455014720559 0.0230612292129081 0.0039553739130497 -0.0611919412389398 -0.0891828365623951 -0.0733037620782852 -0.0631951354444027 -0.0666194029152393 -0.0630251780152321 -0.0604831412434578 -0.0685701586306095 -0.0621544942259789 -0.05004092680756 -0.0280592978000641 -0.0282328433357179 -0.0275180134922266 -0.0370064082555473 -0.0446707513649017 -0.0475248901639134 -0.0547800865024328
-9999 -9999 -9999 -9999 -9999 -9999 -9999 -9999 -9999 -9999 -9999 -9999 -9999 -9999 -9999 -9999 -9999 -9999 -9999 -9999 -9999 -9999 -9999 -9999 -9999 -9999 -9999 0.0788955613970757 0.0848476499319077 0.0885338887572289 0.0713054351508617 0.0735080353915691 0.0773708943277597 0.0811739113181829 0.0699821282178164 0.0457987948902883 0.0261572550050914 0.0255668496713042 0.00700821429491043 -0.063048904016614 -0.0838045105338097 -0.0604977242648602 -0.0560965716838837 -0.0612306386232376 -0.0671725511550903 -0.0704058967530727 -0.0704170733690262 -0.0589901100844145 -0.0362244091928005 -0.0189593259943649 0.0139341902453452 -0.00461758822202682 -0.00934777073562145 -0.0154920928180218 -0.0235479082912207 -0.023273428529501
-9999 -9999 -9999 -9999 -9999 -9999 -9999 -9999 -9999 -9999 -9999 -9999 -9999 -9999 -9999 -9999 -9999 -9999 -9999 -9999 -9999 -9999 -9999 -9999 -9999 -9999 -9999 0.104788489639759 0.0972743436694145 0.0856987446546555 0.0733099646866322 0.0751887418329716 0.0786503963172436 0.0823441486805677 0.0679863590747118 0.0449247600510716 0.0294470418884885 0.0278598181903362 0.00802127693314105 -0.0616820638999343 -0.0760093573480844 -0.0471685264259577 -0.043867964297533 -0.0533638540655375 -0.0627481706440449 -0.0704585127532482 -0.0739213407039642 -0.0659641698002815 -0.0434588154777884 -0.0115033558569849 0.0278675235342234 -0.0012047816067934 -0.0154864452779293 -0.00435239858925343 0.0200392053462565 0.0246078189462423
-9999 -9999 -9999 -9999 -9999 -9999 -9999 -9999 -9999 -9999 -9999 -9999 -9999 -9999 -9999 -9999 -9999 -9999 -9999 -9999 -9999 -9999 -9999 -9999 -9999 -9999 -9999 0.137805025279522 0.117918801307678 0.0832639493048191 0.0772353895008564 0.0772628292441368 0.079569286108017 0.0823572229593992 0.0651040442287922 0.0492994464933872 0.033567244745791 0.0254366550594568 0.0118307393975556 -0.0622180815786123 -0.0640521692112088 -0.0341983266174793 -0.0314500174485147 -0.0387860557064414 -0.0485561102628708 -0.0556918635964394 -0.0700544402003288 -0.0739273339509964 -0.0648507008329034 -0.0248664567247033 -0.00098530501127243 -0.010026940703392 -0.0246823728084564 -0.017207208275795 0.00737434253096581 0.042882251739502
-9999 -9999 -9999 -9999 -9999 -9999 -9999 -9999 -9999 -9999 -9999 -9999 -9999 -9999 -9999 -9999 -9999 -9999 -9999 -9999 -9999 -9999 -9999 -9999 -9999 -9999 -9999 0.154949626326561 0.11502111852169 0.0830424897372723 0.078494992852211 0.0780109941959381 0.0782371010631323 0.0789358712732792 0.0581479786895216 0.0440118744038045 0.0331587601453066 0.0206251036375761 -0.00336698889732361 -0.0688589863479137 -0.0560151430778205 -0.0239249736536294 -0.0196739336941391 -0.0272549603134394 -0.037403217703104 -0.0467071734368801 -0.0616339094936848 -0.0686110258102417 -0.0652300972491503 -0.0447253978345543 -0.0293665097095072 -0.0266427678056061 -0.0319305097684264 -0.0222240880131722 0.000558513775467873 0.0296224339865148
-9999 -9999 -9999 -9999 -9999 -9999 -9999 -9999 -9999 -9999 -9999 -9999 -9999 -9999 -9999 -9999 -9999 -9999 -9999 -9999 -9999 -9999 -9999 -9999 -9999 -9999 0.0764301534742117 0.148126402497292 0.105998082458973 0.0828223057091236 0.0808233924210072 0.0786990858614445 0.0777958791702986 0.0736229032278061 0.0479701087810099 0.0392279908061028 0.0334105032030493 0.0180769497528672 -0.0110956982927746 -0.0586294356442522 -0.0358832260593772 -0.0140132354572415 -0.010201514326036 -0.0184447133797221 -0.031669505732134 -0.0413714641705155 -0.0506836764514446 -0.0534603826701641 -0.0465186599642038 -0.0424110971391201 -0.0389621457085013 -0.030722010252066 -0.0309552628546953 -0.0198325009085238 -0.00252011194825172 0.0200156765757129
-9999 -9999 -9999 -9999 -9999 -9999 -9999 -9999 -9999 -9999 -9999 -9999 -9999 -9999 -9999 -9999 -9999 -9999 -9999 -9999 -9999 -9999 -9999 -9999 -9999 -9999 0.0892959889024496 0.119740749895573 0.0921321958303452 0.0831186376512051 0.0820803463459015 0.0810728091746569 0.0775960806757212 0.0678123279474676 0.0416217682883143 0.0308538753539324 0.0271287571638823 0.000831188261508942 -0.0135941202752292 -0.0193015872500837 -0.007483428157866 0.00223751347512007 0.00223296647891402 -0.00429920218884945 -0.0115699728834443 -0.0213926571421325 -0.0292397124692798 -0.0343713108450174 -0.0329404175281525 -0.0292580276727676 -0.0281962698325515 -0.0273413517512381 -0.0253265449777246 -0.0168931145220995 -0.00171744748950005 0.0173495612587431
-9999 -9999 -9999 -9999 -9999 -9999 -9999 -9999 -9999 -9999 -9999 -9999 -9999 -9999 -9999 -9999 -9999 -9999 -9999 -9999 -9999 -9999 -9999 -9999 -9999 -9999 0.101043694466352 0.0895118415355682 0.0834163889288902 0.0823830112814903 0.085492942482233 0.0812149100005627 0.0758187433704734 0.0613335374742746 0.037403523363173 0.0292277533560991 0.0101366883143783 -0.0111547938548028 -0.00399149265140295 0.023513562977314 0.0340306495316327 0.0287927879020572 0.0235271135345101 0.0155020491220057 0.00868764561600983 0.0019520471803844 -0.00721239903941751 -0.0164002173114568 -0.0217239923309535 -0.0195612673647702 -0.0171910891775042 -0.0190696379402652 -0.0191320898011327 -0.0115670431405306 0.000189189426600933 0.0153972595813684
-9999 -9999 -9999 -9999 -9999 -9999 -9999 -9999 -9999 -9999 -9999 -9999 -9999 -9999 -9999 -9999 -9999 -9999 -9999 -9999 -9999 -9999 -9999 -9999 -9999 -9999 0.101053795218468 0.07321005910635 0.0763683781027794 0.0783893398940563 0.0798757966607809 0.0759032959118486 0.0646189691498876 0.0457302495837212 0.0297012213617563 0.0194413030520082 0.00830802880227566 0.00320971421897411 0.0210468674078584 0.0468416128307581 0.0659088388085365 0.0602586388587952 0.047086500748992 0.0376547500491142 0.0364855665713549 0.0338325403630734 0.0127435045316815 -0.00947035923600197 -0.018146514473483 -0.0177859013085254 -0.013732336461544 -0.013279118295759 -0.0110426762155839 -0.00558044920326211 0.00262969583272934 0.0130563320592046
-9999 -9999 -9999 -9999 -9999 -9999 -9999 -9999 -9999 -9999 -9999 -9999 -9999 -9999 -9999 -9999 -9999 -9999 -9999 -9999 -9999 -9999 -9999 -9999 -9999 0.283755850791931 0.0923384062945843 0.071437457203865 0.0727468714118004 0.0732601977884769 0.0738243669271469 0.0647675486048684 0.0472889594733715 0.0299665082246065 0.0353972556069493 0.0819292709231377 0.0660714887082577 0.0379479823634028 0.0433722399175167 0.0694627575576305 0.0958894535899162 0.0727301105856895 0.0643934167921543 0.0628985457122326 0.0654805354773998 0.0858018986880779 0.0402043994516134 -0.000210501533001661 -0.0133623853325844 -0.0139891819097102 -0.00963795483112335 -0.00700181003194302 -0.00389631651341915 0.000328698335215449 0.00578595716506243 0.0108607195317745
-9999 -9999 -9999 -9999 -9999 -9999 -9999 -9999 -9999 -9999 -9999 -9999 -9999 -9999 -9999 -9999 -9999 -9999 -9999 -9999 -9999 -9999 -9999 -9999 -9999 0.183090054988861 0.0864841237664223 0.0744340039789677 0.0728847928345203 0.0697105929255486 0.0656392959877849 0.0552461693063378 0.0372161209583282 0.0322863228619099 0.0609068140387535 0.0819405809044838 0.0790426477789879 0.0690866328775883 0.0670501954853535 0.0727777749300003 0.0859912782907486 0.0742073245346546 0.0671441711485386 0.0652622051537037 0.0761265218257904 0.0831429488956928 0.0448980294167995 0.00934999425662681 -0.00336201302707195 -0.0067660697735846 -0.00182078001089394 -0.000835816515609622 0.00135132949799299 0.00453568492084742 0.00812231041491032 0.0115448780357838
-9999 -9999 -9999 -9999 -9999 -9999 -9999 -9999 -9999 -9999 -9999 -9999 -9999 -9999 -9999 -9999 -9999 -9999 -9999 -9999 -9999 -9999 -9999 -9999 -9999 0.145007374882698 0.0824706882238388 0.0758644059300423 0.073337634652853 0.0646546494215727 0.0589834697544575 0.0476491097360849 0.0350244348868728 0.0408827647566795 0.0601470552384853 0.0677546255290508 0.0700099885463715 0.0686160914599896 0.0688391633331776 0.0767592385411262 0.0781209096312523 0.069691140204668 0.0597251184284687 0.0579313993453979 0.0662705577909946 0.0779228217899799 0.0430369039997458 0.0127668419852853 0.0030579408747144 0.00104679299984127 0.00494772704550996 0.00445508891716599 0.00598827842622995 0.00847174860537052 0.0111727323383093 0.0130157705396414
-9999 -9999 -9999 -9999 -9999 -9999 -9999 -9999 -9999 -9999 -9999 -9999 -9999 -9999 -9999 -9999 -9999 -9999 -9999 -9999 -9999 -9999 -9999 -9999 -9999 0.096722761541605 0.0744848392903805 0.0709924675524235 0.0662757880985737 0.0569771282374859 0.0494349694810808 0.0427974393591285 0.0370507705025375 0.0440849002450705 0.0584680140018463 0.0596218749880791 0.0585881851613522 0.0571490593254566 0.0589050866663456 0.0650422230362892 0.0701531492173672 0.0625159174203873 0.0528770081698895 0.0470065675675869 0.0435928128659725 0.0398867243900895 0.0271597726270556 0.0143413733690977 0.00860949819907546 0.00658822222612798 0.00753352241590619 0.00830461550503969 0.0102521140128374 0.0120532346889377 0.0137622352689505 0.0147704999893904
-9999 -9999 -9999 -9999 -9999 -9999 -9999 -9999 -9999 -9999 -9999 -9999 -9999 -9999 -9999 -9999 -9999 -9999 -9999 -9999 -9999 -9999 -9999 -9999 -9999 0.0772906225174665 0.0648425191640854 0.0655630670487881 0.0594223722815514 0.0490398615598679 0.0425295688211918 0.0385513161309063 0.040035954490304 0.0507874883711338 0.0577857710421085 0.0554468899965286 0.0544385127723217 0.0519617587327957 0.051949230581522 0.0568761549890041 0.0604133456945419 0.0566641516983509 0.0474822178483009 0.0424138363450766 0.036174977151677 0.0300986981019378 0.0243371479213238 0.0168008854612708 0.0128305016085505 0.0112072575837374 0.0107144474051893 0.0119000988081098 0.01375163923949 0.0153765667229891 0.0168952651321888 0.0172436825931072
-9999 -9999 -9999 -9999 -9999 -9999 -9999 -9999 -9999 -9999 -9999 -9999 -9999 -9999 -9999 -9999 -9999 -9999 -9999 -9999 -9999 -9999 -9999 -9999 -9999 0.0660385452210903 0.0585339941084385 0.060423344373703 0.0535352781414986 0.0443041447550058 0.0398618615465239 0.0372350138379261 0.0429478041827679 0.0513632990419865 0.0550128631293774 0.0538900971412659 0.0511840887367725 0.0497144378721714 0.0496353074908257 0.0506122961640358 0.052177407592535 0.048896549642086 0.0441072277724743 0.0409415917471051 0.0355853098444641 0.030749299004674 0.0247326731681824 0.0193611096590757 0.016412697173655 0.0144900433719158 0.0139997027814388 0.0150590067729354 0.0168868497014046 0.0181730683892965 0.0193623080849648 0.0199662618339062
-9999 -9999 -9999 -9999 -9999 -9999 -9999 -9999 -9999 -9999 -9999 -9999 -9999 -9999 -9999 -9999 -9999 -9999 -9999 -9999 -9999 -9999 -9999 -9999 -9999 0.0646513752639294 0.0552998557686806 0.0585570782423019 0.0519683621823788 0.0425381291657686 0.037823113205377 0.0357183834770694 0.0419053290039301 0.0480056717991829 0.0503702558577061 0.0496686227619648 0.0483134128153324 0.0475525639951229 0.0472909785807133 0.0466514192521572 0.0468875706195831 0.0452615547925234 0.0442336961627007 0.0419679873157293 0.0361687105149031 0.0317803667858243 0.0273843675851822 0.022609244659543 0.0198917865753174 0.0176472686231136 0.0171697307378054 0.0179614849388599 0.0196158405393362 0.0208597827702761 0.0221242666244507 0.0225420366972685
-9999 -9999 -9999 -9999 -9999 -9999 -9999 -9999 -9999 -9999 -9999 -9999 -9999 -9999 -9999 -9999 -9999 -9999 -9999 -9999 -9999 -9999 -9999 -9999 -9999 0.0643814526498318 0.0529091656208038 0.0580572403967381 0.0533528730273247 0.0431376624852419 0.0375286306254566 0.0370702699263347 0.0407510587945581 0.0438382733613253 0.0453733492642641 0.0453515917062759 0.0454657785594463 0.0458470050245523 0.0457196183502674 0.0444552883505821 0.0438169602304697 0.0437214534729719 0.0443321911618113 0.0422946017002687 0.0375384014099836 0.0331591146066785 0.0288051221519709 0.0251767940819263 0.0224596813321114 0.0206938229501247 0.0203045554459095 0.0206876359879971 0.0218822158873081 0.0229495208710432 0.0241275236010551 0.0249923713505268
-9999 -9999 -9999 -9999 -9999 -9999 -9999 -9999 -9999 -9999 -9999 -9999 -9999 -9999 -9999 -9999 -9999 -9999 -9999 -9999 -9999 -9999 -9999 -9999 -9999 0.0669612236320972 0.0503264747560024 0.054414826631546 0.0542783603072166 0.0450143560767174 0.0391301412135363 0.0385722926002927 0.0422663973644376 0.043327753059566 0.0437761630862951 0.0439993549138308 0.0440158978104591 0.0446650121361017 0.0447188928723335 0.0429065488278866 0.0422949250787497 0.0427845483645797 0.0440676202066243 0.042867774143815 0.0382839516736567 0.0346293209120631 0.0311681997030973 0.0277962744235992 0.0251721143722534 0.023394064232707 0.0227769892662764 0.0227938368916512 0.0239910520613194 0.0250447154045105 0.026345781981945 0.027296095341444
-9999 -9999 -9999 -9999 -9999 -9999 -9999 -9999 -9999 -9999 -9999 -9999 -9999 -9999 -9999 -9999 -9999 -9999 -9999 -9999 -9999 -9999 -9999 -9999 -9999 0.0701978206634521 0.0483274273574352 0.0512878030538559 0.0533068582415581 0.0456658136099577 0.0428583197295666 0.042953893635422 0.0440243024379015 0.0442014370113611 0.0434099247679114 0.0420667886734009 0.0427167326211929 0.0430620905011892 0.0426686745136976 0.0419296558946371 0.0415794424712658 0.0420831253752112 0.0435460898093879 0.0427381078246981 0.0393141232430935 0.0363665455020964 0.0333200825378299 0.0304893348366022 0.0277751922607422 0.0257510792464018 0.0245966982096434 0.0247765269130468 0.026266972348094 0.0269478276371956 0.0281784649938345 0.0290469832718372
-9999 -9999 -9999 -9999 -9999 -9999 -9999 -9999 -9999 -9999 -9999 -9999 -9999 -9999 -9999 -9999 -9999 -9999 -9999 -9999 -9999 -9999 -9999 -9999 0.135917414724827 0.0662625201046467 0.0471066530793905 0.0495267286896706 0.0535807013511658 0.0456787317991257 0.0419986315071583 0.0437294064089656 0.0462817819789052 0.0451480485498905 0.04343117531389 0.0422068750485778 0.042566248960793 0.0430962221696973 0.0427715880796313 0.0417026855051518 0.0418775293976068 0.0417904328554869 0.0428655083291233 0.0425852390006185 0.0398376444820315 0.0371414070017636 0.034869491122663 0.032723543047905 0.0301605604588985 0.0278350446373224 0.0265767827630043 0.0266975451260805 0.0276879195123911 0.029731272533536 0.0367439445108175 0.042234712280333
