meets/meet004/_saidas_enm/ensemble_aver_Aralia_warmingiana_CCSM_21k_Maxent.asc
NCOLS 154 
NROWS 168 
XLLCORNER -112 
YLLCORNER -55.5 
CELLSIZE 0.5 
NODATA_value -9999 
[rows 100 to 124 of 168, columns 56 to 111 of 154]
-9999 -9999 -9999 -9999 -9999 -9999 -9999 -9999 -9999 -9999 -9999 -9999 -9999 -9999 -9999 -9999 -9999 -9999 -9999 -9999 -9999 -9999 -9999 -9999 -9999 -9999 -9999 -9999 0.119127938896418 0.152083864808083 0.174828031659126 0.0807183489203453 0.0694019772112369 0.0678240068256855 0.0825058981776237 0.065001754462719 0.0373811736702919 0.0282395521178842 0.0579855181276798 0.145815108716488 0.185569104552269 0.277445924282074 0.406602483987808 0.469213289022446 0.474039417505264 0.469894301891327 0.545739489793778 0.6604367852211 0.646369564533234 0.651188933849335 0.667828893661499 0.670446109771728 0.659292483329773 0.649818098545074 0.629276013374329 0.603295564651489
-9999 -9999 -9999 -9999 -9999 -9999 -9999 -9999 -9999 -9999 -9999 -9999 -9999 -9999 -9999 -9999 -9999 -9999 -9999 -9999 -9999 -9999 -9999 -9999 -9999 -9999 -9999 -9999 0.119788440316916 0.167363786697388 0.140412104129791 0.0773098796606064 0.0744273796677589 0.0732016555964947 0.0786517545580864 0.0639660812914371 0.0405342243611813 0.0316441509872675 0.0761285312473774 0.170420776307583 0.193969462811947 0.292673379182816 0.411159354448318 0.431069913506508 0.440493592619896 0.442842817306519 0.567793953418732 0.60626345872879 0.593814611434937 0.639038896560669 0.684926950931549 0.680198800563812 0.675919806957245 0.659228336811066 0.630331206321716 0.593843984603882
-9999 -9999 -9999 -9999 -9999 -9999 -9999 -9999 -9999 -9999 -9999 -9999 -9999 -9999 -9999 -9999 -9999 -9999 -9999 -9999 -9999 -9999 -9999 -9999 -9999 -9999 -9999 0.11706455424428 0.117910198122263 0.189866164326668 0.160842177271843 0.0828874558210373 0.0763552322983742 0.0696233794093132 0.0703611172735691 0.0580711878836155 0.0456108406186104 0.0428413923829794 0.107949948310852 0.189077717065811 0.218864548206329 0.3181176841259 0.466311067342758 0.475759214162827 0.409958922863007 0.411704176664352 0.555629789829254 0.601754009723663 0.591546714305878 0.620801639556885 0.651663279533386 0.666042709350586 0.673451340198517 0.670555078983307 0.647644746303558 0.60990788936615
-9999 -9999 -9999 -9999 -9999 -9999 -9999 -9999 -9999 -9999 -9999 -9999 -9999 -9999 -9999 -9999 -9999 -9999 -9999 -9999 -9999 -9999 -9999 -9999 -9999 -9999 -9999 0.109556896984577 0.123568700999022 0.218895629048347 0.159031444787979 0.0812591783702374 0.073272542655468 0.0641474835574627 0.0592370361089706 0.0545142382383347 0.0484604209661484 0.0543760381639004 0.132418385148048 0.173618884384632 0.222148011624813 0.327174761891365 0.468492978811264 0.476239264011383 0.392920136451721 0.388955277204514 0.494040006399155 0.597272634506226 0.59111762046814 0.605255043506622 0.619828248023987 0.635360646247864 0.644548070430756 0.650712084770203 0.644485795497894 0.620530998706818
-9999 -9999 -9999 -9999 -9999 -9999 -9999 -9999 -9999 -9999 -9999 -9999 -9999 -9999 -9999 -9999 -9999 -9999 -9999 -9999 -9999 -9999 -9999 -9999 -9999 -9999 -9999 0.11666132286191 0.125141311436892 0.235649991035461 0.163081640005112 0.084134866297245 0.0696973450481892 0.0552296824753284 0.0479350320994854 0.0468152035027742 0.0471622079610825 0.0642073631286621 0.0957766748964786 0.146707469969988 0.204809884727001 0.285317519307137 0.3725077688694 0.386947229504585 0.374746423959732 0.370319804549217 0.428527998924255 0.556869149208069 0.578260064125061 0.578283441066742 0.583750033378601 0.59497172832489 0.606733953952789 0.604820477962494 0.599451291561127 0.580348634719849
-9999 -9999 -9999 -9999 -9999 -9999 -9999 -9999 -9999 -9999 -9999 -9999 -9999 -9999 -9999 -9999 -9999 -9999 -9999 -9999 -9999 -9999 -9999 -9999 -9999 -9999 -9999 0.122396052628756 0.122022212296724 0.274447137117386 0.133653984963894 0.0776657700538635 0.0632326275110245 0.0495182037353516 0.040641587972641 0.0403561346232891 0.040452041849494 0.0457454476505518 0.0893793359398842 0.147627962380648 0.2118766233325 0.271769635379314 0.331032767891884 0.36235688328743 0.356754544377327 0.346777921915054 0.438456702232361 0.522443628311157 0.548097038269043 0.53921103477478 0.539222526550293 0.548985886573792 0.539060378074646 0.528063052892685 0.539791810512543 0.531185895204544
-9999 -9999 -9999 -9999 -9999 -9999 -9999 -9999 -9999 -9999 -9999 -9999 -9999 -9999 -9999 -9999 -9999 -9999 -9999 -9999 -9999 -9999 -9999 -9999 -9999 -9999 -9999 0.140157644450665 0.126073382794857 0.270572447776794 0.103080680966377 0.0701106108725071 0.0594829313457012 0.0425500061362982 0.0351327076554298 0.0290012530982494 0.0311015341430902 0.0426455115899444 0.0970064450055361 0.149710577726364 0.20864136070013 0.267469604313374 0.318405339121819 0.342805105447769 0.355545222759247 0.431961995363235 0.467819440364838 0.523053532838821 0.514179927110672 0.499708425998688 0.489425867795944 0.499894189834595 0.509687370061874 0.497909033298492 0.500771284103394 0.514122921228409
-9999 -9999 -9999 -9999 -9999 -9999 -9999 -9999 -9999 -9999 -9999 -9999 -9999 -9999 -9999 -9999 -9999 -9999 -9999 -9999 -9999 -9999 -9999 -9999 -9999 -9999 -9999 0.162803211808205 0.139870215952396 0.190804421901703 0.0893848210573196 0.0682176239788532 0.0559338591992855 0.0404255393892527 0.0277219152078033 0.0210314534604549 0.0258880600333214 0.0473223669454455 0.0950428530573845 0.153367161750793 0.208414095640182 0.260526403784752 0.301747906208038 0.324016898870468 0.323038271069527 0.383965313434601 0.419880068302155 0.478582656383514 0.485311597585678 0.465892595052719 0.445767086744308 0.453049653768539 0.46149845123291 0.461997413635254 0.474066990613937 0.47598631978035
-9999 -9999 -9999 -9999 -9999 -9999 -9999 -9999 -9999 -9999 -9999 -9999 -9999 -9999 -9999 -9999 -9999 -9999 -9999 -9999 -9999 -9999 -9999 -9999 -9999 -9999 -9999 0.206258171796799 0.167033040523529 0.137254637479782 0.087867097556591 0.0712746642529964 0.0595009326934814 0.0411180384457111 0.0253363691270351 0.0160184215754271 0.0264067469164729 0.0567373035475612 0.0932960759848356 0.153113709390163 0.212375922501087 0.254625575244427 0.288469776511192 0.307144004106522 0.307509848475456 0.304621797800064 0.313618746399879 0.353391253948212 0.413877075910568 0.432025218009949 0.413057076931 0.414665096998215 0.418474984169006 0.419518846273422 0.434326672554016 0.436155849695206
-9999 -9999 -9999 -9999 -9999 -9999 -9999 -9999 -9999 -9999 -9999 -9999 -9999 -9999 -9999 -9999 -9999 -9999 -9999 -9999 -9999 -9999 -9999 -9999 -9999 -9999 -9999 0.193246528506279 0.148791314661503 0.115167191624641 0.0767210140824318 0.0756285205483437 0.0703765191137791 0.0461408913135529 0.0252818422392011 0.0197047984227538 0.042199844866991 0.0847477130591869 0.11887334138155 0.155398412048817 0.210152165591717 0.248030097782612 0.274600023031235 0.290365135669708 0.290289044380188 0.283776023983955 0.27109383046627 0.284010329842567 0.333860647678375 0.388656651973724 0.386878603696823 0.384935355186462 0.383295524120331 0.383716654777527 0.39858535528183 0.401671004295349
-9999 -9999 -9999 -9999 -9999 -9999 -9999 -9999 -9999 -9999 -9999 -9999 -9999 -9999 -9999 -9999 -9999 -9999 -9999 -9999 -9999 -9999 -9999 -9999 -9999 -9999 0.131447449326515 0.142430345714092 0.121590684354305 0.107357557117939 0.0558998685330152 0.0638599015772343 0.0881297081708908 0.0604677200317383 0.0354698542505503 0.0239405781030655 0.0486678145825863 0.102310238778591 0.194060191512108 0.195134457945824 0.208765396475792 0.235687066614628 0.258846670389175 0.269878086447716 0.262322889268398 0.25726743042469 0.24162412583828 0.257136145234108 0.293248248100281 0.31908238530159 0.336380439996719 0.348774802684784 0.34361959695816 0.355343586206436 0.368776565790176 0.368974053859711
-9999 -9999 -9999 -9999 -9999 -9999 -9999 -9999 -9999 -9999 -9999 -9999 -9999 -9999 -9999 -9999 -9999 -9999 -9999 -9999 -9999 -9999 -9999 -9999 -9999 -9999 0.110199323296547 0.119595940411091 0.108966617286205 0.0811255156993866 0.0520352955907583 0.0562896978110075 0.085581923276186 0.0842262342572212 0.0563378743827343 0.0529016904532909 0.0715486295521259 0.132905180752277 0.218157306313515 0.230767017602921 0.20473534911871 0.21085316836834 0.22461362183094 0.232856859266758 0.22773796916008 0.220290359854698 0.217002001404762 0.232182234525681 0.257502409815788 0.279978975653648 0.293016105890274 0.305709475278854 0.310744601488113 0.323814582824707 0.338221049308777 0.342372339963913
-9999 -9999 -9999 -9999 -9999 -9999 -9999 -9999 -9999 -9999 -9999 -9999 -9999 -9999 -9999 -9999 -9999 -9999 -9999 -9999 -9999 -9999 -9999 -9999 -9999 -9999 0.0992430672049522 0.0886404186487198 0.0781464502215385 0.0467219021171331 0.0602014880627394 0.0728424437344074 0.093739976733923 0.111890564858913 0.0916840009391308 0.0797980234026909 0.106540821492672 0.173530554771423 0.231353399157524 0.252020555734634 0.234565180540085 0.218877631425858 0.20001036375761 0.194805401563644 0.200082992017269 0.196679744124413 0.214568138122559 0.21673279106617 0.22661466896534 0.243604895472527 0.261942735314369 0.271722608804703 0.2773268699646 0.290258330106735 0.300705343484879 0.302936828136444
-9999 -9999 -9999 -9999 -9999 -9999 -9999 -9999 -9999 -9999 -9999 -9999 -9999 -9999 -9999 -9999 -9999 -9999 -9999 -9999 -9999 -9999 -9999 -9999 -9999 -9999 0.08932084441185 0.0544210515916348 0.0511272318661213 0.0394313782453537 0.07608228251338 0.0865166414529085 0.141945070028305 0.149410702288151 0.114893192052841 0.103600865602493 0.137929992377758 0.21141577064991 0.248348721861839 0.277294993400574 0.299579459428787 0.271962946653366 0.238870117068291 0.234248340129852 0.256321346759796 0.269733259081841 0.241258934140205 0.206110072135925 0.200265111029148 0.210135146975517 0.226578906178474 0.240359637141228 0.250454059243202 0.264179494976997 0.272972857952118 0.27801718711853
-9999 -9999 -9999 -9999 -9999 -9999 -9999 -9999 -9999 -9999 -9999 -9999 -9999 -9999 -9999 -9999 -9999 -9999 -9999 -9999 -9999 -9999 -9999 -9999 -9999 0.144615541398525 0.0871914118528366 0.0349546775221825 0.0292103730142117 0.0403346018865705 0.0777013938874006 0.0963661089539528 0.205285140872002 0.176818493008614 0.132592073082924 0.103243327140808 0.158818686008453 0.241712179780006 0.263081866502762 0.282183852791786 0.275827088952065 0.285480189323425 0.275240394473076 0.285894918441772 0.290189135074615 0.286605158448219 0.29058358669281 0.198936951160431 0.17458263784647 0.179119443893433 0.196054685115814 0.212589636445045 0.224209687113762 0.237783449888229 0.245588076114655 0.256742960214615
-9999 -9999 -9999 -9999 -9999 -9999 -9999 -9999 -9999 -9999 -9999 -9999 -9999 -9999 -9999 -9999 -9999 -9999 -9999 -9999 -9999 -9999 -9999 -9999 -9999 0.115186636149883 0.0797892391681671 0.041069769859314 0.0212661270052195 0.0451305065304041 0.0769690550863743 0.1164251960814 0.209788253903389 0.187929350137711 0.146607819199562 0.134972761571407 0.169817450642586 0.234839394688606 0.268310087919235 0.267859020829201 0.260112842917442 0.262373453378677 0.267423665523529 0.271193850040436 0.267828992009163 0.262390792369843 0.27267778813839 0.191018015146255 0.162082096934319 0.160307990014553 0.176157069206238 0.185423290729523 0.193317341804504 0.206728720664978 0.214585477113724 0.223759865760803
-9999 -9999 -9999 -9999 -9999 -9999 -9999 -9999 -9999 -9999 -9999 -9999 -9999 -9999 -9999 -9999 -9999 -9999 -9999 -9999 -9999 -9999 -9999 -9999 -9999 0.111894848942757 0.074243975430727 0.0275818590074778 0.0228045554831624 0.0506647355854511 0.0776927929371595 0.124493762850761 0.209480845928192 0.200926440954208 0.161797219514847 0.142373828589916 0.169344115257263 0.218035662174225 0.232464855909348 0.229762399196625 0.237025761604309 0.241356983780861 0.23231141269207 0.242855307459831 0.250023040175438 0.241920909285545 0.248414409160614 0.163751895725727 0.142210741341114 0.143463140726089 0.157542890310287 0.161918707191944 0.166459786891937 0.17709027826786 0.184266176819801 0.193887504935265
-9999 -9999 -9999 -9999 -9999 -9999 -9999 -9999 -9999 -9999 -9999 -9999 -9999 -9999 -9999 -9999 -9999 -9999 -9999 -9999 -9999 -9999 -9999 -9999 -9999 0.0808446288108826 0.0615758538246155 0.0286540813744068 0.0222926495596766 0.0461649846285582 0.0700694113969803 0.118791927397251 0.195771405100822 0.209392815828323 0.169620928168297 0.14813874065876 0.15824476480484 0.178592118620872 0.185641014575958 0.195795527100563 0.204969236254692 0.218654391169548 0.183631101250648 0.175783008337021 0.186355674266815 0.18804327249527 0.163151189684868 0.138858172297478 0.131258860230446 0.12931571751833 0.133501547574997 0.138597364723682 0.144921460747719 0.156926146149635 0.164486047625542 0.173940247297287
-9999 -9999 -9999 -9999 -9999 -9999 -9999 -9999 -9999 -9999 -9999 -9999 -9999 -9999 -9999 -9999 -9999 -9999 -9999 -9999 -9999 -9999 -9999 -9999 -9999 0.0644466824829578 0.0508341275155544 0.029212848097086 0.0190157218836248 0.0404440401121974 0.0722562164068222 0.111173693835735 0.173054644465446 0.20834236741066 0.163258516788483 0.12828025072813 0.129977920651436 0.142669515311718 0.152363032102585 0.164581492543221 0.177027729153633 0.183655244112015 0.139127431809902 0.125888514518738 0.122867225110531 0.111867760121822 0.118391803652048 0.116666204482317 0.116810538619757 0.11476069688797 0.114568073302507 0.121247278153896 0.127442705631256 0.138194574415684 0.145583821833134 0.157105681300163
-9999 -9999 -9999 -9999 -9999 -9999 -9999 -9999 -9999 -9999 -9999 -9999 -9999 -9999 -9999 -9999 -9999 -9999 -9999 -9999 -9999 -9999 -9999 -9999 -9999 0.0577666595578194 0.0429533205926418 0.0277319576591253 0.0188467565923929 0.0362348865717649 0.0625995509326458 0.0979257270693779 0.166672760248184 0.185782757401466 0.147219015657902 0.116250485181808 0.115921641886234 0.124116319417953 0.131522327661514 0.14451842457056 0.15951846241951 0.137863187491894 0.102045354247093 0.102454427629709 0.106042189896107 0.105635983496904 0.10621600151062 0.106300726532936 0.105983180552721 0.102850279957056 0.101321798563004 0.105216436088085 0.110507872700691 0.122135439515114 0.131184281408787 0.140350997447968
-9999 -9999 -9999 -9999 -9999 -9999 -9999 -9999 -9999 -9999 -9999 -9999 -9999 -9999 -9999 -9999 -9999 -9999 -9999 -9999 -9999 -9999 -9999 -9999 -9999 0.05481331422925 0.0395503334701061 0.0242954656481743 0.0165319133549929 0.0319897459819913 0.0571287468075752 0.0817658945918083 0.133725064992905 0.165015381574631 0.13774798810482 0.112861809134483 0.111500279605389 0.113986098766327 0.119973342120647 0.131925921142101 0.13551457375288 0.108715607225895 0.0866778708994389 0.0941036507487297 0.0975695356726646 0.100281696766615 0.101286792010069 0.100497760623693 0.099611646682024 0.0968581639230251 0.0941502101719379 0.0959131971001625 0.100105109810829 0.109135146439075 0.117028139531612 0.127677670121193
-9999 -9999 -9999 -9999 -9999 -9999 -9999 -9999 -9999 -9999 -9999 -9999 -9999 -9999 -9999 -9999 -9999 -9999 -9999 -9999 -9999 -9999 -9999 -9999 -9999 0.0528113171458244 0.0375404182821512 0.0230240717530251 0.0129053382202983 0.0275061246007681 0.0541482418775558 0.0728197615593672 0.0861863881349564 0.101572766900063 0.11702274531126 0.118458038568497 0.114181946218014 0.0968621104955673 0.0890759900212288 0.101727557182312 0.104705698788166 0.0893720783293247 0.0789375029504299 0.0853251241147518 0.0900134429335594 0.0930866226553917 0.095530954003334 0.0959904544055462 0.0957182064652443 0.092862556129694 0.0894174508750439 0.0865739606320858 0.0927397727966309 0.103078365325928 0.108809551596642 0.116581352055073
-9999 -9999 -9999 -9999 -9999 -9999 -9999 -9999 -9999 -9999 -9999 -9999 -9999 -9999 -9999 -9999 -9999 -9999 -9999 -9999 -9999 -9999 -9999 -9999 -9999 0.0552570514380932 0.0395934361964464 0.0228661049157381 0.0109641007147729 0.0237066175788641 0.0491545960307121 0.0670091204345226 0.0719772264361382 0.0689758446067572 0.0734235033392906 0.0744430862367153 0.0801796823740006 0.075252777338028 0.0743283368647099 0.0940584972500801 0.0965155884623528 0.0854885831475258 0.0718394279479981 0.0776156477630138 0.0801138781011105 0.0830702163279056 0.0867910593748093 0.089838257431984 0.0918827570974827 0.0901945240795612 0.0879961341619492 0.0857728935778141 0.0833281166851521 0.0812526293098927 0.0848823428153992 0.0843879967927933
-9999 -9999 -9999 -9999 -9999 -9999 -9999 -9999 -9999 -9999 -9999 -9999 -9999 -9999 -9999 -9999 -9999 -9999 -9999 -9999 -9999 -9999 -9999 -9999 -9999 0.0580470152199268 0.0376425161957741 0.0217562736943364 0.0105575447902083 0.0195086291991174 0.0424926936626434 0.0592418856918812 0.0647350907325745 0.0648828946053982 0.0594832692295313 0.0694757863879204 0.0699682079255581 0.0703715890645981 0.0754056751728058 0.0938115879893303 0.10419332832098 0.0908613607287407 0.0720850571990013 0.0694705501198769 0.0713474057614803 0.0730974607169628 0.0774193070828915 0.0823253959417343 0.0857813566923142 0.0869239948689938 0.0877102121710777 0.0838830254971981 0.0797823861241341 0.0766865596175194 0.0723903514444828 0.0709133461117744
-9999 -9999 -9999 -9999 -9999 -9999 -9999 -9999 -9999 -9999 -9999 -9999 -9999 -9999 -9999 -9999 -9999 -9999 -9999 -9999 -9999 -9999 -9999 -9999 0.0485955223441124 0.0597095876932144 0.0369771003723145 0.0200003135949373 0.012117269821465 0.0149228887632489 0.0322792056947947 0.0485234122723341 0.0580327183008194 0.0610796451568604 0.0548226095736027 0.0543067548424006 0.0567996390163898 0.0586020931601524 0.0647361099720001 0.0873735174536705 0.108717042207718 0.096415439248085 0.0769588567316532 0.072310221940279 0.0730997823178768 0.0742269240319729 0.0680277295410633 0.0724512755870819 0.0758385464549065 0.0779917486011982 0.0792409226298332 0.0775124967098236 0.0755044661462307 0.0737496584653854 0.0700474750250578 0.0685611076653004
