meets/meet004/_saidas_enm/ensemble_aver_Aralia_warmingiana_CCSM_21k_SVM.asc
NCOLS 154 
NROWS 168 
XLLCORNER -112 
YLLCORNER -55.5 
CELLSIZE 0.5 
NODATA_value -9999 
[rows 75 to 99 of 168, columns 56 to 111 of 154]
-9999 -9999 -9999 -9999 -9999 -9999 -9999 -9999 -9999 -9999 -9999 0.0847822450101376 0.07728286460042 0.0772373117506504 0.0995561704039574 0.1396494358778 0.161563003063202 0.281224644184113 0.343918162584305 0.280487544834614 0.325634035468101 0.36767570078373 0.426079469919205 0.469527196884155 0.508326190710068 0.542783844470978 0.546728366613388 0.566862565279007 0.572643840312958 0.581797313690186 0.595498722791672 0.600310301780701 0.608179223537445 0.62434886097908 0.645563060045242 0.664965814352036 0.690468895435333 0.714876484870911 0.744561803340912 0.774489641189575 0.79423668384552 0.799869203567505 0.795801627635956 0.784829878807068 0.76723518371582 0.757985365390778 0.747741794586182 0.727752506732941 0.685054683685303 0.618327993154526 0.542699182033539 0.482496106624603 0.425184631347656 0.384385401010513 0.348965501785278 0.318885532021523
-9999 -9999 -9999 -9999 -9999 -9999 -9999 -9999 -9999 -9999 -9999 0.0887379497289658 0.0911951519548893 0.0794488877058029 0.0951479032635689 0.122253108024597 0.133627128601074 0.197671969234943 0.273042190074921 0.238212135434151 0.221944636851549 0.303493231534958 0.370756208896637 0.424647957086563 0.469333106279373 0.511834311485291 0.512881547212601 0.528618478775024 0.538062155246735 0.548679256439209 0.562062638998032 0.570639085769653 0.585342687368393 0.597376763820648 0.616685611009598 0.635099655389786 0.652450186014175 0.673589956760406 0.705183231830597 0.743116939067841 0.777309954166412 0.794828367233276 0.807755506038666 0.814881801605225 0.813725161552429 0.817779910564423 0.80759871006012 0.784385621547699 0.742466914653778 0.676946091651917 0.605710422992706 0.537954616546631 0.459370803833008 0.401803320646286 0.355253332853317 0.31273136138916
-9999 -9999 -9999 -9999 -9999 -9999 -9999 -9999 -9999 -9999 -9999 -9999 0.108846414089203 0.0919019445776939 0.0975515648722649 0.116983965039253 0.121440218389034 0.108266554772854 0.122337095439434 0.1471789162606 0.18638909496367 0.232345666736364 0.303126858174801 0.348549488186836 0.434496080875397 0.486798709630966 0.497441965341568 0.484905111789703 0.484691619873047 0.49190810918808 0.515304654836655 0.520369452238083 0.540134972333908 0.555968511104584 0.573869943618774 0.592039132118225 0.605258160829544 0.621087509393692 0.647549158334732 0.68192013502121 0.716458082199097 0.738968777656555 0.756587791442871 0.778488111495972 0.802838325500488 0.822719168663025 0.823849272727966 0.806864678859711 0.77150262594223 0.707360672950745 0.628124904632568 0.561080002784729 0.494072258472443 0.44180720448494 0.394624996185303 0.354719805717468
-9999 -9999 -9999 -9999 -9999 -9999 -9999 -9999 -9999 -9999 -9999 -9999 0.0961192481219768 0.118513780087233 0.127357991784811 0.133935841917992 0.101246289908886 0.0789933755993843 0.0738627217710018 0.0814678270369768 0.153593646734953 0.17265035957098 0.245939316600561 0.331812453269959 0.44195881485939 0.503027260303497 0.461272829771042 0.430571812391281 0.42444840669632 0.421157085895538 0.463533997535706 0.460782188177109 0.476474821567535 0.499407762289047 0.522974371910095 0.539115673303604 0.55482971072197 0.559738278388977 0.580326211452484 0.61399102807045 0.63979617357254 0.666327297687531 0.676432663202286 0.703923797607422 0.744629919528961 0.772343266010284 0.794771099090576 0.794261705875397 0.770974540710449 0.71051869392395 0.640371537208557 0.592326593399048 0.537523716688156 0.494113785028458 0.455178982019424 0.421788215637207
-9999 -9999 -9999 -9999 -9999 -9999 -9999 -9999 -9999 -9999 -9999 -9999 -9999 0.0987067423760891 0.145103584229946 0.106933782994747 0.0806888177990913 0.0727687913924456 0.070344814285636 0.0690401457250118 0.0770934961736202 0.10413766503334 0.221196779608726 0.382612472772598 0.506433987617493 0.555604475736618 0.486891955137253 0.39438324868679 0.357400950789452 0.367422816157341 0.383103013038635 0.392775303125381 0.412996661663055 0.439054596424103 0.461232513189316 0.487545996904373 0.503534573316574 0.511636281013489 0.527253723144531 0.550047290325165 0.57331371307373 0.597338169813156 0.61418564915657 0.648087412118912 0.689881992340088 0.721436297893524 0.74966733455658 0.766555106639862 0.758844840526581 0.718924081325531 0.668039357662201 0.629871428012848 0.594035494327545 0.566456300020218 0.539482033252716 0.520188039541244
-9999 -9999 -9999 -9999 -9999 -9999 -9999 -9999 -9999 -9999 -9999 -9999 -9999 0.108486849069595 0.158890891075134 0.0835054866969585 0.0690629687160254 0.073951123142615 0.074191991891712 0.0697349799796939 0.07105503808707 0.0645603567361832 0.131367523223162 0.243583343923092 0.320513412356377 0.524573534727097 0.483255767822266 0.371012473106384 0.314696291089058 0.324169024825096 0.31735534965992 0.321908527612686 0.350289425253868 0.381774413585663 0.402792650461197 0.435176473855972 0.461710596084595 0.47599418759346 0.489273434877396 0.505984938144684 0.521277236938477 0.553097701072693 0.577683883905411 0.616101682186127 0.661920237541199 0.688305711746216 0.720581233501434 0.746763575077057 0.749521112442017 0.7242959856987 0.692780041694641 0.673019826412201 0.652457690238953 0.639483916759491 0.607784104347229 0.567387861013412
-9999 -9999 -9999 -9999 -9999 -9999 -9999 -9999 -9999 -9999 -9999 -9999 -9999 -9999 0.167178349196911 0.114001892507076 0.0689957097172737 0.068309859931469 0.0697969552129507 0.0682400984689593 0.0628595000132918 0.0468752641230822 0.0394357211887836 0.0430394936352968 0.0615603424608707 0.127179103344679 0.219738230109215 0.326470017433167 0.326794435083866 0.287526848912239 0.259700460731983 0.281494212150574 0.291013252735138 0.320875290036201 0.36998046040535 0.404158335924149 0.435816991329193 0.458935993909836 0.473433268070221 0.487821954488754 0.505856156349182 0.534630262851715 0.566129904985428 0.606498044729233 0.645083773136139 0.672014582157135 0.701201152801514 0.726435148715973 0.734562814235687 0.720435035228729 0.705170965194702 0.701245403289795 0.672366976737976 0.640512323379517 0.62933543920517 0.608897590637207
-9999 -9999 -9999 -9999 -9999 -9999 -9999 -9999 -9999 -9999 -9999 -9999 -9999 -9999 0.113402307033539 0.126825766265392 0.0768641069531441 0.0622589830309153 0.0650060623884201 0.0680370513349771 0.0640549350529909 0.0597978994250298 0.0693797819316387 0.0713249787688255 0.0586054936051369 0.0539792992174625 0.0470541559159756 0.094113870896399 0.163554216641933 0.147790736705065 0.146302610635757 0.231382568180561 0.252314245700836 0.27991791665554 0.345401313900948 0.385128384828567 0.438901960849762 0.475240409374237 0.488043254613876 0.493583601713181 0.498344975709915 0.529707425832748 0.562423729896545 0.6050572514534 0.637950658798218 0.65959849357605 0.692653620243073 0.714178442955017 0.726632130146027 0.723009729385376 0.711947011947632 0.704387497901916 0.664605391025543 0.643260741233826 0.649782645702362 0.652729737758637
-9999 -9999 -9999 -9999 -9999 -9999 -9999 -9999 -9999 -9999 -9999 -9999 -9999 -9999 -9999 0.104280081391335 0.088981456309557 0.0607610173523426 0.0595628313720226 0.066181655600667 0.0720742275938392 0.0730696646496654 0.0796917411498725 0.0815955170430243 0.0805212979204953 0.0803629743400961 0.0733779234811664 0.0666620410978794 0.0513773076236248 0.0658619977533817 0.139483901485801 0.205799054354429 0.215972492098808 0.231480805575848 0.31411052942276 0.391508829593658 0.438390552997589 0.465392446517944 0.497868871688843 0.531651794910431 0.551098620891571 0.542091339826584 0.556572329998016 0.594343650341034 0.632397294044495 0.662900590896606 0.690476882457733 0.710170030593872 0.716848421096802 0.725628423690796 0.721046245098114 0.704830932617188 0.679389691352844 0.664799547195435 0.662969434261322 0.665412902832031
-9999 -9999 -9999 -9999 -9999 -9999 -9999 -9999 -9999 -9999 -9999 -9999 -9999 -9999 -9999 0.116533175110817 0.108438809216022 0.0617708396166563 0.049466548115015 0.0586916603147984 0.0738989749923348 0.0738619254902005 0.0831599604338407 0.0848060240969062 0.0844860574230552 0.0868380419909954 0.0848781619220972 0.0856400303542614 0.0808972854400054 0.0515080098062754 0.101533601433039 0.144146459363401 0.169710269570351 0.219663463532925 0.29257498383522 0.398873949050903 0.423377007246017 0.440299844741821 0.487638467550278 0.567934226989746 0.644719183444977 0.566612827777863 0.550374150276184 0.58535670042038 0.625871241092682 0.660977494716644 0.680785012245178 0.68418116569519 0.694088089466095 0.709494554996491 0.717587816715241 0.711065495014191 0.693966329097748 0.680030417442322 0.671326506137848 0.667581152915955
-9999 -9999 -9999 -9999 -9999 -9999 -9999 -9999 -9999 -9999 -9999 -9999 -9999 -9999 -9999 0.160510139167309 0.104143151640892 0.0678060164675117 0.0604065865278244 0.0517547152936459 0.0554734170436859 0.0652638457715511 0.074044594168663 0.078848815523088 0.0796590942423791 0.0806603853590786 0.0810157975181937 0.0826684437692165 0.0771129386965185 0.0593927130103111 0.0645838137716055 0.115685878694057 0.194164177775383 0.311722822487354 0.336272406578064 0.366473039984703 0.396429222822189 0.415916126966476 0.462074500322342 0.547342431545258 0.622064995765686 0.54824475646019 0.54495080113411 0.584096121788025 0.622125661373138 0.648725640773773 0.656976366043091 0.660059547424316 0.670254766941071 0.693782901763916 0.710986399650574 0.704306209087372 0.690966176986694 0.6755406498909 0.656656765937805 0.64882892370224
-9999 -9999 -9999 -9999 -9999 -9999 -9999 -9999 -9999 -9999 -9999 -9999 -9999 -9999 -9999 -9999 0.204881125688553 0.0778751038014889 0.062928862683475 0.0644969251006842 0.0561889156699181 0.0543726429343224 0.065366543084383 0.0715470239520073 0.0744570195674896 0.0764096615836024 0.0774358031339943 0.0799224497750401 0.076693190028891 0.0705246281810105 0.0683627077378333 0.0889075383543968 0.16337023973465 0.305870813131332 0.400282555818558 0.424731776118279 0.431645107269287 0.4352310359478 0.467172902822495 0.529020929336548 0.604867839813232 0.52816898226738 0.540967953205109 0.568192601203918 0.596621465682983 0.621650636196136 0.62817884683609 0.631799066066742 0.643116688728332 0.66647697687149 0.686892151832581 0.669309341907501 0.656376457214355 0.639156174659729 0.611868005990982 0.611055725812912
-9999 -9999 -9999 -9999 -9999 -9999 -9999 -9999 -9999 -9999 -9999 -9999 -9999 -9999 -9999 -9999 -9999 0.222105839848518 0.105418035387993 0.0595084689557552 0.0822573572397232 0.0636430852115154 0.0579575732350349 0.061893904954195 0.0681136876344681 0.073820748180151 0.0780925333499908 0.080522780911997 0.0802343036048114 0.0763398069422692 0.0754697727039456 0.0685680769383907 0.0868919834494591 0.152747111022472 0.317870882153511 0.54267795085907 0.553812140226364 0.517201507091522 0.48262146115303 0.500144648551941 0.515956789255142 0.524676048755646 0.545255368947983 0.563501906394958 0.575674057006836 0.589058542251587 0.598916172981262 0.603325611352921 0.612128603458405 0.622148209810257 0.621152073144913 0.60175564289093 0.566592168807983 0.551518309116364 0.550690740346909 0.553321361541748
-9999 -9999 -9999 -9999 -9999 -9999 -9999 -9999 -9999 -9999 -9999 -9999 -9999 -9999 -9999 -9999 -9999 -9999 -9999 0.103096663951874 0.0556514732539654 0.0604488451033831 0.064437123760581 0.0622526992112398 0.0639418661594391 0.0687252663075924 0.0740697108209133 0.0797898125834763 0.0808766571804881 0.0786505767144263 0.0767960570752621 0.0690145691507496 0.0625618306919932 0.0757265090942383 0.150408487021923 0.371892443299293 0.539385777711868 0.645111364126205 0.60980087518692 0.582946068048477 0.56229248046875 0.553815829753876 0.552369117736816 0.55617578625679 0.55810986161232 0.56567890048027 0.57394472360611 0.575412684679031 0.581731194257736 0.588278025388718 0.578718197345734 0.549581724405289 0.494203561544418 0.479111623764038 0.493507194519043 0.509106820821762
-9999 -9999 -9999 -9999 -9999 -9999 -9999 -9999 -9999 -9999 -9999 -9999 -9999 -9999 -9999 -9999 -9999 -9999 -9999 -9999 -9999 0.101952661573887 0.0770166013389826 0.0735524637624621 0.0694146318361163 0.0642621219158173 0.0688024073839188 0.07480891905725 0.0785431126132607 0.0801441042916849 0.0779892486985773 0.0711557889066171 0.0678430009633303 0.0599500235170126 0.0646553389728069 0.118016082048416 0.269470980763435 0.587217611074448 0.691393780708313 0.654906630516052 0.586622774600983 0.563928878307343 0.544727611541748 0.546323555707932 0.550318121910095 0.555428701639175 0.569042801856995 0.575700777769089 0.573562270402908 0.58326427936554 0.575725662708283 0.534934437274933 0.486624103784561 0.466927373409271 0.470962834358215 0.506349730491638
-9999 -9999 -9999 -9999 -9999 -9999 -9999 -9999 -9999 -9999 -9999 -9999 -9999 -9999 -9999 -9999 -9999 -9999 -9999 -9999 -9999 -9999 -9999 0.10632566511631 0.0840528830885887 0.0691140389768407 0.0670608207583427 0.0712130483239889 0.0743798322975636 0.0777547791600227 0.0778108109720051 0.0738916621543467 0.0666858463548124 0.06202695928514 0.0553869994357228 0.0572433285415173 0.109472669661045 0.260432001948357 0.501879775524139 0.637954574823379 0.637890237569809 0.607067948579788 0.567948585748672 0.55394669175148 0.551738083362579 0.563576376438141 0.580732315778732 0.59050697684288 0.590333378314972 0.59516926407814 0.585082626342773 0.546377789974213 0.496750277280808 0.470043563842773 0.470928776264191 0.490558332204819
-9999 -9999 -9999 -9999 -9999 -9999 -9999 -9999 -9999 -9999 -9999 -9999 -9999 -9999 -9999 -9999 -9999 -9999 -9999 -9999 -9999 -9999 -9999 -9999 -9999 0.0714109816588461 0.0654983768239617 0.0654565105214715 0.0689660266041756 0.0729879692196846 0.0740584779530764 0.0754447245970368 0.0734132805839181 0.0666796064004302 0.0610819010064006 0.0631779873743653 0.0586923016235232 0.0971665352582931 0.2337765365839 0.523770475387573 0.669992429018021 0.644751667976379 0.611629450321198 0.592266607284546 0.585818642377853 0.597534769773483 0.60229623913765 0.618604207038879 0.619873523712158 0.612379705905914 0.597877073287964 0.55361340045929 0.510602682828903 0.484223395586014 0.464792913198471 0.448370623588562
-9999 -9999 -9999 -9999 -9999 -9999 -9999 -9999 -9999 -9999 -9999 -9999 -9999 -9999 -9999 -9999 -9999 -9999 -9999 -9999 -9999 -9999 -9999 -9999 -9999 0.104727263748646 0.0731544226408005 0.0659892313182354 0.0688269715756178 0.0694624906405807 0.0689579058438539 0.0712440893054009 0.0728681892156601 0.0717087592929602 0.0664203338325024 0.0598163671791554 0.0546971052885056 0.0693816743791103 0.149072888493538 0.378100001811981 0.631610715389252 0.671691882610321 0.667566692829132 0.648241811990738 0.628582322597504 0.633872050046921 0.632145553827286 0.637628674507141 0.631701534986496 0.617908662557602 0.591623681783676 0.552776461839676 0.52313831448555 0.501376748085022 0.483842098712921 0.447960144281387
-9999 -9999 -9999 -9999 -9999 -9999 -9999 -9999 -9999 -9999 -9999 -9999 -9999 -9999 -9999 -9999 -9999 -9999 -9999 -9999 -9999 -9999 -9999 -9999 -9999 -9999 -9999 0.0721283949911594 0.0719226516783237 0.0790841355919838 0.0760010237805545 0.0690521113574505 0.0689695179462433 0.0688675336539745 0.0693733021616936 0.0658913731575012 0.059917913377285 0.0649332597851753 0.118339639902115 0.288305577635765 0.571715635061264 0.699223029613495 0.700773215293884 0.669243884086609 0.650505548715591 0.650583577156067 0.643448048830032 0.634804260730743 0.626295047998428 0.602801823616028 0.570358991622925 0.550954407453537 0.536330437660217 0.523223793506622 0.505949342250824 0.46917787194252
-9999 -9999 -9999 -9999 -9999 -9999 -9999 -9999 -9999 -9999 -9999 -9999 -9999 -9999 -9999 -9999 -9999 -9999 -9999 -9999 -9999 -9999 -9999 -9999 -9999 -9999 -9999 0.0920803561806679 0.0750359274446964 0.0928914234042168 0.0763185299932957 0.0647687554359436 0.062909609079361 0.0637323528528213 0.0641633950173855 0.0644261948764324 0.0616225361824036 0.0636154618347064 0.096005292236805 0.232414120435715 0.55736231803894 0.739864248037338 0.688414096832275 0.625117301940918 0.626532763242722 0.6517369389534 0.644098192453384 0.623278653621674 0.606818753480911 0.583957290649414 0.564499771595001 0.55664929151535 0.554174906015396 0.553205120563507 0.547320079803467 0.529930037260055
-9999 -9999 -9999 -9999 -9999 -9999 -9999 -9999 -9999 -9999 -9999 -9999 -9999 -9999 -9999 -9999 -9999 -9999 -9999 -9999 -9999 -9999 -9999 -9999 -9999 -9999 -9999 -9999 0.0826717987656593 0.107054021954536 0.0732813887298107 0.0552874766290188 0.0574331328272819 0.0614429540932179 0.0605224706232548 0.0581351190805435 0.0569167383015156 0.0586662663146853 0.0668775595724583 0.170545114576817 0.47947518825531 0.772096729278564 0.734147953987122 0.591376864910126 0.58233642578125 0.647793346643448 0.619370985031128 0.593022906780243 0.577198600769043 0.564484298229218 0.547846704721451 0.559702891111374 0.581200760602951 0.596734291315079 0.59295020699501 0.597211384773254
-9999 -9999 -9999 -9999 -9999 -9999 -9999 -9999 -9999 -9999 -9999 -9999 -9999 -9999 -9999 -9999 -9999 -9999 -9999 -9999 -9999 -9999 -9999 -9999 -9999 -9999 -9999 -9999 0.0865243881940842 0.11931806653738 0.0792867992073298 0.048870924860239 0.059681724011898 0.0654604464769363 0.0607041299343109 0.0544951520860195 0.0510599076747894 0.0506827056407928 0.0567771583795547 0.127919334173203 0.411761811375618 0.754079413414001 0.775495326519012 0.625404131412506 0.55353844165802 0.541141813993454 0.556202405691147 0.58375256061554 0.58541231751442 0.568513709306717 0.569963771104813 0.578329634666443 0.598460406064987 0.625837302207947 0.647407561540604 0.681286060810089
-9999 -9999 -9999 -9999 -9999 -9999 -9999 -9999 -9999 -9999 -9999 -9999 -9999 -9999 -9999 -9999 -9999 -9999 -9999 -9999 -9999 -9999 -9999 -9999 -9999 -9999 -9999 -9999 0.0851003982126713 0.123125797510147 0.0880028281360865 0.0472375974059105 0.0680049076676369 0.0727628074586391 0.0626642599701881 0.0533244997262955 0.0478075861930847 0.0479035824537277 0.0518112227320671 0.101299309451133 0.349882765859365 0.740638363361359 0.766006004810333 0.609950596094131 0.530208545923233 0.49708651304245 0.489178615808487 0.553769958019257 0.605042016506195 0.587536698579788 0.603379154205322 0.607593125104904 0.619718056917191 0.652081620693207 0.698097896575928 0.754618537425995
-9999 -9999 -9999 -9999 -9999 -9999 -9999 -9999 -9999 -9999 -9999 -9999 -9999 -9999 -9999 -9999 -9999 -9999 -9999 -9999 -9999 -9999 -9999 -9999 -9999 -9999 -9999 -9999 0.08643584176898 0.119625620543957 0.0681165607646108 0.0485313095152378 0.0674868956208229 0.0722350545227528 0.0646856673061848 0.055198635160923 0.0475359708070755 0.0450739033520222 0.0479999184608459 0.100114508345723 0.352193019911647 0.706553059816361 0.7347163438797 0.565580439567566 0.479485028982162 0.466447043418884 0.475617498159409 0.508008873462677 0.561119365692139 0.606815057992935 0.630645817518234 0.645817631483078 0.663276714086533 0.700827103853226 0.758327615261078 0.821493637561798
-9999 -9999 -9999 -9999 -9999 -9999 -9999 -9999 -9999 -9999 -9999 -9999 -9999 -9999 -9999 -9999 -9999 -9999 -9999 -9999 -9999 -9999 -9999 -9999 -9999 -9999 -9999 -9999 0.0876457586884499 0.109913154691458 0.0532642859965563 0.0508798591792583 0.0672179937362671 0.0712018541991711 0.0647222891449928 0.0577820375561714 0.0463548332452774 0.0430610038340092 0.0450803525745869 0.109552773553878 0.376074399799109 0.696870565414429 0.655310827493668 0.474651604890823 0.410977500677109 0.406966459751129 0.453321677446365 0.511545830965042 0.556887954473495 0.597756457328796 0.656291830539703 0.681826359033585 0.704820245504379 0.752634847164154 0.81847015619278 0.872955477237701
