meets/meet004/_saidas_enm/ensemble_aver_Cavanillesia_umbellata_CCSM_0k_SVM.asc
NCOLS 154 
NROWS 168 
XLLCORNER -112 
YLLCORNER -55.5 
CELLSIZE 0.5 
NODATA_value -9999 
[rows 96 to 119 of 168, columns 56 to 111 of 154]
-9999 -9999 -9999 -9999 -9999 -9999 -9999 -9999 -9999 -9999 -9999 -9999 -9999 -9999 -9999 -9999 -9999 -9999 -9999 -9999 -9999 -9999 -9999 -9999 -9999 -9999 -9999 -9999 0.0648764975368977 0.0762592818588018 0.0684890136122704 0.0733478066744283 0.0790297787636518 0.0821422260254621 0.0740951584652066 0.0581600118021015 0.0466635088436306 0.0678932868409902 0.112357363849878 0.0839503603987396 -0.00226396843791008 -0.00954057276248932 0.0540962185710669 0.0420055659487844 0.0284923735074699 0.060061101987958 0.113150350749493 0.157173001766205 0.126220607757568 0.0288219529204071 -0.00707804122939706 0.00277403546497226 0.0532976862043142 0.0735482007265091 0.0484275676310062 0.00363053814508021
-9999 -9999 -9999 -9999 -9999 -9999 -9999 -9999 -9999 -9999 -9999 -9999 -9999 -9999 -9999 -9999 -9999 -9999 -9999 -9999 -9999 -9999 -9999 -9999 -9999 -9999 -9999 -9999 0.0631102561950684 0.0781460396945477 0.0652887251228094 0.0729017345234752 0.0828288748860359 0.0864330090582371 0.0757533460855484 0.0578601295594126 0.0410713302902877 0.0558638259768486 0.0861328840255737 0.0550751025555655 -0.0230490774847567 -0.0462885331362486 0.00369714173211833 -0.00168882794678211 -0.0222565016709268 -0.0280325043946505 0.00289152581244707 0.138846333324909 0.166751706600189 0.0446114318445325 -0.00738346520811319 0.0197979241529538 0.0711512684822082 0.0875845953822136 0.0569001100957394 0.0204483484849334
-9999 -9999 -9999 -9999 -9999 -9999 -9999 -9999 -9999 -9999 -9999 -9999 -9999 -9999 -9999 -9999 -9999 -9999 -9999 -9999 -9999 -9999 -9999 -9999 -9999 -9999 -9999 -9999 0.0603198878467083 0.0777081862092018 0.0667260870337486 0.0729992305859923 0.082674864679575 0.085994978249073 0.0766366325318813 0.0563577379798517 0.0374570091255009 0.0484717197716236 0.0692193139344454 0.0416973803192377 -0.0320819360204041 -0.0759059362113476 -0.0359565211459994 -0.0360788628458977 -0.0463493730872869 -0.0505746074020863 -0.0430882249027491 0.00347413523122668 0.0427895202534273 0.0580520275980234 0.0572875548154116 0.0639251053333282 0.0713726371526718 0.0699727229773998 0.0560243707150221 0.0292503366828896
-9999 -9999 -9999 -9999 -9999 -9999 -9999 -9999 -9999 -9999 -9999 -9999 -9999 -9999 -9999 -9999 -9999 -9999 -9999 -9999 -9999 -9999 -9999 -9999 -9999 -9999 -9999 -9999 0.0576808735728264 0.0781631551682949 0.0659756042063236 0.0738214293494821 0.0826360624283552 0.085223475843668 0.0753339303657413 0.0567825837060809 0.0357190747745335 0.0486049181781709 0.0680458907037973 0.0308247875422239 -0.0458728144410998 -0.0904846336692572 -0.0690969012677669 -0.0670944340527058 -0.0659394420683384 -0.0648744396865368 -0.0605283580720425 -0.0236965125892311 0.00985434036701918 0.0636191606521606 0.176102313399315 0.095656743645668 0.0630052715539932 0.058803129196167 0.0525407087057829 0.0401615394279361
-9999 -9999 -9999 -9999 -9999 -9999 -9999 -9999 -9999 -9999 -9999 -9999 -9999 -9999 -9999 -9999 -9999 -9999 -9999 -9999 -9999 -9999 -9999 -9999 -9999 -9999 -9999 -9999 0.0558908052742481 0.0788371935486794 0.0729888710193336 0.0751160832121968 0.0807319093495607 0.0822775293141604 0.0729333646595478 0.0523908881645184 0.0352186048403382 0.0481038196012378 0.0614165272563696 0.0164240512996912 -0.0615318284137174 -0.104942129552364 -0.0933318391442299 -0.090324792265892 -0.0832607880234718 -0.0826305545866489 -0.0848042652010918 -0.0274148099124432 0.0346499301027507 0.0496282916516066 0.0465231034904718 0.054953421652317 0.0572622433304787 0.0583522759377956 0.0536500554531813 0.0372848062776029
-9999 -9999 -9999 -9999 -9999 -9999 -9999 -9999 -9999 -9999 -9999 -9999 -9999 -9999 -9999 -9999 -9999 -9999 -9999 -9999 -9999 -9999 -9999 -9999 -9999 -9999 -9999 -9999 0.0544662639498711 0.0806582480669022 0.0751708187628537 0.0760915758088231 0.0797286901623011 0.0803376961499453 0.0689998669549823 0.0507780746556818 0.0369794752448797 0.0549806352704763 0.0620768569409847 0.00297651207074523 -0.0745272979140282 -0.107790899276733 -0.101684300601482 -0.103190903365612 -0.0960831828415394 -0.0944809697568417 -0.0893165946006775 0.0372460973449051 0.103211197257042 0.0331761171575636 0.0313935931771994 0.0472844123840332 0.0558128982782364 0.0613534063100815 0.0636145383119583 0.0402522189542651
-9999 -9999 -9999 -9999 -9999 -9999 -9999 -9999 -9999 -9999 -9999 -9999 -9999 -9999 -9999 -9999 -9999 -9999 -9999 -9999 -9999 -9999 -9999 -9999 -9999 -9999 -9999 0.0681799232959747 0.0520108446478844 0.0818419277667999 0.0765108142048121 0.0759293237701058 0.0783830907195806 0.0779725309461355 0.0660136019811034 0.0488573206588626 0.0413386129657738 0.0616356290876865 0.0503046419471502 -0.0151475060265511 -0.0818283423781395 -0.0964379981160164 -0.0871360413730145 -0.0991588264703751 -0.100610500574112 -0.100707380473614 -0.0923523306846619 -0.00640038317069411 0.0481303302571177 0.0197863116394728 0.0125594252254814 0.0417636424303055 0.0672139808535576 0.0745302565395832 0.0771434038877487 0.0720280542969704
-9999 -9999 -9999 -9999 -9999 -9999 -9999 -9999 -9999 -9999 -9999 -9999 -9999 -9999 -9999 -9999 -9999 -9999 -9999 -9999 -9999 -9999 -9999 -9999 -9999 -9999 -9999 0.0686406575143337 0.0516090072691441 0.0842906132340431 0.0764722928404808 0.0756129655987024 0.077245682105422 0.0767969325184822 0.0634940573014319 0.0490175302606076 0.0419650002848357 0.0573608249425888 0.0321617938578129 -0.0306331966072321 -0.0836828071624041 -0.0858104102313519 -0.0735583014786243 -0.0902506731450558 -0.0956649601459503 -0.0966076031327248 -0.0987131521105766 -0.049443743750453 -0.004519550409168 -0.0092740067280829 -0.00718341786414385 0.0155704776756465 0.0442250305786729 0.0846286065876484 0.107379378378391 0.109703945368528
-9999 -9999 -9999 -9999 -9999 -9999 -9999 -9999 -9999 -9999 -9999 -9999 -9999 -9999 -9999 -9999 -9999 -9999 -9999 -9999 -9999 -9999 -9999 -9999 -9999 -9999 -9999 0.0684197969734669 0.053415285795927 0.0866323471069336 0.0756696783006191 0.074425657838583 0.0768346250057221 0.0767432074993849 0.0621986251790076 0.0460901721846312 0.036171859561 0.0333575575612485 0.0151669068261981 -0.040196829661727 -0.0896641161292791 -0.0835110358893871 -0.0817057594656944 -0.0872015878558159 -0.0890322707593441 -0.0899773761630058 -0.0985554501414299 -0.0740571051836014 -0.0428415719419718 -0.0308738330379128 -0.0357341812734376 -0.013797596655786 0.0175954294390976 0.062028981372714 0.109539554268122 0.153365121781826
-9999 -9999 -9999 -9999 -9999 -9999 -9999 -9999 -9999 -9999 -9999 -9999 -9999 -9999 -9999 -9999 -9999 -9999 -9999 -9999 -9999 -9999 -9999 -9999 -9999 -9999 -9999 0.0718171611428261 0.0588280729949474 0.0895835131406784 0.0731746453791857 0.0729575764387846 0.0768783316016197 0.0780445035547018 0.0600975717883557 0.0401277776807547 0.0305621646344662 0.0280052958056331 0.0156514355912805 -0.0422518169507384 -0.0877704426646233 -0.0781193912029266 -0.0750849582254887 -0.0808050252497196 -0.0841959089040756 -0.0895833969116211 -0.0870706118643284 -0.0620375141501427 -0.0342155288904905 -0.0154412788222544 -0.0282102529803524 -0.0198565971106291 -0.00687171500176191 0.0354576165787876 0.0919021137058735 0.144089929759502
-9999 -9999 -9999 -9999 -9999 -9999 -9999 -9999 -9999 -9999 -9999 -9999 -9999 -9999 -9999 -9999 -9999 -9999 -9999 -9999 -9999 -9999 -9999 -9999 -9999 -9999 -9999 0.0874291598796844 0.0743366777896881 0.0894115969538689 0.0719080470502377 0.0726053893566132 0.0775529101490974 0.080011298879981 0.05757613372989 0.0344078020221787 0.0320040771737695 0.0301597382873297 0.0218775874003768 -0.0388729627244174 -0.0758789282292128 -0.0675223182886839 -0.0683337762951851 -0.0734539940953255 -0.0749720275402069 -0.0571755193173885 -0.0515938065946102 -0.0170087767764926 0.0201734625268728 0.037518104352057 0.0592446766793728 0.00886400488670915 -0.0129549132660031 0.0125533980317414 0.0581104716286063 0.106688603013754
-9999 -9999 -9999 -9999 -9999 -9999 -9999 -9999 -9999 -9999 -9999 -9999 -9999 -9999 -9999 -9999 -9999 -9999 -9999 -9999 -9999 -9999 -9999 -9999 -9999 -9999 -9999 0.126456044614315 0.0947588205337524 0.086822048574686 0.0732857562601566 0.073958545178175 0.0783953730016947 0.0810749817639589 0.0564331334549934 0.0381155667826533 0.0383681461215019 0.0355859050527215 0.0293855372816324 -0.0354151334380731 -0.068028793297708 -0.0575635459274054 -0.0582377202808857 -0.0656852848827839 -0.0701884999871254 -0.05509212911129 -0.0498348727822304 -0.0207438929006457 0.0196597981266677 0.0576181843876839 0.0822688117623329 0.0255365157499909 -0.0141030555590987 -0.0015737272799015 0.0409030884504318 0.091938504576683
-9999 -9999 -9999 -9999 -9999 -9999 -9999 -9999 -9999 -9999 -9999 -9999 -9999 -9999 -9999 -9999 -9999 -9999 -9999 -9999 -9999 -9999 -9999 -9999 -9999 -9999 -9999 0.171590185165405 0.117718584835529 0.0841998644173145 0.0767184622585773 0.0757835179567337 0.078943719342351 0.0808307312428951 0.0532668609172106 0.0465776545926928 0.0443255983293056 0.0423272676765919 0.0371646322309971 -0.0317019056528807 -0.0608287654817104 -0.0501552717760205 -0.0491761285811663 -0.0548826079815626 -0.0641831681132317 -0.0727028854191303 -0.0703043781220913 -0.0589430399239063 -0.0296632198616862 0.0232064312323928 0.0435626707971096 0.0128603317542002 -0.0191580545157194 -0.0107221801066771 0.0229975277557969 0.0725754581391811
-9999 -9999 -9999 -9999 -9999 -9999 -9999 -9999 -9999 -9999 -9999 -9999 -9999 -9999 -9999 -9999 -9999 -9999 -9999 -9999 -9999 -9999 -9999 -9999 -9999 -9999 -9999 0.179795253276825 0.117855061590672 0.0837358884513378 0.077887275069952 0.0760780811309814 0.0772448141127825 0.07618412617594 0.0455689093330875 0.0433644704520702 0.0466687574982643 0.0506701216101646 0.034364328160882 -0.025741962227039 -0.049889198760502 -0.0400804335251451 -0.040007608756423 -0.0463951975107193 -0.0551090128719807 -0.0637199588119984 -0.0673766322433949 -0.0597723416984081 -0.0393677040934563 -0.00781108626397327 0.00436241119168699 -0.00771998940035701 -0.0222208678722382 -0.0125401720404625 0.0158216836396605 0.055630642734468
-9999 -9999 -9999 -9999 -9999 -9999 -9999 -9999 -9999 -9999 -9999 -9999 -9999 -9999 -9999 -9999 -9999 -9999 -9999 -9999 -9999 -9999 -9999 -9999 -9999 -9999 0.109856633096933 0.160686706006527 0.10973559319973 0.0832346059381962 0.0801787592470646 0.0764414064586163 0.0761585768312216 0.0691103126853704 0.0349890010431409 0.0446162931621075 0.0543213307857513 0.059744780510664 0.0528780842199922 0.00509708023164421 -0.0264148153364658 -0.0230550765641965 -0.0285098580643535 -0.0366632994264364 -0.0429319944232702 -0.0490158122032881 -0.0474111337214708 -0.0377519994974136 -0.0239555387757719 -0.0175308416597545 -0.0169379499740899 -0.0164312345441431 -0.0206572696566582 -0.0111263260245323 0.00910843797028065 0.0384397773072124
-9999 -9999 -9999 -9999 -9999 -9999 -9999 -9999 -9999 -9999 -9999 -9999 -9999 -9999 -9999 -9999 -9999 -9999 -9999 -9999 -9999 -9999 -9999 -9999 -9999 -9999 0.109678460657597 0.125287103652954 0.0930961415171623 0.0825810872018337 0.0806045472621918 0.0774082254618406 0.0753322647884488 0.0606395572423935 0.0292591821402311 0.0391055837273598 0.0545575067400932 0.0540557276457548 0.0707002632319927 0.0463296588510275 0.0152986719273031 0.00414722021669149 -0.00575401280075312 -0.0160368173383176 -0.0210463954135776 -0.0242886922787875 -0.0255069001577795 -0.0237828828394413 -0.0188169611152261 -0.0158960046654101 -0.0162479519407498 -0.0177172122057527 -0.0169565411284566 -0.007381314682425 0.00957715497352183 0.0309188585728407
-9999 -9999 -9999 -9999 -9999 -9999 -9999 -9999 -9999 -9999 -9999 -9999 -9999 -9999 -9999 -9999 -9999 -9999 -9999 -9999 -9999 -9999 -9999 -9999 -9999 -9999 0.109169839322567 0.0869307942688465 0.08199562728405 0.0810190789401531 0.0833444707095623 0.0766682434827089 0.0724751619622111 0.0525996845215559 0.0305853990837932 0.0433504681102932 0.0468729863874614 0.0575236987322569 0.0745971158146858 0.0741464145481587 0.0566956155002117 0.0412932135164738 0.024617628660053 0.0145634501241148 0.0104165865108371 0.00338541967794299 -0.00106771141290665 -0.0113635683432221 -0.0157835183199495 -0.0135475974529982 -0.0100618865340948 -0.0137434460222721 -0.0130780428182334 -0.00422975728288293 0.00722319829510525 0.0232194820418954
-9999 -9999 -9999 -9999 -9999 -9999 -9999 -9999 -9999 -9999 -9999 -9999 -9999 -9999 -9999 -9999 -9999 -9999 -9999 -9999 -9999 -9999 -9999 -9999 -9999 -9999 0.101989755779505 0.0692634984850884 0.0736593507230282 0.0758119635283947 0.0750205479562283 0.0694669802673161 0.058027832955122 0.0389171410351992 0.0346349313855171 0.0589727193117142 0.0780103445053101 0.0827541708946228 0.0843172445893288 0.0884314194321632 0.0904679387807846 0.0759311147034168 0.0584936574101448 0.0506503574550152 0.0533122219145298 0.0531135190278292 0.0291401925496757 -0.000322209484875202 -0.0127502187155187 -0.0135969053953886 -0.010682325810194 -0.0105145439505577 -0.00867620250210166 -0.00288070376263931 0.00504600312560797 0.0152152292430401
-9999 -9999 -9999 -9999 -9999 -9999 -9999 -9999 -9999 -9999 -9999 -9999 -9999 -9999 -9999 -9999 -9999 -9999 -9999 -9999 -9999 -9999 -9999 -9999 -9999 0.301156762242317 0.0920309714972973 0.0682637937366962 0.0693013906478882 0.0684769183397293 0.068863982707262 0.0572846483439207 0.0416170258074999 0.0408917938359082 0.0792046219110489 0.109629307687283 0.120159894227982 0.101053959131241 0.0871531307697296 0.0970844894647598 0.108401957154274 0.090816093981266 0.0782516464591026 0.0771222814917564 0.086006436496973 0.105038522183895 0.0603756919503212 0.0087251509539783 -0.00985847748816013 -0.0109603799879551 -0.00848013418726623 -0.00652439617551863 -0.00466629629954696 -0.0016122667118907 0.00246943887323141 0.00743087362498045
-9999 -9999 -9999 -9999 -9999 -9999 -9999 -9999 -9999 -9999 -9999 -9999 -9999 -9999 -9999 -9999 -9999 -9999 -9999 -9999 -9999 -9999 -9999 -9999 -9999 0.188904163241386 0.0849724985659122 0.071358498185873 0.069122002273798 0.0631784852594137 0.0594535617157817 0.0458238858729601 0.0435303364065476 0.0799328461289406 0.106485365331173 0.102416943013668 0.102509054541588 0.101518151164055 0.093478599190712 0.0923294842243195 0.095063753426075 0.085776786506176 0.0774647079408169 0.0777817532420158 0.0885260075330734 0.0939765498042107 0.0606718130409718 0.016800607170444 -0.00120139217469841 -0.00478250562446192 -0.00212291637435555 -0.00202851148787886 -0.00129843391478062 0.000275729782879353 0.00257603414356709 0.00524373240768909
-9999 -9999 -9999 -9999 -9999 -9999 -9999 -9999 -9999 -9999 -9999 -9999 -9999 -9999 -9999 -9999 -9999 -9999 -9999 -9999 -9999 -9999 -9999 -9999 -9999 0.148611116409302 0.0813950344920158 0.0728994153439999 0.0690841838717461 0.0578753374516964 0.052564756385982 0.0407478349283338 0.0561259523034096 0.094729720056057 0.0914775893092155 0.0753966674208641 0.0774192094802856 0.0833306208252907 0.0833366826176643 0.0832815676927567 0.0829819798469544 0.0758115030825138 0.066003356128931 0.0631511494517326 0.0701685167849064 0.080946084856987 0.048155817942461 0.0149402325856499 0.00290093971416354 0.000942990370094776 0.003141287015751 0.00236615729518235 0.00277399532496929 0.00372315123677254 0.00523157753050327 0.00640223473310471
-9999 -9999 -9999 -9999 -9999 -9999 -9999 -9999 -9999 -9999 -9999 -9999 -9999 -9999 -9999 -9999 -9999 -9999 -9999 -9999 -9999 -9999 -9999 -9999 -9999 0.100428953021765 0.0725131183862686 0.0674839422106743 0.0612462811172009 0.0495498366653919 0.0430297015234828 0.0390151952509768 0.0571254104375839 0.0804625242948532 0.0752341225743294 0.0646339990198612 0.0631826877593994 0.0630162797868252 0.0637679278850555 0.0681798443198204 0.0709807522594929 0.064256239682436 0.0525942839682102 0.0450388602912426 0.0412208128720522 0.0367091584950685 0.0252833399921656 0.0127658596495166 0.00667935851961374 0.00508305339608341 0.00584137118421495 0.00626385053619742 0.00712539479136467 0.00754626747220755 0.0084220252931118 0.00910305120050907
-9999 -9999 -9999 -9999 -9999 -9999 -9999 -9999 -9999 -9999 -9999 -9999 -9999 -9999 -9999 -9999 -9999 -9999 -9999 -9999 -9999 -9999 -9999 -9999 -9999 0.0817445784807205 0.0632331371307373 0.0618523120880127 0.0539895787835121 0.0420322734862566 0.0389864036347717 0.0374703790992498 0.0541159607470036 0.0692423671483993 0.0639068633317947 0.056320883333683 0.0558535218238831 0.052420986443758 0.0515273794531822 0.056271343678236 0.0593851871788502 0.0534244447946548 0.0413964314386249 0.033502762299031 0.0268679164350033 0.021284768730402 0.0167357731610537 0.0117981887422502 0.00916459811851382 0.00871642539277673 0.00911638857796788 0.0100399283692241 0.0111981036141515 0.0116687605157495 0.0127682339400053 0.0129388451576233
-9999 -9999 -9999 -9999 -9999 -9999 -9999 -9999 -9999 -9999 -9999 -9999 -9999 -9999 -9999 -9999 -9999 -9999 -9999 -9999 -9999 -9999 -9999 -9999 -9999 0.0710611421614885 0.0564692430198193 0.0565344341099262 0.0482426226139069 0.0383444622159004 0.0350808445364237 0.035785332787782 0.0508042961359024 0.0599617019295692 0.0573126345872879 0.0536935843527317 0.0523939698934555 0.0494184192270041 0.0482039868831634 0.0493598431348801 0.0499651551246643 0.0440976548939943 0.0359799548517913 0.0315443992614746 0.0262309033423662 0.0214385259896517 0.0168587813153863 0.0136904135346413 0.0120989644899964 0.0118052603676915 0.0125182554125786 0.0136874994263053 0.015064736828208 0.0153836332261562 0.0161708932369947 0.0169122762978077
