meets/meet004/_saidas_enm/ensemble_aver_Cavanillesia_umbellata_CCSM_6k_Maha.asc
NCOLS 154 
NROWS 168 
XLLCORNER -112 
YLLCORNER -55.5 
CELLSIZE 0.5 
NODATA_value -9999 
[rows 75 to 99 of 168, columns 56 to 111 of 154]
-9999 -9999 -9999 -9999 -9999 -9999 -9999 -9999 -9999 -9999 -9999 -21.3518146514893 -3.36151959896088 -7.95197973251343 -10.1139093399048 -8.42431135177612 -6.15989198684692 -5.28490381240845 -4.65399308204651 -3.96990995407104 -4.49827747344971 -6.13391065597534 -8.87577657699585 -10.3283215522766 -10.0771164894104 -9.99919929504395 -9.65988845825195 -9.39215803146362 -9.20849132537842 -8.66672086715698 -8.58249788284302 -8.32758188247681 -8.37802352905273 -8.3311842918396 -7.94040307998657 -7.84960088729858 -7.23385229110718 -6.9389310836792 -6.38621416091919 -5.61510601043701 -5.17995791435242 -4.43373608589172 -3.97063369750977 -3.4780547618866 -3.15643925666809 -3.38339519500732 -3.72793760299683 -4.34604482650757 -5.11429872512817 -5.97501707077026 -6.96998424530029 -7.63402862548828 -8.27828855514526 -8.55710134506226 -8.92029085159302 -10.5724889755249
-9999 -9999 -9999 -9999 -9999 -9999 -9999 -9999 -9999 -9999 -9999 -25.8697303771973 -2.54431707859039 -6.31240463256836 -7.06076774597168 -5.69394273757935 -5.65221519470215 -3.86191277503967 -4.09700779914856 -3.31017217636108 -3.13153069019318 -4.49792356491089 -6.79765882492065 -8.4636625289917 -9.17160787582397 -9.63639974594116 -9.70362119674683 -9.39817066192627 -9.22779865264893 -9.00648946762085 -9.16435956954956 -8.95066480636597 -8.98524656295776 -8.98413543701172 -8.4981616973877 -8.51803550720215 -8.08699913024902 -7.7026894569397 -7.30483379364014 -6.59953775405884 -6.23314018249512 -5.58307375907898 -5.19029474258423 -4.71617560386658 -3.95313124656677 -3.7158495426178 -3.86529498100281 -4.32463388442993 -4.99380655288696 -5.76361885070801 -6.64023714065552 -7.28395204544067 -7.89624109268189 -8.5175708770752 -10.088233757019 -11.8437734603882
-9999 -9999 -9999 -9999 -9999 -9999 -9999 -9999 -9999 -9999 -9999 -9999 -6.20179615020752 -2.42588050365448 -4.10293464660645 -4.68008713722229 -4.41662330627441 -5.10064783096314 -2.89536118507385 -2.02815177440643 -2.88798260688782 -3.40952532291412 -4.6432147026062 -6.31988701820373 -7.52447986602783 -8.89558744430542 -9.03334369659424 -8.69069309234619 -8.70517711639404 -8.77900848388672 -9.09548196792603 -8.97513675689697 -8.98561029434204 -9.02583694458008 -8.75466508865356 -8.78165302276611 -8.56579866409302 -8.35751705169678 -7.99985055923462 -7.35329027175903 -6.92814321517944 -6.36556024551392 -6.11576614379883 -5.76773729324341 -5.14371609687805 -4.84446597099304 -4.72050352096558 -4.97106676101685 -5.42567892074585 -5.96522979736328 -6.71991701126099 -7.37144365310669 -8.28506774902344 -9.69038906097412 -11.2036617279053 -12.8048715591431
-9999 -9999 -9999 -9999 -9999 -9999 -9999 -9999 -9999 -9999 -9999 -9999 -23.0539558410645 -5.03678884506226 -2.48382215499878 -9.32884187698364 -7.78992118835449 -5.16957101821899 -4.31385917663574 -3.95353727340698 -2.92843508720398 -3.33611454963684 -2.98441622257233 -4.45757880210877 -6.16299147605896 -8.7543794631958 -8.05990715026855 -7.50913343429565 -7.49468231201172 -7.89837427139282 -8.6395583152771 -8.51696014404297 -8.50184745788574 -8.6480845451355 -8.52225818634033 -8.83622064590454 -8.91995468139648 -9.08241491317749 -8.88184385299683 -7.96461544036865 -7.43662824630737 -7.02625389099121 -6.84564952850342 -6.66541442871094 -6.1099102973938 -6.18538045883179 -6.15062732696533 -6.17754249572754 -6.5651328086853 -6.94361362457275 -7.65953559875488 -8.6255744934082 -9.83805236816406 -11.1462665557861 -12.4724956512451 -13.9652721405029
-9999 -9999 -9999 -9999 -9999 -9999 -9999 -9999 -9999 -9999 -9999 -9999 -9999 -19.3143991470337 -3.08548173904419 -9.02493906021118 -12.8295637130737 -10.8274106025696 -9.2857871055603 -5.76118202209473 -5.88991432189941 -2.37521281242371 -3.72888379096985 -3.90588245391846 -5.57320127487183 -6.61041555404663 -5.72634658813477 -5.44952220916748 -5.83155670166016 -6.20226302146912 -7.06549415588379 -7.28254537582397 -7.59909238815308 -8.03191413879395 -8.32079925537109 -8.98411493301392 -9.20426607131958 -9.43786458969116 -9.40877828598022 -8.91907367706299 -8.39597187042236 -7.61564712524414 -7.23152198791504 -7.07076940536499 -6.96924476623535 -7.28163681030273 -7.49597578048706 -7.81980762481689 -8.37280950546265 -8.74978361129761 -9.44195871353149 -10.2442493438721 -11.42848777771 -12.5899614334106 -13.6530107498169 -14.7967962265015
-9999 -9999 -9999 -9999 -9999 -9999 -9999 -9999 -9999 -9999 -9999 -9999 -9999 -35.11962890625 -5.43325119018555 -14.417728805542 -16.270245552063 -21.5408851623535 -23.1055820465088 -16.9014083862305 -12.8586196899414 -7.57991600036621 -2.85867004394531 -5.76988220214844 -6.53422088623047 -5.55390148162842 -4.68968386650085 -3.77927236557007 -4.61661791801453 -4.57896785736084 -5.5376208782196 -5.74748558998108 -6.13004212379456 -6.77394647598267 -7.58742504119873 -8.86200008392334 -8.71571254730225 -9.15747747421265 -9.41535291671753 -9.64602308273316 -9.81043062210083 -8.663587474823 -7.52672634124756 -7.72052574157715 -7.76842002868652 -8.16722888946533 -8.78658390045166 -9.48821077346802 -10.3081231117249 -10.8103527069092 -11.4522506713867 -12.1477996826172 -13.0131992340088 -13.7541652679443 -14.4333841323853 -15.641254234314
-9999 -9999 -9999 -9999 -9999 -9999 -9999 -9999 -9999 -9999 -9999 -9999 -9999 -9999 -14.7416793823242 -5.93498921394348 -11.0567386627197 -22.6599346160889 -29.3127658843994 -26.0507135391235 -17.202840423584 -5.39510407447815 -6.43357181549072 -8.80847873687744 -8.66110363006592 -10.2851959228516 -6.96990489959717 -4.83304953575134 -4.62673044204712 -2.90216834545136 -3.59083256721497 -3.3916202545166 -4.41270189285278 -5.34434843063354 -6.03811249732971 -6.94749393463135 -7.16885175704956 -7.75450057983398 -8.31345777511597 -8.77503805160523 -9.25097150802612 -9.07488298416138 -8.93514919281006 -9.14076461791992 -8.76258125305176 -9.20254240036011 -9.86275815963745 -10.900883102417 -11.9571228027344 -12.54645652771 -13.3543895721436 -13.825803565979 -14.4005239486694 -14.5954847335815 -14.2190216064453 -14.5351470947266
-9999 -9999 -9999 -9999 -9999 -9999 -9999 -9999 -9999 -9999 -9999 -9999 -9999 -9999 -26.0864250183105 -14.999366569519 -7.74574511647224 -18.9996873855591 -31.2030307769775 -30.7146068572998 -24.6510465621948 -14.158896446228 -8.34666752815247 -9.96074981689453 -11.944206237793 -21.4016284942627 -12.4526851654053 -8.03824710845947 -5.4483883857727 -1.67673716545105 -1.86147730350494 -2.67964279651642 -3.04331538677216 -3.51394367218018 -4.44271154403687 -5.27162561416626 -5.36581735610962 -5.71814842224121 -7.00585308074951 -7.68596544265747 -9.42854328155518 -10.0037331581116 -10.4835943222046 -10.1662220001221 -9.66143560409546 -10.1549751281738 -10.8648589134216 -11.9242294311523 -12.9589363098145 -13.4515937805176 -14.8403806686401 -14.6635356903076 -15.095032119751 -14.9577651977539 -13.8131576538086 -12.8244436264038
-9999 -9999 -9999 -9999 -9999 -9999 -9999 -9999 -9999 -9999 -9999 -9999 -9999 -9999 -9999 -27.7335357666016 -7.94182169437408 -12.8817402839661 -28.8891277313232 -34.1587188720703 -36.6976036071777 -32.8220161437988 -28.3960441589355 -22.1077812194824 -17.5007423400879 -16.8146167755127 -15.2761346817017 -16.6650890350342 -16.4327247619629 -8.00200958251953 -4.23137335777283 -2.30446765422821 -2.44460015296936 -3.97526702880859 -4.16494669914246 -4.33361740112305 -4.8506649017334 -5.46110501289368 -5.85173935890198 -5.99983325004578 -6.50486087799072 -8.3796633720398 -10.6024765014648 -12.0500919342041 -11.1079454421997 -10.8027721405029 -11.4149555206299 -12.187481880188 -12.7806346893311 -12.8611776351929 -13.1314483642578 -13.540620803833 -14.0994239807129 -14.0242546081543 -13.4529197692871 -13.2623651504517
-9999 -9999 -9999 -9999 -9999 -9999 -9999 -9999 -9999 -9999 -9999 -9999 -9999 -9999 -9999 -39.3263496398926 -18.0646968841553 -8.09926481246948 -24.6495006561279 -33.0769111633301 -48.3544586181641 -51.7167762756348 -63.6654052734375 -57.8943313598633 -43.5768203735352 -42.0397937774658 -26.9558849334717 -25.4940612792969 -18.1861936569214 -13.9945531845093 -9.35945434570312 -6.6029896736145 -3.66422762870789 -4.63079643249512 -4.92786784172058 -4.51471381187439 -5.10494194030762 -5.56618881225586 -5.4518666267395 -4.90511136054993 -4.84945878982544 -6.9234317779541 -10.3000916481018 -12.9136734008789 -11.783337020874 -11.2335996627808 -11.9084953308105 -12.1917549133301 -12.4430419921875 -12.0353340148926 -11.5408557891846 -11.7629934310913 -12.294871711731 -12.1396242141724 -12.0486120223999 -12.5150770187378
-9999 -9999 -9999 -9999 -9999 -9999 -9999 -9999 -9999 -9999 -9999 -9999 -9999 -9999 -9999 -41.8431018829346 -40.6055744171143 -8.64935417175293 -10.953334236145 -24.0930564880371 -45.403532409668 -59.2515899658203 -76.5099906921387 -80.9660362243652 -69.1884727478027 -61.0397468566895 -45.0607231140137 -35.7852256774902 -21.1860883712769 -9.97856435775757 -10.6098803520203 -7.84232549667358 -8.29008636474609 -8.48874111175537 -6.85198488235474 -5.68838448524475 -6.37753391265869 -6.14784879684448 -5.8911153793335 -5.02225952148437 -4.98918399810791 -6.47094430923462 -10.3114557266235 -13.1690231323242 -13.6768449783325 -11.8049226760864 -11.8477268218994 -11.9790424346924 -11.7531728744507 -11.0578559875488 -10.5424939155579 -9.94335784912109 -9.53011102676392 -9.32062616348267 -9.39643487930298 -9.24452447891235
-9999 -9999 -9999 -9999 -9999 -9999 -9999 -9999 -9999 -9999 -9999 -9999 -9999 -9999 -9999 -9999 -61.6400848388672 -33.5233333587646 -9.73979473114014 -11.743302154541 -38.0651008605957 -49.3452262878418 -73.3266014099121 -85.0244537353516 -83.0007110595703 -91.2864761352539 -70.8491340637207 -63.8967407226562 -42.1670341491699 -17.4169750213623 -8.79655895233154 -11.9497341156006 -13.6320219039917 -13.8620645523071 -9.68904314041138 -6.96448125839233 -8.13079853057861 -7.41010427474976 -6.77150440216064 -5.39292674064636 -5.12429137229919 -7.09497556686401 -11.0706073760986 -13.3679525375366 -13.0618721008301 -11.4338199615479 -10.805677318573 -10.6853284835815 -10.3379689216614 -9.57560024261475 -9.19072389602661 -8.56699361801147 -7.81643581390381 -7.67857122421265 -8.02855472564697 -7.9758563041687
-9999 -9999 -9999 -9999 -9999 -9999 -9999 -9999 -9999 -9999 -9999 -9999 -9999 -9999 -9999 -9999 -9999 -52.5261840820312 -48.3954956054688 -13.4866617202759 -9.04628820419311 -19.4184463500977 -34.4213577270508 -50.4866249084473 -61.2591262817383 -72.0920555114746 -75.0645271301269 -74.4043045043945 -59.391332244873 -33.0734241485596 -16.190484046936 -12.8774362564087 -14.7754730224609 -14.5446075439453 -13.3346321105957 -10.5246654510498 -9.39012975692749 -8.624001121521 -8.88202810287476 -7.70777320861816 -8.7324387550354 -9.46642980575561 -11.4346767425537 -12.1612255096436 -11.2373872756958 -9.52672548294067 -9.12624969482422 -8.54749088287354 -8.28985605239868 -8.24347972869873 -8.05487604141235 -7.96431512832642 -7.87690877914429 -7.9245945930481 -8.19109106063843 -8.48812637329102
-9999 -9999 -9999 -9999 -9999 -9999 -9999 -9999 -9999 -9999 -9999 -9999 -9999 -9999 -9999 -9999 -9999 -9999 -9999 -64.8550422668457 -24.2530288696289 -14.3026168823242 -12.6959875106812 -22.271404838562 -35.3025531768799 -50.6761192321777 -64.9648773193359 -75.4535835266113 -69.0402885437012 -51.2973533630371 -29.3320064544678 -15.8991828918457 -14.99421043396 -17.2788093566895 -14.0550954818726 -14.0726230621338 -10.6474345207214 -10.5074924468994 -9.97947177886963 -9.27017564773559 -11.3748275756836 -9.91105899810791 -10.0572706222534 -10.2168473243713 -8.57222518920898 -8.25873537063599 -8.16615028381348 -7.6584921836853 -7.68038024902344 -7.96230516433716 -8.2121753692627 -8.37406854629517 -8.65407876968384 -8.65855560302734 -8.74858064651489 -8.86173410415649
-9999 -9999 -9999 -9999 -9999 -9999 -9999 -9999 -9999 -9999 -9999 -9999 -9999 -9999 -9999 -9999 -9999 -9999 -9999 -9999 -9999 -63.5341598510742 -32.2071556091309 -19.9463582992554 -20.1906141281128 -35.0010921478272 -49.0115520477295 -67.4776634216309 -77.0444320678711 -66.9333976745606 -53.5941734313965 -30.8519596099854 -15.9446765899658 -13.8280822753906 -14.6887498855591 -13.1567687988281 -13.0079233169556 -9.69931879043579 -11.4170648574829 -8.41374483108521 -7.22683715820312 -7.55614585876465 -8.11252183914184 -7.19121160507202 -7.4561544418335 -7.54721832275391 -7.53446245193481 -7.79218530654907 -7.84209861755371 -7.84796352386475 -8.2642294883728 -8.71612186431885 -9.03044805526733 -9.1512773513794 -8.8940676689148 -8.62935914993286
-9999 -9999 -9999 -9999 -9999 -9999 -9999 -9999 -9999 -9999 -9999 -9999 -9999 -9999 -9999 -9999 -9999 -9999 -9999 -9999 -9999 -9999 -9999 -49.118045425415 -23.7454845428467 -18.0044618606567 -27.2158195495605 -48.3085556030273 -66.4810195922852 -71.5164131164551 -67.7506210327148 -49.3168434143066 -29.5149677276611 -16.3656220436096 -10.6932992935181 -12.5934054374695 -10.8553665161133 -9.42738800048828 -8.79236793518066 -6.1410888671875 -4.73267245292664 -5.09962048530579 -5.32014808654785 -5.7857892036438 -6.35535707473755 -6.84954118728638 -7.14437189102173 -7.38368549346924 -7.54524650573731 -7.68625602722168 -8.14726934432983 -8.66242208480835 -9.12550573348999 -9.28119382858276 -9.07115964889526 -8.63835039138794
-9999 -9999 -9999 -9999 -9999 -9999 -9999 -9999 -9999 -9999 -9999 -9999 -9999 -9999 -9999 -9999 -9999 -9999 -9999 -9999 -9999 -9999 -9999 -9999 -9999 -27.2055250167847 -13.0068740844727 -24.1211584091187 -46.5491233825684 -60.1351608276367 -66.0133445739746 -65.4929565429688 -58.1427551269531 -41.776587677002 -21.6269088745117 -11.2068626403809 -7.98559684753418 -10.9153510093689 -7.7697548866272 -7.76109809875488 -5.93366098403931 -5.02300262451172 -4.33346600532532 -4.61664485931396 -5.43970160484314 -6.0698070526123 -6.49441108703613 -6.42119035720825 -6.82230167388916 -7.35182332992554 -7.87140493392944 -8.56970872879028 -9.02824535369873 -9.21897058486939 -9.12672080993652 -8.86302289962769
-9999 -9999 -9999 -9999 -9999 -9999 -9999 -9999 -9999 -9999 -9999 -9999 -9999 -9999 -9999 -9999 -9999 -9999 -9999 -9999 -9999 -9999 -9999 -9999 -9999 -58.3972618103027 -27.865279006958 -12.8860648155212 -23.9733982086182 -43.766870880127 -62.4447944641113 -73.5190238952637 -74.9405090332031 -64.2045532226562 -43.8392051696777 -26.1646722793579 -12.9877826690674 -8.72484726905823 -10.384810256958 -7.74229822158813 -8.57652292251587 -6.04781799316406 -4.13154702186584 -4.22619652748108 -4.85810241699219 -5.43693647384644 -5.95266814231873 -5.89140815734863 -6.39132623672485 -7.25483264923096 -7.97181911468506 -8.61240406036377 -8.80873050689697 -8.9703372001648 -8.90377340316772 -8.8058913230896
-9999 -9999 -9999 -9999 -9999 -9999 -9999 -9999 -9999 -9999 -9999 -9999 -9999 -9999 -9999 -9999 -9999 -9999 -9999 -9999 -9999 -9999 -9999 -9999 -9999 -9999 -9999 -24.4573657989502 -14.0963033676147 -30.6118808746338 -64.3154586791992 -77.7323181152344 -82.7639343261719 -77.8556945800781 -62.6271057128906 -48.1350738525391 -27.5603965759277 -15.6732412338257 -10.3179004669189 -11.1042821884155 -11.8805324554443 -8.25736064910889 -4.026140832901 -3.99684309959412 -4.55673751831055 -5.05887360572815 -5.4359516620636 -5.75366516113281 -6.43846139907837 -7.49681787490845 -8.84109830856323 -8.78687210083008 -8.4750280380249 -8.4947582244873 -8.46293220520019 -8.53140182495117
-9999 -9999 -9999 -9999 -9999 -9999 -9999 -9999 -9999 -9999 -9999 -9999 -9999 -9999 -9999 -9999 -9999 -9999 -9999 -9999 -9999 -9999 -9999 -9999 -9999 -9999 -9999 -38.285542678833 -16.6116092681885 -22.52024269104 -48.9399253845215 -71.3998420715332 -82.6674957275391 -84.0933898925781 -72.7950309753418 -56.8134979248047 -37.6219905853271 -23.325855255127 -13.3621416091919 -13.7033136367798 -11.8090412139893 -8.51346864700317 -4.32290806770325 -3.77523770332336 -4.28743605613708 -4.86443176269531 -5.37976851463318 -5.8136218547821 -6.54392442703247 -7.60122804641724 -8.39449491500855 -8.27388734817505 -8.08460674285889 -8.10740213394165 -8.0609335899353 -7.99599714279175
-9999 -9999 -9999 -9999 -9999 -9999 -9999 -9999 -9999 -9999 -9999 -9999 -9999 -9999 -9999 -9999 -9999 -9999 -9999 -9999 -9999 -9999 -9999 -9999 -9999 -9999 -9999 -9999 -19.4807769775391 -17.2446092605591 -35.6458099365234 -60.3524284362793 -78.2407188415527 -85.8016693115234 -75.6841133117676 -58.8862831115723 -40.787174987793 -26.9182678222656 -14.5693439483643 -12.5536874771118 -11.5451147079468 -8.5827582359314 -4.7934145450592 -4.02165293693542 -4.29242839813232 -4.58528847694397 -5.32466006278992 -5.96457099914551 -6.68342418670654 -7.21159658432007 -7.54922924041748 -7.63831100463867 -7.79312047958374 -7.82127685546875 -7.68509740829468 -7.54464664459229
-9999 -9999 -9999 -9999 -9999 -9999 -9999 -9999 -9999 -9999 -9999 -9999 -9999 -9999 -9999 -9999 -9999 -9999 -9999 -9999 -9999 -9999 -9999 -9999 -9999 -9999 -9999 -9999 -21.6521915435791 -16.2660877227783 -29.4022075653076 -53.6775604248047 -74.1978324890137 -84.0791687011719 -74.9227470397949 -56.2086784362793 -40.0399993896484 -25.9645942687988 -16.0249355316162 -12.0533235549927 -11.4402679443359 -8.43558139801025 -4.88981366157532 -4.45929327011108 -5.09073634147644 -5.22809834480286 -5.31868815422058 -5.62323136329651 -6.04053821563721 -6.49041957855225 -6.88425989151001 -6.97897186279297 -7.20932846069336 -7.38022375106812 -7.22123022079468 -7.07548999786377
-9999 -9999 -9999 -9999 -9999 -9999 -9999 -9999 -9999 -9999 -9999 -9999 -9999 -9999 -9999 -9999 -9999 -9999 -9999 -9999 -9999 -9999 -9999 -9999 -9999 -9999 -9999 -9999 -21.7893356323242 -14.7592023849487 -27.8154293060303 -51.4670753479004 -76.8395095825195 -88.1565872192383 -75.8441482543945 -55.5773315429688 -38.1520080566406 -27.0839878082275 -17.3195831298828 -11.728731918335 -12.9847120285034 -7.97631788253784 -4.96429152488709 -5.07999901771545 -6.02384605407715 -7.37183456420898 -5.76678776741028 -5.3711772441864 -5.56075897216797 -5.89517612457275 -6.58326826095581 -6.43131952285767 -6.71561775207519 -6.78985834121704 -6.49518880844116 -6.67019386291504
-9999 -9999 -9999 -9999 -9999 -9999 -9999 -9999 -9999 -9999 -9999 -9999 -9999 -9999 -9999 -9999 -9999 -9999 -9999 -9999 -9999 -9999 -9999 -9999 -9999 -9999 -9999 -9999 -23.195569229126 -14.2803985595703 -25.6156192779541 -51.915697479248 -77.8440422058106 -89.8801223754883 -78.2247406005859 -56.490242767334 -38.4539691925049 -26.5784748077393 -16.8862436294556 -11.8779342651367 -11.9200284957886 -8.041432762146 -5.10559487342834 -5.37667393684387 -7.01949625015259 -7.72124662399292 -6.68045310974121 -5.46842169761658 -5.15780777931213 -5.22313480377197 -5.48827409744263 -5.61302337646484 -5.62711696624756 -5.69741983413696 -5.7378960609436 -6.27434206008911
-9999 -9999 -9999 -9999 -9999 -9999 -9999 -9999 -9999 -9999 -9999 -9999 -9999 -9999 -9999 -9999 -9999 -9999 -9999 -9999 -9999 -9999 -9999 -9999 -9999 -9999 -9999 -9999 -24.7004306793213 -14.1692394256592 -26.4867702484131 -53.9538017272949 -81.2917320251465 -92.6511840820312 -78.8128059387207 -59.250025177002 -38.1916187286377 -25.3964714050293 -15.9415121078491 -11.8707992553711 -12.4530502319336 -8.04601249694824 -5.1382652759552 -5.30836462974548 -7.31842699050903 -8.8197606086731 -7.31705379486084 -5.70159974098206 -4.97024660110474 -4.6176589012146 -4.78843002319336 -4.87762560844421 -4.78823947906494 -5.01926097869873 -5.44759888648987 -6.17144842147827
