meets/meet004/_saidas_enm/ensemble_aver_Cavanillesia_umbellata_CCSM_21k_Maxent.asc
NCOLS 154 
NROWS 168 
XLLCORNER -112 
YLLCORNER -55.5 
CELLSIZE 0.5 
NODATA_value -9999 
[rows 100 to 124 of 168, columns 56 to 111 of 154]
-9999 -9999 -9999 -9999 -9999 -9999 -9999 -9999 -9999 -9999 -9999 -9999 -9999 -9999 -9999 -9999 -9999 -9999 -9999 -9999 -9999 -9999 -9999 -9999 -9999 -9999 -9999 -9999 0.126749877631664 0.0801147684454918 0.100146168470383 0.0638311930000782 0.0652373284101486 0.067069336771965 0.0665491007268429 0.0699589639902115 0.0809977732598782 0.0822262369096279 0.0674677006900311 0.0644224852323532 0.0642051175236702 0.0797847643494606 0.107672591507435 0.12906239926815 0.128597196936607 0.1287328094244 0.172508558630943 0.262435746192932 0.403675854206085 0.411340022087097 0.400173109769821 0.397413754463196 0.387316036224365 0.356366765499115 0.317032867670059 0.208996090292931
-9999 -9999 -9999 -9999 -9999 -9999 -9999 -9999 -9999 -9999 -9999 -9999 -9999 -9999 -9999 -9999 -9999 -9999 -9999 -9999 -9999 -9999 -9999 -9999 -9999 -9999 -9999 -9999 0.129717275500298 0.152801421284676 0.0929729133844376 0.0603506553918123 0.0557649366557598 0.0586339104920626 0.0656791552901268 0.0709764219820499 0.0857058145105839 0.0855894558131695 0.0710455276072025 0.0653939642012119 0.0672057971358299 0.0873068660497665 0.11947218477726 0.137167404592037 0.127710758149624 0.124884794652462 0.184057235717773 0.376537269353867 0.431513768434525 0.380894720554352 0.249973559379578 0.325879892706871 0.324002805352211 0.308130776882172 0.256265702843666 0.192801111936569
-9999 -9999 -9999 -9999 -9999 -9999 -9999 -9999 -9999 -9999 -9999 -9999 -9999 -9999 -9999 -9999 -9999 -9999 -9999 -9999 -9999 -9999 -9999 -9999 -9999 -9999 -9999 0.123908308148384 0.12286305129528 0.150256969034672 0.0871984176337719 0.0557772785425186 0.0551843978464603 0.0601589635014534 0.0665261447429657 0.0715511202812195 0.0902338415384293 0.0928119331598282 0.0719537869095802 0.0680237554013729 0.0725486643612385 0.0958342254161835 0.140942427515984 0.158012706041336 0.131320998072624 0.125749473273754 0.17772833108902 0.322351118922234 0.38958335518837 0.355081343650818 0.248718497157097 0.24618184864521 0.253856149315834 0.242720490694046 0.218260559439659 0.194002014398575
-9999 -9999 -9999 -9999 -9999 -9999 -9999 -9999 -9999 -9999 -9999 -9999 -9999 -9999 -9999 -9999 -9999 -9999 -9999 -9999 -9999 -9999 -9999 -9999 -9999 -9999 -9999 0.117183452099562 0.112553195655346 0.14685570448637 0.0753700092434883 0.0516804829239845 0.0527169961482286 0.0603669539093971 0.0676805540919304 0.0732430525124073 0.0899576738476753 0.0949453763663769 0.0641007587313652 0.0627799041569233 0.0717656187713146 0.0984296962618828 0.143928381800652 0.158871853351593 0.126576992869377 0.115695944428444 0.154982557892799 0.223705765604973 0.338122099637985 0.244159653782845 0.225632333755493 0.222618690133095 0.231571361422539 0.224944996833801 0.202633857727051 0.185713359713554
-9999 -9999 -9999 -9999 -9999 -9999 -9999 -9999 -9999 -9999 -9999 -9999 -9999 -9999 -9999 -9999 -9999 -9999 -9999 -9999 -9999 -9999 -9999 -9999 -9999 -9999 -9999 0.108386310189962 0.102137099206448 0.12846304923296 0.0666913084685802 0.0478799995034933 0.0524891268461943 0.0613160021603107 0.0678088419139385 0.0738122761249542 0.0820665523409843 0.0472647309303284 0.0467461865395308 0.0538789503276348 0.0649036563932896 0.0867333501577377 0.114146859943867 0.123731943964958 0.112532164156437 0.10646992623806 0.13427641838789 0.177650198340416 0.209282755851746 0.206694930791855 0.189218401908875 0.193974402546883 0.190648847818375 0.184783318638802 0.178188782930374 0.16928426027298
-9999 -9999 -9999 -9999 -9999 -9999 -9999 -9999 -9999 -9999 -9999 -9999 -9999 -9999 -9999 -9999 -9999 -9999 -9999 -9999 -9999 -9999 -9999 -9999 -9999 -9999 -9999 0.107337114959955 0.105115115642548 0.121682794392109 0.0538824502378702 0.0445431876927614 0.051362582296133 0.0601651936769485 0.0647298693656921 0.0702228799462318 0.0687161192297936 0.0371210798621178 0.0387465797364712 0.0485424935817719 0.0606579355895519 0.0788854196667671 0.0947774365544319 0.108126552402973 0.109095832705498 0.108182568848133 0.138657310605049 0.166522899270058 0.18997808098793 0.197675839066505 0.183110237121582 0.182309067249298 0.170346307754517 0.164737343788147 0.166005054116249 0.161395347118378
-9999 -9999 -9999 -9999 -9999 -9999 -9999 -9999 -9999 -9999 -9999 -9999 -9999 -9999 -9999 -9999 -9999 -9999 -9999 -9999 -9999 -9999 -9999 -9999 -9999 -9999 -9999 0.118520360440016 0.18588915169239 0.106381796300411 0.044263968244195 0.041395628079772 0.0512035589665174 0.0591534689068794 0.0618424892425537 0.0615644320845604 0.0395362205803394 0.0333628337830305 0.0383309505879879 0.0491616051644087 0.0611043810844421 0.0748128302395344 0.0903357535600662 0.102227172255516 0.11352640837431 0.137609106302261 0.149433493614197 0.175202411413193 0.19829985499382 0.204331031441689 0.262173935770988 0.187989658117294 0.168723005056381 0.160470911860466 0.159980434179306 0.162716257572174
-9999 -9999 -9999 -9999 -9999 -9999 -9999 -9999 -9999 -9999 -9999 -9999 -9999 -9999 -9999 -9999 -9999 -9999 -9999 -9999 -9999 -9999 -9999 -9999 -9999 -9999 -9999 0.222783730924129 0.204148191213608 0.0912398613989353 0.0276667341589928 0.0326047101989388 0.0488611582666636 0.0562124814838171 0.0564616873860359 0.0534668818116188 0.0356231283396482 0.0324037879705429 0.0387482982128859 0.0501030631363392 0.0605033807456493 0.0717016346752644 0.0833251938223839 0.0934536978602409 0.101530961692333 0.123310893774033 0.135524643957615 0.155801665782928 0.178613486886024 0.193456721305847 0.254410210251808 0.184876048564911 0.162905016541481 0.15454441010952 0.157150191068649 0.161092120409012
-9999 -9999 -9999 -9999 -9999 -9999 -9999 -9999 -9999 -9999 -9999 -9999 -9999 -9999 -9999 -9999 -9999 -9999 -9999 -9999 -9999 -9999 -9999 -9999 -9999 -9999 -9999 0.229898598790169 0.17719849050045 0.0770127773284912 0.0212261265143752 0.0205495219677687 0.0450817815959454 0.0536432944238186 0.0527821507304907 0.0499477200210094 0.0355843529105186 0.0343166004866362 0.0408200535923243 0.052304807305336 0.0603694960474968 0.0703254282474518 0.0789192743599415 0.0850892007350922 0.0873045168817043 0.0890882857143879 0.103893932700157 0.118251797556877 0.137858490645885 0.162613007426262 0.173955655097961 0.164950117468834 0.14971436560154 0.145424029231071 0.150990676879883 0.154648452997208
-9999 -9999 -9999 -9999 -9999 -9999 -9999 -9999 -9999 -9999 -9999 -9999 -9999 -9999 -9999 -9999 -9999 -9999 -9999 -9999 -9999 -9999 -9999 -9999 -9999 -9999 -9999 0.20528601706028 0.154117479920387 0.0682199150323868 0.018723695166409 0.0176497880369425 0.0352685462683439 0.0492622397840023 0.0498872958123684 0.0524210259318352 0.0450856350362301 0.0445174232125282 0.0528712205588818 0.0590595066547394 0.0631804883480072 0.0706762813031673 0.0767689667642117 0.0814420819282532 0.0829885579645634 0.0829112648963928 0.087591215968132 0.10007465928793 0.116532577574253 0.135770031809807 0.145298263430595 0.145406448841095 0.138380147516727 0.137865939736366 0.144164416193962 0.147181439399719
-9999 -9999 -9999 -9999 -9999 -9999 -9999 -9999 -9999 -9999 -9999 -9999 -9999 -9999 -9999 -9999 -9999 -9999 -9999 -9999 -9999 -9999 -9999 -9999 -9999 -9999 0.227043658494949 0.181503680348396 0.133600009977818 0.0360967930406332 0.0161312228068709 0.0151040335185826 0.0228778515011072 0.0328887734562159 0.0512308534234762 0.058793393522501 0.0704306550323963 0.0859635338187218 0.0793626241385937 0.0725745126605034 0.0678402632474899 0.0713479846715927 0.0756250485777855 0.0783652506768703 0.078855686634779 0.0800826750695705 0.0846045024693012 0.0952959552407265 0.107535541057587 0.11723847836256 0.123776862025261 0.128360821306705 0.128513535857201 0.131461365520954 0.137004125118256 0.139449015259743
-9999 -9999 -9999 -9999 -9999 -9999 -9999 -9999 -9999 -9999 -9999 -9999 -9999 -9999 -9999 -9999 -9999 -9999 -9999 -9999 -9999 -9999 -9999 -9999 -9999 -9999 0.204996876418591 0.155504620075226 0.0967645153403282 0.0246138755232096 0.0134671362116933 0.0133223251439631 0.0204893844202161 0.0281395081430674 0.0395304057747126 0.064069027453661 0.0812538996338844 0.0731042392551899 0.0864290043711662 0.0840219169855118 0.0768649183213711 0.0732599429786205 0.0733093090355396 0.0742239885032177 0.0759040951728821 0.0776688255369663 0.0838379129767418 0.0899140626192093 0.098307928442955 0.106507827341557 0.111843818426132 0.116622775793076 0.1189866065979 0.122264696657658 0.126715791225433 0.127410818636417
-9999 -9999 -9999 -9999 -9999 -9999 -9999 -9999 -9999 -9999 -9999 -9999 -9999 -9999 -9999 -9999 -9999 -9999 -9999 -9999 -9999 -9999 -9999 -9999 -9999 -9999 0.176216608285904 0.11191268786788 0.0433637078851461 0.0169940221123397 0.0139012845233083 0.0148075547069311 0.0214710153639317 0.030164223536849 0.0426128566265106 0.049244386702776 0.0847688719630241 0.0747394934296608 0.0850509591400623 0.0929593294858932 0.0903950959444046 0.0857380889356136 0.0791716173291206 0.077263069152832 0.0802094206213951 0.0803106665611267 0.0857733994722366 0.0865912243723869 0.089741151034832 0.0965582355856895 0.103057216107845 0.106705950200558 0.108805972337723 0.112454986572266 0.115859295427799 0.115934804081917
-9999 -9999 -9999 -9999 -9999 -9999 -9999 -9999 -9999 -9999 -9999 -9999 -9999 -9999 -9999 -9999 -9999 -9999 -9999 -9999 -9999 -9999 -9999 -9999 -9999 -9999 0.139278215169907 0.0691580019891262 0.0199163733050227 0.0137037913314998 0.0156353564932942 0.0185495421290398 0.0296094220131636 0.0444181215018034 0.0961156919598579 0.117312535643578 0.127355071902275 0.0859296523034573 0.0923789203166962 0.104496379196644 0.112809818983078 0.105105872452259 0.0941395670175552 0.0923866182565689 0.100325304269791 0.10527665913105 0.0962791651487351 0.0847981005907059 0.082552795112133 0.0868484184145927 0.0930131286382675 0.0976998567581177 0.10100474357605 0.104620243608952 0.107067957520485 0.107770173251629
-9999 -9999 -9999 -9999 -9999 -9999 -9999 -9999 -9999 -9999 -9999 -9999 -9999 -9999 -9999 -9999 -9999 -9999 -9999 -9999 -9999 -9999 -9999 -9999 -9999 0.238195350766182 0.116514407843351 0.0380751471966505 0.0119864943437278 0.0132587528787553 0.0168665121309459 0.0240871509537101 0.0438857585191727 0.102171328663826 0.144441352784634 0.180261264741421 0.177692717313766 0.102775549888611 0.102343666553497 0.120343650877476 0.166335314512253 0.118951094150543 0.106984244287014 0.109053522348404 0.124350689351559 0.167815932631493 0.1118817538023 0.0835907578468323 0.0751843884587288 0.0778988875448704 0.0839935578405857 0.089139412343502 0.0931663349270821 0.0965943068265915 0.0982123032212257 0.100590559840202
-9999 -9999 -9999 -9999 -9999 -9999 -9999 -9999 -9999 -9999 -9999 -9999 -9999 -9999 -9999 -9999 -9999 -9999 -9999 -9999 -9999 -9999 -9999 -9999 -9999 0.194285149872303 0.0839334510266781 0.0157576897181571 0.0101544267032295 0.0130472240969539 0.0189535517245531 0.0295617073774338 0.0536523371934891 0.124153463542461 0.169827651977539 0.19708783775568 0.20295943915844 0.161427500844002 0.119466723501682 0.122142091393471 0.131424890458584 0.11613462716341 0.107688099145889 0.110869298875332 0.131562030315399 0.184174662828445 0.111510992050171 0.0822677046060562 0.0719629652798176 0.0717605769634247 0.0774879112839699 0.0804958812892437 0.0830272451043129 0.0863285183906555 0.0877996101975441 0.0892576664686203
-9999 -9999 -9999 -9999 -9999 -9999 -9999 -9999 -9999 -9999 -9999 -9999 -9999 -9999 -9999 -9999 -9999 -9999 -9999 -9999 -9999 -9999 -9999 -9999 -9999 0.170503656566143 0.0638666711747646 0.0108286705799401 0.00969184935092926 0.0139570724219084 0.0202388415113091 0.033769702911377 0.058353553712368 0.13298850953579 0.17656492292881 0.190490940213203 0.189259320497513 0.161886250972748 0.116872435808182 0.115426424145699 0.114673061668873 0.10447733104229 0.0957389995455742 0.097722339630127 0.114963911473751 0.175584506988525 0.100545670092106 0.0739363372325897 0.065764033049345 0.0662978865206242 0.0709307380020618 0.0722182258963585 0.0735267832875252 0.0759735196828842 0.0771971262991428 0.0623350363224745
-9999 -9999 -9999 -9999 -9999 -9999 -9999 -9999 -9999 -9999 -9999 -9999 -9999 -9999 -9999 -9999 -9999 -9999 -9999 -9999 -9999 -9999 -9999 -9999 -9999 0.160948233306408 0.0626341700553894 0.0117853313684463 0.0106972738634795 0.0144333139061928 0.0232663737609983 0.0362011812627316 0.05763049274683 0.0873043805360794 0.168435423076153 0.176392075419426 0.159810602664948 0.0954722091555595 0.086615426838398 0.0947389230132103 0.101969772577286 0.090691539645195 0.0799443446099758 0.0773030050098896 0.0811948001384735 0.0827179908752441 0.0745682552456856 0.06549301892519 0.0618354171514511 0.0611476972699165 0.062597468495369 0.0639039009809494 0.065484107285738 0.068250297755003 0.0695326261222362 0.055971510335803
-9999 -9999 -9999 -9999 -9999 -9999 -9999 -9999 -9999 -9999 -9999 -9999 -9999 -9999 -9999 -9999 -9999 -9999 -9999 -9999 -9999 -9999 -9999 -9999 -9999 0.147937306761742 0.0637011274695396 0.0127456608228385 0.0109246018342674 0.0152535855770111 0.0258857673034072 0.037839387729764 0.0576246984302998 0.0865472480654716 0.16062009036541 0.161927834153175 0.141085542738438 0.0768161609768867 0.0671285629272461 0.0803653419017792 0.0895908549427986 0.0785403281450272 0.0655614174902439 0.0611633941531181 0.0605170927941799 0.0565930262207985 0.0585124485194683 0.0572615966200829 0.0564717158675194 0.0557573661208153 0.0553787715733051 0.0570732317864895 0.0585792519152164 0.0609836496412754 0.0621109336614609 0.0505122385919094
-9999 -9999 -9999 -9999 -9999 -9999 -9999 -9999 -9999 -9999 -9999 -9999 -9999 -9999 -9999 -9999 -9999 -9999 -9999 -9999 -9999 -9999 -9999 -9999 -9999 0.132800625264645 0.0629934750497341 0.0147050204686821 0.0122890416532755 0.0153452317230403 0.0246961455792189 0.0365406095981598 0.0590393617749214 0.0855915352702141 0.14873072206974 0.15232153236866 0.128744542598724 0.0740108735859394 0.0653914384543896 0.0688250012695789 0.0727557756006718 0.0644648231565952 0.0538562469184399 0.0504753600805998 0.0505723018199205 0.0509419929236174 0.0507323976606131 0.0502495929598808 0.0509325888007879 0.0503861591219902 0.049971341714263 0.0508541159331799 0.0520488314330578 0.0547430537641048 0.0562695741653442 0.0453209582716227
-9999 -9999 -9999 -9999 -9999 -9999 -9999 -9999 -9999 -9999 -9999 -9999 -9999 -9999 -9999 -9999 -9999 -9999 -9999 -9999 -9999 -9999 -9999 -9999 -9999 0.13769291639328 0.0642178796231747 0.0137259034439921 0.0114457097835839 0.0145405192859471 0.0224255787208676 0.0334208633750677 0.0539969757199287 0.0747617565095425 0.0995885893702507 0.130508634448051 0.112882472574711 0.0660344131290913 0.0585037872195244 0.0597939275205135 0.0610203802585602 0.0555783286690712 0.0470776360481977 0.0472650419920683 0.0480639163404703 0.0478554837405682 0.0478439569473267 0.047105535119772 0.0467470556497574 0.0456419833004475 0.045523813739419 0.0468317646533251 0.0477172449231148 0.0496739819645882 0.0508105598390102 0.0523602828383446
-9999 -9999 -9999 -9999 -9999 -9999 -9999 -9999 -9999 -9999 -9999 -9999 -9999 -9999 -9999 -9999 -9999 -9999 -9999 -9999 -9999 -9999 -9999 -9999 -9999 0.140077145397663 0.0651953496038914 0.0128326723352075 0.0093896834179759 0.0132551150396466 0.020703193731606 0.0290584506466985 0.0422176346182823 0.0545837931334972 0.0618036314845085 0.0608975559473038 0.0584615156054497 0.0523653991520405 0.0483352668583393 0.0506598681211472 0.0511331349611282 0.0484677348285913 0.0449251614511013 0.0456817410886288 0.0456528749316931 0.0456600282341242 0.0450243782252073 0.04436304718256 0.0440003547817469 0.0427815336734056 0.0418364845216274 0.042835745960474 0.044585207477212 0.046957403421402 0.0474566981196404 0.0483013547956943
-9999 -9999 -9999 -9999 -9999 -9999 -9999 -9999 -9999 -9999 -9999 -9999 -9999 -9999 -9999 -9999 -9999 -9999 -9999 -9999 -9999 -9999 -9999 -9999 -9999 0.150328190624714 0.0705473147332668 0.0137468850240111 0.00813349247910082 0.0121223887428641 0.0190669574774802 0.0264750989153981 0.0345081422477961 0.04163898229599 0.045665667951107 0.0456580642610788 0.0475400790572166 0.044650873541832 0.0433279473334551 0.0486812438815832 0.0491159088909626 0.0480229891836643 0.0442628644406795 0.0444618344306946 0.0447475180029869 0.044192861020565 0.0433111041784286 0.0421033758670092 0.0413106150925159 0.0402384985238314 0.0394632525742054 0.0393912676721811 0.040521377697587 0.0391524061560631 0.0393810622394085 0.0383812323212624
-9999 -9999 -9999 -9999 -9999 -9999 -9999 -9999 -9999 -9999 -9999 -9999 -9999 -9999 -9999 -9999 -9999 -9999 -9999 -9999 -9999 -9999 -9999 -9999 -9999 0.15296910405159 0.0766027376055717 0.0162201883271337 0.00784411388449371 0.0111298397183418 0.017846554890275 0.0250236874446273 0.0320579268038273 0.0363215629011393 0.039704804122448 0.0436305042356253 0.0436383944004774 0.0430651340633631 0.044318226352334 0.0498590633273125 0.0531639561057091 0.051347828656435 0.0461611330509186 0.0450825594365597 0.0448302984237671 0.0443539045751095 0.0416843947023153 0.0400179114192724 0.0394990503787994 0.0384298969060183 0.0378802817314863 0.0376222554594278 0.0351613339036703 0.0346801027655601 0.0339266695082188 0.0305560320615768
-9999 -9999 -9999 -9999 -9999 -9999 -9999 -9999 -9999 -9999 -9999 -9999 -9999 -9999 -9999 -9999 -9999 -9999 -9999 -9999 -9999 -9999 -9999 -9999 0.205030883848667 0.158853329718113 0.0805177569389343 0.0283404130488634 0.00825394820421934 0.0104202012065798 0.0157767656259239 0.0228760082274675 0.0303898014128208 0.0350603856146336 0.0353697299957275 0.0383134834468365 0.0395105946809053 0.0398739863187075 0.0424142435193062 0.0512476153671741 0.0579776018857956 0.0561652570962906 0.050356212630868 0.0484305739402771 0.0475774802267551 0.0463392592966557 0.0419461559504271 0.0389605212956667 0.0385888822376728 0.0383703276515007 0.0379651449620724 0.0363591503351927 0.0336023766547442 0.0326854310929775 0.032710163295269 0.0310042757540941
