meets/meet004/_saidas_enm/ensemble_aver_Cavanillesia_umbellata_CCSM_21k_Maxent.asc
NCOLS 154 
NROWS 168 
XLLCORNER -112 
YLLCORNER -55.5 
CELLSIZE 0.5 
NODATA_value -9999 
[rows 50 to 74 of 168, columns 56 to 111 of 154]
-9999 -9999 -9999 -9999 -9999 -9999 -9999 -9999 -9999 -9999 -9999 -9999 -9999 0.00198231588365161 0.0108270880882628 0.0981343619525433 0.108811837434769 0.124752895534039 0.249156725406647 0.301016145944595 0.303563284873962 0.345596301555634 0.356094551086426 0.368895995616913 0.351164710521698 0.321397238969803 0.329345110058784 0.326201686263084 0.300425723195076 0.254526109993458 0.140444518625736 0.246170853823423 0.314666277170181 0.289685675501823 0.272937574982643 0.150328406691551 0.231807911396027 0.249541109800339 0.264970880746841 0.307961457967758 0.31718373298645 0.347521942853928 0.357346403598785 0.364147925376892 0.371621966362 0.228154036402702 0.219653856754303 0.225441452860832 0.334752163290977 0.374992942810059 0.404031217098236 0.396486574411392 0.402959877252579 0.415383738279343 0.433343106508255 0.44240465760231
-9999 -9999 -9999 -9999 -9999 -9999 -9999 -9999 -9999 -9999 -9999 -9999 -9999 0.00363208893249976 0.0208123167045414 0.0678862161934376 0.104312623292208 0.211499734967947 0.272657120227814 0.290936988592148 0.315133264660835 0.367670845985413 0.422444713115692 0.438790971040726 0.429110723733902 0.386733341217041 0.362947458028793 0.272973731160164 0.155800220370293 0.149490521848202 0.149983214586973 0.177767556160688 0.301533927023411 0.368748790025711 0.332911485433579 0.286945408582687 0.277657952904701 0.282411405444145 0.289719480276108 0.314800500869751 0.348298823833466 0.356692719459534 0.359529268741608 0.37418869137764 0.364586645364761 0.374922758340836 0.380280762910843 0.398505449295044 0.414612758159637 0.398928987979889 0.404194509983063 0.400719112157822 0.408900725841522 0.418243598937988 0.43148946762085 0.4423947930336
-9999 -9999 -9999 -9999 -9999 -9999 -9999 -9999 -9999 -9999 -9999 0.00355017528054304 0.00551558230363298 0.00814641800825484 0.0169073465280235 0.0473831959068775 0.0793396331369877 0.212075178325176 0.250437055528164 0.278382882475853 0.297361880540848 0.363338071107864 0.40496888756752 0.41785209774971 0.323882411420345 0.176872509717941 0.152086701989174 0.122578783333302 0.0993482314050198 0.0870971851050854 0.0910426169633865 0.132525873184204 0.180839461088181 0.335862675309181 0.389791476726532 0.388366919755936 0.346916717290878 0.349175351858139 0.340063911676407 0.335926795005798 0.337961411476135 0.34277708530426 0.347633296251297 0.355705016851425 0.360272002220154 0.375712758302689 0.388092350959778 0.398154848814011 0.410804051160812 0.424962884187698 0.402532637119293 0.407702845335007 0.415621209144592 0.424742645025253 0.438036125898361 0.447322982549667
-9999 -9999 -9999 -9999 -9999 -9999 -9999 -9999 -9999 -9999 0.00830235501052812 0.00940152374096215 0.015598779823631 0.0126033757347614 0.00966805471107364 0.0197150768712163 0.0515767946839333 0.108049768209457 0.139506435394287 0.151720084249973 0.156810645759106 0.162077555060387 0.16250469237566 0.157447500526905 0.135406500101089 0.113677364587784 0.0907321587204933 0.0660974159836769 0.0537070222198963 0.0473806954920292 0.0477316096425056 0.0875225320458412 0.143698810040951 0.302782541513443 0.413334321975708 0.400460338592529 0.404353892803192 0.382517457008362 0.367055881023407 0.356669270992279 0.354412043094635 0.352260506153107 0.354688632488251 0.361845338344574 0.36978856921196 0.382606142759323 0.394160318374634 0.407954519987106 0.423097115755081 0.401854830980301 0.406143563985825 0.407986277341843 0.420467090606689 0.428754448890686 0.436967617273331 0.447782927751541
-9999 -9999 -9999 -9999 -9999 -9999 -9999 -9999 -9999 -9999 0.019332130998373 0.0281748283654451 0.0277142545208335 0.0146238546818495 0.00804472442250699 0.00921156671829522 0.0280536856502295 0.0773088559508324 0.110886813700199 0.125905781984329 0.133215434849262 0.121939820051193 0.109518799185753 0.089600433409214 0.0746643550693989 0.0610558182001114 0.0459032215178013 0.0333151612430811 0.026702474988997 0.0230338383466005 0.0251309578306973 0.0465454380959272 0.103126883506775 0.172543562948704 0.354302290081978 0.423740243911743 0.442305821180344 0.422993737459183 0.403999936580658 0.391314649581909 0.385083413124084 0.383802056312561 0.386744505167007 0.396088153123856 0.403611236810684 0.410675638914108 0.393814766407013 0.401052731275558 0.399046474695206 0.38182088136673 0.383596938848495 0.356239473819733 0.379381084442139 0.405456525087357 0.39301250576973 0.419984692335129
-9999 -9999 -9999 -9999 -9999 -9999 -9999 -9999 0.0103157007135451 0.0256626550108194 0.0536500625312328 0.0442200176417828 0.0333686452358961 0.0196625176817179 0.011079126317054 0.00871665738523006 0.0177061104215682 0.0477645039558411 0.0725458733737469 0.081474731862545 0.0843127071857452 0.0798174805939198 0.0698296800255775 0.0552512273192406 0.044413872435689 0.0332207560539246 0.0248565016314387 0.0178992240689695 0.0150911184260622 0.0155400256626308 0.0175574286608025 0.0322654016315937 0.0690715424716473 0.13694463968277 0.326549765467644 0.432611984014511 0.434768563508987 0.429123258590698 0.432841634750366 0.437259793281555 0.430097389221191 0.43260258436203 0.438845109939575 0.444835919141769 0.41102586388588 0.406550097465515 0.382363313436508 0.235633462667465 0.220605692267418 0.210215285420418 0.209787946939468 0.212176933884621 0.208147516846657 0.213788095116615 0.232181736826897 0.237178033590317
-9999 -9999 -9999 -9999 -9999 -9999 -9999 -9999 0.0240257615223527 0.062386479228735 0.160656067728996 0.0699162296950817 0.0435219023376703 0.0240961415693164 0.0170745496638119 0.0148809411562979 0.0172400871291757 0.0309327732771635 0.0443184453994036 0.0474674619734287 0.0450486589223146 0.0424227353185415 0.0415424386039376 0.0326095530763268 0.0234604307450354 0.0175370439887047 0.0145071872044355 0.0118739796220325 0.0114697339944541 0.0117209417978302 0.0127263745060191 0.0223082391545176 0.0488426998257637 0.0995917305350304 0.16894925236702 0.350161910057068 0.439290553331375 0.440993583202362 0.437454348802567 0.435073488950729 0.434796136617661 0.434916180372238 0.433410668373108 0.414495897293091 0.363628911972046 0.234036874771118 0.209448632597923 0.187422499060631 0.160182486474514 0.159581220149994 0.126472152024508 0.127026331424713 0.123085182905197 0.126237733662128 0.138274951279163 0.14006262421608
-9999 -9999 -9999 -9999 -9999 -9999 -9999 0.0334748074412346 0.054350109398365 0.183609679341316 0.245817200839519 0.166336430609226 0.0504175126552582 0.0302969554439187 0.0233134880661964 0.0224978672340512 0.0258485484868288 0.0326759253628552 0.0394511224702001 0.0315669178962708 0.0259427825920284 0.0244577305391431 0.0236637303140014 0.0206311096437275 0.0154782947618514 0.014048842957709 0.0137872123508714 0.0140464103897102 0.0135445519117638 0.0127849513781257 0.012229595950339 0.0195245439652354 0.0350493004545569 0.0686580181121826 0.128719368577003 0.182249850034714 0.368790501356125 0.422006744146347 0.422440195083618 0.374404609203339 0.252715402841568 0.232553002238274 0.216996288299561 0.204883345961571 0.186669939756393 0.17017478197813 0.151563650369644 0.118887007981539 0.115355482697487 0.110694994032383 0.116290026903152 0.11435369849205 0.111323069036007 0.110381710529327 0.110172212123871 0.109534062445164
-9999 -9999 -9999 -9999 -9999 -9999 -9999 0.108243722468615 0.180870617926121 0.276093252003193 0.310238090157509 0.24424110352993 0.0565596517175436 0.0387208387255669 0.0347669277340174 0.0381758462637663 0.0445764057338238 0.0479788411408663 0.050495770201087 0.0443594684824348 0.0358540169894695 0.0298887087032199 0.0255382376722991 0.0258216831833124 0.025862043350935 0.0228821886237711 0.022839857917279 0.0211531244684011 0.0227584306616336 0.0236597928218544 0.0226207985077053 0.021991781052202 0.0298343983478844 0.0510405797511339 0.0863450646400452 0.128146269917488 0.16113349199295 0.185402527451515 0.232978281378746 0.219056108593941 0.201294258236885 0.18106228262186 0.161284713447094 0.114203542470932 0.110903705656528 0.109476976841688 0.102944761514664 0.0965506605803967 0.087768042832613 0.0824147000908852 0.0875335603952408 0.091557089984417 0.0994147762656212 0.102454936504364 0.101481099426746 0.100421941280365
-9999 -9999 -9999 -9999 -9999 -9999 0.210428336262703 0.2480647534132 0.28711254298687 0.296501514315605 0.305822211503983 0.259148687124252 0.0778129883110523 0.043854708224535 0.0446348056197166 0.0509301792830229 0.063161925971508 0.0668745808303356 0.0698220983147621 0.0588892765343189 0.0469261789694428 0.0435800412669778 0.0392578423023224 0.0392897350713611 0.0382580349221826 0.0377637417986989 0.0368029795587063 0.0374634586274624 0.0369143167510629 0.0337639657780528 0.0339115113019943 0.0312501166947186 0.0295567402616143 0.0414197811856866 0.0649479378014803 0.087384806573391 0.108078572154045 0.12323342114687 0.127234655618668 0.124790545552969 0.108749219030142 0.103536968678236 0.0996444746851921 0.095925472676754 0.0910996317863464 0.0810261249542236 0.0699695326387882 0.0577345155179501 0.0524274356663227 0.0504883952438831 0.0659559227526188 0.0733384616672993 0.089225272834301 0.0932133056223392 0.0836719632148743 0.084863418340683
-9999 -9999 -9999 -9999 -9999 -9999 0.282153052091599 0.30873044282198 0.316332782804966 0.361463308334351 0.326444900035858 0.268461212515831 0.0838186003267765 0.0536727629601955 0.0572621531784534 0.0729004196822643 0.0800187774002552 0.0834918662905693 0.0857479378581047 0.0776922412216663 0.0675813175737858 0.0633694872260094 0.0592013116925955 0.0611365839838982 0.0620075672864914 0.0600508816540241 0.0607697684317827 0.0592151489108801 0.0584520027041435 0.0565793599933386 0.0523171316832304 0.049562906101346 0.0449793925508857 0.0426146684214473 0.0488098461180925 0.0639401324093342 0.0773200832307339 0.0865683302283287 0.0829487025737762 0.0851302087306976 0.0864466577768326 0.0824107401072979 0.0774522319436073 0.0697140887379646 0.0595852069556713 0.0620040819048882 0.0677004903554916 0.0733325958251953 0.0776336178183556 0.0905903324484825 0.103580795228481 0.12308611869812 0.133436578512192 0.133594393730164 0.123988869786263 0.113605318963528
-9999 -9999 -9999 -9999 -9999 -9999 0.319568346440792 0.331913086771965 0.370524740219116 0.374896866083145 0.332013821601868 0.249489882588387 0.0925601571798325 0.0623977120965719 0.0681098155677319 0.0853467345237732 0.0960916072130203 0.098921412229538 0.10117803812027 0.0917635686695576 0.0813143610954285 0.0813220366835594 0.0792100451886654 0.0812209784984589 0.0803951896727085 0.0796030879020691 0.0786723621189594 0.0787453413009644 0.0774029091000557 0.0736835367977619 0.0720822930335999 0.0670111961662769 0.0638943295925856 0.0607599832117558 0.0563052199780941 0.0556271497160196 0.0602051194757223 0.0621415268629789 0.0645224384963512 0.0668773829936981 0.0642700463533401 0.0659672349691391 0.0770095586776733 0.0840860560536385 0.0949261516332626 0.102492302656174 0.102465224266052 0.110292607545853 0.117616955935955 0.126880112290382 0.145003923773766 0.148195150494575 0.153231404721737 0.153454260528088 0.147124065458775 0.138662371039391
-9999 -9999 -9999 -9999 -9999 -9999 -9999 0.37375316619873 0.360862880945206 0.378569388389587 0.332249784469605 0.260549727082252 0.115451616048813 0.0947458013892174 0.086575485765934 0.101409993320704 0.111712507903576 0.115176819264889 0.116338267922401 0.108565059304237 0.102147077023983 0.101646004617214 0.100850437581539 0.104090140759945 0.104642099142075 0.102012999355793 0.102837273478508 0.101763252913952 0.101446753740311 0.100840981304646 0.0971154272556305 0.0949703216552734 0.0898674599826336 0.0882631979882717 0.0866014741361141 0.0836851321160793 0.0842582702636719 0.0847682349383831 0.0832058310508728 0.0907977774739265 0.0991856619715691 0.110704579949379 0.121530142426491 0.130309180915356 0.141750483214855 0.146663628518581 0.146928942203522 0.143622620403767 0.15351709574461 0.162118816375732 0.179461088776588 0.184956346452236 0.186589270830154 0.185666610300541 0.183749170601368 0.177541001141071
-9999 -9999 -9999 -9999 -9999 -9999 -9999 -9999 0.342810386419296 0.358594554662704 0.332530999183655 0.270450875163078 0.128116697072983 0.114900441467762 0.129060940444469 0.114588797092438 0.127810057997704 0.12972437441349 0.129426075518131 0.119216006994247 0.114891888201237 0.116625814139843 0.12104087471962 0.124671456217766 0.123417508602142 0.122541882097721 0.122759813070297 0.124451583623886 0.124910059571266 0.12514873445034 0.125576359033585 0.121308451890945 0.117768816649914 0.115898142755032 0.113862456381321 0.116030913591385 0.114551910758018 0.117799186706543 0.123957990109921 0.122143813967705 0.134263989329338 0.144336917996407 0.159393952786922 0.169526115059853 0.175090907514095 0.281055665016174 0.178726448118687 0.170478163659573 0.173522154986858 0.193882963061333 0.199930790066719 0.207764531672001 0.21273197978735 0.318473619222641 0.319824980199337 0.323617960512638
-9999 -9999 -9999 -9999 -9999 -9999 0.302087852358818 0.286347749829292 0.301273849606514 0.333374410867691 0.323398274183273 0.181971102952957 0.151099582016468 0.145272313058376 0.167817597091198 0.19068828523159 0.195413169264793 0.141482678055763 0.13656091094017 0.131246049702168 0.129031626880169 0.131296320259571 0.133274067938328 0.138892562687397 0.143846522271633 0.146882700920105 0.151077301800251 0.153166753053665 0.155454909801483 0.15823028087616 0.157737356424332 0.156323938071728 0.15257756114006 0.151113396883011 0.148982818424702 0.147785522043705 0.150212971866131 0.153727172315121 0.160633459687233 0.169172060489655 0.177923408150673 0.186520338058472 0.195995070040226 0.306969910860062 0.344895711541176 0.351467061042786 0.328657284379005 0.209177446365356 0.205021302402019 0.361045557260513 0.381115370988846 0.405038374662399 0.409558594226837 0.412101465463638 0.412137520313263 0.391400533914566
-9999 -9999 -9999 -9999 -9999 0.347504866123199 0.248206824064255 0.27136402130127 0.306499847769737 0.309991690516472 0.272173678874969 0.183615407347679 0.180083817243576 0.187879619002342 0.210312086343765 0.339142054319382 0.232161059975624 0.206024095416069 0.189785009622574 0.137596210837364 0.138892909884453 0.142674471437931 0.142550382018089 0.149827687442303 0.160890521109104 0.170053716003895 0.22369077205658 0.230495047569275 0.237561213970184 0.242333656549454 0.242772850394249 0.243601658940315 0.23980510532856 0.185119019448757 0.179020804166794 0.174348022043705 0.180047772824764 0.184866847097874 0.192520275712013 0.198413255810738 0.20587272644043 0.314298422634602 0.319950672984123 0.353971228003502 0.377962481975555 0.443812251091003 0.43591046333313 0.410407519340515 0.405349695682526 0.417942410707474 0.423635935783386 0.417443883419037 0.418936097621918 0.418835324048996 0.404208278656006 0.391735649108887
-9999 -9999 -9999 -9999 -9999 0.350086623430252 0.278331565856934 0.29352568089962 0.315748831629753 0.298721313476562 0.176937711238861 0.271714171767235 0.292602053284645 0.323948043584824 0.326820838451385 0.337351202964783 0.246050733327866 0.224218538403511 0.207091984152794 0.211113315820694 0.166678266227245 0.168645676970482 0.168488317728043 0.223112684488297 0.23447477221489 0.244586065411568 0.25144749879837 0.258364155888557 0.268090084195137 0.276538968086243 0.385365170240402 0.386645728349686 0.280325597524643 0.275919532775879 0.267305618524551 0.261444154381752 0.264165180921555 0.372700387239456 0.324836513400078 0.336759883165359 0.359615182876587 0.367232513427734 0.375043919682503 0.447865122556686 0.449031782150269 0.448778575658798 0.442318689823151 0.428095060586929 0.424588537216187 0.422744250297546 0.420024991035461 0.415468072891235 0.408376049995422 0.403184646368027 0.402536523342133 0.395937353372574
-9999 -9999 -9999 -9999 -9999 -9999 0.316770440340042 0.317371222376823 0.333414432406425 0.267976826429367 0.161369514465332 0.168688966333866 0.316056522727013 0.339615046977997 0.31267501115799 0.303090450167656 0.236773054301739 0.23295547068119 0.234916144609451 0.23644095659256 0.251147577166557 0.252099132537842 0.256814894080162 0.26553638279438 0.373486179113388 0.399695426225662 0.422323125600815 0.429554080963135 0.432464468479156 0.43674528002739 0.447909617424011 0.447217762470245 0.447176283597946 0.445218378305435 0.438393050432205 0.414457428455353 0.436015355587006 0.440226179361343 0.446288096904755 0.453280115127563 0.453150105476379 0.454831248521805 0.456859397888184 0.456885755062103 0.452732944488525 0.477802324295044 0.469971024990082 0.455640113353729 0.449210637807846 0.439231705665588 0.43286902308464 0.426836109161377 0.420434379577637 0.415911304950714 0.409859448671341 0.405522501468658
-9999 -9999 -9999 -9999 -9999 -9999 0.345665043592453 0.344384300708771 0.349979299306869 0.274882864952087 0.156392340362072 0.141700781881809 0.151556184887886 0.169165176153183 0.181634297966957 0.194556447863579 0.21142398416996 0.222468119859695 0.248088219761848 0.25766054391861 0.360595202445984 0.380024397373199 0.406580585241318 0.419581431150436 0.43902775645256 0.447387927770615 0.452623724937439 0.457984602451324 0.460828536748886 0.462935078144073 0.464670562744141 0.466897577047348 0.468613910675049 0.469428312778473 0.468658870458603 0.468030256032944 0.469762110710144 0.471257138252258 0.470732545852661 0.467151772975922 0.463893216848373 0.463102358579636 0.46247091293335 0.470311468839645 0.478348124027252 0.47016738653183 0.459786719083786 0.444718271493912 0.436634981632233 0.42428423166275 0.412580728530884 0.403354758024216 0.394521218538284 0.387177783250809 0.376507234573364 0.365028941631317
-9999 -9999 -9999 -9999 -9999 -9999 0.401816195249557 0.337727975845337 0.346026822924614 0.266332912445068 0.224004182219505 0.208502545952797 0.121553204953671 0.120671853423119 0.134108971059322 0.14689414948225 0.181011593341827 0.21195218116045 0.236650410294533 0.269285956025124 0.379844081401825 0.412938416004181 0.425847321748734 0.435147309303284 0.445303755998611 0.453453505039215 0.458794736862183 0.490189254283905 0.492822617292404 0.478595554828644 0.480928242206573 0.471731358766556 0.473498779535294 0.474895942211151 0.474996280670166 0.475442999601364 0.475584828853607 0.487104707956314 0.486557602882385 0.481722229719162 0.47952863574028 0.476104056835175 0.488600891828537 0.481415444612503 0.469225472211838 0.463033133745194 0.451772260665894 0.438783180713654 0.426645863056183 0.404413992166519 0.392251551151276 0.38165967464447 0.370698702335358 0.358627068996429 0.341065484285355 0.327402555942535
-9999 -9999 -9999 -9999 -9999 -9999 -9999 -9999 0.149511677026749 0.247198438644409 0.23503198325634 0.216068723797798 0.108435486257076 0.0965418606996536 0.108916172385216 0.1264747813344 0.162747776508331 0.21486240029335 0.237991392612457 0.275208082795143 0.409803247451782 0.42646918296814 0.415951496362686 0.425188165903091 0.445158338546753 0.46385293006897 0.483560335636139 0.482883304357529 0.485148876905441 0.489226943254471 0.491804778575897 0.494335675239563 0.495510673522949 0.496655976772308 0.497380191087723 0.497430109977722 0.495600283145905 0.493535953760147 0.491721719503403 0.489777886867523 0.487721180915832 0.483697044849396 0.479201298952103 0.474173754453659 0.466054975986481 0.455883115530014 0.444162118434906 0.430415958166122 0.417076176404953 0.400836306810379 0.385221588611603 0.366022229194641 0.351561731100082 0.336831796169281 0.315876448154449 0.296746844053268
-9999 -9999 -9999 -9999 -9999 -9999 -9999 -9999 0.156585013866425 0.144944658875465 0.226726910471916 0.203620699048042 0.0884494677186012 0.087885844707489 0.100044357776642 0.113307704031467 0.152008222043514 0.211437943577766 0.230922436714172 0.268298155069351 0.413626593351364 0.415725249052048 0.393160551786423 0.401189458370209 0.435987114906311 0.470398110151291 0.469849842786789 0.456877565383911 0.459019368886948 0.469779777526855 0.475944083929062 0.479387325048447 0.476830118894577 0.484148621559143 0.484920388460159 0.483330082893372 0.480670958757401 0.47924924492836 0.477343374490738 0.474703055620193 0.474086725711823 0.469826066493988 0.465901702642441 0.461930555105209 0.455499124526978 0.449215596914291 0.436453723907471 0.420417177677155 0.406539821624756 0.387946701049805 0.373365765810013 0.355310541391373 0.333031678199768 0.313982152938843 0.289350581169128 0.270200368762016
-9999 -9999 -9999 -9999 -9999 -9999 -9999 -9999 -9999 0.123192569613457 0.230102577805519 0.192378158867359 0.0760823458433151 0.142687541246414 0.156953778862953 0.109517827630043 0.147518336772919 0.200402241945267 0.210241851210594 0.246597155928612 0.390419864654541 0.388381880521774 0.375334268808365 0.385015165805817 0.428290235996246 0.44285152554512 0.441170138120651 0.436668908596039 0.439751625061035 0.445118981599808 0.451081973314285 0.450915998220444 0.448579263687134 0.452728348970413 0.460352843999863 0.469239741563797 0.469626170396805 0.466117119789124 0.463946813344955 0.463277822732925 0.461571407318115 0.458765572309494 0.454649496078491 0.450730669498444 0.448457580804825 0.442318433523178 0.430354112386704 0.413455295562744 0.395449882745743 0.378140032291412 0.359028816223145 0.339647817611694 0.313664072751999 0.294295501708984 0.271756330132484 0.250540551543236
-9999 -9999 -9999 -9999 -9999 -9999 -9999 -9999 -9999 -9999 0.201439824700356 0.0936126425862312 0.0751603797078133 0.15119463801384 0.176721340417862 0.113247863948345 0.153477440774441 0.188507613539696 0.188232871890068 0.218922045826912 0.359471255540848 0.369370710849762 0.34084495306015 0.351898115873337 0.412986415624619 0.423302984237671 0.42447674870491 0.419104617834091 0.422704142332077 0.429319286346436 0.432343721389771 0.432174599170685 0.425879746675491 0.42622104883194 0.429837566614151 0.432302784919739 0.437090879678726 0.440509009361267 0.449063289165497 0.450175732374191 0.447828710079193 0.44575406908989 0.444056624174118 0.441639620065689 0.438295197486877 0.432762092351913 0.420888292789459 0.404783463478088 0.38817293047905 0.364286983013153 0.344745832681656 0.317623025178909 0.287105733156204 0.260720220208168 0.244324645400047 0.228249624371529
-9999 -9999 -9999 -9999 -9999 -9999 -9999 -9999 -9999 -9999 -9999 0.0806461825966835 0.0752611398696899 0.145496222376823 0.188546530902386 0.212667736411095 0.23131345808506 0.179144813120365 0.157086275517941 0.196368134021759 0.325056028366089 0.330469989776611 0.271720430254936 0.279877132177353 0.380337244272232 0.404124045372009 0.408873504400253 0.40761975646019 0.41286815404892 0.416046118736267 0.418526011705399 0.418200290203094 0.411526930332184 0.408857983350754 0.404345589876175 0.400749713182449 0.40381988286972 0.405021572113037 0.411891913414001 0.419153016805649 0.425796884298325 0.433590126037598 0.430516517162323 0.427597790956497 0.425899815559387 0.420212215185165 0.408360767364502 0.39306817650795 0.376128053665161 0.352942830324173 0.319327187538147 0.294234758615494 0.269622555375099 0.248432517051697 0.223154321312904 0.205748265981674
