meets/meet004/_saidas_enm/ensemble_aver_Cavanillesia_umbellata_CCSM_0k_SVM.asc
NCOLS 154 
NROWS 168 
XLLCORNER -112 
YLLCORNER -55.5 
CELLSIZE 0.5 
NODATA_value -9999 
[rows 72 to 95 of 168, columns 56 to 111 of 154]
-9999 -9999 -9999 -9999 -9999 -9999 -9999 -9999 -9999 -0.115993741154671 -0.0723273679614067 -0.0176435116678476 0.0144656106829643 0.0322159193456173 0.0321108493721113 0.0781777322292328 0.225314095616341 0.367088669538498 0.402228823304176 0.413899827003479 0.382127267122269 0.372295871376991 0.354052650928497 0.304672974348068 0.279174107313156 0.256413978338242 0.234722712635994 0.204526409506798 0.186653861403465 0.179773293435574 0.178977212309837 0.173250962793827 0.16081053763628 0.166632756590843 0.188333740830421 0.209129855036736 0.214604166150093 0.213764229416847 0.214734852313995 0.211224734783173 0.205235037207603 0.191924291849136 0.178008276224136 0.163438653945923 0.147905704379082 0.129678748548031 0.11097038090229 0.0885053187608719 0.0664848495274782 0.0465843541547656 0.0281103922054172 0.0136617064476013 -0.00235363661777228 -0.0125000527128577 -0.0251600311137736 -0.0347619120962918
-9999 -9999 -9999 -9999 -9999 -9999 -9999 -9999 -9999 -9999 -0.135755224525929 -0.0987377852201462 0.0215610951185226 0.0600116111338139 0.0660642266273499 0.106841179355979 0.283278504014015 0.478546088933945 0.473242962360382 0.431314980983734 0.381224179267883 0.350141420960426 0.308725187182426 0.259678387641907 0.226571452617645 0.206886184215546 0.185306103527546 0.157126322388649 0.139959171414375 0.136838373541832 0.136799593269825 0.126810079813004 0.109085483849049 0.107402951270342 0.12251328676939 0.138134764134884 0.148766635358334 0.151993308961391 0.163160072267056 0.174840286374092 0.180585569143295 0.176994806528091 0.171182638406754 0.165681955218315 0.15537713766098 0.14139309078455 0.119316899776459 0.0907990112900734 0.0614911638200283 0.0306048884056509 0.00972105953842401 -0.00328116482123733 -0.0131881929002702 -0.0199276427738369 -0.032202438544482 -0.0401509780436754
-9999 -9999 -9999 -9999 -9999 -9999 -9999 -9999 -9999 -9999 -9999 -0.0524791106581688 0.0244977995753288 0.0966411758214235 0.112044424191117 0.130239743366837 0.26510454416275 0.526974278688431 0.525524753332138 0.445107614994049 0.387604406476021 0.335151490569115 0.27286619246006 0.217127804458141 0.188126230239868 0.162671892344952 0.143990550935268 0.118337869644165 0.101920875161886 0.0970119886100292 0.0906750530004501 0.0832577396184206 0.0683025673031807 0.0647328335791826 0.0665747217833996 0.0649650610983372 0.0777775231748819 0.082213356345892 0.0968825206160545 0.114280097186565 0.123797509074211 0.135729150474071 0.13512714356184 0.140905746817589 0.148308330774307 0.142086617648602 0.115888324379921 0.0826533041894436 0.05024638697505 0.0186454264796339 -0.00231100888922811 -0.0129180859774351 -0.021637463523075 -0.028564609773457 -0.0377320244908333 -0.0439578332006931
-9999 -9999 -9999 -9999 -9999 -9999 -9999 -9999 -9999 -9999 -9999 -0.0115272292401642 0.00343633213778958 0.0888553358614445 0.112893111817539 0.122560600191355 0.186514599621296 0.446689212322235 0.540074962377548 0.483672791719437 0.39631182551384 0.329273229837418 0.255958840250969 0.198949328064919 0.162124758958817 0.134167067706585 0.115385008603334 0.0924330063164234 0.0762160915881395 0.0671762485057115 0.0566191282123327 0.0496165978489444 0.0375428289175034 0.0330154441297054 0.0323257913812995 0.0281041694805026 0.0351470739580691 0.038169891666621 0.051208090595901 0.069887525588274 0.0811183348298073 0.100972996652126 0.107387977838516 0.116607928276062 0.126092267036438 0.119211913645267 0.0951845429837704 0.0631435763090849 0.0335731863975525 0.00505278371274471 -0.0130721313878894 -0.0231217245571315 -0.0292149342596531 -0.0367042720317841 -0.0478038594126701 -0.0543668955564499
-9999 -9999 -9999 -9999 -9999 -9999 -9999 -9999 -9999 -9999 -9999 -0.0098181264474988 -0.0348399924114347 0.0584893584251404 0.0964594315737486 0.10782519930508 0.113138238340616 0.261635276675224 0.403132677078247 0.439470738172531 0.45411628484726 0.343277367949486 0.256165212392807 0.194075502455235 0.151494359970093 0.125817669928074 0.100927139446139 0.0792542841285467 0.061286486685276 0.0488487906754017 0.0357555662281811 0.0271699813660234 0.0195504738017917 0.0148597015067935 0.0110707081854343 0.00922062210738659 0.00775548610836267 0.0120441834442317 0.02296022772789 0.0347805377095938 0.0591402433812618 0.0816317938268185 0.101252160966396 0.107789322733879 0.0973663628101349 0.07961141243577 0.0583043862134218 0.0343073988653487 0.0119032498449087 -0.00880706789903343 -0.0214665584731847 -0.0325568962842226 -0.0395382024347782 -0.0469442963600159 -0.054853343218565 -0.0554947845637798
-9999 -9999 -9999 -9999 -9999 -9999 -9999 -9999 -9999 -9999 -9999 -9999 -0.0589108150452375 -0.000492237508296967 0.0503997344523668 0.0781143603846431 0.0982741545885801 0.139895336329937 0.189268156886101 0.290117394924164 0.408525401353836 0.398864024877548 0.313396120071411 0.230149492621422 0.158142897486687 0.11451515480876 0.0894950073212385 0.0751797579228878 0.0580450631678104 0.0420668977778405 0.0243797128554434 0.0144690281478688 0.00531905518146232 -0.000345096201635897 -0.00411850025411695 -0.00900587569922209 -0.0136790038552135 -0.0157047613523901 -0.00828370493836701 0.00402146158739924 0.0293093374930322 0.0688356280326843 0.105578364431858 0.110818958282471 0.0798400424420834 0.0433779979124665 0.0178096766583621 -0.00252712410874665 -0.0180268964730203 -0.0280665099155158 -0.036078233923763 -0.0467968456447124 -0.0549037341028452 -0.0586489036679268 -0.0607964716851711 -0.0570229984819889
-9999 -9999 -9999 -9999 -9999 -9999 -9999 -9999 -9999 -9999 -9999 -9999 0.00781473187962547 -0.0228495958028361 0.0250352423638105 0.053911972604692 0.117537914961576 0.242486870288849 0.246723356842995 0.14662749171257 0.244928669929504 0.362394148111343 0.428005003929138 0.33198416531086 0.167802196741104 0.113747976720333 0.092283196747303 0.0849832620471716 0.0681088600307703 0.0487763647921383 0.0241294124978594 0.0146524094045162 0.00203059185296297 -0.00874987952411175 -0.0147248284891248 -0.0230238158721477 -0.032831148058176 -0.0433932710438967 -0.0423362046480179 -0.0309759486466646 -0.00953802014701068 0.0369685800746083 0.103566688299179 0.117477516829968 0.0672180153429508 0.0156105285976082 -0.0103960651904345 -0.0343318140134215 -0.0464595347642899 -0.0489770773798227 -0.048606975004077 -0.06015899553895 -0.0679596833884716 -0.0711545132100582 -0.0667286053299904 -0.0565775781869888
-9999 -9999 -9999 -9999 -9999 -9999 -9999 -9999 -9999 -9999 -9999 -9999 -9999 -0.00120407422073185 0.0228364776121452 0.0684817834757268 0.14210210070014 0.25093694627285 0.325862503051758 0.328267547488213 0.280109426379204 0.302692919969559 0.531859838962555 0.550888508558273 0.403857627511024 0.237982448935509 0.16222502887249 0.140291900932789 0.102319515496492 0.0712042342871428 0.0447767334058881 0.0276065532583743 0.012020500615472 -0.00351631110534072 -0.0163662206381559 -0.0323426514863968 -0.0426091141998768 -0.0542576663196087 -0.0583410978317261 -0.0562526792287827 -0.0464086603373289 -0.00800759353442118 0.0464931540191174 0.0737056903541088 0.0616271272301674 0.0227093287627213 -0.0224976211320609 -0.0565107859671116 -0.06937156021595 -0.0699161350727081 -0.068850515037775 -0.0751896172761917 -0.0787178590893745 -0.0753857091069221 -0.0698278777301311 -0.0617928996682167
-9999 -9999 -9999 -9999 -9999 -9999 -9999 -9999 -9999 -9999 -9999 -9999 -9999 0.0492184769362211 0.036026179138571 0.0761237327009439 0.143850930035114 0.179692532867193 0.192796939611435 0.296923042833805 0.445550757646561 0.485046410560608 0.492318958044052 0.640760940313339 0.762013989686966 0.574214845895767 0.428875559568405 0.322965803742409 0.22649487555027 0.115468991547823 0.0820013411343098 0.0630773164331913 0.0330834161024541 0.012763069011271 -0.00505980332382023 -0.0290274446830153 -0.0357964482158422 -0.0493699844926596 -0.0584525518119335 -0.0655247680842876 -0.0742523923516274 -0.0508772686123848 -0.00940323082031682 0.0180718555115163 0.0370462369173765 0.0473885297775269 -0.0313533866312355 -0.0758567072451115 -0.0877406418323517 -0.0878302305936813 -0.0829811863601208 -0.0839878961443901 -0.0826886832714081 -0.0796056680381298 -0.0759184002876282 -0.0697036758065224
-9999 -9999 -9999 -9999 -9999 -9999 -9999 -9999 -9999 -9999 -9999 -9999 -9999 -9999 0.0725555926561356 0.0511022180318832 0.158898087590933 0.158836718648672 0.146658233553171 0.203102198243141 0.359369018673897 0.57723953127861 0.500280618667603 0.30481613278389 0.324477204680443 0.516457915306091 0.781951260566711 0.848824578523636 0.610073804855347 0.374976247549057 0.205967018008232 0.106090791523457 0.0706050843000412 0.0401832505624043 0.0172438785433769 -0.00147746708244085 -0.00938592925667763 -0.0170822287909687 -0.0282631745561957 -0.0452030271291733 -0.0630143463611603 -0.0598418399691582 -0.0504823878407478 -0.0368938021361828 -0.00948537811636925 -0.0125952251255512 -0.0503422651439905 -0.086350092291832 -0.0965523645281792 -0.0957874819636345 -0.0929631173610687 -0.0897821292281151 -0.0885133743286133 -0.0857963770627976 -0.0829103484749794 -0.0827699139714241
-9999 -9999 -9999 -9999 -9999 -9999 -9999 -9999 -9999 -9999 -9999 -9999 -9999 -9999 0.122119022905827 0.0194527297862805 0.0950337881222367 0.147950684279203 0.114028129726648 0.154205693304539 0.202995443344116 0.210473901033401 0.130699854902923 0.120255907997489 0.20880364254117 0.1404849588871 0.280085870623589 0.6347660779953 0.973237037658691 0.803007715940475 0.460131901502609 0.271117299795151 0.128908208012581 0.0690947931259871 0.0436993857845664 0.0285647995769978 0.0303968174383044 0.0345529764890671 0.0270770074799657 0.00358942598104477 -0.0406712120398879 -0.0447598025202751 -0.0650373928248882 -0.0698095224797726 -0.0502268061041832 -0.0438696945086122 -0.0626931399106979 -0.0908122181892395 -0.097611466050148 -0.0942513883113861 -0.0957482472062111 -0.0896917507052422 -0.0903580769896507 -0.0896452158689499 -0.0878346666693687 -0.0898249536752701
-9999 -9999 -9999 -9999 -9999 -9999 -9999 -9999 -9999 -9999 -9999 -9999 -9999 -9999 -9999 0.0656461380422115 -0.0112833710387349 0.115947910770774 0.0895005151629448 0.119669123739004 0.11424996308051 0.0702647767961025 0.0239613179117441 0.0337403852492571 0.0675938248634338 0.100868885125965 0.166600668453611 0.184822816029191 0.234299977868795 0.478722774982452 0.658853393793106 0.528584623336792 0.231627318263054 0.113598430156708 0.0671984439715743 0.0707862547598779 0.0684444472193718 0.0679293481633067 0.0756305657327175 0.0970926582813263 0.0957583606243134 0.0160611906088889 -0.0601911254227161 -0.0856956958770752 -0.0774856306612492 -0.0634638763964176 -0.0670630313456058 -0.0781505323946476 -0.0783266104757786 -0.0711945116519928 -0.0689016304910183 -0.0720482692122459 -0.0811344280838966 -0.0846611514687538 -0.0855479270219803 -0.0914030194282532
-9999 -9999 -9999 -9999 -9999 -9999 -9999 -9999 -9999 -9999 -9999 -9999 -9999 -9999 -9999 0.123456108570099 0.0309842806309462 0.0519027031958103 0.0594478491693735 0.0879741724580526 0.0946350606158376 0.0639057107269764 0.0475897967815399 0.0376468934118748 0.0258196622133255 0.0640826476737857 0.0515347570180893 0.0727624149993062 0.101550685241818 0.565286731719971 0.580979764461517 0.759833776950836 0.50526362657547 0.217301297187805 0.0988949559628964 0.100641104578972 0.0809231035411358 0.0822581268846989 0.111870510131121 0.176882000267506 0.233498054742813 0.0975440986454487 -0.0538210060447454 -0.0954416930675507 -0.0927595794200897 -0.0734708502888679 -0.0641942717134953 -0.0549755245447159 -0.0411300952546299 -0.0244788567535579 -0.0107377491891384 -0.0268748851958662 -0.0511643441393971 -0.0613843772560358 -0.0682588711380959 -0.0808555021882057
-9999 -9999 -9999 -9999 -9999 -9999 -9999 -9999 -9999 -9999 -9999 -9999 -9999 -9999 -9999 0.289568671584129 0.0732946678996086 0.0262791399843991 0.0552727568894625 0.0630282959435135 0.0468403251841664 0.0572862787172198 0.067623395472765 0.0706668332219124 0.0609020359814167 0.0506106369197369 0.0320011645555496 0.0292606640607119 0.0748104117810726 0.472534096240997 0.845072841644287 0.736230874061584 0.781194084882736 0.481655335426331 0.212628027796745 0.0929941289126873 0.0668001618236303 0.0834618862718344 0.123294080793858 0.207869473099709 0.261825221776962 0.125134642422199 -0.0529352739453316 -0.0954090520739555 -0.100905703008175 -0.0879966884851456 -0.0618527300655842 -0.0262733554467559 0.00928140627220273 0.0330277006141841 0.0405133082531393 0.0305400821845979 0.0128632870269939 -0.000820739008486271 -0.0133739935234189 -0.0119258820544928
-9999 -9999 -9999 -9999 -9999 -9999 -9999 -9999 -9999 -9999 -9999 -9999 -9999 -9999 -9999 -9999 0.195169448852539 0.04119065515697 0.0434560887515545 0.0569749493151903 0.050885658711195 0.0481523870490491 0.0597308029420674 0.0691553177312016 0.0724066152237356 0.0768966275267303 0.0717127837240696 0.0637357376515865 0.0750446578487754 0.259461555816233 0.67672758102417 0.824600088596344 0.835318243503571 0.859991174936295 0.517423468828201 0.190465162694454 0.0923727825284004 0.0617179831489921 0.084633032605052 0.15253622084856 0.229878839850426 0.0694577403366566 -0.0666225641965866 -0.0916595876216888 -0.0966902524232864 -0.0871631845831871 -0.0456392295658588 0.0147248975059483 0.0714774042367935 0.105108062922955 0.110094904899597 0.0914519354701042 0.0710255585610867 0.0602351255714893 0.0555200949311256 0.0735104829072952
-9999 -9999 -9999 -9999 -9999 -9999 -9999 -9999 -9999 -9999 -9999 -9999 -9999 -9999 -9999 -9999 -9999 0.238646894693375 0.0503559175878763 0.057345181144774 0.0645786933600903 0.0688834983855486 0.0594459747895598 0.0525930777192116 0.0594526651315391 0.0682024475187063 0.0760411011811812 0.0806894049048424 0.0905068401247263 0.151679491996765 0.346287231147289 0.782510977983475 0.834012055397034 0.758669793605804 0.818334728479385 0.447755199670792 0.197338937222958 0.0776555672287941 0.0356752591207623 0.031031120417174 0.00106613750103861 -0.0252827379852533 -0.0634542353451252 -0.0789990022778511 -0.0771180182695389 -0.0530737034976482 -0.00912687568925321 0.0567557878792286 0.118294245004654 0.161033964157104 0.179432985186577 0.119364827871323 0.0644700840115547 0.0523479126393795 0.0738115146756172 0.119731901586056
-9999 -9999 -9999 -9999 -9999 -9999 -9999 -9999 -9999 -9999 -9999 -9999 -9999 -9999 -9999 -9999 -9999 -9999 -9999 0.0552438955754042 0.0539224095642567 0.0448758918792009 0.0795559115707874 0.095748595893383 0.0757315061986446 0.0654545579105616 0.0691170964390039 0.0783524630591273 0.0861438612395432 0.11100871860981 0.180754618346691 0.460568767786026 0.724287378787994 0.74828075170517 0.690966367721558 0.754398983716965 0.576791989803314 0.258642327785492 0.0947994060814381 0.0283462571445853 -0.0207917964085937 -0.0292443804442883 -0.0449903480708599 -0.0535815544426441 -0.0380520407110453 -0.0152663864777423 0.0169718312332407 0.0659772388637066 0.114614593982697 0.154051470756531 0.174833780527115 0.104615399241447 0.0331002287566662 0.0162204114720225 0.0382580045610666 0.0874724633991718
-9999 -9999 -9999 -9999 -9999 -9999 -9999 -9999 -9999 -9999 -9999 -9999 -9999 -9999 -9999 -9999 -9999 -9999 -9999 -9999 -9999 0.0557088319212198 0.021243291371502 0.0289827903732657 0.111647362448275 0.0810721196234226 0.0671351181343198 0.0705608893185854 0.0753508232533932 0.0882090539671481 0.11193559076637 0.213940864335746 0.369864850491285 0.590201020240784 0.716591167449951 0.554272329807281 0.632855570316315 0.488122168183327 0.272583565115929 0.110198929905891 0.0501739826053381 0.0208363857120276 0.00660839267075062 0.00878582838922739 0.0119060741737485 0.0206284125917591 0.0383276969194412 0.046247923001647 0.0697507314383984 0.120157523453236 0.121200802922249 0.0683872975409031 0.00240231407806277 -0.0210357809439301 -0.0182796165347099 -0.0117793332785368
-9999 -9999 -9999 -9999 -9999 -9999 -9999 -9999 -9999 -9999 -9999 -9999 -9999 -9999 -9999 -9999 -9999 -9999 -9999 -9999 -9999 -9999 -9999 0.0522494651377201 0.0148368589580059 0.101497401762754 0.0950710568577051 0.0682890482246876 0.06734922491014 0.0729762986302376 0.0812776509672403 0.11728085540235 0.159750013658777 0.297002368606627 0.565927869081497 0.675455087423325 0.525823163986206 0.42048128247261 0.422170713543892 0.258559754490852 0.137050750851631 0.0983106568455696 0.0957578018307686 0.0926460057497025 0.087801306694746 0.086842917650938 0.08703583329916 0.0773363687098026 0.0857817828655243 0.112432807683945 0.0987357914447784 0.0376266341656446 -0.0275645493529737 -0.0524551182985306 -0.052028327062726 -0.0451264602597803
-9999 -9999 -9999 -9999 -9999 -9999 -9999 -9999 -9999 -9999 -9999 -9999 -9999 -9999 -9999 -9999 -9999 -9999 -9999 -9999 -9999 -9999 -9999 -9999 -9999 -0.00545706897974014 0.0410406924784184 0.0829148873919621 0.0636737174354494 0.0675539787858725 0.0728502750396729 0.0776761407963932 0.0869452975690365 0.113156994432211 0.227125258138403 0.329049770534039 0.64773057103157 0.495276391506195 0.266700524091721 0.2597770601511 0.191118496656418 0.16136746108532 0.183256769180298 0.175550296902657 0.174992749094963 0.187218761444092 0.163662922382355 0.163722914457321 0.146078372001648 0.126201909780502 0.101859155297279 0.0171578100882471 -0.0524402379989624 -0.0715274304151535 -0.0600809477269649 -0.0370314755942672
-9999 -9999 -9999 -9999 -9999 -9999 -9999 -9999 -9999 -9999 -9999 -9999 -9999 -9999 -9999 -9999 -9999 -9999 -9999 -9999 -9999 -9999 -9999 -9999 -9999 0.0606361689046025 0.0164913974702358 0.0572746880352497 0.0790957495570183 0.0728025907184929 0.0693560814484954 0.0671604992821813 0.0674792502075434 0.0723747368669137 0.116475216671824 0.212398259155452 0.425560161471367 0.55278245806694 0.393568217754364 0.188348250091076 0.165282276272774 0.188801008462906 0.24635326564312 0.236429795622826 0.227602019906044 0.240514278411865 0.204114770889282 0.182998442649841 0.149248652160168 0.112435910105705 0.0684764966368675 -0.00723576620221138 -0.0579567082226276 -0.0712646298110485 -0.0573237538337708 -0.0333985312841833
-9999 -9999 -9999 -9999 -9999 -9999 -9999 -9999 -9999 -9999 -9999 -9999 -9999 -9999 -9999 -9999 -9999 -9999 -9999 -9999 -9999 -9999 -9999 -9999 -9999 -9999 -9999 0.0393548826687038 0.0700940761715174 0.0795723034068942 0.0828423108905554 0.0772763565182686 0.0729622319340706 0.0663857944309711 0.0632038240320981 0.0724253140389919 0.189870443940163 0.35212054848671 0.387815907597542 0.132695998251438 0.0894917316734791 0.165784806013107 0.30563657283783 0.291915261745453 0.253171131014824 0.246396404504776 0.210594353079796 0.15148456543684 0.103766234219074 0.0658142365515232 0.0219554545357823 -0.0214044379070401 -0.0545546215027571 -0.062150351703167 -0.044217037409544 -0.0196422185748816
-9999 -9999 -9999 -9999 -9999 -9999 -9999 -9999 -9999 -9999 -9999 -9999 -9999 -9999 -9999 -9999 -9999 -9999 -9999 -9999 -9999 -9999 -9999 -9999 -9999 -9999 -9999 0.0534048981964588 0.0725156925618649 0.0766600010916591 0.0800182659644633 0.0796752789989114 0.0771501049399376 0.0736851066350937 0.0638284429907799 0.0553608246147633 0.0831949818879366 0.183575436472893 0.274531844258308 0.137780237942934 0.0513230758719146 0.112353962659836 0.184174770116806 0.178798040747643 0.213298758864403 0.262542414665222 0.21714813709259 0.143212459981441 0.0821773380041122 0.0296570888371207 -0.00356341941878782 -0.0160297848284245 -0.0219282958656549 -0.0243910430348478 -0.0169379217550159 -0.0136662628501654
-9999 -9999 -9999 -9999 -9999 -9999 -9999 -9999 -9999 -9999 -9999 -9999 -9999 -9999 -9999 -9999 -9999 -9999 -9999 -9999 -9999 -9999 -9999 -9999 -9999 -9999 -9999 -9999 0.0696213826537132 0.0746224155649543 0.0705545861274004 0.0751989003270865 0.0773182597011328 0.078008970245719 0.069532297924161 0.057937432359904 0.057587312720716 0.105916531383991 0.163909067213535 0.11559223420918 0.0123991999775171 0.0609790354967117 0.101276214048266 0.0699296414852142 0.125992552936077 0.293305212259293 0.213133707642555 0.142470456659794 0.0828682720661163 0.0163765931269154 -0.0139694455079734 -0.00541724462527782 0.0349961258471012 0.046022105589509 0.0188944037188776 -0.00699638146907091
