meets/meet004/_saidas_enm/ensemble_aver_Aralia_warmingiana_CCSM_21k_Maxent.asc
NCOLS 154 
NROWS 168 
XLLCORNER -112 
YLLCORNER -55.5 
CELLSIZE 0.5 
NODATA_value -9999 
[rows 75 to 99 of 168, columns 56 to 111 of 154]
-9999 -9999 -9999 -9999 -9999 -9999 -9999 -9999 -9999 -9999 -9999 0.0836261004209518 0.088248610496521 0.0872017502784729 0.0929537750780582 0.117255540192127 0.157752695679665 0.250367739796639 0.333766913414001 0.363584607839584 0.414584356546402 0.449417722225189 0.487361299991608 0.519723457098007 0.550183540582657 0.573269194364548 0.583218991756439 0.59878237247467 0.608792495727539 0.61968629360199 0.634078502655029 0.640462362766266 0.648621559143066 0.663365316390991 0.673516857624054 0.679140043258667 0.678542363643646 0.676993203163147 0.670247280597687 0.65888934135437 0.647232675552368 0.630277156829834 0.615429508686066 0.602400708198547 0.58951370716095 0.584568428993225 0.575139045715332 0.554669582843781 0.523029714822769 0.491903507709503 0.459556156396866 0.437301516532898 0.414850336313248 0.396864664554596 0.383181393146515 0.370023399591446
-9999 -9999 -9999 -9999 -9999 -9999 -9999 -9999 -9999 -9999 -9999 0.109115514159203 0.118019115924835 0.11435311883688 0.102368600666523 0.120610274374485 0.131144078075886 0.178744214773178 0.244334968924522 0.286915799975395 0.343587642908096 0.40550092458725 0.454560738801956 0.490300941467285 0.532162225246429 0.559447872638702 0.569490563869476 0.584405463933945 0.5977423787117 0.610129189491272 0.628257048130035 0.638935983181 0.655867612361908 0.669296538829803 0.680535912513733 0.689216542243958 0.690730023384094 0.692222845554352 0.686747658252716 0.678682732582092 0.667789208889008 0.656792461872101 0.643933951854706 0.630915522575378 0.614875161647797 0.605735814571381 0.59480504989624 0.579301464557648 0.551077353954315 0.52019339799881 0.49089263677597 0.463510358333588 0.4343146443367 0.412470173835754 0.395825916528702 0.38003032207489
-9999 -9999 -9999 -9999 -9999 -9999 -9999 -9999 -9999 -9999 -9999 -9999 0.125231246650219 0.133021408319473 0.136688427627087 0.141101980209351 0.125865210592747 0.113336886465549 0.13450533747673 0.189797353744507 0.263333994150162 0.330834555625916 0.406732296943665 0.446336102485657 0.495408940315247 0.538202798366547 0.556988096237183 0.561736130714417 0.57316010594368 0.588764035701752 0.61103093624115 0.621068859100342 0.638582932949066 0.65305814743042 0.668972814083099 0.68684070110321 0.693315231800079 0.699060082435608 0.698091602325439 0.693411707878113 0.684166717529297 0.671057975292206 0.652211201190948 0.641905438899994 0.63863787651062 0.626428270339966 0.615627455711365 0.597768878936768 0.572685718536377 0.542705237865448 0.509899431467056 0.484551829099655 0.459943836927414 0.439876699447632 0.423804974555969 0.409950113296509
-9999 -9999 -9999 -9999 -9999 -9999 -9999 -9999 -9999 -9999 -9999 -9999 0.127970247715712 0.135374903678894 0.18166466653347 0.184574556350708 0.12312363833189 0.0792083002626896 0.0700715735554695 0.0914943866431713 0.172046379745007 0.24213655591011 0.343066900968552 0.418241757154465 0.478340727090836 0.515974771976471 0.528481882810593 0.528770953416824 0.538333529233933 0.55399409532547 0.584743911027908 0.588364940881729 0.603166842460632 0.623936080932617 0.644338583946228 0.667612087726593 0.684949588775635 0.697545516490936 0.704290616512299 0.702555203437805 0.697146511077881 0.680986166000366 0.653295254707336 0.640119230747223 0.638707602024078 0.632521426677704 0.618763709068298 0.604717874526978 0.58407176733017 0.553179526329041 0.525721627473831 0.506320059299469 0.487664425373077 0.47315593957901 0.458359384536743 0.398614317178726
-9999 -9999 -9999 -9999 -9999 -9999 -9999 -9999 -9999 -9999 -9999 -9999 -9999 0.125970159471035 0.193930667638779 0.148872438073158 0.0962347447872162 0.0616390094161034 0.0496154129505157 0.0438256427645683 0.0602020740509033 0.116949684917927 0.230790644884109 0.345147055387497 0.413910120725632 0.47747568488121 0.495572638511658 0.489701372385025 0.496241468191147 0.51309312582016 0.531504517793655 0.547724640369415 0.565655446052551 0.589252173900604 0.612411391735077 0.64219446182251 0.66550532579422 0.686254918575287 0.698011589050293 0.704479169845581 0.704492819309235 0.694455766677856 0.669253611564636 0.652902376651764 0.641964209079742 0.62776495218277 0.619052183628082 0.60946638584137 0.592517852783203 0.571120178699493 0.548659098148346 0.533155298233032 0.518597722053528 0.50745410323143 0.445434612035751 0.395328336954117
-9999 -9999 -9999 -9999 -9999 -9999 -9999 -9999 -9999 -9999 -9999 -9999 -9999 0.212846279144287 0.19206146299839 0.10787732899189 0.0831927254796028 0.0514275804162025 0.0423971012234688 0.0339072167873383 0.0368518523871899 0.0408141322433948 0.111429683864117 0.203382951021194 0.253745591640472 0.380664384365082 0.422908413410187 0.438524931669235 0.446505755186081 0.475216472148895 0.484419733285904 0.495623326301575 0.526035606861115 0.5533846616745 0.577160078287125 0.61256822347641 0.64139518737793 0.670658111572266 0.69046059846878 0.699351251125336 0.704270935058594 0.702052295207977 0.687202608585358 0.669059467315674 0.648767590522766 0.619640374183655 0.620049750804901 0.611040484905243 0.595565104484558 0.579122877120972 0.560867059230804 0.552427434921265 0.545387518405914 0.49373961687088 0.437087512016296 0.387606304883957
-9999 -9999 -9999 -9999 -9999 -9999 -9999 -9999 -9999 -9999 -9999 -9999 -9999 -9999 0.20487447977066 0.148474907875061 0.0729876197874546 0.0471903651952744 0.0371326018124819 0.0243971616029739 0.0256000369787216 0.0209218492731452 0.0193680597469211 0.0289566794410348 0.0670253448188305 0.138117951154709 0.212361192703247 0.325971049070358 0.379605931043625 0.402266752719879 0.422424376010895 0.452316123247147 0.457694399356842 0.477239322662354 0.527706909179688 0.56029080748558 0.590207004547119 0.630353486537933 0.67154757976532 0.692815911769867 0.701468253135681 0.704278981685638 0.699772119522095 0.688748610019684 0.666716170310974 0.643077504634857 0.633936655521393 0.625336754322052 0.602536284923553 0.583203756809235 0.565913224220276 0.555354917049408 0.485658448934555 0.443376010656357 0.421251374483109 0.384793269634247
-9999 -9999 -9999 -9999 -9999 -9999 -9999 -9999 -9999 -9999 -9999 -9999 -9999 -9999 0.206566472351551 0.133172172307968 0.0791287541389465 0.0438518702983856 0.0322712227702141 0.0225243214517832 0.0198313448578119 0.0114268793724477 0.00722720501944423 0.00808124733157456 0.0123131839558482 0.025017830170691 0.0380609557032585 0.110831572115421 0.211613056063652 0.272842925786972 0.348815578222275 0.409690076112747 0.424099010229111 0.405135935544968 0.459467530250549 0.460615587234497 0.492811149358749 0.524473494291306 0.59815456867218 0.672602081298828 0.695637488365173 0.702460384368896 0.701844930648804 0.695888459682465 0.681547677516937 0.660210764408112 0.65048713684082 0.643657970428467 0.606764352321625 0.591730415821075 0.55180379152298 0.524043822288513 0.440291696786881 0.403761541843414 0.397885000705719 0.399568736553192
-9999 -9999 -9999 -9999 -9999 -9999 -9999 -9999 -9999 -9999 -9999 -9999 -9999 -9999 -9999 0.165844731032848 0.105671434104443 0.0564282789826393 0.030572347715497 0.0207145301625133 0.016348198056221 0.0107513981871307 0.00390690064523369 0.00306417688261718 0.0035072170314379 0.00430364431813359 0.00558548828121275 0.00684040170162916 0.0144371023401618 0.072219929099083 0.223359063267708 0.354444599151611 0.412679517269135 0.365928888320923 0.391442787647247 0.41084223985672 0.44203372001648 0.464600241184235 0.517725360393524 0.582445669174194 0.655645501613617 0.685399043560028 0.698617088794708 0.69853687286377 0.691263127326965 0.680357599258423 0.668295681476593 0.658510303497314 0.648074781894684 0.63869571685791 0.610783505439758 0.547837591171265 0.467951160669327 0.426804709434509 0.405580353736877 0.371710968017578
-9999 -9999 -9999 -9999 -9999 -9999 -9999 -9999 -9999 -9999 -9999 -9999 -9999 -9999 -9999 0.313847255706787 0.152336931228638 0.092758622020483 0.0439514759927988 0.0237246450036764 0.017862824164331 0.0149859331548214 0.00538067608140409 0.00291158377658576 0.00201256064465269 0.000896304674097337 0.00161501625552773 0.00179602325079031 0.0043631388572976 0.0128892568871379 0.0812017098069191 0.191318768262863 0.358603936433792 0.41012521982193 0.404128646850586 0.406894916296005 0.408465003967285 0.417415755987167 0.432437866926193 0.446453756093979 0.501400625705719 0.642359137535095 0.687548935413361 0.665790235996246 0.681065165996552 0.68765527009964 0.676254463195801 0.666743564605713 0.655911874771118 0.650309443473816 0.613238286972046 0.562705767154694 0.500933516025543 0.464726585149765 0.429104673862457 0.39693312048912
-9999 -9999 -9999 -9999 -9999 -9999 -9999 -9999 -9999 -9999 -9999 -9999 -9999 -9999 -9999 0.219230782985687 0.17268448472023 0.122454805672169 0.0685354091227055 0.0387729298323393 0.0235442761331797 0.0194006729871035 0.0204388499259949 0.0112994152121246 0.00748839927837253 0.00430468735285103 0.00303781693801284 0.00213136655511335 0.00303047054912895 0.00852505937218666 0.0258199520409107 0.0835364177823067 0.235385206341743 0.405787295103073 0.464938181638718 0.453158009052277 0.437428766489029 0.395574247837067 0.370065051317215 0.342834848165512 0.356179967522621 0.546555656194687 0.656782352924347 0.623825216293335 0.620442163944244 0.667810332775116 0.683889925479889 0.675879967212677 0.667610704898834 0.663913261890411 0.616085779666901 0.574634420871735 0.530041414499283 0.49704852104187 0.465483868122101 0.434895396232605
-9999 -9999 -9999 -9999 -9999 -9999 -9999 -9999 -9999 -9999 -9999 -9999 -9999 -9999 -9999 -9999 0.347132003307343 0.145485607534647 0.111362192034721 0.0724380426108837 0.0391885276883841 0.0298898812383413 0.032851767167449 0.030013794079423 0.0254491776227951 0.0229167878627777 0.0140918897464871 0.00899563198909164 0.00576129099354148 0.00663628443144262 0.0140048492699862 0.0348197843879461 0.110827320814133 0.25965881049633 0.414488953351974 0.494611650705338 0.521797925233841 0.478614771366119 0.449438697099686 0.410434556007385 0.371025517582893 0.589064991474152 0.646980118751526 0.575544941425324 0.593886888027191 0.650962793827057 0.695786130428314 0.694702589511871 0.688289165496826 0.677881860733032 0.636280488967895 0.601791417598724 0.551782858371735 0.515692222118378 0.473330146074295 0.443928492069244
-9999 -9999 -9999 -9999 -9999 -9999 -9999 -9999 -9999 -9999 -9999 -9999 -9999 -9999 -9999 -9999 -9999 0.322321400046349 0.178450952470303 0.114245731383562 0.0856387719511986 0.0512996111065149 0.0320991955697536 0.0243707282468677 0.0244117826223373 0.0237617984414101 0.017244816198945 0.0124466283246875 0.00865808203816414 0.00657860785722733 0.00767749352380633 0.0155658772215247 0.0360961891710758 0.0974982798099518 0.239601975679398 0.428872627019882 0.515064346790314 0.554687738418579 0.570246285200119 0.593411183357239 0.619094097614288 0.632135689258575 0.614182555675507 0.586832416057587 0.627466189861298 0.679409599304199 0.693627953529358 0.698387229442596 0.697976291179657 0.690683472156525 0.645786798000336 0.597227013111114 0.549714779853821 0.512741219997406 0.469157755374908 0.432189375162125
-9999 -9999 -9999 -9999 -9999 -9999 -9999 -9999 -9999 -9999 -9999 -9999 -9999 -9999 -9999 -9999 -9999 -9999 -9999 0.154018832743168 0.132401747256517 0.0843603812158108 0.0519251082092524 0.0316914826631546 0.0243122177198529 0.0284268829971552 0.025541709177196 0.0195228826254606 0.0135807344689965 0.00904158763587475 0.00595039562322199 0.00850452100858092 0.0148311596363783 0.0346260659396648 0.0927188500761986 0.236121919751167 0.381992375850677 0.505784249305725 0.553568649291992 0.583511626720428 0.553682178258896 0.607684969902039 0.607563626766205 0.625173091888428 0.654687023162842 0.666482794284821 0.680488407611847 0.683681571483612 0.683388388156891 0.681854021549225 0.642426836490631 0.589508652687073 0.512281662225723 0.48253903388977 0.470263904333115 0.436344414949417
-9999 -9999 -9999 -9999 -9999 -9999 -9999 -9999 -9999 -9999 -9999 -9999 -9999 -9999 -9999 -9999 -9999 -9999 -9999 -9999 -9999 0.151966708898544 0.083398999273777 0.0552488669753075 0.0344566158950329 0.0234677592292428 0.026460975036025 0.0284470990300179 0.0220748227089643 0.0127292895689607 0.00867680124938488 0.00623685941100121 0.00593529306352139 0.011353362724185 0.0320913963019848 0.0792812176048756 0.187173882126808 0.368187886476517 0.485572338104248 0.54120854139328 0.585003054141998 0.609823572635651 0.625922334194183 0.637583541870117 0.650349342823029 0.658651268482208 0.670917558670044 0.679410135746002 0.680854308605194 0.670838510990143 0.640029835700989 0.56807279586792 0.505658280849457 0.482998192310333 0.474058091640472 0.469531708955765
-9999 -9999 -9999 -9999 -9999 -9999 -9999 -9999 -9999 -9999 -9999 -9999 -9999 -9999 -9999 -9999 -9999 -9999 -9999 -9999 -9999 -9999 -9999 0.143804529309273 0.0794808894395828 0.0423874635249376 0.0307882480323315 0.028578475676477 0.0273536864668131 0.021552773937583 0.0149176735430956 0.00931867929175496 0.00608502789400518 0.00734298070892692 0.0138364540413022 0.028604094684124 0.074151074886322 0.181720641255379 0.320879435539246 0.453896808624268 0.564178919792175 0.61472452878952 0.637445259094238 0.64408655166626 0.64223484992981 0.652112936973572 0.666064548492432 0.672034311294556 0.673674380779266 0.6649205327034 0.63237886428833 0.594741630554199 0.530612546205521 0.496756553649902 0.492493385076523 0.497315764427185
-9999 -9999 -9999 -9999 -9999 -9999 -9999 -9999 -9999 -9999 -9999 -9999 -9999 -9999 -9999 -9999 -9999 -9999 -9999 -9999 -9999 -9999 -9999 -9999 -9999 0.102084307745099 0.0616118147969246 0.0421208467334509 0.0297763420268893 0.0328046683222055 0.0328292835503817 0.0215227233245969 0.0144342066720128 0.0113849628716707 0.0104137912392616 0.0138782262802124 0.0332350715994835 0.0759760305285454 0.172936677932739 0.336017030477524 0.511975032091141 0.607536661624908 0.652108931541443 0.657790374755859 0.660725128650665 0.660843050479889 0.656930160522461 0.661150848865509 0.661095678806305 0.656329071521759 0.623226797580719 0.586900472640991 0.565624928474426 0.52301253080368 0.477506935596466 0.466356474161148
-9999 -9999 -9999 -9999 -9999 -9999 -9999 -9999 -9999 -9999 -9999 -9999 -9999 -9999 -9999 -9999 -9999 -9999 -9999 -9999 -9999 -9999 -9999 -9999 -9999 0.192542137205601 0.107269389927387 0.0771571353077889 0.0578484263271093 0.0459090542048216 0.0445464201271534 0.040865084528923 0.0324288614094257 0.024508511275053 0.0157634794712067 0.0144463928416371 0.0259708840399981 0.0480578318238258 0.10744177699089 0.231534752249718 0.42428817152977 0.576053643226624 0.673629546165466 0.679004013538361 0.677893877029419 0.681350994110107 0.672878324985504 0.667478728294373 0.658576190471649 0.654261386394501 0.630777370929718 0.58812905550003 0.555618906021118 0.535893911123276 0.516436845064163 0.483890932798386
-9999 -9999 -9999 -9999 -9999 -9999 -9999 -9999 -9999 -9999 -9999 -9999 -9999 -9999 -9999 -9999 -9999 -9999 -9999 -9999 -9999 -9999 -9999 -9999 -9999 -9999 -9999 0.118971309810877 0.0955427393317223 0.071925100684166 0.0230794411152601 0.0366083990782499 0.0556236885488033 0.0472396999597549 0.0322485726326704 0.0247093044221401 0.0253105226904154 0.0394503269344568 0.0868060141801834 0.189203336834908 0.345685982704163 0.546741986274719 0.690805637836456 0.685233926773071 0.689673984050751 0.690891027450562 0.685675632953644 0.675080811977386 0.664798820018768 0.658558440208435 0.645466351509094 0.587892293930054 0.542786377668381 0.526538330316544 0.516806566715241 0.519157314300537
-9999 -9999 -9999 -9999 -9999 -9999 -9999 -9999 -9999 -9999 -9999 -9999 -9999 -9999 -9999 -9999 -9999 -9999 -9999 -9999 -9999 -9999 -9999 -9999 -9999 -9999 -9999 0.148145165294409 0.12325748577714 0.106315131485462 0.0374796884134412 0.0420158568769693 0.0829750448465347 0.0780139595270157 0.0593344137072563 0.0425123605877161 0.0324528969824314 0.0350869905203581 0.0690414234995842 0.166113615036011 0.336500704288483 0.518572777509689 0.647516822814941 0.685176420211792 0.688501906394958 0.696201479434967 0.690284252166748 0.683189368247986 0.672032463550568 0.657572329044342 0.623388659954071 0.56270871758461 0.52213009595871 0.518656802177429 0.535870176553726 0.567550933361053
-9999 -9999 -9999 -9999 -9999 -9999 -9999 -9999 -9999 -9999 -9999 -9999 -9999 -9999 -9999 -9999 -9999 -9999 -9999 -9999 -9999 -9999 -9999 -9999 -9999 -9999 -9999 -9999 0.146949414908886 0.146366101503372 0.114572377502918 0.108424510061741 0.12089919000864 0.110030686855316 0.0886488437652588 0.0655303336679935 0.042942450940609 0.033558701351285 0.0575557537376881 0.14780039191246 0.331951284408569 0.499822056293488 0.608635413646698 0.660479891300201 0.682223677635193 0.687564301490784 0.687813913822174 0.685508120059967 0.672991454601288 0.64140145778656 0.583475756645203 0.546101272106171 0.503477174043655 0.514137935638428 0.567733705043793 0.60698139667511
-9999 -9999 -9999 -9999 -9999 -9999 -9999 -9999 -9999 -9999 -9999 -9999 -9999 -9999 -9999 -9999 -9999 -9999 -9999 -9999 -9999 -9999 -9999 -9999 -9999 -9999 -9999 -9999 0.137728973478079 0.168166427314281 0.157531099021435 0.144176013767719 0.09193354845047 0.0824485696852207 0.100078058242798 0.0795329615473747 0.0484348490834236 0.0359478056430817 0.0510996844619513 0.135517969727516 0.299129289388657 0.465873897075653 0.535521972179413 0.633384299278259 0.685249710083008 0.701504957675934 0.687920141220093 0.660332608222961 0.630657351016998 0.622781753540039 0.595089662075043 0.562236827611923 0.525264340639114 0.550096213817596 0.611333060264587 0.620239591598511
-9999 -9999 -9999 -9999 -9999 -9999 -9999 -9999 -9999 -9999 -9999 -9999 -9999 -9999 -9999 -9999 -9999 -9999 -9999 -9999 -9999 -9999 -9999 -9999 -9999 -9999 -9999 -9999 0.119503454118967 0.17891633361578 0.144058941304684 0.131378534436226 0.06297397762537 0.0568138957023621 0.0867196634411812 0.0863639786839485 0.0494882673025131 0.0309725131839514 0.0420535255223513 0.125801320374012 0.238398939371109 0.349361032247543 0.419518065452576 0.498569458723068 0.552076333761215 0.583690738677978 0.697130763530731 0.622564649581909 0.58452513217926 0.620377218723297 0.61688357591629 0.598721539974213 0.560095661878586 0.602086675167084 0.623633813858032 0.624070715904236
-9999 -9999 -9999 -9999 -9999 -9999 -9999 -9999 -9999 -9999 -9999 -9999 -9999 -9999 -9999 -9999 -9999 -9999 -9999 -9999 -9999 -9999 -9999 -9999 -9999 -9999 -9999 -9999 0.113916005939245 0.159821125864983 0.188853621482849 0.106773261725903 0.0613207772374153 0.0564460381865501 0.0797231435775757 0.0759728536009789 0.0411189395934343 0.0286584382876754 0.0427467845380306 0.1229386895895 0.189583797752857 0.286864346265793 0.377079004049301 0.452304142713547 0.471787482500076 0.479970341920853 0.638020896911621 0.688094043731689 0.655032420158386 0.641451096534729 0.643288004398346 0.635330855846405 0.630528295040131 0.636068367958069 0.633398675918579 0.622712802886963
-9999 -9999 -9999 -9999 -9999 -9999 -9999 -9999 -9999 -9999 -9999 -9999 -9999 -9999 -9999 -9999 -9999 -9999 -9999 -9999 -9999 -9999 -9999 -9999 -9999 -9999 -9999 -9999 0.111162479966879 0.142367406189442 0.188352012634277 0.0867219731211662 0.0605708338320255 0.0590752735733986 0.0831442572176457 0.0682024836540222 0.0373182144016027 0.0257059827446938 0.0446656931191683 0.122772859036922 0.171990106999874 0.284933711588383 0.414631828665733 0.482136404514313 0.487093150615692 0.484324282407761 0.548327052593231 0.685053813457489 0.685199820995331 0.660590362548828 0.617025506496429 0.650754189491272 0.644749701023102 0.642349219322205 0.634610307216644 0.613137280941009
