meets/meet004/_saidas_enm/ensemble_aver_Aralia_warmingiana_CCSM_6k_SVM.asc
NCOLS 154 
NROWS 168 
XLLCORNER -112 
YLLCORNER -55.5 
CELLSIZE 0.5 
NODATA_value -9999 
[rows 50 to 74 of 168, columns 55 to 109 of 154]
-9999 -9999 -9999 -9999 -9999 -9999 -9999 -9999 -9999 -9999 -9999 -9999 -9999 -9999 0.0878032349050045 0.0864693615585566 0.0761213826015592 0.0551243804395199 0.0325653637293726 0.0736143590882421 0.182726228237152 0.223481360077858 0.0962496735155582 -0.0305343732237816 -0.0437207736074924 -0.0152211962267756 0.00638407869264483 0.0207054035738111 0.0412187352776527 0.0538168087601662 0.0648918099701405 0.0708137862384319 0.0685740433633328 0.060956683754921 0.0463456593453884 0.00633613020181656 0.0438268817961216 0.0702853869646788 0.0943658059462905 0.0742861928418279 0.054280823469162 0.0417021572589874 0.0226797804236412 -0.00257934480905533 -0.0414837401360273 -0.0570377729833126 -0.0469714984297752 -0.0578645680099726 -0.0435241801664233 0.0202827051281929 0.128805992007256 0.198958823829889 0.241828073561192 0.265403205156326 0.246410281211138
-9999 -9999 -9999 -9999 -9999 -9999 -9999 -9999 -9999 -9999 -9999 -9999 -9999 -9999 0.0877813130617142 0.0810934405773878 0.0656339440494776 0.0460299927741289 0.0468961835838854 0.0967969663441181 0.161788813769817 0.138036526739597 0.0496343532111496 -0.0188977248966694 -0.0302342465147376 -0.0108838215470314 0.0109341045841575 0.0263848967850208 0.0416217565536499 0.0511566989123821 0.058232456445694 0.0625800689216703 0.0591721393167973 0.0505915015935898 0.0285897966474295 -0.0217552922666073 -0.0398751839995384 0.0163730353116989 0.0575044317170978 0.060501654073596 0.0411998406052589 0.033137471228838 0.015497787296772 -0.0118793144822121 -0.0438727457076311 -0.0576014406979084 -0.0644087992608547 -0.0675743088126183 -0.0404064301401377 0.0412963457405567 0.166037064045668 0.239350645616651 0.283432320505381 0.27511637955904 0.251735684648156
-9999 -9999 -9999 -9999 -9999 -9999 -9999 -9999 -9999 -9999 -9999 -9999 0.0880080200731754 0.0874749187380075 0.0809746868908405 0.0665351548232138 0.0545606925850734 0.0522875092923641 0.0630884248763323 0.0870546951889992 0.0784333985298872 0.0593350801616907 0.0217337422771379 0.00169338770210743 0.00286677777767181 0.0176346611231565 0.0321491412818432 0.0430982947349548 0.0518059086054563 0.0605513867922127 0.0700711283832788 0.0737433169037104 0.0658294539898634 0.0556893371045589 0.0413846082985401 -0.00299945510923862 -0.0537063337862492 -0.0496595799922943 -0.00947867184877396 -0.000888805091381073 -0.0145957171916962 0.000676371157169342 -0.0153597086668015 -0.0353140935301781 -0.0576691566035151 -0.0728334233164787 -0.079155233502388 -0.0551301490864716 -0.00259361676871777 0.115976945962757 0.268893563747406 0.308377057162579 0.317722168564796 0.294239202141762 0.254300072044134
-9999 -9999 -9999 -9999 -9999 -9999 -9999 -9999 -9999 -9999 -9999 0.0879186000674963 0.0866031181067228 0.0768201190978289 0.0691601689904928 0.0614304803311825 0.0595124382525682 0.0606816180050373 0.0451792128384113 0.0193863352760673 0.00857026856392622 0.00374344941228628 0.00822262525325641 0.0175944644957781 0.0275464929640293 0.0382416658103466 0.0467638105154038 0.0549165481468663 0.0649947419762611 0.074267852678895 0.0799936756491661 0.0808505594730377 0.0722883306443691 0.0577328575775027 0.0461024239659309 0.0111551745794713 -0.0437127038836479 -0.063304590806365 -0.0421227272599936 -0.0317657336592674 -0.0392958328127861 -0.047089421749115 -0.0634201034903526 -0.0703179612755775 -0.0718312034383416 -0.0652580060064793 -0.0248578660190105 0.0524863041006029 0.165069035440683 0.26921448558569 0.319494348019361 0.33091745832935 0.30816977918148 0.270011190325022 0.214140732586384
-9999 -9999 -9999 -9999 -9999 -9999 -9999 -9999 -9999 -9999 -9999 0.0852191813290119 0.0685051769018173 0.0561939436942339 0.0589331256225705 0.0641795370727778 0.0676846880465746 0.0586017830297351 0.0365168794989586 0.0179612133651972 0.0152899425476789 0.0169387571513653 0.028224989771843 0.0368564374744892 0.0435875914990902 0.0509717610664666 0.0591348158195615 0.0694610953330994 0.0784898310899735 0.083638346940279 0.0858488909900188 0.0858516171574593 0.0789216913282871 0.0615103375166655 0.0489611018449068 0.023051062785089 -0.0282937064766884 -0.0564915809780359 -0.0458796500694007 -0.0311362450942397 -0.0212754484266043 -0.00634916499257088 -0.0414858430624008 -0.042513133585453 -0.0247986190021038 0.023697366937995 0.145606549829245 0.215922495350242 0.299727277830243 0.328178084176034 0.289884089809493 0.283273138105869 0.245948135852814 0.20748849734664 0.16441764049232
-9999 -9999 -9999 -9999 -9999 -9999 -9999 -9999 -9999 0.0879825074225664 0.0819470290094614 0.0646878562867641 0.0642236303538084 0.0509525610134006 0.0620771106332541 0.0689413033425808 0.0676709774881601 0.0578231056482764 0.0457295820116997 0.037146008014679 0.0379533924162388 0.0416382722556591 0.0450283620506525 0.048846622556448 0.0543565691448748 0.0637260150164366 0.0743702113628388 0.081571301817894 0.0857515744864941 0.0873145587742329 0.0876993503421545 0.0874319832772017 0.0831045031547546 0.0677842777222395 0.0506601540371776 0.0325708568096161 -0.00522237783297896 -0.0379205666482449 -0.0466706681996584 -0.034766240324825 -0.0252842945978045 -0.0136708900332451 -0.0233539409935474 -0.0231728343293071 0.00984375337138772 0.0678626772016287 0.145923770591617 0.197059017047286 0.206551979202777 0.197314310818911 0.196844039857388 0.189791511744261 0.173810339719057 0.13914817944169 0.11969842761755
-9999 -9999 -9999 -9999 -9999 -9999 -9999 -9999 -9999 0.0841191824525595 0.0623996537178755 0.126660476624966 0.142822067439556 0.0975342229008675 0.0908209338784218 0.0740020707249641 0.0658761356025934 0.0632085280492902 0.0546014904975891 0.0510634541511536 0.052384609170258 0.056534790340811 0.0597519267350435 0.0628140848129988 0.0688244644552469 0.0782391987740993 0.0844358876347542 0.0851972550153732 0.0858933441340923 0.0858294352889061 0.0852587185800076 0.0847553074359894 0.0842060267925262 0.0737023424357176 0.055150243267417 0.0404369346797466 0.0151678700000048 -0.0120882410556078 -0.0324708126485348 -0.0386500157415867 -0.0409787770360708 -0.0351059343665838 -0.0378138951957226 -0.0285992026329041 -0.00963671100325882 0.0178522179834545 0.0607915237545967 0.0917706652311608 0.109977387310937 0.109936350211501 0.110538291931152 0.112044097483158 0.109360209852457 0.0981435269117355 0.0984708361327648
-9999 -9999 -9999 -9999 -9999 -9999 -9999 -9999 0.0859700504690409 0.0738838259130716 0.076204352080822 0.277709627151489 0.267976969480515 0.226264756917954 0.150369185209274 0.0900761425495148 0.0679083593189716 0.0600171613506973 0.0600478873471729 0.0605041207913018 0.0645237104967236 0.0692927479743957 0.0713917423039675 0.0740445375442505 0.0751161020249128 0.0765611372888088 0.0783446028828621 0.0784325949847698 0.0781590081751347 0.0780752263963223 0.0776539951562882 0.0775102287530899 0.0765089109539986 0.0756684996187687 0.0615933421999216 0.0468998171389103 0.0323177188634872 0.012504955008626 -0.00951456306502223 -0.0211569152772427 -0.0243548490107059 -0.0238092247396708 -0.0159744963049889 -0.00628156145103276 0.00937625635415316 0.0295350428903475 0.0487005229573697 0.0615832909941673 0.0646246895194054 0.0637425519526005 0.063340213149786 0.0660991437733173 0.0689258776605129 0.0781197607517242 0.0891087301075459
-9999 -9999 -9999 -9999 -9999 -9999 -9999 -9999 0.0806383859366178 0.0623917995020747 0.185082921385765 0.571881633996963 0.411060613393784 0.287164136767387 0.181702183187008 0.10545584410429 0.0721882708370686 0.0579054715053644 0.0549081224948168 0.0542897760868073 0.0549827007576823 0.0582094645127654 0.060864837653935 0.0642204649746418 0.0640174314379692 0.0632345132529736 0.0646177794784308 0.0645223692059517 0.0664141293615103 0.0657733127474785 0.0631743207573891 0.0632920417934656 0.0629626430571079 0.0648948274552822 0.0655729945749044 0.0542791352563654 0.0441529341042042 0.034634655714035 0.0222155421972275 0.015387948974967 0.015338534489274 0.0161185849457979 0.0235115922987461 0.029652688652277 0.0373376172035933 0.0424077969044447 0.0433071058243513 0.0418028773739934 0.0421767981722951 0.0445482559502125 0.047492291778326 0.0503794561140239 0.0538112768903375 0.0604219883680344 0.0688692137598991
-9999 -9999 -9999 -9999 -9999 -9999 -9999 0.0846271192654967 0.0686696566641331 0.0856111072003841 0.400441318750381 0.79077262878418 0.48140207529068 0.247597438097 0.154487489163876 0.11166610121727 0.077297792583704 0.0583588097244501 0.0508162684738636 0.0489293597638607 0.0489307422190905 0.0513378126546741 0.0526951141655445 0.0537821042351425 0.0534665382001549 0.0538118268596008 0.0539526415755972 0.0544516341527924 0.0540412363130599 0.0534151227926486 0.0539623055839911 0.0537883698532824 0.0544471514411271 0.0549425051081926 0.0555406673345715 0.0567856328561902 0.0524375733919442 0.0468294132500887 0.0431018114089966 0.0411909997463226 0.041087456792593 0.0421245243400335 0.0434494070708752 0.0450942311435938 0.0451641583815217 0.0419952804222703 0.04077861122787 0.0425508845597506 0.0459204655140638 0.0493142019957304 0.0519242879003286 0.0546904426068068 0.0590164232999086 0.0660392120480537 0.0786722660064697
-9999 -9999 -9999 -9999 -9999 -9999 -9999 0.0776087104342878 0.0591922825202346 0.147612415254116 0.531325578689575 0.711376857757568 0.47385633289814 0.260504919290543 0.177293887734413 0.1181236281991 0.0846061825752258 0.0592352848500013 0.0470645811408758 0.0432122811675072 0.0421763956546783 0.0438086323440075 0.0453722566366196 0.0468410383909941 0.0465147446841001 0.0458288241177797 0.0459433071315289 0.0461704786866903 0.0468343459069729 0.0470561999827623 0.0471792627125978 0.047730141505599 0.0481348805129528 0.0488696068525314 0.0492025630548596 0.0490133695304394 0.0490401299670339 0.0479060159996152 0.046683775819838 0.045141252502799 0.0431615456938744 0.0419817753136158 0.0409863922744989 0.0406899239867926 0.0409542761743069 0.0434251844882965 0.0468462616205215 0.0509311825037003 0.0537798654288053 0.0563744094222784 0.058858285471797 0.0605000995099545 0.0643927020952106 0.0687859550118446 0.0772383194416761
-9999 -9999 -9999 -9999 -9999 -9999 -9999 0.063007315993309 0.0420253707095981 0.251019099354744 0.553495573997498 0.674945652484894 0.519358012080193 0.316231390833855 0.24596061706543 0.147446292638779 0.0965599395334721 0.0659338161349297 0.0465977808693424 0.0396997340023518 0.038501463830471 0.0396823905408382 0.041968559473753 0.0435492653399706 0.042723498865962 0.0417248483747244 0.0405478436499834 0.0427903592586517 0.0447904044762254 0.0454430120065808 0.0462195206433535 0.0463633954524994 0.0471029414795339 0.0472984552383423 0.0472397547215223 0.0464985016733408 0.0457150377333164 0.0449390040710568 0.0437394816428423 0.0424476929008961 0.041555842384696 0.0417481642216444 0.0424120601266623 0.0440906573086977 0.0460023481398821 0.0496314488351345 0.0530837083235383 0.0563946913927793 0.0592075819149613 0.0612044161185622 0.0628492645919323 0.0650613875128329 0.0673583764582872 0.0698825802654028 0.0759080372750759
-9999 -9999 -9999 -9999 -9999 -9999 -9999 -9999 0.00396981090307236 0.354472523927689 0.657613408565521 0.659262454509735 0.553728386759758 0.383907830715179 0.315436661243439 0.213218061625957 0.141872695088387 0.0898402940481901 0.0564091326668859 0.0431384010240436 0.0360730971209705 0.033309505879879 0.035261022252962 0.0384926138445735 0.0383757708594203 0.0365085860714316 0.0363092348910868 0.0391628596931696 0.044165850803256 0.0477894335985184 0.04875065125525 0.0491326399147511 0.0495801374316216 0.0495778508484364 0.0491739571094513 0.0481700289994478 0.0471191685646772 0.0464891295880079 0.0460572158917785 0.0462871750816703 0.0475712936371565 0.0489930342882872 0.0513065624982119 0.0535967631265521 0.055716048553586 0.0609067292883992 0.0641551177948713 0.0680440410971642 0.0696887563914061 0.0710486192256212 0.073179092258215 0.0744585644453764 0.0780753653496504 0.0805165348574519 0.0857055098225828
-9999 -9999 -9999 -9999 -9999 -9999 -9999 -9999 -9999 0.465624797344208 0.704924118518829 0.701987135410309 0.58257971405983 0.422293916344643 0.355487859249115 0.263876217603683 0.191393339633942 0.122772081010044 0.0721968647791073 0.053601935505867 0.0433752587996423 0.0377072405302897 0.0375663944287226 0.0402163149556145 0.0416315354406834 0.0407500097760931 0.0403949000639841 0.0472439042758197 0.0549164414114784 0.0621588646899909 0.0625683381222188 0.0625207711942494 0.0614080062136054 0.0604984758421779 0.0594104072079062 0.0580792800989002 0.0574180332943797 0.0559353243093938 0.0558191484306008 0.0562029927968979 0.0579257890582085 0.0611208812333643 0.0637952892109752 0.0686258893460035 0.0716523046605289 0.0769181154668331 0.0821264091879129 0.0830902572721243 0.0855848003178835 0.0847502365708351 0.0846197746694088 0.0858920685946941 0.0900542881339788 0.0960697501897812 0.10482684802264
-9999 -9999 -9999 -9999 -9999 -9999 -9999 -0.0435879476368427 0.191192699037492 0.640253794193268 0.669620215892792 0.670556950569153 0.581808978319168 0.416169121861458 0.364352321624756 0.31341273188591 0.243876267969608 0.160297592356801 0.0937979061156511 0.0681869246065617 0.059481292963028 0.0541404865682125 0.0508693315088749 0.0492247764021158 0.0507197745144367 0.0569200243800878 0.0643270723521709 0.0749856412410736 0.0857544368132949 0.0960968205705285 0.0996164042502642 0.0970127940177918 0.0942742731422186 0.0901460096240044 0.0873789995908737 0.0848827240988612 0.0819012397900224 0.0815792623907328 0.0807199968025088 0.0810474496334791 0.0845589406322688 0.0870210206136108 0.0929128246381879 0.097523264028132 0.0978936676401645 0.0983776304870844 0.0946740098297596 0.0928738303482533 0.0901282005012035 0.0883049167692661 0.0884668238461018 0.0891510955989361 0.0943024583160877 0.102382352203131 0.114446985721588
-9999 -9999 -9999 -9999 -9999 -9999 0.000431055505760014 0.12497496008873 0.410341340303421 0.597454404830933 0.644841492176056 0.675277191400528 0.57655149102211 0.396562707424164 0.341592571139336 0.333128118515015 0.296004140377045 0.201188959926367 0.120757614076138 0.090621281042695 0.0864120330661535 0.0853844746947288 0.0798928610980511 0.0745459157973528 0.0777738332748413 0.0910155214369297 0.109211903251708 0.12202841937542 0.139152485318482 0.154178390605375 0.158566710917512 0.158580370689742 0.152305736532435 0.147867142152973 0.143068281468004 0.133652297221124 0.130707078799605 0.127949428930879 0.128494312986732 0.127522245049477 0.128532024007291 0.128053551726043 0.12248223554343 0.116036605834961 0.106283948943019 0.10105236954987 0.0923208817839622 0.0900393128395081 0.0875582031905651 0.0855036094784737 0.0846514001488686 0.0836424671113491 0.0899451665580273 0.0991236336529255 0.112860114127398
-9999 -9999 -9999 -9999 -9999 -9999 0.0584936617873609 0.373805207014084 0.48501307964325 0.602257287502289 0.603330439329147 0.597945064306259 0.54386288523674 0.435207518935204 0.377992767095566 0.370593205094337 0.325488847494125 0.241632586717606 0.162458657287061 0.130989083647728 0.127754378318787 0.127904662489891 0.123713378235698 0.121108963340521 0.127038214355707 0.141400299873203 0.162550232559443 0.182459972798824 0.200630564987659 0.216675567626953 0.230146853625774 0.233696055412292 0.229176711291075 0.222186851501465 0.217446772009134 0.211961946636438 0.205011895671487 0.201108189299703 0.194758837111294 0.185415166337043 0.175872537959367 0.16096998155117 0.14900490231812 0.132590072602034 0.116791525483131 0.10601357370615 0.0948809310793877 0.0891396097838879 0.0846507638692856 0.0815369412302971 0.0805336624383926 0.0810524925589561 0.0844297751784325 0.0921252280473709 0.10464000031352
-9999 -9999 -9999 -9999 -9999 -9999 -9999 0.513345313072205 0.651093977689743 0.600985532999039 0.564285564422607 0.518963116407394 0.532829874753952 0.484426611661911 0.450890102982521 0.424201601743698 0.370492488145828 0.283928859233856 0.205958087742329 0.179797713086009 0.179207000881433 0.18373613730073 0.183268287591636 0.184629562497139 0.192856861278415 0.207172043435276 0.225079513713717 0.247887014597654 0.26481359153986 0.281739753857255 0.297914001345634 0.302992446348071 0.315246491506696 0.3086575653404 0.310471853613853 0.311824281141162 0.301046038791537 0.288386569172144 0.263687603687868 0.241983471158892 0.225031613186002 0.197172245755792 0.17942411378026 0.154121544957161 0.132592893391848 0.117512442171574 0.0987326599657536 0.0914369307458401 0.0830907851457596 0.0774691082537174 0.0742753528058529 0.0740332059562206 0.0752814084291458 0.0805252149701118 0.0884170956909656
-9999 -9999 -9999 -9999 -9999 -9999 -9999 0.393170446157455 0.724664390087128 0.556214416027069 0.551508015394211 0.527975702285767 0.525145977735519 0.491241633892059 0.480108767747879 0.452708649635315 0.39493787586689 0.317027294635773 0.247307865321636 0.222414436936378 0.221764595806599 0.234634384512901 0.244690595567226 0.259383596479893 0.267105388641357 0.272237904369831 0.286647230759263 0.299769485741854 0.309611179307103 0.316874736919999 0.330216788128018 0.346223631501198 0.351894330233335 0.355563013255596 0.359972236305475 0.361758156865835 0.356271728128195 0.336623805761337 0.310456469655037 0.28614738509059 0.263872137665749 0.236939517408609 0.21051966175437 0.181866286695004 0.156971947848797 0.137422974407673 0.116853944212198 0.100790175050497 0.0863582387566566 0.0747852243483067 0.0640461185947061 0.0578710824251175 0.0603374216705561 0.0657618688419461 0.0696821611374617
-9999 -9999 -9999 -9999 -9999 -9999 -9999 0.0736232537776232 0.621692168712616 0.588512951135635 0.539278048276901 0.546924412250519 0.536517453193665 0.437713825702667 0.438623204827309 0.443987795710564 0.388491109013557 0.350298473238945 0.268580660223961 0.23768102824688 0.254182955622673 0.284713999927044 0.311554092168808 0.327061554789543 0.332138708233833 0.333449272811413 0.33891126960516 0.345503963530064 0.337079799175262 0.334473945200443 0.351248355209827 0.362936654686928 0.3731654971838 0.364264179766178 0.37271771132946 0.389027336239815 0.383807364106178 0.376817154884338 0.341081772744656 0.319383551180363 0.3074462890625 0.273238457739353 0.250544236600399 0.215393713116646 0.187474316358566 0.167964015901089 0.140584507584572 0.118218340724707 0.0929610319435596 0.0740420379675925 0.0540172681212425 0.0406619566492736 0.045407946407795 0.0517327438108623 0.0508002514019609
-9999 -9999 -9999 -9999 -9999 -9999 -9999 -9999 -9999 0.454494494199753 0.578034555912018 0.608115774393082 0.525401723384857 0.370173333585262 0.378861945867538 0.428738167881966 0.466095942258835 0.401095622777939 0.25998010635376 0.213712751865387 0.267987832427025 0.33993946313858 0.361988291144371 0.361989039182663 0.357132682204247 0.356427666544914 0.363163062930107 0.355993208289146 0.337936693429947 0.325816679000854 0.329007670283318 0.33370406627655 0.3282943546772 0.31551186144352 0.320327854156494 0.339625915884972 0.353457015752792 0.346847331523895 0.333798360824585 0.322529649734497 0.308797121047974 0.29218558371067 0.26651177406311 0.239390844106674 0.214338892698288 0.191889680922031 0.168132914602757 0.136213268339634 0.105983716994524 0.0786784663796425 0.0517862219363451 0.0377092153765261 0.0352707860525697 0.038519487157464 0.0359768437221646
-9999 -9999 -9999 -9999 -9999 -9999 -9999 -9999 -9999 0.0729031663388014 0.685627937316895 0.6420061647892 0.491464817523956 0.293402819335461 0.313024345040321 0.397353935241699 0.514805400371552 0.486918818950653 0.285183477401733 0.219229570031166 0.298410871624947 0.384911069273949 0.392792895436287 0.369644531607628 0.352089166641235 0.355105865001678 0.360485625267029 0.344707185029984 0.312328290939331 0.291278323531151 0.294804665446281 0.294053030014038 0.280385074019432 0.250611291825771 0.250808756053448 0.27784141600132 0.292994064092636 0.302390417456627 0.295090180635452 0.296194866299629 0.298669788241386 0.28834393620491 0.276560571789742 0.252845394611359 0.232881471514702 0.217561316490173 0.191372585296631 0.157512407749891 0.118596236035228 0.0837950272485614 0.0489035945385694 0.0293616617098451 0.0201128182932734 0.0197888066992164 0.0177739281207323
-9999 -9999 -9999 -9999 -9999 -9999 -9999 -9999 -9999 -9999 0.708078229427338 0.656566506624222 0.440675960481167 0.234079743921757 0.248813328146935 0.358605378866196 0.553805947303772 0.601378601789474 0.379032021760941 0.259054993093014 0.324991297721863 0.413173943758011 0.406442832946777 0.35980938076973 0.330783542990685 0.33464997112751 0.337135222554207 0.316982778906822 0.27937947511673 0.251632317900658 0.246902991831303 0.240470723807812 0.21699171513319 0.18568921983242 0.182497910410166 0.19874467253685 0.212184290587902 0.220299319922924 0.222795704007149 0.234510177373886 0.24508621096611 0.25407380759716 0.248866271972656 0.241521629691124 0.234189209342003 0.224669343233109 0.20712416023016 0.166748894006014 0.122616970725358 0.083111672475934 0.0475818160921335 0.0210924506187439 0.00818738527595997 0.000685430318117142 0.00221457555890083
-9999 -9999 -9999 -9999 -9999 -9999 -9999 -9999 -9999 -9999 -9999 0.717523908615112 0.395847180485725 0.216319417953491 0.226976776123047 0.33991394340992 0.585298526287079 0.741535198688507 0.521217477321625 0.338420754671097 0.376313424110413 0.433595794439316 0.403086996078491 0.346337050199509 0.309954464435577 0.304931926727295 0.300003615021706 0.275821423530579 0.239999221265316 0.211024923622608 0.197216893732548 0.182183979451656 0.156776030361652 0.120944766514003 0.110202720761299 0.121176061779261 0.132486129179597 0.140756341814995 0.141922206059098 0.156630623340607 0.178235968202353 0.194513976573944 0.203519333899021 0.206250494718552 0.211661824584007 0.21708882600069 0.206339709460735 0.166969109326601 0.116325198183767 0.073893915116787 0.0337882955092937 0.00703764259815216 -0.00491235330700874 -0.0108662871643901 -0.00248227994889021
-9999 -9999 -9999 -9999 -9999 -9999 -9999 -9999 -9999 -9999 -9999 -9999 0.398821741342545 0.217392791062593 0.254709406197071 0.366295337677002 0.574877190589905 0.825972259044647 0.716802704334259 0.472481542825699 0.451439732313156 0.445312774181366 0.396848636865616 0.340119102597237 0.292919629812241 0.279080790281296 0.261525577306747 0.237391409277916 0.201893396675587 0.170996874570847 0.153789976984262 0.129695215076208 0.1051966490224 0.0726796018425375 0.0563729356974363 0.0547473698854446 0.0499009389430285 0.0621037045493722 0.0632285017520189 0.0818136293441057 0.107789018563926 0.123355862684548 0.149384093470871 0.157673434913158 0.173627578467131 0.194164957851171 0.186759031563997 0.15440400801599 0.109023751690984 0.0676395334303379 0.0290780708193779 0.00186178870499134 -0.00831223577260971 -0.014464601688087 -0.00948764297645539
