meets/meet004/_saidas_enm/ensemble_aver_Cavanillesia_umbellata_CCSM_6k_Maxent.asc
NCOLS 154 
NROWS 168 
XLLCORNER -112 
YLLCORNER -55.5 
CELLSIZE 0.5 
NODATA_value -9999 
[rows 100 to 124 of 168, columns 56 to 111 of 154]
-9999 -9999 -9999 -9999 -9999 -9999 -9999 -9999 -9999 -9999 -9999 -9999 -9999 -9999 -9999 -9999 -9999 -9999 -9999 -9999 -9999 -9999 -9999 -9999 -9999 -9999 -9999 -9999 0.1849813580513 0.201592230796814 0.09841513261199 0.0459134839475155 0.0338432550430298 0.0301578801125288 0.0315540134906769 0.0347655292600393 0.0429091338068247 0.0498887412250042 0.0563144810497761 0.061953692138195 0.07277792096138 0.109256061911583 0.173824298381805 0.054136398434639 0.0500957354903221 0.0481474105268717 0.0600498877465725 0.0803080223500729 0.0943807169795036 0.112078750133514 0.0917631506919861 0.135390664637089 0.136504237353802 0.129040426015854 0.119492127001286 0.286591452360153
-9999 -9999 -9999 -9999 -9999 -9999 -9999 -9999 -9999 -9999 -9999 -9999 -9999 -9999 -9999 -9999 -9999 -9999 -9999 -9999 -9999 -9999 -9999 -9999 -9999 -9999 -9999 -9999 0.178119006752968 0.212552860379219 0.104842855781317 0.0415173061192036 0.0296578671783209 0.0279854644089937 0.0337887454777956 0.0610107835382223 0.0730441093444824 0.0547654427587986 0.0599883988499641 0.0651508711278439 0.0775435544550419 0.114601144194603 0.184557974338531 0.0571938462555408 0.0519537009298801 0.0502065796405077 0.0691384255886078 0.0957923784852028 0.149535354971886 0.0956380292773247 0.0785700663924217 0.0882670149207115 0.122689390182495 0.127046371996403 0.317915606498718 0.326388385891914
-9999 -9999 -9999 -9999 -9999 -9999 -9999 -9999 -9999 -9999 -9999 -9999 -9999 -9999 -9999 -9999 -9999 -9999 -9999 -9999 -9999 -9999 -9999 -9999 -9999 -9999 -9999 0.156857272237539 0.165416787564754 0.207173380255699 0.0698521204292774 0.0381291002035141 0.0302553951740265 0.030624020844698 0.0379912134259939 0.0709999918937683 0.0806699685752392 0.0879155904054642 0.0658862367272377 0.0698294796049595 0.085037387907505 0.122267726063728 0.192401897907257 0.0588394664227962 0.0517740376293659 0.0524135321378708 0.0665535479784012 0.0917679592967033 0.120748083293438 0.0940126523375511 0.0854806527495384 0.0875924468040466 0.12667565792799 0.130923414230347 0.295752754807472 0.218416774272919
-9999 -9999 -9999 -9999 -9999 -9999 -9999 -9999 -9999 -9999 -9999 -9999 -9999 -9999 -9999 -9999 -9999 -9999 -9999 -9999 -9999 -9999 -9999 -9999 -9999 -9999 -9999 0.150313182920218 0.151443652808666 0.20431290268898 0.060145627707243 0.0346990369260311 0.0298115365207195 0.0324029598385096 0.0636624291539192 0.0773830123245716 0.0819924220442772 0.058507315069437 0.061998338252306 0.0679458692669868 0.0854291006922722 0.122057847678661 0.188149219751358 0.0547428041696548 0.0473234515637159 0.138613606989384 0.0563193447887897 0.0759734511375427 0.0875312343239784 0.0857800915837288 0.0815601743757725 0.086751988530159 0.0931914180517197 0.107419447600842 0.235000783205032 0.214427909255028
-9999 -9999 -9999 -9999 -9999 -9999 -9999 -9999 -9999 -9999 -9999 -9999 -9999 -9999 -9999 -9999 -9999 -9999 -9999 -9999 -9999 -9999 -9999 -9999 -9999 -9999 -9999 0.139266362786293 0.139120653271675 0.162606534361839 0.0532357171177864 0.031511253118515 0.0292601894587278 0.0334876295179129 0.066334817558527 0.0781576551496983 0.0746149875223637 0.0441424824297428 0.0479197956621647 0.0628744006156921 0.0820942267775536 0.116487999260426 0.153515869379044 0.134875808656216 0.131158794462681 0.129241026937962 0.150045004487038 0.186112985014915 0.213278368115425 0.226339772343636 0.217919510602951 0.080823215842247 0.0799960292875767 0.224478170275688 0.213925233483315 0.245122763514519
-9999 -9999 -9999 -9999 -9999 -9999 -9999 -9999 -9999 -9999 -9999 -9999 -9999 -9999 -9999 -9999 -9999 -9999 -9999 -9999 -9999 -9999 -9999 -9999 -9999 -9999 -9999 0.133934455364943 0.121462646126747 0.136483938992023 0.0426427748054266 0.0273726727813482 0.0274001613259315 0.0320918627083302 0.0620328806340694 0.0705703154206276 0.0430004984140396 0.0362495444715023 0.0420933619141579 0.0589522644877434 0.080499541759491 0.108946917951107 0.136318692564964 0.157127484679222 0.145443403720856 0.162782371044159 0.154137080907822 0.176717635989189 0.199317798018456 0.224700757861137 0.219548743963242 0.222459831833839 0.215361180901527 0.205786490440369 0.252029198408127 0.232225242257118
-9999 -9999 -9999 -9999 -9999 -9999 -9999 -9999 -9999 -9999 -9999 -9999 -9999 -9999 -9999 -9999 -9999 -9999 -9999 -9999 -9999 -9999 -9999 -9999 -9999 -9999 -9999 0.135077830404043 0.110758759081364 0.0927158713340759 0.035142420232296 0.0231711624190211 0.0250125173479319 0.0302148628979921 0.0362285770475864 0.0501878879964352 0.0355856504291296 0.0321935687214136 0.0417410466820002 0.0606342136859894 0.0820109203457832 0.103481534123421 0.128335237503052 0.147567683458328 0.158051139116287 0.18704354763031 0.200782713294029 0.20999853014946 0.23501150906086 0.27514052093029 0.300061172246933 0.285882666707039 0.26911318898201 0.254706236720085 0.240639492869377 0.238185340166092
-9999 -9999 -9999 -9999 -9999 -9999 -9999 -9999 -9999 -9999 -9999 -9999 -9999 -9999 -9999 -9999 -9999 -9999 -9999 -9999 -9999 -9999 -9999 -9999 -9999 -9999 -9999 0.139568357914686 0.170365431904793 0.0617267563939095 0.0291003692895174 0.0187342405319214 0.0224471250548959 0.0273061074316502 0.0318570628762245 0.0311517797410488 0.0300614412873983 0.0308310057967901 0.042381301894784 0.0616234004497528 0.0815992504358292 0.101817607879639 0.12055429071188 0.135709322988987 0.145894695818424 0.169964605569839 0.182242473959923 0.208485093712807 0.238672959804535 0.265098938345909 0.29174522459507 0.274542480707169 0.256906828284264 0.244507086277008 0.239003053307533 0.238634926080704
-9999 -9999 -9999 -9999 -9999 -9999 -9999 -9999 -9999 -9999 -9999 -9999 -9999 -9999 -9999 -9999 -9999 -9999 -9999 -9999 -9999 -9999 -9999 -9999 -9999 -9999 -9999 0.2436398640275 0.182441464066505 0.0442717954516411 0.0215313728898764 0.0148487649857998 0.0194478889927268 0.0257848359644413 0.0290533825755119 0.0280198132619262 0.0290205918252468 0.0331646297127008 0.0442380730062723 0.0645222321152687 0.0823672719299793 0.101024025678635 0.11621980369091 0.12741451561451 0.133510406315327 0.136921633780003 0.149330927431583 0.168016457557678 0.19430690407753 0.235654026269913 0.252665945887566 0.248915740847588 0.234054255485535 0.226670295000076 0.231928163766861 0.232216456532478
-9999 -9999 -9999 -9999 -9999 -9999 -9999 -9999 -9999 -9999 -9999 -9999 -9999 -9999 -9999 -9999 -9999 -9999 -9999 -9999 -9999 -9999 -9999 -9999 -9999 -9999 -9999 0.256916618347168 0.160493555665016 0.0354507621377707 0.020022214204073 0.0145231421105564 0.0188034961000085 0.0256452171131968 0.0293422523885965 0.029496206343174 0.0340040046721697 0.0431214556097984 0.0566213555634022 0.0722439758479595 0.0859002865850926 0.10252650231123 0.114372065663338 0.122656059265137 0.127433316409588 0.129648201167583 0.135289752483368 0.148484149575233 0.171192601323128 0.20111962556839 0.216332197189331 0.221982401609421 0.213866102695465 0.213646432757378 0.220805838704109 0.221460917592049
-9999 -9999 -9999 -9999 -9999 -9999 -9999 -9999 -9999 -9999 -9999 -9999 -9999 -9999 -9999 -9999 -9999 -9999 -9999 -9999 -9999 -9999 -9999 -9999 -9999 -9999 0.325004523992538 0.226447054743767 0.142312949895859 0.0315931044518948 0.0205122804269195 0.016932581178844 0.0195577993057668 0.0263949999585748 0.0310108084231615 0.0312132067978382 0.0427349682897329 0.0642912141978741 0.0848728999495506 0.087426070868969 0.0928815916180611 0.104087002575397 0.114137509465218 0.119487734138966 0.122206531465054 0.126084017753601 0.135672400891781 0.152238941192627 0.171452409029007 0.18392525613308 0.192164388298988 0.203519275784492 0.202559661865234 0.209246933460236 0.21437474489212 0.214445987343788
-9999 -9999 -9999 -9999 -9999 -9999 -9999 -9999 -9999 -9999 -9999 -9999 -9999 -9999 -9999 -9999 -9999 -9999 -9999 -9999 -9999 -9999 -9999 -9999 -9999 -9999 0.283813479542732 0.200881008803844 0.0988867923617363 0.0256875993683934 0.0223906414583325 0.0204053036868572 0.0229073356837034 0.0262271216139197 0.0305488958954811 0.0356057599186897 0.0507159784436226 0.0704389497637749 0.0937188133597374 0.103151504695415 0.103245507180691 0.106873346865177 0.112810887396336 0.115921308100224 0.120820945501328 0.126697126030922 0.139226798713207 0.149549895524979 0.162995082139969 0.176560124754906 0.184032514691353 0.190087977051735 0.191959235072136 0.195807698369026 0.200922608375549 0.199835732579231
-9999 -9999 -9999 -9999 -9999 -9999 -9999 -9999 -9999 -9999 -9999 -9999 -9999 -9999 -9999 -9999 -9999 -9999 -9999 -9999 -9999 -9999 -9999 -9999 -9999 -9999 0.231456029415131 0.151289260387421 0.0398831978440285 0.0226502610370517 0.0229988008737564 0.0245545720681548 0.0258126152679324 0.0284532396122813 0.0355662565678358 0.0417825009673834 0.0615391813218594 0.077390406280756 0.0939297050237656 0.117646765708923 0.124396985769272 0.123900227248669 0.12237359136343 0.121287269890308 0.127152360975742 0.128470815718174 0.138498152792454 0.146373701095581 0.152406576275825 0.165379077196121 0.173699042201042 0.179174250364304 0.180301946401596 0.18597400188446 0.189404597878456 0.188461920619011
-9999 -9999 -9999 -9999 -9999 -9999 -9999 -9999 -9999 -9999 -9999 -9999 -9999 -9999 -9999 -9999 -9999 -9999 -9999 -9999 -9999 -9999 -9999 -9999 -9999 -9999 0.192238989472389 0.1140176653862 0.0258386541157961 0.0200630793347955 0.0247698901221156 0.0265839191153646 0.0298015912994742 0.0393169395625591 0.0581175982952118 0.0751495979726315 0.0885747343301773 0.090585732460022 0.105108065903187 0.130336561799049 0.153364238142967 0.152888339757919 0.141986832022667 0.139045256376266 0.152333077788353 0.162750473618507 0.152654215693474 0.139422792196274 0.139645035564899 0.149290487170219 0.161736103892326 0.167663696408272 0.172061970829964 0.176871511340141 0.179070362448692 0.179705461859703
-9999 -9999 -9999 -9999 -9999 -9999 -9999 -9999 -9999 -9999 -9999 -9999 -9999 -9999 -9999 -9999 -9999 -9999 -9999 -9999 -9999 -9999 -9999 -9999 -9999 0.281271386146545 0.163503974676132 0.0439468447118998 0.0155709164217114 0.0204632665961981 0.0261623125523329 0.0299250474199653 0.0395298134535551 0.0602721765637398 0.132724511623383 0.205518814921379 0.18050983697176 0.113406254351139 0.121824380755424 0.155364814400673 0.203224736452103 0.167805311083794 0.161068722605705 0.166119745373726 0.184448391199112 0.220461913943291 0.173935043811798 0.138321806490421 0.128047731518745 0.134901846945286 0.148836636543274 0.157252603769302 0.162898278236389 0.167840352654457 0.16906316280365 0.172241753339767
-9999 -9999 -9999 -9999 -9999 -9999 -9999 -9999 -9999 -9999 -9999 -9999 -9999 -9999 -9999 -9999 -9999 -9999 -9999 -9999 -9999 -9999 -9999 -9999 -9999 0.246095749735832 0.138808459043503 0.0237871108576655 0.0149489784613252 0.0215280327945948 0.0278955101966858 0.0329637158662081 0.0505830489099026 0.080059240758419 0.169254563748837 0.212526753544807 0.210206279158592 0.145437866449356 0.149064067006111 0.162557908892632 0.192638856172562 0.171261271834373 0.163870379328728 0.16675890982151 0.196012711524963 0.268225798010826 0.173602956533432 0.136010937392712 0.12446746379137 0.125102856755257 0.140917694568634 0.145487442612648 0.149351516366005 0.154468151926994 0.156116929650307 0.158288544416428
-9999 -9999 -9999 -9999 -9999 -9999 -9999 -9999 -9999 -9999 -9999 -9999 -9999 -9999 -9999 -9999 -9999 -9999 -9999 -9999 -9999 -9999 -9999 -9999 -9999 0.227971789240837 0.101406463980675 0.0165828982368112 0.0167254101485014 0.0234000287950039 0.0294088844209909 0.037841047346592 0.0601540096104145 0.0892342060804367 0.154942886531353 0.211566883325577 0.21552908718586 0.147472539544106 0.148944985866547 0.169229388237 0.179013442993164 0.160787558555603 0.146659502387047 0.150875452160835 0.179989677667618 0.261104065179825 0.16358331143856 0.125663214921951 0.116165001690388 0.120344269275665 0.133439360558987 0.134473037719727 0.135768985748291 0.139932346343994 0.142216138541698 0.144456940889359
-9999 -9999 -9999 -9999 -9999 -9999 -9999 -9999 -9999 -9999 -9999 -9999 -9999 -9999 -9999 -9999 -9999 -9999 -9999 -9999 -9999 -9999 -9999 -9999 -9999 0.244905912876129 0.0995807841420174 0.0168771794065833 0.0188838286325336 0.0236636841669679 0.0313566774129868 0.0442845553159714 0.0631792448461056 0.0891720175743103 0.119327495992184 0.191441042721272 0.171389900147915 0.115957421064377 0.114591406285763 0.138607414066792 0.160440224409103 0.142718708515167 0.12617833763361 0.122437976300716 0.13188312202692 0.138907605409622 0.127739179134369 0.115056069195271 0.112873743474483 0.114853870868683 0.120094068348408 0.121867078542709 0.124285280704498 0.129093776643276 0.131804613769054 0.102646625041962
-9999 -9999 -9999 -9999 -9999 -9999 -9999 -9999 -9999 -9999 -9999 -9999 -9999 -9999 -9999 -9999 -9999 -9999 -9999 -9999 -9999 -9999 -9999 -9999 -9999 0.244285470247269 0.108925607800484 0.0179648369550705 0.0186426103115082 0.0238440919667482 0.038530870527029 0.0536077260971069 0.0706855617463589 0.0983426839113235 0.12831613868475 0.189137667417526 0.161631201207638 0.101302386820316 0.0937551870942116 0.124046929180622 0.141805821657181 0.129112482070923 0.10709997266531 0.102969814836979 0.105932953953743 0.101357443630695 0.108237256109715 0.106930062174797 0.107993699610233 0.109939661622047 0.108912745118141 0.112235343456268 0.114095075428486 0.118821313977242 0.121813076734543 0.0950492009520531
-9999 -9999 -9999 -9999 -9999 -9999 -9999 -9999 -9999 -9999 -9999 -9999 -9999 -9999 -9999 -9999 -9999 -9999 -9999 -9999 -9999 -9999 -9999 -9999 -9999 0.228730502724648 0.108491285145283 0.0212998915463686 0.0187150418758392 0.0243501793593168 0.0401488892734051 0.055221651494503 0.0806223399937153 0.106856869161129 0.148530855774879 0.196261587738991 0.153515468537807 0.0993052169680595 0.0920176386833191 0.104772506654263 0.118534077703953 0.106998611986637 0.0876315027475357 0.0835162110626698 0.088473816215992 0.0963510423898697 0.0974016517400742 0.0964827820658684 0.100005485117435 0.101532171666622 0.100424037873745 0.102187868952751 0.104073187708855 0.109715488553047 0.113877250254154 0.088312166929245
-9999 -9999 -9999 -9999 -9999 -9999 -9999 -9999 -9999 -9999 -9999 -9999 -9999 -9999 -9999 -9999 -9999 -9999 -9999 -9999 -9999 -9999 -9999 -9999 -9999 0.226495707035065 0.10671844035387 0.0207782050594687 0.0181263310834765 0.0242028947919607 0.0399818301200867 0.0564593136310577 0.0801112368702888 0.103154714405537 0.121349361538887 0.17618001550436 0.110235178470612 0.0923543557524681 0.0829824730753899 0.0926856607198715 0.0993901774287224 0.0906032428145409 0.0759902983903885 0.0770558312535286 0.0872841522097588 0.0912483409047127 0.0953450828790665 0.0928501114249229 0.0943520575761795 0.0922634109854698 0.0925738468766212 0.0958309382200241 0.0972031787037849 0.10279873162508 0.106972718238831 0.0836440496146679
-9999 -9999 -9999 -9999 -9999 -9999 -9999 -9999 -9999 -9999 -9999 -9999 -9999 -9999 -9999 -9999 -9999 -9999 -9999 -9999 -9999 -9999 -9999 -9999 -9999 0.220712107419968 0.106627675890923 0.018667121976614 0.0164939249865711 0.0224988307803869 0.0375542122870684 0.0516430348157883 0.0701613686978817 0.083066076785326 0.0900602266192436 0.085067768394947 0.0813191689550877 0.0732201546430588 0.0705017432570458 0.078195521235466 0.0827855736017227 0.0781652390956879 0.0715042598545551 0.0742377728223801 0.0802058786153793 0.0883249551057816 0.0878230899572372 0.0856316313147545 0.086526907980442 0.0857852220535278 0.0858456328511238 0.0892218068242073 0.0929701626300812 0.0993482396006584 0.103336319327354 0.0805360645055771
-9999 -9999 -9999 -9999 -9999 -9999 -9999 -9999 -9999 -9999 -9999 -9999 -9999 -9999 -9999 -9999 -9999 -9999 -9999 -9999 -9999 -9999 -9999 -9999 -9999 0.221044972538948 0.117605900764465 0.0207635451108217 0.0146128422580659 0.0208621231839061 0.0322363596409559 0.0454890713095665 0.0571099735796452 0.0696488462388516 0.0737070262432098 0.069608747959137 0.070290869474411 0.0653644494712353 0.0638590291142464 0.0774096690118313 0.0786562904715538 0.0757812015712261 0.0695817746222019 0.0710140608251095 0.0785778664052486 0.083968049287796 0.083239196240902 0.0786499254405499 0.0793254256248474 0.0785942994058132 0.0799392998218536 0.083782622218132 0.0868407040834427 0.0913116708397865 0.0969562888145447 0.0760301403701305
-9999 -9999 -9999 -9999 -9999 -9999 -9999 -9999 -9999 -9999 -9999 -9999 -9999 -9999 -9999 -9999 -9999 -9999 -9999 -9999 -9999 -9999 -9999 -9999 -9999 0.230584442615509 0.127900986373425 0.0256033906713128 0.0138523954898119 0.0192202301695943 0.0281047502532601 0.0379700720310211 0.0510959677398205 0.0602688580751419 0.066021253913641 0.0709370367228985 0.0677413091063499 0.0639502540230751 0.0671208880841732 0.0778910644352436 0.082311823964119 0.078984659910202 0.0694288544356823 0.0702131256461143 0.0754760108888149 0.0805900573730469 0.0782248787581921 0.0729852013289928 0.0735996380448341 0.0741097286343575 0.0754678301513195 0.0800258383154869 0.078910855948925 0.0884599730372429 0.0987732246518135 0.0747689753770828
-9999 -9999 -9999 -9999 -9999 -9999 -9999 -9999 -9999 -9999 -9999 -9999 -9999 -9999 -9999 -9999 -9999 -9999 -9999 -9999 -9999 -9999 -9999 -9999 0.277680104970932 0.219234946370125 0.132776840031147 0.0325511481612921 0.0147576308809221 0.0184225266799331 0.0255943180993199 0.0351440221071243 0.0461490571498871 0.05618487149477 0.0624146856367588 0.0663935087621212 0.0641284495592117 0.0609690152108669 0.0638144940137863 0.0779632486402988 0.0894585266709328 0.0825795084238052 0.0715047210454941 0.0694549277424812 0.073627845197916 0.0782008610665798 0.0737509816884994 0.070032998919487 0.072649684548378 0.0766145549714565 0.0801127731800079 0.0817826211452484 0.0821943640708923 0.101327554881573 0.185553941130638 0.173759603500366
