meets/meet004/_saidas_enm/ensemble_aver_Aralia_warmingiana_CCSM_0k_SVM.asc
NCOLS 154 
NROWS 168 
XLLCORNER -112 
YLLCORNER -55.5 
CELLSIZE 0.5 
NODATA_value -9999 
[rows 75 to 99 of 168, columns 56 to 111 of 154]
-9999 -9999 -9999 -9999 -9999 -9999 -9999 -9999 -9999 -9999 -9999 0.129496119916439 0.103349050227553 0.112016524001956 0.162364642228931 0.227107544615865 0.383437976241112 0.632357788085937 0.58978425860405 0.494342994689941 0.448522457480431 0.426305106282234 0.414593124389648 0.391042101383209 0.389145052433014 0.381624692678452 0.364551854133606 0.342082476615906 0.320974305272102 0.307135707139969 0.285842904448509 0.262802715599537 0.233741942048073 0.218022549897432 0.215823972970247 0.212120066583157 0.216024184972048 0.217603453248739 0.231554863601923 0.25441650301218 0.273494912683964 0.304771167039871 0.323146457970142 0.33629547059536 0.342721590399742 0.322819313406944 0.283682958781719 0.228278192877769 0.174192006513476 0.119591732230037 0.0768436055630446 0.0525259032845497 0.0354654485359788 0.0340222291648388 0.0439091540407389 0.0554208792746067
-9999 -9999 -9999 -9999 -9999 -9999 -9999 -9999 -9999 -9999 -9999 0.128247829899192 0.146715867519379 0.143718222156167 0.145307553932071 0.179590155556798 0.293311560153961 0.532736724615097 0.644399011135101 0.605248600244522 0.455803948640823 0.463468313217163 0.45051463842392 0.406335666775703 0.397189602255821 0.373542806506157 0.357482117414474 0.334060180187225 0.307896849513054 0.289278212189674 0.264088153839111 0.236283123493195 0.207576812803745 0.190487482398748 0.191177593916655 0.193049769848585 0.189872469753027 0.193826223164797 0.21073868945241 0.239298966526985 0.277138701081276 0.291964054107666 0.313535498082638 0.341791903972626 0.347249698638916 0.341782811284065 0.305537584424019 0.253241749107838 0.204371172934771 0.152397772297263 0.107577732484788 0.0839888826012611 0.0619688058272004 0.0522854384034872 0.0471117163775489 0.0249100684188306
-9999 -9999 -9999 -9999 -9999 -9999 -9999 -9999 -9999 -9999 -9999 -9999 0.20605570524931 0.159339112974703 0.164615027979016 0.193426210805774 0.225228072702885 0.251374892890453 0.352912697196007 0.508332997560501 0.585881972312927 0.557172858715057 0.489646077156067 0.418946930766106 0.414488038420677 0.398919278383255 0.369182574748993 0.334797486662865 0.3016437292099 0.275996795296669 0.247310748696327 0.220019166171551 0.193685145676136 0.176810627430677 0.173049709945917 0.169167904555798 0.161110257357359 0.156150851026177 0.16604933179915 0.188314093649387 0.212967875599861 0.222982206195593 0.23428957760334 0.259052982926369 0.293536671996117 0.324952077865601 0.314498862624168 0.284394219517708 0.246374624967575 0.195539963245392 0.149853560328484 0.121809160709381 0.101286914199591 0.0817199509590864 0.05914999935776 0.0282063873484731
-9999 -9999 -9999 -9999 -9999 -9999 -9999 -9999 -9999 -9999 -9999 -9999 0.18517976552248 0.249510338902473 0.233216095715761 0.233646151958965 0.162238875776529 0.12079661861062 0.122954632341862 0.218773332238197 0.513598650693893 0.606676077842712 0.527600193023682 0.437705618143082 0.475484293699265 0.461824858188629 0.390732011198997 0.342668408155441 0.299758768081665 0.269887629151344 0.235701087117195 0.212885509431362 0.188936899602413 0.169936729967594 0.161683814227581 0.148257277905941 0.13510357029736 0.118217670731246 0.117416051868349 0.133030718564987 0.142112708278 0.146316007710993 0.143696305155754 0.165084093436599 0.203999775648117 0.237063130736351 0.276555332541466 0.286363369226456 0.278919041156769 0.239299374818802 0.187739148736 0.166482879221439 0.139011165499687 0.116283559799194 0.0762215279042721 0.0306504327265429
-9999 -9999 -9999 -9999 -9999 -9999 -9999 -9999 -9999 -9999 -9999 -9999 -9999 0.212186582386494 0.283154734969139 0.169182416796684 0.100538953393698 0.0710848249495029 0.065377040207386 0.0743823822587728 0.124629782140255 0.306260594725609 0.566541892290115 0.58359722495079 0.590518128871918 0.543540674448013 0.450620710849762 0.359555044770241 0.295419016480446 0.269813868403435 0.240720570087433 0.215510694682598 0.192857712507248 0.171652279049158 0.156250822544098 0.136991117149591 0.118105808272958 0.0984856004826725 0.0898778269998729 0.0933285895735025 0.0906069507822394 0.0849118955433369 0.0814591787755489 0.105501583963633 0.147648937627673 0.189525402337313 0.241334280371666 0.281535947322845 0.296849521994591 0.272117009758949 0.233304622769356 0.210396528244019 0.166237235069275 0.115902608633041 0.0746690005064011 0.0342325812205672
-9999 -9999 -9999 -9999 -9999 -9999 -9999 -9999 -9999 -9999 -9999 -9999 -9999 0.114989979937673 0.321756300330162 0.124321181327105 0.0709449753165245 0.0520781172439456 0.052093392983079 0.0555346928536892 0.0614162132143974 0.0783300672657788 0.243063548207283 0.365943965315819 0.417419344186783 0.577352619171143 0.50229976773262 0.385288962721825 0.287602624297142 0.263536928594112 0.247387099266052 0.212864163517952 0.199254478514194 0.176835934817791 0.158576851338148 0.132767353951931 0.115600508823991 0.0925615000072867 0.0772063134238124 0.0731356475502253 0.0627591760829091 0.0582445738837123 0.0513066168874502 0.0741623423993587 0.122599791735411 0.17031022682786 0.226123793423176 0.292408961057663 0.326015138626099 0.29943727850914 0.256794458627701 0.206165334582329 0.156345665454865 0.114611966907978 0.0805969789624214 0.0421800136566162
-9999 -9999 -9999 -9999 -9999 -9999 -9999 -9999 -9999 -9999 -9999 -9999 -9999 -9999 0.324473124742508 0.17922293394804 0.072220691293478 0.0454319924581796 0.0428273864090443 0.0435856141149998 0.0417976576834917 0.0360540878027678 0.041521427873522 0.0545841656625271 0.0735614968463778 0.130427702516317 0.244250129163265 0.348454248905182 0.299184693396091 0.272172228991985 0.21736739128828 0.221504303812981 0.202330233156681 0.180099579691887 0.167982207983732 0.145469336211681 0.126009464263916 0.104914037091658 0.0854220002889633 0.0718091577291489 0.0645721063017845 0.0602904656901956 0.0604915544390678 0.0817619495093822 0.118142739869654 0.161367683112621 0.218011549115181 0.263518777489662 0.280899214744568 0.259980142116547 0.22240332365036 0.189422398805618 0.155758890509605 0.126223948597908 0.102680554986 0.076183620095253
-9999 -9999 -9999 -9999 -9999 -9999 -9999 -9999 -9999 -9999 -9999 -9999 -9999 -9999 0.189079757779837 0.212790125608444 0.100612255185843 0.0425179325044155 0.0361589170992374 0.0385778144001961 0.0405694849789143 0.0493412785232067 0.0713933981955051 0.0751529216766357 0.0628152288496494 0.0638090211898088 0.0588179059326649 0.100103107281029 0.167358535341918 0.205245056108106 0.155891231819987 0.225412599742413 0.220148886740208 0.194784304499626 0.187894098460674 0.166743542999029 0.154266066849232 0.143282885849476 0.123155786283314 0.0967404687777162 0.0748308967798948 0.0721906922757626 0.0741320099681616 0.0829111522296444 0.105240335687995 0.13569009155035 0.177957324683666 0.211482977867126 0.227644321322441 0.21544526219368 0.190667903423309 0.176332920789719 0.158819681406021 0.145940032601357 0.136756592988968 0.126827672123909
-9999 -9999 -9999 -9999 -9999 -9999 -9999 -9999 -9999 -9999 -9999 -9999 -9999 -9999 -9999 0.208661164343357 0.198736396431923 0.0614968354348093 0.0324434467591345 0.0358304567635059 0.0501435808837414 0.0568945847451687 0.0719303846359253 0.0771248182281852 0.0777332631871104 0.0785511975176632 0.0727063160389662 0.0664018355309963 0.0539394941180944 0.0602218604646623 0.189411224576179 0.32062242180109 0.264032325148582 0.193317000567913 0.201685203611851 0.209302654862404 0.194005216658115 0.18283477127552 0.174614979326725 0.174999462068081 0.154799247533083 0.0980341944843531 0.0700673844665289 0.0811331890523434 0.0981545321643353 0.119647066295147 0.148321579396725 0.171961399912834 0.187315359711647 0.189142271876335 0.182207024097443 0.173910483717918 0.170195683836937 0.167249128222466 0.164184826612473 0.174971073865891
-9999 -9999 -9999 -9999 -9999 -9999 -9999 -9999 -9999 -9999 -9999 -9999 -9999 -9999 -9999 0.13307104408741 0.282224264740944 0.118458623923652 0.0400579716078937 0.0319676175713539 0.0517695024609566 0.0510725148022175 0.0677091203629971 0.0744400314986706 0.0787158242892474 0.0854794604703784 0.0829514296725392 0.0848125714808702 0.0803036678116769 0.0455816332250834 0.104980800300837 0.24011259637773 0.291860072314739 0.212303547561169 0.214051625132561 0.253055775165558 0.215911088883877 0.208618476986885 0.225991120934486 0.277780193090439 0.307608664035797 0.142354042828083 0.0632744397968054 0.0853414908051491 0.0997929692268372 0.111112866550684 0.133857756853104 0.148265209794045 0.168071383237839 0.184573020040989 0.191683433949947 0.18756615370512 0.182941228151321 0.176653975248337 0.17203554213047 0.188673108816147
-9999 -9999 -9999 -9999 -9999 -9999 -9999 -9999 -9999 -9999 -9999 -9999 -9999 -9999 -9999 0.166227075457573 0.198417717218399 0.162658241391182 0.105281609017402 0.0433474869467318 0.0353005684912205 0.0433963060379028 0.0559236034750938 0.0634604930877685 0.0646345011889935 0.0676179211586714 0.0714782366529107 0.076260001398623 0.0694654878228903 0.0471917100250721 0.0497983567416668 0.135360579565167 0.432411789894104 0.395335027575493 0.287663869559765 0.231049211323261 0.214760863780975 0.217474085092545 0.238780915737152 0.314070749282837 0.334087646007538 0.157762795686722 0.0723488640040159 0.102658026665449 0.121702013909817 0.12276985347271 0.122956035286188 0.132981622219086 0.152777062356472 0.180392941832542 0.21079540848732 0.192929278314114 0.182128866016865 0.166524678468704 0.138046229630709 0.138510201871395
-9999 -9999 -9999 -9999 -9999 -9999 -9999 -9999 -9999 -9999 -9999 -9999 -9999 -9999 -9999 -9999 0.217363861203194 0.136293099820614 0.124471616372466 0.131934364885092 0.0673353654576204 0.0523734752088785 0.0560466274619102 0.0596440173685551 0.0622803054749966 0.0667279504239559 0.0604316502809525 0.0595811873674393 0.0525901660323143 0.0454571984708309 0.0466020811349154 0.0762374840676785 0.304035007953644 0.555640745162964 0.498510867357254 0.334613651037216 0.238496549427509 0.200170062482357 0.198861403763294 0.249906060099602 0.29628574848175 0.132451573014259 0.104759622365236 0.134458746016026 0.137979547679424 0.125290454924107 0.106973452866077 0.110565121471882 0.128020588681102 0.155271910876036 0.189292074739933 0.151333140581846 0.139405935257673 0.121557492762804 0.0859083956107497 0.098622371815145
-9999 -9999 -9999 -9999 -9999 -9999 -9999 -9999 -9999 -9999 -9999 -9999 -9999 -9999 -9999 -9999 -9999 0.243391473591328 0.11345474421978 0.101907517015934 0.184099517762661 0.0986341727897525 0.0529849652200937 0.0480753917247057 0.0527535364031792 0.0613136023283005 0.0631010934710503 0.0630547985434532 0.056173138692975 0.0471059992909431 0.0516061689704657 0.0500649213790894 0.0875468380749226 0.208496408164501 0.506656861305237 0.592898547649384 0.412715834379196 0.280620357394218 0.197224239259958 0.188988865166903 0.169275350868702 0.157875049859285 0.163572971522808 0.161597375571728 0.138567252457142 0.110404786840081 0.0985000453190878 0.0978167264722288 0.105183254927397 0.110639647766948 0.101819854043424 0.0658818803727627 0.0250877279788256 0.0124807013198733 0.0168189089745283 0.0370188854634762
-9999 -9999 -9999 -9999 -9999 -9999 -9999 -9999 -9999 -9999 -9999 -9999 -9999 -9999 -9999 -9999 -9999 -9999 -9999 0.0868628099560738 0.0606131058186293 0.0747011464089155 0.0612701817415655 0.0497719641774893 0.0460385020822287 0.052796595543623 0.0576655738055706 0.0645963452756405 0.063304914534092 0.0523743268102407 0.0487266194075346 0.0440900690853596 0.046380062494427 0.0664219602942467 0.186255398392677 0.542489326000214 0.586207228899002 0.488957452774048 0.338971689343452 0.290236032009125 0.277943855524063 0.237856167554855 0.212483933568001 0.184660366177559 0.147641641646624 0.120840851590037 0.109854975058988 0.10091501371935 0.0932588776573539 0.077662486769259 0.0546398483216763 0.00255236774682999 -0.0526252368465066 -0.0631326004862785 -0.0469313507899642 -0.0175070003606379
-9999 -9999 -9999 -9999 -9999 -9999 -9999 -9999 -9999 -9999 -9999 -9999 -9999 -9999 -9999 -9999 -9999 -9999 -9999 -9999 -9999 0.094751438498497 0.110847269743681 0.0856517072767019 0.0570665709674358 0.0426603507250547 0.0500485353171825 0.0592285685241222 0.0629342451691628 0.0619173146784306 0.0529558248817921 0.0393562540411949 0.0461135901510715 0.0456885263323784 0.0541327320039272 0.123005839437246 0.342705446481705 0.641018110513687 0.53124732375145 0.446826106309891 0.338906973600388 0.283485263586044 0.249481469392776 0.205691047012806 0.175568453222513 0.149336482957005 0.13328342307359 0.114720614149701 0.0837518956512213 0.0620659112930298 0.0204202931374311 -0.0320028239861131 -0.0765662148594856 -0.0870509624481201 -0.0783480681478977 -0.0474214307498187
-9999 -9999 -9999 -9999 -9999 -9999 -9999 -9999 -9999 -9999 -9999 -9999 -9999 -9999 -9999 -9999 -9999 -9999 -9999 -9999 -9999 -9999 -9999 0.11603524684906 0.118488985300064 0.063240659236908 0.0518997259438038 0.0572793510276824 0.060697640106082 0.0639366038143635 0.0614698518067598 0.0472591981291771 0.0411707080900669 0.0451239913702011 0.041618200391531 0.0453280076384544 0.100432294607162 0.347373625636101 0.625276434421539 0.621955317258835 0.482680183649063 0.377947247028351 0.318879479169846 0.267662288248539 0.227296456694603 0.19894758015871 0.176672072708607 0.15146060064435 0.116224897885695 0.0772279608994722 0.0225364457815886 -0.0333957710769027 -0.0758995406329632 -0.0891204617917538 -0.0860027328133583 -0.0778847776353359
-9999 -9999 -9999 -9999 -9999 -9999 -9999 -9999 -9999 -9999 -9999 -9999 -9999 -9999 -9999 -9999 -9999 -9999 -9999 -9999 -9999 -9999 -9999 -9999 -9999 0.124984119087458 0.0615844331681728 0.0615344621241093 0.0630837559700012 0.0628360593691468 0.0597870733588934 0.0575389698147774 0.0495259143412113 0.0422561556100845 0.0423333398997784 0.0531818822026253 0.0467048237100244 0.0875109113752842 0.247557637095451 0.662602370977402 0.662582474946976 0.488562071323395 0.415153768658638 0.342451000213623 0.299635967612267 0.27426663339138 0.241769468784332 0.227551846206188 0.17722626850009 0.108524235710502 0.0485151339322329 -0.0246502722613513 -0.0590456930920482 -0.0736985408701003 -0.093818024545908 -0.115525439381599
-9999 -9999 -9999 -9999 -9999 -9999 -9999 -9999 -9999 -9999 -9999 -9999 -9999 -9999 -9999 -9999 -9999 -9999 -9999 -9999 -9999 -9999 -9999 -9999 -9999 0.0703346787020564 0.0973724879324436 0.0701946768909693 0.0849385421723127 0.0750344298779964 0.0641023926436901 0.059741311147809 0.0558406047523022 0.0503074683248997 0.0418968096375465 0.0399180971086025 0.0401595156639814 0.0560249224305153 0.136276748031378 0.512333047389984 0.809605717658997 0.603843140602112 0.481457483768463 0.391095787286758 0.352824196219444 0.336827486753464 0.301214289665222 0.276124814152718 0.213547898828983 0.123386047035456 0.0434006664901972 -0.0199219385627657 -0.041018171235919 -0.0568017330020666 -0.0858322199434042 -0.120637798309326
-9999 -9999 -9999 -9999 -9999 -9999 -9999 -9999 -9999 -9999 -9999 -9999 -9999 -9999 -9999 -9999 -9999 -9999 -9999 -9999 -9999 -9999 -9999 -9999 -9999 -9999 -9999 0.0767233237624168 0.100411791726947 0.119923716038465 0.0925318710505962 0.0702785760164261 0.0614703994477168 0.055653490498662 0.0507136218249798 0.0446511592715979 0.0390630656853318 0.0455413289368153 0.0967086493968964 0.382541036605835 0.887937951087952 0.718072003126144 0.493364155292511 0.366303271055222 0.359510368108749 0.365534397959709 0.325594907999039 0.289069885015488 0.219745564460754 0.110754321422428 0.0136774674057961 -0.0170662195596378 -0.0226494569331408 -0.0362152636051178 -0.0755296539515257 -0.110467049479485
-9999 -9999 -9999 -9999 -9999 -9999 -9999 -9999 -9999 -9999 -9999 -9999 -9999 -9999 -9999 -9999 -9999 -9999 -9999 -9999 -9999 -9999 -9999 -9999 -9999 -9999 -9999 0.0663175195455551 0.0999330148100853 0.157213394343853 0.113244982808828 0.0746732033789158 0.0570768408244476 0.0517895817756653 0.0512077290564775 0.0496018828824163 0.0412115294486284 0.0418559089303017 0.0759609319269657 0.277895477414131 0.799622571468353 0.822482562065124 0.505046659708023 0.323101714253426 0.316457402706146 0.34229516685009 0.301908993721008 0.250460502505302 0.190649446845055 0.102270214259624 0.0312692642211914 -0.00286093149334192 -0.0163135432638228 -0.0270923220450641 -0.0516515942581464 -0.0674875009804964
-9999 -9999 -9999 -9999 -9999 -9999 -9999 -9999 -9999 -9999 -9999 -9999 -9999 -9999 -9999 -9999 -9999 -9999 -9999 -9999 -9999 -9999 -9999 -9999 -9999 -9999 -9999 -9999 0.0947039753198624 0.177289877831936 0.145949975401163 0.0691334182396531 0.0453646756708622 0.0447434909641743 0.0465881258249283 0.0450172208249569 0.0398766465485096 0.0390504498034716 0.0577091314829886 0.209083531796932 0.703626847267151 0.900042700767517 0.548904496431351 0.295025566220284 0.265417441725731 0.313896384835243 0.240836212038994 0.172233632206917 0.124671444296837 0.0904062040150166 0.0549420306459069 0.0215898793190718 0.00723646953701973 -0.000139850378036499 -0.0141018658876419 -0.0111970417201519
-9999 -9999 -9999 -9999 -9999 -9999 -9999 -9999 -9999 -9999 -9999 -9999 -9999 -9999 -9999 -9999 -9999 -9999 -9999 -9999 -9999 -9999 -9999 -9999 -9999 -9999 -9999 -9999 0.0880115658044815 0.176458993554115 0.167936579883099 0.060332507127896 0.0419152189046144 0.0462216213345528 0.0438899464905262 0.0411430118605495 0.0367124730721116 0.0355552572757006 0.0552045617252588 0.175523419678211 0.646843373775482 0.948737835884094 0.614817941188812 0.30663987994194 0.21241894364357 0.177765644341707 0.148566789925098 0.143095693737268 0.114004322886467 0.0851744893938303 0.0704095332883298 0.0505929592996836 0.038489768281579 0.0359516482800245 0.0431428078562021 0.0763903006911278
-9999 -9999 -9999 -9999 -9999 -9999 -9999 -9999 -9999 -9999 -9999 -9999 -9999 -9999 -9999 -9999 -9999 -9999 -9999 -9999 -9999 -9999 -9999 -9999 -9999 -9999 -9999 -9999 0.081593419611454 0.173935335874558 0.187770213186741 0.0548595953732729 0.0509305857121944 0.0559945493936539 0.0449342034757137 0.0401365496218204 0.0355826726183295 0.0357669927179813 0.0544768383260816 0.158004770427942 0.595197877287865 0.958036923408508 0.61302227973938 0.275722706317902 0.166890083253384 0.131418351829052 0.091834013722837 0.12070829346776 0.129667768627405 0.0984380953013897 0.107504779845476 0.0790651553310454 0.0635699910082621 0.0786145109683275 0.114563139528036 0.161162866465747
-9999 -9999 -9999 -9999 -9999 -9999 -9999 -9999 -9999 -9999 -9999 -9999 -9999 -9999 -9999 -9999 -9999 -9999 -9999 -9999 -9999 -9999 -9999 -9999 -9999 -9999 -9999 -9999 0.0779223771300167 0.171172878146172 0.159859130531549 0.0483864366076887 0.0485526233911514 0.0535649225115776 0.0468499638140202 0.040431859716773 0.034638346452266 0.0355228198692203 0.0559612958692014 0.168899590522051 0.616725862026215 0.916329288482666 0.55925635099411 0.223128071427345 0.122245911508799 0.0993712197989225 0.0729176415130496 0.0976095262914896 0.104459922388196 0.114101331681013 0.116472759842873 0.116913036629558 0.118914784491062 0.150591415807139 0.204827487468719 0.27333115786314
-9999 -9999 -9999 -9999 -9999 -9999 -9999 -9999 -9999 -9999 -9999 -9999 -9999 -9999 -9999 -9999 -9999 -9999 -9999 -9999 -9999 -9999 -9999 -9999 -9999 -9999 -9999 -9999 0.0736293191090226 0.161966468393803 0.125144220516086 0.0445860494161025 0.0461329884827137 0.0509422712028027 0.0474037900567055 0.0424965500831604 0.0332172002643347 0.0329783727531321 0.0561909193173051 0.187062269449234 0.63762856721878 0.847131049633026 0.428672713041306 0.126782986521721 0.0727830583229661 0.059697537124157 0.062948824185878 0.104621973831672 0.135957640525885 0.133190974779427 0.159868047386408 0.164085558801889 0.188995109125972 0.244445876032114 0.316742514073849 0.381575748324394
