meets/meet004/_saidas_enm/ensemble_aver_Aralia_warmingiana_CCSM_21k_SVM.asc
NCOLS 154 
NROWS 168 
XLLCORNER -112 
YLLCORNER -55.5 
CELLSIZE 0.5 
NODATA_value -9999 
[rows 50 to 74 of 168, columns 56 to 111 of 154]
-9999 -9999 -9999 -9999 -9999 -9999 -9999 -9999 -9999 -9999 -9999 -9999 -9999 0.0876218050718307 0.0880171414464712 0.0804608887061477 0.0675212757661939 0.06322276070714 0.0925806682556868 0.160833062231541 0.19777454584837 0.245432917773724 0.226496544480324 0.16542843580246 0.0918724901974201 0.0589492628350854 0.0408346733078361 0.0510880693793297 0.0638120785355568 0.0756992138922215 0.0805274162019487 0.0781420242739841 0.0709548342274502 0.0660234771668911 0.0893945641815662 0.287042275071144 0.466743803024292 0.650556588172913 0.664022445678711 0.611936414241791 0.560745280981064 0.562682151794434 0.550456368923187 0.461216819286346 0.316040137410164 0.123562632501125 0.116452692821622 0.086265504360199 0.0866339903324842 0.135951041989028 0.166159900277853 0.115815655887127 0.116686943918467 0.140257805684814 0.18629884198308 0.210263711865991
-9999 -9999 -9999 -9999 -9999 -9999 -9999 -9999 -9999 -9999 -9999 -9999 -9999 0.0878434952348471 0.0870021656155586 0.0765969637781382 0.0724601149559021 0.0829604737460613 0.108449140191078 0.117487608641386 0.114381934702396 0.140658082813025 0.175433606654406 0.147400648146868 0.0776508290320635 0.040762746008113 0.0309792386135086 0.0479098446667194 0.0628565989434719 0.0730405796319246 0.0772965854033828 0.0730887997895479 0.0652833638712764 0.054260116815567 0.0793788346461952 0.261605671048164 0.488365119695663 0.64617748260498 0.661364758014679 0.608932101726532 0.57617415189743 0.521854740381241 0.483718448877335 0.410668367147446 0.329368782043457 0.26150406897068 0.24830436706543 0.288825953006744 0.279578691720963 0.236138471961021 0.201764959096909 0.151215084642172 0.139274178259075 0.151136734709144 0.179767794907093 0.204362021759152
-9999 -9999 -9999 -9999 -9999 -9999 -9999 -9999 -9999 -9999 -9999 0.0878831617534161 0.0878267604857683 0.0876506224274635 0.0846586544066668 0.0724812429398298 0.0727493762969971 0.0934576563537121 0.114372569322586 0.085816790163517 0.0495151007547975 0.0687748931348324 0.0704202741384506 0.0519852738827467 0.0307528207078576 0.0169558775611222 0.0313195794820786 0.0510687008500099 0.0616344917565584 0.0693194829858839 0.0750013429671526 0.0693252038676292 0.0618466766551137 0.0490672564134002 0.0893048096448183 0.283955419063568 0.473828339576721 0.633991795778275 0.63383184671402 0.583198195695877 0.548779916763306 0.467692375183105 0.442731517553329 0.390803599357605 0.329524224996567 0.345016068220139 0.324771016836166 0.364045482873917 0.359476095438004 0.275003391504288 0.214562267065048 0.175608056411147 0.158422902412713 0.166792706027627 0.189091261103749 0.20956863835454
-9999 -9999 -9999 -9999 -9999 -9999 -9999 -9999 -9999 -9999 0.0880214788019657 0.0874647568911314 0.0850792746990919 0.0853407554328442 0.0852535430341959 0.0779069907963276 0.0649725969880819 0.0647024892270565 0.0596804808825254 0.0414400315843523 0.0197449706494808 0.0158954434096813 0.0155128479003906 0.014283891627565 0.0221872244030237 0.0321102753281593 0.0451061025261879 0.0557257467415184 0.0640233941376209 0.0717369824647903 0.0736565314233303 0.0673186529427767 0.0598665796685964 0.0553563971072435 0.0942896977066994 0.257932374626398 0.402309554815292 0.554134756326675 0.591088038682938 0.558526009321213 0.525265258550644 0.462606340646744 0.432768923044205 0.398175370693207 0.340612298250198 0.347482246160507 0.324272108078003 0.328171542286873 0.286404198408127 0.194755566120148 0.153444906882942 0.112880632467568 0.133106565847993 0.144561004266143 0.156863645184785 0.193549842759967
-9999 -9999 -9999 -9999 -9999 -9999 -9999 -9999 -9999 -9999 0.0827911991626024 0.0758336011320353 0.073936447314918 0.0797186769545078 0.0845529027283192 0.0843365117907524 0.0693390291184187 0.0548936439678073 0.0479202413931489 0.0363885970786214 0.0261914072558284 0.0292114101350307 0.0290338426828384 0.0348582275211811 0.0438032224774361 0.0492742333561182 0.0587763944640756 0.0685977138578892 0.0758161291480064 0.0805013336241245 0.0806034795939922 0.0719094600528479 0.060662254691124 0.0598086461424828 0.0843638155609369 0.218624205514789 0.34362667798996 0.438461488485336 0.524871146678925 0.531312400102615 0.520726466178894 0.465979015827179 0.430723404884338 0.395444595813751 0.340891516208649 0.323356151580811 0.234306216239929 0.190017499029636 0.122168754786253 0.0546516609378159 0.0483571711927652 0.0438693922013044 0.0749385446310043 0.0989729892462492 0.118829901516438 0.143134178221226
-9999 -9999 -9999 -9999 -9999 -9999 -9999 -9999 0.0872941594570875 0.0775567557662726 0.0611963599920273 0.0603082342073321 0.0641138574108481 0.0716564781963825 0.0803447999060154 0.0847902432084084 0.0774110864847899 0.0617333122994751 0.0549928195774555 0.0505260273814201 0.0451698556542397 0.0458862796425819 0.0493282131850719 0.0533835701644421 0.0582837474648841 0.0653355538845062 0.0735181737691164 0.0809462912380695 0.0846520520746708 0.0849949307739735 0.0840386547148228 0.0751327313482761 0.0620308984071016 0.0561378378421068 0.0605683540459722 0.121135296300054 0.226539196074009 0.330503901839256 0.383598166704178 0.421191585063934 0.431671059131622 0.402899289131165 0.387572491168976 0.337255373597145 0.238154730200768 0.167576141655445 0.0690490825101733 0.0123995054513216 -0.0198911037296057 -0.0334629766643047 -0.0239703424274921 -0.0138870604336262 0.0111062291078269 0.0237269558012486 0.0354496162384748 0.0557394981384277
-9999 -9999 -9999 -9999 -9999 -9999 -9999 -9999 0.0776374001055956 0.0625534452497959 0.111700977385044 0.0789320707321167 0.0590309292078018 0.0667791466694325 0.0735243279486895 0.0780209083110094 0.0779353629797697 0.0744346912950277 0.068450429616496 0.0639064159244299 0.0629884404595941 0.0647575409151614 0.0657661693170667 0.0686555711552501 0.0751883417367935 0.0808875899761915 0.0842794988304377 0.0864381920546293 0.0870638824999332 0.0871203437447548 0.0863542657345533 0.0800950963050127 0.0639023885130882 0.0530781110282987 0.0439139012247324 0.0576427683234215 0.0918494252488017 0.167456248402596 0.208642575703561 0.210347190499306 0.230418507754803 0.20227834880352 0.166317035257816 0.103270738199353 0.0152540864888579 -0.0319977357983589 -0.0514362058136612 -0.0425380662083626 -0.0276623054407537 -0.0146455591544509 -0.0071385882794857 -0.00659898333251476 -0.00772029981017113 -0.0085861511528492 -0.00896803196519613 -0.00305360462516546
-9999 -9999 -9999 -9999 -9999 -9999 -9999 0.082570007070899 0.0640072708949447 0.0995502635836601 0.239352318644524 0.130508407950401 0.0576413109898567 0.0620672751218081 0.0657222011126578 0.0696799550205469 0.0683346532285213 0.0732373755425215 0.0733245804905891 0.0776067163795233 0.0789243910461664 0.0795108780264854 0.0799918923527002 0.0816209495067596 0.0842777565121651 0.0852612506598234 0.0854153782129288 0.0852584857493639 0.0856701619923115 0.086103118211031 0.0864373449236155 0.0822542157024145 0.0687228284776211 0.0529624540358782 0.0368779011070728 0.016881896276027 0.00650831200182438 0.0124423312954605 0.0197270341217518 -0.00506060440093279 -0.0287646063603461 -0.0576721221208572 -0.0642632202245295 -0.0609827190637589 -0.0434344999492168 -0.0220968544483185 -0.00590678565204144 0.00652900943532586 0.0103383591398597 0.0185185629874468 0.0212320610880852 0.0218711748719215 0.0221628583967686 0.0198166724294424 0.0160244084894657 0.0141747269779444
-9999 -9999 -9999 -9999 -9999 -9999 -9999 0.0743207262828946 0.0677924789488316 0.228297790884972 0.409385561943054 0.16538177728653 0.0552520506083965 0.0584130749106407 0.0566953975707293 0.0558570805937052 0.0560674145817757 0.0612383931875229 0.0639653291553259 0.068779035564512 0.0724597910419107 0.0755786456167698 0.0784494701772928 0.0779051177203655 0.0777924224734306 0.0785956032574177 0.0783910784870386 0.0796980604529381 0.0796511631458998 0.0786358147859573 0.0792791087180376 0.0798339318484068 0.0736379150301218 0.0589539863169193 0.0432452969253063 0.0237220738083124 -0.000251520331948996 -0.0296251187101007 -0.0424375091679394 -0.0444173358380795 -0.0408412329852581 -0.018870869348757 0.00118180084973574 0.0230601906776428 0.0325591400265694 0.0342480331659317 0.0394707821309567 0.038574755191803 0.0399626180529594 0.0448412515223026 0.0460961312055588 0.0459064073860645 0.0435829654335976 0.0410508200526237 0.0380373314023018 0.0346845142543316
-9999 -9999 -9999 -9999 -9999 -9999 0.0799033074406907 0.0662000047042966 0.135687962174416 0.414438188076019 0.567162650823593 0.186645148694515 0.0516112871468067 0.0588475212454796 0.051527065038681 0.0484799921512604 0.0473098076879978 0.0502787992358208 0.0516364857554436 0.0584213025867939 0.0637007741257548 0.0653174416860565 0.0677788216620684 0.067578935995698 0.0681774813681841 0.0685547677800059 0.068864749930799 0.0681701723486185 0.0690126234665513 0.0715808345004916 0.0728401653468609 0.0751135051250458 0.0759411338716745 0.0680966769577935 0.0547351598739624 0.0426624856889248 0.0305729664862156 0.0189866855740547 0.0152175355702639 0.0210921585559845 0.033725992590189 0.043472521007061 0.0495059207081795 0.0493973955512047 0.0529286064207554 0.0543055020272732 0.0550683535635471 0.0572144131874666 0.0575469225645065 0.061297020316124 0.0594665747135878 0.0586724556982517 0.0576857656240463 0.0578311987221241 0.0564253865275532 0.0526782914996147
-9999 -9999 -9999 -9999 -9999 -9999 0.0677076060324907 0.0636802144348621 0.215101525187492 0.439509135484695 0.490546813607216 0.156076238304377 0.0429697751998901 0.052955487370491 0.0445290416479111 0.0400254242122173 0.0399462044239044 0.0412472501397133 0.0418299712240696 0.0467665672302246 0.0519073411822319 0.0541532091796398 0.0563467837870121 0.0555291954427958 0.0555287219583988 0.0566466972231865 0.0561848182231188 0.056624486297369 0.0572138857096434 0.0585256259888411 0.0610276740044355 0.0626621093600988 0.0650672437623143 0.0667286191135645 0.0649184862151742 0.0583648107945919 0.0531165063381195 0.0505798518657684 0.050734931230545 0.0507982224225998 0.0502676486968994 0.0536532193422318 0.0557397019118071 0.056297705322504 0.0611870493739843 0.0601281432434917 0.0590429888106883 0.055582479480654 0.0513990418985486 0.0492799621075392 0.0488880749791861 0.0478192226961255 0.0480591105504573 0.0473938108189031 0.0442808710038662 0.0419790424406528
-9999 -9999 -9999 -9999 -9999 -9999 0.0499436631798744 0.0608545817434788 0.23721567094326 0.36618989109993 0.383450224995613 0.121794622763991 0.0330548465251923 0.0453841671347618 0.0362101450562477 0.0319329150021076 0.030680488049984 0.0314916998147965 0.0309051677584648 0.0371221445500851 0.0433824472129345 0.0437530390918255 0.0456095062196255 0.0447715274989605 0.0456369265913963 0.046313950419426 0.0467185154557228 0.0464270852506161 0.0470841810107231 0.0486581429839134 0.049585548043251 0.0516928963363171 0.0530353263020515 0.0545248486101627 0.0568600848317146 0.0573717251420021 0.0549549981951714 0.0523010686039925 0.0502530217170715 0.0507247474044561 0.0524206928908825 0.0536988886073232 0.053787849843502 0.0520953912287951 0.0531972620636225 0.0494952503591776 0.0479069896042347 0.0448480680584908 0.0408010005950928 0.0395590469241142 0.0364021889865398 0.0362181972712278 0.0306776821613312 0.0274808946996927 0.028259376809001 0.023690714687109
-9999 -9999 -9999 -9999 -9999 -9999 -9999 0.0453866027295589 0.230418775975704 0.307120961137116 0.347228153795004 0.123576445225626 0.0222821550443769 0.0317812867462635 0.0246774546802044 0.0184411983937025 0.0172785703092814 0.0189179345965385 0.0188692260533571 0.0238631226122379 0.0289345175027847 0.0304478675127029 0.0324063666164875 0.0308058440685272 0.0297680109739304 0.0311231605708599 0.0303537510335445 0.0310274794697762 0.0310804702341557 0.0311219491064548 0.0332954727113247 0.0344758339226246 0.0374304428696632 0.0383976116776466 0.0394663542509079 0.0410273298621178 0.0413351394236088 0.0419907197356224 0.0411873377859592 0.0411650091409683 0.0419316075742245 0.0428939372301102 0.0432120807468891 0.0405558981001377 0.0390836574137211 0.0361711770296097 0.0325016498565674 0.0283933080732822 0.0226497087627649 0.0191322915256023 0.0161459170281887 0.0130780778592452 0.0113928113831207 0.0109980636043474 0.0103438166785054 0.00931740333326161
-9999 -9999 -9999 -9999 -9999 -9999 -9999 -9999 0.192518399655819 0.249726127646863 0.478785574436188 0.151388571225107 0.01270004324615 0.0185713984072208 0.0122634151019156 0.00929088015109301 0.00582909709773958 0.00853479104116559 0.0080701588653028 0.0152630500495434 0.0194744020700455 0.0197559174150229 0.0188866917043924 0.0167537022382021 0.0159655120223761 0.0146861288696527 0.0148941092193127 0.0136853739619255 0.0139618556946516 0.0153409704566002 0.015192174166441 0.0194558329880238 0.0222885884344578 0.0240708865225315 0.0266688324511051 0.0271433629095554 0.0286444023251534 0.0291522048413754 0.0291534848511219 0.0304547943174839 0.0300533287227154 0.0308663509786129 0.0306445248425007 0.0282259691506624 0.0264842100441456 0.0214914709329605 0.0160290077328682 0.00825756909325719 0.00367388518061489 0.00171672622673213 -0.00164716057479382 -0.00069255493581295 -0.00281953513622284 -0.00070631131529808 0.00708788856863976 0.0169924326241016
-9999 -9999 -9999 -9999 -9999 -9999 0.0186612490564585 0.0821818917989731 0.156721318513155 0.18076181858778 0.258771197125316 0.125127738062292 0.0159508181735873 0.0066392905486282 0.0107590084895492 0.0224987415596843 0.0147733485326171 -0.000163367716595531 -0.00249809845117852 0.00188555745407939 0.00518777761608362 0.00462424643337727 0.00425173044204712 -0.000108739640563726 -0.0052164382301271 -0.00730952229350805 -0.00888729030266404 -0.00634272848255932 -0.00278245855588466 -0.00166044477373362 0.00134766991832294 0.00408429941162467 0.0083899145713076 0.00868324597831815 0.00948228102643043 0.0122804278507829 0.0132573094218969 0.0159378699958324 0.0167966540902853 0.0161108154803514 0.0171839782968163 0.0157438668422401 0.0155669834231958 0.0148711531888694 0.0143364170566201 0.0127794526517391 0.00339083224534988 -0.00723920688033104 -0.0131972298026085 -0.015275564789772 -0.0130570262670517 -0.0128731817007065 -0.0113958269357681 -0.00779364928603172 -0.00631050914525986 -0.00457902848720551
-9999 -9999 -9999 -9999 -9999 0.0449418663978577 0.054891000688076 0.107733296602964 0.126272356882691 0.126052743569016 0.159354320727289 0.131744102574885 0.0511908773332834 0.0450708780437708 0.0939402407035232 0.165639333426952 0.0665335964411497 0.00182813480496407 -0.0111153028905392 -0.00140756177715957 -0.00200687174219638 -0.00524843856692314 -0.0080375581048429 -0.0143017327412963 -0.0189460195600986 -0.0209255386143923 -0.0167525300756097 -0.0126192964613438 -0.00357930511236191 0.0131690844893456 0.0138195743784308 0.0167780775111169 0.0168849418638274 0.0122730737552047 0.00961065832525492 0.00479431585408747 0.00956992749124765 0.0131165646016598 0.0169849389232695 0.0142278466490097 0.014301884532324 0.0135570048820227 0.00796465035527944 0.0119147880002856 0.0185520907863975 0.0266544609330595 0.0120568320155144 -0.00485105589032173 -0.00917380750179291 -0.00171164497733116 0.00974248424172401 -0.000661920011043549 -0.000242443382740021 0.0041819017380476 0.00181531086564064 -0.00677213184535503
-9999 -9999 -9999 -9999 -9999 0.0901237666606903 0.101321848481894 0.134353425400332 0.131549390265718 0.117405928298831 0.127191759645939 0.15495636574924 0.178863221406937 0.208703072369099 0.22990849763155 0.208158805221319 0.114289036765695 0.0357762577012181 0.00162225496023893 0.00038222037255764 0.00663003027439117 0.0049677662551403 -0.00459118634462357 -0.00896919369697571 -0.00804518833756447 -0.00309459194540977 0.00491588898003101 0.0169913075398654 0.0377841513603926 0.0620662212371826 0.080470447614789 0.0861917051486671 0.0767921796068549 0.0636042106896639 0.0445530496537685 0.0340376555919647 0.0343666356056929 0.039701221883297 0.044830497354269 0.0398843131959438 0.0368241339921951 0.0326650697737932 0.0324456885457039 0.0328816629946232 0.0366363301873207 0.0359354084357619 0.0292790293693542 0.0199268110096455 0.0205271974205971 0.0296422339975834 0.0354633308947086 0.040688806399703 0.0398557305335999 0.0375846564769745 0.038778231292963 0.0355367206037045
-9999 -9999 -9999 -9999 -9999 -9999 0.178924696426839 0.190513700991869 0.176914479956031 0.121960522979498 0.102122678980231 0.12881677262485 0.266055370867252 0.316239240765572 0.246695338189602 0.23782300055027 0.126856157928705 0.0663986611180007 0.0424862146377563 0.0388119552284479 0.0739390170201659 0.0630078885704279 0.064872232824564 0.0685364916920662 0.0751009561121464 0.0998282708227634 0.108234803378582 0.134252875298262 0.141358807869256 0.153648602031171 0.186035113036633 0.175961305201054 0.171163356304169 0.153175918012857 0.122634201869369 0.102582419291139 0.100027373433113 0.100577007001266 0.095962362550199 0.0768941076472402 0.0648837246000767 0.0593194706365466 0.0569940872490406 0.0588236443698406 0.0561573855578899 0.0594393499195576 0.061073474958539 0.0619316902011633 0.0683857437223196 0.0787821406498551 0.0782104885205626 0.0922038001008332 0.0952377405948937 0.100588732562028 0.118709831684828 0.127337963879108
-9999 -9999 -9999 -9999 -9999 -9999 0.212341226427816 0.272630733251572 0.241428580135107 0.182955817505717 0.151012537255883 0.0871102382428944 0.0814326163381338 0.110002471134067 0.119198822043836 0.102666608802974 0.0871938142925501 0.0940458875149488 0.0945371648296714 0.093198870238848 0.130861630244181 0.153213295340538 0.178904342651367 0.198837900161743 0.209446573257446 0.231747809797525 0.261491543054581 0.302800591289997 0.309864611923695 0.302236317098141 0.287273435294628 0.284955927729607 0.277341093868017 0.257894466817379 0.228362842276692 0.199680135166273 0.194014307763427 0.185703357495368 0.169761781394482 0.138487177807838 0.11195919662714 0.101461886614561 0.0943973888643086 0.0944058241322637 0.0943385180085898 0.0971476893872023 0.107453146018088 0.120308648049831 0.136118865758181 0.153714736551046 0.162917338311672 0.16568903028965 0.161138980090618 0.165889276564121 0.185025717318058 0.194239860773087
-9999 -9999 -9999 -9999 -9999 -9999 0.163740567117929 0.260530404746532 0.228264530748129 0.167229916946962 0.180382827669382 0.115666456893086 0.0636791250130045 0.0573431741446257 0.0533474011346698 0.0382722887210548 0.0418125977739692 0.0876655640080571 0.103254792932421 0.119749890360981 0.180017464607954 0.237997369468212 0.284673205018043 0.319976186752319 0.330679360032082 0.355032595992088 0.388654634356499 0.444480681419373 0.452556568384171 0.436167421936989 0.419638529419899 0.410466083884239 0.402476006746292 0.390171694755554 0.364161719381809 0.333663238584995 0.323502410948277 0.306137106567621 0.279905483499169 0.226218279683962 0.186025754362345 0.169011495541781 0.151245630625635 0.148300509154797 0.143924413993955 0.149039058759809 0.168978168815374 0.191706548631191 0.212616804242134 0.230753557384014 0.241286674141884 0.232885870337486 0.220117524266243 0.21783153116703 0.226231238245964 0.220458072423935
-9999 -9999 -9999 -9999 -9999 -9999 -9999 -9999 0.0819155819714069 0.0936429081484675 0.212755674496293 0.116245793178678 0.0741106376051903 0.0739461600780487 0.0623286612331867 0.0512150883674622 0.0393846167251468 0.0461760457605124 0.0625261967070401 0.135226138681173 0.240014374256134 0.325982668995857 0.392449587583542 0.421829497814178 0.412522310018539 0.447282856702805 0.481324774026871 0.518402540683746 0.529539209604263 0.528664726018906 0.532564353942871 0.528905743360519 0.537520396709442 0.531998628377914 0.513359791040421 0.494618403911591 0.475041684508324 0.448925656080246 0.412319806218147 0.357244904339313 0.304948389530182 0.2689596965909 0.244297862797976 0.234402817487717 0.223484813421965 0.230531889200211 0.244977858662605 0.268278086185455 0.28900066614151 0.299139142036438 0.29719603061676 0.285456982254982 0.270375809073448 0.257110244035721 0.245197412371635 0.229579532146454
-9999 -9999 -9999 -9999 -9999 -9999 -9999 -9999 0.115362380445004 0.073999509960413 0.21208550799638 0.0929952953476459 0.0753899060189724 0.0865252241492271 0.0831076011061668 0.0678001269698143 0.0438195048831403 0.0391446765512228 0.0499805578961968 0.142269395664334 0.291037529706955 0.384693557024002 0.45218106508255 0.485351496934891 0.488778388500214 0.499997740983963 0.520055896043777 0.561438065767288 0.5657435297966 0.571892672777176 0.590250462293625 0.591171342134476 0.60846363902092 0.623476886749268 0.623303824663162 0.624724423885345 0.613412928581238 0.589884853363037 0.555977869033814 0.49929496049881 0.444281613826752 0.40613189637661 0.379537397623062 0.363234758377075 0.338259243965149 0.339694246649742 0.354175680875778 0.368949103355408 0.378977498412132 0.373784407973289 0.357663914561272 0.336657902598381 0.313264283537865 0.288726371526718 0.262384778261185 0.23497239947319
-9999 -9999 -9999 -9999 -9999 -9999 -9999 -9999 -9999 0.0945979494601488 0.149040027335286 0.0627154262270778 0.0726488225162029 0.0901932701468468 0.103279232978821 0.0880873389542103 0.0704276686534286 0.0606784393079579 0.071873040497303 0.179683449864388 0.334177023172379 0.429047280550003 0.460353696346283 0.498068732023239 0.535115045309067 0.558437961339951 0.585608619451523 0.599318224191666 0.602715146541595 0.607850390672684 0.609589636325836 0.615481787919998 0.625939834117889 0.650655514001846 0.672375923395157 0.693132066726685 0.696451646089554 0.695652151107788 0.674614691734314 0.630020844936371 0.584326142072678 0.54073389172554 0.516504454612732 0.484502679109573 0.447053629159927 0.438471230864525 0.448818796873093 0.467977428436279 0.46366925239563 0.439876139163971 0.408242845535278 0.37752303481102 0.348168283700943 0.320676359534264 0.282719081640244 0.253690713644028
-9999 -9999 -9999 -9999 -9999 -9999 -9999 -9999 -9999 -9999 0.105449982223217 0.0615321287885308 0.075906266272068 0.0879487216472626 0.110898920893669 0.118029744923115 0.124655742943287 0.121947317756712 0.129878226621076 0.233302289247513 0.363772702217102 0.432777446508408 0.472552889585495 0.496992945671082 0.539560872316361 0.573351860046387 0.593718832731247 0.612844377756119 0.616884297132492 0.620552295446396 0.625245422124863 0.628061389923096 0.638383305072784 0.658702230453491 0.683305323123932 0.710789632797241 0.728600645065308 0.740396654605865 0.742652904987335 0.72703298330307 0.702726244926453 0.667113119363785 0.628515183925629 0.595792818069458 0.555999517440796 0.543689298629761 0.55533572435379 0.562557196617126 0.543844604492188 0.502298134565353 0.451860880851746 0.410139328241348 0.369829308986664 0.340805214643478 0.310805654525757 0.283332198858261
-9999 -9999 -9999 -9999 -9999 -9999 -9999 -9999 -9999 -9999 -9999 0.0844071500003338 0.0724904872477055 0.0785519264638424 0.10965261310339 0.145321953296661 0.178054392337799 0.242572018504143 0.264070464670658 0.269352725148201 0.357733410596848 0.40590278506279 0.463687467575073 0.506860399246216 0.529465246200562 0.57140988111496 0.585930168628693 0.602000170946121 0.60495582818985 0.614519625902176 0.620022422075272 0.621128273010254 0.629475003480911 0.646109330654144 0.670733189582825 0.692598164081573 0.720228433609009 0.740686070919037 0.759887230396271 0.771661257743835 0.770846486091614 0.755167269706726 0.736789441108704 0.708298242092133 0.668984216451645 0.659920930862427 0.657704269886017 0.650644546747208 0.616549515724182 0.556657534837723 0.490958601236343 0.437366557121277 0.385579824447632 0.356649386882782 0.339867481589317 0.317107304930687
