meets/meet004/_saidas_enm/ensemble_aver_Cavanillesia_umbellata_CCSM_0k_Maxent.asc
NCOLS 154 
NROWS 168 
XLLCORNER -112 
YLLCORNER -55.5 
CELLSIZE 0.5 
NODATA_value -9999 
[rows 100 to 124 of 168, columns 56 to 111 of 154]
-9999 -9999 -9999 -9999 -9999 -9999 -9999 -9999 -9999 -9999 -9999 -9999 -9999 -9999 -9999 -9999 -9999 -9999 -9999 -9999 -9999 -9999 -9999 -9999 -9999 -9999 -9999 -9999 0.143520073592663 0.101674400269985 0.12298926115036 0.0494761474430561 0.0370657972991466 0.0338503107428551 0.0360124845057726 0.052485316246748 0.0737153939902782 0.0871968299150467 0.0688695661723614 0.0704106204211712 0.0807555146515369 0.1161745890975 0.17722981274128 0.0542182214558125 0.0519391968846321 0.0529550515115261 0.070034658908844 0.135475958883762 0.170979988574982 0.171067515015602 0.160236644744873 0.162650647759438 0.155698472261429 0.144070674479008 0.335929375886917 0.339841288328171
-9999 -9999 -9999 -9999 -9999 -9999 -9999 -9999 -9999 -9999 -9999 -9999 -9999 -9999 -9999 -9999 -9999 -9999 -9999 -9999 -9999 -9999 -9999 -9999 -9999 -9999 -9999 -9999 0.137901593744755 0.113514892756939 0.116455891728401 0.0433413658291101 0.0310924146324396 0.0298675823956728 0.0368056029081345 0.0660491749644279 0.0813145816326141 0.0927037984132767 0.072785959392786 0.0736947014927864 0.0849598541855812 0.122338013350964 0.18453314602375 0.0551235698163509 0.0508971378207207 0.0508500471711159 0.0741172149777412 0.159621304273605 0.183329838514328 0.158993259072304 0.0948597222566605 0.143233403563499 0.144630494713783 0.139069257676601 0.331084829568863 0.338388562202454
-9999 -9999 -9999 -9999 -9999 -9999 -9999 -9999 -9999 -9999 -9999 -9999 -9999 -9999 -9999 -9999 -9999 -9999 -9999 -9999 -9999 -9999 -9999 -9999 -9999 -9999 -9999 0.151209107041359 0.130143105983734 0.17045978307724 0.0741631388664246 0.0393775034695864 0.031331954151392 0.0320868082344532 0.0548127077519894 0.0750492505729198 0.0902659192681313 0.102371861040592 0.102806897461414 0.0786147356033325 0.0936967685818672 0.130457618832588 0.194044569134712 0.0572535254061222 0.0505396220833063 0.050917811319232 0.0678143948316574 0.131593199074268 0.158727593719959 0.146953815221786 0.128034356236458 0.12972107231617 0.144512997567654 0.140241605043411 0.308397731184959 0.284542310237885
-9999 -9999 -9999 -9999 -9999 -9999 -9999 -9999 -9999 -9999 -9999 -9999 -9999 -9999 -9999 -9999 -9999 -9999 -9999 -9999 -9999 -9999 -9999 -9999 -9999 -9999 -9999 0.145623531937599 0.117183481901884 0.179501891136169 0.0613970682024956 0.0357136704027653 0.0307143561542034 0.0335351452231407 0.0678367167711258 0.0831878378987312 0.0921507865190506 0.100815176963806 0.0748209424316883 0.0782703302800655 0.0952304437756538 0.131179139018059 0.188653787970543 0.0546894453465939 0.141053514182568 0.137933778762817 0.0588184915482998 0.081744085252285 0.111414737999439 0.0931700050830841 0.0902689471840858 0.0919780939817429 0.128634344041347 0.127055689692497 0.244229403138161 0.252976679801941
-9999 -9999 -9999 -9999 -9999 -9999 -9999 -9999 -9999 -9999 -9999 -9999 -9999 -9999 -9999 -9999 -9999 -9999 -9999 -9999 -9999 -9999 -9999 -9999 -9999 -9999 -9999 0.135790079087019 0.109939302504063 0.153507174551487 0.0527612671256065 0.0318851478397846 0.0301523484289646 0.0346293866634369 0.070605131983757 0.0843024477362633 0.083492086827755 0.0537006661295891 0.0571511566638947 0.0705968223512173 0.0919918671250343 0.123459525406361 0.158983013033867 0.137548717856407 0.129587607085705 0.126129612326622 0.158726805448532 0.203237101435661 0.231260502338409 0.237489277124405 0.227862441539764 0.235921114683151 0.235302579402924 0.229111805558205 0.220074650645256 0.258378985524178
-9999 -9999 -9999 -9999 -9999 -9999 -9999 -9999 -9999 -9999 -9999 -9999 -9999 -9999 -9999 -9999 -9999 -9999 -9999 -9999 -9999 -9999 -9999 -9999 -9999 -9999 -9999 0.139538903534412 0.102708029747009 0.118369813263416 0.0418841153383255 0.0274571213871241 0.0283754926174879 0.0333273123949766 0.0659821949899197 0.0766221769154072 0.0648883499205112 0.0431565023958683 0.0482467539608479 0.0654259324073792 0.0898360595107079 0.117114102840424 0.140643079578877 0.161791333556175 0.1647754997015 0.169446864724159 0.166710519790649 0.200481167435646 0.22451636493206 0.237120962142944 0.227730485796928 0.228356620669365 0.216391038894653 0.235618299245834 0.25725791156292 0.2450818836689
-9999 -9999 -9999 -9999 -9999 -9999 -9999 -9999 -9999 -9999 -9999 -9999 -9999 -9999 -9999 -9999 -9999 -9999 -9999 -9999 -9999 -9999 -9999 -9999 -9999 -9999 -9999 0.147380316257477 0.106731041520834 0.0904418617486954 0.0360785990953445 0.0233163256198168 0.026051359064877 0.0318673130124807 0.0591237060725689 0.0609673663973808 0.0417700380086899 0.0392721049487591 0.0469909973442555 0.0682969316840172 0.0945983126759529 0.113320916891098 0.133294665813446 0.154566329717636 0.177202391624451 0.215773087739944 0.234948694705963 0.218918561935425 0.242251041531563 0.342540323734283 0.405837500095367 0.297659340500832 0.2698401927948 0.255140829086304 0.247700241208076 0.247385740280151
-9999 -9999 -9999 -9999 -9999 -9999 -9999 -9999 -9999 -9999 -9999 -9999 -9999 -9999 -9999 -9999 -9999 -9999 -9999 -9999 -9999 -9999 -9999 -9999 -9999 -9999 -9999 0.164869385957718 0.178678558766842 0.0658269815146923 0.029999465867877 0.0191461069509387 0.02353904992342 0.0297930415719748 0.0396774969995022 0.0484590590000153 0.036967459321022 0.037531753256917 0.0488525122404099 0.0716357745230198 0.0958359703421593 0.111192889511585 0.123490992188454 0.141412074863911 0.166215085983276 0.202822309732437 0.223228159546852 0.253564161062241 0.283325162529945 0.387085819244385 0.403503733873367 0.354877251386642 0.262078028917313 0.24718479514122 0.245671647787094 0.247517514228821
-9999 -9999 -9999 -9999 -9999 -9999 -9999 -9999 -9999 -9999 -9999 -9999 -9999 -9999 -9999 -9999 -9999 -9999 -9999 -9999 -9999 -9999 -9999 -9999 -9999 -9999 -9999 0.286349529027939 0.202381031215191 0.0498590759932995 0.0222786888480186 0.015409535355866 0.0211504111066461 0.0287888951599598 0.0344774797558784 0.0485962945967913 0.0371148508042097 0.0410355154424906 0.0552970424294472 0.0785896554589272 0.0952001109719276 0.106584332883358 0.115627601742744 0.12670161575079 0.136028455197811 0.146890403330326 0.178514128923416 0.204077461361885 0.23200218975544 0.267368188500404 0.341317543387413 0.268682861328125 0.244783580303192 0.235491317510605 0.239847281575203 0.242961937189102
-9999 -9999 -9999 -9999 -9999 -9999 -9999 -9999 -9999 -9999 -9999 -9999 -9999 -9999 -9999 -9999 -9999 -9999 -9999 -9999 -9999 -9999 -9999 -9999 -9999 -9999 -9999 0.284065222740173 0.182607591152191 0.0417525678873062 0.0198608327656984 0.0148264618590474 0.021137210726738 0.0298174735158682 0.0360986407846212 0.0549288414418697 0.0649875909090042 0.063611014187336 0.0763129867613316 0.0962778955698013 0.102471317350864 0.106695692241192 0.112732093036175 0.120177410542965 0.126689845323563 0.132680907845497 0.156230276823044 0.178594398498535 0.203734341263771 0.231968235969543 0.245262217521667 0.243690219521523 0.231375500559807 0.229034823179245 0.235571080446243 0.23810273706913
-9999 -9999 -9999 -9999 -9999 -9999 -9999 -9999 -9999 -9999 -9999 -9999 -9999 -9999 -9999 -9999 -9999 -9999 -9999 -9999 -9999 -9999 -9999 -9999 -9999 -9999 0.325780647993088 0.258970955014229 0.166702833771706 0.0354627247899771 0.0198491498827934 0.0168122130446136 0.0224256869405508 0.032623890414834 0.0446875676512718 0.064285334944725 0.0841851323843002 0.12559597492218 0.166061906516552 0.121380461752415 0.112932579219341 0.113513259589672 0.113618411123753 0.118290536105633 0.125351184606552 0.137233629822731 0.154138058423996 0.175097346305847 0.19476512670517 0.208792045712471 0.217359581589699 0.2238245844841 0.223359343409538 0.226425433158875 0.231652429699898 0.234803175926209
-9999 -9999 -9999 -9999 -9999 -9999 -9999 -9999 -9999 -9999 -9999 -9999 -9999 -9999 -9999 -9999 -9999 -9999 -9999 -9999 -9999 -9999 -9999 -9999 -9999 -9999 0.303507497906685 0.232989752292633 0.121009558439255 0.0252703830599785 0.0218251720070839 0.0202176434919238 0.0244310654699802 0.0348732564598322 0.0448483780026436 0.0790832243859768 0.106814749538898 0.150713583827019 0.193947356939316 0.143165269494057 0.132155323028564 0.126124379038811 0.122567191720009 0.123698984086514 0.131892059743404 0.142326256632805 0.15640242099762 0.170063817501068 0.184289303421974 0.196562379598618 0.204730641841888 0.211359456181526 0.214582100510597 0.218897011876106 0.224004349112511 0.223665422201157
-9999 -9999 -9999 -9999 -9999 -9999 -9999 -9999 -9999 -9999 -9999 -9999 -9999 -9999 -9999 -9999 -9999 -9999 -9999 -9999 -9999 -9999 -9999 -9999 -9999 -9999 0.262380820512772 0.17395840883255 0.0443174798041582 0.0210240814834833 0.022992592304945 0.0243779327720404 0.0276246765628457 0.0408647127449513 0.08589723482728 0.100065532326698 0.137992243468761 0.170855724811554 0.20301029086113 0.161766493320465 0.155803248286247 0.149498435854912 0.13897171318531 0.138322402536869 0.147877478599548 0.150031268596649 0.162770801782608 0.167788407206535 0.17372612953186 0.185250326991081 0.196343043446541 0.20163089632988 0.204895457625389 0.21032503247261 0.214100873470306 0.213059955835342
-9999 -9999 -9999 -9999 -9999 -9999 -9999 -9999 -9999 -9999 -9999 -9999 -9999 -9999 -9999 -9999 -9999 -9999 -9999 -9999 -9999 -9999 -9999 -9999 -9999 -9999 0.220836764574051 0.11273215264082 0.0252738617360592 0.0191530993208289 0.0256135413423181 0.0280288241803646 0.0415128838270903 0.0665545590221882 0.147111633419991 0.162619043886662 0.196702611446381 0.20868556201458 0.209701091051102 0.232977244257927 0.220355388522148 0.185944071412086 0.170229536294937 0.17013786137104 0.18737878203392 0.200108668208122 0.186800444126129 0.167985621094704 0.164120718836784 0.171751755475998 0.183483111858368 0.191287410259247 0.197233247756958 0.202902513742447 0.205797165632248 0.205726504325867
-9999 -9999 -9999 -9999 -9999 -9999 -9999 -9999 -9999 -9999 -9999 -9999 -9999 -9999 -9999 -9999 -9999 -9999 -9999 -9999 -9999 -9999 -9999 -9999 -9999 0.321189051866531 0.185462665557861 0.0555975779891014 0.0154281915165484 0.0211254701018333 0.0275691730901599 0.0353409320116043 0.0690602585673332 0.164835880696774 0.197021013498306 0.236208012700081 0.25779410302639 0.25601834654808 0.238300347328186 0.288202655315399 0.331183314323425 0.286172679066658 0.199614775180817 0.204454532265663 0.306557911634445 0.354815953969955 0.269087958335876 0.168135750293732 0.153057783842087 0.159046196937561 0.170655053853989 0.180428642034531 0.188341379165649 0.193983590602875 0.194990795850754 0.244927406311035
-9999 -9999 -9999 -9999 -9999 -9999 -9999 -9999 -9999 -9999 -9999 -9999 -9999 -9999 -9999 -9999 -9999 -9999 -9999 -9999 -9999 -9999 -9999 -9999 -9999 0.285909751057625 0.14050961881876 0.0234599694609642 0.014458049274981 0.0222127372398973 0.0302523436024785 0.049681131541729 0.13754938095808 0.209840708971024 0.239925548434258 0.263824740052223 0.286160284280777 0.313029545545578 0.299176052212715 0.304199761152267 0.317624199390411 0.288610827922821 0.254540967941284 0.279074332118034 0.320488315820694 0.348777234554291 0.28998156785965 0.167282345890999 0.148261198401451 0.149799892306328 0.162253358960152 0.168258702754974 0.173274117708206 0.178632092475891 0.180421701073647 0.22530851662159
-9999 -9999 -9999 -9999 -9999 -9999 -9999 -9999 -9999 -9999 -9999 -9999 -9999 -9999 -9999 -9999 -9999 -9999 -9999 -9999 -9999 -9999 -9999 -9999 -9999 0.260030043125153 0.1012754753232 0.0164128733798862 0.0172612773254514 0.0241217968985438 0.0351825375109911 0.0641453437507153 0.167413221299648 0.239277416467667 0.267986962199211 0.260855132341385 0.281270724534988 0.3177954018116 0.303805574774742 0.297163254022598 0.296696978807449 0.27066770195961 0.185051521658897 0.186007562279701 0.286982250213623 0.333764761686325 0.24718242585659 0.151840254664421 0.137560278177261 0.141233202815056 0.152741798758507 0.155595609545708 0.158162730932236 0.162392804026604 0.146404848992825 0.167109653353691
-9999 -9999 -9999 -9999 -9999 -9999 -9999 -9999 -9999 -9999 -9999 -9999 -9999 -9999 -9999 -9999 -9999 -9999 -9999 -9999 -9999 -9999 -9999 -9999 -9999 0.245680251717567 0.0987348288297653 0.0179664207622409 0.019394738227129 0.0250374648720026 0.0458474904298782 0.0762943208217621 0.176668001711369 0.255055797100067 0.270308309793472 0.25707340836525 0.261165887117386 0.260906147956848 0.242180925607681 0.26101185977459 0.273730376362801 0.242984315752983 0.153524538874626 0.145268103480339 0.153980192542076 0.159355279803276 0.149321833252907 0.135360383987427 0.130327551066875 0.131593327224255 0.137014378607273 0.140711636841297 0.144435761868954 0.149472123384476 0.133767651021481 0.164645905792713
-9999 -9999 -9999 -9999 -9999 -9999 -9999 -9999 -9999 -9999 -9999 -9999 -9999 -9999 -9999 -9999 -9999 -9999 -9999 -9999 -9999 -9999 -9999 -9999 -9999 0.229139304161072 0.106873075664043 0.0205957815051079 0.0192363288253546 0.029021904990077 0.0555717617273331 0.0869964867830277 0.185801331698895 0.261770665645599 0.263323989510536 0.246304589509964 0.24112474322319 0.215751299262047 0.196516680717468 0.230087378621101 0.248617085814476 0.196384370326996 0.1221455976367 0.10979768037796 0.110222555696964 0.106449314951897 0.115382595360279 0.118081703782082 0.119922934472561 0.121413266658783 0.123179383575916 0.127865865826607 0.131920182704926 0.105382838100195 0.138807721436024 0.150932446122169
-9999 -9999 -9999 -9999 -9999 -9999 -9999 -9999 -9999 -9999 -9999 -9999 -9999 -9999 -9999 -9999 -9999 -9999 -9999 -9999 -9999 -9999 -9999 -9999 -9999 0.209845730662346 0.102929528057575 0.024792318791151 0.0211955035105348 0.0305842004716396 0.0567080855369568 0.0884791925549507 0.194941464066505 0.263417193293571 0.253210717439652 0.236249095201492 0.226885291934013 0.209228008985519 0.190918633341789 0.202364021539688 0.208786973357201 0.126770284771919 0.0968105882406235 0.086531038582325 0.0892803847789764 0.0949901714920998 0.0998991370201111 0.10392247736454 0.10833692252636 0.110777485370636 0.112769350409508 0.116177141666412 0.119873583316803 0.0962053850293159 0.128606700897217 0.138558223843575
-9999 -9999 -9999 -9999 -9999 -9999 -9999 -9999 -9999 -9999 -9999 -9999 -9999 -9999 -9999 -9999 -9999 -9999 -9999 -9999 -9999 -9999 -9999 -9999 -9999 0.201860898733139 0.107614740729332 0.0246427599340677 0.0210048921406269 0.0303199414163828 0.0543792575597763 0.0840395078063011 0.182192614674568 0.232287827134132 0.238427898287773 0.224613094329834 0.21470462679863 0.18761305809021 0.171637146174908 0.177877412736416 0.179676428437233 0.106169365346432 0.0810506977140903 0.0744874589145184 0.080429857224226 0.0867853224277496 0.0920733124017716 0.0954756945371628 0.0993704363703728 0.101025153696537 0.10376490354538 0.108302268385887 0.111781877279282 0.0894643656909466 0.119552986323833 0.130218946933746
-9999 -9999 -9999 -9999 -9999 -9999 -9999 -9999 -9999 -9999 -9999 -9999 -9999 -9999 -9999 -9999 -9999 -9999 -9999 -9999 -9999 -9999 -9999 -9999 -9999 0.198254925012589 0.111012910306454 0.0221976576372981 0.0185610350221396 0.026940593868494 0.049666765332222 0.0723982848227024 0.10155354142189 0.164134280383587 0.185492032766342 0.173548406362534 0.167537362873554 0.118917264044285 0.100673313438892 0.140296231210232 0.107460574805737 0.0921691074967384 0.0750183187425137 0.0702973194420338 0.0748729549348354 0.0816046200692654 0.0854732736945152 0.0878727152943611 0.0911796599626541 0.093100517988205 0.0960927799344063 0.100637945532799 0.106198284029961 0.0858804799616337 0.115075386315584 0.124444633722305
-9999 -9999 -9999 -9999 -9999 -9999 -9999 -9999 -9999 -9999 -9999 -9999 -9999 -9999 -9999 -9999 -9999 -9999 -9999 -9999 -9999 -9999 -9999 -9999 -9999 0.213729611039162 0.122089967131615 0.024136846140027 0.0172731949016452 0.0240188473835588 0.0412096928805113 0.0586313232779503 0.0780463591217995 0.0966340750455856 0.100957041978836 0.0948630541563034 0.0961672455072403 0.0897063389420509 0.0899807423353195 0.13261543661356 0.101433870196342 0.0883673191070557 0.0721734553575516 0.0676637187600136 0.0723775967955589 0.0776606097817421 0.0803696401417255 0.081223338842392 0.0835791051387787 0.0856819361448288 0.0888535931706429 0.0938407510519028 0.0987932503223419 0.0790157482028007 0.081137627363205 0.117420798540115
-9999 -9999 -9999 -9999 -9999 -9999 -9999 -9999 -9999 -9999 -9999 -9999 -9999 -9999 -9999 -9999 -9999 -9999 -9999 -9999 -9999 -9999 -9999 -9999 -9999 0.232365074753761 0.132324288785458 0.0296121425926685 0.0175437491387129 0.0219867466017604 0.031838459149003 0.046037744358182 0.0639265798032284 0.0784238778054714 0.0870677888393402 0.0913226440548897 0.089138263463974 0.0874777585268021 0.0926622495055199 0.134558722376823 0.154388885200024 0.0924372255802155 0.0723464205861092 0.0667286865413189 0.0703303128480911 0.0750334911048412 0.0760795086622238 0.0754277192056179 0.0778636448085308 0.0806239083409309 0.0834828794002533 0.0896217927336693 0.0895864531397819 0.0997431546449661 0.109544324874878 0.115188197046518
-9999 -9999 -9999 -9999 -9999 -9999 -9999 -9999 -9999 -9999 -9999 -9999 -9999 -9999 -9999 -9999 -9999 -9999 -9999 -9999 -9999 -9999 -9999 -9999 0.26868312060833 0.22518775165081 0.140425635874271 0.0558374404907227 0.0184163639321923 0.0221885131672025 0.0298607736825943 0.0407038319855928 0.0542596854269505 0.0668019436299801 0.0758875705301762 0.0809902474284172 0.0813063427805901 0.0814868628978729 0.0888059139251709 0.137014615535736 0.161707554757595 0.0981179609894753 0.0760783739387989 0.0685536332428455 0.0701974973082542 0.0734532281756401 0.0732098579406738 0.072997223585844 0.0767988532781601 0.0829334706068039 0.0884558498859405 0.0914278700947762 0.0924041196703911 0.141754199564457 0.161584848165512 0.170169088244438
