meets/meet004/_saidas_enm/ensemble_aver_Aralia_warmingiana_CCSM_0k_Maha.asc
NCOLS 154 
NROWS 168 
XLLCORNER -112 
YLLCORNER -55.5 
CELLSIZE 0.5 
NODATA_value -9999 
[rows 75 to 99 of 168, columns 56 to 111 of 154]
-9999 -9999 -9999 -9999 -9999 -9999 -9999 -9999 -9999 -9999 -9999 -69.5361991882324 -88.1558395385742 -80.5177139282227 -64.2768295288086 -39.2801002502441 -13.4448261260986 -1.87796080112457 -2.17062640190125 -4.34563541412354 -5.69945230484009 -5.2668933391571 -5.11773138046265 -5.21418862342834 -4.49305765628815 -4.02984240055084 -3.86948175430298 -3.79473652839661 -3.73293035030365 -3.49318623542786 -3.47676141262054 -3.55906718969345 -3.68106803894043 -3.5609831571579 -3.1873031437397 -2.9649837076664 -2.69814237356186 -2.54976869821548 -2.08817484974861 -1.64874217901379 -1.47278919573873 -1.2682364307344 -1.34126248620451 -1.56564031243324 -1.83393182754517 -2.46515970230103 -3.01145262718201 -4.04702615737915 -5.42743072509766 -7.0955060005188 -9.03288383483887 -10.1303371429443 -11.2392026901245 -11.5808313369751 -10.9508508682251 -10.6889207839966
-9999 -9999 -9999 -9999 -9999 -9999 -9999 -9999 -9999 -9999 -9999 -66.156591796875 -70.1620559692383 -66.5271087646484 -63.564998626709 -48.3033187866211 -22.784693145752 -3.72352352142334 -1.41140418052673 -1.73861110210419 -5.31819324493408 -4.99131541252136 -4.2073992729187 -4.50132741928101 -4.223384141922 -4.34632823467255 -4.08489501476288 -3.97102599143982 -3.9801735162735 -3.8592321395874 -3.93973445892334 -4.06793957948685 -4.13201179504395 -3.97003556489944 -3.53343832492828 -3.08849564790726 -2.8946980714798 -2.54801970124245 -2.23448051810265 -1.62727659866214 -1.06731626987457 -0.926508468389511 -0.893537163734436 -0.87108274102211 -0.917937281727791 -1.1476530790329 -1.63749735355377 -2.33640084266663 -3.24191579818726 -4.51838932037353 -5.94341888427734 -6.97465744018555 -7.90401754379272 -8.44958276748657 -8.66061477661133 -9.86651573181152
-9999 -9999 -9999 -9999 -9999 -9999 -9999 -9999 -9999 -9999 -9999 -9999 -69.5324440002441 -63.9903984069824 -58.2136329650879 -46.7253303527832 -32.6286228179932 -19.0496921539307 -7.17178325653076 -2.43456625938416 -1.81081902980804 -2.34474229812622 -3.93252959251404 -4.20038013458252 -3.7964019536972 -3.69421234130859 -3.76520376205444 -4.00621976852417 -4.27082617282867 -4.38244786262512 -4.49545667171478 -4.56733212471008 -4.56350491046905 -4.48086001873016 -4.10364437103271 -3.64474883079529 -3.35230585932732 -3.03975003957748 -2.59460039138794 -2.08177908658981 -1.6645112067461 -1.3589852691628 -1.37820710837841 -1.26468219310045 -0.863136755302548 -0.625872588530183 -0.803078371286392 -1.18195571899414 -1.54586975574493 -2.23346028327942 -3.22555117607117 -3.95996675491333 -4.69086856842041 -5.51348085403442 -6.34303207397461 -7.86112442016602
-9999 -9999 -9999 -9999 -9999 -9999 -9999 -9999 -9999 -9999 -9999 -9999 -76.110026550293 -67.3206741333008 -48.6507873535156 -39.957292175293 -50.1337867736816 -55.8886993408203 -43.304808807373 -19.4053035736084 -3.07524375915527 -1.4524466753006 -2.89775767326355 -4.19398941993713 -2.93617386817932 -2.78161730766296 -3.46002128124237 -4.17428505420685 -4.78472466468811 -5.12216835021973 -5.3741747379303 -5.43687880039215 -5.45057697296143 -5.29064316749573 -4.79261856079102 -4.51718962192535 -4.36282209157944 -4.11639103889465 -3.59957610368729 -2.85308158993721 -2.37936042547226 -2.27488721609116 -2.40655195713043 -2.2136194229126 -1.48142811655998 -1.15027378946543 -0.86588162779808 -0.904425412416458 -0.817445224523544 -0.985808670520782 -1.61958403587341 -2.10998511314392 -2.77752766609192 -3.4293954372406 -4.79331331253052 -6.88689212799072
-9999 -9999 -9999 -9999 -9999 -9999 -9999 -9999 -9999 -9999 -9999 -9999 -9999 -72.3858329772949 -50.5376167297363 -56.4664978027344 -81.6224029541016 -114.214398193359 -110.728059387207 -79.6275939941406 -35.6552612304688 -6.94483556747437 -1.62533848285675 -3.09811992645264 -2.27547031641006 -2.35659409761429 -2.9245805978775 -4.64551420211792 -6.13233971595764 -6.13117737770081 -6.29830617904663 -6.33276844024658 -6.37266507148743 -6.21323466300964 -5.78002104759216 -5.52269384860992 -5.25451421737671 -5.15480148792267 -4.59704642295837 -3.8368908405304 -3.26749370098114 -2.9343834400177 -3.01787209510803 -2.54731782674789 -1.90669816732407 -1.52035802602768 -1.04307769536972 -0.824464356899261 -0.524829593300819 -0.386400252580643 -0.595617324113846 -0.844496130943298 -1.64962878227234 -2.89583659172058 -4.1800386428833 -5.85413722991943
-9999 -9999 -9999 -9999 -9999 -9999 -9999 -9999 -9999 -9999 -9999 -9999 -9999 -68.8648048400879 -53.9289192199707 -73.0923721313477 -113.468536376953 -195.176364135742 -204.129208374023 -151.685902404785 -113.124533081055 -43.1474990844727 -7.77830448150635 -8.46439504623413 -10.2461587905884 -3.32435784339905 -3.01014080047607 -4.81756052970886 -7.63875370025635 -7.48676958084106 -7.47254076004028 -7.8844066619873 -7.41158685684204 -7.17875108718872 -6.79227609634399 -6.68763499259949 -6.04577651023865 -5.76262080669403 -5.40745093822479 -4.71369161605835 -4.27814495563507 -3.49486554861069 -3.23558610677719 -2.69871485233307 -1.99117490053177 -1.73822128772736 -1.2081130027771 -0.921359574794769 -0.6091812312603 -0.426821832358837 -0.398357224464417 -0.964179503917694 -1.76127820014954 -2.68042187690735 -3.61823425292969 -5.06904411315918
-9999 -9999 -9999 -9999 -9999 -9999 -9999 -9999 -9999 -9999 -9999 -9999 -9999 -9999 -51.7670875549316 -71.1121200561523 -120.15574798584 -202.784378051758 -225.031982421875 -196.72903137207 -156.032792663574 -110.051121520996 -73.6625381469727 -60.6405792236328 -43.3857772827148 -30.5668701171875 -17.4431644439697 -8.57417860031128 -8.49029169082642 -7.38243999481201 -9.13083524703979 -8.21888246536255 -8.33049373626709 -8.31677780151367 -7.35953521728516 -6.96733913421631 -6.31188516616821 -5.85050518512726 -5.36884005069733 -4.86466448307037 -4.31903083324432 -3.61626350879669 -3.04361080527306 -2.50879038572311 -1.83561432957649 -1.61012036800385 -1.33130171298981 -1.43734381198883 -1.3115490436554 -1.07263739109039 -1.16167726516724 -1.37007341384888 -1.87460834980011 -2.35943112373352 -2.58796899318695 -3.24031348228455
-9999 -9999 -9999 -9999 -9999 -9999 -9999 -9999 -9999 -9999 -9999 -9999 -9999 -9999 -49.6479362487793 -56.4533843994141 -104.340829467773 -173.496276855469 -216.498892211914 -221.008032226563 -209.344061279297 -211.295166015625 -224.40149230957 -212.22822265625 -143.270617675781 -117.867015075684 -64.4750091552734 -28.8654922485352 -19.5876682281494 -10.3367422103882 -10.5509951591492 -7.96293172836304 -8.06065244674683 -8.70789051055908 -7.65431270599365 -7.31576070785522 -6.36656126976013 -5.85042929649353 -5.17821741104126 -4.49078727960587 -4.16883367300034 -3.45196372866631 -3.06541159749031 -2.66400904655457 -2.2204954624176 -1.89392348527908 -1.8465457201004 -2.04822816848755 -2.070805311203 -1.66135067939758 -1.8957567691803 -1.63849701881409 -1.84604518413544 -1.93675174713135 -1.64765915870667 -1.62295563220978
-9999 -9999 -9999 -9999 -9999 -9999 -9999 -9999 -9999 -9999 -9999 -9999 -9999 -9999 -9999 -59.7256340026855 -79.8339691162109 -121.173652648926 -173.578668212891 -226.744616699219 -279.937789916992 -297.693914794922 -329.094360351562 -321.784466552734 -283.983264160156 -257.298175048828 -193.406875610352 -145.225180053711 -85.605403137207 -27.0375450134277 -7.58287286758423 -5.80801773071289 -6.7753719329834 -9.61355504989624 -8.03438243865967 -6.47484188079834 -6.0602961063385 -5.83071806430817 -5.09308099746704 -4.11821115612984 -3.31435760557652 -3.02342788502574 -3.18240506052971 -3.00503029823303 -2.54801717996597 -2.26304366588593 -2.16976041793823 -2.33135704994202 -2.11986718177795 -1.53888781070709 -1.24940702915192 -1.14452793598175 -1.21746978759766 -1.17899706363678 -1.01815093755722 -0.890101128816605
-9999 -9999 -9999 -9999 -9999 -9999 -9999 -9999 -9999 -9999 -9999 -9999 -9999 -9999 -9999 -55.6566558837891 -79.4569702148438 -85.6945922851562 -133.625718688965 -209.395431518555 -321.409182739258 -327.154138183594 -382.949237060547 -391.92001953125 -379.49228515625 -446.547729492188 -350.625329589844 -358.427386474609 -252.220761108398 -85.1167221069336 -21.2743576049805 -5.25210704803467 -7.23483848571777 -9.11900110244751 -7.74494338035583 -5.65797681808472 -6.17002410888672 -6.09659285545349 -5.36237010955811 -4.61313148736954 -3.7643158018589 -3.10747354328632 -3.37261276245117 -3.42379056215286 -2.81211251020432 -2.53585543632507 -2.43150103092194 -2.44579207897186 -1.95572521686554 -1.16260310411453 -0.621693342924118 -0.506996768712997 -0.543393087387085 -0.549258947372437 -0.528769218921661 -0.423096953332424
-9999 -9999 -9999 -9999 -9999 -9999 -9999 -9999 -9999 -9999 -9999 -9999 -9999 -9999 -9999 -23.4188179016113 -101.558529663086 -88.0784591674805 -105.49289855957 -147.030432128906 -209.661566162109 -265.362219238281 -314.580941772461 -333.291955566406 -321.455718994141 -325.794641113281 -334.016680908203 -337.829296875 -260.842459106445 -143.70188293457 -55.9567771911621 -8.64681081771851 -4.03784508705139 -5.34690070152283 -5.9539363861084 -6.48303990364075 -6.23403811454773 -5.92235884666443 -5.78489863872528 -5.50695948600769 -5.48139798641205 -3.61485440433025 -3.41593739688396 -3.59599606990814 -3.09627035856247 -2.59615790843964 -2.55135433673859 -2.44582557678223 -2.02714409828186 -1.19434807300568 -0.491225427389145 -0.484902596473694 -0.465976238250732 -0.529261952638626 -0.811653053760529 -0.640127408504486
-9999 -9999 -9999 -9999 -9999 -9999 -9999 -9999 -9999 -9999 -9999 -9999 -9999 -9999 -9999 -9999 -58.6744262695313 -122.295068359375 -105.070014953613 -105.258517456055 -132.474719238281 -184.663003540039 -234.931921386719 -267.229119873047 -265.328759765625 -266.966732788086 -290.662048339844 -322.27841796875 -273.753717041016 -189.03840637207 -107.627774047852 -34.1061534881592 -5.75094528198242 -5.33439321517944 -3.65137581825256 -4.69339876174927 -5.46313524246216 -5.40355167388916 -5.30324358940125 -5.01858493089676 -5.49770088195801 -3.38290544450283 -3.58124048113823 -3.79396225214005 -3.19677723646164 -2.60469671487808 -2.22560884952545 -2.20160295963287 -1.94236435890198 -1.55019677877426 -1.11735761165619 -1.12687819600105 -0.959931682422757 -1.08736984096468 -1.55478712320328 -1.5157155752182
-9999 -9999 -9999 -9999 -9999 -9999 -9999 -9999 -9999 -9999 -9999 -9999 -9999 -9999 -9999 -9999 -9999 -50.0719970703125 -147.467547607422 -117.563346862793 -108.185673522949 -132.651193237305 -176.917279052734 -219.168359375 -244.061953735352 -272.851025390625 -302.299932861328 -322.105508422852 -283.978244018555 -224.723049926758 -160.906146240234 -86.1776275634766 -34.0012874603271 -12.6124929428101 -5.24936180114746 -2.64753987789154 -2.97723585367203 -3.73403196334839 -4.69268929958344 -3.61040031015873 -3.16978200627491 -2.99138367737178 -3.33374421596527 -3.40394123792648 -2.85312748551369 -2.26890794932842 -1.87761143613607 -1.72281475067139 -1.81280618906021 -1.73526415228844 -1.87680726647377 -1.94720135033131 -2.32089520096779 -2.47636133432388 -2.62939754724503 -2.97502160072327
-9999 -9999 -9999 -9999 -9999 -9999 -9999 -9999 -9999 -9999 -9999 -9999 -9999 -9999 -9999 -9999 -9999 -9999 -9999 -169.122155761719 -154.37741394043 -141.327754211426 -152.457731628418 -192.947988891602 -233.958111572266 -268.456665039062 -309.616860961914 -333.740808105469 -302.400540161133 -253.719866943359 -208.254034423828 -143.12028503418 -95.0304626464844 -49.9056480407715 -15.5739049911499 -5.38034400939941 -3.55851883888245 -2.61186186075211 -3.49468262195587 -3.30906208753586 -3.51340394020081 -3.04383752346039 -2.98398958444595 -2.77610524892807 -2.44758435860276 -2.11196905076504 -1.81002190709114 -1.78902325034142 -2.05859586847946 -2.71835871934891 -3.7012202501297 -3.93011300563812 -4.64737324714661 -4.55318994522095 -4.04830236434937 -3.95164344310761
-9999 -9999 -9999 -9999 -9999 -9999 -9999 -9999 -9999 -9999 -9999 -9999 -9999 -9999 -9999 -9999 -9999 -9999 -9999 -9999 -9999 -174.372045898438 -157.404437255859 -160.298049926758 -187.572280883789 -243.049731445312 -278.698962402344 -307.271557617188 -302.559466552734 -265.350723266602 -232.799136352539 -188.217611694336 -160.808627319336 -115.446195983887 -56.0365585327148 -24.6427406311035 -9.7544641494751 -3.1503276348114 -2.27612200975418 -2.06321088075638 -2.57473968267441 -2.65319459438324 -2.32257108092308 -2.16328128278255 -2.02867197394371 -1.91117951869965 -1.68748749494553 -1.65985062122345 -2.05681389719248 -2.94265154600143 -4.15193271636963 -4.86991894245148 -5.23434777259827 -5.10222482681274 -4.66180078983307 -3.71259469985962
-9999 -9999 -9999 -9999 -9999 -9999 -9999 -9999 -9999 -9999 -9999 -9999 -9999 -9999 -9999 -9999 -9999 -9999 -9999 -9999 -9999 -9999 -9999 -154.978030395508 -148.158390808105 -174.056237792969 -218.169116210937 -254.722491455078 -275.678283691406 -268.849453735352 -259.458694458008 -221.609567260742 -210.712420654297 -178.001965332031 -124.032015991211 -73.3053405761719 -29.4762573242188 -7.91693077087402 -2.62558979988098 -0.977212071418762 -1.93871400356293 -1.91763087511063 -1.84516696333885 -1.77485299706459 -1.69724743366241 -1.57929149866104 -1.38983191251755 -1.38595405817032 -1.75930704474449 -2.79518175125122 -4.0474396944046 -4.73889186382294 -5.16942009925842 -5.24179201126099 -4.98815879821777 -4.60467579364777
-9999 -9999 -9999 -9999 -9999 -9999 -9999 -9999 -9999 -9999 -9999 -9999 -9999 -9999 -9999 -9999 -9999 -9999 -9999 -9999 -9999 -9999 -9999 -9999 -9999 -121.086364746094 -151.729335021973 -188.487860107422 -222.546499633789 -245.866461181641 -252.117797851562 -244.400827026367 -253.667965698242 -234.200747680664 -193.662341308594 -169.463330078125 -89.2546005249023 -41.3288482666016 -11.5960403442383 -1.48958795070648 0.0496524255839177 -1.87317688465118 -1.78654278516769 -1.83375913798809 -1.48942766189575 -1.25558582544327 -1.13194926977158 -1.07819994688034 -1.5310931801796 -2.60449610948563 -3.79981367588043 -4.63518915176392 -5.00155563354492 -5.231041264534 -5.56630091667175 -6.31664190292358
-9999 -9999 -9999 -9999 -9999 -9999 -9999 -9999 -9999 -9999 -9999 -9999 -9999 -9999 -9999 -9999 -9999 -9999 -9999 -9999 -9999 -9999 -9999 -9999 -9999 -162.633862304688 -148.921365356445 -154.028778076172 -177.023510742188 -212.668606567383 -232.329852294922 -248.210345458984 -269.257464599609 -252.453866577148 -216.11604309082 -190.200549316406 -132.282341003418 -81.8732803344727 -33.2737525939941 -5.60740242004394 0.308680599927902 -1.06520044803619 -1.27783458828926 -1.77510526776314 -1.64318491220474 -1.14100233316422 -1.06509056091309 -0.988457500934601 -1.33876382112503 -2.47233036607504 -3.84571418762207 -4.70182256698608 -4.99453608989716 -5.22633838653564 -5.69156045913696 -6.92750391960144
-9999 -9999 -9999 -9999 -9999 -9999 -9999 -9999 -9999 -9999 -9999 -9999 -9999 -9999 -9999 -9999 -9999 -9999 -9999 -9999 -9999 -9999 -9999 -9999 -9999 -9999 -9999 -164.552597045898 -153.929330444336 -174.892333984375 -202.538159179688 -230.92878112793 -246.432415771484 -248.482385253906 -225.340344238281 -193.647579956055 -147.540473937988 -109.812525939941 -55.1088821411133 -13.9939714431763 -0.1418791487813 0.0596668988466263 -0.689848238229752 -2.55700517892838 -1.83948307037354 -1.12321088314056 -1.176220703125 -1.15452523231506 -1.37699304819107 -2.55396910458803 -4.36181836128235 -4.92407259941101 -5.00462369918823 -5.06097037792206 -5.66190180778503 -6.96404929161072
-9999 -9999 -9999 -9999 -9999 -9999 -9999 -9999 -9999 -9999 -9999 -9999 -9999 -9999 -9999 -9999 -9999 -9999 -9999 -9999 -9999 -9999 -9999 -9999 -9999 -9999 -9999 -195.007623291016 -157.488375854492 -155.468368530273 -169.766046142578 -211.296105957031 -244.884457397461 -255.379629516602 -236.389849853516 -194.504931640625 -160.177407836914 -127.094299316406 -72.7696273803711 -25.5286525726318 -3.713001537323 -0.394291722774506 -1.48271436691284 -2.14217631816864 -2.44012244343758 -1.68257874250412 -1.75074151754379 -1.80235002040863 -2.18841067552567 -3.19568164944649 -4.43585779666901 -5.25443103313446 -5.39060173034668 -5.2101610660553 -5.4376606464386 -5.68970522880554
-9999 -9999 -9999 -9999 -9999 -9999 -9999 -9999 -9999 -9999 -9999 -9999 -9999 -9999 -9999 -9999 -9999 -9999 -9999 -9999 -9999 -9999 -9999 -9999 -9999 -9999 -9999 -9999 -166.650881958008 -134.956010437012 -133.508172607422 -185.387942504883 -243.422439575195 -267.233975219727 -241.060214233398 -192.26110534668 -164.435403442383 -140.81499786377 -91.4614715576172 -36.4969886779785 -6.79691820144653 -0.0238280542660505 -4.01782569885254 -4.07077188491821 -2.85981628224254 -2.82678145468235 -3.03830420076847 -3.44300471022725 -3.85541051328182 -4.22752469182015 -5.04649579524994 -5.41687579154968 -5.9582230091095 -5.72025394439697 -4.95510075092316 -4.24587364196777
-9999 -9999 -9999 -9999 -9999 -9999 -9999 -9999 -9999 -9999 -9999 -9999 -9999 -9999 -9999 -9999 -9999 -9999 -9999 -9999 -9999 -9999 -9999 -9999 -9999 -9999 -9999 -9999 -178.256903076172 -130.276988220215 -124.964691162109 -172.135827636719 -235.015982055664 -268.793948364258 -249.801248168945 -194.640374755859 -169.333868408203 -147.583015441895 -97.6282409667969 -41.5607429504395 -8.32683887481689 -0.0985551998019218 -3.53792777061462 -4.81869049072266 -4.92405624389648 -3.9103102684021 -4.6467858672142 -5.35266909599304 -5.72566602230072 -5.00086984634399 -5.02978074550629 -5.19577934741974 -5.83769388198853 -5.44222292900085 -4.00822305679321 -2.48164181113243
-9999 -9999 -9999 -9999 -9999 -9999 -9999 -9999 -9999 -9999 -9999 -9999 -9999 -9999 -9999 -9999 -9999 -9999 -9999 -9999 -9999 -9999 -9999 -9999 -9999 -9999 -9999 -9999 -190.651583862305 -126.31708984375 -115.422380065918 -165.343585205078 -238.280673217773 -277.800857543945 -255.173651123047 -192.934970092773 -172.150491333008 -151.800398254395 -101.334274291992 -44.7403274536133 -8.52470350265503 -0.0547895941883326 -3.63746604919434 -5.37023329734802 -6.83429231643677 -7.62601017951965 -6.15116095542908 -6.6487802028656 -7.16401495933533 -5.18001770973206 -4.66965420246124 -4.81028687953949 -5.58690781593323 -4.5442524433136 -2.56077842712402 -1.4002828001976
-9999 -9999 -9999 -9999 -9999 -9999 -9999 -9999 -9999 -9999 -9999 -9999 -9999 -9999 -9999 -9999 -9999 -9999 -9999 -9999 -9999 -9999 -9999 -9999 -9999 -9999 -9999 -9999 -189.855233764648 -128.029432678223 -117.632287597656 -168.892919921875 -244.165841674805 -286.883874511719 -274.77448425293 -218.500021362305 -183.959823608398 -151.528262329102 -92.8265167236328 -38.5876731872559 -6.78040981292725 -0.634249711036682 -4.28440008163452 -6.20929975509644 -9.04271144866943 -9.10265741348267 -7.87729635238647 -6.42050330638885 -5.75097985267639 -5.01155879497528 -4.5104065656662 -4.38578071594238 -3.98507322072983 -2.59286376237869 -1.17881065607071 -0.536700367927551
-9999 -9999 -9999 -9999 -9999 -9999 -9999 -9999 -9999 -9999 -9999 -9999 -9999 -9999 -9999 -9999 -9999 -9999 -9999 -9999 -9999 -9999 -9999 -9999 -9999 -9999 -9999 -9999 -194.324911499023 -131.86238861084 -118.221705627441 -180.979724121094 -257.385842895508 -298.918695068359 -285.089691162109 -243.048394775391 -190.400158691406 -143.68092956543 -84.8035461425781 -31.7950202941895 -4.51117992401123 -1.64090874195099 -4.14890532493591 -8.06261014938354 -10.8690690994263 -11.6011993408203 -9.2879891872406 -7.27457938194275 -5.73211300373077 -4.5855237364769 -5.31417593955994 -3.58932151794434 -2.61856546103954 -1.35842463076115 -0.40561406314373 -0.368623638153076
