meets/meet004/_saidas_enm/ensemble_aver_Aralia_warmingiana_CCSM_6k_SVM.asc
NCOLS 154 
NROWS 168 
XLLCORNER -112 
YLLCORNER -55.5 
CELLSIZE 0.5 
NODATA_value -9999 
[rows 100 to 124 of 168, columns 55 to 109 of 154]
-9999 -9999 -9999 -9999 -9999 -9999 -9999 -9999 -9999 -9999 -9999 -9999 -9999 -9999 -9999 -9999 -9999 -9999 -9999 -9999 -9999 -9999 -9999 -9999 -9999 -9999 -9999 -9999 -9999 0.131867873668671 0.198503182828426 0.0809238256886601 0.0391283262521029 0.0422058045864105 0.0467433072626591 0.045420116186142 0.0422255545854568 0.0393793996423483 0.0447352608665824 0.0853286860947264 0.285605411976576 0.721929782629013 0.764653992652893 0.341676235198975 0.0810762387700379 0.0411795824766159 0.0347722712904215 -0.0151149529963732 -0.0614729750901461 -0.0732037612237036 -0.0763088082894683 -0.0803308272734284 -0.0765633622184396 -0.064581236988306 -0.0378730405122042
-9999 -9999 -9999 -9999 -9999 -9999 -9999 -9999 -9999 -9999 -9999 -9999 -9999 -9999 -9999 -9999 -9999 -9999 -9999 -9999 -9999 -9999 -9999 -9999 -9999 -9999 -9999 -9999 -9999 0.124983055889606 0.177416598796844 0.0618231328204274 0.0384899666532874 0.0408933959901333 0.0441578708589077 0.0438793197274208 0.0435077093541622 0.0420587608590722 0.0490729484707117 0.0981947768479586 0.337216979451478 0.748246574401855 0.656278312206268 0.255871644616127 0.0419829469174147 0.0560997795313597 0.0658842513337731 0.0102588674984872 -0.0181527405977249 -0.0137409843504429 -0.0194671005010605 -0.0145731188356876 -0.0334429159760475 -0.0350165545009077 -0.0103925246745348
-9999 -9999 -9999 -9999 -9999 -9999 -9999 -9999 -9999 -9999 -9999 -9999 -9999 -9999 -9999 -9999 -9999 -9999 -9999 -9999 -9999 -9999 -9999 -9999 -9999 -9999 -9999 -9999 0.0845510010607541 0.114006872475147 0.165527506172657 0.0658216832904145 0.0377007931470871 0.03895646892488 0.0414506554603577 0.0433666609227657 0.0465513989329338 0.0453342678025365 0.0558270879089832 0.125643859541742 0.419670081138611 0.733747899532318 0.523923724889755 0.175521770119667 0.0105865814024583 0.0366078108549118 0.0839393794536591 0.0718278597574681 0.0492041904479265 0.0477537173777819 0.0406556159257889 0.0323799166828394 0.0142959266901016 -0.00290884971618652 0.0123425962403417
-9999 -9999 -9999 -9999 -9999 -9999 -9999 -9999 -9999 -9999 -9999 -9999 -9999 -9999 -9999 -9999 -9999 -9999 -9999 -9999 -9999 -9999 -9999 -9999 -9999 -9999 -9999 -9999 0.0838104121387005 0.110692070424557 0.159854041039944 0.0607550551183522 0.0367240485735238 0.0368727903813124 0.0397477373480797 0.0447148539125919 0.0508229669183493 0.047973133251071 0.0642676619812846 0.161495915800333 0.498769599199295 0.66040410399437 0.410359984636307 0.119888204336166 0.00140888111200184 0.0454264365136623 0.0938444372266531 0.117125105857849 0.125291895121336 0.11720377355814 0.116081926971674 0.105965193733573 0.0821248057764024 0.050915802270174 0.0606393584981561
-9999 -9999 -9999 -9999 -9999 -9999 -9999 -9999 -9999 -9999 -9999 -9999 -9999 -9999 -9999 -9999 -9999 -9999 -9999 -9999 -9999 -9999 -9999 -9999 -9999 -9999 -9999 -9999 0.085356291430071 0.115356510877609 0.147783127427101 0.0579852086491883 0.0360840125009418 0.0359712410718203 0.0390773341059685 0.0466506950557232 0.0523069817572832 0.0468424007296562 0.0819373483769596 0.217221800237894 0.575378531217575 0.633684635162354 0.35622386932373 0.142964808642864 0.0352594147901982 0.0600232154130936 0.11747610270977 0.128109256923199 0.14914118796587 0.181672364473343 0.200527784228325 0.203036126494408 0.177382080256939 0.164311549067497 0.173042386770248
-9999 -9999 -9999 -9999 -9999 -9999 -9999 -9999 -9999 -9999 -9999 -9999 -9999 -9999 -9999 -9999 -9999 -9999 -9999 -9999 -9999 -9999 -9999 -9999 -9999 -9999 -9999 -9999 0.0881489360705018 0.123742763698101 0.129380528628826 0.0474300103727728 0.0376116342842579 0.0372251402586699 0.0402164064347744 0.0474373660981655 0.0501608893275261 0.0472017578780651 0.0977370236068964 0.252512756362557 0.59202829003334 0.568979746103287 0.308638599514961 0.141037827730179 0.0552930986508727 0.0738260344602168 0.115673810243607 0.120692704617977 0.145354799926281 0.183165323734283 0.219054514169693 0.275915390253067 0.283287423849106 0.283779343962669 0.301665571331978
-9999 -9999 -9999 -9999 -9999 -9999 -9999 -9999 -9999 -9999 -9999 -9999 -9999 -9999 -9999 -9999 -9999 -9999 -9999 -9999 -9999 -9999 -9999 -9999 -9999 -9999 -9999 -9999 0.107680901885033 0.133326718211174 0.103786408156157 0.043074843659997 0.0415875487029552 0.0418642409145832 0.0428879268467426 0.0479572214186192 0.0458178967237473 0.0481214493513107 0.104216854274273 0.267168325185776 0.595029431581497 0.495335119962692 0.269727653264999 0.139624151587486 0.0725693929474801 0.0784013872034848 0.0936720214784145 0.12208603695035 0.142544151842594 0.17158505320549 0.215934997797012 0.263826876878738 0.320311066508293 0.382579261064529 0.413156282901764
-9999 -9999 -9999 -9999 -9999 -9999 -9999 -9999 -9999 -9999 -9999 -9999 -9999 -9999 -9999 -9999 -9999 -9999 -9999 -9999 -9999 -9999 -9999 -9999 -9999 -9999 -9999 -9999 0.144876234233379 0.142316672205925 0.0844725571572781 0.047154151648283 0.0473857425153255 0.0450817666947842 0.0446432262659073 0.0491655863821506 0.0467130459845066 0.0506965972483158 0.106562449783087 0.280836397409439 0.577809697389603 0.430898708105087 0.215017119050026 0.133148117363453 0.0933078419417143 0.097572323307395 0.108624493330717 0.137030583620071 0.158089628815651 0.186373800039291 0.218157950043678 0.26039921939373 0.321105113625526 0.389393365383148 0.478339630365372
-9999 -9999 -9999 -9999 -9999 -9999 -9999 -9999 -9999 -9999 -9999 -9999 -9999 -9999 -9999 -9999 -9999 -9999 -9999 -9999 -9999 -9999 -9999 -9999 -9999 -9999 -9999 -9999 0.186068761348724 0.149058139324188 0.0719906374812126 0.0543574921786785 0.052188578993082 0.0466785654425621 0.0447048239409924 0.0499646119773388 0.0507007852196693 0.0539741391316056 0.110432446748018 0.291522727906704 0.543087404966354 0.352356281876564 0.170270302891731 0.124587228894234 0.106784188002348 0.12355654835701 0.152579742670059 0.160837231576443 0.18649055659771 0.207435956597328 0.228510499000549 0.258974042534828 0.31905797123909 0.399521905183792 0.482981234788895
-9999 -9999 -9999 -9999 -9999 -9999 -9999 -9999 -9999 -9999 -9999 -9999 -9999 -9999 -9999 -9999 -9999 -9999 -9999 -9999 -9999 -9999 -9999 -9999 -9999 -9999 -9999 -9999 0.213077679276466 0.137413942813873 0.0692858081310987 0.0568266190588474 0.0536512769758701 0.0433421298861504 0.0417699582874775 0.0481671750545502 0.0499623790383339 0.0575851976871491 0.124200445413589 0.320180910825729 0.466338521242142 0.273960772156715 0.122507087141275 0.0952659577131271 0.0960073076188564 0.111789466440678 0.140038740634918 0.157200185954571 0.181896564364433 0.207381698489189 0.231134274601936 0.264922103285789 0.318902775645256 0.390767669677734 0.469414055347443
-9999 -9999 -9999 -9999 -9999 -9999 -9999 -9999 -9999 -9999 -9999 -9999 -9999 -9999 -9999 -9999 -9999 -9999 -9999 -9999 -9999 -9999 -9999 -9999 -9999 -9999 -9999 0.180534829199314 0.214663553237915 0.122812075912952 0.0676555493846536 0.0618489228188992 0.0569039300084114 0.0466489776968956 0.0423857200890779 0.0461174242198467 0.05032709389925 0.0683911181986332 0.153091092407703 0.295710891485214 0.321338137984276 0.149717645347118 0.0690751183778048 0.0531729953363538 0.0640379919670522 0.0785064920783043 0.0976246930658817 0.120218704640865 0.147753661870956 0.173013910651207 0.21943085193634 0.266678166389465 0.311170703172684 0.372714084386826 0.436598360538483
-9999 -9999 -9999 -9999 -9999 -9999 -9999 -9999 -9999 -9999 -9999 -9999 -9999 -9999 -9999 -9999 -9999 -9999 -9999 -9999 -9999 -9999 -9999 -9999 -9999 -9999 -9999 0.199882951378822 0.17893044501543 0.0941244557499886 0.0675213249400258 0.0680340826511383 0.0667139330878854 0.0576250461861491 0.051693924702704 0.050921824015677 0.0594104498624802 0.102905935794115 0.237891358137131 0.281856715679169 0.161224769055843 0.055355816707015 0.0165050946176052 0.0156182818114758 0.0238620325922966 0.0298308901488781 0.048724702745676 0.0749218837358057 0.112746177613735 0.150149343907833 0.195351096987724 0.247736659646034 0.304699167609215 0.365828490257263 0.432786625623703
-9999 -9999 -9999 -9999 -9999 -9999 -9999 -9999 -9999 -9999 -9999 -9999 -9999 -9999 -9999 -9999 -9999 -9999 -9999 -9999 -9999 -9999 -9999 -9999 -9999 -9999 -9999 0.207599920034409 0.122077472507954 0.0693134382367134 0.0662628616206348 0.0766356553882361 0.077382630109787 0.0716397389769554 0.0669422725215554 0.0727789759635925 0.0944019328802824 0.188734799623489 0.291288301348686 0.180706621706486 0.0657644737511873 0.000925322994589806 -0.014200097694993 -0.0135959751904011 -0.00800905264914036 0.000407038792036474 0.0109028678387403 0.0444440750405192 0.0918009199202061 0.13852401226759 0.180196760594845 0.227539712190628 0.28581650853157 0.35749351978302 0.420217204093933
-9999 -9999 -9999 -9999 -9999 -9999 -9999 -9999 -9999 -9999 -9999 -9999 -9999 -9999 -9999 -9999 -9999 -9999 -9999 -9999 -9999 -9999 -9999 -9999 -9999 -9999 -9999 0.1816850066185 0.0806923739612102 0.0563329271972179 0.0625010535120964 0.0773443549871445 0.0865735024213791 0.0907739082816988 0.108767489902675 0.141374931484461 0.191228464245796 0.264531806111336 0.207563126087189 0.0727497485466301 0.021967688575387 0.0141155686229467 -0.000344493426382542 -0.0096201229840517 -0.0100493934005499 -0.00273184962570667 0.00790719874203205 0.0295568654313684 0.0769067537039518 0.125957953929901 0.165787854790688 0.206368544697762 0.268888771533966 0.325459000468254 0.381515890359879
-9999 -9999 -9999 -9999 -9999 -9999 -9999 -9999 -9999 -9999 -9999 -9999 -9999 -9999 -9999 -9999 -9999 -9999 -9999 -9999 -9999 -9999 -9999 -9999 -9999 -9999 0.2992795586586 0.129770575463772 0.0616611283272505 0.0547482319176197 0.0581414692103863 0.0730289068073034 0.0900842053815722 0.131145787239075 0.172787602245808 0.205658835172653 0.231162360310555 0.2001389503479 0.0886383462697267 0.0132289743050933 0.0236069016158581 0.0593142852187157 0.0176735028624535 0.00911239748820663 0.0113694235798903 0.0199070263653994 0.043802089523524 0.0272237733006477 0.0625148707069457 0.113411182910204 0.15164382904768 0.179295155405998 0.23028370141983 0.283714583516121 0.329412373900414
-9999 -9999 -9999 -9999 -9999 -9999 -9999 -9999 -9999 -9999 -9999 -9999 -9999 -9999 -9999 -9999 -9999 -9999 -9999 -9999 -9999 -9999 -9999 -9999 -9999 -9999 0.233146998286247 0.0963722363114357 0.0559068411588669 0.0547031208872795 0.0572879992425442 0.0687587134540081 0.0950856392271817 0.145643329620361 0.184469777345657 0.19572671353817 0.182695916295052 0.136007696390152 0.0655849508941174 0.0265600312501192 0.0284645101055503 0.0506715901196003 0.0285313682630658 0.0181224120780826 0.0178482608869672 0.0356968035455793 0.0465153597295284 0.0233138779178262 0.0437693807296455 0.0876314997673035 0.127402015030384 0.153701888024807 0.19881933927536 0.242641913890839 0.284984478354454
-9999 -9999 -9999 -9999 -9999 -9999 -9999 -9999 -9999 -9999 -9999 -9999 -9999 -9999 -9999 -9999 -9999 -9999 -9999 -9999 -9999 -9999 -9999 -9999 -9999 -9999 0.198453637957573 0.0798842906951904 0.0556364186108112 0.0570047579705715 0.054418714158237 0.0661086625419557 0.0888598641264252 0.131686865538359 0.140631653368473 0.126940920948982 0.111698386073112 0.0962012246251106 0.0562718315515667 0.0366369985044003 0.0513123009353876 0.0478401616215706 0.029387418506667 0.0128112881444395 0.012617231765762 0.0285797160118818 0.0463073365390301 0.016678056307137 0.0305749451741576 0.0674125451594591 0.10079171359539 0.12332217246294 0.162925434112549 0.199971896409988 0.232725033164024
-9999 -9999 -9999 -9999 -9999 -9999 -9999 -9999 -9999 -9999 -9999 -9999 -9999 -9999 -9999 -9999 -9999 -9999 -9999 -9999 -9999 -9999 -9999 -9999 -9999 -9999 0.182713647186756 0.0764650069177151 0.0508084148168564 0.0485938340425491 0.0427230251953006 0.0489213589578867 0.0767777923319954 0.0975746415555477 0.0851496737450361 0.0760787807404995 0.0761536061763763 0.0649297535419464 0.0434117112657987 0.0349344071000814 0.0472232405096292 0.0567605364136398 0.0297532421536744 0.00765247917734087 5.10197132825851e-05 0.000616485439240932 0.00189725216478109 0.0030455194413662 0.0245373537763953 0.0548103142529726 0.0818428233265877 0.104556727409363 0.138443551957607 0.16625911295414 0.186786878108978
-9999 -9999 -9999 -9999 -9999 -9999 -9999 -9999 -9999 -9999 -9999 -9999 -9999 -9999 -9999 -9999 -9999 -9999 -9999 -9999 -9999 -9999 -9999 -9999 -9999 -9999 0.173005792498589 0.0763313241302967 0.047483041882515 0.0409985974431038 0.0299201568588614 0.0360327392816544 0.062113407702418 0.0664233492687345 0.0492640629410744 0.0601547181606293 0.0626826696097851 0.0556441575288773 0.0386141618480906 0.0306201497092843 0.0470627050846815 0.0544505780562758 0.0294629632495344 0.00164086762815714 -0.0061998039484024 -0.0096270315349102 -0.00936860404908657 -0.000165493786334991 0.0189026546198875 0.0428053708747029 0.0620561718940735 0.0847341775894165 0.109923969209194 0.133014498651028 0.146555797755718
-9999 -9999 -9999 -9999 -9999 -9999 -9999 -9999 -9999 -9999 -9999 -9999 -9999 -9999 -9999 -9999 -9999 -9999 -9999 -9999 -9999 -9999 -9999 -9999 -9999 -9999 0.160649353265762 0.0754920803010464 0.0456420265138149 0.0344663500785828 0.0223013411741704 0.0378711882978678 0.0534797317348421 0.0455355640500784 0.0386077873408794 0.0541955046355724 0.0648905858397484 0.0490695260465145 0.0345711032859981 0.0282870806753635 0.0342712720856071 0.0381065374240279 0.0161210630089045 -0.00609866231679916 -0.0122195437550545 -0.0123177133500576 -0.00874267220497131 -0.00188781209290028 0.0121671793982387 0.0307716230396181 0.0498898096382618 0.0715811401605606 0.0930274710059166 0.108261954784393 0.115587413311005
-9999 -9999 -9999 -9999 -9999 -9999 -9999 -9999 -9999 -9999 -9999 -9999 -9999 -9999 -9999 -9999 -9999 -9999 -9999 -9999 -9999 -9999 -9999 -9999 -9999 -9999 0.157460848987102 0.0714342892169952 0.0460834383964539 0.0342784956097603 0.0195801278227009 0.0321584839373827 0.0380292812362313 0.0282212661928497 0.0271054871380329 0.0419213108718395 0.0486712941899896 0.0377788940444589 0.0262215618044138 0.0195311171701178 0.0231981916353107 0.0241445815190673 0.00746481083333492 -0.0086809940636158 -0.0133774131536484 -0.0134306952357292 -0.00895047262310982 -0.00400094352662563 0.00518670920282602 0.0194327506702393 0.0373897101730108 0.0570485502481461 0.0721697762608528 0.0852895885705948 0.0899565622210503
-9999 -9999 -9999 -9999 -9999 -9999 -9999 -9999 -9999 -9999 -9999 -9999 -9999 -9999 -9999 -9999 -9999 -9999 -9999 -9999 -9999 -9999 -9999 -9999 -9999 -9999 0.152868297696114 0.068112126737833 0.045829152315855 0.0376430109143257 0.019191624969244 0.0212645555846393 0.0246544488705695 0.0152856533415616 0.0102688117884099 0.0157085745129734 0.0162055919878185 0.0150872179059661 0.0106188668869436 0.00959486314095557 0.0137105283327401 0.013785016303882 0.00279240123927593 -0.00827422477304935 -0.0130603764206171 -0.0135158512741327 -0.0105154372751713 -0.00673477835953236 0.00130471959710121 0.0140126168960705 0.0287080023437738 0.042913481965661 0.0589982330799103 0.0691085830330849 0.0720541134476662
-9999 -9999 -9999 -9999 -9999 -9999 -9999 -9999 -9999 -9999 -9999 -9999 -9999 -9999 -9999 -9999 -9999 -9999 -9999 -9999 -9999 -9999 -9999 -9999 -9999 -9999 0.150408831238747 0.0649817951023579 0.0427966579794884 0.0408379584550858 0.0216952830553055 0.0176308501511812 0.0154109048657119 0.00767920576035976 0.00218276046216488 0.00467455491889268 0.00581811531446874 0.00701159425079823 0.00552346608601511 0.00584932198980823 0.0119971475563943 0.010747203277424 0.0018088249489665 -0.00803040266036987 -0.0126919850707054 -0.0148366056382656 -0.0132641408592463 -0.010246442258358 -0.00233678482472897 0.011116283480078 0.0250507640652359 0.0391059823334217 0.0532401882112026 0.0619510434567928 0.0638640686869621
-9999 -9999 -9999 -9999 -9999 -9999 -9999 -9999 -9999 -9999 -9999 -9999 -9999 -9999 -9999 -9999 -9999 -9999 -9999 -9999 -9999 -9999 -9999 -9999 -9999 -9999 0.146456252038479 0.0651682585477829 0.0426120664924383 0.042397653311491 0.0226342350244522 0.0189027797430754 0.0149446345865726 0.00416677454486489 -0.00170151516795158 0.000557816866785288 0.00495701138861477 0.00446970784105361 0.00390302613377571 0.00542006874457002 0.00997427506372333 0.0106827666983008 0.00201264806091785 -0.00831175781786442 -0.0125751096755266 -0.0153843587264419 -0.015855541266501 -0.0146635284647346 -0.00568956881761551 0.00763919111341238 0.0229428464081138 0.044073186814785 0.0480379320681095 0.0555909134447575 0.049084684252739
-9999 -9999 -9999 -9999 -9999 -9999 -9999 -9999 -9999 -9999 -9999 -9999 -9999 -9999 -9999 -9999 -9999 -9999 -9999 -9999 -9999 -9999 -9999 -9999 -9999 0.124534270167351 0.135255758464336 0.0604701869189739 0.0439367461949587 0.0462787244468927 0.0249213322997093 0.0127580982982181 0.00976852979511023 0.00230270817410201 -0.00471343006938696 -0.00451221084222198 -0.000355575609137304 -0.000648866852861829 -0.000637431174982339 0.000537841790355742 0.00536840357817709 0.0103892631828785 0.000418414734303951 -0.00887468568980694 -0.0125945366919041 -0.015354984626174 -0.017291365750134 -0.0179823448881507 -0.0121321525424719 -0.00306576639413834 0.00631813453510404 0.0186658060410991 0.0246001932770014 0.0279273439198732 0.0100653939327458
