meets/meet004/_saidas_enm/ensemble_aver_Cavanillesia_umbellata_CCSM_6k_Maxent.asc
NCOLS 154 
NROWS 168 
XLLCORNER -112 
YLLCORNER -55.5 
CELLSIZE 0.5 
NODATA_value -9999 
[rows 75 to 99 of 168, columns 56 to 111 of 154]
-9999 -9999 -9999 -9999 -9999 -9999 -9999 -9999 -9999 -9999 -9999 0.311888265609741 0.277191460132599 0.229890844225883 0.234426075220108 0.274630489945412 0.337237501144409 0.364294725656509 0.366727352142334 0.416449719667435 0.396467143297195 0.273278111219406 0.251747125387192 0.245123744010925 0.250660303235054 0.255918592214584 0.260619956254959 0.122086039185524 0.0940975710749626 0.112961067259312 0.130438734591007 0.131536185741425 0.1383390635252 0.137336538732052 0.135670992732048 0.132410514354706 0.132554347813129 0.131029407680035 0.131672661006451 0.133274058997631 0.3389652967453 0.345295149087906 0.346437913179398 0.350906753540039 0.357666826248169 0.352120631933212 0.340336841344833 0.319431644678116 0.297210264205933 0.273074555397034 0.25018245279789 0.232834723591805 0.21933581829071 0.210476067662239 0.205591812729836 0.231869387626648
-9999 -9999 -9999 -9999 -9999 -9999 -9999 -9999 -9999 -9999 -9999 0.325635272264481 0.278540927171707 0.226686903834343 0.237314841151237 0.261877924203873 0.301018935441971 0.356525748968124 0.373312914371491 0.400568449497223 0.424650663137436 0.298643410205841 0.254969662427902 0.245542538166046 0.243021878600121 0.242197793722153 0.246345564723015 0.0873318508267403 0.0893302977085113 0.0905606806278229 0.091144922375679 0.0926823109388351 0.109069871902466 0.123143883049488 0.120308519899845 0.116946947574615 0.115711775422096 0.114091569930315 0.121476131677628 0.312664383649826 0.314245373010635 0.323323172330856 0.326623958349228 0.328226709365845 0.326091200113297 0.313635647296906 0.303339123725891 0.289481264352798 0.272884470224381 0.25495257973671 0.238664212822914 0.223991531133652 0.218733769655228 0.216777217388153 0.215933740139008 0.219278413057327
-9999 -9999 -9999 -9999 -9999 -9999 -9999 -9999 -9999 -9999 -9999 -9999 0.287290468811989 0.265938755869865 0.248270326852798 0.252490368485451 0.272487616539001 0.312500095367432 0.350931549072266 0.394036364555359 0.41247022151947 0.413821929693222 0.294217789173126 0.254452714323998 0.241706255078316 0.234557667374611 0.237765610218048 0.0848588421940804 0.0868296653032303 0.0872907117009163 0.0868284732103348 0.0880914807319641 0.0878599554300308 0.0876233235001564 0.0855562262237072 0.082519131153822 0.0804097510874271 0.078521491587162 0.0780854485929012 0.105225756764412 0.296858417987823 0.309694164991379 0.31855673789978 0.316938233375549 0.303846454620361 0.285526716709137 0.271525737643242 0.258659219741821 0.246398288011551 0.240510192513466 0.234575021266937 0.230255857110023 0.2250662535429 0.220352023839951 0.221337252855301 0.224079608917236
-9999 -9999 -9999 -9999 -9999 -9999 -9999 -9999 -9999 -9999 -9999 -9999 0.325027051568031 0.2761176019907 0.268128648400307 0.231429889798164 0.235685342550278 0.263162705302238 0.289785325527191 0.326690894365311 0.379757255315781 0.404034036397934 0.417439931631088 0.260860246419907 0.238066267967224 0.224207216501236 0.234948238730431 0.0850377783179283 0.0872269749641418 0.0865937098860741 0.0839878305792809 0.0852184414863586 0.0843156754970551 0.0830382630228996 0.0814048871397972 0.0788997180759907 0.0757826596498489 0.0718566589057446 0.0709144949913025 0.0716298744082451 0.0736771799623966 0.113310298323631 0.121988026052713 0.121259392797947 0.293287456035614 0.269732108712196 0.252913257479668 0.224003955721855 0.193594628572464 0.247813034057617 0.250280818343163 0.216295963525772 0.187227708101273 0.163875353336334 0.162635213136673 0.159818124771118
-9999 -9999 -9999 -9999 -9999 -9999 -9999 -9999 -9999 -9999 -9999 -9999 -9999 0.318549272418022 0.254264974594116 0.218744501471519 0.206453558802605 0.215271836519241 0.230235150456429 0.258251571655273 0.30543292760849 0.359578800201416 0.374708163738251 0.287418013811111 0.249455857276916 0.220407715439796 0.234113481640816 0.0866289377212524 0.0900698781013489 0.0897590115666389 0.0867380991578102 0.0862757131457329 0.0839107304811478 0.0814449414610863 0.0786016248166561 0.073535180836916 0.0709917634725571 0.0674633793532848 0.0663459457457066 0.0653355583548546 0.0665253028273582 0.086146991699934 0.11633807271719 0.118064128607512 0.298877936601639 0.276662254333496 0.236862495541573 0.207153156399727 0.208501049876213 0.210659539699554 0.212962621450424 0.210890039801598 0.204997658729553 0.201736903190613 0.172931790351868 0.136173413693905
-9999 -9999 -9999 -9999 -9999 -9999 -9999 -9999 -9999 -9999 -9999 -9999 -9999 0.380743485689163 0.259814023971558 0.188844107091427 0.18850756585598 0.182931445538998 0.184527084231377 0.207496389746666 0.232531729340553 0.287973949313164 0.343898767232895 0.335264474153519 0.351673060655594 0.275486934185028 0.241439604759216 0.0896028563380241 0.0940867617726326 0.0962551444768906 0.0926838085055351 0.094136717915535 0.0895689517259598 0.0855231836438179 0.0782623760402203 0.0701206095516682 0.070639768242836 0.0669837079942226 0.0643416546285152 0.0598790027201176 0.0580239661037922 0.0644192956387997 0.0898992747068405 0.113349106907845 0.295501440763474 0.287218844890594 0.189216434955597 0.207354816794395 0.193022492527962 0.194826501607895 0.198420909047127 0.197709175944328 0.197136986255646 0.18565374314785 0.156029903888702 0.118183796107769
-9999 -9999 -9999 -9999 -9999 -9999 -9999 -9999 -9999 -9999 -9999 -9999 -9999 -9999 0.293688702583313 0.207783776521683 0.194158889353275 0.176453718543053 0.171470172703266 0.188163009285927 0.218301965296268 0.258288598060608 0.304581078886986 0.333797413110733 0.353055220842361 0.386470967531204 0.384990119934082 0.275486439466476 0.0883878573775291 0.0981227084994316 0.105428947508335 0.139838778972626 0.100089311599731 0.0945175051689148 0.0859840124845505 0.0806234918534756 0.0794511809945107 0.0746024414896965 0.0695740923285484 0.0642623610794544 0.060193545371294 0.063241171836853 0.0670042045414448 0.0689588867127895 0.240830558538437 0.230214211344719 0.18637398481369 0.205186846852303 0.189887607097626 0.189242345094681 0.188673442602158 0.187458983063698 0.17077901661396 0.159933677315712 0.153313156962395 0.113137766718864
-9999 -9999 -9999 -9999 -9999 -9999 -9999 -9999 -9999 -9999 -9999 -9999 -9999 -9999 0.352682787179947 0.231331032514572 0.195800384879112 0.174338048696518 0.155641615390778 0.180039691925049 0.200834177434444 0.210284876823425 0.216769040375948 0.232899588346481 0.273157005757093 0.336673557758331 0.359465181827545 0.406017178297043 0.335941857099533 0.366824406385422 0.16736865490675 0.159949800372124 0.159394337236881 0.147164680063725 0.100636966526508 0.0919917240738869 0.0957639917731285 0.0906212940812111 0.0790202647447586 0.0710012592375278 0.0597409278154373 0.0599411346018314 0.0589786075055599 0.062789224088192 0.202286002039909 0.198507565259933 0.183306378126144 0.206516882777214 0.194112101197243 0.194256401062012 0.182144606113434 0.175231951475143 0.15312283039093 0.145192581415176 0.144690144062042 0.11538852751255
-9999 -9999 -9999 -9999 -9999 -9999 -9999 -9999 -9999 -9999 -9999 -9999 -9999 -9999 -9999 0.33994979262352 0.235504415631294 0.176562795042992 0.140461973845959 0.162613382935524 0.162831290066242 0.188381437957287 0.191761357709765 0.210742705315351 0.231450244784355 0.244649694114923 0.259789177775383 0.284563682228327 0.308883167803288 0.382186990976334 0.436533099412918 0.385484683513641 0.162359103560448 0.162195755541325 0.157471595704556 0.157246951758862 0.14482649564743 0.093272690474987 0.0868840485811233 0.0865917950868607 0.0859046950936317 0.0711939319968224 0.0584744185209274 0.0546390078961849 0.18201522231102 0.191660499572754 0.184239372611046 0.197256320714951 0.214284202456474 0.215623554587364 0.200959253311157 0.179299932718277 0.157460567355156 0.14806485325098 0.143980115652084 0.135342064499855
-9999 -9999 -9999 -9999 -9999 -9999 -9999 -9999 -9999 -9999 -9999 -9999 -9999 -9999 -9999 0.534447580575943 0.295653370022774 0.185479366779327 0.108122792840004 0.138726311922073 0.153085944056511 0.176884299516678 0.19150008559227 0.185385552048683 0.22247267216444 0.230374040454626 0.254128534346819 0.246702443063259 0.257026302814484 0.294243112206459 0.351213711500168 0.427264100313187 0.370490324497223 0.139684948325157 0.149039900302887 0.171204464137554 0.153228294849396 0.129877798259258 0.139978986978531 0.158581557869911 0.167386385798454 0.104070276021957 0.0601496905088425 0.051106172055006 0.172142606973648 0.188811203837395 0.186751842498779 0.187474244832993 0.237126982212067 0.231932920217514 0.224440425634384 0.20136730670929 0.175153058767319 0.165986081957817 0.156221085786819 0.141971176862717
-9999 -9999 -9999 -9999 -9999 -9999 -9999 -9999 -9999 -9999 -9999 -9999 -9999 -9999 -9999 0.599023449420929 0.39629807472229 0.263288968801498 0.145411390066147 0.106063600629568 0.081007569283247 0.112096530944109 0.133278629183769 0.168004344403744 0.185994716733694 0.21122210919857 0.240941622108221 0.258408807218075 0.262193083018064 0.264481773972511 0.288192251324654 0.366944134235382 0.367222487926483 0.079633828997612 0.0856809318065643 0.114428822696209 0.0923181712627411 0.130816891789436 0.147800052165985 0.177239185571671 0.192069658637047 0.12271883636713 0.0594720773398876 0.0496251486241817 0.149833983182907 0.179151454567909 0.191262304782867 0.201649263501167 0.23761323094368 0.2580203384161 0.266880801320076 0.255071839690208 0.211004680395126 0.202674409747124 0.193355536460876 0.202412784099579
-9999 -9999 -9999 -9999 -9999 -9999 -9999 -9999 -9999 -9999 -9999 -9999 -9999 -9999 -9999 -9999 0.499499398469925 0.30064123570919 0.218073344230652 0.0835542723536491 0.0321205534040928 0.0364335682243109 0.0402358572930098 0.0503953333944082 0.0675767678767443 0.0577370036393404 0.160574247688055 0.186700133234262 0.208596600592136 0.233672190457582 0.258379170298576 0.291395445168018 0.332912826538086 0.241176944971085 0.20747235417366 0.0762409448623657 0.0756442286074162 0.0858109384775162 0.122458547353745 0.152753050625324 0.178226426243782 0.0837654933333397 0.0541446879506111 0.0481242585927248 0.154063186049461 0.183658564090729 0.210857847332954 0.231454858183861 0.299461311101913 0.310084038972855 0.290772619843483 0.281690630316734 0.0946161165833473 0.0911534205079079 0.0867377385497093 0.0859980240464211
-9999 -9999 -9999 -9999 -9999 -9999 -9999 -9999 -9999 -9999 -9999 -9999 -9999 -9999 -9999 -9999 -9999 0.515436542034149 0.184915900230408 0.228669026494026 0.0666529767215252 0.0597645953297615 0.0587197877466679 0.0560654111206531 0.0599093921482563 0.0582754746079445 0.107719054445624 0.133454779535532 0.152500230073929 0.192653214931488 0.211808489263058 0.263609802722931 0.285322223603725 0.342577546834946 0.266263574361801 0.234136411547661 0.0640913628041744 0.0670187011361122 0.0686677612364292 0.0718985587358475 0.0618555143475533 0.0591692194342613 0.0526704303920269 0.0531554192304611 0.060864732414484 0.0756765678524971 0.0854925736784935 0.140186935663223 0.151075677573681 0.145577345788479 0.138308936357498 0.11997352540493 0.107867071032524 0.102381955087185 0.0976581364870071 0.096986411511898
-9999 -9999 -9999 -9999 -9999 -9999 -9999 -9999 -9999 -9999 -9999 -9999 -9999 -9999 -9999 -9999 -9999 -9999 -9999 0.170592394471169 0.14731268286705 0.20655492246151 0.178257331252098 0.152631860971451 0.131043684482574 0.10552808791399 0.100459449738264 0.11649063155055 0.118722198158503 0.160147949308157 0.197506082057953 0.237769393622875 0.267899435013533 0.288003711402416 0.333437925577164 0.219810396432877 0.243363606929779 0.17517257630825 0.0578552596271038 0.0580625869333744 0.0474082075059414 0.0542403347790241 0.0574966780841351 0.0620710916817188 0.0775890156626701 0.0867413520812988 0.108982448279858 0.148688569664955 0.163215319812298 0.163124889135361 0.156871098279953 0.134344410896301 0.113631571829319 0.105726943910122 0.0984692811965942 0.0999712482094765
-9999 -9999 -9999 -9999 -9999 -9999 -9999 -9999 -9999 -9999 -9999 -9999 -9999 -9999 -9999 -9999 -9999 -9999 -9999 -9999 -9999 0.254646882414818 0.251253274083138 0.213261261582375 0.179941949248314 0.134114821255207 0.110493610799313 0.0933726273477078 0.0969349808990955 0.11912515796721 0.148759929835796 0.203616928309202 0.246655103564262 0.264612607657909 0.307160407304764 0.326068061590195 0.321974009275436 0.230873921513557 0.168021458387375 0.183547103404999 0.0702756866812706 0.0712309308350086 0.0698016747832298 0.0840561658143997 0.0897468313574791 0.109835958480835 0.129598090052605 0.130377760529518 0.148665438592434 0.163430544734001 0.156908801198006 0.13718545883894 0.114136345684528 0.102476961910725 0.0969280034303665 0.0898818656802177
-9999 -9999 -9999 -9999 -9999 -9999 -9999 -9999 -9999 -9999 -9999 -9999 -9999 -9999 -9999 -9999 -9999 -9999 -9999 -9999 -9999 -9999 -9999 0.285680401325226 0.229052278399467 0.18411480486393 0.143361912667751 0.0828522637486458 0.0488577514886856 0.0557148359715939 0.114207013696432 0.154555822908878 0.204382525384426 0.229537995159626 0.266933625936508 0.289802521467209 0.307847970724106 0.321638071537018 0.328339290618896 0.371848315000534 0.339473909139633 0.135899071395397 0.13782481700182 0.139340789616108 0.139444175362587 0.139240205287933 0.140373826026917 0.130242808163166 0.145602509379387 0.158968368172646 0.164152771234512 0.140990099310875 0.115060484409332 0.103598380088806 0.0988892108201981 0.0939537584781647
-9999 -9999 -9999 -9999 -9999 -9999 -9999 -9999 -9999 -9999 -9999 -9999 -9999 -9999 -9999 -9999 -9999 -9999 -9999 -9999 -9999 -9999 -9999 -9999 -9999 0.287887287139893 0.214109787344933 0.118738070130348 0.043394061177969 0.0457684613764286 0.0884404934942722 0.114838656783104 0.152330143749714 0.187843389809132 0.219807136058807 0.220805141329765 0.258766815066338 0.274120885133743 0.308694133162498 0.346391344070435 0.392970091104507 0.357009136676788 0.160123717784882 0.164874958992004 0.154157654941082 0.148529393970966 0.145671460032463 0.15169890075922 0.15240907818079 0.157943055033684 0.164814750850201 0.148644872009754 0.102943421155214 0.078487616032362 0.107922564446926 0.110361239314079
-9999 -9999 -9999 -9999 -9999 -9999 -9999 -9999 -9999 -9999 -9999 -9999 -9999 -9999 -9999 -9999 -9999 -9999 -9999 -9999 -9999 -9999 -9999 -9999 -9999 0.366971510648727 0.268437647819519 0.184833884239197 0.0581861823797226 0.037706021219492 0.0324198961257935 0.0348786506801844 0.0497527588158846 0.116396576911211 0.166398879885674 0.203786282241344 0.219588972628117 0.232515686750412 0.25813002884388 0.292764881253243 0.324376136064529 0.393059408664703 0.162705048918724 0.173687462508678 0.159588181972504 0.151843240857124 0.142124898731709 0.147679562866688 0.147557488083839 0.148350185155869 0.150801901519299 0.130996894836426 0.0938501641154289 0.0911542676389217 0.126750633120537 0.127416551113129
-9999 -9999 -9999 -9999 -9999 -9999 -9999 -9999 -9999 -9999 -9999 -9999 -9999 -9999 -9999 -9999 -9999 -9999 -9999 -9999 -9999 -9999 -9999 -9999 -9999 -9999 -9999 0.284327793121338 0.170159676671028 0.0294313333928585 0.0222009023651481 0.0214745446108282 0.0225505031645298 0.0324963919818401 0.0639118164777756 0.0908213309943676 0.165529955923557 0.193958452343941 0.21729476749897 0.225630289316177 0.16796138882637 0.310767629742622 0.385693842172623 0.175288499891758 0.158801601827145 0.146460166573524 0.143426829576492 0.12689109146595 0.109009233117104 0.1278594866395 0.11225920021534 0.0946022242307663 0.0926068797707558 0.113293102383614 0.146057543158531 0.149508962035179
-9999 -9999 -9999 -9999 -9999 -9999 -9999 -9999 -9999 -9999 -9999 -9999 -9999 -9999 -9999 -9999 -9999 -9999 -9999 -9999 -9999 -9999 -9999 -9999 -9999 -9999 -9999 0.213332262635231 0.231373569369316 0.0374408986419439 0.0257471458986402 0.02041279617697 0.0185402162373066 0.0218250676989555 0.0304608125239611 0.0404998935759068 0.0665691845118999 0.143319669365883 0.172363515198231 0.171676966547966 0.139460039138794 0.200620737671852 0.301264223456383 0.148680052161217 0.155156719684601 0.147534707188606 0.139911323785782 0.126580715179443 0.0921756014227867 0.0864285752177238 0.0882002234458923 0.126705220341682 0.141807965934277 0.146600334346294 0.15200396925211 0.152082888782024
-9999 -9999 -9999 -9999 -9999 -9999 -9999 -9999 -9999 -9999 -9999 -9999 -9999 -9999 -9999 -9999 -9999 -9999 -9999 -9999 -9999 -9999 -9999 -9999 -9999 -9999 -9999 -9999 0.144996675848961 0.0623841986060143 0.0353663885965943 0.0215127572417259 0.021320472098887 0.0235284803435206 0.0267104720696807 0.0333379037678242 0.0501666903495789 0.0819878950715065 0.131031137704849 0.0973304286599159 0.120452718436718 0.16229961514473 0.234279018640518 0.07990403175354 0.130792413651943 0.159577512741089 0.145110954344273 0.138279290497303 0.125150907039642 0.0859376981854439 0.0858650833368301 0.128438173234463 0.161840909719467 0.168011701107025 0.157984581589699 0.14590155929327
-9999 -9999 -9999 -9999 -9999 -9999 -9999 -9999 -9999 -9999 -9999 -9999 -9999 -9999 -9999 -9999 -9999 -9999 -9999 -9999 -9999 -9999 -9999 -9999 -9999 -9999 -9999 -9999 0.145203405618668 0.0788501463830471 0.0469333849847317 0.0325789086520672 0.0325240634381771 0.0409830115735531 0.0283312615007162 0.0323380295187235 0.0417839519679546 0.0580462493002415 0.0719862632453442 0.0810294523835182 0.0975954562425613 0.132998363673687 0.194900298118591 0.066627349704504 0.0740263655781746 0.0842834040522575 0.132446444034576 0.149993078410625 0.14932903200388 0.0911946296691895 0.0858027778565884 0.124053826928139 0.161365416646004 0.165620738267899 0.156585289537907 0.135573627054691
-9999 -9999 -9999 -9999 -9999 -9999 -9999 -9999 -9999 -9999 -9999 -9999 -9999 -9999 -9999 -9999 -9999 -9999 -9999 -9999 -9999 -9999 -9999 -9999 -9999 -9999 -9999 -9999 0.124971587955952 0.0964411973953247 0.0504099223762751 0.0418657727539539 0.0709667056798935 0.0626751288771629 0.0304796539247036 0.0305507633835077 0.0389224130660295 0.0510131515562534 0.0610596649348736 0.067386756837368 0.0767114356160164 0.121905395388603 0.178245323896408 0.0579364977777004 0.0599662721157074 0.0566927224397659 0.0820816054940224 0.150551804900169 0.161015653610229 0.125762657821178 0.0754883483052254 0.130334894359112 0.15842869579792 0.160818681120872 0.146805639564991 0.129514348506928
-9999 -9999 -9999 -9999 -9999 -9999 -9999 -9999 -9999 -9999 -9999 -9999 -9999 -9999 -9999 -9999 -9999 -9999 -9999 -9999 -9999 -9999 -9999 -9999 -9999 -9999 -9999 -9999 0.155793225765228 0.106311966478825 0.0644477851688862 0.0480200320482254 0.067811369150877 0.0601709216833115 0.0360370364040136 0.0307967845350504 0.0373261716216803 0.0473814249038696 0.0557174392044544 0.0620453752577305 0.0731209099292755 0.109755754470825 0.168730020523071 0.0544937528669834 0.0518849834799767 0.0513079233467579 0.0618415012955666 0.0805976584553719 0.0948701605200768 0.136052340269089 0.133774708211422 0.14097194224596 0.150468061864376 0.143649718165398 0.132949598133564 0.117799067497253
-9999 -9999 -9999 -9999 -9999 -9999 -9999 -9999 -9999 -9999 -9999 -9999 -9999 -9999 -9999 -9999 -9999 -9999 -9999 -9999 -9999 -9999 -9999 -9999 -9999 -9999 -9999 -9999 0.176697005331516 0.172615812718868 0.0675856433808804 0.0494705021381378 0.0612322527915239 0.0540341924875975 0.0309194520115852 0.0291060615330935 0.0383857041597366 0.049457935243845 0.0561758778989315 0.0601268112659454 0.0669001989066601 0.105564865469933 0.172742342948914 0.0554373376071453 0.0491363447159529 0.0463965408504009 0.0526431500911713 0.0665299721062183 0.079536746442318 0.138448317348957 0.162066189944744 0.149643287062645 0.142146982252598 0.135233728587627 0.123190076649189 0.297304928302765
