meets/meet004/_saidas_enm/ensemble_aver_Aralia_warmingiana_CCSM_0k_SVM.asc
NCOLS 154 
NROWS 168 
XLLCORNER -112 
YLLCORNER -55.5 
CELLSIZE 0.5 
NODATA_value -9999 
[rows 50 to 74 of 168, columns 56 to 111 of 154]
-9999 -9999 -9999 -9999 -9999 -9999 -9999 -9999 -9999 -9999 -9999 -9999 -9999 0.0877111781388521 0.0880773581564426 0.0833075799047947 0.0659721031785011 0.038849650323391 0.0250190638937056 0.0248136973008513 0.0154477259144187 -0.00407876512035728 -0.0154813800007105 -0.00996418092399836 0.0147524544969201 0.0333244360983372 0.0484045319259167 0.0637929759919643 0.0711670964956284 0.078161396086216 0.0821560874581337 0.0781141575425863 0.0704318430274725 0.0601546216756105 0.0312131587415934 0.0319222669699229 0.0952346608042717 0.202947675436735 0.299903558194637 0.331140454113483 0.334348747134209 0.342632681131363 0.298831938207149 0.193004810810089 0.0604975573718548 -0.0484793618321419 -0.0486109230667353 -0.0664186660200357 -0.0787042543292046 -0.078581953048706 -0.0786721915006638 -0.0695179298520088 -0.0317336447536945 0.0219845153391361 0.0645152508941464 0.10722634778358
-9999 -9999 -9999 -9999 -9999 -9999 -9999 -9999 -9999 -9999 -9999 -9999 -9999 0.0871590066701174 0.0832511078566313 0.0739998254925013 0.0561329662799835 0.03901332244277 0.0297877930104733 0.0213161048479378 0.0133664361317642 0.00732339946553111 0.00473149139434099 0.0137732099741697 0.0300593532621861 0.0441855564713478 0.0539106698706746 0.0647333946079016 0.0758497804403305 0.0835164733231068 0.085698863863945 0.0837129712104797 0.0766699902713299 0.0660189410205931 0.0473129518330097 0.00622417591512203 0.0132660861127079 0.126681758463383 0.192631605640054 0.256225553900003 0.28754573315382 0.271101991832256 0.22770901620388 0.15018855035305 0.0632718123495579 0.00857666507363319 -0.0176534349098802 -0.0216648728586733 -0.0564524583518505 -0.0848895572125912 -0.087200802564621 -0.0678058743476868 -0.0207992122508585 0.0369419507682323 0.0780886406544596 0.127346331998706
-9999 -9999 -9999 -9999 -9999 -9999 -9999 -9999 -9999 -9999 -9999 0.0868088092654943 0.0801321055740118 0.0726909000426531 0.0685158815234899 0.0644517458975315 0.0538326535373926 0.0414909891784191 0.0309998318552971 0.0265184447169304 0.025822077691555 0.0307635739445686 0.0371927984058857 0.0437182687222958 0.0509612683206797 0.0577350968495011 0.0687074299901724 0.0789078488945961 0.085088387876749 0.0874720811843872 0.0878904093056917 0.0868861258029938 0.0811398811638355 0.0682058975100517 0.0522335067391396 0.0131327712908387 -0.0294288866221905 0.00768925463780761 0.0963632062077522 0.140106505155563 0.218086595833302 0.193280525505543 0.169642865285277 0.124902449548244 0.0740115295862779 0.0575327320955694 0.00259262435138226 0.00140094719827175 -0.0499425806105137 -0.0866622656583786 -0.0769586935639381 -0.0394848700612783 0.00950296446681023 0.0600506603717804 0.105697450600564 0.187415054440498
-9999 -9999 -9999 -9999 -9999 -9999 -9999 -9999 -9999 -9999 0.0861911199986935 0.0779063545167446 0.062718784622848 0.0555314848199487 0.0597541933879256 0.0667825993150473 0.0637035760097206 0.0477718912065029 0.0390244483947754 0.0400254249572754 0.0426942192018032 0.0482135303318501 0.0534434027969837 0.0585097602568567 0.0652423650026321 0.0738413169980049 0.0819651931524277 0.0863954551517963 0.0877427373081446 0.0879570513963699 0.0879959478974342 0.0876995537430048 0.0830444745719433 0.0682761002331972 0.053265942633152 0.0186688620597124 -0.0351691946387291 -0.0607503239065409 -0.0294993803836405 0.0075556056573987 0.0679072022438049 0.0800269424915314 0.081325314566493 0.0556093094870448 0.00186029151082039 -0.0243803344666958 -0.0612365439534187 -0.0760062292218208 -0.0811945095658302 -0.0674820840358734 -0.0305799305438995 0.0163144402205944 0.0485970165580511 0.0903695318847895 0.153087197989225 0.279706899821758
-9999 -9999 -9999 -9999 -9999 -9999 -9999 -9999 -9999 -9999 0.0698602291755378 0.0508473858237267 0.0445250183343887 0.0503665126860142 0.0599789280444384 0.0703410796821117 0.0721283104270697 0.0630743213929236 0.0557820416986942 0.0567457221448422 0.0584695868194103 0.0629150152206421 0.0684639554470778 0.0737363491207361 0.080177515745163 0.0847451277077198 0.087229422852397 0.0878573898226023 0.087889775633812 0.0878700781613588 0.0879502564668655 0.0878557551652193 0.0844731047749519 0.0696836706250906 0.0528547689318657 0.0254290618002415 -0.0159652274101973 -0.0575130533427 -0.0704573795199394 -0.0639410652220249 -0.0375737115740776 -0.0325548063963652 -0.0294094562530518 -0.0446536675095558 -0.0699879193911329 -0.0777756579220295 -0.0725560367107391 -0.0587562412023544 -0.0346290491521358 -0.00245068529620767 0.0548929691314697 0.0743110060691834 0.0775425630621612 0.0949583309120499 0.162057114392519 0.312599471211433
-9999 -9999 -9999 -9999 -9999 -9999 -9999 -9999 0.0832029085606337 0.0599418520927429 0.0509715735912323 0.0426513126119971 0.0416001282632351 0.0540156476199627 0.0603278814349324 0.0663542756810784 0.0709962792694569 0.0721348099410534 0.0707123719155788 0.0717065751552582 0.0738789550960064 0.0769858069717884 0.0794300582259893 0.0829836167395115 0.0863128893077374 0.0865871917456389 0.086803063750267 0.0864913124591112 0.0865119561553001 0.0867693200707436 0.0866006039083004 0.0861412834376097 0.0849357463419437 0.0721917077898979 0.0544340170919895 0.036480213701725 0.0066501047462225 -0.0252539418637753 -0.0485609009861946 -0.0616246528923512 -0.0670958139002323 -0.073285673558712 -0.0748689293861389 -0.0725786440074444 -0.0607044011354446 -0.0552063405513763 -0.0408657632768154 -0.0185636173933744 0.00562212616205215 0.0463874142616987 0.074381602788344 0.0811649644747376 0.0739636790007353 0.0790259229019284 0.132246643491089 0.258177993446589
-9999 -9999 -9999 -9999 -9999 -9999 -9999 -9999 0.0653798760846257 0.05549331381917 0.189549839496613 0.0991266913712025 0.0600719772279263 0.0589156914502382 0.0601789617678151 0.062910623755306 0.0634924789890647 0.0712520223110914 0.0735818933695555 0.0750979080796242 0.0775094300508499 0.0785687062889338 0.0798289731144905 0.0793579436838627 0.0796879351139069 0.0799493335187435 0.0798697210848331 0.0805445253849029 0.080288877338171 0.0793631419539452 0.0785445094108582 0.0778711013495922 0.077424930781126 0.0762032151222229 0.0585494823753834 0.0461483739316463 0.0321598574519157 0.011353088542819 -0.00448083053342998 -0.0114376787096262 -0.0120643861591816 -0.00830821823328733 -0.0075144287198782 -0.0150825986638665 -0.0146730207605287 -0.00915273033897392 0.00680666221305728 0.025541497929953 0.0467923056334257 0.0597248561680317 0.0678518131375313 0.0696769431233406 0.0682340554893017 0.0765775341540575 0.115114444121718 0.196309254318476
-9999 -9999 -9999 -9999 -9999 -9999 -9999 0.0749973645841237 0.053160322830081 0.121034774184227 0.437146717309952 0.240115144848824 0.0945998385548592 0.0610132397618145 0.055356127768755 0.0583115823566914 0.0571100709959865 0.0627143588848412 0.0627618882805109 0.0648607451468706 0.0675121992826462 0.0676730863749981 0.0683713600039482 0.068048283457756 0.0686620235443115 0.0698119673877955 0.0691965468227863 0.0680493410676718 0.0679110307246447 0.0680420655757189 0.0683959092944861 0.0677171386778355 0.067154349386692 0.0662096507847309 0.0644871048629284 0.0530968165025115 0.0466423489153385 0.0399603419005871 0.0339916795492172 0.0331022433936596 0.0298812843859196 0.0284600272774696 0.02610699608922 0.0235807985067368 0.0275916524231434 0.0347241528332233 0.0415206901729107 0.0436372244730592 0.0434338257880881 0.0435105383396149 0.0455382224172354 0.0494350709021091 0.0601715110242367 0.0829272143542767 0.12155600907281 0.177567237149924
-9999 -9999 -9999 -9999 -9999 -9999 -9999 0.0626354537904263 0.0570841517299414 0.26169725060463 0.623128378391266 0.339238649606705 0.0877335123717785 0.0472312264144421 0.0464051492512226 0.0492109403014183 0.0495317511260509 0.0528773933649063 0.0523464769124985 0.0528674181550741 0.0544299084693193 0.0552846444770694 0.0565656590275466 0.0554829049855471 0.0543097358429804 0.0549785554525442 0.0545686375582591 0.0557009677402675 0.0554402843117714 0.0542214526794851 0.0548411946627311 0.0552776887139771 0.0567210269160569 0.0575533909723163 0.0582719713449478 0.060881925933063 0.0537612809799612 0.0486807703971863 0.0465623594820499 0.0467956133186817 0.0457224331796169 0.0471415743231773 0.0479314114898443 0.0492588445544243 0.0507830212824047 0.0507158176507801 0.0538528917357326 0.052312072145287 0.0503247407497838 0.045882430835627 0.0445801294408739 0.0452309388667345 0.0523467443883419 0.0760412484407425 0.113532715290785 0.152840367285535
-9999 -9999 -9999 -9999 -9999 -9999 0.0691564612090588 0.0482005544006825 0.10162183791399 0.394799560308456 0.761554038524628 0.331919372081757 0.0355236019939184 0.0361014224588871 0.0385773532092571 0.041685513406992 0.0401448614895344 0.0411159671843052 0.0406361944973469 0.0422169595956802 0.044984059035778 0.045185574889183 0.0449294880032539 0.044012838602066 0.0445041097700596 0.0446753405034542 0.0450556091964245 0.044510056078434 0.0440595053136349 0.0453040845692158 0.0454893663525581 0.0468270115554333 0.0477805037051439 0.0487053655087948 0.0508322076871991 0.0522720700129867 0.0543232296127826 0.0554464417044073 0.0572964640334249 0.0586616421118379 0.0589696917682886 0.0590101052075624 0.0563745449064299 0.0513556079939008 0.0474230088293552 0.044498410448432 0.0445037581026554 0.0445199996232986 0.0449870865792036 0.0449181977659464 0.0460936715826392 0.0484598029404879 0.0571975894272327 0.0681589558720589 0.0925407536327839 0.113360710721463
-9999 -9999 -9999 -9999 -9999 -9999 0.0426345579326153 0.037633659504354 0.155445462465286 0.389006447792053 0.610248118638992 0.226503613928799 0.0148311913013458 0.0264874644577503 0.0273484013974667 0.028109122812748 0.0284570805728436 0.0291185319423676 0.0268784694373608 0.0273625880479813 0.0300401568412781 0.0306264221668243 0.0310042180120945 0.0300013586878777 0.0300737038254738 0.0316184468567371 0.0310326427221298 0.0308575347065926 0.0307760901749134 0.0314265869557857 0.0332185797393322 0.0345705814659596 0.0368147559463978 0.0384535558521748 0.0403236821293831 0.0423940144479275 0.0435041680932045 0.045068321377039 0.0455404907464981 0.0454902864992619 0.0459646351635456 0.0442696042358875 0.0425502344965935 0.0415100194513798 0.0423733301460743 0.0446919873356819 0.0466559156775475 0.0482380770146847 0.0498459197580814 0.051767111197114 0.0536721386015415 0.0573250070214272 0.061788485199213 0.0649848662316799 0.0696138702332973 0.0745426958426833
-9999 -9999 -9999 -9999 -9999 -9999 0.021201740950346 0.0242160776630044 0.216620284318924 0.392858102917671 0.48320021033287 0.168069735914469 0.00469925720244646 0.0170846812427044 0.0159456495195627 0.017562323436141 0.0141682185232639 0.0135411791503429 0.0100852265954018 0.0115052629262209 0.0149330630898476 0.0147674102336168 0.0138924293220043 0.0125031892210245 0.0143699657171965 0.0150001551955938 0.0159210622310638 0.015123700723052 0.0152723912149668 0.0181597672402859 0.0189284235239029 0.0220733091235161 0.0238153263926506 0.0261756032705307 0.029402569681406 0.0309449627995491 0.0326968170702457 0.0330095939338207 0.0334613010287285 0.0342371009290218 0.0340998008847237 0.0357019565999508 0.0370088391005993 0.0399746909737587 0.043183571845293 0.0460618041455746 0.0484540976583958 0.0504788100719452 0.0522447297349572 0.0543669928330928 0.0565442260354757 0.0562520820647478 0.0513477940112352 0.048627114854753 0.0536387078114785 0.0516923662275076
-9999 -9999 -9999 -9999 -9999 -9999 -9999 0.00901955720037222 0.240062162280083 0.436029055714607 0.445199912786484 0.180526964366436 -0.00241391435265541 0.00414540059864521 0.000945990905165672 -0.000264775287359953 -0.00349118919111788 -0.00532773160375655 -0.00922395912930369 -0.0105518198572099 -0.00853571463376284 -0.00848564475309104 -0.00768398796208203 -0.00829370771534741 -0.0090447667054832 -0.00788703532307409 -0.00772603761870414 -0.00551418260329228 -0.00285726522561163 -0.000169212650507689 0.00232015028595924 0.00407584402710199 0.00703370645642281 0.00879240781068802 0.0100680332630873 0.0123241279274225 0.0129215393215418 0.014399629086256 0.0159517053514719 0.0179307479411364 0.0240116138011217 0.0296905846334994 0.0367423073388636 0.0431357322260737 0.0476278480142355 0.0508835220709443 0.0534694720059633 0.0546444717794657 0.0556410377845168 0.0571911714039743 0.0561471856199205 0.0513952502980828 0.0404232926666737 0.0299794033169746 0.0336813181638718 0.0336338028311729
-9999 -9999 -9999 -9999 -9999 -9999 -9999 -9999 0.240687219798565 0.420355689525604 0.556680715084076 0.197776199318469 -0.005675452016294 0.00122596884611994 -0.00797056797309779 -0.0127036739955656 -0.0193902448751032 -0.0220429919660091 -0.0253732942044735 -0.0266446050256491 -0.0248934648931026 -0.0236005619168282 -0.0215381156653166 -0.0204771775752306 -0.0218321446329355 -0.0227483529597521 -0.0192397400736809 -0.0147575937211514 -0.00813701427541673 -0.000184760615229607 0.00101838260889053 0.000525523908436298 0.000191737618297338 0.00134146139025688 0.00292065614194144 0.00493447356857359 0.00532020968385041 0.00585176823660731 0.00826161683216924 0.0160785519052297 0.0271915260702372 0.0380968627054244 0.0489583136513829 0.0531112302094698 0.0542574622202665 0.0541628636419773 0.0524128337390721 0.0488612349145114 0.0465672214981169 0.0464905412867665 0.0418824785738252 0.0392988763749599 0.0321559276431799 0.0247334536164999 0.0258095726370811 0.0258136078715324
-9999 -9999 -9999 -9999 -9999 -9999 0.000946413725614548 0.0852240398526192 0.292498740553856 0.363875231146812 0.405594721436501 0.155671513453126 -0.010527079552412 -0.010532864741981 -0.0192409910261631 -0.0245312392711639 -0.0317544505000114 -0.036035730689764 -0.0386228010058403 -0.0401762314140797 -0.0384360862895846 -0.0357918756082654 -0.0316168360412121 -0.026542317122221 -0.0229451332241297 -0.017373102158308 -0.00909422156400979 0.00138354320079088 0.0134297985583544 0.024524249881506 0.0288550654426217 0.0230853334069252 0.0177820652723312 0.0157755944877863 0.013483364507556 0.0140230197459459 0.0154849167913198 0.018007505312562 0.0195176910609007 0.0264112915843725 0.0356907526031136 0.0427970630116761 0.0464105772785842 0.0480845026671886 0.047920534433797 0.0456026413943619 0.0428295599995181 0.0389430657960474 0.0362300205975771 0.0357063231989741 0.0345205769874155 0.0329942341893911 0.0300328698009253 0.025071425922215 0.0221372231841087 0.0148225458338857
-9999 -9999 -9999 -9999 -9999 0.041329518891871 0.063234519213438 0.155319734662771 0.257839241623879 0.348307409882545 0.375380417704582 0.127739317622036 -0.0131003059446812 -0.0157111749431351 -0.0102762212976813 -0.0101705960929394 -0.0294415801763535 -0.0411026053130627 -0.0457820944488049 -0.0409424941986799 -0.0367994904518127 -0.0308851977810264 -0.0293920694151893 -0.0174693249631673 0.00149628780782223 0.0245021969079971 0.0392786335200071 0.0588077328167856 0.0771376669406891 0.0844441067427397 0.0912345115095377 0.0916450625285506 0.0837084805592894 0.0758292191661894 0.0625028107780963 0.0518354490632191 0.0502567823510617 0.0443194820545614 0.0348877402022481 0.0317546005127951 0.0385728096065577 0.0432899948209524 0.0425055392086506 0.041275168210268 0.0389090036973357 0.034906864259392 0.0331532696262002 0.0296724690124393 0.0276970530627295 0.0286529477220029 0.0290112990885973 0.0303459111601114 0.033463001344353 0.0328114157542586 0.0303884200751781 0.0171072267927229
-9999 -9999 -9999 -9999 -9999 0.0901131466031075 0.115743336081505 0.201854395866394 0.275358572602272 0.320508748292923 0.260043253004551 0.113853348791599 0.0274671277031302 0.0233207859564573 0.0213386543095112 0.0151434436440468 -0.0124206557869911 -0.0249500799924135 -0.028614217415452 -0.0208200281485915 -0.00824804585427046 -0.00116623379290104 0.0062780037522316 0.0270151436328888 0.0574128717184067 0.0886720532551408 0.116746614873409 0.140277032600716 0.164008055254817 0.180173605680466 0.187569457292557 0.182792149484158 0.168132450431585 0.153907186165452 0.131847455538809 0.110936640761793 0.0989267524331808 0.0832923367619514 0.0652050100266933 0.0497530841268599 0.0501980792731047 0.0498912172392011 0.0445573788136244 0.0396032720804214 0.0354969011619687 0.0303850840777159 0.027734491834417 0.0254191998392344 0.0243834590539336 0.0256843356415629 0.0276717606931925 0.03201734572649 0.0368627853691578 0.041393462754786 0.0449057939928025 0.0417189422994852
-9999 -9999 -9999 -9999 -9999 -9999 0.240298159047961 0.283914151787758 0.337835884094238 0.248194544017315 0.236664891242981 0.142711059749126 0.074939596792683 0.0788696028292179 0.0594923730939627 0.062748271971941 0.0125636896118522 0.0141665875911713 0.0185574665665627 0.0342561112716794 0.062741014175117 0.0614866778254509 0.0736197330057621 0.103524868935347 0.142009112797678 0.177167094126344 0.213140751421452 0.238949172198772 0.267161113920156 0.289498764835298 0.299266252852976 0.294782919809222 0.274199927318841 0.258024615421891 0.230245853215456 0.198021797090769 0.179322350025177 0.149072986841202 0.119061802327633 0.0888134513050318 0.0715653175488114 0.0679236374795437 0.0558603335171938 0.0465733179822564 0.0401898659853032 0.0315265595912933 0.029737358354032 0.0270225170999765 0.0259325362741947 0.0274090092629194 0.0298615396022797 0.0360569171607494 0.0423581331968308 0.0484736130572856 0.0559215888381004 0.0562458351254463
-9999 -9999 -9999 -9999 -9999 -9999 0.209812086820602 0.364060342311859 0.311408936977386 0.278468900918961 0.254467552900314 0.185153206437826 0.0823582276701927 0.0434216355904937 0.0386446861550212 0.0258885450661182 0.0354712173342705 0.0670593746006489 0.0775275498628616 0.0938689358532429 0.139771383896004 0.152602222003043 0.166716243885458 0.189676667004824 0.225510129332542 0.268743067234755 0.297258526831865 0.320889163017273 0.342847976088524 0.363741962611675 0.380074359476566 0.376348350942135 0.36119392067194 0.346651671826839 0.323281802237034 0.294117853045464 0.263565366342664 0.225457058288157 0.186274595442228 0.147112030535936 0.112592399585992 0.0994218910112977 0.0830984951593564 0.0694194465875626 0.0598152587655932 0.0503043862991035 0.0444929879158735 0.0396072920411825 0.0363188490271568 0.0336558297276497 0.0339651964604855 0.0408787172287703 0.0472706899046898 0.0517811972647905 0.0524086658842862 0.0495298201218247
-9999 -9999 -9999 -9999 -9999 -9999 0.0803493075072765 0.331947648525238 0.339055696129799 0.278983020782471 0.312279817461967 0.215883685648441 0.100754344090819 0.0604249483789317 0.0384142852388322 0.0252671303227544 0.0343421876430512 0.0857155598700046 0.104708357900381 0.126614670455456 0.205123771727085 0.237306437641382 0.250043097883463 0.269550764560699 0.305258469283581 0.344860604405403 0.370482325553894 0.376479238271713 0.391752851009369 0.420800334215164 0.436557772755623 0.446057909727097 0.424036404490471 0.418256765604019 0.411980292201042 0.380193686485291 0.358667540550232 0.305531348288059 0.264177016913891 0.229586482048035 0.179249480366707 0.158814176917076 0.131567239016294 0.112071401253343 0.101401698961854 0.0846738319844007 0.0762562529649586 0.0643421975895762 0.0560176379978657 0.0475785844027996 0.0426890060305595 0.0493524510413408 0.0530935876071453 0.0520214805845171 0.0452705448493361 0.0363236339762807
-9999 -9999 -9999 -9999 -9999 -9999 -9999 -9999 0.152578740566969 0.281563767790794 0.420932483673096 0.260867415368557 0.0925169885158539 0.0828249875456095 0.072533312626183 0.0637313036248088 0.0469927221536636 0.0529097963124514 0.0735486470162869 0.143580163083971 0.264594152569771 0.295605210959911 0.291006731987 0.307175962626934 0.341935968399048 0.385735887289047 0.396649128198624 0.395564505457878 0.399847227334976 0.419315460324287 0.440332412719727 0.437919676303864 0.425187113881111 0.422923922538757 0.425990581512451 0.420340174436569 0.394567131996155 0.360548985004425 0.327102011442184 0.291441714763641 0.256400874257088 0.222695517539978 0.194422689080238 0.171260532736778 0.152473389357328 0.135184819996357 0.118264864757657 0.102751431521028 0.0886321166530251 0.0743053507991135 0.0666240181773901 0.0646393424831331 0.0615931339561939 0.0542737413197756 0.0399746306007728 0.0259016830474138
-9999 -9999 -9999 -9999 -9999 -9999 -9999 -9999 0.0825684316456318 0.328838208317757 0.490488749742508 0.264580431580544 0.0783658342435956 0.0894364926964045 0.0947380021214485 0.0968325462192297 0.074686790513806 0.0622157633304596 0.0745193853974342 0.172469313070178 0.311761146783829 0.338537487387657 0.333715516328812 0.342808333039284 0.36685990691185 0.404172569513321 0.409477406740189 0.397030067443848 0.394206473231316 0.409682738780975 0.414319279789925 0.409897315502167 0.38533356487751 0.385398152470589 0.406325763463974 0.409163138270378 0.404364123940468 0.379535871744156 0.362358391284943 0.346267777681351 0.316827219724655 0.294823122024536 0.2639783218503 0.23941302895546 0.221856600046158 0.197196465730667 0.173404946178198 0.144488543085754 0.117476697266102 0.0899206161499023 0.0732547000050545 0.0627643269952387 0.0549042026046664 0.046124749397859 0.0324415565351956 0.0229356116615236
-9999 -9999 -9999 -9999 -9999 -9999 -9999 -9999 -9999 0.313784211874008 0.412816727161407 0.193310224253219 0.0676725154742599 0.0837470537051559 0.107500483095646 0.128845819085836 0.140865319594741 0.125437935627997 0.125309957470745 0.206729616224766 0.346413978934288 0.37471279501915 0.353717437386513 0.357355707883835 0.380702319741249 0.408040627837181 0.407344615459442 0.391739505529404 0.385030490159988 0.388757780194283 0.386593648791313 0.368348291516304 0.342240709066391 0.333140233159065 0.344419756531715 0.352845975756645 0.354291632771492 0.348580166697502 0.349107694625855 0.347258260846138 0.342770484089851 0.327195429801941 0.311164793372154 0.29501935839653 0.274487349390984 0.251464185118675 0.212512338161469 0.168278365954757 0.127860976941884 0.0926036436110735 0.065395781454572 0.0512097062543035 0.0389408739283681 0.0369696672074497 0.0371910620480776 0.0354924270883203
-9999 -9999 -9999 -9999 -9999 -9999 -9999 -9999 -9999 -9999 0.321669402718544 0.16179598942399 0.0805934358388185 0.0848814567551017 0.12080527767539 0.174801636487246 0.259503766894341 0.257355587184429 0.223495583981276 0.288701196014881 0.384334006905556 0.396326977014542 0.374445936083794 0.368312814831734 0.388409772515297 0.406737112998962 0.398339867591858 0.376143196225166 0.363461336493492 0.366336077451706 0.363828721642494 0.340590971708298 0.306813968718052 0.288872672617435 0.289217558503151 0.286140006780624 0.291102156043053 0.29115803539753 0.302367916703224 0.319807323813438 0.329952096939087 0.333642050623894 0.329418513178825 0.32353238016367 0.314579504728317 0.291778175532818 0.245611675083637 0.186728440597653 0.136868979595602 0.090849307924509 0.0578711751382798 0.0410441102460027 0.0302909038960934 0.0344701384194195 0.0412746861577034 0.0466593849094352
-9999 -9999 -9999 -9999 -9999 -9999 -9999 -9999 -9999 -9999 -9999 0.15430218949914 0.0952419857901987 0.102400005795062 0.160152142122388 0.230892813205719 0.398566317558289 0.486984491348267 0.394102865457535 0.386845469474792 0.405573043227196 0.407230725884438 0.398866575956345 0.38346064388752 0.390391507744789 0.393498459458351 0.380740550160408 0.358853375911713 0.341025185585022 0.334253290295601 0.319807535409927 0.299407260119915 0.271100959181786 0.257327201962471 0.25015294700861 0.231373359262943 0.237695047259331 0.239026261866093 0.253901180624962 0.275841215252876 0.28900962471962 0.314357188344002 0.322537463903427 0.329180160164833 0.331003776192665 0.308789552748203 0.2651087641716 0.206380343437195 0.151648790601757 0.100816800072789 0.0609415246173739 0.0417077387683094 0.0266391547396779 0.0302696218946949 0.0468832962214947 0.0622167084366083
