meets/meet004/_saidas_enm/ensemble_aver_Cavanillesia_umbellata_CCSM_6k_Bioclim.asc
NCOLS 154 
NROWS 168 
XLLCORNER -112 
YLLCORNER -55.5 
CELLSIZE 0.5 
NODATA_value -9999 
[rows 60 to 89 of 168, columns 68 to 135 of 154]
0.0651769801974297 0.0195659469813108 0 0 0 0 0 0 0 0 0 0 0 0 0 0 0 0 0 0 0 0 0 0 0 0 0 0 0 0 0 0 0 0 0 0 0 0 0 0 0 0 0 0 0 0 0.00975609719753265 0.029375796765089 0.126994423568249 0.120464134216309 0.0814646691083908 0.0814646691083908 0.0488892920315266 0.0423852272331715 0.0423852272331715 0.0423852272331715 0.0423852272331715 0.0423852272331715 0.0423852272331715 0.0423852272331715 0.0423852272331715 0.0423852272331715 0.0423852272331715 0.0423852272331715 0.0423852272331715 0.0358811624348164 0.0130356561392546 -9999
0.0651769801974297 0.029375796765089 0 0 0 0 0 0 0 0 0 0 0 0 0 0 0 0 0 0 0 0 0 0 0 0 0 0 0 0 0 0 0 0 0 0 0 0 0 0 0 0 0 0 0 0 0 0 0.00975609719753265 0.0195659469813108 0.0195659469813108 0.0195659469813108 0.029375796765089 0.029375796765089 0.029375796765089 0.029375796765089 0.0423852272331715 0.00980984978377819 0.00980984978377819 0.00980984978377819 0.00980984978377819 0.0423852272331715 0.0423852272331715 0.0423852272331715 0.0423852272331715 0.0423852272331715 0.0358811624348164 -9999
0.0749606043100357 0.0619511738419533 0.00975609719753265 0 0 0 0 0 0 0 0 0 0 0 0 0 0 0 0 0 0 0 0 0 0 0 0 0 0 0 0 0 0 0 0 0 0 0 0 0.00975609719753265 0.00975609719753265 0.00975609719753265 0.00975609719753265 0 0 0 0 0 0 0 0 0 0 0 0 0 0.0065040647983551 0.00980984978377819 0.00980984978377819 0.00980984978377819 0.00980984978377819 0.00980984978377819 0.00980984978377819 0.00980984978377819 0.00980984978377819 0.00980984978377819 0.00980984978377819 0.0358811624348164
0.10753598511219 0.104230199754238 0.0195659469813108 0.00975609719753265 0 0 0 0 0 0 0 0 0 0 0 0 0 0 0 0 0 0 0 0 0 0 0 0 0 0 0 0 0.00975609719753265 0.00975609719753265 0.0195659469813108 0.029375796765089 0.029375796765089 0.029375796765089 0.029375796765089 0.029375796765089 0.029375796765089 0.029375796765089 0.029375796765089 0.029375796765089 0.029375796765089 0.0195659469813108 0.00975609719753265 0.00975609719753265 0.00975609719753265 0 0 0 0 0 0 0 0 0 0 0 0 0 0 0 0 0 0.00980984978377819 0.00980984978377819
0.10753598511219 0.104230199754238 0.029375796765089 0.0195659469813108 0.00975609719753265 0.00975609719753265 0 0 0 0 0 0 0 0 0 0 0 0 0 0 0 0 0 0 0 0 0 0 0.00975609719753265 0.00975609719753265 0.0195659469813108 0.029375796765089 0.0456910118460655 0.0521426245570183 0.0521426245570183 0.0521426245570183 0.0521426245570183 0.0521426245570183 0.0521426245570183 0.0521426245570183 0.0521426245570183 0.0521426245570183 0.0521426245570183 0.101004391908646 0.101004391908646 0.0945003271102905 0.0814646691083908 0.0814646691083908 0.0814646691083908 0.0488892920315266 0.029375796765089 0.029375796765089 0.029375796765089 0.029375796765089 0.00980984978377819 0.00980984978377819 0 0 0 0 0 0 0 0 0 0 0 0
0.10753598511219 0.117212101817131 0.029375796765089 0.029375796765089 0.0195659469813108 0.0195659469813108 0.00975609719753265 0.00975609719753265 0.00975609719753265 0.00975609719753265 0.00975609719753265 0.0195659469813108 0.0195659469813108 0.0195659469813108 0.0195659469813108 0.029375796765089 0.029375796765089 0.029375796765089 0.029375796765089 0.0195659469813108 0.0195659469813108 0.0195659469813108 0.0195659469813108 0.0195659469813108 0.0195659469813108 0.0195659469813108 0.0195659469813108 0.029375796765089 0.029375796765089 0.0456910118460655 0.0521426245570183 0.0521426245570183 0.0521426245570183 0.0521426245570183 0.0521426245570183 0.0521426245570183 0.0521426245570183 0.0521426245570183 0.0521426245570183 0.0521426245570183 0.0521426245570183 0.0521426245570183 0.0814646691083908 0.0814646691083908 0.0814646691083908 0.0814646691083908 0.0814646691083908 0.0814646691083908 0.0488892920315266 0.0488892920315266 0.0423852272331715 0.0423852272331715 0.0423852272331715 0.0423852272331715 0.00980984978377819 0.00980984978377819 0.00980984978377819 0 0 0 0 0 0 0 0 0 0 0
0.123823671042919 0.117212101817131 0.123742391169071 0.029375796765089 0.029375796765089 0.029375796765089 0.0195659469813108 0.029375796765089 0.029375796765089 0.029375796765089 0.029375796765089 0.029375796765089 0.029375796765089 0.0619511738419533 0.117264553904533 0.126994423568249 0.126994423568249 0.126994423568249 0.126994423568249 0.126994423568249 0.126994423568249 0.126994423568249 0.126994423568249 0.126994423568249 0.126994423568249 0.126994423568249 0.126994423568249 0.0944741010665893 0.0521426245570183 0.0521426245570183 0.0521426245570183 0.0521426245570183 0.0521426245570183 0.0521426245570183 0.0521426245570183 0.0423852272331715 0.0423852272331715 0.0423852272331715 0.0423852272331715 0.0521426245570183 0.0521426245570183 0.0814646691083908 0.0814646691083908 0.0814646691083908 0.0814646691083908 0.0814646691083908 0.0814646691083908 0.0488892920315266 0.0488892920315266 0.0423852272331715 0.0423852272331715 0.0423852272331715 0.0423852272331715 0.0423852272331715 0.0423852272331715 0.00980984978377819 0.00980984978377819 0.00980984978377819 0 0 0 0 0 0 0 0 0 0
0.10753598511219 0.120517887175083 0.126968197524548 0.0912482932209969 0.0619511738419533 0.029375796765089 0.029375796765089 0.029375796765089 0.029375796765089 0.0619511738419533 0.117264553904533 0.126994423568249 0.133472262322903 0.133472262322903 0.133472262322903 0.143255886435509 0.143255886435509 0.143255886435509 0.149759951233864 0.149759951233864 0.149759951233864 0.149759951233864 0.149759951233864 0.149759951233864 0.149759951233864 0.149759951233864 0.149759951233864 0.101085670292377 0.0521426245570183 0.0521426245570183 0.0521426245570183 0.0521426245570183 0.0521426245570183 0.0521426245570183 0.0521426245570183 0.0521426245570183 0.0423852272331715 0.0423852272331715 0.0423852272331715 0.0423852272331715 0.0488892920315266 0.0814646691083908 0.0814646691083908 0.0814646691083908 0.0488892920315266 0.0488892920315266 0.0488892920315266 0.0423852272331715 0.0423852272331715 0.0423852272331715 0.0423852272331715 0.0423852272331715 0.0423852272331715 0.0423852272331715 0.0423852272331715 0.00980984978377819 0.00980984978377819 0.00980984978377819 0.00980984978377819 0.00980984978377819 0.00980984978377819 0 0 0 0 0 0 0
0.0749606043100357 0.0749606043100357 0.104230199754238 0.123742391169071 0.114012521505356 0.0619511738419533 0.0456910118460655 0.0521426245570183 0.117264553904533 0.126994423568249 0.133472262322903 0.133472262322903 0.146507918834686 0.146507918834686 0.146507918834686 0.159571102261543 0.149841231107712 0.153147014975548 0.166102692484856 0.153147014975548 0.101085670292377 0.156399047374725 0.175858792662621 0.175858792662621 0.175858792662621 0.175858792662621 0.101085670292377 0.101085670292377 0.0847979813814163 0.0521426245570183 0.0521426245570183 0.0521426245570183 0.0521426245570183 0.0521426245570183 0.0521426245570183 0.0521426245570183 0.0521426245570183 0.0521426245570183 0.0521426245570183 0.0488892920315266 0.0488892920315266 0.0488892920315266 0.0488892920315266 0.0488892920315266 0.0488892920315266 0.0423852272331715 0.0423852272331715 0.0423852272331715 0.0423852272331715 0.0423852272331715 0.0423852272331715 0.0423852272331715 0.0423852272331715 0.0423852272331715 0.00980984978377819 0.00980984978377819 0.00980984978377819 0.00980984978377819 0.00980984978377819 0.00980984978377819 0 0 0 0 0 0 0 0
0.0651769801974297 0.0651769801974297 0.0651769801974297 0.104230199754238 0.130220229923725 0.100978167355061 0.0391069687902927 0.0521426245570183 0.130220229923725 0.130220229923725 0.126968197524548 0.136751821637154 0.159571102261543 0.169327199459076 0.185696166753769 0.162850660085678 0.101085670292377 0.101085670292377 0.101085670292377 0.101085670292377 0.0847979813814163 0.0521426245570183 0.0847979813814163 0.101085670292377 0.101085670292377 0.101085670292377 0.101085670292377 0.101085670292377 0.101085670292377 0.0847979813814163 0.0847979813814163 0.0521426245570183 0.0521426245570183 0.0521426245570183 0.0521426245570183 0.0521426245570183 0.0521426245570183 0.0521426245570183 0.0521426245570183 0.0814646691083908 0.0488892920315266 0.0488892920315266 0.0488892920315266 0.0423852272331715 0.0423852272331715 0.0423852272331715 0.0423852272331715 0.0423852272331715 0.0423852272331715 0.0423852272331715 0.0423852272331715 0.0423852272331715 0.0423852272331715 0.0423852272331715 0.00980984978377819 0.00980984978377819 0.00980984978377819 0.00980984978377819 0.00980984978377819 0 0 0 0 0 0 0 0 0
0.0488892920315266 0.0488892920315266 0.0651769801974297 0.0749606043100357 0.117212101817131 0.123716166615486 0.0391069687902927 0.0521426245570183 0.126968197524548 0.136751821637154 0.094554078578949 0.094554078578949 0.149815005064011 0.159732359647751 0.159732359647751 0.153120788931847 0.101085670292377 0.0847979813814163 0.0847979813814163 0.0521426245570183 0.0521426245570183 0.0521426245570183 0.0521426245570183 0.0521426245570183 0.0521426245570183 0.0847979813814163 0.101085670292377 0.101085670292377 0.101085670292377 0.101085670292377 0.101085670292377 0.0945540800690651 0.0879962608218193 0.0782126367092133 0.0782126367092133 0.0782126367092133 0.0782126367092133 0.0749606043100357 0.0782126367092133 0.0814646691083908 0.0488892920315266 0.0488892920315266 0.0488892920315266 0.0423852272331715 0.0423852272331715 0.0423852272331715 0.0423852272331715 0.0423852272331715 0.0423852272331715 0.0423852272331715 0.0423852272331715 0.0423852272331715 0.0423852272331715 0.0423852272331715 0.00980984978377819 0.00980984978377819 0.00980984978377819 0.00980984978377819 0.00980984978377819 0 0 0 0 0 0 0 0 0
0.0163139145821333 0.0163139145821333 0.0488892920315266 0.0651769801974297 0.120517887175083 0.104283952713013 0.0391069687902927 0.0521426245570183 0.136751821637154 0.107589736580849 0.0815721750259399 0.0521426245570183 0.094554078578949 0.140165112912655 0.140165112912655 0.0880500137805939 0.0521426245570183 0.0521426245570183 0.0521426245570183 0.0521426245570183 0.0521426245570183 0.0521426245570183 0.0521426245570183 0.0521426245570183 0.0521426245570183 0.0521426245570183 0.0521426245570183 0.0847979813814163 0.101085670292377 0.101085670292377 0.153147014975548 0.149921208620071 0.130381490290165 0.104310177266598 0.0945003271102905 0.0814646691083908 0.0814646691083908 0.0782126367092133 0.0814646691083908 0.0814646691083908 0.0814646691083908 0.0488892920315266 0.0488892920315266 0.0423852272331715 0.0423852272331715 0.0423852272331715 0.0423852272331715 0.0423852272331715 0.0423852272331715 0.0423852272331715 0.0423852272331715 0.0423852272331715 0.0423852272331715 0.0423852272331715 0.0423852272331715 0.00980984978377819 0.00980984978377819 0.00980984978377819 0.00980984978377819 0.00980984978377819 0.00980984978377819 0 0 0 0 0 0 0
0.0163139145821333 0.0163139145821333 0.0163139145821333 0.0651769801974297 0.10753598511219 0.094554078578949 0.0391069687902927 0.0521426245570183 0.107589736580849 0.0815721750259399 0.0358811624348164 0.00655781738460064 0.0815721750259399 0.094554078578949 0.094554078578949 0.0815721750259399 0.0521426245570183 0.0521426245570183 0.0521426245570183 0.0521426245570183 0.0521426245570183 0.0521426245570183 0.0521426245570183 0.0521426245570183 0.0521426245570183 0.0521426245570183 0.0521426245570183 0.0521426245570183 0.0521426245570183 0.101085670292377 0.101085670292377 0.162876886129379 0.156399047374725 0.149921208620071 0.104310177266598 0.0945003271102905 0.0814646691083908 0.0814646691083908 0.0814646691083908 0.0814646691083908 0.0814646691083908 0.0488892920315266 0.0488892920315266 0.0423852272331715 0.0423852272331715 0.0423852272331715 0.0423852272331715 0.0423852272331715 0.0423852272331715 0.0423852272331715 0.0423852272331715 0.0423852272331715 0.0423852272331715 0.0423852272331715 0.0423852272331715 0.0423852272331715 0.0358811624348164 0.00980984978377819 0 0 0 0 0 0 0 0 0 0
0.0163139145821333 0 0.0163139145821333 0.0488892920315266 0.0749606043100357 0.0815721750259399 0.0489168182015419 0.0815721750259399 0.0815721750259399 0.0685365185141563 0 0 0.0358811624348164 0.0815721750259399 0.0815721750259399 0.0685365185141563 0.0489168182015419 0.0521426245570183 0.0521426245570183 0.0521426245570183 0.0521426245570183 0.0521426245570183 0.0521426245570183 0.0521426245570183 0.0521426245570183 0.0521426245570183 0.0521426245570183 0.0521426245570183 0.0521426245570183 0.0847979813814163 0.101085670292377 0.162850660085678 0.162876886129379 0.169434705376625 0.159784811735153 0.114093799889088 0.0945003271102905 0.0814646691083908 0.0782126367092133 0.0782126367092133 0.0782126367092133 0.0488892920315266 0.0488892920315266 0.0423852272331715 0.0423852272331715 0.0423852272331715 0.0423852272331715 0.0423852272331715 0.0423852272331715 0.0423852272331715 0.0423852272331715 0.0423852272331715 0.0423852272331715 0.0423852272331715 0.0390794418752193 0 0 0 0 0 0 0 0 0 0 0 0.00980984978377819 0.0423852272331715
0.0163139145821333 0 0.0065040647983551 0.0163139145821333 0.0651769801974297 0.0685365185141563 0.00655781738460064 0.0685365185141563 0.0685365185141563 0.00655781738460064 0 0 0 0.00655781738460064 0.0358811624348164 0.00655781738460064 0.0358811624348164 0.0489168182015419 0.0489168182015419 0.0489168182015419 0.0489168182015419 0.0521426245570183 0.0521426245570183 0.0521426245570183 0.0521426245570183 0.0521426245570183 0.0521426245570183 0.0521426245570183 0.0521426245570183 0.0847979813814163 0.101085670292377 0.153120788931847 0.159732359647751 0.17271426320076 0.159732359647751 0.150028714537621 0.104310177266598 0.091248294711113 0.0782126367092133 0.0782126367092133 0.0782126367092133 0.0782126367092133 0.0488892920315266 0.0488892920315266 0.0423852272331715 0.0423852272331715 0.0423852272331715 0.0423852272331715 0.0423852272331715 0.0423852272331715 0.0423852272331715 0.0423852272331715 0.0390794418752193 0 0 0 0 0 0 0 0 0 0 0 0 0 0.0390794418752193 0.0423852272331715
0.0163139145821333 0 0 0.0163139145821333 0.0651769801974297 0.0815721750259399 0.0358811624348164 0.0685365185141563 0.0358811624348164 0.00655781738460064 0 0 0 0 0 0 0.00655781738460064 0.00655781738460064 0.0358811624348164 0.0358811624348164 0.0358811624348164 0.0489168182015419 0.0489168182015419 0.0489168182015419 0.0489168182015419 0.0489168182015419 0.0521426245570183 0.0521426245570183 0.0880500137805939 0.094554078578949 0.107589736580849 0.107589736580849 0.140165112912655 0.159732359647751 0.140165112912655 0.107589736580849 0.107589736580849 0.0913020461797714 0.0717085719108582 0.0717085719108582 0.0717085719108582 0.0717085719108582 0.0717085719108582 0.0488892920315266 0.0488892920315266 0.0488892920315266 0.0423852272331715 0.0423852272331715 0.0423852272331715 0.0390794418752193 0 0 0 0 0 0 0 0 0 0 0 0 0 0 0 0 0.0423852272331715 0.0488892920315266
0.0163139145821333 0.0065040647983551 0.0065040647983551 0.0163139145821333 0.0488892920315266 0.0651769801974297 0.094554078578949 0.0815721750259399 0.0685365185141563 0.00655781738460064 0 0 0 0 0 0 0 0 0 0.00655781738460064 0.00655781738460064 0.00655781738460064 0.00655781738460064 0.00655781738460064 0.0358811624348164 0.0358811624348164 0.0489168182015419 0.0685365185141563 0.0815721750259399 0.0815721750259399 0.094554078578949 0.094554078578949 0.094554078578949 0.094554078578949 0.094554078578949 0.094554078578949 0.0815721750259399 0.0815721750259399 0.0815721750259399 0.0717085719108582 0.0717085719108582 0.0717085719108582 0.0717085719108582 0.0717085719108582 0.0717085719108582 0.0488892920315266 0.0488892920315266 0.0325753770768642 0 0 0 0 0 0 0 0 0 0 0 0 0 0 0 0 0 0.0390794418752193 0.0814646691083908 0.0814646691083908
0.0488892920315266 0.0163139145821333 0.0163139145821333 0.0163139145821333 0.0163139145821333 0.0651769801974297 0.0651769801974297 0.10753598511219 0.094554078578949 0.0685365185141563 0.00655781738460064 0 0 0 0 0 0 0 0 0 0 0 0.00655781738460064 0 0.00655781738460064 0.00655781738460064 0.00655781738460064 0.0358811624348164 0.0685365185141563 0.0815721750259399 0.094554078578949 0.094554078578949 0.094554078578949 0.0815721750259399 0.0815721750259399 0.0815721750259399 0.0685365185141563 0.0685365185141563 0.0685365185141563 0.0685365185141563 0.0652307331562042 0.0652307331562042 0.0652307331562042 0.0652307331562042 0.0423314742743969 0.0162876885384321 0 0 0 0 0 0 0 0 0 0 0 0 0 0 0 0 0 0 0 0.0814646691083908 0.104310177266598 0.175992521643639
0.0651769801974297 0.0488892920315266 0.0163139145821333 0.0163139145821333 0.0065040647983551 0.0163139145821333 0.0163139145821333 0.0651769801974297 0.0749606043100357 0.094554078578949 0.0685365185141563 0 0 0 0 0 0 0 0 0 0 0 0 0 0 0 0 0 0.00655781738460064 0.0489168182015419 0.0521426245570183 0.0521426245570183 0.0815721750259399 0.0685365185141563 0.0685365185141563 0.0358811624348164 0.00655781738460064 0.00655781738460064 0.0358811624348164 0.00655781738460064 0.00655781738460064 0.00655781738460064 0.00655781738460064 0.00655781738460064 0 0 0 0 0 0 0 0 0 0 0 0 0 0 0 0 0 0 0 0 0 0.159784811735153 0.192307737469673 0.192307737469673
-9999 0.0651769801974297 0.0163139145821333 0 0 0 0 0 0.0488892920315266 0.0651769801974297 0.0815721750259399 0.00655781738460064 0 0 0 0 0 0 0 0 0 0 0 0 0 0 0 0 0 0.00655781738460064 0.0489168182015419 0.0521426245570183 0.0815721750259399 0.0685365185141563 0.00655781738460064 0 0 0 0 0 0 0 0 0 0 0 0 0 0 0 0 0 0 0 0 0 0 0 0 0 0 0 0 0 0.0423314742743969 0.192307737469673 0.192307737469673 0.192307737469673
-9999 0.0651769801974297 0.0488892920315266 0 0 0 0 0 0 0.0163139145821333 0.0749606043100357 0.0652307331562042 0.0358811624348164 0 0 0 0 0 0 0 0 0 0 0 0 0 0 0 0 0 0.00655781738460064 0.0489168182015419 0.0685365185141563 0.0685365185141563 0.00655781738460064 0 0 0 0 0 0 0 0 0 0 0 0 0 0 0 0 0 0 0 0 0 0 0 0 0 0 0 0 0 0.0423314742743969 0.192307737469673 0.192307737469673 0.192307737469673
-9999 -9999 0.0651769801974297 0.0163139145821333 0 0 0 0 0 0 0.00980984978377819 0.00980984978377819 0.0423852272331715 0.0423852272331715 0.0717085719108582 0.00655781738460064 0 0.00655781738460064 0.00330578498542309 0.00330578498542309 0.00330578498542309 0 0 0 0 0 0 0 0 0 0 0 0.00655781738460064 0.00655781738460064 0 0 0 0 0 0 0 0 0 0 0 0 0 0 0 0 0 0 0 0 0 0 0 0 0 0 0 0 0 0 0.17601874768734 0.192307737469673 0.192307737469673 0.192307737469673
-9999 -9999 0.0651769801974297 0.0651769801974297 0 0 0 0 0 0 0 0 0 0 0.00980984978377819 0.0423852272331715 0.0717085719108582 0.094554078578949 0.00978362374007702 0.00978362374007702 0.00978362374007702 0.00978362374007702 0.00330578498542309 0 0.00330578498542309 0.00330578498542309 0 0 0 0 0 0 0 0 0 0 0 0 0 0 0 0 0 0 0 0 0 0 0 0 0 0 0 0 0 0 0 0 0 0 0 0 0 0 0.17601874768734 0.192307737469673 0.192307737469673 0.192307737469673
-9999 -9999 -9999 0.0651769801974297 0.0163139145821333 0 0 0 0 0 0 0 0 0 0 0 0 0.0423852272331715 0.0814646691083908 0.094554078578949 0.0391069687902927 0.00978362374007702 0.00978362374007702 0.00978362374007702 0.00978362374007702 0.00330578498542309 0 0.00330578498542309 0.00655781738460064 0 0 0 0 0 0 0 0 0 0 0 0 0 0 0 0 0 0 0 0 0 0 0 0 0 0 0 0 0 0 0 0 0 0 0.0423314742743969 0.189055705070496 0.192307737469673 0.192307737469673 0.192307737469673
-9999 -9999 -9999 0.10753598511219 0.0651769801974297 0 0 0 0 0 0 0 0 0 0 0 0 0 0.0423852272331715 0.0945003271102905 0.0521426245570183 0.00978362374007702 0.00978362374007702 0.00978362374007702 0.00978362374007702 0.00978362374007702 0.00978362374007702 0.00978362374007702 0.00978362374007702 0.00655781738460064 0 0 0 0 0 0 0 0 0 0 0 0 0 0 0 0 0 0 0 0 0 0 0 0 0 0 0 0 0 0 0 0 0.0423314742743969 0.179270780086517 0.189055705070496 0.192307737469673 0.192307737469673 0.192307737469673
-9999 -9999 -9999 0.0130356561392546 0.0651769801974297 0.0163139145821333 0 0 0 0 0 0 0 0 0 0 0 0 0.0163139145821333 0.0488892920315266 0.0685365185141563 0 0 0.00330578498542309 0.00330578498542309 0.00978362374007702 0.00978362374007702 0.00978362374007702 0.00978362374007702 0.00978362374007702 0 0 0 0 0 0 0 0 0 0 0 0 0 0 0 0 0 0 0 0 0 0 0 0 0 0 0 0 0 0 0 0 0.0423314742743969 0.179270780086517 0.189055705070496 0.189055705070496 0.192307737469673 0.192307737469673
-9999 -9999 -9999 -9999 0.0586729153990746 0.0455835066735744 0.0163139145821333 0 0 0 0 0 0 0 0 0 0 0 0 0.0195659469813108 0.0749606043100357 0 0 0 0 0 0.00330578498542309 0.00978362374007702 0.00978362374007702 0 0 0 0 0 0 0 0.0325753770768642 0 0 0 0 0 0 0 0 0 0 0 0 0 0 0 0 0 0 0 0 0 0 0 0 0.0162876885384321 0.166262650489807 0.169488456845284 0.189055705070496 0.189055705070496 0.192307737469673 0.192307737469673
-9999 -9999 -9999 -9999 -9999 0 0.00975609719753265 0.0163139145821333 0 0 0 0 0 0 0 0 0 0 0 0 0.029375796765089 0.0423852272331715 0.00655781738460064 0 0 0 0 0 0 0 0 0 0 0 0.00655781738460064 0.0489168182015419 0.0325753770768642 0 0 0 0 0 0 0 0 0 0 0 0 0 0 0 0 0 0 0 0 0 0 0 0 0.0423314742743969 0.117213402688503 0.179165875911713 0.189055705070496 0.189055705070496 0.192307737469673 0.192307737469673
-9999 -9999 -9999 -9999 -9999 -9999 -9999 0.00975609719753265 0.00975609719753265 0.0163139145821333 0 0 0 0 0 0 0 0 0 0 0 0.029375796765089 0.0423852272331715 0.00655781738460064 0 0 0 0 0 0 0 0 0 0 0.00655781738460064 0.0391069687902927 0.0325753770768642 0 0 0 0 0 0 0 0 0 0 0 0 0 0 0 0 0 0 0 0 0 0 0 0.0423314742743969 0.110761789977551 0.117213402688503 0.179165875911713 0.215047040581703 0.189055705070496 0.192307737469673 0.192307737469673
-9999 -9999 -9999 -9999 -9999 -9999 -9999 -9999 -9999 0.00975609719753265 0.0163139145821333 0 0 0 0 0 0 0 0 0 0 0 0.0423852272331715 0.0423852272331715 0.0717085719108582 0 0 0 0 0 0 0 0.00655781738460064 0.00655781738460064 0.0326291300356388 0.0326291300356388 0.0391069687902927 0.00978362374007702 0 0 0 0 0 0 0 0 0 0 0 0 0 0 0 0 0 0 0 0 0 0 0.0423314742743969 0.110761789977551 0.117213402688503 0.215047040581703 0.215047040581703 0.189055705070496 0.192307737469673 0.192307737469673
