meets/meet004/_saidas_enm/ensemble_aver_Cavanillesia_umbellata_CCSM_0k_Gower.asc
NCOLS 154 
NROWS 168 
XLLCORNER -112 
YLLCORNER -55.5 
CELLSIZE 0.5 
NODATA_value -9999 
[rows 78 to 103 of 168, columns 58 to 115 of 154]
-9999 -9999 -9999 -9999 -9999 -9999 -9999 -9999 -9999 -9999 0.560493183135986 0.426937007904053 0.328465074300766 0.257377575337887 0.226272250711918 0.278101003170013 0.37387592792511 0.509197682142258 0.674895286560059 0.652287769317627 0.604080009460449 0.565522158145905 0.550486266613007 0.537752163410187 0.54164879322052 0.546648895740509 0.547958111763 0.547142541408539 0.542524302005768 0.547624015808105 0.548831033706665 0.549701678752899 0.551898944377899 0.550616109371185 0.54754399061203 0.543890118598938 0.548853075504303 0.559984803199768 0.576569592952728 0.602467846870422 0.630651354789734 0.638443291187286 0.6255286693573 0.607236659526825 0.597736036777496 0.586904883384705 0.581922674179077 0.585904252529144 0.590724968910217 0.583686745166779 0.576851356029511 0.575580728054047 0.577385258674622 0.579373633861542 0.578449296951294 0.574883449077606 0.566543388366699 0.55279700756073
-9999 -9999 -9999 -9999 -9999 -9999 -9999 -9999 -9999 -9999 -9999 0.548674881458282 0.370448422431946 0.193666349351406 0.0978290311992168 0.0707146391272545 0.0997400764375925 0.206511714309454 0.402174586057663 0.607905972003937 0.62676854133606 0.572243142127991 0.551241898536682 0.54103479385376 0.546991944313049 0.549331736564636 0.549159634113312 0.549470925331116 0.543270719051361 0.544688904285431 0.542566680908203 0.540634107589722 0.539902675151825 0.533374786376953 0.532884848117828 0.529135072231293 0.532150077819824 0.538749933242798 0.55189573764801 0.581482982635498 0.609711909294128 0.621806597709656 0.619175267219543 0.605635905265808 0.586228740215301 0.564990723133087 0.55512523651123 0.559221291542053 0.564092242717743 0.561383533477783 0.55524240732193 0.553321599960327 0.554053831100464 0.556394743919373 0.562959384918213 0.567452347278595 0.564574301242828 0.550173187255859
-9999 -9999 -9999 -9999 -9999 -9999 -9999 -9999 -9999 -9999 -9999 0.582517528533936 0.420942485332489 0.120868877321482 0.0407367013394833 0 0 0.0179916225373745 0.0709321185946465 0.376767331361771 0.478180414438248 0.524628055095673 0.576785969734192 0.55851274728775 0.568328428268433 0.562947046756744 0.554256010055542 0.558335912227631 0.551221668720245 0.554009246826172 0.550226449966431 0.544757282733917 0.539219129085541 0.52347549200058 0.532450103759766 0.52871378660202 0.528129088878632 0.527003490924835 0.52483184337616 0.553607928752899 0.586212158203125 0.600177717208862 0.607001519203186 0.610463511943817 0.575875496864319 0.541422271728516 0.527181220054626 0.530600261688232 0.537157726287842 0.535514795780182 0.533864831924438 0.534095466136932 0.535860157012939 0.53440318107605 0.540831315517426 0.542148733139038 0.540798532962799 0.529334449768066
-9999 -9999 -9999 -9999 -9999 -9999 -9999 -9999 -9999 -9999 -9999 -9999 0.541628843545914 0.297163245081902 0.0762688979506493 0 0 0 0.0140195116400719 0.15038470774889 0.122441293299198 0.122775517404079 0.242863413691521 0.382901906967163 0.518095505237579 0.584338176250458 0.560573863983154 0.576274371147156 0.579375648498535 0.586037755012512 0.577571833133698 0.569855320453644 0.562187111377716 0.554010915756226 0.560494470596314 0.562392354011536 0.558212983608246 0.546652591228485 0.533689272403717 0.54381560087204 0.557394218444824 0.568589389324188 0.584136426448822 0.581966400146484 0.559737849235535 0.526531624794006 0.510953825712204 0.511545944213867 0.512587404251099 0.515356290340424 0.51412558555603 0.518213546276093 0.528945934772491 0.530853545665741 0.528000390529633 0.516700088977814 0.515943288803101 0.519319915771484
-9999 -9999 -9999 -9999 -9999 -9999 -9999 -9999 -9999 -9999 -9999 -9999 0.592265379428863 0.514972978830338 0.200171651691198 0.00258553349412978 0 0 0 0.0059244979172945 0 0 0 0.0205442920327187 0.157144518196583 0.383197104930878 0.536931765079498 0.634408569335937 0.629343962669373 0.614776742458343 0.610693943500519 0.604415678977966 0.596625661849976 0.589873337745667 0.604183375835419 0.61218433380127 0.606648886203766 0.588956117630005 0.553336989879608 0.555569207668304 0.541595160961151 0.540328693389893 0.557147467136383 0.56064076423645 0.545734333992004 0.517410266399384 0.505551511049271 0.508231431245804 0.49916090965271 0.509306049346924 0.505950671434402 0.50928503870964 0.525590813159943 0.53688907623291 0.522612416744232 0.501405936479568 0.50698584318161 0.527707278728485
-9999 -9999 -9999 -9999 -9999 -9999 -9999 -9999 -9999 -9999 -9999 -9999 -9999 0.629282820224762 0.359415957331657 0.0578946553170681 0 0 0 0 0 0 0 0 0 0 0.0503021210432053 0.333947390317917 0.578369796276093 0.655491030216217 0.63141223192215 0.617282104492187 0.625607466697693 0.639690661430359 0.638355505466461 0.638554215431213 0.642506372928619 0.651431775093079 0.648046922683716 0.602639234066009 0.546106839179993 0.520920848846436 0.531651186943054 0.5428346991539 0.537962019443512 0.52642674446106 0.524534130096436 0.531277525424957 0.533405518531799 0.531724047660828 0.52245466709137 0.52208753824234 0.529321384429932 0.526967763900757 0.527399682998657 0.522499752044678 0.53795382976532 0.566710412502289
-9999 -9999 -9999 -9999 -9999 -9999 -9999 -9999 -9999 -9999 -9999 -9999 -9999 0.524679845571518 0.490894943475723 0.150090023875237 0.00193746443837881 0 0 0 0 0 0 0 0 0 0 0.0925934944301844 0.387026238441467 0.61230001449585 0.633643972873688 0.607830405235291 0.623792791366577 0.660818123817444 0.649084150791168 0.650350403785706 0.656341171264648 0.649872314929962 0.657045674324036 0.653636264801025 0.554221558570862 0.502153134346008 0.510698872804642 0.530965328216553 0.534874796867371 0.539940822124481 0.548149299621582 0.560491919517517 0.572966420650482 0.567644333839416 0.55454888343811 0.552546119689941 0.553313410282135 0.542174470424652 0.558518600463867 0.562832546234131 0.57940309047699 0.597749078273773
-9999 -9999 -9999 -9999 -9999 -9999 -9999 -9999 -9999 -9999 -9999 -9999 -9999 0.444692975282669 0.563798749446869 0.352992933988571 0.116292857378721 0.00010100135114044 0 0 0 0 0 0 0 0 0 0.0698642536997795 0.278565183281898 0.494176137447357 0.625723111629486 0.572319102287292 0.58760107755661 0.616035795211792 0.636499750614166 0.653481352329254 0.63983166217804 0.620187151432037 0.615688228607178 0.660963451862335 0.554779374599457 0.492290097475052 0.488452595472336 0.511498951911926 0.533737933635712 0.553815519809723 0.572267949581146 0.586855864524841 0.592903757095337 0.595468878746033 0.595299029350281 0.595797610282898 0.595175802707672 0.598050093650818 0.599663269519806 0.600894176959991 0.599556589126587 0.598070526123047
-9999 -9999 -9999 -9999 -9999 -9999 -9999 -9999 -9999 -9999 -9999 -9999 -9999 -9999 0.576603424549103 0.480145853757858 0.350967887043953 0.124608114361763 0 0 0 0 0 0 0 0 0 0 0.142572832107544 0.374560379981995 0.550169897079468 0.573620140552521 0.568930220603943 0.570053911209106 0.589444971084595 0.636340856552124 0.655167317390442 0.643591451644898 0.621136462688446 0.648781645298004 0.528571629524231 0.479502457380295 0.484675407409668 0.508686780929565 0.5467649102211 0.577234506607056 0.600782060623169 0.612395012378693 0.615085434913635 0.616449654102325 0.615385067462921 0.612324011325836 0.608543646335602 0.605890369415283 0.603997361660004 0.601784217357636 0.600475072860718 0.598941028118134
-9999 -9999 -9999 -9999 -9999 -9999 -9999 -9999 -9999 -9999 -9999 -9999 -9999 -9999 -9999 0.592415332794189 0.447933387756348 0.399875622987747 0.228837126493454 0.0423593424260616 0 0 0 0 0 0 0 0 0.0163318984210491 0.210176365077496 0.340168207883835 0.459909629821777 0.602410924434662 0.549748933315277 0.559421038627624 0.577000033855438 0.590007090568543 0.610838985443115 0.587031817436218 0.563405084609985 0.512520051002502 0.494803899526596 0.512415051460266 0.543973863124847 0.574949526786804 0.6072918176651 0.626425695419311 0.632823073863983 0.626703834533691 0.620832753181457 0.615891444683075 0.612801289558411 0.609420430660248 0.606882297992706 0.604773783683777 0.603108441829681 0.60188410282135 0.600226390361786
-9999 -9999 -9999 -9999 -9999 -9999 -9999 -9999 -9999 -9999 -9999 -9999 -9999 -9999 -9999 -9999 -9999 0.389597284793854 0.365431344509125 0.2872971534729 0.0933659713715315 0 0 0 0 0 0 0 0 0.037075280956924 0.167081244289875 0.249937644600868 0.424725675582886 0.588294231891632 0.570707881450653 0.544139170646668 0.532890236377716 0.536369562149048 0.503696036338806 0.524849390983582 0.52010053396225 0.524687528610229 0.552102029323578 0.57376275062561 0.593967604637146 0.619776034355164 0.635818898677826 0.636274516582489 0.629584562778473 0.623892831802368 0.618165457248688 0.614543676376343 0.611285328865051 0.608975613117218 0.607315516471863 0.605480945110321 0.604426443576813 0.602863156795502
-9999 -9999 -9999 -9999 -9999 -9999 -9999 -9999 -9999 -9999 -9999 -9999 -9999 -9999 -9999 -9999 -9999 -9999 -9999 0.421051687002182 0.374058133363724 0.175185719877481 0.0218472220003605 0 0 0 0 0 0 0 0.0325749006588012 0.0972289819270372 0.226810204982758 0.35599981546402 0.523372042179108 0.572232449054718 0.531209647655487 0.548878157138824 0.567028677463531 0.566228663921356 0.569841837882996 0.58213837146759 0.587490022182465 0.596076452732086 0.607391321659088 0.613734006881714 0.626563203334808 0.639859664440155 0.631308031082153 0.624520909786224 0.619827675819397 0.615329539775848 0.613896870613098 0.611514616012573 0.609940338134766 0.608749628067017 0.607631707191467 0.606128263473511
-9999 -9999 -9999 -9999 -9999 -9999 -9999 -9999 -9999 -9999 -9999 -9999 -9999 -9999 -9999 -9999 -9999 -9999 -9999 -9999 -9999 0.433685445785522 0.244335161149502 0.0519150085747242 0 0 0 0 0 0 0 0.0109444469213486 0.112389674037695 0.192822547256947 0.347417944669724 0.525834804773331 0.619253361225128 0.61374636888504 0.622306978702545 0.619696092605591 0.628706228733063 0.631169307231903 0.629455518722534 0.62849508523941 0.629471051692963 0.628615045547485 0.635374271869659 0.646750712394714 0.637166357040405 0.62964506149292 0.616122329235077 0.608320319652557 0.611170041561127 0.614108073711395 0.614362621307373 0.612533152103424 0.611699116230011 0.611378943920135
-9999 -9999 -9999 -9999 -9999 -9999 -9999 -9999 -9999 -9999 -9999 -9999 -9999 -9999 -9999 -9999 -9999 -9999 -9999 -9999 -9999 -9999 -9999 0.464122545719147 0.175230801850557 0.00044819051399827 0 0 0 0 0 0 0 0.0495888710021973 0.212022279202938 0.341969621181488 0.495719677209854 0.663987839221954 0.644052505493164 0.644688129425049 0.670289361476898 0.67625812292099 0.667787432670593 0.664182066917419 0.657260966300964 0.659383082389832 0.657485675811768 0.653707122802734 0.642800056934357 0.63164689540863 0.607339417934418 0.600267481803894 0.612661170959473 0.6198077917099 0.618421804904938 0.616220104694366 0.617203295230865 0.616123199462891
-9999 -9999 -9999 -9999 -9999 -9999 -9999 -9999 -9999 -9999 -9999 -9999 -9999 -9999 -9999 -9999 -9999 -9999 -9999 -9999 -9999 -9999 -9999 0.386825209856033 0.412924242019653 0.166073862556368 0.0196296632289886 0 0 0 0 0 0 0 0.0400352474302053 0.183024107664824 0.404628646373749 0.618061852455139 0.639615797996521 0.644834637641907 0.688048672676086 0.69790552854538 0.689923095703125 0.681131398677826 0.671194648742676 0.668099009990692 0.66297869682312 0.657497096061707 0.647082018852234 0.62856901884079 0.606308126449585 0.602641487121582 0.617723214626312 0.624312949180603 0.626015722751617 0.620240116119385 0.623019504547119 0.624397885799408
-9999 -9999 -9999 -9999 -9999 -9999 -9999 -9999 -9999 -9999 -9999 -9999 -9999 -9999 -9999 -9999 -9999 -9999 -9999 -9999 -9999 -9999 -9999 -9999 -9999 0.386853176355362 0.21399891525507 0.0275404766201973 0 0 0 0 0 0 0 0.0399341156706214 0.216899387538433 0.457986915111542 0.590815281867981 0.62630809545517 0.691501998901367 0.70149564743042 0.694555604457855 0.685323369503021 0.676831245422363 0.661007750034332 0.650481557846069 0.645045483112335 0.635325038433075 0.623809576034546 0.607954025268555 0.6103107213974 0.62509331703186 0.632195377349854 0.63212583065033 0.628844428062439 0.629599666595459 0.631065106391907
-9999 -9999 -9999 -9999 -9999 -9999 -9999 -9999 -9999 -9999 -9999 -9999 -9999 -9999 -9999 -9999 -9999 -9999 -9999 -9999 -9999 -9999 -9999 -9999 -9999 0.31606841981411 0.365497583150864 0.135077618062496 0.000360760535113513 0 0 0 0 0 0 0.0054505804553628 0.119878911972046 0.346043589711189 0.565488743782044 0.598363876342773 0.644829034805298 0.671481215953827 0.686875975131989 0.690732002258301 0.681138002872467 0.662629461288452 0.646371531486511 0.632124638557434 0.625188636779785 0.626379978656769 0.628426218032837 0.631617665290833 0.637961113452911 0.641691267490387 0.635254049301147 0.627700984477997 0.629662227630615 0.637996196746826
-9999 -9999 -9999 -9999 -9999 -9999 -9999 -9999 -9999 -9999 -9999 -9999 -9999 -9999 -9999 -9999 -9999 -9999 -9999 -9999 -9999 -9999 -9999 -9999 -9999 -9999 0.358902764320374 0.270708575844765 0.0564534179866314 0 0 0 0 0 0 0 0.0776327297091484 0.268855157494545 0.50890811085701 0.56163774728775 0.569296526908875 0.597314941883087 0.652293014526367 0.693528747558594 0.679313182830811 0.664590799808502 0.650620090961456 0.628567326068878 0.616475772857666 0.630425465106964 0.64743560552597 0.651268005371094 0.650467908382416 0.646371352672577 0.629499650001526 0.614570093154907 0.618515336513519 0.63974130153656
-9999 -9999 -9999 -9999 -9999 -9999 -9999 -9999 -9999 -9999 -9999 -9999 -9999 -9999 -9999 -9999 -9999 -9999 -9999 -9999 -9999 -9999 -9999 -9999 -9999 -9999 0.320814895629883 0.348306673765182 0.0981344949454069 0 0 0 0 0 0 0 0.0732753366231918 0.242930518090725 0.473638302087784 0.520074927806854 0.523250126838684 0.542893993854523 0.578210437297821 0.620605802536011 0.653922545909882 0.666466283798218 0.661414778232574 0.635257720947266 0.617927157878876 0.632807087898254 0.65422523021698 0.662067580223084 0.663795375823975 0.646758222579956 0.613945984840393 0.588951575756073 0.594010531902313 0.630588138103485
-9999 -9999 -9999 -9999 -9999 -9999 -9999 -9999 -9999 -9999 -9999 -9999 -9999 -9999 -9999 -9999 -9999 -9999 -9999 -9999 -9999 -9999 -9999 -9999 -9999 -9999 0.275903251767159 0.388887161016464 0.132063527405262 0 0 0 0 0 0 0 0.073124136030674 0.227299121022224 0.440607267618179 0.480378717184067 0.485297614336014 0.493542450666428 0.500823032855988 0.501561135053635 0.596693408489227 0.658046126365662 0.650916039943695 0.64268364906311 0.597829556465149 0.639942753314972 0.661890697479248 0.670116758346558 0.666231966018677 0.644604921340942 0.602869427204132 0.56034460067749 0.564578247070312 0.617536306381226
-9999 -9999 -9999 -9999 -9999 -9999 -9999 -9999 -9999 -9999 -9999 -9999 -9999 -9999 -9999 -9999 -9999 -9999 -9999 -9999 -9999 -9999 -9999 -9999 -9999 -9999 0.277735483646393 0.377349710464478 0.0970854576677084 0 0 0 0 0 0 0.00146197555586696 0.0903678986243904 0.256356385350227 0.437642520666122 0.447414517402649 0.45605041384697 0.457679510116577 0.449099564552307 0.46007474064827 0.525949621200562 0.600452446937561 0.636008155345917 0.647320568561554 0.651476621627808 0.658079433441162 0.664894235134125 0.665733456611633 0.652225470542908 0.631278991699219 0.596893465518951 0.568657207489014 0.570471477508545 0.603968369960785
-9999 -9999 -9999 -9999 -9999 -9999 -9999 -9999 -9999 -9999 -9999 -9999 -9999 -9999 -9999 -9999 -9999 -9999 -9999 -9999 -9999 -9999 -9999 -9999 -9999 -9999 0.266238558292389 0.342394542694092 0.0625104673206806 0 0 0 0 0 0 0.00864091850817203 0.115531881153584 0.285474461317062 0.418188416957855 0.426763772964478 0.440640252828598 0.439912396669388 0.420643353462219 0.416189926862717 0.47889958024025 0.536573421955109 0.589385557174683 0.647580122947693 0.683147740364075 0.666623067855835 0.649751806259155 0.640262460708618 0.629279625415802 0.619344294071198 0.593135762214661 0.573062992095947 0.571101641654968 0.589732003211975
-9999 -9999 -9999 -9999 -9999 -9999 -9999 -9999 -9999 -9999 -9999 -9999 -9999 -9999 -9999 -9999 -9999 -9999 -9999 -9999 -9999 -9999 -9999 -9999 -9999 -9999 0.271362999081612 0.29683011174202 0.0230282194912434 0 0 0 0 0 0 0.0208455607295036 0.147206656634808 0.329493966698647 0.4351871073246 0.427200436592102 0.436623603105545 0.432693141698837 0.413750767707825 0.419410461187363 0.486953604221344 0.574435675144196 0.619956052303314 0.627524769306183 0.621907651424408 0.626658487319946 0.62403826713562 0.617961859703064 0.610381531715393 0.599030947685242 0.580939948558807 0.562492334842682 0.555329608917236 0.561488509178162
-9999 -9999 -9999 -9999 -9999 -9999 -9999 -9999 -9999 -9999 -9999 -9999 -9999 -9999 -9999 -9999 -9999 -9999 -9999 -9999 -9999 -9999 -9999 -9999 -9999 -9999 0.251913499832153 0.26032807379961 0 0 0 0 0 0 0 0.0418475084006786 0.190732381492853 0.367110422253609 0.443138444423676 0.436425250768662 0.446091848611832 0.43958380818367 0.415342968702316 0.415692043304443 0.50053927898407 0.607024812698364 0.642128264904022 0.606810486316681 0.565293526649475 0.589320456981659 0.599693036079407 0.599853944778442 0.59636846780777 0.581788444519043 0.566613268852234 0.550125777721405 0.538316738605499 0.534687316417694
-9999 -9999 -9999 -9999 -9999 -9999 -9999 -9999 -9999 -9999 -9999 -9999 -9999 -9999 -9999 -9999 -9999 -9999 -9999 -9999 -9999 -9999 -9999 -9999 -9999 0.296629336476326 0.250983360409737 0.244690388441086 0.00562761072069407 0 0 0 0 0 0 0.0734148874878883 0.248205600678921 0.421130841970444 0.459337794780731 0.448259788751602 0.464246332645416 0.455106794834137 0.418523305654526 0.421528190374374 0.487937688827515 0.573768353462219 0.606997871398926 0.592106986045837 0.573741507530212 0.576589357852936 0.590694558620453 0.590899753570557 0.580647802352905 0.566939747333527 0.55577689409256 0.544298350811005 0.533123409748077 0.524462807178497
-9999 -9999 -9999 -9999 -9999 -9999 -9999 -9999 -9999 -9999 -9999 -9999 -9999 -9999 -9999 -9999 -9999 -9999 -9999 -9999 -9999 -9999 -9999 -9999 -9999 0.298167490959168 0.272999921441078 0.232197213172913 0.00258497110335156 0 0 0 0 0 0.00808935537934303 0.112486538290977 0.300911766290665 0.451361453533173 0.452328425645828 0.44571487903595 0.461510223150253 0.449747002124786 0.40839878320694 0.403988248109817 0.458897298574448 0.533372473716736 0.569608855247498 0.567487847805023 0.563162064552307 0.565262365341187 0.575082242488861 0.573100793361664 0.557974302768707 0.548625648021698 0.545628547668457 0.543621206283569 0.537538814544678 0.528021001815796
