meets/meet004/_saidas_enm/ensemble_aver_Aralia_warmingiana_CCSM_21k_Maha.asc
NCOLS 154 
NROWS 168 
XLLCORNER -112 
YLLCORNER -55.5 
CELLSIZE 0.5 
NODATA_value -9999 
[rows 75 to 99 of 168, columns 56 to 111 of 154]
-9999 -9999 -9999 -9999 -9999 -9999 -9999 -9999 -9999 -9999 -9999 -153.022416687012 -179.787164306641 -171.975119018555 -137.697505187988 -85.4965103149414 -47.8518325805664 -15.6448482513428 -9.86012783050537 -14.1669218063354 -13.8146595001221 -12.3427625656128 -10.9905853271484 -9.57247505187988 -7.69649143218994 -6.26584234237671 -5.68448534011841 -5.01585416793823 -4.5944938659668 -4.14062871932983 -3.69871988296509 -3.55179796218872 -3.43990573883057 -2.96121077537537 -2.34080126285553 -1.77905683517456 -1.30147519111633 -0.813299107551575 -0.508097493648529 -0.214711436629295 0.00865334570407867 0.125287919491529 0.206405562162399 0.0975973032414913 -0.0961658752523363 -0.513037717342377 -1.22737286090851 -2.23063025474548 -3.35804710388184 -3.38461017608643 -4.00275893211365 -4.85579643249512 -5.81467008590698 -6.51474351882935 -6.84088983535767 -7.38294839859009
-9999 -9999 -9999 -9999 -9999 -9999 -9999 -9999 -9999 -9999 -9999 -140.678828430176 -154.380526733398 -145.630038452148 -132.679794311523 -99.6351089477539 -63.734497833252 -25.7645278930664 -11.9794231414795 -13.6696727752686 -17.0163312911987 -14.842700958252 -12.9268669128418 -11.2575876235962 -9.18930234909058 -7.43652648925781 -6.97244310379028 -6.25598735809326 -5.68941669464111 -5.18711042404175 -4.56536865234375 -4.19726076126099 -3.61173911094666 -3.23402538299561 -2.89361691474915 -2.28889739513397 -1.7876579284668 -1.40576894283295 -1.16298611164093 -0.749734389781952 -0.337663748860359 -0.0728318158537149 0.0573208659421653 0.235191825032234 0.353649640083313 0.196559858322144 -0.304151666164398 -1.22206587791443 -2.22630844116211 -2.56221208572388 -2.74608559608459 -3.36772809028625 -4.16029233932495 -4.94779825210571 -5.58815011978149 -6.38753786087036
-9999 -9999 -9999 -9999 -9999 -9999 -9999 -9999 -9999 -9999 -9999 -9999 -157.00615234375 -142.67335357666 -127.463444519043 -104.660705566406 -80.6910446166992 -58.8038299560547 -34.8548824310303 -21.0690319061279 -15.6123966217041 -14.9523717880249 -14.5685928344727 -13.9146022796631 -11.0052724838257 -8.83678197860718 -8.03755121231079 -7.99656763076782 -7.62222805023193 -7.09859848022461 -6.11472396850586 -5.66037588119507 -4.82884569168091 -4.22110476493835 -3.6772744178772 -3.16692295074463 -2.73946094512939 -2.05033893585205 -1.62537136077881 -1.52798752784729 -1.09655864238739 -0.521888542175293 -0.26821101307869 -0.248425841331482 -0.00382356457412243 0.224143514037132 0.101516069658101 -0.497437703609467 -1.1485963344574 -1.83763043880463 -1.75776407718658 -2.05945103168488 -2.64541373252869 -3.2843080997467 -3.82712473869324 -4.42660264968872
-9999 -9999 -9999 -9999 -9999 -9999 -9999 -9999 -9999 -9999 -9999 -9999 -174.978768920898 -152.732997131348 -112.915928649902 -95.5971084594727 -109.751933288574 -116.689533996582 -100.228305053711 -66.6559150695801 -26.1087223052979 -17.91432762146 -14.3269376754761 -13.2592275619507 -11.6524002075195 -9.62208423614502 -10.2022001266479 -10.7536895751953 -10.5469442367554 -10.3313508987427 -8.44972410202026 -8.24641952514648 -7.44312543869019 -6.32770195007324 -5.31392421722412 -4.4228720664978 -3.98835954666138 -3.27907009124756 -2.43800225257874 -1.95069434642792 -1.50586619377136 -1.0856917142868 -0.750697326660156 -0.542995649576187 -0.317198383808136 -0.276374016702175 -0.387149918079376 -0.532664448022842 -0.974378705024719 -1.76104350090027 -1.37262964248657 -1.52421638965607 -1.88283274173737 -2.21970248222351 -2.55210428237915 -2.95560064315796
-9999 -9999 -9999 -9999 -9999 -9999 -9999 -9999 -9999 -9999 -9999 -9999 -9999 -171.589794921875 -115.997314453125 -120.470565795898 -154.734204101563 -190.899731445313 -181.155392456055 -152.914436340332 -95.1674728393555 -39.87431640625 -12.4647138595581 -6.89424667358398 -5.85707674026489 -7.48776369094849 -10.1864645004272 -12.8848316192627 -14.4480192184448 -13.9291582107544 -13.032702255249 -12.1383544921875 -10.8298053741455 -9.1823260307312 -7.81070213317871 -6.36554956436157 -5.32637271881103 -4.65076923370361 -3.71500754356384 -2.91736660003662 -2.07356543540955 -1.25131275653839 -0.936030995845795 -0.904409170150757 -0.69180223941803 -0.797188591957092 -0.767031490802765 -0.681271600723267 -0.795566219091415 -1.35537447929382 -1.85268921852112 -1.72459409236908 -1.82435812950134 -1.94912731647491 -2.07013144493103 -2.28212299346924
-9999 -9999 -9999 -9999 -9999 -9999 -9999 -9999 -9999 -9999 -9999 -9999 -9999 -122.923747253418 -120.249179077148 -144.106997680664 -200.523068237305 -264.022769165039 -269.841241455078 -234.624960327148 -178.384255981445 -100.497145080566 -24.0722076416016 -5.88504753112793 -4.01212677955627 -4.03085956573486 -6.11109800338745 -12.3975994110107 -15.7333084106445 -16.1645183563232 -17.0487665176392 -16.0618083953857 -14.5572008132935 -12.2932098388672 -10.741801071167 -8.80027208328247 -6.79195032119751 -5.68621959686279 -4.71831102371216 -3.8260899066925 -3.11687965393066 -1.99152736663818 -1.13582977056503 -1.23140172958374 -0.959759938716888 -1.23805058002472 -0.90111266374588 -0.58371499478817 -0.485260011442006 -0.744075986742973 -1.13682087659836 -1.55061557292938 -1.91533310413361 -2.10788245201111 -2.54870052337647 -2.61193833351135
-9999 -9999 -9999 -9999 -9999 -9999 -9999 -9999 -9999 -9999 -9999 -9999 -9999 -9999 -121.193983459473 -138.787252807617 -211.846487426758 -284.04833984375 -304.417578125 -288.980526733398 -224.801324462891 -168.517565917969 -108.010203552246 -70.8634674072266 -41.3382446289063 -17.5081806182861 -5.62649602890015 -5.77481594085693 -10.6364114761353 -14.6040487289429 -17.6671178817749 -17.4880666732788 -17.2756519317627 -15.3607027053833 -12.1779033660889 -9.80861434936523 -7.70092477798462 -6.12473220825195 -4.94364261627197 -4.20292615890503 -3.67155094146729 -2.71621518135071 -1.99487338066101 -1.83557062149048 -1.43229467868805 -1.42011663913727 -1.04339717626572 -0.822311985492706 -0.660283656418324 -0.606280274689198 -0.683659172803164 -0.648081673309207 -1.13118122816086 -1.70383145809174 -1.84966514110565 -2.17139043807983
-9999 -9999 -9999 -9999 -9999 -9999 -9999 -9999 -9999 -9999 -9999 -9999 -9999 -9999 -131.582548522949 -124.99875793457 -198.072836303711 -277.229718017578 -320.162515258789 -323.657302856445 -286.475442504883 -273.23137512207 -266.694735717773 -236.211938476562 -166.064636230469 -113.435224914551 -64.3403907775879 -15.8579814910889 -6.16201410293579 -6.92587738037109 -16.7645029067993 -16.2286985397339 -17.5242067337036 -17.0361293792725 -13.3690486907959 -10.886009979248 -8.10883417129517 -6.40374965667725 -5.10209178924561 -4.16331725120544 -4.17544641494751 -3.15980587005615 -2.89663496017456 -2.67918725013733 -2.07891526222229 -1.80990195274353 -1.40927958488464 -1.27669880390167 -1.03669808506966 -0.692280729115009 -0.713797463104129 -0.555381362885237 -1.03493087887764 -1.3751926779747 -1.16440190076828 -1.13862118721008
-9999 -9999 -9999 -9999 -9999 -9999 -9999 -9999 -9999 -9999 -9999 -9999 -9999 -9999 -9999 -153.784564208984 -180.175213623047 -245.193002319336 -317.737255859375 -355.434576416016 -388.15478515625 -382.680535888672 -413.421667480469 -405.905572509766 -359.927685546875 -321.316326904297 -238.572012329102 -173.240664672852 -95.7226211547852 -27.5129322052002 -5.34844722747803 -10.9816579818726 -17.6335266113281 -18.8044502258301 -14.5850566864014 -10.9745988845825 -8.78616418838501 -7.57181949615479 -5.91410121917725 -4.39974346160889 -3.02335257530212 -2.80551838874817 -3.32167077064514 -3.57428374290466 -3.10394992828369 -2.51207551956177 -1.86175405979156 -1.50346771478653 -1.11753282546997 -0.707444939017296 -0.466352231800556 -0.378871806710958 -0.587093467265367 -0.747562123090029 -0.723610612750053 -0.701756824553013
-9999 -9999 -9999 -9999 -9999 -9999 -9999 -9999 -9999 -9999 -9999 -9999 -9999 -9999 -9999 -121.985446166992 -178.306350708008 -200.299658203125 -268.712338256836 -350.273382568359 -450.739630126953 -442.543432617187 -519.417358398438 -520.407000732422 -485.503588867187 -547.169024658203 -430.757788085937 -421.255151367188 -292.482019042969 -114.570837402344 -33.7402519226074 -9.84549903869629 -16.6664901733398 -17.8107080459595 -14.6741006851196 -10.711269569397 -9.54196357727051 -8.92122211456299 -7.33896341323853 -5.38305959701538 -3.47529878616333 -3.10131478309631 -4.00118327140808 -4.73224496841431 -4.32471899986267 -3.46293320655823 -2.50314445495605 -1.77886364459991 -1.19884352684021 -0.786119270324707 -0.43335876762867 -0.242678707838058 -0.243514393270016 -0.325365008413792 -0.402186179161072 -0.482372936606407
-9999 -9999 -9999 -9999 -9999 -9999 -9999 -9999 -9999 -9999 -9999 -9999 -9999 -9999 -9999 -45.0397682189941 -201.783441162109 -191.269760131836 -225.785784912109 -274.839431762695 -347.011254882813 -407.542596435547 -456.560626220703 -477.613513183594 -455.409039306641 -455.515515136719 -444.739245605469 -433.527734375 -339.368035888672 -198.523358154297 -93.7775283813477 -29.3659114837646 -13.9914741516113 -12.2341354370117 -12.2099643707275 -11.1717933654785 -10.366898727417 -9.95654621124268 -8.66870403289795 -7.35253190994263 -5.71443109512329 -4.74321684837341 -5.09804344177246 -5.60796642303467 -5.329967212677 -4.45230169296265 -3.30962619781494 -2.14205007553101 -1.38820400238037 -0.951902133226395 -0.675367368757725 -0.37468683924526 -0.238875415921211 -0.314342975616455 -0.570009532570839 -0.624086803197861
-9999 -9999 -9999 -9999 -9999 -9999 -9999 -9999 -9999 -9999 -9999 -9999 -9999 -9999 -9999 -9999 -85.6472091674805 -218.731301879883 -206.451113891602 -213.401593017578 -248.312203979492 -306.169119262695 -358.506799316406 -403.74775390625 -404.05478515625 -407.498583984375 -424.522113037109 -446.075555419922 -385.192932128906 -265.643621826172 -156.654895019531 -67.6800811767578 -20.7517333984375 -9.24777355194092 -8.13773050308228 -9.70683040618897 -9.1819296836853 -8.49276285171509 -7.40573320388794 -6.38275012969971 -5.00857181549072 -4.88450012207031 -6.11739873886108 -6.63846340179443 -6.05442152023315 -5.05230712890625 -4.08563346862793 -3.01999640464783 -2.02299122810364 -1.48807194232941 -1.08789186477661 -1.10675437450409 -1.06267786026001 -0.872889995574951 -0.598350089788437 -0.748351156711578
-9999 -9999 -9999 -9999 -9999 -9999 -9999 -9999 -9999 -9999 -9999 -9999 -9999 -9999 -9999 -9999 -9999 -77.0964263916016 -200.015869140625 -223.546115112305 -205.135635375977 -238.329827880859 -293.212127685547 -351.491729736328 -385.712268066406 -421.392639160156 -460.464526367187 -484.748840332031 -432.081365966797 -325.347741699219 -224.591101074219 -134.119625854492 -63.0224517822266 -20.1610687255859 -6.43251943588257 -5.29923324584961 -7.17140226364136 -7.70645389556885 -7.88970804214478 -6.60042867660522 -6.24702253341675 -6.33405570983887 -6.94515495300293 -6.86012926101685 -6.1562536239624 -5.038929271698 -4.0993305683136 -3.38535876274109 -2.9889012336731 -2.43343000411987 -1.65272314548492 -1.16650069952011 -0.748061227798462 -0.501778596639633 -0.283703345060348 -0.396034598350525
-9999 -9999 -9999 -9999 -9999 -9999 -9999 -9999 -9999 -9999 -9999 -9999 -9999 -9999 -9999 -9999 -9999 -9999 -9999 -204.101708984375 -258.464996337891 -248.582629394531 -268.809317016602 -326.240893554687 -375.157727050781 -395.488317871094 -457.032153320312 -504.797247314453 -471.035498046875 -378.426092529297 -292.859411621094 -203.967236328125 -136.346252441406 -71.152375793457 -23.2109493255615 -6.30740566253662 -3.7730833530426 -5.36630802154541 -7.34166889190674 -7.4200177192688 -8.38214273452759 -7.56425771713257 -7.41051626205444 -6.94471378326416 -6.06632890701294 -5.23853950500488 -4.38169803619385 -3.62584962844849 -2.95709371566772 -1.54675805568695 -0.56803132891655 -0.585209667682648 -0.886928474903107 -0.451895868778229 0.0124486491084099 0.0134184246882796
-9999 -9999 -9999 -9999 -9999 -9999 -9999 -9999 -9999 -9999 -9999 -9999 -9999 -9999 -9999 -9999 -9999 -9999 -9999 -9999 -9999 -223.232788085938 -281.466702270508 -303.109268188477 -337.758734130859 -384.594012451172 -417.804718017578 -451.686633300781 -454.797686767578 -412.373059082031 -358.911511230469 -273.336596679687 -215.386520385742 -152.833401489258 -80.5548431396484 -30.574195098877 -8.11820850372314 -3.3937264919281 -4.72285823822021 -7.07039775848389 -7.40141000747681 -7.05795488357544 -7.27884607315063 -6.35937118530273 -5.90615997314453 -5.36520299911499 -4.47186503410339 -3.93751635551453 -3.34148731231689 -1.6502133846283 -0.731316471099854 -0.617397099733353 -0.784803915023804 -0.44795229434967 -0.169795766472816 -0.17620598077774
-9999 -9999 -9999 -9999 -9999 -9999 -9999 -9999 -9999 -9999 -9999 -9999 -9999 -9999 -9999 -9999 -9999 -9999 -9999 -9999 -9999 -9999 -9999 -219.81940612793 -264.379721069336 -311.473937988281 -356.259509277344 -392.542437744141 -423.775952148438 -416.607299804688 -406.672570800781 -339.903570556641 -294.260690307617 -233.633697509766 -165.429244995117 -100.599768066406 -44.6387138366699 -14.903063583374 -5.52810764312744 -4.30012049674988 -5.99052886962891 -5.07768087387085 -5.00651779174805 -4.94349546432495 -5.20974750518799 -4.82907829284668 -4.07893314361572 -3.68413429260254 -3.28412880897522 -1.80091931819916 -0.915015614032745 -0.75143209695816 -0.928240859508514 -0.574564206600189 -0.333207973837853 -0.228411018848419
-9999 -9999 -9999 -9999 -9999 -9999 -9999 -9999 -9999 -9999 -9999 -9999 -9999 -9999 -9999 -9999 -9999 -9999 -9999 -9999 -9999 -9999 -9999 -9999 -9999 -242.214630126953 -287.525091552734 -310.060000610352 -354.458782958984 -387.750970458984 -397.705285644531 -380.352355957031 -378.323071289063 -334.827099609375 -259.874969482422 -210.641610717773 -122.121105957031 -65.3814788818359 -24.3962913513184 -8.49216442108154 -5.63657712936401 -4.32295322418213 -3.26985445022583 -2.88120975494385 -3.1852885723114 -3.33942985534668 -3.54133558273315 -3.11322250366211 -2.94509091377258 -1.981467628479 -1.06090188026428 -0.87747551202774 -1.2165221452713 -0.919790816307068 -0.42438228726387 -0.222537112236023
-9999 -9999 -9999 -9999 -9999 -9999 -9999 -9999 -9999 -9999 -9999 -9999 -9999 -9999 -9999 -9999 -9999 -9999 -9999 -9999 -9999 -9999 -9999 -9999 -9999 -183.551229858398 -258.912442016602 -260.159921264648 -292.119439697266 -345.235296630859 -373.082061767578 -393.400091552734 -418.827191162109 -385.786352539062 -318.621298217773 -263.864239501953 -183.72067565918 -116.091482543945 -56.8399383544922 -21.5013080596924 -9.87628536224365 -5.32975730895996 -1.57401943206787 -1.42860100269318 -1.81066596508026 -1.99669194221497 -2.42989497184753 -2.58864898681641 -2.80125327110291 -2.14033257961273 -1.15572038888931 -1.03369083404541 -1.32312364578247 -1.12003762722015 -0.451491272449493 -0.207110673189163
-9999 -9999 -9999 -9999 -9999 -9999 -9999 -9999 -9999 -9999 -9999 -9999 -9999 -9999 -9999 -9999 -9999 -9999 -9999 -9999 -9999 -9999 -9999 -9999 -9999 -9999 -9999 -251.286486816406 -255.742227172852 -281.312533569336 -329.988122558594 -370.815124511719 -394.313537597656 -394.381427001953 -359.806207275391 -313.038272094727 -234.278137207031 -162.167085266113 -90.5705520629883 -42.3925834655762 -19.1902019500732 -6.10888624191284 -0.573065453767777 -0.287702983617783 -1.2830673456192 -1.39408247470856 -1.74647762775421 -2.41272077560425 -2.80655379295349 -2.18466033935547 -1.2316869020462 -1.25297412872314 -1.471834897995 -1.1981876373291 -0.377956384420395 -0.107252394407988
-9999 -9999 -9999 -9999 -9999 -9999 -9999 -9999 -9999 -9999 -9999 -9999 -9999 -9999 -9999 -9999 -9999 -9999 -9999 -9999 -9999 -9999 -9999 -9999 -9999 -9999 -9999 -219.624398803711 -259.00634765625 -250.492373657227 -280.220919799805 -342.576770019531 -392.899884033203 -409.510540771484 -381.742767333984 -327.601922607422 -271.705102539063 -206.338534545898 -122.047254943848 -58.4837074279785 -21.07370262146 -7.15253820419312 -2.52934551239014 -1.54401872158051 -1.50779747962952 -1.18374009132385 -1.50153563022614 -2.08061447143555 -2.37032194137573 -2.10589511394501 -1.84909672737122 -1.60860950946808 -1.44238514900208 -0.966129338741302 -0.234505301713943 0.0553946431726217
-9999 -9999 -9999 -9999 -9999 -9999 -9999 -9999 -9999 -9999 -9999 -9999 -9999 -9999 -9999 -9999 -9999 -9999 -9999 -9999 -9999 -9999 -9999 -9999 -9999 -9999 -9999 -9999 -240.552770996094 -218.532635498047 -230.699301147461 -307.169573974609 -389.375579833984 -421.867797851562 -392.219506835938 -334.68046875 -290.301138305664 -243.177392578125 -158.198731994629 -74.9014007568359 -25.2430458068848 -8.12640857696533 -5.12580833435059 -3.76103405952454 -2.44388551712036 -0.190875658392906 -0.544559979438782 -0.914673888683319 -1.26004259586334 -2.00401408672333 -2.51135749816895 -1.67668037414551 -1.2679247379303 -0.603219014406204 -0.174041068926454 0.033580601029098
-9999 -9999 -9999 -9999 -9999 -9999 -9999 -9999 -9999 -9999 -9999 -9999 -9999 -9999 -9999 -9999 -9999 -9999 -9999 -9999 -9999 -9999 -9999 -9999 -9999 -9999 -9999 -9999 -233.761669921875 -205.190936279297 -213.202575683594 -288.551623535156 -379.918395996094 -427.632586669922 -407.269976806641 -339.906958007812 -301.473474121094 -261.687881469727 -176.273428344727 -84.4478271484375 -30.0317279815674 -9.63942499160767 -6.19568319320679 -4.86851463317871 -4.34557209014893 -2.62714171409607 -1.16560530662537 -0.401908224821091 -0.599753212928772 -1.62391290664673 -2.26103043556213 -1.52658903598785 -0.91784530878067 -0.49782862663269 -0.216851732134819 0.392370784282684
-9999 -9999 -9999 -9999 -9999 -9999 -9999 -9999 -9999 -9999 -9999 -9999 -9999 -9999 -9999 -9999 -9999 -9999 -9999 -9999 -9999 -9999 -9999 -9999 -9999 -9999 -9999 -9999 -236.815777587891 -196.718807983398 -195.853607177734 -279.20517578125 -384.707800292969 -439.414093017578 -415.925512695312 -341.533288574219 -306.758547973633 -269.710675048828 -185.513244628906 -89.3408935546875 -31.380969619751 -9.04764585494995 -6.67056102752686 -6.52486572265625 -7.13325805664063 -6.800599193573 -2.60531373023987 -0.590544503927231 -0.485476934909821 -1.25725840330124 -2.72984118461609 -1.10530594587326 -0.547444820404053 -0.18384861946106 0.18576645553112 0.338149064779282
-9999 -9999 -9999 -9999 -9999 -9999 -9999 -9999 -9999 -9999 -9999 -9999 -9999 -9999 -9999 -9999 -9999 -9999 -9999 -9999 -9999 -9999 -9999 -9999 -9999 -9999 -9999 -9999 -224.425317382812 -199.885787963867 -201.252770996094 -285.711703491211 -393.004931640625 -452.661004638672 -440.658728027344 -371.660168457031 -320.3923828125 -269.103759765625 -175.713409423828 -80.7832748413086 -28.3312229156494 -8.10957775115967 -6.62085428237915 -7.93025970458984 -9.50815753936768 -8.40477409362793 -4.89463911056519 -2.15293436050415 -1.21938989162445 -0.934789514541626 -0.597879242897034 -0.248271316289902 -0.0699219050817192 -0.0303522974252701 0.261130306124687 0.508088803291321
-9999 -9999 -9999 -9999 -9999 -9999 -9999 -9999 -9999 -9999 -9999 -9999 -9999 -9999 -9999 -9999 -9999 -9999 -9999 -9999 -9999 -9999 -9999 -9999 -9999 -9999 -9999 -9999 -214.003378295898 -201.939306640625 -203.749917602539 -300.948068237305 -409.416931152344 -468.091387939453 -457.231640625 -405.522833251953 -326.445349121094 -260.256390380859 -157.69462890625 -68.3617156982422 -22.6860897064209 -6.10496263504028 -6.96571779251099 -9.3230037689209 -10.7267488479614 -10.3504175186157 -6.29632444381714 -3.66835560798645 -1.84807281494141 -0.60276300907135 -0.327168783545494 0.141532523930073 0.00527022629976273 -0.0262558855116367 0.256205531954765 0.468038845062256
