meets/meet004/_saidas_enm/ensemble_aver_Aralia_warmingiana_CCSM_6k_Maxent.asc
NCOLS 154 
NROWS 168 
XLLCORNER -112 
YLLCORNER -55.5 
CELLSIZE 0.5 
NODATA_value -9999 
[rows 75 to 99 of 168, columns 56 to 111 of 154]
-9999 -9999 -9999 -9999 -9999 -9999 -9999 -9999 -9999 -9999 -9999 0.365761792659759 0.298528534173965 0.302770817279816 0.320023965835571 0.355241149663925 0.461597168445587 0.581808435916901 0.5933673620224 0.55285120010376 0.503277391195297 0.433500635623932 0.379984381794929 0.345449379086494 0.349582242965698 0.347532740235329 0.33498615026474 0.318934279680252 0.302695786952972 0.290604907274246 0.27449794113636 0.255015245079994 0.237656800448895 0.228274871408939 0.227606712281704 0.227296076714993 0.225141686201096 0.221465966105461 0.2236971616745 0.229541482031345 0.234285780787468 0.239143753051758 0.241736567020416 0.248641523718834 0.254600915312767 0.25166862308979 0.244512429833412 0.231571099162102 0.218282932043076 0.202142113447189 0.189813715219498 0.186426478624344 0.185789766907692 0.190871345996857 0.194713228940964 0.184537014365196
-9999 -9999 -9999 -9999 -9999 -9999 -9999 -9999 -9999 -9999 -9999 0.405646514892578 0.345301485061645 0.322172123193741 0.316416203975677 0.315929287672043 0.379590433835983 0.446139323711395 0.532697510719299 0.593941307067871 0.548223924636841 0.48583447933197 0.42406422495842 0.360802608728409 0.362673071026802 0.343366202712059 0.334137576818466 0.318220177292824 0.29919239282608 0.288628789782524 0.273574247956276 0.252584345638752 0.237872532010078 0.230943247675896 0.236469285190105 0.245944583415985 0.238248592615128 0.237683601677418 0.240916925668716 0.249318569898605 0.266265365481377 0.254695543646812 0.256839501857758 0.264509424567223 0.272690975666046 0.295996117591858 0.283537226915359 0.264257597923279 0.25067592561245 0.233738425374031 0.220885345339775 0.215811976790428 0.210398826003075 0.203326487541199 0.18537891805172 0.164891767501831
-9999 -9999 -9999 -9999 -9999 -9999 -9999 -9999 -9999 -9999 -9999 -9999 0.390915900468826 0.349608391523361 0.325015151500702 0.305925923585892 0.295421713590622 0.299717253446579 0.36331570148468 0.491122883558273 0.598567187786102 0.607192730903625 0.472604495286942 0.367005491256714 0.370411550998688 0.371211442351341 0.351896953582764 0.321246820688248 0.294352880120277 0.277938970923424 0.262571252882481 0.244024105370045 0.232065932452679 0.227640157938004 0.233725681900978 0.243119297921658 0.240785326063633 0.240429700911045 0.243381457030773 0.250248083472252 0.257629150152206 0.243704548478127 0.235186374187469 0.24202227294445 0.261957561969757 0.287222102284431 0.292108020186424 0.286062544584274 0.279284602403641 0.265768954157829 0.250138765573502 0.242093425989151 0.228907409310341 0.210212361812592 0.189917147159576 0.154465901851654
-9999 -9999 -9999 -9999 -9999 -9999 -9999 -9999 -9999 -9999 -9999 -9999 0.433051484823227 0.348174619674683 0.306418526172638 0.257078796625137 0.210119843482971 0.16907439827919 0.198127484321594 0.314472854137421 0.464186877012253 0.585856366157532 0.577791094779968 0.374021571874619 0.424798911809921 0.42674475312233 0.37256498336792 0.326689505577087 0.287491738796234 0.267734083533287 0.248264747858047 0.231665562093258 0.220359537005424 0.21584151238203 0.221866127848625 0.227285298705101 0.22803755402565 0.227313305437565 0.229825875163078 0.235121792554855 0.233110545575619 0.218546271324158 0.195107114315033 0.201586735248566 0.234118267893791 0.261950415372849 0.290325486660004 0.300237771868706 0.304296708106995 0.294944474101067 0.273446416854858 0.261058107018471 0.243788415193558 0.22183475792408 0.17790932059288 0.140320777893066
-9999 -9999 -9999 -9999 -9999 -9999 -9999 -9999 -9999 -9999 -9999 -9999 -9999 0.425700688362122 0.295465528964996 0.19862157702446 0.146917146444321 0.122972156107426 0.125589461624622 0.171080955862999 0.260267072916031 0.407446277141571 0.552586376667023 0.501315724849701 0.430269247293472 0.421444040536881 0.376018223166466 0.316295310854912 0.273517242074013 0.25571852773428 0.238492746651173 0.221699005365372 0.211157040297985 0.205610208213329 0.208289532363415 0.214238765835762 0.213876390457153 0.213998460769653 0.216252385079861 0.22090135216713 0.217932046949863 0.201265868544579 0.179762826859951 0.18615895062685 0.216079059243202 0.254231959581375 0.29590103328228 0.321997171640396 0.33402025103569 0.32706670165062 0.306485217809677 0.286420747637749 0.241134068369865 0.197957992553711 0.158303236961365 0.126515090465546
-9999 -9999 -9999 -9999 -9999 -9999 -9999 -9999 -9999 -9999 -9999 -9999 -9999 0.424675792455673 0.285166361927986 0.136700065433979 0.114263524115086 0.0987043902277946 0.0861231200397015 0.092393134534359 0.097066456079483 0.17677891254425 0.32785906791687 0.411865788698196 0.410523104667664 0.422675478458405 0.351315349340439 0.297465300559998 0.237863764166832 0.232991078495979 0.226739291846752 0.192134813219309 0.198034997284412 0.191814497858286 0.196286164969206 0.189172537624836 0.197928653657436 0.195493716001511 0.199357087910175 0.199819667637348 0.202417996525764 0.201998202502728 0.173229743540287 0.178730572760105 0.211259305477142 0.255929598212242 0.303312569856644 0.345072650909424 0.365808981657028 0.352961802482605 0.343329602479935 0.28485015630722 0.229300951957703 0.186966261267662 0.152288463711739 0.12390251904726
-9999 -9999 -9999 -9999 -9999 -9999 -9999 -9999 -9999 -9999 -9999 -9999 -9999 -9999 0.325638669729233 0.172138300538063 0.12419131398201 0.095095682144165 0.0744039140641689 0.0630243510007858 0.0552380695939064 0.056107284873724 0.0600948348641396 0.0809418179094791 0.137687247991562 0.231179791688919 0.326652354001999 0.25216426551342 0.187664446979761 0.193268880993128 0.164768105000257 0.172960549592972 0.168363767117262 0.165198501944542 0.175904326885939 0.177702891081572 0.173500267416239 0.173662400245667 0.180348984897137 0.19434701949358 0.194063283503056 0.199732951819897 0.189726270735264 0.197840537130833 0.216860416531563 0.254859066009521 0.298735958337784 0.336182183027267 0.336699599027634 0.317821145057678 0.281344348192215 0.241503697633743 0.197894325852394 0.169537863135338 0.149351845681667 0.123155027627945
-9999 -9999 -9999 -9999 -9999 -9999 -9999 -9999 -9999 -9999 -9999 -9999 -9999 -9999 0.400098663568497 0.212715008854866 0.178570339083672 0.110874438285828 0.0744423776865006 0.0515397615730762 0.0337537683546543 0.0185258654877543 0.00921119577251375 0.00999284014105797 0.0171401593834162 0.0292044829577208 0.0768991492688656 0.23560556769371 0.229928195476532 0.253031951189041 0.134642969816923 0.157524185627699 0.153689428418875 0.144016971439123 0.159777168929577 0.158223204314709 0.146421209722757 0.14496321901679 0.158180671185255 0.178786910325289 0.181887282431126 0.183891838788986 0.182781879603863 0.207355603575706 0.219124169647694 0.247192472219467 0.286595594882965 0.30921471118927 0.290274560451508 0.269370472431183 0.23211575448513 0.218949154019356 0.182032451033592 0.162685684859753 0.149450975656509 0.128998419642448
-9999 -9999 -9999 -9999 -9999 -9999 -9999 -9999 -9999 -9999 -9999 -9999 -9999 -9999 -9999 0.439838218688965 0.295538082718849 0.155575788021088 0.0885574251413345 0.0515816874802113 0.0283404605463147 0.0124926824122667 0.00542872184887528 0.00409726821817458 0.00393749822396785 0.00412288568913937 0.00738873020745814 0.0138344192877412 0.0348007317632437 0.165223947167397 0.351372635364532 0.294296762347221 0.180192633718252 0.123112339526415 0.127882486954331 0.127411050349474 0.13159152045846 0.1374826323241 0.143591935187578 0.149488624185324 0.159379924088717 0.177039851248264 0.168373826146126 0.175634941458702 0.226883652806282 0.245001038908958 0.277594417333603 0.285987696051598 0.28751437664032 0.271013858914375 0.25026533305645 0.227440029382706 0.197875636816025 0.178376610577106 0.162463366985321 0.14730274528265
-9999 -9999 -9999 -9999 -9999 -9999 -9999 -9999 -9999 -9999 -9999 -9999 -9999 -9999 -9999 0.559747850894928 0.40782875418663 0.241678687930107 0.127534073591232 0.0669297195971012 0.0315189190208912 0.0154305417090654 0.00730456570163369 0.00380778799299151 0.0021784256095998 0.00115086680743843 0.00213425221154466 0.00251130546093918 0.00480443489504978 0.0269563147798181 0.141674655675888 0.380852717161179 0.275403645634651 0.141019031405449 0.129745581373572 0.112856527417898 0.11359293051064 0.119435542076826 0.115933436900377 0.105731124058366 0.106867339462042 0.141991683840752 0.157946026325226 0.151706117391586 0.199253261089325 0.243032506108284 0.268054270744324 0.266376829147339 0.270233300328255 0.250367936491966 0.230293354392052 0.211058661341667 0.196275198459625 0.176064057648182 0.155406296253204 0.158285346627235
-9999 -9999 -9999 -9999 -9999 -9999 -9999 -9999 -9999 -9999 -9999 -9999 -9999 -9999 -9999 0.426784974336624 0.423173546791077 0.319930237531662 0.206014356017113 0.117808958888054 0.0588433101773262 0.03116799518466 0.0196552230045199 0.0122739862650633 0.00630140895955265 0.00392794711515307 0.00307462764903903 0.00276363261509687 0.00440721313934773 0.0138329791836441 0.0586707010865212 0.219476071000099 0.454143887758255 0.260368040204048 0.185908191651106 0.142767975479364 0.131606304273009 0.1091004088521 0.0957328183576465 0.0836201610043645 0.0775103207677603 0.123078959435225 0.148110711574554 0.140704865753651 0.166238990426064 0.235554301738739 0.253926137089729 0.249377897381783 0.24480756521225 0.227877095341682 0.219428169727325 0.177353766560555 0.150681136548519 0.130255292356014 0.108938018977642 0.101707604527473
-9999 -9999 -9999 -9999 -9999 -9999 -9999 -9999 -9999 -9999 -9999 -9999 -9999 -9999 -9999 -9999 0.329906520247459 0.334827750921249 0.282128661870956 0.206906425952911 0.0538543123751879 0.042951824888587 0.0304252313449979 0.0287701435387135 0.0224310114979744 0.0190442996099591 0.00943559808656573 0.00716903936117888 0.00826582759618759 0.014157023280859 0.030890940502286 0.0928942695260048 0.280385106801987 0.425873869657517 0.328589671850204 0.211529147624969 0.162365934997797 0.124610556289554 0.108405198901892 0.0946256387978792 0.0801393972709775 0.138407336175442 0.137745369970799 0.136131900548935 0.164906385540962 0.22133337855339 0.222869530320168 0.204965060949326 0.185415151715279 0.161489418148994 0.161407077312469 0.115849705040455 0.0913634225726128 0.0770178310573101 0.0628301054239273 0.0606111228466034
-9999 -9999 -9999 -9999 -9999 -9999 -9999 -9999 -9999 -9999 -9999 -9999 -9999 -9999 -9999 -9999 -9999 0.360980916023254 0.304441493749619 0.286962929368019 0.210793015360832 0.130301198363304 0.081604477763176 0.0493594348430634 0.0371999092400074 0.0259620614349842 0.018056895583868 0.0150613201782107 0.014133488945663 0.0167564759030938 0.0177858635783196 0.0361465595662594 0.0826835386455059 0.198183697462082 0.38427574634552 0.376630651950836 0.242199209332466 0.187359285354614 0.150407371670008 0.1616011954844 0.174547952413559 0.170582038164139 0.151744416356087 0.156536409258842 0.18281931579113 0.197252108156681 0.178020761907101 0.137782240658998 0.111900191009045 0.0913997314870358 0.0692945491522551 0.0586825098842382 0.0466112814843655 0.0413299832493067 0.0396413085982203 0.040080513432622
-9999 -9999 -9999 -9999 -9999 -9999 -9999 -9999 -9999 -9999 -9999 -9999 -9999 -9999 -9999 -9999 -9999 -9999 -9999 0.216913044452667 0.280708435177803 0.227466207742691 0.145595683157444 0.0893002644181251 0.0633549898862839 0.0410380568355322 0.031200024113059 0.0272845420986414 0.0231570489704609 0.0212705340236425 0.0158125488087535 0.019992514513433 0.0263291142880917 0.0544309437274933 0.170055729150772 0.372146064043045 0.379722255468369 0.247986435890198 0.172991967201233 0.184228923916817 0.177042059600353 0.189049410820007 0.187108437716961 0.191320802271366 0.188999782502651 0.172654704749584 0.164336370676756 0.118193082511425 0.0889400407671928 0.0651343245059252 0.0442274572327733 0.0385077929124236 0.0317589795216918 0.029197942186147 0.0305397860705853 0.032010311447084
-9999 -9999 -9999 -9999 -9999 -9999 -9999 -9999 -9999 -9999 -9999 -9999 -9999 -9999 -9999 -9999 -9999 -9999 -9999 -9999 -9999 0.262937733530998 0.266477462649345 0.186864390969276 0.105878001451492 0.0570159621536732 0.0434671469032764 0.0387670960277319 0.0367158088833094 0.027497361600399 0.0247904423624277 0.0192181969061494 0.0128707336261868 0.0175353478640318 0.0489135921001434 0.127026763558388 0.288118749856949 0.422530120611191 0.250628119707108 0.28305532336235 0.240129129588604 0.220419578254223 0.222222192585468 0.185296051204205 0.177896258980036 0.165734709054232 0.156288082152605 0.139564345031977 0.103217045217752 0.0650988157838583 0.0445760605856776 0.03630829192698 0.0320636621676385 0.0303815105929971 0.028580367192626 0.0324541006237268
-9999 -9999 -9999 -9999 -9999 -9999 -9999 -9999 -9999 -9999 -9999 -9999 -9999 -9999 -9999 -9999 -9999 -9999 -9999 -9999 -9999 -9999 -9999 0.302006009221077 0.220564180612564 0.132296445965767 0.0909942209720612 0.063023629784584 0.0530656464397907 0.0458363801240921 0.0393568091094494 0.0281755324453115 0.0137571253813803 0.0122466783039272 0.0196503505110741 0.0369961965829134 0.102858850359917 0.267002272605896 0.407582694292069 0.425203621387482 0.300328779220581 0.233291707932949 0.195654587447643 0.173241020739079 0.165357676893473 0.165335039794445 0.161495689302683 0.156506536900997 0.121616443991661 0.0794221587479114 0.0526867335662246 0.0428643247112632 0.0371187767013907 0.0326913712546229 0.0303055853582919 0.0309643067419529
-9999 -9999 -9999 -9999 -9999 -9999 -9999 -9999 -9999 -9999 -9999 -9999 -9999 -9999 -9999 -9999 -9999 -9999 -9999 -9999 -9999 -9999 -9999 -9999 -9999 0.324068874120712 0.203001350164413 0.118305118381977 0.0659593284130096 0.075672522187233 0.0741136997938156 0.0502530574798584 0.0281957294791937 0.0192491726949811 0.0156092457473278 0.0143067554570734 0.0368238888680935 0.0845719240605831 0.199696382880211 0.415731889009476 0.501477634906769 0.321610933542252 0.215318907797337 0.153590046614409 0.158495174348354 0.167795201390982 0.16557135283947 0.153332041949034 0.13267305791378 0.0911516949534416 0.0628985423594713 0.0505456807091832 0.0443954164162278 0.0379362327046692 0.0296907196752727 0.0269106913357973
-9999 -9999 -9999 -9999 -9999 -9999 -9999 -9999 -9999 -9999 -9999 -9999 -9999 -9999 -9999 -9999 -9999 -9999 -9999 -9999 -9999 -9999 -9999 -9999 -9999 0.351976430416107 0.310496866703033 0.218520015478134 0.154121544957161 0.0891671940684318 0.0687888093292713 0.0629029840230942 0.0621053613722324 0.0424944940954447 0.028351042419672 0.0217145271599293 0.0352397713810205 0.0556972727179527 0.123543436825275 0.307573926448822 0.502991157770157 0.50503141283989 0.26010137796402 0.155809294432402 0.154533166438341 0.176263462752104 0.182948195934296 0.168583308160305 0.143568203598261 0.109103155136108 0.0807046428322792 0.0640234524384141 0.0527438882738352 0.0432639461010694 0.0343206708319485 0.0287828538566828
-9999 -9999 -9999 -9999 -9999 -9999 -9999 -9999 -9999 -9999 -9999 -9999 -9999 -9999 -9999 -9999 -9999 -9999 -9999 -9999 -9999 -9999 -9999 -9999 -9999 -9999 -9999 0.320753672719002 0.262884321808815 0.0885354805737734 0.0591728117316961 0.0525538478046656 0.0473252965137363 0.0642611734569073 0.0669924318790436 0.0641995139420033 0.0589157521724701 0.0676385417580605 0.117876677215099 0.257877835631371 0.450638496875763 0.568567407131195 0.313561615347862 0.147862214595079 0.16203928142786 0.19362195879221 0.18409121632576 0.191598519682884 0.165939603745937 0.115462255477905 0.0902448959648609 0.0766730420291424 0.0623231843113899 0.0508971167728305 0.0384452488273382 0.0337072756141424
-9999 -9999 -9999 -9999 -9999 -9999 -9999 -9999 -9999 -9999 -9999 -9999 -9999 -9999 -9999 -9999 -9999 -9999 -9999 -9999 -9999 -9999 -9999 -9999 -9999 -9999 -9999 0.260469087958336 0.32295315861702 0.130634251981974 0.0933880683034658 0.0767277203500271 0.0681005969643593 0.0625056017190218 0.0730982206761837 0.076607895642519 0.0844362258911133 0.0842744544148445 0.133115091919899 0.24689319729805 0.416783875226974 0.59150242805481 0.473045599460602 0.20597697198391 0.166027099639177 0.181542433053255 0.173357135057449 0.167033920437098 0.145427475124598 0.11524233110249 0.0908860396593809 0.07278495375067 0.0660300515592098 0.058884753100574 0.0494575118646026 0.0467912390828133
-9999 -9999 -9999 -9999 -9999 -9999 -9999 -9999 -9999 -9999 -9999 -9999 -9999 -9999 -9999 -9999 -9999 -9999 -9999 -9999 -9999 -9999 -9999 -9999 -9999 -9999 -9999 -9999 0.279238349199295 0.213370050489902 0.146080742031336 0.10874247699976 0.0955829806625843 0.0948200903832912 0.0843770816922188 0.0881243966519833 0.101252675056458 0.0907625541090965 0.13443673402071 0.244428846240044 0.401608192920685 0.581624388694763 0.624279594421387 0.276167595386505 0.190829343348742 0.148020190000534 0.14157464876771 0.12868359349668 0.112663276866078 0.103906536847353 0.0860000547021627 0.073872908949852 0.0633048042654991 0.057658320851624 0.0580283455550671 0.0681540690362454
-9999 -9999 -9999 -9999 -9999 -9999 -9999 -9999 -9999 -9999 -9999 -9999 -9999 -9999 -9999 -9999 -9999 -9999 -9999 -9999 -9999 -9999 -9999 -9999 -9999 -9999 -9999 -9999 0.179040756821632 0.198234958946705 0.168031713366508 0.141058123111725 0.133794841170311 0.101291932165623 0.105029688775539 0.101885518431664 0.105126856267452 0.0940587967634201 0.133471907675266 0.236592283844948 0.352954655885696 0.507488423585892 0.592987537384033 0.292807632684708 0.21162516772747 0.179177130758762 0.126868120208383 0.103464061766863 0.0899851858615875 0.0947652781382203 0.0890720071271062 0.0779722897335887 0.0655450832098722 0.058838602155447 0.0654183087870479 0.0888337127864361
-9999 -9999 -9999 -9999 -9999 -9999 -9999 -9999 -9999 -9999 -9999 -9999 -9999 -9999 -9999 -9999 -9999 -9999 -9999 -9999 -9999 -9999 -9999 -9999 -9999 -9999 -9999 -9999 0.145647011697292 0.229924324154854 0.152442917972803 0.17437686920166 0.0967483103275299 0.0732589215040207 0.0920063763856888 0.0992506518959999 0.105021260678768 0.0902794308960438 0.121650806069374 0.191656920313835 0.262415283918381 0.465202581882477 0.554303723573685 0.251047286391258 0.159696027636528 0.117158538103104 0.138092216104269 0.0989840347319841 0.0897109542042017 0.0927307173609734 0.104670837149024 0.0817162921652198 0.0673502953723073 0.0636213632300496 0.0835605021566153 0.117572859674692
-9999 -9999 -9999 -9999 -9999 -9999 -9999 -9999 -9999 -9999 -9999 -9999 -9999 -9999 -9999 -9999 -9999 -9999 -9999 -9999 -9999 -9999 -9999 -9999 -9999 -9999 -9999 -9999 0.143015474081039 0.271619054675102 0.230177667737007 0.163731987774372 0.0946598216891289 0.0707805179059506 0.082061231136322 0.0986922487616539 0.0948843464255333 0.0855531506240368 0.118327251076698 0.165665589272976 0.246246547996998 0.415209603309631 0.509895318746567 0.214135953783989 0.123939736187458 0.105211239308119 0.108745468407869 0.13072058185935 0.109914552420378 0.101666856557131 0.098781568557024 0.0879489243030548 0.0797170434147119 0.0918793492019176 0.123200204968452 0.171432402729988
-9999 -9999 -9999 -9999 -9999 -9999 -9999 -9999 -9999 -9999 -9999 -9999 -9999 -9999 -9999 -9999 -9999 -9999 -9999 -9999 -9999 -9999 -9999 -9999 -9999 -9999 -9999 -9999 0.136160266399384 0.272080302238464 0.23219273686409 0.134244310855865 0.0907305300235748 0.0707231141626835 0.0791719473898411 0.0890162393450737 0.0821080133318901 0.0737880818545818 0.11211129873991 0.161457601189613 0.238804551959038 0.398109886050224 0.474922251701355 0.177324678003788 0.120469172298908 0.108826481550932 0.0967389173805714 0.121437664330006 0.142329579219222 0.1189472399652 0.0973549723625183 0.105827975645661 0.112702922895551 0.136547372490168 0.183853256702423 0.244229775667191
