meets/meet004/_saidas_enm/ensemble_aver_Cavanillesia_umbellata_CCSM_6k_Maha.asc
NCOLS 154 
NROWS 168 
XLLCORNER -112 
YLLCORNER -55.5 
CELLSIZE 0.5 
NODATA_value -9999 
[rows 50 to 74 of 168, columns 56 to 111 of 154]
-9999 -9999 -9999 -9999 -9999 -9999 -9999 -9999 -9999 -9999 -9999 -9999 -9999 -74.2406860351562 -29.9993534088135 -10.4863145828247 -7.65368795394897 -9.42070770263672 -6.48778238296509 -4.36428370475769 -5.13043651580811 -5.52701578140259 -7.54541091918945 -7.24424095153809 -5.64250707626343 -4.74124622344971 -3.81121668815613 -5.04082570075989 -7.24405155181885 -11.3812074661255 -15.5363607406616 -12.6762826919556 -8.80376825332642 -5.52191848754883 -4.23804359436035 -4.61273975372314 -6.43979864120483 -5.71957321166992 -7.47006101608276 -9.10714416503906 -11.067530632019 -12.0512386322021 -14.5906244277954 -16.8683347702026 -19.6707723617554 -23.6413167953491 -16.3738576889038 -13.8128631591797 -12.1975482940674 -3.85736680030823 -1.04365603923798 -0.242602599039674 -0.551277613639832 -2.30422868728638 -6.88982887268066 -8.63317546844482
-9999 -9999 -9999 -9999 -9999 -9999 -9999 -9999 -9999 -9999 -9999 -9999 -9999 -39.2536972045898 -17.8872476577759 -10.0613502502441 -6.82949113845825 -6.96706352233887 -5.52127342224121 -3.75642561912537 -3.34609169960022 -4.19926433563232 -2.18515009880066 -0.606595209240913 0.0812432080507278 -0.544589987397194 -2.45123708248138 -7.10558071136475 -14.2385259628296 -21.8373729705811 -26.0720603942871 -20.3151142120361 -10.7156301498413 -2.33282976150513 -0.39560721218586 -1.93247830867767 -5.03569736480713 -4.89957580566406 -5.93208427429199 -8.32453241348267 -10.0072910308838 -12.1241291046143 -15.1194160461426 -15.975606918335 -18.5103099822998 -18.5204973220825 -14.9442077636719 -13.5919055938721 -8.34392776489258 -1.81827940940857 -0.358346354961395 -0.492753666639328 -0.86148864030838 -3.89911332130432 -8.56547775268555 -8.45789184570313
-9999 -9999 -9999 -9999 -9999 -9999 -9999 -9999 -9999 -9999 -9999 -72.2023315429688 -41.4257583618164 -24.2310253143311 -15.1290857315063 -10.8626445770264 -8.27670469284058 -5.14173526763916 -3.32982401847839 -2.92598242759705 -3.22922806739807 -2.66868901252747 -0.534887054562569 0.0682395696640015 -1.19698383808136 -4.90154008865356 -10.9279361724854 -19.2912479400635 -29.8091205596924 -41.4040199279785 -47.2650573730469 -35.837190246582 -20.7317768096924 -6.74348878860474 -0.306376165989786 -0.934470152854919 -4.05420575141907 -4.11079125404358 -5.58031072616577 -8.21228408813477 -9.48508071899414 -11.7449857711792 -14.3561492919922 -15.5976137161255 -16.194948387146 -15.4028112411499 -13.30654296875 -9.16130352020264 -3.44345269203186 -0.443066981434822 -0.197240662574768 -0.559832286834717 -3.03179755210876 -7.06325092315674 -11.825726890564 -9.25113306045532
-9999 -9999 -9999 -9999 -9999 -9999 -9999 -9999 -9999 -9999 -74.0672866821289 -32.3164833068848 -20.0374378204346 -19.1765249252319 -18.3853427886963 -13.3617500305176 -10.4955253601074 -5.5973162651062 -3.54677271842957 -2.77022273540497 -2.36199789047241 -1.42613756656647 -1.37454433441162 -2.86679077148438 -7.02080793380737 -14.3599821090698 -23.9854385375977 -35.9729110717773 -50.0762390136719 -63.1410697937012 -66.918285369873 -50.3048416137695 -28.8156955718994 -11.4600463867187 -1.35596830844879 -0.00889974907040596 -2.90995740890503 -4.10048613548279 -5.00345811843872 -7.34070281982422 -9.66973819732666 -11.894375038147 -13.4755849838257 -13.589605140686 -12.6162582397461 -9.71166038513184 -6.40378837585449 -2.52081251144409 -0.542447018623352 -0.430888336896896 -0.817414104938507 -3.08508977890015 -7.2012734413147 -11.8534284591675 -16.2580698013306 -11.0965173721313
-9999 -9999 -9999 -9999 -9999 -9999 -9999 -9999 -9999 -9999 -36.6184829711914 -15.496441078186 -14.4893335342407 -18.8597843170166 -22.3012996673584 -19.91891746521 -13.4264612197876 -5.66843357086182 -2.81383428573608 -2.17786934375763 -1.91405470371246 -3.13794116973877 -5.53663272857666 -9.81525745391846 -18.193271446228 -28.4943370819092 -42.4457893371582 -58.7429908752441 -76.1358413696289 -90.5636199951172 -93.0220321655273 -67.9873039245605 -38.0922592163086 -16.5259977340698 -3.15982594490051 0.30914259403944 -1.10163667201996 -4.09868240356445 -4.74040260314941 -5.35109348297119 -6.28180389404297 -7.34358921051025 -7.980943775177 -7.35402183532715 -5.70099277496338 -3.38742799758911 -0.96207789182663 -0.351417569816112 -0.864385747909546 -1.56006019115448 -4.01078681945801 -7.9542628288269 -12.574204826355 -16.983738899231 -20.9647304534912 -12.5382942199707
-9999 -9999 -9999 -9999 -9999 -9999 -9999 -9999 -76.1318954467773 -51.2176284790039 -25.7241111755371 -11.8010387420654 -12.2932251930237 -14.6297996520996 -21.363179397583 -25.1547161102295 -18.2657215118408 -9.50499935150146 -5.9226845741272 -6.27966003417969 -8.25906267166138 -10.7285140991211 -14.4064310073853 -21.1366367340088 -32.9740699768066 -48.8896286010742 -66.4655914306641 -87.4737380981445 -106.530279541016 -117.376910400391 -114.264317321777 -82.9343414306641 -48.5869346618652 -22.3779232025146 -5.94712791442871 0.0396542191505432 0.0889103624969721 -1.89443972110748 -3.53288207054138 -4.68487682342529 -5.11706733703613 -5.09893569946289 -4.38112497329712 -2.44652733802795 -0.686100369691849 -0.0418127313256264 -0.465004420280457 -1.82489490509033 -2.36349220275879 -5.20664005279541 -9.73840732574463 -14.6875925064087 -19.6800579071045 -23.6410884857178 -27.1517307281494 -15.2272403717041
-9999 -9999 -9999 -9999 -9999 -9999 -9999 -9999 -53.6943962097168 -34.8159172058105 -16.782926940918 -7.83603439331055 -9.39488410949707 -14.1702405929565 -17.8118667602539 -21.3906494140625 -25.8807670593262 -17.9623115539551 -15.194896697998 -18.3336948394775 -23.8306938171387 -27.5240943908691 -30.9744735717773 -39.6862396240234 -56.9811920166016 -77.2054779052734 -83.2809814453125 -89.8651733398438 -90.5948348999023 -88.2399505615234 -87.2895324707031 -87.9845977783203 -58.4514854431152 -30.0273113250732 -10.6918172836304 -1.76619112491608 0.513704428076744 0.31218378841877 -0.390605466067791 -0.915046060085297 -1.07183858156204 -0.603755527734756 0.073639053106308 0.627688097953796 -0.13646198771894 -1.98580198287964 -2.98501424789429 -5.2749306678772 -9.99690017700195 -16.4961011886597 -22.6834041595459 -28.6777263641357 -32.6761341094971 -34.9380012512207 -37.7893920898438 -19.6335826873779
-9999 -9999 -9999 -9999 -9999 -9999 -9999 -49.890145111084 -40.2501426696777 -26.5337394714355 -11.1765895843506 -7.93543977737427 -8.01540145874023 -11.1099515914917 -14.1314176559448 -18.2069473266602 -21.0426132202148 -26.1297920227051 -28.2245433807373 -34.8613761901855 -41.4976684570313 -45.752303314209 -52.2203552246094 -54.9274101257324 -57.6917755126953 -61.8539108276367 -63.0167991638184 -63.7662452697754 -64.102530670166 -63.1245765686035 -62.6609992980957 -61.05537109375 -60.6842346191406 -38.1173484802246 -18.0737842559814 -6.44895858764648 -1.5288029551506 0.398592112585902 0.790344536304474 0.78361496925354 0.726030683517456 0.542267817258835 -0.23860216178 -2.64480547904968 -5.98966865539551 -7.32728548049927 -12.1938005447388 -19.547802734375 -28.9801532745361 -39.4701065063477 -47.3968330383301 -52.8689544677734 -55.2081565856934 -55.1284812927246 -53.9610496520996 -25.6040657043457
-9999 -9999 -9999 -9999 -9999 -9999 -9999 -35.4736015319824 -23.6605255126953 -13.0143712997437 -7.71922655105591 -6.90445175170898 -7.10139322280884 -8.65854358673096 -10.8457431793213 -13.3155408859253 -15.5844366073608 -19.46337890625 -21.288794708252 -23.7712524414063 -28.2578437805176 -33.0361804962158 -39.4555648803711 -39.9949234008789 -38.9721229553223 -41.2285675048828 -41.9585517883301 -46.0634712219238 -45.6526397705078 -41.6871780395508 -41.5556182861328 -41.2540046691895 -44.2043167114258 -44.817163848877 -28.4550506591797 -15.5201614379883 -8.26426830291748 -4.15876574516296 -2.89549417495728 -2.91269836425781 -3.33748264312744 -5.56361274719238 -9.0808629989624 -13.1668739318848 -18.7960681915283 -26.9925407409668 -40.1984893798828 -53.4244415283203 -69.1813293457031 -79.6349136352539 -85.5065353393555 -83.6515319824219 -83.1242599487305 -78.1071853637695 -68.6101776123047 -32.6662162780762
-9999 -9999 -9999 -9999 -9999 -9999 -21.8017791748047 -20.7611637115479 -10.5625286102295 -8.61609516143799 -9.03590755462647 -6.40009479522705 -6.98183612823486 -7.63469915390015 -8.60484809875488 -10.6110307693481 -11.3002010345459 -13.310984992981 -14.9336818695068 -16.8382738113403 -20.6379367828369 -23.7195148468018 -26.5191082000732 -27.0765258789062 -28.5385841369629 -29.0623435974121 -30.8277404785156 -31.6276336669922 -31.0869659423828 -31.9851024627686 -31.2830173492432 -32.1994121551514 -32.8590690612793 -33.5206184387207 -35.4595489501953 -29.8295471191406 -22.5041400909424 -18.7390419006348 -17.3069681167603 -17.7686706542969 -19.9978721618652 -23.5998310089111 -28.9537040710449 -39.2651176452637 -44.8886810302734 -47.5222900390625 -52.2210678100586 -55.0612754821777 -59.8899124145508 -65.1777313232422 -68.0960258483887 -68.5869209289551 -65.8406867980957 -58.8922859191895 -53.9884910583496 -39.6634391784668
-9999 -9999 -9999 -9999 -9999 -9999 -12.7317300796509 -9.33730335235596 -2.79909644126892 -3.18129634857178 -5.96488647460937 -4.45577821731567 -5.7078911781311 -5.99466733932495 -6.84588117599487 -7.34836101531982 -8.28327894210815 -9.00076541900635 -9.50239372253418 -10.1574668884277 -12.1266153335571 -14.7215923309326 -17.2588890075684 -17.5719184875488 -17.5213737487793 -18.3611438751221 -19.3325260162354 -20.5412250518799 -20.777368927002 -20.8704334259033 -21.7354228973389 -22.2165134429932 -23.5855197906494 -24.4193744659424 -25.0005786895752 -26.3980457305908 -26.9281162261963 -28.6054088592529 -29.5027381896973 -29.0647186279297 -29.8979598999023 -28.31103515625 -27.2143444061279 -27.64963722229 -29.0411823272705 -33.036877822876 -35.5842872619629 -40.1012664794922 -44.925276184082 -47.8616188049316 -50.6665687561035 -48.8834167480469 -46.5978874206543 -41.2018394470215 -35.2614906311035 -29.3193305969238
-9999 -9999 -9999 -9999 -9999 -9999 -12.033256149292 -6.17141246795654 -3.4663604259491 -1.28729989528656 -3.07049145698547 -2.8796272277832 -4.00482096672058 -3.72785096168518 -5.19466552734375 -5.95341663360596 -5.98068904876709 -6.17676229476929 -6.33004455566406 -7.18176727294922 -8.4857720375061 -10.6120887756348 -12.2809495925903 -12.4348871231079 -12.7225255966187 -12.4634693145752 -13.9113471984863 -14.3829599380493 -14.5797035217285 -15.6398897171021 -15.6919301986694 -16.876195526123 -17.3558372497559 -18.139038848877 -19.1132427215576 -19.0539798736572 -20.4614253997803 -20.6153316497803 -21.5798500061035 -22.5625549316406 -22.6614448547363 -22.7867141723633 -20.9295692443848 -20.4046531677246 -22.3381114959717 -24.2261703491211 -28.5003582000732 -31.4330837249756 -34.7787029266357 -38.3530914306641 -39.2320175170898 -37.6043174743652 -32.5128402709961 -27.2241111755371 -24.3596302032471 -18.0517841339111
-9999 -9999 -9999 -9999 -9999 -9999 -9999 -6.35717916488647 -3.4165602684021 -1.2141548037529 -1.46630227565765 -2.11903011798859 -2.05802474021912 -2.41778664588928 -3.2460883140564 -3.96768050193787 -4.9725980758667 -4.77868747711182 -4.61561212539673 -4.53867282867432 -5.00457048416138 -6.19753923416138 -7.69263648986816 -7.9550106048584 -7.69401254653931 -7.90279340744019 -8.36361293792725 -9.2327657699585 -9.62354221343994 -9.994655418396 -10.5642040252686 -10.957032585144 -11.7730430603027 -12.2511289596558 -12.5008676528931 -13.2196933746338 -13.4692615509033 -14.2411926269531 -14.9671503067017 -15.0507829666138 -15.8150611877441 -15.0715997695923 -14.6333787918091 -13.7949531555176 -15.0501234054565 -17.6419143676758 -19.5820262908936 -22.304430770874 -24.7591918945312 -26.4251602172852 -26.9107299804688 -24.7111820220947 -21.7403358459473 -18.2475658416748 -15.5466138839722 -12.7227394104004
-9999 -9999 -9999 -9999 -9999 -9999 -9999 -9999 -3.73113055229187 -1.18275499343872 -1.46832137107849 -1.81309680938721 -1.31912342309952 -2.48341755867004 -2.56291627883911 -3.9768298625946 -4.78235120773315 -4.49432988166809 -4.37854080200195 -4.10949511528015 -4.20806927680969 -4.67683792114258 -5.38346509933472 -5.68013668060303 -5.68337593078613 -5.45621509552002 -6.11541919708252 -6.37925539016724 -6.60776615142822 -6.97470598220825 -7.11161022186279 -7.70228958129883 -8.0606162071228 -8.52586669921875 -9.15224189758301 -9.68126621246338 -10.1809638977051 -10.5212104797363 -11.2553146362305 -11.5509605407715 -11.6540327072144 -11.6744834899902 -11.0688179016113 -10.3028142929077 -11.8432474136353 -14.0122638702393 -15.8490671157837 -16.9600700378418 -18.533757019043 -20.1271984100342 -19.6726581573486 -18.5509536743164 -16.0993961334229 -13.4681427001953 -12.3378734588623 -10.6312795639038
-9999 -9999 -9999 -9999 -9999 -9999 -7.0583633184433 -8.28800649642944 -3.19162569046021 -0.745534479618073 -1.40205578804016 -1.84475495815277 -1.23091093301773 -1.67283380031586 -2.12243518829346 -4.40684576034546 -4.4553484916687 -4.21876945495606 -3.76658005714417 -3.68366589546204 -3.64184312820435 -3.55576829910278 -3.55907716751099 -3.61503534317017 -3.79239525794983 -3.93425107002258 -3.83918433189392 -3.91346850395203 -4.05971260070801 -4.20548906326294 -4.42631254196167 -4.6206111907959 -4.97545251846313 -5.222057056427 -5.41806488037109 -5.89693574905395 -6.17737922668457 -6.79935741424561 -7.30523071289062 -7.2840389251709 -7.47412433624268 -7.02465734481811 -6.69340391159058 -6.47971391677856 -8.28346614837647 -10.427766418457 -11.8625419616699 -13.1221134185791 -14.341471862793 -15.2129440307617 -15.593084526062 -14.495267868042 -12.8955419540405 -10.6885232925415 -8.7008378982544 -6.79521408081055
-9999 -9999 -9999 -9999 -9999 -5.63928217887878 -7.69195699691772 -6.27959890365601 -1.80295207500458 -0.714036548137665 -2.20134932994843 -1.74661393165588 -1.37543919086456 -1.19917677640915 -3.48964190483093 -5.79978322982788 -4.41832876205444 -3.7333667755127 -3.61591792106628 -3.76213774681091 -3.48285527229309 -3.33815236091614 -2.99194755554199 -2.84312973022461 -2.61559138298035 -2.3584547996521 -2.37819485664368 -2.33576216697693 -2.41672916412354 -2.74003682136536 -2.69869570732117 -2.90277495384216 -2.97623314857483 -3.05234436988831 -3.30220899581909 -3.31775965690613 -3.84009480476379 -4.2419337272644 -4.67432546615601 -4.85763511657715 -4.89704818725586 -4.93640651702881 -4.62560186386108 -4.93985767364502 -6.73036289215088 -8.86957988739014 -10.1412712097168 -10.9482234954834 -11.890673828125 -13.0012363433838 -13.7256650924683 -12.4453336715698 -11.2284509658813 -9.25695476531982 -7.31132125854492 -5.12632074356079
-9999 -9999 -9999 -9999 -9999 -5.93538484573364 -7.14947872161865 -2.94258418083191 -1.29212342500687 -0.619891518354416 -1.59102199077606 -1.72285799980164 -1.14467661380768 -1.36158715486526 -3.86864185333252 -6.17955760955811 -5.06449613571167 -3.9287350654602 -3.5121880531311 -3.13939108848572 -2.90511503219604 -2.56085877418518 -2.17806153297424 -1.92299902439117 -1.63878128528595 -1.54215142726898 -1.56521754264832 -1.64107794761658 -1.78229448795319 -1.93566691875458 -2.07074060440063 -2.06556406021118 -2.0917032957077 -2.07795658111572 -2.020747423172 -2.13934252262115 -2.40086059570312 -2.89249682426453 -3.25112843513489 -3.42875247001648 -3.72088446617126 -3.96342720985413 -4.33287601470947 -4.74817266464233 -5.81655569076538 -7.4443902015686 -8.69073486328125 -9.64096164703369 -10.4739910125732 -11.0763879776001 -11.2330976486206 -10.77447681427 -9.87177925109863 -8.57343082427979 -7.33439607620239 -6.21178522109985
-9999 -9999 -9999 -9999 -9999 -9999 -6.5550633430481 -1.56305725574493 -0.799122393131256 -0.5415178835392 -1.8688108921051 -2.41855192184448 -2.08241736888885 -2.40170540809631 -4.0403911113739 -7.80822668075561 -5.30892810821533 -4.4527829170227 -3.87141709327698 -3.24071736335754 -3.24407172203064 -2.48297410011291 -2.02344887256622 -1.61421399116516 -1.26241762638092 -1.32073938846588 -1.31121184825897 -1.50346755981445 -1.59905161857605 -1.67776191234589 -1.93252646923065 -1.73793833255768 -1.70918443202972 -1.56705100536346 -1.38836092948914 -1.43884027004242 -1.61610696315765 -2.05825753211975 -2.40786004066467 -2.60157833099365 -3.08290882110596 -3.46057481765747 -4.14031000137329 -4.64235706329346 -5.01997976303101 -6.5411693572998 -7.59544906616211 -8.62036228179932 -9.40076389312744 -9.93621864318848 -9.95349788665771 -9.80682144165039 -9.34214782714844 -8.61130790710449 -8.12432279586792 -7.67014055252075
-9999 -9999 -9999 -9999 -9999 -9999 -9.63142328262329 -1.99873130321503 -0.803296256065369 -0.823530113697052 -3.19114623069763 -3.8847421169281 -3.07168283462524 -3.25683422088623 -2.75783982276916 -3.14768257141113 -4.66050410270691 -5.45121736526489 -5.33068504333496 -4.04682998657227 -3.22355041503906 -3.06220626831055 -2.92081751823425 -2.53542704582214 -1.79156360626221 -1.51656897068024 -1.72755436897278 -2.02345857620239 -2.13467786312103 -1.95099749565125 -1.78701491355896 -1.75080151557922 -1.66974070072174 -1.54179372787476 -1.38248682022095 -1.33735239505768 -1.57389409542084 -1.9576509475708 -2.22582049369812 -2.38931798934937 -2.69649348258972 -3.1541307926178 -3.72793416976929 -4.19105372428894 -4.56318168640137 -5.50624647140503 -6.65225105285645 -7.75694990158081 -8.67715816497803 -9.44848442077637 -9.93230762481689 -9.70528717041016 -9.45897426605225 -9.19255867004395 -9.09951725006104 -9.06535835266113
-9999 -9999 -9999 -9999 -9999 -9999 -17.0390625 -8.06989498138428 0.0837405577301979 -1.06427315473557 -4.69153118133545 -6.46434087753296 -5.12283601760864 -5.17856817245483 -4.04269008636475 -2.49052472114563 -2.34279887676239 -5.67958126068115 -5.94078741073608 -4.12293796539307 -3.3639491558075 -3.62581658363342 -4.36823816299438 -3.91647343635559 -2.44316120147705 -1.82402749061584 -2.04511802196503 -2.72541391849518 -2.76611778736115 -2.17753736972809 -2.01743543148041 -1.84623930454254 -1.94570105075836 -1.74514355659485 -1.48987231254578 -1.53945531845093 -1.66841042041779 -2.1181521654129 -2.28203639984131 -2.25179696083069 -2.51571168899536 -2.82530512809753 -3.34819526672363 -3.7334780216217 -4.08637742996216 -4.67845869064331 -5.68700256347656 -6.87355880737305 -7.87048988342285 -8.77568588256836 -9.74508838653565 -9.39160861968994 -9.43865852355957 -9.49098529815674 -9.77673816680908 -10.2744451522827
-9999 -9999 -9999 -9999 -9999 -9999 -9999 -9999 -15.3794904708862 -0.421015918254852 -5.44386796951294 -7.87177982330322 -3.85323424339294 -4.79308137893677 -6.22612953186035 -4.51951804161072 -2.10726127624512 -4.75125017166138 -5.37083644866943 -4.47016921043396 -3.9054744720459 -4.98793239593506 -6.40942459106445 -6.16988801956177 -4.29971256256104 -3.11464595794678 -3.29355020523071 -3.85423336029053 -3.74924445152283 -3.14306101799011 -2.93591041564941 -2.86799812316895 -2.96191537380219 -2.77175350189209 -2.37496514320374 -2.23243534564972 -2.31251204013824 -2.49084429740906 -2.54381561279297 -2.53654718399048 -2.61065196990967 -2.80831651687622 -3.11372246742249 -3.38773174285889 -3.66204814910889 -3.98861880302429 -4.87577867507935 -5.87477025985718 -6.82069654464722 -7.76003227233887 -8.49859857559204 -8.64482002258301 -8.85232582092285 -9.24767799377441 -9.85716152191162 -10.6196683883667
-9999 -9999 -9999 -9999 -9999 -9999 -9999 -9999 -21.027384185791 -3.85819787979126 -3.68382992744446 -5.14617595672607 -4.33890151977539 -4.87069606781006 -6.06070165634155 -6.28803148269653 -2.07196488380432 -4.05225043296814 -4.84758987426758 -3.92234706878662 -4.61474151611328 -6.0909628868103 -8.50004158020019 -8.33918342590332 -5.7359866142273 -4.59158701896667 -4.63384475708008 -5.38340172767639 -5.19494404792786 -4.1007559299469 -3.78454937934875 -3.65974283218384 -4.03758568763733 -3.82643928527832 -3.20989027023315 -3.11914491653442 -2.92339520454407 -3.02545175552368 -2.90605411529541 -2.73962526321411 -2.77914161682129 -2.78666272163391 -2.99624824523926 -3.13159408569336 -3.31783003807068 -3.63216686248779 -4.14853739738464 -4.97646884918213 -5.76931657791138 -6.62725315093994 -7.35453968048096 -7.56116800308228 -7.94639120101929 -8.59604272842407 -9.57008228302002 -10.7351821899414
-9999 -9999 -9999 -9999 -9999 -9999 -9999 -9999 -9999 -11.7653364181519 -0.802661764621735 -1.16265993118286 -5.6012544631958 -6.89775629043579 -6.67715997695923 -7.63150644302368 -3.26491875648499 -3.88691039085388 -4.77606496810913 -4.85009808540344 -5.37930750846863 -7.56130704879761 -9.75966968536377 -9.75251817703247 -7.81917476654053 -6.24267740249634 -6.21051692962646 -6.56699123382568 -6.39782056808472 -5.58375430107117 -5.0398120880127 -4.97383146286011 -5.05986285209656 -4.75546545982361 -4.29678015708923 -4.18869462013245 -3.94792532920837 -3.79480004310608 -3.53468227386475 -3.2035548210144 -3.01144886016846 -2.89944701194763 -2.88537464141846 -2.94151229858398 -3.02197694778442 -3.30479097366333 -3.82671098709106 -4.53476791381836 -5.18401174545288 -5.75416450500488 -6.36232891082764 -6.7401725769043 -6.98216943740845 -7.75455150604248 -9.08584823608398 -10.5994659423828
-9999 -9999 -9999 -9999 -9999 -9999 -9999 -9999 -9999 -9999 -6.69327611923218 -0.899546682834625 -5.69084987640381 -8.26639528274536 -7.40849123001099 -8.80385446548462 -4.49008965492249 -4.07896003723144 -4.87934432029724 -4.9219630241394 -5.80554895401001 -7.71886301040649 -10.4057566642761 -10.9642667770386 -8.93324766159058 -7.82292461395264 -7.68711652755737 -7.86686868667603 -7.59328622817993 -6.69083843231201 -6.3146143913269 -6.19328022003174 -6.44942750930786 -6.1582145690918 -5.46724905967712 -5.05446743965149 -4.71001901626587 -4.61831550598145 -4.20567011833191 -3.65366649627686 -3.35141572952271 -3.06537222862244 -2.92309494018555 -2.86069951057434 -2.91699805259705 -3.17483549118042 -3.69422659873962 -4.52752351760864 -5.3134391784668 -6.02818193435669 -6.78150482177734 -7.18111810684204 -7.63102188110352 -7.8809739112854 -8.72798671722412 -10.267854309082
-9999 -9999 -9999 -9999 -9999 -9999 -9999 -9999 -9999 -9999 -9999 -11.2603519439697 -4.43237252235413 -9.54177951812744 -10.2184453964233 -9.97395992279053 -6.55564088821411 -5.26265978813171 -5.35657424926758 -4.86774740219116 -5.77285580635071 -7.63818778991699 -10.2540322303772 -10.9932572364807 -10.1213609695435 -9.56547527313232 -9.15894317626953 -8.90207977294922 -8.59038972854614 -7.8162501335144 -7.645654296875 -7.45751285552979 -7.46848592758179 -7.39668111801147 -6.86161985397339 -6.73987445831299 -6.14257774353027 -5.74234895706177 -5.14678540229797 -4.37278723716736 -3.9347544670105 -3.42837982177734 -3.16221809387207 -3.00446472167969 -2.93184466362 -3.21850638389587 -3.67326979637146 -4.39703121185303 -5.24672212600708 -6.14500503540039 -7.11030158996582 -7.7055212020874 -8.26724452972412 -8.46868515014648 -8.5485143661499 -9.63065567016602
