meets/meet004/_saidas_enm/ensemble_aver_Cavanillesia_umbellata_CCSM_21k_Gower.asc
NCOLS 154 
NROWS 168 
XLLCORNER -112 
YLLCORNER -55.5 
CELLSIZE 0.5 
NODATA_value -9999 
[rows 52 to 77 of 168, columns 59 to 117 of 154]
-9999 -9999 -9999 -9999 -9999 -9999 -9999 -9999 0 0 0 0 0 0 0.266729950904846 0.433029562234879 0.527150410413742 0.560326623916626 0.590084183216095 0.610228908061981 0.564713883399963 0.462436151504517 0.374458867311478 0.17685961574316 0.0183800503611565 0 0 0 0 0.0571916300803423 0.345464527606964 0.503465533256531 0.561789834499359 0.602847599983215 0.65609518289566 0.657980144023895 0.654618144035339 0.648471343517304 0.631588041782379 0.627641499042511 0.619967937469482 0.600308489799499 0.607292950153351 0.605310070514679 0.609345495700836 0.62012791633606 0.6329470038414 0.644725859165192 0.661849141120911 0.670383644104004 0.674609291553497 0.674171817302704 0.670021820068359 0.651557576656342 0.621949648857117 0.583045160770416 0.527522486448288 0.461009430885315 0.371911132335663
-9999 -9999 -9999 -9999 -9999 -9999 -9999 0 0 0 0 0 0 0 0.0748465664684772 0.26008705496788 0.383320236206055 0.460005617141724 0.440133023262024 0.393608593940735 0.320840215682983 0.203425304591656 0.0723474271595478 0 0 0 0 0 0 0 0.197011467814446 0.529052323102951 0.63542822599411 0.662832152843475 0.685089313983917 0.677930736541748 0.658950626850128 0.648383748531342 0.628008484840393 0.621682357788086 0.615665948390961 0.599752354621887 0.606412768363953 0.608531033992767 0.621615588665009 0.634782075881958 0.64666086435318 0.659023749828339 0.652093327045441 0.656828391551971 0.656182062625885 0.651869535446167 0.651006495952606 0.632482588291168 0.607325196266174 0.570329892635346 0.524190402030945 0.451802438497543 0.359759056568146
-9999 -9999 -9999 -9999 -9999 -9999 -9999 0 0 0 0 0 0 0 0 0.0612421326339245 0.174888575077057 0.237522143125534 0.161537296324968 0.12631670050323 0.0448183540254831 0 0 0 0 0 0 0 0 0 0.0532493188977241 0.40059722661972 0.672571992874145 0.701197075843811 0.709199261665344 0.701408922672272 0.67813538312912 0.66282856464386 0.643524396419525 0.635220086574554 0.632000863552094 0.624979770183563 0.631840026378632 0.634242510795593 0.649571371078491 0.646515762805939 0.617553436756134 0.61024786233902 0.59643167257309 0.606561648845673 0.610809576511383 0.607443153858185 0.606384682655335 0.58999696969986 0.568417656421661 0.5352026283741 0.494050794839859 0.426343542337418 0.340606218576431
-9999 -9999 -9999 -9999 -9999 0 0 0 0 0 0 0 0 0 0 0 0 0 0 0 0 0 0 0 0 0 0 0 0 0 0 0.278831940889359 0.57201099395752 0.694299042224884 0.707113718986511 0.711615133285523 0.701276051998138 0.686919844150543 0.674827075004578 0.674859118461609 0.672918248176575 0.662638032436371 0.654380798339844 0.61385692358017 0.568677026033402 0.527325576543808 0.496377164125443 0.491388648748398 0.488835245370865 0.508459204435349 0.517309445142746 0.517942321300507 0.527188950777054 0.518212157487869 0.508203780651093 0.484969383478165 0.449272280931473 0.381851363182068 0.290993577241898
-9999 -9999 -9999 -9999 -9999 0 0 0.0599055420607328 0.124866670742631 0.117459271103144 0 0 0 0 0 0 0 0 0 0 0 0 0 0 0 0 0 0 0 0 0 0.1458535797894 0.428624892234802 0.599794006347656 0.674486291408539 0.675692856311798 0.66300140619278 0.669072365760803 0.66115654706955 0.650463676452637 0.621940493583679 0.580667805671692 0.531950050592423 0.469479656219482 0.412796664237976 0.362222892045975 0.3365354180336 0.328480836749077 0.336639651656151 0.360726690292358 0.375395458936691 0.384939843416214 0.399181741476059 0.417388087511063 0.428704833984375 0.40854440331459 0.360783052444458 0.292775389552116 0.204716981947422
-9999 -9999 -9999 -9999 0 0 0 0.245823580026627 0.311005717515945 0.256032356619835 0 0 0 0 0 0 0 0 0 0 0 0 0 0 0 0 0 0 0 0 0 0.0408256756607443 0.28511039018631 0.477280569076538 0.605306315422058 0.616124856472015 0.592153716087341 0.561436903476715 0.515829437971115 0.482608270645142 0.445193582773209 0.397953122854233 0.33575045466423 0.316182571649551 0.32665704190731 0.304202356934547 0.253280946612358 0.229882287979126 0.219416032731533 0.212385956943035 0.23930005133152 0.265663194656372 0.27540964782238 0.304822072386742 0.312971904873848 0.292002364993095 0.257960584759712 0.205281342566013 0.10406559407711
-9999 -9999 -9999 -9999 0 0 0.254047286510468 0.392648267745972 0.339519709348679 0.288229969143868 0.120767635293305 0 0 0 0 0 0 0 0 0 0 0 0 0 0 0 0 0 0 0 0 0 0.116477268282324 0.303486675024033 0.457327753305435 0.490474140644073 0.465827482938766 0.424290090799332 0.371580350399017 0.303465902805328 0.234478630125523 0.238602457940578 0.235803538560867 0.132577883452177 0.0554283630102873 0.00227734211366624 0 0 0 0 0.00463351253420115 0.0380567170679569 0.0933758467435837 0.133903129771352 0.172057574987412 0.165330883860588 0.103142486512661 0.0540923465043306 0
-9999 -9999 -9999 0 0 0.221971225738525 0.447812682390213 0.410423165559769 0.362386685609818 0.292450466752052 0.149975837394595 0.0590528763830662 0 0 0 0 0 0 0 0 0 0 0 0 0 0 0 0 0 0 0 0 0.0102189943194389 0.107355330884457 0.232964944839478 0.271219509840012 0.270628049969673 0.220674476027489 0.18142803683877 0.154139149188995 0.095359280705452 0.0147224884480238 0 0 0 0 0 0 0 0 0 0 0 0 0.00122347548604012 0.00134709319099784 0 0 0
-9999 -9999 -9999 0.0139139553532004 0.210645373165607 0.473177075386047 0.506354153156281 0.451838976144791 0.403315109014511 0.290603068470955 0.14928145930171 0.201532340049744 0.121735409460962 0.0765883788466453 0.0480000134557486 0.032287759333849 0 0 0 0 0 0 0 0 0 0 0 0 0 0 0 0 0 0 0.0234089121222496 0.0341662801802158 0.0252929449081421 0.00933795319870114 0 0 0 0 0 0 0 0 0 0 0 0 0 0 0.00563756425399333 0.00461078472435474 1.68674610904418e-05 0 0 0 0
-9999 -9999 -9999 0.202106362581253 0.395304387807846 0.58616349697113 0.538676100969315 0.499766051769257 0.454481542110443 0.296164524555206 0.162794262543321 0.236020006239414 0.23005419075489 0.206545677781105 0.170882019400597 0.152501875907183 0.078130105137825 0.00651088808663189 0 0 0 0 0 0 0 0 0 0 0 0 0 0 0 0 0 0 0 0 0 0 0 0 0 0 0 0 0 0.0174577943980694 0.0247801274061203 0.0634452722966671 0.0918498381972313 0.094212681055069 0.117818517424166 0.101702983677387 0.10559159964323 0.0851066522300243 0.0377033330500126 0.0263420686125755 0
-9999 -9999 -9999 -9999 0.58402863740921 0.60364191532135 0.568360430002212 0.543898695707321 0.495119899511337 0.342020174860954 0.214170457422733 0.250197660923004 0.320484587550163 0.316139715909958 0.286857911944389 0.260456970334053 0.210316276550293 0.145638680458069 0.10859015583992 0.0794688753783703 0.0890525192022324 0.103353011608124 0.0983484268188477 0.107357166707516 0.101115342974663 0.100303980708122 0.0979282915592194 0.0774415023624897 0.0652268946170807 0.0351582460105419 0.0217239182442427 0.00479599926620722 0 0 0 0 0 0 0 0 0.000776891456916928 0.0309271462261677 0.0575620908290148 0.100067865848541 0.128160954639316 0.150241759419441 0.185341942310333 0.211604997515678 0.242678686976433 0.26317675113678 0.276192790269852 0.295135292410851 0.297720566391945 0.294360852241516 0.282180085778236 0.263053596019745 0.237930002808571 0.204019905626774 0.168959517776966
-9999 -9999 -9999 -9999 -9999 0.595083391666412 0.582524049282074 0.579108047485352 0.528011757135391 0.372644871473312 0.269760075211525 0.310224288702011 0.345247387886047 0.36869985461235 0.350802570581436 0.325266927480698 0.271177214384079 0.229290500283241 0.211036781966686 0.203029975295067 0.213318529725075 0.223576861619949 0.238344088196754 0.237042778730392 0.25067683160305 0.247985142469406 0.235441797971725 0.233748641610146 0.200902129709721 0.177708232402802 0.150570031255484 0.109496857225895 0.0925176754593849 0.0654174603521824 0.0476036271080375 0.0419064213521779 0.0335642464458942 0.04682014323771 0.0567199803888798 0.0866183176636696 0.118776511028409 0.161169008910656 0.214902766048908 0.243606814742088 0.290129837393761 0.312547808885574 0.337793999910355 0.37116020321846 0.385865074396133 0.414727544784546 0.431439822912216 0.438446742296219 0.45046888589859 0.431672382354736 0.434407258033752 0.414515578746796 0.392414557933807 0.377937108278275 0.347552156448364
-9999 -9999 -9999 0.523979908227921 0.544920861721039 0.58551732301712 0.563119500875473 0.560117989778519 0.529708468914032 0.439946442842484 0.392424213886261 0.424284672737122 0.458066403865814 0.442806202173233 0.390252065658569 0.353235945105553 0.330056971311569 0.314227271080017 0.312611418962479 0.309770992398262 0.327431303262711 0.350091701745987 0.360861879587173 0.376714599132538 0.383423048257828 0.389579397439957 0.393265801668167 0.383145821094513 0.372227877378464 0.345332378149033 0.327388563752174 0.301347282528877 0.266026937961578 0.24095670580864 0.210054482519627 0.204573075473309 0.202462349832058 0.200914803147316 0.226130503416061 0.24992284476757 0.283572021126747 0.331416708230972 0.366464871168137 0.411990439891815 0.442694371938705 0.464340233802795 0.500314027070999 0.518395310640335 0.543135488033295 0.558870327472687 0.566680371761322 0.577048337459564 0.577914702892304 0.571406924724579 0.557810771465302 0.546769559383392 0.541389173269272 0.53117590546608 0.523280626535416
-9999 -9999 0.522783690690994 0.529962033033371 0.570940148830414 0.560985797643662 0.547016221284866 0.524641215801239 0.534698122739792 0.511631542444229 0.509452921152115 0.534468537569046 0.566302585601807 0.513153666257858 0.436556351184845 0.375559997558594 0.35915305018425 0.356699883937836 0.364910167455673 0.362208050489426 0.38476494550705 0.416874730587006 0.441819167137146 0.457080972194672 0.472260582447052 0.485317105054855 0.489577251672745 0.489607417583466 0.484867233037949 0.473447489738464 0.461046290397644 0.427390116453171 0.410917586088181 0.387760597467422 0.359686601161957 0.351824992895126 0.331486743688583 0.339375382661819 0.354724133014679 0.381180721521378 0.407178902626038 0.44500972032547 0.481682127714157 0.508517384529114 0.544346284866333 0.55258481502533 0.540127092599869 0.534177762269974 0.546170556545258 0.553520739078522 0.570246732234955 0.584221434593201 0.588464510440826 0.593261110782623 0.592708039283752 0.587013268470764 0.587174880504608 0.579815149307251 0.570940923690796
-9999 -9999 0.566886484622955 0.563132572174072 0.601229643821716 0.57503377199173 0.546562349796295 0.536575907468796 0.546538758277893 0.575405395030975 0.59841445684433 0.598410451412201 0.583999383449554 0.540442407131195 0.479211431741714 0.42478374838829 0.43949716091156 0.437815248966217 0.436012029647827 0.439668720960617 0.459076100587845 0.487601363658905 0.509291046857834 0.525420945882797 0.538631331920624 0.554193067550659 0.566321980953217 0.571964311599731 0.569806373119354 0.559234392642975 0.549324876070023 0.532905292510986 0.51665912270546 0.500891751050949 0.475841027498245 0.46823508143425 0.457912468910217 0.450588047504425 0.461861032247543 0.475330990552902 0.498195284605026 0.530044746398926 0.556887269020081 0.565394341945648 0.544969522953033 0.536211311817169 0.52704102396965 0.52103026509285 0.525454622507095 0.532468545436859 0.543346560001373 0.554243779182434 0.562705278396606 0.567814612388611 0.569226658344269 0.562501752376556 0.553858852386475 0.542851555347443 0.525982236862183
-9999 -9999 -9999 0.616250050067902 0.636282360553741 0.599312031269074 0.55327250957489 0.507406890392303 0.517764168977737 0.576765525341034 0.615763664245605 0.597216975688934 0.579238951206207 0.535075098276138 0.495352452993393 0.487345641851425 0.494561892747879 0.478039872646332 0.488504886627197 0.497937905788422 0.524503767490387 0.554033482074738 0.579874682426453 0.59586546421051 0.613950836658478 0.621092665195465 0.624966073036194 0.638167130947113 0.634237635135651 0.628765499591827 0.62219181060791 0.607423567771912 0.596074116230011 0.593313884735107 0.579027807712555 0.569085395336151 0.55678426027298 0.545067286491394 0.554362094402313 0.559474122524261 0.572842800617218 0.591779756546021 0.573116171360016 0.556797957420349 0.537161564826965 0.53007590174675 0.520056945085525 0.513811045885086 0.517390394210815 0.518105387687683 0.522710162401199 0.530991804599762 0.5330098092556 0.532111608982086 0.529376351833344 0.519446444511414 0.511679321527481 0.494964188337326 0.47749291062355
-9999 -9999 -9999 0.668682277202606 0.656446754932404 0.63408727645874 0.556347823143005 0.490292221307755 0.444039243459702 0.448458361625671 0.491686660051346 0.532217425107956 0.515120559930801 0.494288146495819 0.497350478172302 0.516304403543472 0.531606876850128 0.526940006017685 0.51653283238411 0.525455063581467 0.553906977176666 0.588760101795197 0.616399884223938 0.644918847084045 0.665667796134949 0.674833989143372 0.677342581748962 0.673739349842072 0.672171711921692 0.670515930652618 0.667328810691833 0.661581194400787 0.657003378868103 0.656664097309113 0.65130033493042 0.64706072807312 0.634282040596008 0.621933734416962 0.620836448669434 0.621171772480011 0.623870253562927 0.602703654766083 0.580654239654541 0.562293696403503 0.54762202501297 0.539250296354294 0.529987341165543 0.521857500076294 0.519445377588272 0.514845097064972 0.512872445583344 0.513782232999802 0.508432906866074 0.506223958730698 0.497813719511032 0.484717208147049 0.474737375974655 0.457071852684021 0.443085712194443
-9999 -9999 -9999 0.615179765224457 0.6250004529953 0.629999840259552 0.538210374116898 0.417962449789047 0.34301618039608 0.297095674276352 0.336432963609695 0.420954459905624 0.440784955024719 0.442483472824097 0.480781471729279 0.510917919874191 0.549460631608963 0.548531460762024 0.558108270168304 0.553909993171692 0.583454740047455 0.622774136066437 0.643286597728729 0.675688421726227 0.687923216819763 0.688446009159088 0.691543579101562 0.696133255958557 0.696071207523346 0.697064113616943 0.702468073368072 0.701378488540649 0.699903500080109 0.705807876586914 0.705880188941956 0.703348708152771 0.697240328788757 0.687139248847961 0.680290710926056 0.658631098270416 0.638685095310211 0.610073614120483 0.59458566904068 0.579477691650391 0.564493405818939 0.5557084441185 0.543527913093567 0.53465228676796 0.527649319171905 0.517926895618439 0.509695988893509 0.503709548711777 0.490896570682526 0.485259604454041 0.473562061786652 0.458277368545532 0.448952865600586 0.428553682565689 0.413053017854691
-9999 -9999 -9999 -9999 -9999 0.511553746461868 0.518300622701645 0.374917024374008 0.253625252842903 0.180211253091693 0.200848656892776 0.30780456662178 0.411135172843933 0.418838906288147 0.43490589261055 0.47221605181694 0.554207104444504 0.594282150268555 0.57987596988678 0.577534508705139 0.608495557308197 0.638056266307831 0.664134383201599 0.678976929187775 0.667335486412048 0.667565834522247 0.675506174564362 0.684575843811035 0.686469435691833 0.687644827365875 0.69753851890564 0.707747709751129 0.717539417743683 0.724616265296936 0.731380152702332 0.733672618865967 0.727371788024902 0.716212117671967 0.698345112800598 0.676870477199554 0.658142971992493 0.636423599720001 0.618288600444794 0.60169415473938 0.587828886508942 0.576587688922882 0.56305433511734 0.55126987695694 0.538838142156601 0.527020967006683 0.513229250907898 0.498489570617676 0.483724325895309 0.471725410223007 0.457535409927368 0.441303086280823 0.428671312332153 0.411751306056976 0.398721063137054
-9999 -9999 -9999 -9999 -9999 0.573977065086365 0.513565325737 0.358142194151878 0.207953906804323 0.0990412436425686 0.100409106165171 0.195601432770491 0.366258883476257 0.416846054792404 0.423415178060532 0.451089715957642 0.551026237010956 0.617469620704651 0.625583255290985 0.60764467716217 0.619463133811951 0.644553947448731 0.660236620903015 0.657931756973267 0.644434976577759 0.64454391002655 0.653656208515167 0.659303212165833 0.661086368560791 0.658269703388214 0.66682676076889 0.681960463523865 0.695887982845306 0.707799458503723 0.716970336437225 0.728256785869598 0.734767782688141 0.730998408794403 0.715785336494446 0.69609169960022 0.680434429645538 0.658798968791962 0.643505573272705 0.62927440404892 0.612833952903748 0.599801909923553 0.583628153800964 0.568586754798889 0.553006362915039 0.53797841668129 0.520099347829819 0.501800572872162 0.481670755147934 0.46573578119278 0.451819139719009 0.434679609537125 0.421753424406052 0.403557831048965 0.391517931222916
-9999 -9999 -9999 -9999 -9999 -9999 0.523931533098221 0.418858808279037 0.202818868309259 0.0544850893318653 0.0362095048651099 0.107189709320664 0.301845848560333 0.448149394989014 0.45080069899559 0.466590481996536 0.56259418129921 0.617045307159424 0.620343959331512 0.597788393497467 0.59886931180954 0.61787177324295 0.635307669639587 0.633573591709137 0.626729810237885 0.627606642246246 0.632261347770691 0.636972749233246 0.635545945167541 0.633112561702728 0.639768624305725 0.65161520242691 0.665020477771759 0.674945533275604 0.684754800796509 0.697384357452393 0.708286035060883 0.71982114315033 0.723853838443756 0.718479800224304 0.702110695838928 0.685631096363068 0.669965767860413 0.653333377838135 0.638808584213257 0.62164922952652 0.601888453960419 0.583687031269074 0.566169810295105 0.549666368961334 0.531343626976013 0.507471114397049 0.488085263967514 0.47239403128624 0.457158601284027 0.442635333538055 0.428506970405579 0.414607524871826 0.399712646007538
-9999 -9999 -9999 -9999 -9999 -9999 -9999 0.484295445680618 0.234098991751671 0.0382190758362412 0.0137527149170637 0.0626123383641243 0.229947978258133 0.488473749160767 0.500595796108246 0.502837318181992 0.562052524089813 0.599600970745087 0.599252724647522 0.576279938220978 0.580586814880371 0.59984130859375 0.614992249011993 0.616422069072723 0.610045003890991 0.611881935596466 0.617541253566742 0.619903945922852 0.618340969085693 0.612640833854675 0.616383707523346 0.625660645961762 0.634952044486999 0.644702303409576 0.652294611930847 0.664589262008667 0.677501320838928 0.689124429225922 0.697843897342682 0.704642474651337 0.713317608833313 0.709653460979462 0.695576775074005 0.680237245559692 0.662737262248993 0.644299972057343 0.622925770282745 0.601737999916077 0.582448029518127 0.562875461578369 0.541966968774796 0.521217572689056 0.500345718860626 0.485022187232971 0.474006503820419 0.459545493125916 0.446102410554886 0.430234169960022 0.415577268600464
-9999 -9999 -9999 -9999 -9999 -9999 -9999 -9999 0.289963826537132 0.04895825907588 0.00732085630297661 0.0388880206272006 0.165994359459728 0.440043932199478 0.566026198863983 0.543036478757858 0.556664824485779 0.578431046009064 0.582023441791534 0.565200281143188 0.565297222137451 0.583714783191681 0.593968665599823 0.59897655248642 0.597383999824524 0.60074268579483 0.603735947608948 0.605654609203339 0.604151749610901 0.599228739738464 0.600416052341461 0.60306361913681 0.606005477905273 0.615420258045197 0.62248729467392 0.634594559669495 0.647113215923309 0.657858204841614 0.669403088092804 0.675180637836456 0.686617386341095 0.702073311805725 0.70620676279068 0.695847165584564 0.681725525856018 0.664914560317993 0.641871404647827 0.619375252723694 0.598210966587067 0.576047301292419 0.556150126457214 0.539106416702271 0.521806287765503 0.508387291431427 0.497550481557846 0.486861085891724 0.472083842754364 0.46020919084549 0.442965936660767
-9999 -9999 -9999 -9999 -9999 -9999 -9999 -9999 0.344624489545822 0.0772441938519478 0.017569674551487 0.0302496686577797 0.122786182165146 0.342634674906731 0.57786967754364 0.583308660984039 0.568703007698059 0.570788848400116 0.573383283615112 0.563106620311737 0.559634280204773 0.570790433883667 0.579786932468414 0.588137185573578 0.587808167934418 0.591425824165344 0.594176352024078 0.593618071079254 0.594145095348358 0.591192018985748 0.591625165939331 0.591582095623016 0.590412557125092 0.597538244724274 0.602820599079132 0.613513481616974 0.626134157180786 0.635046422481537 0.648909652233124 0.657253515720367 0.667626941204071 0.678558349609375 0.681320512294769 0.678324615955353 0.668626880645752 0.65859671831131 0.64773017168045 0.631316912174225 0.617793107032776 0.597188150882721 0.577751207351685 0.563515877723694 0.54839460849762 0.536889743804932 0.52658069729805 0.514822518825531 0.50148338675499 0.488471078872681 0.470798707008362
-9999 -9999 -9999 -9999 -9999 -9999 -9999 -9999 0.401271450519562 0.12431782707572 0.0359800335951149 0.0366296811029315 0.0771755695343018 0.219598045945168 0.442857044935226 0.589941692352295 0.597600221633911 0.56044933795929 0.568657243251801 0.567639577388763 0.55836409330368 0.564620244503021 0.569174253940582 0.576319313049316 0.57823600769043 0.581403839588165 0.582813656330109 0.582814037799835 0.584439122676849 0.58648544549942 0.586695158481598 0.582904171943665 0.582971453666687 0.584420740604401 0.590092849731445 0.598813605308533 0.605899024009705 0.619876062870026 0.635146033763885 0.647796189785004 0.656468367576599 0.657561242580414 0.653178369998932 0.649254333972931 0.643201053142548 0.635930562019348 0.629482305049896 0.623890173435211 0.618091022968292 0.60905088186264 0.598615515232086 0.587455797195435 0.574219799041748 0.563039696216583 0.552763402462006 0.542467892169952 0.529592090845108 0.519281655550003 0.503101676702499
-9999 -9999 -9999 -9999 -9999 -9999 -9999 -9999 -9999 0.214838115870953 0.0900919988751411 0.0566831931471825 0.0655773892998695 0.118291994929314 0.249265286326408 0.39035564661026 0.516949671506882 0.590980470180511 0.582438039779663 0.573628401756287 0.563001656532288 0.563937783241272 0.562528848648071 0.566502201557159 0.572900402545929 0.576697885990143 0.577461564540863 0.574614667892456 0.578979182243347 0.580257380008698 0.58079708814621 0.577815687656403 0.574960100650787 0.573205876350403 0.575185811519623 0.582309639453888 0.589881467819214 0.603248655796051 0.623639190196991 0.640497612953186 0.647391271591186 0.641870391368866 0.630779469013214 0.623487448692322 0.6163365483284 0.610885894298553 0.609982681274414 0.607434713840485 0.602015125751495 0.597411322593689 0.59585622549057 0.59633846282959 0.59345680475235 0.58667938709259 0.578519546985626 0.568295109272003 0.553597211837769 0.543555045127869 0.5327004134655
