meets/meet004/_saidas_enm/ensemble_aver_Aralia_warmingiana_CCSM_0k_SVM.asc
NCOLS 154 
NROWS 168 
XLLCORNER -112 
YLLCORNER -55.5 
CELLSIZE 0.5 
NODATA_value -9999 
[rows 100 to 124 of 168, columns 56 to 111 of 154]
-9999 -9999 -9999 -9999 -9999 -9999 -9999 -9999 -9999 -9999 -9999 -9999 -9999 -9999 -9999 -9999 -9999 -9999 -9999 -9999 -9999 -9999 -9999 -9999 -9999 -9999 -9999 -9999 0.0717437323182821 0.156173086166382 0.0930073619354516 0.0425423933193088 0.0431078568100929 0.0474703103303909 0.0468189798295498 0.0396410711109638 0.0309199467301369 0.0330471804365516 0.0628428809344768 0.22205173522234 0.669240438938141 0.724797630310059 0.311899036169052 0.0568712741136551 0.0232115250080824 0.0346895825117826 0.0150325503200293 0.0378799691796303 0.107504694536328 0.166941393725574 0.193537117540836 0.221249493211508 0.258215890824795 0.320393040776253 0.401990413665771 0.484868907928467
-9999 -9999 -9999 -9999 -9999 -9999 -9999 -9999 -9999 -9999 -9999 -9999 -9999 -9999 -9999 -9999 -9999 -9999 -9999 -9999 -9999 -9999 -9999 -9999 -9999 -9999 -9999 -9999 0.0700371697545052 0.151289959251881 0.0727783172857016 0.0420371141284704 0.0427724212408066 0.0462548799812794 0.0450094096362591 0.0381802074611187 0.0292252264916897 0.0340962041169405 0.0698974873870611 0.263702947832644 0.65385582447052 0.562694758176804 0.171753254532814 -0.0193146146833897 -0.0109390003606677 0.0129909734707326 -0.0156644340604544 0.0200875744223595 0.100977477896959 0.16442823689431 0.273356264829636 0.281870274245739 0.306296321749687 0.365214937925339 0.45248139500618 0.560028427839279
-9999 -9999 -9999 -9999 -9999 -9999 -9999 -9999 -9999 -9999 -9999 -9999 -9999 -9999 -9999 -9999 -9999 -9999 -9999 -9999 -9999 -9999 -9999 -9999 -9999 -9999 -9999 0.0739849902689457 0.0712216302752495 0.150166665017605 0.0803309984505177 0.0425380052998662 0.0414934821426868 0.0438462875783443 0.043426837772131 0.0374501779675484 0.0298072310164571 0.0380987320095301 0.0898631107062101 0.331145253777504 0.626056861877441 0.419429558515549 0.0892013385891914 -0.0554613311542198 -0.0295657221227884 0.00910183880478144 0.000258693844079971 0.0305977400392294 0.0962144546210766 0.156030497141182 0.236191537976265 0.294170238077641 0.314430457353592 0.366437318921089 0.466672968864441 0.57457509636879
-9999 -9999 -9999 -9999 -9999 -9999 -9999 -9999 -9999 -9999 -9999 -9999 -9999 -9999 -9999 -9999 -9999 -9999 -9999 -9999 -9999 -9999 -9999 -9999 -9999 -9999 -9999 0.0753787226974964 0.0756663341075182 0.151606269180775 0.0752441965043545 0.042341461405158 0.0398069012910128 0.0417975585907698 0.0424001462757587 0.0390004862099886 0.0319463324733078 0.0461323138326406 0.118816530331969 0.397080372273922 0.571929317712784 0.32286551296711 0.0512666986323893 -0.0593857681378722 -0.0158428648952395 0.03194624860771 0.0358580324798822 0.0541493214666843 0.105126742488937 0.155821309611201 0.216938871145248 0.273199465870857 0.294324906170368 0.379098531603813 0.488705688714981 0.58852379322052
-9999 -9999 -9999 -9999 -9999 -9999 -9999 -9999 -9999 -9999 -9999 -9999 -9999 -9999 -9999 -9999 -9999 -9999 -9999 -9999 -9999 -9999 -9999 -9999 -9999 -9999 -9999 0.078308666497469 0.086061293259263 0.148137544095516 0.0647607559338212 0.0395490342751145 0.0376577276736498 0.0403749726712704 0.0425860472023487 0.0385177329182625 0.033635127171874 0.0643801726400852 0.168022578582168 0.463152655959129 0.566367876529694 0.290353232622147 0.0789204325526953 -0.0138362875208259 0.00590140074491501 0.0565993659198284 0.0574577197432518 0.0732539849355817 0.111285480111837 0.163295193761587 0.23207171857357 0.28092468380928 0.345675331354141 0.439001137018204 0.545490139722824 0.650734251737595
-9999 -9999 -9999 -9999 -9999 -9999 -9999 -9999 -9999 -9999 -9999 -9999 -9999 -9999 -9999 -9999 -9999 -9999 -9999 -9999 -9999 -9999 -9999 -9999 -9999 -9999 -9999 0.0899157866835594 0.10004934668541 0.133006925880909 0.0508548624813557 0.0372457798570395 0.0367880880832672 0.0405717819929123 0.042736043035984 0.0358009792864323 0.0356974117457867 0.0786793418228626 0.197260821610689 0.484140267968178 0.515516924858093 0.25743433535099 0.0977050878107548 0.0142894953489304 0.0192983407527208 0.0488685980904847 0.0473294382914901 0.0698837179690599 0.110916718095541 0.158428804576397 0.226928496360779 0.291567811369896 0.375974231958389 0.486040318012238 0.586625891923904 0.689414727687836
-9999 -9999 -9999 -9999 -9999 -9999 -9999 -9999 -9999 -9999 -9999 -9999 -9999 -9999 -9999 -9999 -9999 -9999 -9999 -9999 -9999 -9999 -9999 -9999 -9999 -9999 -9999 0.116969223320484 0.122208587825298 0.108346346020699 0.0446097057312727 0.0399372294545174 0.0393287129700184 0.0423443280160427 0.0430637918412685 0.0332603298127651 0.0394724513404071 0.0829964019358158 0.199674181640148 0.465649336576462 0.429400056600571 0.224642279744148 0.108532436937094 0.0398396037518978 0.0202502958476543 0.0149304207414389 0.0391198955476284 0.070774020627141 0.109684877842665 0.156892938911915 0.20439023822546 0.269605925679207 0.372064661979675 0.488323563337326 0.596978974342346 0.687839877605438
-9999 -9999 -9999 -9999 -9999 -9999 -9999 -9999 -9999 -9999 -9999 -9999 -9999 -9999 -9999 -9999 -9999 -9999 -9999 -9999 -9999 -9999 -9999 -9999 -9999 -9999 -9999 0.165492764115334 0.140146653354168 0.0883595563471317 0.0474082939326763 0.0452608995139599 0.0424296088516712 0.0440339259803295 0.0441781558096409 0.0362491652369499 0.0441871576011181 0.0848320119082928 0.195119960606098 0.432029762864113 0.368736112117767 0.190843278169632 0.113699404895306 0.0593017840292305 0.0480431158095598 0.0437972146086395 0.0656795108690858 0.0916958890855312 0.127118323743343 0.168696451187134 0.211222878098488 0.266900640726089 0.364495575428009 0.485510098934174 0.591940665245056 0.684935760498047
-9999 -9999 -9999 -9999 -9999 -9999 -9999 -9999 -9999 -9999 -9999 -9999 -9999 -9999 -9999 -9999 -9999 -9999 -9999 -9999 -9999 -9999 -9999 -9999 -9999 -9999 -9999 0.215104618668556 0.150506889820099 0.0750647932291031 0.053792941570282 0.0497841767966747 0.0438780397176743 0.0442725844681263 0.043828210234642 0.0432133182883263 0.0484656639397144 0.0875170014798641 0.18416706174612 0.388251399993896 0.30186211168766 0.156260581314564 0.110714187473059 0.0804641973227262 0.0835195831954479 0.108856038749218 0.109489417821169 0.13481360822916 0.156629087030888 0.176529040932655 0.212338617444038 0.269426319003105 0.369829505681992 0.479699599742889 0.573376882076263 0.676896166801453
-9999 -9999 -9999 -9999 -9999 -9999 -9999 -9999 -9999 -9999 -9999 -9999 -9999 -9999 -9999 -9999 -9999 -9999 -9999 -9999 -9999 -9999 -9999 -9999 -9999 -9999 -9999 0.232893049716949 0.141733779013157 0.071814925968647 0.0561837293207645 0.0505593590438366 0.0400462560355663 0.0419283464550972 0.0407026715576649 0.0413720823824406 0.0517703730612993 0.0922824531793594 0.175019644200802 0.313997057080269 0.22777353823185 0.114114224910736 0.093134693428874 0.0820863770321012 0.0916906043887138 0.115723748505116 0.12520556896925 0.144334152340889 0.164527702331543 0.184262979030609 0.219028124213219 0.274658396840096 0.35991824567318 0.456633967161179 0.547279387712479 0.651863050460815
-9999 -9999 -9999 -9999 -9999 -9999 -9999 -9999 -9999 -9999 -9999 -9999 -9999 -9999 -9999 -9999 -9999 -9999 -9999 -9999 -9999 -9999 -9999 -9999 -9999 -9999 0.193929776549339 0.22382570207119 0.127329540252686 0.0694332752376795 0.0612049341201782 0.0533886939287186 0.0425617165863514 0.0420055462047458 0.0367810547351837 0.0411457911133766 0.0623407058417797 0.0996285274624824 0.157683555781841 0.225591436028481 0.122882024943829 0.0579172786325216 0.0564567353576422 0.0628978446125984 0.0684463840909302 0.084626018628478 0.0976132206618786 0.117968335002661 0.144595231115818 0.181745067238808 0.226054653525352 0.274404227733612 0.340969389677048 0.421519178152084 0.506848537921906 0.602702951431274
-9999 -9999 -9999 -9999 -9999 -9999 -9999 -9999 -9999 -9999 -9999 -9999 -9999 -9999 -9999 -9999 -9999 -9999 -9999 -9999 -9999 -9999 -9999 -9999 -9999 -9999 0.205170178413391 0.185014955699444 0.0955358386039734 0.0669249998405576 0.0662892566993833 0.0611699048138689 0.055473486147821 0.0488607656210661 0.0399510474875569 0.0452316185459495 0.0839180544018745 0.137004671990871 0.186926302313805 0.154659670591354 0.0637063844129443 0.0169801912270486 0.016938229650259 0.0231757331639528 0.0313609039410949 0.0467065624892712 0.0718779651448131 0.10461370870471 0.139991097152233 0.178646332025528 0.22280493080616 0.278089055418968 0.34438701570034 0.422423005104065 0.497665655612946 0.583253186941147
-9999 -9999 -9999 -9999 -9999 -9999 -9999 -9999 -9999 -9999 -9999 -9999 -9999 -9999 -9999 -9999 -9999 -9999 -9999 -9999 -9999 -9999 -9999 -9999 -9999 -9999 0.209123462438583 0.123903292417526 0.0677819352596998 0.0642175820656121 0.0744295157492161 0.0721001088619232 0.0749461172148585 0.0638235732913017 0.0648252897895873 0.0773382782936096 0.13103084564209 0.191195297241211 0.171928703784943 0.111454738676548 0.0396384156309068 0.0103850235231221 0.00114809721708298 0.00292769018560648 0.0105913063511252 0.019449472182896 0.0498313805088401 0.0932213418185711 0.136675621569157 0.170209158957005 0.207597230374813 0.264939206838608 0.344145804643631 0.417758285999298 0.470782107114792 0.545994830131531
-9999 -9999 -9999 -9999 -9999 -9999 -9999 -9999 -9999 -9999 -9999 -9999 -9999 -9999 -9999 -9999 -9999 -9999 -9999 -9999 -9999 -9999 -9999 -9999 -9999 -9999 0.183863630890846 0.0811614401638508 0.0543123289942741 0.0593207465484738 0.0723770149052143 0.0892419513314962 0.102295904420316 0.12349566349294 0.152677737176418 0.159080375730991 0.189789760112762 0.194544625282288 0.126362815499306 0.0909721173346043 0.0723549600690603 0.042393478564918 0.0221246421337128 0.0183051001280546 0.0266618791036308 0.0350027682259679 0.0429077623703051 0.0770029224455357 0.123601894080639 0.158719876408577 0.190998633205891 0.239861208200455 0.30121905207634 0.364923471212387 0.417891657352447 0.473398447036743
-9999 -9999 -9999 -9999 -9999 -9999 -9999 -9999 -9999 -9999 -9999 -9999 -9999 -9999 -9999 -9999 -9999 -9999 -9999 -9999 -9999 -9999 -9999 -9999 -9999 0.306012564897537 0.133268947899342 0.0619391262531281 0.0523643538355827 0.0516747783869505 0.0741888605058193 0.111212181299925 0.162373749911785 0.22566386833787 0.235328754782677 0.197859326004982 0.218655431270599 0.158876892924309 0.0912336483597755 0.0960739769041538 0.114291651546955 0.0723997632041573 0.0508608466945589 0.0495672352612019 0.0627191543579102 0.0865340761840343 0.049507923796773 0.0609491471201181 0.108036227524281 0.138948421180248 0.164210589230061 0.204242768883705 0.243044394254684 0.289865091443062 0.330298116803169 0.364790052175522
-9999 -9999 -9999 -9999 -9999 -9999 -9999 -9999 -9999 -9999 -9999 -9999 -9999 -9999 -9999 -9999 -9999 -9999 -9999 -9999 -9999 -9999 -9999 -9999 -9999 0.237274026870728 0.0980084583163261 0.0543020777404308 0.0506203770637512 0.0484224279876798 0.0744556558667682 0.123932629078627 0.196221337467432 0.27025094628334 0.243305262923241 0.202454155683517 0.19208028614521 0.150178894400597 0.106002102047205 0.0974564962089062 0.0999635726213455 0.0763143885880709 0.0585317811928689 0.0577665839344263 0.0750989630818367 0.0817694418132305 0.0440890293568373 0.0409526232630014 0.0792780168354511 0.112567883729935 0.133402563631535 0.16564464122057 0.195369145274162 0.230316883325577 0.258807939291 0.277163818478584
-9999 -9999 -9999 -9999 -9999 -9999 -9999 -9999 -9999 -9999 -9999 -9999 -9999 -9999 -9999 -9999 -9999 -9999 -9999 -9999 -9999 -9999 -9999 -9999 -9999 0.202197280526161 0.081226746737957 0.0527934923768043 0.051764439791441 0.045504026953131 0.0806668658740819 0.123335015773773 0.18706886023283 0.221562528610229 0.194008576869965 0.160489493608475 0.155537824332714 0.132016777992249 0.107166966795921 0.100175826996565 0.0892350174486637 0.0690414164215326 0.0469988603144884 0.0414209442213178 0.054449300095439 0.0718294031918049 0.0287526707164943 0.0263273287564516 0.0586157247424126 0.0859617024660111 0.102691245079041 0.131003540754318 0.152498555183411 0.175963780283928 0.188404479622841 0.198709414899349
-9999 -9999 -9999 -9999 -9999 -9999 -9999 -9999 -9999 -9999 -9999 -9999 -9999 -9999 -9999 -9999 -9999 -9999 -9999 -9999 -9999 -9999 -9999 -9999 -9999 0.18352667093277 0.0776111550629139 0.0477955959737301 0.0421466574072838 0.0321098687360063 0.055726819857955 0.103162204474211 0.138295169174671 0.158705306053162 0.153842332959175 0.138271474838257 0.12640259116888 0.10175509005785 0.0868473090231419 0.0916556626558304 0.0914952643215656 0.0609392315149307 0.0292159546166658 0.0158673128113151 0.0129844324663281 0.00977888721972704 0.00564891972753685 0.0191851865965873 0.0460070241242647 0.0667124003171921 0.0812526784837246 0.100940611958504 0.114198912680149 0.128494599461555 0.130457408726215 0.123825943470001
-9999 -9999 -9999 -9999 -9999 -9999 -9999 -9999 -9999 -9999 -9999 -9999 -9999 -9999 -9999 -9999 -9999 -9999 -9999 -9999 -9999 -9999 -9999 -9999 -9999 0.170220671594143 0.0779502794146538 0.0446964845061302 0.0339911781251431 0.0195115264505148 0.0443219397217035 0.0834372878074646 0.100842298567295 0.120877017080784 0.127055259048939 0.118607866764069 0.106449915468693 0.077480748295784 0.0651028804481029 0.0779828891158104 0.0828772656619549 0.0474727861583233 0.0106338786426932 -0.00248233750462532 -0.00810617059469223 -0.00839929841458797 -0.000448289886116981 0.0154186114785261 0.03652901686728 0.0503381289541721 0.0638862803578377 0.0783444471657276 0.0832765981554985 0.0881038337945938 0.0787190072238445 0.0702955321408808
-9999 -9999 -9999 -9999 -9999 -9999 -9999 -9999 -9999 -9999 -9999 -9999 -9999 -9999 -9999 -9999 -9999 -9999 -9999 -9999 -9999 -9999 -9999 -9999 -9999 0.157317686080933 0.0763837784528732 0.0430735662579536 0.0278715703636408 0.0126338234171271 0.0380897406488657 0.0630639392882586 0.0820317849516869 0.102540692687035 0.111395110189915 0.109780935943127 0.0936409026384354 0.0693812631070614 0.0580778159201145 0.0612461350858211 0.0587413094937801 0.0267091192305088 -0.00373586565256119 -0.0114712923765182 -0.0117126040160656 -0.00851811245083809 -0.00225809328258038 0.00932661583647132 0.025113926269114 0.0383187048137188 0.0501808896660805 0.0583930529654026 0.0586582370102406 0.0598963189870119 0.0505193186923861 0.0394370160996914
-9999 -9999 -9999 -9999 -9999 -9999 -9999 -9999 -9999 -9999 -9999 -9999 -9999 -9999 -9999 -9999 -9999 -9999 -9999 -9999 -9999 -9999 -9999 -9999 -9999 0.152071948349476 0.0721648961305618 0.0428598761558533 0.0277925711125135 0.00936082508414984 0.0296533189713955 0.0413139684125781 0.0581947281956673 0.0772396452724934 0.0877877235412598 0.0911073073744774 0.072911037504673 0.0524458967149258 0.0430548576638103 0.0427508719265461 0.0399925959296525 0.0125199039466679 -0.00984754450619221 -0.0135961290448904 -0.0135408572852612 -0.00924280378967524 -0.00409113224595785 0.00367971993982792 0.015282167843543 0.0264133997261524 0.0378496922552586 0.0437958426773548 0.0408729635179043 0.0390004046261311 0.0257524080574512 0.0169362595304847
-9999 -9999 -9999 -9999 -9999 -9999 -9999 -9999 -9999 -9999 -9999 -9999 -9999 -9999 -9999 -9999 -9999 -9999 -9999 -9999 -9999 -9999 -9999 -9999 -9999 0.145335593819618 0.0678104065358639 0.0422464936971664 0.0304996162652969 0.00939801489003003 0.0155969964340329 0.0226570384576917 0.0285748571157455 0.0393952073529363 0.0476277879439294 0.0443562573753297 0.0389692511409521 0.0270141486078501 0.0232497813180089 0.0280254416167736 0.0236458281055093 0.00441167450044304 -0.0110548701137304 -0.0143526092171669 -0.0144009938463569 -0.0115392478182912 -0.00739460345357656 -1.42384320497513e-05 0.0107046182267368 0.0194256828166544 0.0260860718786716 0.0323096126317978 0.0309512421488762 0.0262309405952692 0.0121773272752762 -0.00263706464320421
-9999 -9999 -9999 -9999 -9999 -9999 -9999 -9999 -9999 -9999 -9999 -9999 -9999 -9999 -9999 -9999 -9999 -9999 -9999 -9999 -9999 -9999 -9999 -9999 -9999 0.139543697237968 0.0640112608671188 0.0397891417145729 0.0341593213379383 0.0117413906380534 0.00839810371398926 0.00862360242754221 0.00837531741708517 0.0141067950055003 0.0194161174818873 0.0186905348673463 0.0196841454133391 0.0145384839735925 0.0145966785028577 0.0218360530212522 0.0181163443252444 0.00182065342087299 -0.0117811426520348 -0.0149872664362192 -0.0170291224494576 -0.0154313508421183 -0.0116831542924047 -0.00426331609487534 0.0083119363640435 0.0183537105098367 0.0270441386848688 0.0341400511562824 0.0290894418954849 0.0256413415074348 0.00783114675432444 -0.00569016388617456
-9999 -9999 -9999 -9999 -9999 -9999 -9999 -9999 -9999 -9999 -9999 -9999 -9999 -9999 -9999 -9999 -9999 -9999 -9999 -9999 -9999 -9999 -9999 -9999 -9999 0.131548108160496 0.0628788277506828 0.0400304283946753 0.0372229531407356 0.0154567524790764 0.00801367238163948 0.00240432415157557 -0.000860615924830199 0.00042240375187248 0.00868300495785661 0.0143838849849999 0.0134079940617085 0.0120399518869817 0.0146888072602451 0.0204922782257199 0.0212569184601307 0.00287219677120447 -0.0124666575342417 -0.0158847546204925 -0.0189347893930972 -0.0199419570621103 -0.0175230768276379 -0.00810291841626167 0.00480768661946058 0.0179764996282756 0.0366030588746071 0.0328383259475231 0.0312297947704792 0.0178838334977627 -0.00783369403798133 -0.00822510051075369
-9999 -9999 -9999 -9999 -9999 -9999 -9999 -9999 -9999 -9999 -9999 -9999 -9999 -9999 -9999 -9999 -9999 -9999 -9999 -9999 -9999 -9999 -9999 -9999 0.115307052433491 0.125094330310822 0.0566843327134848 0.0418482080101967 0.0427669655531645 0.0208787612617016 0.00424051812151447 -0.00142892124131322 -0.00547676398418844 -0.0077362603507936 -0.00283475117757916 0.00409585246816277 0.00398723436519504 0.00388941448181868 0.00778995985165238 0.0169115053489804 0.0207838287577033 0.00293269739486277 -0.0128344079479575 -0.0168930994346738 -0.0198796331882477 -0.022098450595513 -0.0217935161665082 -0.0161035525612533 -0.00726028298959136 0.000950726075097918 0.0107011041371152 0.0117332927184179 0.00895994924940169 -0.0127657046541572 -0.047240103315562 -0.0605200869496912
