meets/meet004/_saidas_enm/ensemble_aver_Cavanillesia_umbellata_CCSM_0k_Maxent.asc
NCOLS 154 
NROWS 168 
XLLCORNER -112 
YLLCORNER -55.5 
CELLSIZE 0.5 
NODATA_value -9999 
[rows 50 to 74 of 168, columns 56 to 111 of 154]
-9999 -9999 -9999 -9999 -9999 -9999 -9999 -9999 -9999 -9999 -9999 -9999 -9999 0.0025759576841665 0.00674281138635706 0.0526296883821487 0.0871401980519295 0.0855454497039318 0.0931095756590366 0.134590689837933 0.15896655023098 0.194070532917976 0.243741941452026 0.272782497107983 0.294667573273182 0.194700177013874 0.143160440027714 0.102924029529095 0.0836290374398232 0.0528130926191807 0.0390986887738109 0.0580871377140284 0.0738043390214443 0.151196034252644 0.209882296621799 0.435939431190491 0.412728416919708 0.394152134656906 0.396623605489731 0.397395354509354 0.405158764123917 0.406732195615768 0.414968764781952 0.362177377939224 0.0770458452403545 0.0621596530079842 0.0665771804749966 0.0700648635625839 0.0711128696799278 0.0755713686347008 0.0791783571243286 0.0732238247990608 0.0876990959048271 0.135391796380281 0.152059072256088 0.199358731508255
-9999 -9999 -9999 -9999 -9999 -9999 -9999 -9999 -9999 -9999 -9999 -9999 -9999 0.0210275487741455 0.0326393353752792 0.0406270246952772 0.0652169473469257 0.083710154145956 0.0946421027183533 0.104296582192183 0.116686219722033 0.129059854149818 0.154189093410969 0.159128111600876 0.138211964070797 0.103727827966213 0.0812410280108452 0.0595688208937645 0.033690245822072 0.0233265860471874 0.0174239432904869 0.0267378831282258 0.0448406185954809 0.0859220415353775 0.186128072440624 0.335472378134727 0.435872346162796 0.450368797779083 0.434090858697891 0.425838249921799 0.426940393447876 0.423156082630157 0.35710437297821 0.362926709651947 0.12740730792284 0.0782620429992676 0.0788586854934692 0.0860042586922646 0.0846798494458199 0.0793358415365219 0.0757270708680153 0.0771571516990662 0.0899386912584305 0.169864954799414 0.159411158412695 0.207695576548576
-9999 -9999 -9999 -9999 -9999 -9999 -9999 -9999 -9999 -9999 -9999 0.0369498364627361 0.053881947696209 0.0508638963103294 0.0445692207664251 0.0346433505415916 0.0459002923220396 0.0750934220850468 0.0958065204322338 0.0950740776956081 0.101367954164743 0.101699881255627 0.0993037492036819 0.091514065861702 0.0761149622499943 0.0618480183184147 0.0431808147579432 0.028807569667697 0.0173642766429111 0.0111289580061566 0.0111471053911373 0.014709361968562 0.0311223605647683 0.0671939201653004 0.147058264911175 0.209443145990372 0.39498838186264 0.449546456336975 0.452923268079758 0.449227654933929 0.449478226900101 0.444614213705063 0.372872400283813 0.377527928352356 0.370934635400772 0.154253076016903 0.0862121775746345 0.15038978010416 0.0881427690386772 0.225578075647354 0.219994285702705 0.246546080708504 0.204582306742668 0.343318831920624 0.171014387905598 0.221840059757233
-9999 -9999 -9999 -9999 -9999 -9999 -9999 -9999 -9999 -9999 0.0459500707685947 0.0566763237118721 0.0628616578876972 0.0539525106549263 0.036242613568902 0.0240840252488852 0.0283453768119216 0.0560929276049137 0.0793193824589253 0.0824030868709087 0.0827836558222771 0.0743110194802284 0.0628038816154003 0.0521110896021128 0.0406465008854866 0.0307014372199774 0.021533394465223 0.0132325002690777 0.0113853706803638 0.0110670361144003 0.0115032333356794 0.0126958554959856 0.0250610005110502 0.0551241129636765 0.119736294448376 0.184676775336266 0.221589784324169 0.289517083764076 0.41047750711441 0.413413083553314 0.456703007221222 0.438336884975433 0.386287814378738 0.384036612510681 0.344433432817459 0.241096413135529 0.232778444886208 0.227516049146652 0.210921922326088 0.218522745370865 0.245044556260109 0.20711655318737 0.300111472606659 0.353409910202026 0.183615913242102 0.25006799697876
-9999 -9999 -9999 -9999 -9999 -9999 -9999 -9999 -9999 -9999 0.0894484832882881 0.0849570013582706 0.0718421563506126 0.0556782245635986 0.0375340890139341 0.0244817426428199 0.0209321344271302 0.0401600055396557 0.0624149933457375 0.0593840602785349 0.0572543438524008 0.0455928832292557 0.0357494900003076 0.0284349177964032 0.0214518255088478 0.0169527883757837 0.0147434686892666 0.012389609508682 0.0119548794697039 0.0115032785979565 0.0116027206648141 0.0133866287302226 0.0206248718313873 0.0440697826445103 0.089909852296114 0.163142123818398 0.197193226218224 0.261735811829567 0.27241003215313 0.282182681560516 0.297681146860123 0.248770168423653 0.251622688770294 0.247283446788788 0.232659143209457 0.21696420609951 0.198779460787773 0.229844483733177 0.282427987456322 0.223429241776466 0.380396902561188 0.349461144208908 0.33750929236412 0.344601404666901 0.191123075783253 0.244249552488327
-9999 -9999 -9999 -9999 -9999 -9999 -9999 -9999 0.0357827575877309 0.182333552837372 0.24402491748333 0.102219833433628 0.0772559240460396 0.0622963041067123 0.0440511412918568 0.0316474888473749 0.0235835396684706 0.0290598720312119 0.0409978445619345 0.0353936172090471 0.0291435346007347 0.0253689527511597 0.0221803267952055 0.0183201076230034 0.01449099262245 0.0143468231894076 0.0149821262108162 0.0122655959101394 0.0127274623839185 0.0125957896700129 0.0135563188581727 0.0147518809186295 0.0171662382897921 0.03133684117347 0.063194877654314 0.132149176299572 0.168657293915749 0.189290353655815 0.248018202185631 0.250967520475388 0.229457685351372 0.205539241433144 0.211937919259071 0.206994280219078 0.190984672307968 0.202192848920822 0.172733187675476 0.234600222110748 0.361839562654495 0.409960341453552 0.41993196606636 0.360741794109344 0.330759900808334 0.350425940752029 0.409344929456711 0.233504164218903
-9999 -9999 -9999 -9999 -9999 -9999 -9999 -9999 0.146001355350018 0.271511697769165 0.304553005099297 0.13649668097496 0.0953878156840801 0.0676480300724506 0.0505712300539017 0.0393719460815191 0.0329638577997684 0.0306838577613235 0.0295886974781752 0.0290165985003114 0.0241359639447182 0.0230453499127179 0.0219640632160008 0.0225997759029269 0.0221961693838239 0.0222126605920494 0.0193912900052965 0.0185647556558251 0.0194090517703444 0.0203801550436765 0.0216083661653101 0.0227014129050076 0.0237236890010536 0.0241746792569757 0.0434680242091417 0.0706609904766083 0.0942565947771072 0.113144387304783 0.123665024340153 0.125286661088467 0.123526331782341 0.120145253837109 0.119689559936523 0.130355168879032 0.143377359211445 0.161106796562672 0.256579180061817 0.314536648988724 0.382801192998886 0.376108130812645 0.363000401854515 0.304497969150543 0.299684453010559 0.325746089220047 0.39207808971405 0.498354715108871
-9999 -9999 -9999 -9999 -9999 -9999 -9999 0.165808293223381 0.249710029363632 0.350271183252335 0.338857743144035 0.340404099225998 0.123640409111977 0.078191777318716 0.0580455482006073 0.0470446698367596 0.04278594404459 0.042531138472259 0.0356425734236836 0.0312378102913499 0.0269569989293814 0.0267294321209192 0.0266201492398977 0.0272339662536979 0.0270824089646339 0.0265918983146548 0.0280900489538908 0.0305837038904428 0.0316037897020578 0.0313815217465162 0.0305829666554928 0.0316651731729507 0.0320816615596414 0.0327277213335037 0.0335493076592684 0.0510277431458235 0.0682406798005104 0.083267230540514 0.0923746809363365 0.0951702907681465 0.0994823351502419 0.102495181560516 0.108715872466564 0.121984270215034 0.13736833781004 0.251300898194313 0.252351668477058 0.25811662375927 0.250781539082527 0.23346551656723 0.229649588465691 0.229509910941124 0.240483781695366 0.295088654756546 0.369155550003052 0.408762443065643
-9999 -9999 -9999 -9999 -9999 -9999 -9999 0.293493238091469 0.341969883441925 0.373958596587181 0.391270995140076 0.359524524211884 0.163958784937859 0.0801556758582592 0.0645571961998939 0.0603741928935051 0.0566197019070387 0.0595625840127468 0.0493999276310205 0.0471888270229101 0.0434082098305225 0.0419634364545345 0.0411929320544004 0.0439106069505215 0.0468544729053974 0.0473069842904806 0.0491719201207161 0.0482730016112328 0.0486837416887283 0.0500697009265423 0.0484195731580257 0.0469529625028372 0.0442832544445992 0.0426131539046764 0.0408689927309751 0.0370838291943073 0.0491976443678141 0.0199529314413667 0.0229230981320143 0.0239234307780862 0.0255212495103478 0.025742306932807 0.0285818099975586 0.0520220179110765 0.16622486114502 0.172823661565781 0.151227369904518 0.148948709666729 0.163017255067825 0.182062131166458 0.190432891249657 0.203403922915459 0.207430526614189 0.266242289543152 0.341996788978577 0.393231874704361
-9999 -9999 -9999 -9999 -9999 -9999 0.319521301984787 0.354151877760887 0.366276022791862 0.425490480661392 0.378583443164825 0.362322407960892 0.134190745651722 0.0737192071974277 0.0703688010573387 0.0738252431154251 0.0806126140058041 0.0859703026711941 0.0702758029103279 0.0670279525220394 0.0618854165077209 0.0630911663174629 0.065524835139513 0.0685967676341534 0.0687658101320267 0.0696475014090538 0.0703308291733265 0.0727438241243362 0.0735957615077496 0.0698884345591068 0.0679718799889088 0.0640407517552376 0.0609016962349415 0.0581093624234199 0.0538595363497734 0.0519866280257702 0.0504302002489567 0.0150754747912288 0.0147117629647255 0.0151967018842697 0.0172534871846437 0.0205422155559063 0.0461655810475349 0.0577734865248203 0.0694484159350395 0.0758840151131153 0.213906538486481 0.223801526427269 0.244242826104164 0.244486525654793 0.12965122461319 0.0956930413842201 0.0978016123175621 0.1008459597826 0.131124478578568 0.383988517522812
-9999 -9999 -9999 -9999 -9999 -9999 0.376507993042469 0.37127199023962 0.410629105567932 0.42710907459259 0.403180086612701 0.361742621660233 0.13202820122242 0.0865450225770474 0.088131982088089 0.098506024479866 0.105599790811539 0.112066756188869 0.093510577082634 0.0938609883189201 0.092410434782505 0.0952606111764908 0.09870465695858 0.102632007002831 0.103161959350109 0.101628758013248 0.10233548283577 0.102356725931168 0.102172085642815 0.0995109185576439 0.0953244253993034 0.0920609802007675 0.0872968927025795 0.0833205506205559 0.0791724666953087 0.0770225495100021 0.0789997532963753 0.025973654538393 0.0286440491676331 0.0317609470337629 0.0612509060651064 0.0781051509082317 0.0890506103634834 0.10489044636488 0.109918761253357 0.111810838803649 0.115677029639482 0.116434102505445 0.125610287487507 0.127081390470266 0.126655675470829 0.130358787626028 0.130252755433321 0.13256802931428 0.128957072645426 0.15418997630477
-9999 -9999 -9999 -9999 -9999 -9999 0.383611826598644 0.405308794975281 0.390050345659256 0.432470661401749 0.426367205381393 0.36575300693512 0.147689373791218 0.101175443828106 0.10541665405035 0.114788398146629 0.135076028108597 0.145927879214287 0.116045132279396 0.11748832911253 0.117387981712818 0.12488955706358 0.132356095314026 0.135988827049732 0.132392993569374 0.128902244567871 0.128228478133678 0.129155692458153 0.128150933980942 0.125426052510738 0.122208350896835 0.119230282306671 0.115489611029625 0.111756840348244 0.10666309595108 0.103401660919189 0.0494724947959185 0.0382413692772388 0.0438035935163498 0.0908540707081556 0.106795232743025 0.126676145195961 0.128625433892012 0.130742690712214 0.132089406624436 0.135335501655936 0.135240443795919 0.137467072159052 0.148314738273621 0.147397140413523 0.151859942823648 0.151350852102041 0.15401379019022 0.157234833389521 0.151871745288372 0.150723548233509
-9999 -9999 -9999 -9999 -9999 -9999 -9999 0.374534356594086 0.380795556306839 0.429562413692474 0.425779622793198 0.385169947147369 0.179621705412865 0.156740134954453 0.126194033026695 0.143772675096989 0.156582799553871 0.156815189123154 0.1473274320364 0.142874774336815 0.147118230164051 0.156809768080711 0.166060400009155 0.169741235673428 0.166307918727398 0.16106094866991 0.161373151838779 0.161111697554588 0.161129947006702 0.160921415686607 0.157828506827354 0.155539759993553 0.150911545753479 0.148872876167297 0.147819140553474 0.0508849654346704 0.0527820635586977 0.0547855090349913 0.11220533400774 0.127767984569073 0.150593829900026 0.152392090857029 0.152801883965731 0.153338837996125 0.154886113107204 0.155098339170218 0.156431899964809 0.167784794420004 0.168518806993961 0.169687861204147 0.170806635916233 0.173072977364063 0.176396875083447 0.178569927811623 0.177507236599922 0.17498083114624
-9999 -9999 -9999 -9999 -9999 -9999 -9999 -9999 0.368963086605072 0.435784286260605 0.441834592819214 0.395058047771454 0.198032379150391 0.180205392837524 0.154235956072807 0.160536240041256 0.176324409246445 0.153628151118755 0.167232671380043 0.1737758487463 0.182208359241486 0.192751628160477 0.301096330583096 0.297938033938408 0.287380062043667 0.283796313405037 0.28525101095438 0.286717787384987 0.288044995069504 0.294251593947411 0.294252014160156 0.28151713013649 0.276998248696327 0.275123479962349 0.282199677824974 0.125578117743134 0.126817050948739 0.136923141032457 0.140542926639318 0.165331897139549 0.164470057189465 0.163453175872564 0.163697612285614 0.174181885644794 0.173235731944442 0.169472172483802 0.169505449384451 0.169915700703859 0.170718732476234 0.172135987877846 0.174313433468342 0.180113761499524 0.183631072938442 0.188526407629251 0.189742092043161 0.1898611985147
-9999 -9999 -9999 -9999 -9999 -9999 0.368915468454361 0.324313163757324 0.356234043836594 0.410116910934448 0.415611004829407 0.371473532915115 0.211152201890945 0.210151529312134 0.223120409250259 0.189390566945076 0.200868004560471 0.166719803214073 0.180345368385315 0.19221311211586 0.202179130911827 0.312108355760574 0.386818408966064 0.413158708810806 0.41879466176033 0.423053634166718 0.437307268381119 0.440995717048645 0.444296765327454 0.442768466472626 0.361625331640244 0.358687469363213 0.354771021008492 0.353233262896538 0.352641874551773 0.19039418771863 0.154391837120056 0.156862823665142 0.165147887915373 0.177584779262543 0.173051872476935 0.170323550701141 0.178199575468898 0.18866313546896 0.184539900720119 0.181195069849491 0.179814584553242 0.179846811294556 0.180870208144188 0.182904472947121 0.186224064230919 0.191120494902134 0.199449801445007 0.204921801388264 0.209717099368572 0.482591491937637
-9999 -9999 -9999 -9999 -9999 0.117292155325413 0.32643441259861 0.316927766799927 0.372544157505035 0.405833661556244 0.40226154923439 0.252160033583641 0.22241268157959 0.227433720231056 0.248741912841797 0.278995841741562 0.176730674505234 0.236942726373672 0.24667409658432 0.263259840011597 0.377412396669388 0.418693834543228 0.42176958322525 0.440680921077728 0.450742107629776 0.458925950527191 0.463631135225296 0.467906552553177 0.471891713142395 0.473693770170212 0.473775589466095 0.474051523208618 0.471282398700714 0.469088137149811 0.465783798694611 0.443250346183777 0.240314212441444 0.205489149689674 0.202313594520092 0.19578233063221 0.189122806489468 0.196037554740906 0.186307016015053 0.180484905838966 0.175485871732235 0.170581986010075 0.17036050260067 0.169479855895042 0.170202006399632 0.172391179203987 0.174181921780109 0.179734276235104 0.184852337837219 0.192501178383827 0.452845615148544 0.459419566392899
-9999 -9999 -9999 -9999 -9999 0.332306182384491 0.313437107205391 0.346019726991653 0.393673068284988 0.396422988176346 0.370639789104462 0.245187136530876 0.238667538762093 0.253929355740547 0.268774515390396 0.289819547533989 0.238325595855713 0.254077515006065 0.270701444149017 0.401319044828415 0.436200207471848 0.453970509767532 0.456562048196793 0.462694102525711 0.470464098453522 0.279516330361366 0.230225986242294 0.231126615405083 0.231909838318825 0.232328423857689 0.28253253698349 0.508713668584824 0.507345360517502 0.505362462997436 0.502447986602783 0.49785623550415 0.271240907907486 0.216659191250801 0.21209441870451 0.204736204445362 0.197092735767364 0.189667275547981 0.179733361303806 0.173497109115124 0.168125355243683 0.164005883038044 0.1619244992733 0.161245210468769 0.161571569740772 0.1624232634902 0.164409686625004 0.167476762831211 0.171345482766628 0.413827669620514 0.419364821910858 0.428330540657043
-9999 -9999 -9999 -9999 -9999 -9999 0.39396944642067 0.380934053659439 0.416750764846802 0.349267852306366 0.254985383152962 0.233461606502533 0.230143511295319 0.249428009986877 0.260523274540901 0.289336383342743 0.239186388254166 0.269487410783768 0.162320184707642 0.185284340381622 0.198594543337822 0.464279627799988 0.46948469877243 0.487383162975311 0.506395620107651 0.22979671061039 0.230267322063446 0.230677315592766 0.231273508071899 0.231081458926201 0.230418461561203 0.230218407511711 0.229019945859909 0.22736568748951 0.274862319231033 0.271141031384468 0.217155840992928 0.211669193208218 0.206525479257107 0.198974496126175 0.191384488344192 0.184157241880894 0.173996177315712 0.168018743395805 0.162547235190868 0.158045436441898 0.155966040492058 0.15441899895668 0.153750006854534 0.153563506901264 0.154264086484909 0.155393888056278 0.157204732298851 0.384410101175308 0.385527729988098 0.386823236942291
-9999 -9999 -9999 -9999 -9999 -9999 0.428122693300247 0.416211986541748 0.421988528966904 0.347098052501678 0.210633020102978 0.213704690337181 0.201288291811943 0.201459702849388 0.218215709924698 0.238422295451164 0.283264273405075 0.365140461921692 0.178935560584068 0.195698466897011 0.469169348478317 0.483098810911179 0.499947786331177 0.49957309961319 0.499541544914246 0.49906919002533 0.497739768028259 0.223206993937492 0.22395868897438 0.225716885924339 0.22750438451767 0.227357399463654 0.226118609309196 0.223947283625603 0.220951035618782 0.216966006159782 0.212269474565983 0.206917080283165 0.201694715023041 0.195937763154507 0.188931415975094 0.181854370236397 0.175157845020294 0.166807347536087 0.161628767848015 0.15736328214407 0.154065385460854 0.150779765844345 0.148087358474731 0.145470859110355 0.143969130516052 0.144049143791199 0.359828364849091 0.358999019861221 0.355527228116989 0.35156033039093
-9999 -9999 -9999 -9999 -9999 -9999 0.487471151351929 0.430927807092667 0.427959960699081 0.356724381446838 0.262937080860138 0.18637757897377 0.177699995040894 0.175901478528976 0.185034707188606 0.205212864279747 0.259085443615913 0.274049615859985 0.177227438986301 0.197116282582283 0.498337954282761 0.494483405351639 0.492341548204422 0.492364996671677 0.493362277746201 0.492585545778275 0.490179598331451 0.216466918587685 0.216500547528267 0.21836199760437 0.220151105523109 0.219315508008003 0.21826955974102 0.217057257890701 0.214916929602623 0.212280480563641 0.207213039696217 0.202420927584171 0.197580513358116 0.192199063301086 0.187503533065319 0.180309563875198 0.174726584553719 0.169583773612976 0.163819949328899 0.159721472859383 0.154105760157108 0.146824283897877 0.142569233477116 0.137447312474251 0.134498402476311 0.132815536856651 0.337110239267349 0.331131768226624 0.31989740729332 0.312181746959686
-9999 -9999 -9999 -9999 -9999 -9999 -9999 -9999 0.222512209415436 0.368524140119553 0.304478111863136 0.277257961034775 0.155234006047249 0.1562828540802 0.168888774514198 0.191467678546906 0.24297599196434 0.259832918643951 0.151996380090714 0.199456599354744 0.493706899881363 0.487967312335968 0.210424554347992 0.209952116012573 0.48780437707901 0.486408692598343 0.483566629886627 0.211964610219002 0.211475017666817 0.212143954634666 0.212299713492393 0.211506199836731 0.209360751509666 0.207768377661705 0.206161040067673 0.203693541884422 0.20010571628809 0.195992960035801 0.192328473925591 0.188958057761192 0.185498639941216 0.181222718954086 0.176064847409725 0.169781731069088 0.164799989759922 0.159883114695549 0.154170687496662 0.148397493362427 0.143168850243092 0.137624655663967 0.130696056783199 0.328110837936401 0.320669013261795 0.310364419221878 0.294882690906525 0.279910671710968
-9999 -9999 -9999 -9999 -9999 -9999 -9999 -9999 0.434546059370041 0.333866709470749 0.302799886465073 0.269404992461205 0.136545081436634 0.140973255038261 0.156170699000359 0.177464273571968 0.237342849373817 0.260540840029717 0.147385029494762 0.201193234324455 0.488403433561325 0.472556763887405 0.184031057357788 0.182778581976891 0.202175143361092 0.48111327290535 0.476894056797028 0.197047629952431 0.19806994497776 0.207580232620239 0.206672498583794 0.205314144492149 0.202675420045853 0.200609734654427 0.198459076881409 0.195946970582008 0.192441871762276 0.189036494493485 0.185940690338612 0.182813601195812 0.180403791368008 0.176757997274399 0.173434299230576 0.169990283250809 0.165166579186916 0.160003463923931 0.153473074734211 0.146665877103806 0.140010598301888 0.132458578050137 0.127272883057594 0.311866456270218 0.301724928617477 0.287888419628143 0.268683299422264 0.284412276744843
-9999 -9999 -9999 -9999 -9999 -9999 -9999 -9999 -9999 0.323416766524315 0.305463033914566 0.266123297810554 0.120773972570896 0.204699149727821 0.228265485167503 0.170058861374855 0.235517758131027 0.253384980559349 0.15884627699852 0.182793602347374 0.468408423662186 0.436451578140259 0.167393928766251 0.164952915906906 0.179528602957726 0.448943305015564 0.188881927728653 0.180055913329124 0.181122156977653 0.188939559459686 0.195312747359276 0.195311930775642 0.19161368906498 0.192752474546432 0.19401713013649 0.190566486120224 0.187321799993515 0.183429645001888 0.180636484920979 0.178572605550289 0.176250296831131 0.173352389037609 0.170237903296947 0.167254513502121 0.164666396379471 0.203247886896133 0.378794187307358 0.359927606582642 0.34512043595314 0.330734938383102 0.315711772441864 0.302179116010666 0.282498419284821 0.267969021201134 0.252312394976616 0.290631556510925
-9999 -9999 -9999 -9999 -9999 -9999 -9999 -9999 -9999 -9999 0.287244230508804 0.254982110857964 0.197149804234505 0.216400220990181 0.244677266478539 0.257771414518356 0.335204648971558 0.419113850593567 0.150214841961861 0.1640610486269 0.433760333061218 0.410137790441513 0.109310235083103 0.107502886652946 0.162290023267269 0.414025384187698 0.171099299192429 0.164832910895348 0.166303709149361 0.173028184473515 0.177757288515568 0.177554772794247 0.172109109163284 0.172304755449295 0.175251588225365 0.177799692749977 0.178756932914257 0.178038650751114 0.176681946218014 0.173920281231403 0.171322159469128 0.168823197484016 0.166550616919994 0.164096267521381 0.204172395169735 0.386316376924515 0.373213964700699 0.357048839330673 0.339592343568802 0.320004481077194 0.297032400965691 0.275544455647469 0.254578199982643 0.236418980360031 0.257955351471901 0.27158097922802
-9999 -9999 -9999 -9999 -9999 -9999 -9999 -9999 -9999 -9999 -9999 0.217099307477474 0.217467042803764 0.216920092701912 0.236881512403488 0.278704804182053 0.349738150835037 0.384270948171616 0.29470856487751 0.379012221097946 0.403639149665833 0.368297162652016 0.101615276932716 0.0989742651581764 0.104967850446701 0.145150803029537 0.155271062254906 0.153815013170242 0.155798241496086 0.160328641533852 0.163107217848301 0.163572537899017 0.15958723127842 0.158742342889309 0.158004395663738 0.15554133951664 0.156562103331089 0.155398970842361 0.15783885717392 0.160461215674877 0.161787539720535 0.16463510543108 0.161943151056767 0.159409157931805 0.386925429105759 0.379234385490417 0.36631920337677 0.350174170732498 0.333757525682449 0.303902620077133 0.275717133283615 0.257022216916084 0.240240657329559 0.221789303421974 0.209928026795387 0.254587543010712
