meets/meet004/_saidas_enm/ensemble_aver_Cavanillesia_umbellata_CCSM_6k_Gower.asc
NCOLS 154 
NROWS 168 
XLLCORNER -112 
YLLCORNER -55.5 
CELLSIZE 0.5 
NODATA_value -9999 
[rows 52 to 77 of 168, columns 58 to 115 of 154]
-9999 -9999 -9999 -9999 -9999 -9999 -9999 -9999 -9999 0 0 0 0 0.0515927478671074 0.239689627289772 0.438312250375748 0.520949912071228 0.516768103837967 0.490164494514465 0.427065896987915 0.354576194286346 0.257650434970856 0.116288902796805 0.0128252265974879 0 0 0 0 0 0 0 0.0315955795347691 0.354085069894791 0.557950675487518 0.555568790435791 0.54953048825264 0.529981797933578 0.497531992197037 0.50656179189682 0.490357309579849 0.462259942293167 0.431118702888489 0.391998195648193 0.411508023738861 0.497067356109619 0.566136395931244 0.660181653499603 0.733527219295502 0.701920652389526 0.638161301612854 0.564003098011017 0.500982087850571 0.427521866559982 0.506951397657394 0.602086663246155 0.666954278945923 0.69574111700058 0.698998916149139
-9999 -9999 -9999 -9999 -9999 -9999 -9999 -9999 0 0 0 0 0 0 0.0719409421086311 0.265201142430305 0.36740939617157 0.374713838100433 0.34093576669693 0.24197019636631 0.120748960226774 0.0271434776484966 0 0 0 0 0 0 0 0 0 0 0.241777607798576 0.529189038276672 0.561531358957291 0.55060168504715 0.533462524414062 0.514854174852371 0.499021100997925 0.470342999696732 0.454539686441422 0.461247527599335 0.487416499853134 0.541463178396225 0.608474111557007 0.680468714237213 0.723468029499054 0.678397107124329 0.619754612445831 0.554227411746979 0.488267534971237 0.424022728204727 0.361273777484894 0.47655423283577 0.601726758480072 0.684435725212097 0.716526365280151 0.728343403339386
-9999 -9999 -9999 -9999 -9999 -9999 -9999 -9999 0 0 0 0 0 0 0 0.0776592582464218 0.17064133733511 0.160597979277372 0.123466878570616 0.0253050714731216 0 0 0 0 0 0 0 0 0 0 0 0 0.119046686403453 0.439958065748215 0.566786295175552 0.572695171833038 0.564038521051407 0.554002225399017 0.555520594120026 0.527587276697159 0.529406476020813 0.549085766077042 0.588483989238739 0.661013329029083 0.701680243015289 0.670551025867462 0.615392971038818 0.54950624704361 0.500742876529694 0.433018398284912 0.369324958324432 0.319779551029205 0.262942069768906 0.420287507772446 0.576542139053345 0.685056114196777 0.730335521697998 0.747714257240295
-9999 -9999 -9999 -9999 -9999 -9999 0 0 0 0 0.0280278258025646 0.0121227854862809 0 0 0 0 0 0 0 0 0 0 0 0 0 0 0 0 0 0 0 0 0.0179467808455229 0.297413858771324 0.497648745775223 0.58112188577652 0.588478803634644 0.586701929569244 0.591388642787933 0.583224415779114 0.590087711811066 0.62464497089386 0.667648589611053 0.655165207386017 0.59423257112503 0.523634314537048 0.45981662273407 0.399090611934662 0.339366048574448 0.286087939143181 0.228806033730507 0.18528295904398 0.154055944830179 0.347781050205231 0.541618025302887 0.672105860710144 0.724262762069702 0.749510741233826
-9999 -9999 -9999 -9999 -9999 -9999 0 0 0 0.0885955557227135 0.230203595757484 0.0509163077920675 0 0 0 0 0 0 0 0 0 0 0 0 0 0 0 0 0 0 0 0 0 0.120280933566391 0.320786267518997 0.476346397399902 0.54765899181366 0.572016549110413 0.585929834842682 0.58342559337616 0.579919266700745 0.549390494823456 0.496814787387848 0.448462128639221 0.367273354530334 0.29570951461792 0.228461012244225 0.156749261170626 0.114492371957749 0.0816117815673351 0.0597684405744076 0.0511345218867063 0.034813342243433 0.25231893658638 0.471922421455383 0.635710680484772 0.710052132606506 0.743696582317352
-9999 -9999 -9999 -9999 -9999 0 0 0 0.11241617705673 0.305039411783218 0.357324039936066 0.161266231536865 0 0 0 0 0 0 0 0 0 0 0 0 0 0 0 0 0 0 0 0 0 0 0.114190478716046 0.274322304129601 0.358036941289902 0.387985181808472 0.40454848408699 0.36990373134613 0.329695916175842 0.281704503297806 0.21744417399168 0.158250124752522 0.0792762450873852 0.0249001264572144 0 0 0 0 0 0 0 0.162722484022379 0.394294863939285 0.587396550178528 0.673832941055298 0.725364708900452
-9999 -9999 -9999 -9999 -9999 0 0 0.0507895316928625 0.400523060560226 0.489366191625595 0.458158165216446 0.253655731678009 0.0496818237006664 0 0 0 0 0 0 0 0 0 0 0 0 0 0 0 0 0 0 0 0 0 0 0.0343916073441505 0.0843243166804314 0.091003942489624 0.0925886929035187 0.047342617996037 0.0188206981867552 0 0 0 0 0 0 0 0 0 0 0 0 0.0591655410826206 0.297617644071579 0.510080915689468 0.614051473140717 0.675887668132782
-9999 -9999 -9999 -9999 0 0 0.00303403045982122 0.297571101784706 0.560656368732452 0.568240427970886 0.50244722366333 0.315046089887619 0.119680262543261 0 0 0 0 0 0 0 0 0 0 0 0 0 0 0 0 0 0 0 0 0 0 0 0 0 0 0 0 0 0 0 0 0 0 0 0 0 0 0 0 0 0.183377346396446 0.402559179067612 0.518467754125595 0.606290280818939
-9999 -9999 -9999 -9999 0 0.00478701004758477 0.275725725293159 0.533645492792129 0.660970568656921 0.625382936000824 0.543534696102142 0.387133586406708 0.22611922621727 0.0922340676188469 0.0260549187660217 0 0 0 0 0 0 0 0 0 0 0 0 0 0 0 0 0 0 0 0 0 0 0 0 0 0 0 0 0 0 0 0 0.0025277434848249 0.00996254328638315 0.0261438801884651 0.0342472687363625 0.0427995857782662 0.0438690878450871 0.0364547468721867 0.0546874444931746 0.251144564151764 0.371747499704361 0.463039499521256
-9999 -9999 -9999 -9999 0.0379227243363857 0.215880396962166 0.520969098806381 0.660021340847015 0.704030215740204 0.670441687107086 0.590372931957245 0.430973845720291 0.291074651479721 0.157405360043049 0.115212048776448 0.0636650912463665 0.0416292362846434 0.00900322701781988 0 0 0 0 0 0 0 0 0 0 0 0 0 0 0 0 0 0 0 0 0 0 0 0 0.0139529658481479 0.0474034238606691 0.0629031769931316 0.0919934824109077 0.106165128946304 0.114772625919431 0.139343856275082 0.139137553423643 0.158350018411875 0.17012187987566 0.151544327288866 0.152397982031107 0.117466385476291 0.0962781459093094 0.200771413743496 0.300331711769104
-9999 -9999 -9999 -9999 -9999 0.505767494440079 0.664077115058899 0.744704735279083 0.721062254905701 0.697647559642792 0.60573216676712 0.488901591300964 0.37084276676178 0.272898432612419 0.221724897623062 0.165078485012054 0.13933689147234 0.110531761078164 0.0785287871956825 0.0629925519227982 0.0492429867386818 0.0507626842707396 0.053103956207633 0.044625379703939 0.0433238960802555 0.0350689463317394 0.0334185518324375 0.0294004827737808 0.019159834459424 0.0132880931720138 0.00187384635210037 0 0 0 0 0 0 0.0124030668288469 0.0284850105643272 0.0650185480713844 0.0981092154979706 0.135857793316245 0.189301514625549 0.221036869287491 0.257709348201752 0.274497699737549 0.286650818586349 0.304159227013588 0.311984565854073 0.323581153154373 0.323298886418343 0.324198997020721 0.322017461061478 0.30439005792141 0.285166329145431 0.252735379338264 0.226726800203323 0.193857908248901
-9999 -9999 -9999 -9999 -9999 -9999 0.704950487613678 0.762860023975372 0.670070159435272 0.714387810230255 0.622521758079529 0.505447936058044 0.405047750473022 0.326796555519104 0.2971725076437 0.247695928812027 0.223206201195717 0.199523088335991 0.172188441455364 0.162851274758577 0.159100968390703 0.161585614085197 0.158738163858652 0.163469137251377 0.154952429234982 0.154672621190548 0.152604281902313 0.136910340189934 0.133061180636287 0.111045139865018 0.101244066655636 0.0906936034560204 0.0799685195088387 0.077930361777544 0.0748672157526016 0.0858808428049087 0.0948590621352196 0.119734356366098 0.163610082119703 0.19558522850275 0.249502167105675 0.290634325146675 0.328600230813026 0.369415837526321 0.385148423910141 0.41082398891449 0.422098487615585 0.428590255975723 0.444155526161194 0.444321197271347 0.451845496892929 0.453408944606781 0.44212760925293 0.443067765235901 0.414272004365921 0.399983078241348 0.373067301511765 0.341761869192123
-9999 -9999 -9999 -9999 0.572267425060272 0.670942294597626 0.740827643871307 0.759385800361633 0.696020889282227 0.710569620132446 0.623223948478699 0.535898739099503 0.46203727722168 0.39323046207428 0.353291547298431 0.320604345202446 0.303138771653175 0.292946389317512 0.281215137243271 0.281019279360771 0.278991848230362 0.284243908524513 0.294838812947273 0.296541461348534 0.300739926099777 0.298589941859245 0.298144140839577 0.293909496068954 0.282165494561195 0.272346287965775 0.25571511387825 0.246143481135368 0.241448739171028 0.232268741726875 0.239122530817986 0.24460037946701 0.258391743898392 0.293105855584145 0.32305001616478 0.366984111070633 0.405922985076904 0.439329522848129 0.478961330652237 0.505285894870758 0.528754466772079 0.541999405622482 0.548444759845734 0.559291958808899 0.562790834903717 0.571550214290619 0.574415624141693 0.573664855957031 0.572118747234345 0.562693953514099 0.555045711994171 0.537931370735169 0.526052838563919 0.516986179351807
-9999 -9999 -9999 0.587292170524597 0.66287100315094 0.712729156017303 0.748113870620728 0.739700162410736 0.674699532985687 0.704792606830597 0.628672313690186 0.547571337223053 0.465021562576294 0.424730896949768 0.395960557460785 0.376861566305161 0.36925043463707 0.347847265005112 0.355465447902679 0.355376106500626 0.372108179330826 0.384014791250229 0.389684236049652 0.404521298408508 0.407245790958405 0.420136231184006 0.426511943340302 0.416613405942917 0.417328709363937 0.406594860553741 0.400650078058243 0.394589614868164 0.38101190328598 0.380624306201935 0.379533070325851 0.391687285900116 0.4031907081604 0.427670180797577 0.456821978092194 0.485125541687012 0.52731254696846 0.55374151468277 0.579553711414337 0.569558262825012 0.562259888648987 0.553619492053986 0.550382375717163 0.552403330802917 0.554905009269714 0.567579889297485 0.581163859367371 0.593220889568329 0.605779981613159 0.613926565647125 0.617021703720093 0.615134239196777 0.605686163902283 0.575856971740723
-9999 -9999 -9999 0.633740544319153 0.708080017566681 0.728994143009186 0.746661138534546 0.70199248790741 0.659414207935333 0.676401031017303 0.648073935508728 0.575554144382477 0.515651643276215 0.472314745187759 0.437609970569611 0.412791001796722 0.404682189226151 0.413297569751739 0.415848129987717 0.422440701723099 0.437335586547852 0.450625485181808 0.472681719064713 0.487452679872513 0.500825756788254 0.511776477098465 0.519299644231796 0.525060147047043 0.524560004472733 0.522565293312073 0.516337424516678 0.512082898616791 0.509435051679611 0.504634523391724 0.508040946722031 0.510798043012619 0.519031369686127 0.539960902929306 0.559152579307556 0.587489151954651 0.610982298851013 0.600125086307526 0.580825006961822 0.563201606273651 0.554026448726654 0.546720206737518 0.543460094928741 0.544813108444214 0.546994113922119 0.554417192935944 0.562284684181213 0.569988489151001 0.577113747596741 0.5802738904953 0.578924775123596 0.571869945526123 0.559558761119842 0.540979307889938
-9999 -9999 -9999 -9999 0.735510885715485 0.749925661087036 0.73615996837616 0.678711998462677 0.63073970079422 0.6543008685112 0.669265711307526 0.602827620506287 0.537839245796204 0.498990523815155 0.483721393346786 0.454552221298218 0.454048728942871 0.465605396032333 0.460743820667267 0.479251652956009 0.496185290813446 0.516811901330948 0.540649706125259 0.555697107315063 0.57584365606308 0.590449452400208 0.604786825180054 0.615814864635468 0.617190992832184 0.622566831111908 0.618217945098877 0.618575656414032 0.618374586105347 0.612442398071289 0.617107963562012 0.617300117015839 0.6225430727005 0.639304292201996 0.64939786195755 0.652179181575775 0.623768627643585 0.601414275169373 0.583508121967316 0.564976644515991 0.558784687519074 0.550946044921875 0.546896004676819 0.546291410923004 0.543954396247864 0.547942817211151 0.549673402309418 0.551442694664001 0.553724503517151 0.552124929428101 0.545484459400177 0.534837347269058 0.519650000333786 0.49929291009903
-9999 -9999 -9999 -9999 0.697883129119873 0.743067753314972 0.730704069137573 0.67050359249115 0.6150510430336 0.651185119152069 0.681010019779205 0.630830180644989 0.56045491695404 0.514665502309799 0.500346332788467 0.489296561479568 0.492374873161316 0.496576517820358 0.502691245079041 0.513022595643997 0.535471123456955 0.556897222995758 0.58274257183075 0.605234849452972 0.626250565052032 0.647632920742035 0.662912237644196 0.67641019821167 0.684904670715332 0.689818668365479 0.692459499835968 0.693779945373535 0.694582390785217 0.693968069553375 0.695170247554779 0.696199059486389 0.699202001094818 0.703883051872253 0.686009705066681 0.662467157840729 0.637737238407135 0.616828608512878 0.599766206741333 0.584402787685394 0.574843192100525 0.566421413421631 0.560713994503021 0.556727159023285 0.551951611042023 0.549124252796173 0.544386732578278 0.540145248174667 0.534853935241699 0.526031690835953 0.516482257843018 0.502468848228455 0.485661786794662 0.465474790334702
-9999 -9999 -9999 -9999 0.56606285572052 0.716626179218292 0.713331580162048 0.70895938873291 0.612388420104981 0.587850546836853 0.541945469379425 0.567792516946793 0.586806702613831 0.526101493835449 0.536515879631043 0.529644483327866 0.542250591516495 0.543740582466125 0.535980623960495 0.557489919662476 0.575985431671143 0.603600561618805 0.636095702648163 0.650324535369873 0.678513526916504 0.692994892597198 0.707452571392059 0.724981462955475 0.731064116954803 0.741071784496307 0.741324663162231 0.745942139625549 0.753026854991913 0.749639117717743 0.754832541942596 0.751118111610413 0.740465891361237 0.72202695608139 0.699391627311707 0.680054366588593 0.65738719701767 0.638644993305206 0.622982263565063 0.607120192050934 0.597795045375824 0.586910510063171 0.578762865066528 0.571784210205078 0.562796914577484 0.555390095710754 0.544667649269104 0.533832168579102 0.521600294113159 0.506070297956467 0.493180656433105 0.476247638463974 0.458562791347504 0.438610088825226
-9999 -9999 -9999 -9999 -9999 -9999 0.698547899723053 0.714471328258514 0.601614773273468 0.498256874084473 0.430549108982086 0.442290246486664 0.532534670829773 0.564736366271973 0.56005939245224 0.567608213424683 0.579875063896179 0.576181590557098 0.579141342639923 0.590025496482849 0.611984097957611 0.633726978302002 0.659405076503754 0.683234393596649 0.687544846534729 0.673266839981079 0.676809287071228 0.694089317321777 0.710342860221863 0.714340257644653 0.714384627342224 0.723239612579346 0.73759697675705 0.75173681974411 0.757183694839478 0.758872830867767 0.752303731441498 0.73554869890213 0.716940343379974 0.698664271831512 0.680529940128326 0.663510429859161 0.647738516330719 0.633223640918732 0.621018207073212 0.609621679782867 0.599014520645142 0.587643837928772 0.575902545452118 0.563922512531281 0.549824929237366 0.534399121999741 0.516279983520508 0.496564275026321 0.478970623016357 0.459259170293808 0.441113746166229 0.423005485534668
-9999 -9999 -9999 -9999 -9999 -9999 0.549335551261902 0.717276442050934 0.580052292346954 0.447825026512146 0.330581641197205 0.329190999269485 0.429267525672913 0.573834943771362 0.607625496387482 0.612120246887207 0.625959610939026 0.636014211177826 0.619175958633423 0.632988131046295 0.604405128955841 0.603647029399872 0.639060962200165 0.664073407649994 0.659663832187653 0.641296291351318 0.644364237785339 0.663678753376007 0.677461814880371 0.681377971172333 0.677624833583832 0.686349129676819 0.703492271900177 0.717514097690582 0.725965356826782 0.730864822864532 0.738550055027008 0.743668258190155 0.734276211261749 0.719704043865204 0.70286557674408 0.687565398216248 0.67303204536438 0.657888865470886 0.645335566997528 0.631460356712341 0.618151915073395 0.603573358058929 0.588676500320435 0.574021244049072 0.556800663471222 0.537525916099548 0.514861512184143 0.491725343465805 0.47238734960556 0.451537293195724 0.434273904561996 0.418334168195724
-9999 -9999 -9999 -9999 -9999 -9999 -9999 0.737587869167328 0.630820918083191 0.439910399913788 0.257222281396389 0.223061938583851 0.328271287679672 0.515916746854782 0.632340955734253 0.639260804653168 0.618663001060486 0.635834324359894 0.645130753517151 0.615744435787201 0.578664946556091 0.576213300228119 0.607351672649384 0.63362877368927 0.629948556423187 0.616672849655151 0.619291341304779 0.634511661529541 0.647848975658417 0.649368035793304 0.646788763999939 0.654223835468292 0.667995393276215 0.6815349817276 0.689298319816589 0.695357811450958 0.704452192783356 0.713430106639862 0.723132252693176 0.725614166259766 0.721286404132843 0.709049940109253 0.69363933801651 0.679433596134186 0.664793908596039 0.650285971164703 0.634647727012634 0.616539442539215 0.598705768585205 0.581453359127045 0.563708245754242 0.542583978176117 0.516634678840637 0.49165216088295 0.472709941864014 0.454687678813934 0.439168584346771 0.425380325317383
-9999 -9999 -9999 -9999 -9999 -9999 -9999 -9999 0.688630902767181 0.462610858678818 0.224832154810429 0.165087057650089 0.259596797823906 0.448354834318161 0.665940475463867 0.615642809867859 0.592985332012177 0.609732604026794 0.618988239765167 0.594300544261932 0.556137752532959 0.55269364118576 0.582150232791901 0.605008637905121 0.604270553588867 0.593369829654694 0.59714994430542 0.611241829395294 0.621940815448761 0.623651051521301 0.618872034549713 0.62422057390213 0.636328184604645 0.646675980091095 0.654088187217712 0.658552801609039 0.667812621593475 0.679304158687592 0.689140045642853 0.695223188400269 0.700188171863556 0.708094489574432 0.709792637825012 0.698285734653473 0.683632814884186 0.667587006092072 0.650307726860046 0.630274701118469 0.610023260116577 0.591060435771942 0.570762538909912 0.549008131027222 0.523668086528778 0.499669593572617 0.482803922891617 0.466660737991333 0.453510665893555 0.442645394802094
-9999 -9999 -9999 -9999 -9999 -9999 -9999 -9999 -9999 0.509646302461624 0.240007381141186 0.148349441587925 0.21781338006258 0.388704419136047 0.633541214466095 0.596775507926941 0.566273069381714 0.589426946640015 0.593952786922455 0.574601173400879 0.544526672363281 0.538995552062988 0.557625222206116 0.572643399238586 0.576995837688446 0.575122964382172 0.579827451705933 0.589719104766846 0.597310996055603 0.599862897396088 0.598388564586639 0.601556968688965 0.607045042514801 0.610798501968384 0.619313228130341 0.624059796333313 0.633430624008179 0.644369494915009 0.652506375312805 0.662608242034912 0.667185080051422 0.677343881130218 0.69291262626648 0.699162888526917 0.688682997226715 0.674490511417389 0.658740377426147 0.639549136161804 0.620411086082459 0.601440608501434 0.578703939914703 0.557176148891449 0.535526287555695 0.515056681632996 0.500161653757095 0.487525230646133 0.476267898082733 0.46589332818985
-9999 -9999 -9999 -9999 -9999 -9999 -9999 -9999 -9999 0.555286049842834 0.285968336462975 0.170528256334364 0.199495121836662 0.337130418419838 0.549686974287033 0.615919458866119 0.581837475299835 0.586143088340759 0.583956670761108 0.566898381710052 0.540454828739166 0.531976568698883 0.541556346416473 0.54961165189743 0.555014097690582 0.557569515705109 0.563502418994904 0.571688306331634 0.576881241798401 0.58189971446991 0.582898473739624 0.585754430294037 0.588698673248291 0.588919377326965 0.595584964752197 0.599313199520111 0.607832992076874 0.618847215175629 0.625852501392364 0.638272356986999 0.645156681537628 0.654812633991241 0.66680144071579 0.670489072799683 0.666868948936462 0.656734430789948 0.645525813102722 0.633555042743683 0.621298015117645 0.610007536411285 0.593362522125244 0.572878396511078 0.554843473434448 0.537086665630341 0.524122953414917 0.512576687335968 0.502498203516006 0.493728882074356
-9999 -9999 -9999 -9999 -9999 -9999 -9999 -9999 -9999 0.605530393123627 0.346306744217873 0.214455945789814 0.211255852133036 0.275625550746918 0.440654355287552 0.647001183032989 0.631530857086182 0.617251884937286 0.586832475662231 0.570448184013367 0.550628781318665 0.53557562828064 0.534408164024353 0.531983351707458 0.538303160667419 0.544298207759857 0.549894797801971 0.55486376285553 0.558329260349274 0.564311456680298 0.57064323425293 0.573484766483307 0.573578917980194 0.574609339237213 0.577130174636841 0.581597459316254 0.589118957519531 0.596162688732147 0.608259153366089 0.621982932090759 0.632720637321472 0.640508985519409 0.643033754825592 0.638572776317596 0.635339212417602 0.630069375038147 0.62332911491394 0.616017782688141 0.610615718364716 0.606238961219788 0.59976292848587 0.589273726940155 0.577181804180145 0.563453149795532 0.550678431987762 0.53960320353508 0.530155563354492 0.52158967256546
-9999 -9999 -9999 -9999 -9999 -9999 -9999 -9999 -9999 -9999 0.435398226976395 0.301678815484047 0.245512346923351 0.260563153028488 0.340103471279144 0.481020170450211 0.616114675998688 0.67913726568222 0.632533609867096 0.597989892959595 0.570087742805481 0.54602347612381 0.535239613056183 0.528832602500916 0.531664621829987 0.53694030046463 0.540710556507111 0.542632257938385 0.543385589122772 0.54897575378418 0.554149079322815 0.5573894739151 0.558725488185883 0.558494448661804 0.558983623981476 0.561023366451263 0.568163049221039 0.576663184165955 0.590008509159088 0.609903275966644 0.625969624519348 0.632073163986206 0.626743710041046 0.615818655490875 0.608864903450012 0.603027737140655 0.598119795322418 0.597098302841186 0.595395398139954 0.590592324733734 0.587422966957092 0.586396098136902 0.585050451755524 0.582488644123077 0.576166617870331 0.568606734275818 0.559645640850067 0.548275995254517
