meets/meet004/_saidas_enm/ensemble_aver_Cavanillesia_umbellata_CCSM_0k_Bioclim.asc
NCOLS 154 
NROWS 168 
XLLCORNER -112 
YLLCORNER -55.5 
CELLSIZE 0.5 
NODATA_value -9999 
[rows 58 to 86 of 168, columns 66 to 131 of 154]
0.0651769801974297 0.0651769801974297 0.00975609719753265 0 0 0 0 0 0 0 0 0 0 0 0 0 0 0 0 0 0 0 0 0 0 0 0 0 0 0 0 0 0 0 0 0 0 0 0 0 0 0 0 0 0 0.00975609719753265 0.126994423568249 0.182335332036018 0.214991989731789 0.159436069428921 0.139950101077557 0.126914444565773 0.0455835066735744 0.0195659469813108 0.00975609719753265 0.00975609719753265 0.00975609719753265 0.00975609719753265 0.00975609719753265 0.0293495707213879 0.0325753770768642 -9999 0.00978362374007702 0.00978362374007702 0 -9999
0.0651769801974297 0.0651769801974297 0.00975609719753265 0 0 0 0 0 0 0 0 0 0 0 0 0 0 0 0 0 0 0 0 0 0 0 0 0 0 0 0 0 0 0 0 0 0 0 0 0 0 0 0 0 0 0 0.029375796765089 0.13672429472208 0.139950101077557 0.126914444565773 0.0553133778274059 0.0455835066735744 0.0455835066735744 0.0195659469813108 0.00975609719753265 0.00975609719753265 0.00975609719753265 0.00975609719753265 0.0390794418752193 0.0358811624348164 0.0358811624348164 0.0358811624348164 0.0358811624348164 0.0358811624348164 0.0325753770768642 0.0325753770768642
0.0749606043100357 0.0455835066735744 0 0 0 0 0 0 0 0 0 0 0 0 0 0 0 0 0 0 0 0 0 0 0 0 0 0 0 0 0 0 0 0 0 0 0 0 0 0 0 0 0 0 0 0 0 0.029375796765089 0.120436605811119 0.126914444565773 0.0455835066735744 0.0455835066735744 0.0455835066735744 0.0455835066735744 0.0390794418752193 0.0390794418752193 0.0390794418752193 0.0423852272331715 0.0423852272331715 0.0423852272331715 0.0423852272331715 0.0423852272331715 0.0423852272331715 0.0423852272331715 0.0423852272331715 0.0390794418752193
0.10753598511219 0.035853635519743 0.00975609719753265 0 0 0 0 0 0 0 0 0 0 0 0 0 0 0 0 0 0 0 0 0 0 0 0 0 0 0 0 0 0 0 0 0 0 0 0 0 0 0 0 0 0 0 0 0 0.00975609719753265 0.0195659469813108 0.029375796765089 0.029375796765089 0.0195659469813108 0.00975609719753265 0.0195659469813108 0.00975609719753265 0.0195659469813108 0.00980984978377819 0.00980984978377819 0.00980984978377819 0.00980984978377819 0.00980984978377819 0.00980984978377819 0.00980984978377819 0.00980984978377819 0.00980984978377819
0.104230199754238 0.0455835066735744 0.00975609719753265 0.00975609719753265 0.00975609719753265 0.00487804859876633 0 0 0 0 0 0 0 0 0 0 0 0 0 0 0 0 0 0 0 0 0 0 0 0 0 0 0 0 0 0 0 0 0 0 0 0 0 0 0 0 0 0 0 0 0 0 0 0 0 0 0 0 0 0 0 0 0 0 0 0
0.10753598511219 0.0455835066735744 0.00975609719753265 0.00975609719753265 0.00975609719753265 0.00975609719753265 0.00975609719753265 0.00975609719753265 0.00975609719753265 0.00975609719753265 0.00975609719753265 0.00975609719753265 0.0146610220894217 0.0195659469813108 0.0195659469813108 0.00975609719753265 0.00975609719753265 0.00975609719753265 0.00975609719753265 0.00975609719753265 0.00975609719753265 0 0 0 0 0 0 0 0 0 0 0 0.00975609719753265 0.00975609719753265 0.00975609719753265 0.0195659469813108 0.0195659469813108 0.029375796765089 0.029375796765089 0.029375796765089 0.029375796765089 0.029375796765089 0.029375796765089 0.029375796765089 0.0195659469813108 0.0195659469813108 0.00975609719753265 0.00975609719753265 0 0 0 0 0 0 0 0 0 0 0 0 0 0 0 0 0 0
0.100924414396286 0.0195659469813108 0.00975609719753265 0.00975609719753265 0.00975609719753265 0.00975609719753265 0.00975609719753265 0.00975609719753265 0.00975609719753265 0.00975609719753265 0.00975609719753265 0.00975609719753265 0.035853635519743 0.0455835066735744 0.0455835066735744 0.0455835066735744 0.0504484429955483 0.0764922298491001 0.0619511738419533 0.029375796765089 0.029375796765089 0.029375796765089 0.029375796765089 0.0195659469813108 0.0195659469813108 0.0195659469813108 0.0195659469813108 0.0195659469813108 0.0195659469813108 0.029375796765089 0.029375796765089 0.029375796765089 0.029375796765089 0.0423852272331715 0.0423852272331715 0.0423852272331715 0.0423852272331715 0.0423852272331715 0.0423852272331715 0.0423852272331715 0.0423852272331715 0.0423852272331715 0.0521426245570183 0.0521426245570183 0.0521426245570183 0.0879962608218193 0.101004391908646 0.0619511738419533 0.0619511738419533 0.029375796765089 0.029375796765089 0.029375796765089 0.029375796765089 0.029375796765089 0.029375796765089 0.029375796765089 0.00980984978377819 0 0 0 0 0 0 0 0 0
0.100924414396286 0.00975609719753265 0.00975609719753265 0.00975609719753265 0.00975609719753265 0.00975609719753265 0.00975609719753265 0.00975609719753265 0.00975609719753265 0.00975609719753265 0.0195659469813108 0.0407185718417168 0.0455835066735744 0.0455835066735744 0.0911683157086372 0.0911683157086372 0.0944741010665893 0.0814921960234642 0.0814921960234642 0.0814921960234642 0.0944741010665893 0.0814921960234642 0.0944741010665893 0.0944741010665893 0.0814921960234642 0.0814921960234642 0.0521426245570183 0.0521426245570183 0.0521426245570183 0.0521426245570183 0.0521426245570183 0.0521426245570183 0.0423852272331715 0.0423852272331715 0.0423852272331715 0.0423852272331715 0.0423852272331715 0.0423852272331715 0.0423852272331715 0.0423852272331715 0.0423852272331715 0.0423852272331715 0.0423852272331715 0.0521426245570183 0.0814646691083908 0.0814646691083908 0.0814646691083908 0.0814646691083908 0.0814646691083908 0.0814646691083908 0.0814646691083908 0.0488892920315266 0.0423852272331715 0.0423852272331715 0.0423852272331715 0.0423852272331715 0.00980984978377819 0.00980984978377819 0 0 0 0 0 0 0 0
0.0277097914367914 0.00975609719753265 0.00975609719753265 0.00975609719753265 0.00975609719753265 0.00975609719753265 0.00975609719753265 0.00975609719753265 0.00975609719753265 0.0195659469813108 0.0455835066735744 0.0830244719982147 0.0911683157086372 0.0911683157086372 0.0814921960234642 0.0521426245570183 0.0521426245570183 0.0521426245570183 0.0521426245570183 0.0521426245570183 0.0521426245570183 0.0521426245570183 0.0847979813814163 0.0847979813814163 0.0847979813814163 0.0847979813814163 0.0521426245570183 0.0521426245570183 0.0521426245570183 0.0521426245570183 0.0521426245570183 0.0521426245570183 0.0423852272331715 0.0423852272331715 0.0423852272331715 0.0423852272331715 0.0423852272331715 0.0423852272331715 0.0423852272331715 0.0423852272331715 0.0423852272331715 0.0423852272331715 0.0423852272331715 0.0488892920315266 0.0488892920315266 0.0814646691083908 0.0814646691083908 0.0488892920315266 0.0488892920315266 0.0488892920315266 0.0423852272331715 0.0423852272331715 0.0423852272331715 0.0423852272331715 0.0423852272331715 0.0423852272331715 0.00980984978377819 0.00980984978377819 0.00980984978377819 0 0 0 0 0 0 0
0.00975609719753265 0.00975609719753265 0.00975609719753265 0.00975609719753265 0.00975609719753265 0.00975609719753265 0.00975609719753265 0.00975609719753265 0.035853635519743 0.0390794418752193 0.0521426245570183 0.0911683157086372 0.0814921960234642 0.0521426245570183 0.0847979813814163 0.0521426245570183 0.0521426245570183 0.0521426245570183 0.0521426245570183 0.0521426245570183 0.0521426245570183 0.0521426245570183 0.0521426245570183 0.0521426245570183 0.0521426245570183 0.0521426245570183 0.0521426245570183 0.0521426245570183 0.0521426245570183 0.0521426245570183 0.0521426245570183 0.0521426245570183 0.0423852272331715 0.0423852272331715 0.0423852272331715 0.0423852272331715 0.0423852272331715 0.0423852272331715 0.0423852272331715 0.0423852272331715 0.0423852272331715 0.0423852272331715 0.0423852272331715 0.0488892920315266 0.0488892920315266 0.0488892920315266 0.0488892920315266 0.0423852272331715 0.0423852272331715 0.0423852272331715 0.0423852272331715 0.0423852272331715 0.0423852272331715 0.0423852272331715 0.0423852272331715 0.0423852272331715 0.00980984978377819 0.00980984978377819 0.00980984978377819 0.00980984978377819 0.00980984978377819 0 0 0 0 0
0.00975609719753265 0.00975609719753265 0.00975609719753265 0.00975609719753265 0.00975609719753265 0.00975609719753265 0.00975609719753265 0.00975609719753265 0.0390794418752193 0.0521426245570183 0.139950101077557 0.146427939832211 0.101085670292377 0.101085670292377 0.101085670292377 0.101085670292377 0.0847979813814163 0.0521426245570183 0.0521426245570183 0.0521426245570183 0.0521426245570183 0.0521426245570183 0.0521426245570183 0.0521426245570183 0.0521426245570183 0.0521426245570183 0.0521426245570183 0.0521426245570183 0.0521426245570183 0.0521426245570183 0.0521426245570183 0.0521426245570183 0.0521426245570183 0.0423852272331715 0.0423852272331715 0.0423852272331715 0.0423852272331715 0.0423852272331715 0.0423852272331715 0.0423852272331715 0.0423852272331715 0.0423852272331715 0.0488892920315266 0.0423852272331715 0.0423852272331715 0.0423852272331715 0.0423852272331715 0.0423852272331715 0.0423852272331715 0.0423852272331715 0.0423852272331715 0.0423852272331715 0.0423852272331715 0.0423852272331715 0.0423852272331715 0.00980984978377819 0.00980984978377819 0.00980984978377819 0.00980984978377819 0.00980984978377819 0.00980984978377819 0.00980984978377819 0 0 0 0
0.0195659469813108 0.00975609719753265 0.00975609719753265 0.00975609719753265 0.00975609719753265 0.00975609719753265 0.00975609719753265 0.00975609719753265 0.0325753770768642 0.0521426245570183 0.169327199459076 0.182390382885933 0.101085670292377 0.101085670292377 0.153147014975548 0.166102692484856 0.101085670292377 0.0521426245570183 0.0521426245570183 0.0521426245570183 0.0521426245570183 0.0521426245570183 0.0521426245570183 0.0521426245570183 0.0521426245570183 0.0521426245570183 0.0521426245570183 0.0521426245570183 0.0521426245570183 0.0521426245570183 0.0521426245570183 0.0521426245570183 0.0521426245570183 0.0521426245570183 0.0521426245570183 0.0521426245570183 0.0521426245570183 0.0423852272331715 0.0423852272331715 0.0423852272331715 0.0423852272331715 0.0423852272331715 0.0488892920315266 0.0423852272331715 0.0423852272331715 0.0423852272331715 0.0423852272331715 0.0423852272331715 0.0423852272331715 0.0423852272331715 0.0423852272331715 0.0423852272331715 0.0423852272331715 0.0423852272331715 0.00980984978377819 0.00980984978377819 0.00980984978377819 0.00980984978377819 0.00980984978377819 0 0 0 0 0 0 0
0.0651769801974297 0.0455835066735744 0.00975609719753265 0.00975609719753265 0.00975609719753265 0.00975609719753265 0.00975609719753265 0.00975609719753265 0.00975609719753265 0.0521426245570183 0.169408479332924 0.159732359647751 0.0521426245570183 0.0521426245570183 0.0847979813814163 0.162850660085678 0.101085670292377 0.0521426245570183 0.0521426245570183 0.0521426245570183 0.0521426245570183 0.0521426245570183 0.0521426245570183 0.0521426245570183 0.0521426245570183 0.0521426245570183 0.0521426245570183 0.0521426245570183 0.0521426245570183 0.0521426245570183 0.0521426245570183 0.0521426245570183 0.0521426245570183 0.0521426245570183 0.0521426245570183 0.0521426245570183 0.0521426245570183 0.0521426245570183 0.0521426245570183 0.0521426245570183 0.0423852272331715 0.0488892920315266 0.0488892920315266 0.0423852272331715 0.0423852272331715 0.0423852272331715 0.0423852272331715 0.0423852272331715 0.0423852272331715 0.0423852272331715 0.0423852272331715 0.0423852272331715 0.0423852272331715 0.00980984978377819 0.00980984978377819 0.00980984978377819 0.00980984978377819 0.00980984978377819 0.00980984978377819 0 0 0 0 0 0 0
0.0651769801974297 0.0520613454282284 0.0065040647983551 0.0065040647983551 0.00975609719753265 0.00975609719753265 0.00975609719753265 0.00975609719753265 0.00975609719753265 0.0521426245570183 0.159732359647751 0.140165112912655 0.0521426245570183 0.0521426245570183 0.0521426245570183 0.101085670292377 0.0521426245570183 0.0521426245570183 0.0521426245570183 0.0521426245570183 0.0521426245570183 0.0521426245570183 0.0521426245570183 0.0521426245570183 0.0521426245570183 0.0521426245570183 0.0521426245570183 0.0521426245570183 0.0521426245570183 0.0521426245570183 0.0521426245570183 0.0521426245570183 0.0521426245570183 0.0521426245570183 0.0521426245570183 0.0521426245570183 0.0521426245570183 0.0521426245570183 0.0521426245570183 0.0521426245570183 0.0521426245570183 0.0488892920315266 0.0488892920315266 0.0488892920315266 0.0423852272331715 0.0423852272331715 0.0423852272331715 0.0423852272331715 0.0423852272331715 0.0423852272331715 0.0423852272331715 0.0423852272331715 0.0423852272331715 0.0423852272331715 0.00980984978377819 0.00980984978377819 0.00980984978377819 0.00980984978377819 0.00980984978377819 0.00980984978377819 0 0 0 0 0 0
0.0651769801974297 0.0651769801974297 0.0065040647983551 0.0163139145821333 0.0163139145821333 0.00975609719753265 0.00975609719753265 0.00975609719753265 0.0325753770768642 0.0521426245570183 0.107589736580849 0.094554078578949 0.0489168182015419 0.0489168182015419 0.0521426245570183 0.0880500137805939 0.0521426245570183 0.0521426245570183 0.0521426245570183 0.0521426245570183 0.0521426245570183 0.0521426245570183 0.0521426245570183 0.0391069687902927 0.0521426245570183 0.0521426245570183 0.0521426245570183 0.0521426245570183 0.0521426245570183 0.0521426245570183 0.0521426245570183 0.0521426245570183 0.0521426245570183 0.0521426245570183 0.0521426245570183 0.0521426245570183 0.0749606043100357 0.0782126367092133 0.0782126367092133 0.0521426245570183 0.0521426245570183 0.0782126367092133 0.0488892920315266 0.0488892920315266 0.0423852272331715 0.0423852272331715 0.0423852272331715 0.0423852272331715 0.0423852272331715 0.0423852272331715 0.0423852272331715 0.0423852272331715 0.0423852272331715 0.0423852272331715 0.0423852272331715 0.00980984978377819 0.00980984978377819 0.00980984978377819 0.00980984978377819 0.00980984978377819 0.00655781738460064 0 0 0 0 0
0.0749606043100357 0.0651769801974297 0.0163139145821333 0 0.0163139145821333 0.0195659469813108 0.035853635519743 0.0455835066735744 0.0391069687902927 0.0521426245570183 0.0815721750259399 0.0815721750259399 0.00655781738460064 0.00655781738460064 0.0489168182015419 0.0750681102275848 0.0521426245570183 0.0489168182015419 0.0521426245570183 0.0521426245570183 0.0521426245570183 0.0521426245570183 0.0391069687902927 0.0391069687902927 0.0391069687902927 0.0391069687902927 0.0521426245570183 0.0521426245570183 0.0521426245570183 0.0521426245570183 0.0521426245570183 0.0521426245570183 0.0521426245570183 0.0521426245570183 0.0521426245570183 0.101085670292377 0.0945540800690651 0.0945003271102905 0.0814646691083908 0.0782126367092133 0.0782126367092133 0.0782126367092133 0.0488892920315266 0.0488892920315266 0.0423852272331715 0.0423852272331715 0.0423852272331715 0.0423852272331715 0.0423852272331715 0.0423852272331715 0.0423852272331715 0.0423852272331715 0.0423852272331715 0.0423852272331715 0.0423852272331715 0.0423852272331715 0.0390794418752193 0.00980984978377819 0 0 0 0 0 0 0 0
-9999 0.0651769801974297 0.0163139145821333 0 0.0163139145821333 0.0488892920315266 0.0651769801974297 0.0717485621571541 0.00655781738460064 0.0685365185141563 0.0685365185141563 0.0358811624348164 0 0 0.00655781738460064 0.0358811624348164 0.0489168182015419 0.0358811624348164 0.0489168182015419 0.0489168182015419 0.0521426245570183 0.0391069687902927 0.0391069687902927 0.0391069687902927 0.0391069687902927 0.0391069687902927 0.0391069687902927 0.0391069687902927 0.0521426245570183 0.0521426245570183 0.0521426245570183 0.0521426245570183 0.0521426245570183 0.0521426245570183 0.101085670292377 0.159624853730202 0.146669176220894 0.114093799889088 0.0945003271102905 0.0814646691083908 0.0782126367092133 0.0782126367092133 0.0782126367092133 0.0488892920315266 0.0488892920315266 0.0423852272331715 0.0423852272331715 0.0423852272331715 0.0423852272331715 0.0423852272331715 0.0423852272331715 0.0423852272331715 0.0423852272331715 0.0390794418752193 0.0390794418752193 0 0 0 0 0 0 0 0 0 0 0
-9999 0.0651769801974297 0.0163139145821333 0 0.0065040647983551 0.0163139145821333 0.0651769801974297 0.0815721750259399 0.0685365185141563 0.0685365185141563 0.0685365185141563 0.00655781738460064 0 0 0 0.00655781738460064 0.00655781738460064 0.00655781738460064 0.00655781738460064 0.0358811624348164 0.0358811624348164 0.0391069687902927 0.0391069687902927 0.0391069687902927 0.0391069687902927 0.0391069687902927 0.0391069687902927 0.0391069687902927 0.0521426245570183 0.0521426245570183 0.0521426245570183 0.0521426245570183 0.0521426245570183 0.101085670292377 0.156426575779915 0.159732359647751 0.159732359647751 0.140165112912655 0.104337702691555 0.0879962608218193 0.0782126367092133 0.0782126367092133 0.0782126367092133 0.0782126367092133 0.0488892920315266 0.0488892920315266 0.0423852272331715 0.0423852272331715 0.0423852272331715 0.0423852272331715 0.0390794418752193 0 0 0 0 0 0 0 0 0 0 0 0 0 0 0
-9999 0.0455835066735744 0.0163139145821333 0.0163139145821333 0.0163139145821333 0.0163139145821333 0.0570331364870071 0.0700687937438488 0.094554078578949 0.0815721750259399 0.0685365185141563 0.0358811624348164 0 0 0 0 0 0 0.00655781738460064 0.00655781738460064 0.00655781738460064 0.00655781738460064 0.0326291300356388 0.0326291300356388 0.0326291300356388 0.0326291300356388 0.0326291300356388 0.0489168182015419 0.0489168182015419 0.0489168182015419 0.0521426245570183 0.0521426245570183 0.0880500137805939 0.107589736580849 0.107589736580849 0.107589736580849 0.107589736580849 0.094554078578949 0.094554078578949 0.0815721750259399 0.0782663896679878 0.0717085719108582 0.0717085719108582 0.0717085719108582 0.0717085719108582 0.0488892920315266 0.0488892920315266 0.0488892920315266 0.0390794418752193 0 0 0 0 0 0 0 0 0 0 0 0 0 0 0 0 0
-9999 -9999 0.0651769801974297 0.0163139145821333 0.0163139145821333 0.0163139145821333 0.0163139145821333 0.0651769801974297 0.0651769801974297 0.10753598511219 0.094554078578949 0.0815721750259399 0.0358811624348164 0 0 0 0 0 0 0 0 0.00655781738460064 0.00655781738460064 0.00655781738460064 0.00655781738460064 0.00655781738460064 0.00655781738460064 0.00655781738460064 0.00655781738460064 0.0358811624348164 0.0489168182015419 0.0521426245570183 0.0521426245570183 0.0815459489822388 0.094554078578949 0.094554078578949 0.0815721750259399 0.0815721750259399 0.0815721750259399 0.0815721750259399 0.0815721750259399 0.0782663896679878 0.0652307331562042 0.0652307331562042 0.0717085719108582 0.0717085719108582 0.0423314742743969 0 0 0 0 0 0 0 0 0 0 0 0 0 0 0 0 0 0 0
-9999 -9999 0.0651769801974297 0.0488892920315266 0.0163139145821333 0.0163139145821333 0.0163139145821333 0.0163139145821333 0.0163139145821333 0.0651769801974297 0.0749606043100357 0.107589736580849 0.0815721750259399 0.00655781738460064 0 0 0 0 0 0 0 0 0 0 0 0 0 0 0 0.00655781738460064 0.0358811624348164 0.0521426245570183 0.0521426245570183 0.0521426245570183 0.0521426245570183 0.0815721750259399 0.0685365185141563 0.0685365185141563 0.0358811624348164 0.0685365185141563 0.0685365185141563 0.0358811624348164 0.0358811624348164 0.00655781738460064 0.0358811624348164 0.0162876885384321 0 0 0 0 0 0 0 0 0 0 0 0 0 0 0 0 0 0 0 0
-9999 -9999 -9999 0.0651769801974297 0.0163139145821333 0 0 0 0 0.00325203239917755 0.0488892920315266 0.0651769801974297 0.094554078578949 0.00655781738460064 0 0 0 0 0 0 0 0 0 0 0 0 0 0 0 0 0 0.0326291300356388 0.0391069687902927 0.0391069687902927 0.0521426245570183 0.0815721750259399 0.0685365185141563 0.00655781738460064 0 0.00655781738460064 0.00655781738460064 0.00655781738460064 0 0 0 0 0 0 0 0 0 0 0 0 0 0 0 0 0 0 0 0 0 0 0 0
-9999 -9999 -9999 0.0455835066735744 0.0488892920315266 0 0 0 0 0 0 0.0163139145821333 0.0423852272331715 0.0488892920315266 0.0652307331562042 0.00327890869230032 0.00655781738460064 0.00655781738460064 0 0 0 0 0 0 0 0 0 0 0 0 0 0 0.0391069687902927 0.0391069687902927 0.0521426245570183 0.0815721750259399 0.00655781738460064 0 0 0 0 0 0 0 0 0 0 0 0 0 0 0 0 0 0 0 0 0 0 0 0 0 0 0 0 0
-9999 -9999 -9999 -9999 0.0651769801974297 0.0163139145821333 0 0 0 0 0 0 0 0 0.00980984978377819 0.0423852272331715 0.0488892920315266 0.0522088415920734 0.00655781738460064 0.0179674573242664 0.00978362374007702 0.00978362374007702 0.00978362374007702 0.00330578498542309 0.00330578498542309 0 0.00330578498542309 0.00330578498542309 0 0 0 0 0 0.00655781738460064 0.0358811624348164 0.0358811624348164 0.00655781738460064 0 0 0 0 0 0 0 0 0 0 0 0 0 0 0 0 0 0 0 0 0 0 0 0 0 0 0 0 0.0423314742743969
-9999 -9999 -9999 -9999 0.0749606043100357 0.0488892920315266 0 0 0 0 0 0 0 0 0 0 0 0.0423852272331715 0.0488892920315266 0.0847304672002792 0.00978362374007702 0.00978362374007702 0.00978362374007702 0.00978362374007702 0.00978362374007702 0.00978362374007702 0.00978362374007702 0.00978362374007702 0.00978362374007702 0.00978362374007702 0 0 0 0 0 0.00655781738460064 0 0 0 0 0 0 0 0 0 0 0 0 0 0 0 0 0 0 0 0 0 0 0 0 0 0 0 0 0 0.0423314742743969
-9999 -9999 -9999 -9999 -9999 0.0651769801974297 0.0163139145821333 0 0 0 0 0 0 0 0 0 0 0 0 0.0423852272331715 0.0814646691083908 0.107589736580849 0.00978362374007702 0.00978362374007702 0.00978362374007702 0.00978362374007702 0.00978362374007702 0.00978362374007702 0.00978362374007702 0.00978362374007702 0.00978362374007702 0.00978362374007702 0 0 0 0 0 0 0 0 0 0 0 0 0 0 0 0 0 0 0 0 0 0 0 0 0 0 0 0 0 0 0 0 0.00814384426921606 0.185774847865105
-9999 -9999 -9999 -9999 -9999 0.104230199754238 0.0651769801974297 0 0 0 0 0 0 0 0 0 0 0 0 0 0.0423852272331715 0.0814646691083908 0.0521426245570183 0.00978362374007702 0.00978362374007702 0.00978362374007702 0.00978362374007702 0.00978362374007702 0 0 0 0.00978362374007702 0 0 0 0 0 0 0 0 0 0 0 0 0 0 0 0 0 0 0 0 0 0 0 0 0 0 0 0 0 0 0 0 0.114053162932396 0.193918696045876
-9999 -9999 -9999 -9999 -9999 0.0130356561392546 0.0195659469813108 0.0163139145821333 0 0 0 0 0 0 0 0 0 0 0 0 0.0260975383222103 0.0423852272331715 0.0847573414444923 0.00655781738460064 0.0391069687902927 0.00978362374007702 0.00978362374007702 0.00489181187003851 0 0 0 0.00978362374007702 0 0 0 0 0 0 0.00655781738460064 0 0 0 0 0 0 0 0 0 0 0 0 0 0 0 0 0 0 0 0 0 0 0 0 0.029309581592679 0.185774847865105 0.329112017154694
-9999 -9999 -9999 -9999 -9999 -9999 0.0586729153990746 0.00975609719753265 0.0065040647983551 0 0 0 0 0 0 0 0 0 0 0 0 0.029375796765089 0.0651769801974297 0.00655781738460064 0.00655781738460064 0.00655781738460064 0.00978362374007702 0.00978362374007702 0.00978362374007702 0 0 0.00978362374007702 0 0 0 0 0 0.0358811624348164 0.0423314742743969 0 0 0 0 0 0 0 0 0 0 0 0 0 0 0 0 0 0 0 0 0 0 0 0.0162876885384321 0.0423314742743969 0.265587276220322 0.329112017154694
