meets/meet004/_saidas_enm/ensemble_aver_Aralia_warmingiana_CCSM_6k_Maha.asc
NCOLS 154 
NROWS 168 
XLLCORNER -112 
YLLCORNER -55.5 
CELLSIZE 0.5 
NODATA_value -9999 
[rows 100 to 124 of 168, columns 56 to 111 of 154]
-9999 -9999 -9999 -9999 -9999 -9999 -9999 -9999 -9999 -9999 -9999 -9999 -9999 -9999 -9999 -9999 -9999 -9999 -9999 -9999 -9999 -9999 -9999 -9999 -9999 -9999 -9999 -9999 -125.655102539062 -102.86773223877 -135.63708190918 -193.199545288086 -250.382409667969 -276.86116027832 -256.568948364258 -209.999261474609 -156.16529083252 -104.760015869141 -54.7276435852051 -20.235901260376 -3.17601113319397 -4.11827001571655 -7.02206859588623 -11.4244138717651 -14.6943077087402 -14.6667507171631 -13.0183572769165 -11.2291521072388 -10.539214515686 -10.2194213867188 -10.2082886695862 -11.1114358901978 -11.6471729278564 -11.1865571975708 -10.4882125854492 -9.6553316116333
-9999 -9999 -9999 -9999 -9999 -9999 -9999 -9999 -9999 -9999 -9999 -9999 -9999 -9999 -9999 -9999 -9999 -9999 -9999 -9999 -9999 -9999 -9999 -9999 -9999 -9999 -9999 -9999 -130.927821350098 -114.484297180176 -151.814801025391 -199.567218017578 -238.643948364258 -257.062490844727 -234.741152954102 -197.548223876953 -143.363732910156 -94.9936813354492 -47.8913551330566 -16.3950736999512 -2.05840809345245 -4.16111211776733 -6.39638271331787 -11.5027086257935 -14.0352914810181 -13.6919429779053 -10.8234417915344 -9.3221287727356 -8.91932811737061 -8.17871961593628 -7.79956603050232 -8.67324466705322 -9.8626558303833 -9.74220237731934 -9.33371610641479 -8.36456804275513
-9999 -9999 -9999 -9999 -9999 -9999 -9999 -9999 -9999 -9999 -9999 -9999 -9999 -9999 -9999 -9999 -9999 -9999 -9999 -9999 -9999 -9999 -9999 -9999 -9999 -9999 -9999 -175.03576965332 -147.550253295898 -125.56033782959 -147.297161865234 -193.233917236328 -222.377941894531 -235.369662475586 -215.936422729492 -176.613296508789 -131.867442321777 -84.2930053710938 -39.5662139892578 -11.9609851837158 -1.56321533322334 -5.23450613021851 -6.25393886566162 -10.5898706436157 -13.5217435836792 -12.3545253753662 -9.62036199569702 -7.52004594802856 -6.87572479248047 -6.55658459663391 -6.66948552131653 -7.24135098457336 -8.58294696807861 -8.68676843643189 -7.62080345153809 -7.15149078369141
-9999 -9999 -9999 -9999 -9999 -9999 -9999 -9999 -9999 -9999 -9999 -9999 -9999 -9999 -9999 -9999 -9999 -9999 -9999 -9999 -9999 -9999 -9999 -9999 -9999 -9999 -9999 -183.524880981445 -156.312515258789 -126.19627532959 -148.429846191406 -190.222573852539 -209.829797363281 -221.624502563477 -201.829080200195 -166.024130249023 -119.669989013672 -72.366495513916 -31.2900485992432 -9.05057096481323 -2.56531846523285 -6.30172052383423 -7.46868152618408 -10.9845983505249 -13.3872034072876 -12.906872177124 -10.4618580818176 -7.29137401580811 -5.849458360672 -5.53554410934448 -5.5451651096344 -5.92049589157105 -7.00693564414978 -7.10862884521484 -6.3175253868103 -5.64918603897095
-9999 -9999 -9999 -9999 -9999 -9999 -9999 -9999 -9999 -9999 -9999 -9999 -9999 -9999 -9999 -9999 -9999 -9999 -9999 -9999 -9999 -9999 -9999 -9999 -9999 -9999 -9999 -187.479272460937 -159.515084838867 -134.473977661133 -157.055616760254 -194.167123413086 -210.213827514648 -215.007174682617 -196.142730712891 -157.809829711914 -110.957141113281 -58.366926574707 -22.3267009735107 -5.52800059318542 -3.23918595314026 -7.33530769348144 -9.46725645065308 -11.8856414794922 -13.161646270752 -13.6470808029175 -10.9785175323486 -8.24418506622314 -6.19220108985901 -4.74732894897461 -4.5752828836441 -4.56223475933075 -5.02875037193298 -5.05199279785156 -4.88582878112793 -4.88231978416443
-9999 -9999 -9999 -9999 -9999 -9999 -9999 -9999 -9999 -9999 -9999 -9999 -9999 -9999 -9999 -9999 -9999 -9999 -9999 -9999 -9999 -9999 -9999 -9999 -9999 -9999 -9999 -192.774127197266 -159.796185302734 -137.389039611816 -167.562973022461 -209.859338378906 -219.281600952148 -219.487072753906 -199.284841918945 -158.738168334961 -104.49933013916 -49.4238136291504 -17.1918033599854 -3.5955689907074 -4.74817628860474 -8.76216087341309 -11.6066644668579 -12.5118183135986 -12.9044366836548 -12.3296934127808 -9.87619047164917 -8.35579986572266 -6.47079772949219 -4.7031822681427 -3.96615746021271 -3.72542722225189 -4.0317608833313 -4.04416353702545 -4.16441226005554 -4.4117223739624
-9999 -9999 -9999 -9999 -9999 -9999 -9999 -9999 -9999 -9999 -9999 -9999 -9999 -9999 -9999 -9999 -9999 -9999 -9999 -9999 -9999 -9999 -9999 -9999 -9999 -9999 -9999 -178.977783203125 -158.957720947266 -145.276179504395 -185.390686035156 -226.438897705078 -238.839916992188 -230.187698364258 -207.569955444336 -165.426318359375 -102.460884094238 -45.1596420288086 -14.4890027999878 -3.02957587242126 -6.24744215011597 -10.3694522857666 -12.9827199935913 -12.8190494537354 -12.0604137420654 -10.106711769104 -9.0754282951355 -7.58439722061157 -6.30617551803589 -5.22431640625 -4.13828296661377 -3.60709750652313 -3.388121342659 -3.47361216545105 -3.78209767341614 -3.94800367355347
-9999 -9999 -9999 -9999 -9999 -9999 -9999 -9999 -9999 -9999 -9999 -9999 -9999 -9999 -9999 -9999 -9999 -9999 -9999 -9999 -9999 -9999 -9999 -9999 -9999 -9999 -9999 -156.486700439453 -152.888739013672 -155.581872558594 -207.368222045898 -244.349493408203 -253.480627441406 -238.52314453125 -213.689337158203 -170.478015136719 -103.213833618164 -43.2306182861328 -13.2564123153687 -3.54263205528259 -8.1722412109375 -11.9492044448853 -14.1303834915161 -13.8512315750122 -12.798469543457 -10.7178495407104 -9.66200408935547 -8.22352647781372 -6.89539928436279 -6.13485126495361 -5.4793182849884 -4.84202818870544 -4.31441569328308 -3.83745555877686 -3.54652771949768 -3.05100774765015
-9999 -9999 -9999 -9999 -9999 -9999 -9999 -9999 -9999 -9999 -9999 -9999 -9999 -9999 -9999 -9999 -9999 -9999 -9999 -9999 -9999 -9999 -9999 -9999 -9999 -9999 -9999 -135.391564941406 -132.188160705566 -165.364559936523 -231.403274536133 -255.987121582031 -263.35827331543 -239.244915771484 -211.019232177734 -178.20934753418 -103.180786132812 -41.2017776489258 -13.2934732437134 -4.97217035293579 -10.8547369003296 -13.9456256866455 -15.6895050048828 -15.9062658309937 -14.677453994751 -13.5384471893311 -11.3531051635742 -9.90965633392334 -8.49528217315674 -7.50549201965332 -7.32107133865356 -6.43172960281372 -5.67079296112061 -4.64938859939575 -3.61222729682922 -2.4382378578186
-9999 -9999 -9999 -9999 -9999 -9999 -9999 -9999 -9999 -9999 -9999 -9999 -9999 -9999 -9999 -9999 -9999 -9999 -9999 -9999 -9999 -9999 -9999 -9999 -9999 -9999 -9999 -120.507171630859 -127.519976806641 -168.737710571289 -225.014395141602 -247.889105224609 -246.313162231445 -217.121917724609 -190.521600341797 -159.229306030273 -93.5823089599609 -36.4398536682129 -10.3812648773193 -5.29052753448486 -12.7408069610596 -15.7638517379761 -17.3250745773315 -17.8143085479736 -16.535350227356 -15.2588203430176 -13.2857759475708 -11.7494600296021 -10.3425004959106 -9.35150413513184 -8.42255449295044 -7.43280954360962 -6.49124622344971 -5.12862710952759 -3.8611337184906 -2.53592758178711
-9999 -9999 -9999 -9999 -9999 -9999 -9999 -9999 -9999 -9999 -9999 -9999 -9999 -9999 -9999 -9999 -9999 -9999 -9999 -9999 -9999 -9999 -9999 -9999 -9999 -9999 -107.426544189453 -109.147735595703 -125.789990234375 -165.953713989258 -212.563357543945 -224.096044921875 -220.437747192383 -184.616857910156 -157.947174072266 -138.31487121582 -75.2578720092773 -30.68017578125 -9.88589553833008 -6.28816108703613 -15.0787940979004 -17.839624786377 -18.7419448852539 -19.1532962799072 -17.6699508666992 -16.412354850769 -14.6639638900757 -13.310203742981 -11.8850952148437 -10.4646636962891 -9.19778032302856 -7.84919605255127 -6.96076850891113 -5.59992971420288 -4.22985563278198 -2.97271518707275
-9999 -9999 -9999 -9999 -9999 -9999 -9999 -9999 -9999 -9999 -9999 -9999 -9999 -9999 -9999 -9999 -9999 -9999 -9999 -9999 -9999 -9999 -9999 -9999 -9999 -9999 -95.8185485839844 -107.238195800781 -130.376858520508 -160.006625366211 -183.147903442383 -196.498178100586 -186.158340454102 -149.196975708008 -116.013400268555 -87.9606246948242 -47.2886680603027 -17.2142955780029 -8.30932121276856 -9.63443851470947 -17.3465625762939 -20.9405246734619 -20.9709995269775 -21.0191078186035 -20.4849876403809 -19.0066581726074 -17.2319990158081 -15.2211194992065 -13.3583984375 -11.410228729248 -9.69683074951172 -8.32426595687866 -7.2697003364563 -5.9521369934082 -4.77879085540772 -3.44483609199524
-9999 -9999 -9999 -9999 -9999 -9999 -9999 -9999 -9999 -9999 -9999 -9999 -9999 -9999 -9999 -9999 -9999 -9999 -9999 -9999 -9999 -9999 -9999 -9999 -9999 -9999 -88.1614593505859 -114.509518432617 -141.20223236084 -155.266900634766 -158.652288818359 -164.406433105469 -154.042527770996 -115.617880249023 -75.6116760253906 -51.6292282104492 -25.2833469390869 -9.44291248321533 -9.46216373443604 -14.5054859161377 -21.3374458312988 -24.1042541503906 -24.765376663208 -24.227127456665 -23.3902244567871 -22.713729095459 -19.6373271942139 -16.649161529541 -14.2423585891724 -12.1283432006836 -10.330966758728 -8.8165265083313 -7.51003646850586 -6.1819164276123 -5.15818815231323 -3.94872860908508
-9999 -9999 -9999 -9999 -9999 -9999 -9999 -9999 -9999 -9999 -9999 -9999 -9999 -9999 -9999 -9999 -9999 -9999 -9999 -9999 -9999 -9999 -9999 -9999 -9999 -9999 -86.7477966308594 -132.392448425293 -161.387017822266 -155.630850219727 -137.511573791504 -125.777066040039 -104.240534973145 -70.3241149902344 -43.6987487792969 -27.2377674102783 -14.02119140625 -9.90293998718262 -14.532265663147 -20.4417022705078 -24.0121742248535 -25.8273178100586 -25.9647205352783 -25.4736751556396 -24.6449214935303 -23.2878768920898 -20.715645980835 -17.8114557266235 -15.2166173934937 -13.1791288375854 -11.3352195739746 -9.4195520401001 -8.18188209533691 -6.92058839797974 -5.95303258895874 -4.8042911529541
-9999 -9999 -9999 -9999 -9999 -9999 -9999 -9999 -9999 -9999 -9999 -9999 -9999 -9999 -9999 -9999 -9999 -9999 -9999 -9999 -9999 -9999 -9999 -9999 -9999 -48.6896186828613 -91.6975646972656 -159.157403564453 -185.939929199219 -150.793104553223 -117.377192687988 -90.5456359863281 -64.843074798584 -38.3351097106934 -25.125846862793 -22.8794765472412 -13.9576261520386 -14.3313739776611 -22.3990180969238 -25.9863986968994 -28.4527877807617 -27.6780506134033 -26.7959613800049 -25.5783237457275 -25.1348831176758 -24.4052066802979 -21.8775665283203 -18.7638416290283 -16.2666084289551 -14.2108570098877 -12.569856262207 -10.5551456451416 -9.12011194229126 -7.71584577560425 -6.4773868560791 -5.61335334777832
-9999 -9999 -9999 -9999 -9999 -9999 -9999 -9999 -9999 -9999 -9999 -9999 -9999 -9999 -9999 -9999 -9999 -9999 -9999 -9999 -9999 -9999 -9999 -9999 -9999 -61.9804328918457 -100.001040649414 -154.638696289062 -169.904760742188 -137.47554473877 -98.4768157958984 -67.6461837768555 -41.5226890563965 -23.6119430541992 -18.7566270828247 -19.2895347595215 -18.5923694610596 -20.8570911407471 -26.7003623962402 -28.9101371765137 -30.059716796875 -28.9243656158447 -27.5532215118408 -26.2284881591797 -25.4771659851074 -24.855078125 -22.8625980377197 -20.324186706543 -17.5436162948608 -15.3707067489624 -13.4334451675415 -11.4002841949463 -9.71709785461426 -8.08377256393433 -6.83912181854248 -5.78320989608765
-9999 -9999 -9999 -9999 -9999 -9999 -9999 -9999 -9999 -9999 -9999 -9999 -9999 -9999 -9999 -9999 -9999 -9999 -9999 -9999 -9999 -9999 -9999 -9999 -9999 -65.3466979980469 -102.34656829834 -148.803082275391 -154.336950683594 -118.875079345703 -83.1555160522461 -52.4794708251953 -29.453014755249 -20.1698017120361 -19.2014083862305 -24.253296661377 -23.511315536499 -24.5156890869141 -27.5418235778809 -28.3532577514648 -30.0114311218262 -28.2567348480225 -27.4293392181396 -26.3973293304443 -25.7561107635498 -25.2478096008301 -23.5704784393311 -21.7578437805176 -19.059884262085 -16.5334020614624 -14.2782423019409 -12.2431858062744 -10.5334915161133 -8.85945453643799 -7.35199966430664 -6.15481233596802
-9999 -9999 -9999 -9999 -9999 -9999 -9999 -9999 -9999 -9999 -9999 -9999 -9999 -9999 -9999 -9999 -9999 -9999 -9999 -9999 -9999 -9999 -9999 -9999 -9999 -57.6808692932129 -98.0504150390625 -139.204998779297 -138.329397583008 -105.34008026123 -69.9534370422363 -42.8731536865234 -25.8897342681885 -21.5514595031738 -22.4677253723145 -26.5068714141846 -27.1053230285645 -26.243383026123 -25.8942840576172 -25.9065383911133 -26.528044128418 -26.5033638000488 -26.8253791809082 -26.7331939697266 -26.5434425354004 -25.8330821990967 -24.4931495666504 -22.3594299316406 -19.8345634460449 -17.3617050170898 -15.2061193466187 -13.0108646392822 -11.11953125 -9.51176872253418 -8.05885887145996 -6.90628080368042
-9999 -9999 -9999 -9999 -9999 -9999 -9999 -9999 -9999 -9999 -9999 -9999 -9999 -9999 -9999 -9999 -9999 -9999 -9999 -9999 -9999 -9999 -9999 -9999 -9999 -51.0034637451172 -91.5563659667969 -134.483686828613 -129.391172790527 -93.8749755859375 -61.1720924377441 -36.2636882781982 -25.9692924499512 -22.4804275512695 -25.8228889465332 -30.2381980895996 -30.7476493835449 -31.5570178985596 -30.4405658721924 -27.4686000823975 -26.5353549957275 -26.1910621643066 -27.314582824707 -27.7480815887451 -27.8842922210693 -27.2522815704346 -24.932931137085 -22.8904647827148 -20.5979907989502 -18.3971881866455 -16.435694694519 -14.1309450149536 -12.0657224655151 -10.3548248291016 -8.91413497924805 -7.93822784423828
-9999 -9999 -9999 -9999 -9999 -9999 -9999 -9999 -9999 -9999 -9999 -9999 -9999 -9999 -9999 -9999 -9999 -9999 -9999 -9999 -9999 -9999 -9999 -9999 -9999 -53.6084541320801 -90.9746612548828 -129.795980834961 -122.451753234863 -85.1515075683594 -52.8484268188477 -33.9885562896729 -26.7692512512207 -24.8562393188477 -28.3319458007812 -32.3564563751221 -33.6120552062988 -34.4241710662842 -33.5927490234375 -30.6517929077148 -28.4185565948486 -27.8013595581055 -29.7098812103271 -30.4937107086182 -29.1678092956543 -26.959455871582 -25.3193733215332 -23.8058254241943 -21.5757381439209 -19.5611381530762 -17.3736009597778 -15.0791032791138 -13.1101858139038 -11.4910280227661 -9.95183429718018 -8.77099285125732
-9999 -9999 -9999 -9999 -9999 -9999 -9999 -9999 -9999 -9999 -9999 -9999 -9999 -9999 -9999 -9999 -9999 -9999 -9999 -9999 -9999 -9999 -9999 -9999 -9999 -52.8813903808594 -89.2622146606445 -132.060043334961 -122.789492797852 -80.025830078125 -49.150318145752 -33.4477687835693 -28.3986457824707 -27.5826210021973 -30.798021697998 -33.9073726654053 -34.9838897705078 -36.3756988525391 -36.1027908325195 -33.3593250274658 -30.807931137085 -29.4492862701416 -31.5470722198486 -31.9871616363525 -29.6075283050537 -27.0404560089111 -25.271178817749 -24.2636672973633 -22.5525375366211 -20.9258590698242 -18.7929378509521 -16.5035388946533 -14.4132249832153 -12.7298419952393 -11.0613986968994 -9.85393466949463
-9999 -9999 -9999 -9999 -9999 -9999 -9999 -9999 -9999 -9999 -9999 -9999 -9999 -9999 -9999 -9999 -9999 -9999 -9999 -9999 -9999 -9999 -9999 -9999 -9999 -52.4907707214355 -89.1948608398438 -136.681150817871 -127.35965423584 -81.8070159912109 -50.5739326477051 -35.9965950012207 -31.1606315612793 -29.9919910430908 -32.2095714569092 -34.9942024230957 -36.7456192016602 -37.8431861877441 -37.769548034668 -35.8439109802246 -33.4405868530273 -31.2953903198242 -32.1498317718506 -32.2972526550293 -30.253373336792 -27.457239151001 -26.0535579681396 -25.0872413635254 -23.6709762573242 -22.1878120422363 -20.3341289520264 -17.7450855255127 -15.5556692123413 -13.7582012176514 -12.2304191589355 -10.939457321167
-9999 -9999 -9999 -9999 -9999 -9999 -9999 -9999 -9999 -9999 -9999 -9999 -9999 -9999 -9999 -9999 -9999 -9999 -9999 -9999 -9999 -9999 -9999 -9999 -9999 -51.2060394287109 -86.0143905639648 -135.134260559082 -132.603028869629 -86.2326385498047 -53.4135841369629 -38.9710914611816 -34.6652103424072 -32.4787506103516 -34.3844718933105 -37.099893951416 -38.3282028198242 -39.5231834411621 -39.5154243469238 -37.3539184570312 -35.1442695617676 -32.4727962493896 -32.6925716400146 -32.8130680084229 -31.0053409576416 -28.5675437927246 -27.039688873291 -26.2079273223877 -24.7288837432861 -23.3394542694092 -21.4581092834473 -19.1068809509277 -16.7203149795532 -15.0329734802246 -13.338041305542 -12.1804544448853
-9999 -9999 -9999 -9999 -9999 -9999 -9999 -9999 -9999 -9999 -9999 -9999 -9999 -9999 -9999 -9999 -9999 -9999 -9999 -9999 -9999 -9999 -9999 -9999 -9999 -51.1659774780273 -85.403092956543 -131.549102783203 -134.974784851074 -92.594660949707 -58.7947196960449 -43.2934173583984 -37.8601776123047 -34.8308471679687 -36.2330116271973 -38.4615097045898 -39.6018928527832 -40.8819122314453 -40.1209342956543 -37.804434967041 -35.6919296264648 -33.150626373291 -33.266100692749 -33.2024509429932 -32.0690761566162 -30.2786712646484 -28.634642791748 -27.4340938568115 -25.8679607391357 -24.3232208251953 -22.2297443389893 -20.236510848999 -18.3673946380615 -16.4332500457764 -14.7145883560181 -13.384885597229
-9999 -9999 -9999 -9999 -9999 -9999 -9999 -9999 -9999 -9999 -9999 -9999 -9999 -9999 -9999 -9999 -9999 -9999 -9999 -9999 -9999 -9999 -9999 -9999 -53.9826675415039 -52.4508674621582 -85.0608795166016 -130.415142822266 -140.755039978027 -102.533163452148 -65.6380958557129 -47.7202262878418 -41.2263603210449 -36.5026779174805 -36.9360511779785 -39.0622291564941 -39.7907752990723 -40.4504501342773 -39.5362075805664 -37.0203308105469 -35.1333625793457 -33.6203964233398 -33.9755157470703 -33.8812828063965 -32.9599670410156 -31.6197982788086 -30.2879138946533 -28.9177551269531 -27.0663146972656 -25.390408706665 -23.427758026123 -21.6501873016357 -19.9730812072754 -18.2473072052002 -17.3028732299805 -16.7408042907715
