meets/meet004/_saidas_enm/ensemble_aver_Cavanillesia_umbellata_CCSM_21k_SVM.asc
NCOLS 154 
NROWS 168 
XLLCORNER -112 
YLLCORNER -55.5 
CELLSIZE 0.5 
NODATA_value -9999 
[rows 96 to 119 of 168, columns 56 to 111 of 154]
-9999 -9999 -9999 -9999 -9999 -9999 -9999 -9999 -9999 -9999 -9999 -9999 -9999 -9999 -9999 -9999 -9999 -9999 -9999 -9999 -9999 -9999 -9999 -9999 -9999 -9999 -9999 -9999 0.0596741802990437 0.0806712063029408 0.0784450139850378 0.0809880558401346 0.0902859784662724 0.092386757209897 0.0888062667101622 0.0792707398533821 0.0672477658838034 0.0692518226802349 0.101843678951263 0.129209938645363 0.0867645334452391 0.0200497262179852 0.034749514516443 0.0594075098633766 0.0713904209434986 0.132887183129787 0.217389121651649 0.295584326982498 0.264659485220909 0.150713337957859 0.108965691924095 0.142094394564629 0.232484483718872 0.250409182906151 0.19203274846077 0.102601923048496
-9999 -9999 -9999 -9999 -9999 -9999 -9999 -9999 -9999 -9999 -9999 -9999 -9999 -9999 -9999 -9999 -9999 -9999 -9999 -9999 -9999 -9999 -9999 -9999 -9999 -9999 -9999 -9999 0.0570968583226204 0.0790047271177173 0.0774037178140134 0.0815572947263718 0.0925008095800877 0.0941078059375286 0.0902480613440275 0.0798342756927013 0.0645198628306389 0.0622377522755414 0.0843552969396114 0.0991556230932474 0.0663234956562519 0.00375147368758917 -0.00369139909744263 0.00920272683724761 -0.0057302825152874 -0.0129309348762035 0.0683334097266197 0.295711719989777 0.326888513565063 0.176902142167091 0.0928103320300579 0.154904986917973 0.245938995480537 0.249902495741844 0.160162568092346 0.075381138920784
-9999 -9999 -9999 -9999 -9999 -9999 -9999 -9999 -9999 -9999 -9999 -9999 -9999 -9999 -9999 -9999 -9999 -9999 -9999 -9999 -9999 -9999 -9999 -9999 -9999 -9999 -9999 -9999 0.0564667992293835 0.0787599187344313 0.0757116109831259 0.083306534588337 0.0926851041615009 0.0942393265664578 0.0911466732621193 0.0805771470069885 0.0629528058692813 0.0568786650896072 0.0745290377642959 0.0873661974444985 0.0534590791910887 -0.0192009751684964 -0.0294308390468359 -0.0172723777592182 -0.025810531899333 -0.0370159896090627 -0.0206752579659224 0.0781052581965923 0.161802653968334 0.190238931775093 0.197986790537834 0.212230744957924 0.227268171310425 0.196410658955574 0.126772896945477 0.0526263687759638
-9999 -9999 -9999 -9999 -9999 -9999 -9999 -9999 -9999 -9999 -9999 -9999 -9999 -9999 -9999 -9999 -9999 -9999 -9999 -9999 -9999 -9999 -9999 -9999 -9999 -9999 -9999 -9999 0.0569951623678207 0.0781959239393473 0.0730105491355062 0.0849875677376986 0.0930212371051311 0.094291327893734 0.0910971194505692 0.0823480159044266 0.061826166883111 0.054630228318274 0.073683409485966 0.0783960165455937 0.0337489357218146 -0.0371426971629262 -0.0517275676131248 -0.0392637945711613 -0.039394099637866 -0.044275027140975 -0.0499780754325911 0.000183138251304626 0.0754009373486042 0.20780531167984 0.364936947822571 0.236102032661438 0.193656671047211 0.151341919600964 0.092177689820528 0.0362792063504458
-9999 -9999 -9999 -9999 -9999 -9999 -9999 -9999 -9999 -9999 -9999 -9999 -9999 -9999 -9999 -9999 -9999 -9999 -9999 -9999 -9999 -9999 -9999 -9999 -9999 -9999 -9999 -9999 0.0578430540859699 0.0793070945888758 0.0772346427664161 0.0866111371666193 0.0921251829713583 0.093232960999012 0.0900328878313303 0.0795009821653366 0.0588833704590797 0.051664930768311 0.0692964574322104 0.0672095499932766 0.0124344401061535 -0.0566316804848611 -0.0675754488562234 -0.0576983258128166 -0.0518901048228145 -0.0596919847652316 -0.0636792108416557 0.0400608567579184 0.156779007613659 0.174481680989265 0.155702832341194 0.148342004418373 0.139038589596748 0.109132660925388 0.0685131328180432 0.0248384005390108
-9999 -9999 -9999 -9999 -9999 -9999 -9999 -9999 -9999 -9999 -9999 -9999 -9999 -9999 -9999 -9999 -9999 -9999 -9999 -9999 -9999 -9999 -9999 -9999 -9999 -9999 -9999 -9999 0.0579988144338131 0.0802707748487592 0.0792249500751495 0.0871343541890383 0.0912083357572556 0.0921649370342493 0.0881719388067722 0.0780606083571911 0.0552680733380839 0.0512582449242473 0.0704634507186711 0.0543442685157061 -0.0081295371055603 -0.061526957526803 -0.0626980647444725 -0.0631137277930975 -0.0611654102802277 -0.0655101664364338 -0.0502085044980049 0.148829586803913 0.265684938430786 0.138858404755592 0.0483606109395623 0.0817332465201616 0.0886834658682346 0.0826773973181844 0.0673576636239886 0.0231094010174274
-9999 -9999 -9999 -9999 -9999 -9999 -9999 -9999 -9999 -9999 -9999 -9999 -9999 -9999 -9999 -9999 -9999 -9999 -9999 -9999 -9999 -9999 -9999 -9999 -9999 -9999 -9999 0.0736834391951561 0.0573936529457569 0.0818998176604509 0.0797834813594818 0.0867216963320971 0.0902284882962704 0.0908054769039154 0.0862005602568388 0.0743964247405529 0.053693426027894 0.0530107114464045 0.0676982767879963 0.0362041814252734 -0.0224784501828253 -0.0473975818604231 -0.0258121463470161 -0.0368574358290061 -0.0554357096552849 -0.0622034709900618 -0.038003103248775 0.102471210062504 0.195724722743034 0.111489729583263 0.0479781624861062 0.0460782478563488 0.0640533329453319 0.0645112099125981 0.0526988666504622 0.039332758076489
-9999 -9999 -9999 -9999 -9999 -9999 -9999 -9999 -9999 -9999 -9999 -9999 -9999 -9999 -9999 -9999 -9999 -9999 -9999 -9999 -9999 -9999 -9999 -9999 -9999 -9999 -9999 0.0721438430249691 0.0579282678663731 0.08319844417274 0.0798707291483879 0.0864370606839657 0.0895927764475346 0.0902220275253058 0.0847653064876795 0.0730769548565149 0.0498314145021141 0.0480120254680514 0.0533780740108341 0.0184576600790024 -0.0257242394611239 -0.0284304385073483 0.00429878048598766 -0.0112189736391883 -0.0408407036215067 -0.0516361460089684 -0.0437581765465438 0.0435877688694745 0.108538413047791 0.0582076147198677 0.0169122481718659 0.0104341313242912 0.0247367424424738 0.0348400416783988 0.0372555317357183 0.0370852213352919
-9999 -9999 -9999 -9999 -9999 -9999 -9999 -9999 -9999 -9999 -9999 -9999 -9999 -9999 -9999 -9999 -9999 -9999 -9999 -9999 -9999 -9999 -9999 -9999 -9999 -9999 -9999 0.0732816517353058 0.0620442800223827 0.084565132856369 0.0804731614887714 0.0866036955267191 0.0899738248437643 0.0904591977596283 0.0839844893664122 0.0689956584945321 0.0435874274728121 0.0349023761693388 0.0370821384713054 0.00393822900950909 -0.0285730729810894 -0.0249209085479379 -0.0120411629926821 -0.0189422921277583 -0.0321577894501388 -0.0419423646293581 -0.0453630730509758 -0.0132099846377969 0.0267069539055228 0.0102928469656035 -0.0268400944769382 -0.022853909432888 -0.0181514976546168 -0.00576087273657322 0.0101029792334884 0.0254043323919177
-9999 -9999 -9999 -9999 -9999 -9999 -9999 -9999 -9999 -9999 -9999 -9999 -9999 -9999 -9999 -9999 -9999 -9999 -9999 -9999 -9999 -9999 -9999 -9999 -9999 -9999 -9999 0.0786152884364128 0.0705604448914528 0.0847553964704275 0.0799226421862841 0.0876578435301781 0.0908897563815117 0.0914543978869915 0.0837234303355217 0.0645905689336359 0.0368338115047663 0.0320316176861525 0.0319101747591048 -0.0027216924354434 -0.0234822055324912 -0.015009758155793 -0.00866379728540778 -0.0147934807813726 -0.0217828119639307 -0.0311427912092768 -0.0254372553667054 -0.0090940535068512 0.0125854646787047 0.0113164789974689 -0.0212338576908223 -0.0275157830677927 -0.034697300195694 -0.020967093296349 0.00389326219446957 0.0239983759820461
-9999 -9999 -9999 -9999 -9999 -9999 -9999 -9999 -9999 -9999 -9999 -9999 -9999 -9999 -9999 -9999 -9999 -9999 -9999 -9999 -9999 -9999 -9999 -9999 -9999 -9999 -9999 0.0925500363111496 0.0822732418775558 0.0830758105963469 0.080376099422574 0.0886934779584408 0.0920632988214493 0.0926139064133167 0.0835506558418274 0.0604369431734085 0.0348995199630735 0.0301339019089937 0.0266979440872092 -0.0108482427895069 -0.0175943195819855 -0.00384820885956287 -0.000715356599539518 -0.00480733578442596 -0.0106393403199036 0.00168609619140625 0.000284662842750549 0.016732632368803 0.0419276395812631 0.0370213303714991 0.0352431511506438 -0.00854189321398735 -0.0299741491675377 -0.0234406538307667 -0.00333861459512264 0.0163342177635059
-9999 -9999 -9999 -9999 -9999 -9999 -9999 -9999 -9999 -9999 -9999 -9999 -9999 -9999 -9999 -9999 -9999 -9999 -9999 -9999 -9999 -9999 -9999 -9999 -9999 -9999 -9999 0.106244365870953 0.0898979246616363 0.0810041435062885 0.0823669411242008 0.0895002640783787 0.09267263635993 0.0930441454052925 0.0835350356996059 0.0608424502424896 0.0359665101161227 0.0293009111657739 0.0208532538614236 -0.0176577460020781 -0.0106023274362087 0.00649656169116497 0.00918586589396 0.00131689999252558 -0.00679322835057974 -0.00362226366996765 -0.00793460423592478 0.00279941763728857 0.0227318860590458 0.0313134273514152 0.0339624490588903 -0.0019672978669405 -0.0261708001606166 -0.0231653111055493 -0.00302371978759766 0.0178321780404076
-9999 -9999 -9999 -9999 -9999 -9999 -9999 -9999 -9999 -9999 -9999 -9999 -9999 -9999 -9999 -9999 -9999 -9999 -9999 -9999 -9999 -9999 -9999 -9999 -9999 -9999 -9999 0.104778112471104 0.0891511827707291 0.0793834000825882 0.084553038328886 0.0895442642271519 0.0926816150546074 0.0928540043532848 0.0820294640958309 0.0628865442238748 0.0350092290900648 0.0279745718464255 0.0143092622980475 -0.0198689403012395 -3.72346490621567e-05 0.0165028806775808 0.0184226815588772 0.0117596851661801 -0.000869132950901985 -0.012387113366276 -0.0208082809811458 -0.0256106563843787 -0.0156647864729166 0.00316307796165347 0.00710399802774191 -0.0103633059188724 -0.0250731399457436 -0.0220646336791106 -0.00567027283832431 0.0150373146869242
-9999 -9999 -9999 -9999 -9999 -9999 -9999 -9999 -9999 -9999 -9999 -9999 -9999 -9999 -9999 -9999 -9999 -9999 -9999 -9999 -9999 -9999 -9999 -9999 -9999 -9999 -9999 0.0800472863018513 0.0834433197975159 0.0792325951159 0.0831987842917442 0.0877658188343048 0.0910033456981182 0.0901909500360489 0.0759844794869423 0.0551088340580463 0.0308407536474988 0.0293771896511316 0.00329994671046734 -0.0181435162201524 0.00588186532258987 0.0249304531142116 0.0259366925572976 0.020119346678257 0.00948507077991962 -0.00231953859329224 -0.0152780475094914 -0.0219256374635734 -0.019718959950842 -0.0117496175691485 -0.0107805196195841 -0.0173426408087835 -0.0226248742081225 -0.0186983733670786 -0.00536018715356477 0.0123021056409925
-9999 -9999 -9999 -9999 -9999 -9999 -9999 -9999 -9999 -9999 -9999 -9999 -9999 -9999 -9999 -9999 -9999 -9999 -9999 -9999 -9999 -9999 -9999 -9999 -9999 -9999 0.0445318788290024 0.0610700722783804 0.0790991984307766 0.0782269470393658 0.0815963737666607 0.0841340512037277 0.0875645615160465 0.0842330802232027 0.0637022790499032 0.045218747202307 0.0357368422206491 0.0373207192867994 0.0151092312298715 -0.000486686080694199 0.0218170424923301 0.0327093378640711 0.0314246255904436 0.0260342658730224 0.0161480573937297 0.00624950416386127 -0.00261807721108198 -0.0097013471648097 -0.0114313523285091 -0.0140848331153393 -0.0164172037504613 -0.0184566009789705 -0.018939555878751 -0.015161635982804 -0.00435093762353063 0.00847189463675022
-9999 -9999 -9999 -9999 -9999 -9999 -9999 -9999 -9999 -9999 -9999 -9999 -9999 -9999 -9999 -9999 -9999 -9999 -9999 -9999 -9999 -9999 -9999 -9999 -9999 -9999 0.0394299756735563 0.0587472042068839 0.0770685262978077 0.0766390778124332 0.0773939147591591 0.0805442482233047 0.083406089246273 0.0745762709528208 0.0487223528907634 0.033441836759448 0.0426945079118013 0.0365016840398312 0.0290599301457405 0.0269057432189584 0.0358450574800372 0.0412206599488854 0.0393257444724441 0.0339061787351966 0.0255739364773035 0.0167044769972563 0.00720268823206425 -0.00151359084993601 -0.00637516155838966 -0.01000059787184 -0.0129912465810776 -0.0149563362821937 -0.0140973609872162 -0.0100629137130454 -0.00159585857763886 0.00967887677252293
-9999 -9999 -9999 -9999 -9999 -9999 -9999 -9999 -9999 -9999 -9999 -9999 -9999 -9999 -9999 -9999 -9999 -9999 -9999 -9999 -9999 -9999 -9999 -9999 -9999 -9999 0.0362257078289986 0.0640607953071594 0.0741397477686405 0.0743282794952393 0.0760825425386429 0.077250599861145 0.0794719535857439 0.0673795483075082 0.0449115491472185 0.0366684593260288 0.0431749098002911 0.0357727132737637 0.0368472047499381 0.0443587556481361 0.0501024298369884 0.0499053835868835 0.0457579933106899 0.0408116023987532 0.0327647967729717 0.0261085763573647 0.0161659004632384 0.00500738341361284 -0.00169510329142213 -0.00535469688475132 -0.0071667117998004 -0.00966747645288706 -0.00850987602025271 -0.00504623800516129 0.00218507666140795 0.011585471406579
-9999 -9999 -9999 -9999 -9999 -9999 -9999 -9999 -9999 -9999 -9999 -9999 -9999 -9999 -9999 -9999 -9999 -9999 -9999 -9999 -9999 -9999 -9999 -9999 -9999 -9999 0.0441076050978154 0.0686114065349102 0.0735236406326294 0.0722842633724213 0.0695148181170225 0.071775920316577 0.0713761748746038 0.0611578119918704 0.0555345822125673 0.0552520817145705 0.0514885629527271 0.0419329946860671 0.0463609743863344 0.0531581625342369 0.0577231779694557 0.0551388546824455 0.0505540519952774 0.0462008897215128 0.0410250533372164 0.034867734182626 0.0227854453027248 0.0107587379403412 0.00401598606258631 -7.3231291025877e-05 -0.00218047935049981 -0.00337719592498615 -0.00245549159590155 -9.46767861023545e-05 0.00504418453201652 0.0117826418951154
-9999 -9999 -9999 -9999 -9999 -9999 -9999 -9999 -9999 -9999 -9999 -9999 -9999 -9999 -9999 -9999 -9999 -9999 -9999 -9999 -9999 -9999 -9999 -9999 -9999 0.110132499039173 0.0576562523841858 0.0734578222036362 0.0777915522456169 0.0701314598321915 0.0668362457305193 0.0651465328410268 0.0629997747950256 0.056385749951005 0.0608421492390335 0.0763502523303032 0.0646039582788944 0.0500312738120556 0.0529215559363365 0.058145921677351 0.0629763200879097 0.0576863415539265 0.0531630128622055 0.0502989180386066 0.0472087968140841 0.0502419948577881 0.0318942230194807 0.0159397708252072 0.0101222977973521 0.00651017380878329 0.00404407447203994 0.0027833990752697 0.00384486396797001 0.00540031371638179 0.00957035887986422 0.0129598995670676
-9999 -9999 -9999 -9999 -9999 -9999 -9999 -9999 -9999 -9999 -9999 -9999 -9999 -9999 -9999 -9999 -9999 -9999 -9999 -9999 -9999 -9999 -9999 -9999 -9999 0.0614885248243809 0.0649777069687843 0.0730008102953434 0.0754587113857269 0.0676735758781433 0.06194141022861 0.0584293561056256 0.0538484719581902 0.0522222897969186 0.0620990507304668 0.0652199044823647 0.0598469980061054 0.0554691202938557 0.0572083525359631 0.0580514170229435 0.0592143215239048 0.0559814780950546 0.0522602953016758 0.0497904911637306 0.0487555526196957 0.0470248118042946 0.0326356544159353 0.0206555496901274 0.0162297710776329 0.0130262902006507 0.0106517849490047 0.00996414721012115 0.0108138205483556 0.0115013346076012 0.0142686476930976 0.0173828072845936
-9999 -9999 -9999 -9999 -9999 -9999 -9999 -9999 -9999 -9999 -9999 -9999 -9999 -9999 -9999 -9999 -9999 -9999 -9999 -9999 -9999 -9999 -9999 -9999 -9999 0.0564507391303778 0.0664895847439766 0.0727468326687813 0.0744424305856228 0.0637160696089268 0.0592766594141722 0.0523991800844669 0.0472210735082626 0.0499282915145159 0.0549098275601864 0.0555882934480906 0.0535191085189581 0.0538177020847797 0.0558278724551201 0.0563156515359879 0.0565713927149773 0.0540796808898449 0.0507243387401104 0.047860998660326 0.0447092209011316 0.0444530315697193 0.0328017584979534 0.0250434376299381 0.022131559997797 0.0191541187465191 0.0168277502059937 0.0163863081485033 0.0174652341753244 0.0182095527648926 0.0206380307674408 0.0226635035127401
-9999 -9999 -9999 -9999 -9999 -9999 -9999 -9999 -9999 -9999 -9999 -9999 -9999 -9999 -9999 -9999 -9999 -9999 -9999 -9999 -9999 -9999 -9999 -9999 -9999 0.0440793637186289 0.0630240552127361 0.070021965354681 0.0703477554023266 0.0591424308717251 0.0511987071484327 0.0470630269497633 0.0451799083501101 0.0473809197545052 0.0506540939211845 0.0518528301268816 0.0510313078761101 0.0506589617580175 0.052122724801302 0.0525320164859295 0.0525803051888943 0.0513545967638493 0.0495996866375208 0.0471771962940693 0.0423986174166203 0.0377485629724106 0.0327625395730138 0.0288959573954344 0.0262927915900946 0.024176537245512 0.0229734487831593 0.0227454610168934 0.0236330848187208 0.0238748129457235 0.0258504368364811 0.0279518354684114
-9999 -9999 -9999 -9999 -9999 -9999 -9999 -9999 -9999 -9999 -9999 -9999 -9999 -9999 -9999 -9999 -9999 -9999 -9999 -9999 -9999 -9999 -9999 -9999 -9999 0.0442636348307133 0.0595052517950535 0.0686993971467018 0.0688577674329281 0.0556306511163712 0.0473199442028999 0.0436958311125636 0.0462905615568161 0.0486011005938053 0.0498860031366348 0.0513426538556814 0.0509960778057575 0.0500647846609354 0.0507111720740795 0.0505917903035879 0.0504421710968018 0.0502839989960194 0.0504035275429487 0.0495004251599312 0.0455304013565183 0.0430600185296498 0.0379851488396525 0.0336392968893051 0.0308355461806059 0.0292286589741707 0.0286070287227631 0.0280408315360546 0.0288434281945229 0.0292090550065041 0.0312386952340603 0.0327039610594511
-9999 -9999 -9999 -9999 -9999 -9999 -9999 -9999 -9999 -9999 -9999 -9999 -9999 -9999 -9999 -9999 -9999 -9999 -9999 -9999 -9999 -9999 -9999 -9999 -9999 0.0453341145068407 0.0579129345715046 0.0676747933030128 0.0673400208353996 0.0540260016918182 0.0443035706877708 0.0435325119644403 0.0465583644807339 0.0485662337392569 0.0499578807502985 0.0516055999323726 0.0511800512671471 0.0504013784229755 0.0505621388554573 0.0502510268241167 0.0499795231968164 0.0506084565073252 0.0530628267675638 0.0536080788820982 0.0500030079856515 0.0455765159800649 0.0417062973603606 0.0383538704365492 0.0353856116533279 0.0336631990969181 0.0331107426434755 0.032962391898036 0.0336353808641434 0.0335336945950985 0.0350601240992546 0.0369850415736437
