meets/meet004/_saidas_enm/ensemble_aver_Cavanillesia_umbellata_CCSM_6k_Gower.asc
NCOLS 154 
NROWS 168 
XLLCORNER -112 
YLLCORNER -55.5 
CELLSIZE 0.5 
NODATA_value -9999 
[rows 78 to 103 of 168, columns 58 to 115 of 154]
-9999 -9999 -9999 -9999 -9999 -9999 -9999 -9999 -9999 -9999 0.534163022041321 0.401724410057068 0.306234356760979 0.238557015359402 0.20966660156846 0.263881793618202 0.359925863146782 0.49705468416214 0.676173281669617 0.642177200317383 0.594788444042206 0.555629396438599 0.540709412097931 0.527556812763214 0.53123117685318 0.535877704620361 0.537445330619812 0.535431826114655 0.531099140644073 0.535898840427399 0.536950790882111 0.538454520702362 0.54145622253418 0.540825307369232 0.538614976406097 0.534735083580017 0.540349197387695 0.551553082466125 0.567157292366028 0.592908763885498 0.620161175727844 0.627403140068054 0.614238750934601 0.596882021427155 0.586883664131165 0.576512312889099 0.571077859401703 0.574388730525971 0.579063773155212 0.571479761600494 0.563524031639099 0.561783671379089 0.562658131122589 0.563453555107117 0.571142601966858 0.576120162010193 0.568712890148163 0.549177300930023
-9999 -9999 -9999 -9999 -9999 -9999 -9999 -9999 -9999 -9999 -9999 0.523561733961105 0.347760692238808 0.174106780067086 0.0851511836051941 0.0626251600682735 0.0890662713907659 0.193893256783485 0.391010642051697 0.621692633628845 0.615163385868073 0.559627282619476 0.539126038551331 0.529746651649475 0.536346507072449 0.538197255134582 0.538398039340973 0.538560545444489 0.531881046295166 0.532447552680969 0.529150819778442 0.526983773708343 0.52614438533783 0.519279599189758 0.519151794910431 0.515831887722015 0.519680655002594 0.526078045368195 0.53958625793457 0.569269800186157 0.597371006011963 0.609383380413055 0.60754976272583 0.594516563415527 0.574606263637543 0.553813719749451 0.543521189689636 0.546727776527405 0.551125490665436 0.54750851392746 0.539826726913452 0.536909055709839 0.53667905330658 0.538005173206329 0.544355726242065 0.54854382276535 0.545212256908417 0.529358530044556
-9999 -9999 -9999 -9999 -9999 -9999 -9999 -9999 -9999 -9999 -9999 0.600929391384125 0.398874753713608 0.106377735733986 0.0314297944307327 0 0 0.0114209800958633 0.061480887979269 0.36130156815052 0.579804563522339 0.590875220298767 0.583952462673187 0.545620489120483 0.556433033943176 0.550119519233704 0.541995048522949 0.547083127498627 0.539568710327148 0.540872931480408 0.536095654964447 0.529972279071808 0.517201042175293 0.5006511926651 0.509693914651871 0.507258987426758 0.507827806472778 0.500903445482254 0.501121270656586 0.529171299934387 0.572439205646515 0.587004137039185 0.594944834709167 0.598794996738434 0.563717555999756 0.529768550395966 0.514945757389069 0.517172348499298 0.523123228549957 0.520196187496185 0.516813290119171 0.516088497638702 0.516739654541016 0.514164638519287 0.520546674728394 0.521525394916534 0.519890773296356 0.508019870519638
-9999 -9999 -9999 -9999 -9999 -9999 -9999 -9999 -9999 -9999 -9999 -9999 0.519732302427292 0.276297122240067 0.0660723619163036 0 0 0 0.00671251397579908 0.136478358507156 0.270458528399467 0.25532594025135 0.340206331014633 0.450569462776184 0.562928235530853 0.570236110687256 0.546254622936249 0.562479996681213 0.566592276096344 0.573238563537598 0.558707797527313 0.547739267349243 0.536878573894501 0.523576414585114 0.527840828895569 0.52263023853302 0.51767418384552 0.510003417730331 0.499796181917191 0.514500892162323 0.530961239337921 0.546882724761963 0.571335101127625 0.569911801815033 0.547286093235016 0.514018779993057 0.497679841518402 0.497055196762085 0.496784114837647 0.497862070798874 0.49490647315979 0.498088979721069 0.508622866868973 0.50928401350975 0.506144416332245 0.494474285840988 0.493553972244263 0.496050238609314
-9999 -9999 -9999 -9999 -9999 -9999 -9999 -9999 -9999 -9999 -9999 -9999 0.589621412754059 0.495340025424957 0.179679124429822 0 0 0 0 0 0.0201436214148998 0 0.0475176736712456 0.0989223081618547 0.234259137511253 0.430366730690002 0.570298969745636 0.629303741455078 0.616516745090485 0.600051617622375 0.591826295852661 0.58278329372406 0.56564404964447 0.550780129432678 0.566277515888214 0.561594867706299 0.536828899383545 0.52216705083847 0.49212566614151 0.496269088983536 0.495417785644531 0.517742681503296 0.544472503662109 0.549710643291473 0.533785820007324 0.504526722431183 0.491025573015213 0.492001843452454 0.481382143497467 0.48993621468544 0.48513845205307 0.488025146722794 0.503955090045929 0.51505538225174 0.499894911050797 0.477194941043854 0.481521213054657 0.502188861370087
-9999 -9999 -9999 -9999 -9999 -9999 -9999 -9999 -9999 -9999 -9999 -9999 -9999 0.613900935649872 0.333384785056114 0.0429758731275797 0 0 0 0 0 0 0 0 0 0.0085659584030509 0.112412609905004 0.385036063194275 0.612619078159332 0.636234033107758 0.611066794395447 0.592397344112396 0.590888655185699 0.597324120998383 0.583998262882233 0.56453640460968 0.557370901107788 0.563979780673981 0.563216125965118 0.527379214763641 0.486681109666824 0.479521149396896 0.511068058013916 0.530964815616608 0.525065016746521 0.511722278594971 0.508631980419159 0.513785725831985 0.514951264858246 0.511373472213745 0.501084780693054 0.500112861394882 0.506615644693375 0.503211486339569 0.502575325965881 0.496439909934998 0.511147439479828 0.541273605823517
-9999 -9999 -9999 -9999 -9999 -9999 -9999 -9999 -9999 -9999 -9999 -9999 -9999 0.522674006223679 0.463141816854477 0.127766414731741 0 0 0 0 0 0 0 0 0 0 0 0.173256213963032 0.445337265729904 0.645451641082764 0.609010279178619 0.582070481777191 0.582941830158234 0.621840119361877 0.596617794036865 0.576771855354309 0.586635875701904 0.619500136375427 0.637122106552124 0.570138156414032 0.489273673295975 0.45709610581398 0.489183008670807 0.519822907447815 0.52144855260849 0.524411821365356 0.529104471206665 0.539995884895325 0.55191558599472 0.545351707935333 0.530780673027039 0.529146075248718 0.528050196170807 0.516408252716064 0.530776965618134 0.534967243671417 0.555601072311401 0.583658170700073
-9999 -9999 -9999 -9999 -9999 -9999 -9999 -9999 -9999 -9999 -9999 -9999 -9999 0.44236997961998 0.562847393751144 0.323403450846672 0.0911241156049073 0 0 0 0 0 0 0 0 0 0 0.0972079951316118 0.337363374233246 0.537727248668671 0.59997980594635 0.541958427429199 0.545280003547668 0.570604300498962 0.561813819408417 0.581553363800049 0.599939000606537 0.643294394016266 0.658643972873688 0.582801687717438 0.483015459775925 0.445704621076584 0.450690752267838 0.499340564012527 0.518995571136475 0.535184800624847 0.551616966724396 0.565127623081207 0.572201275825501 0.576185059547424 0.575397944450378 0.575863265991211 0.574873089790344 0.578828477859497 0.580218899250031 0.588689255714417 0.596720123291016 0.596528339385986
-9999 -9999 -9999 -9999 -9999 -9999 -9999 -9999 -9999 -9999 -9999 -9999 -9999 -9999 0.575970530509949 0.513596504926682 0.319629746675491 0.0990234777331352 0 0 0 0 0 0 0 0 0 0 0.130624976754189 0.370485991239548 0.587344205379486 0.543570613861084 0.531303906440735 0.530492424964905 0.518673634529114 0.551895356178284 0.57411071062088 0.617066621780396 0.649491691589355 0.556910681724548 0.461151540279388 0.433991986513138 0.449902594089508 0.496790391206741 0.532438063621521 0.558194673061371 0.579740905761719 0.594044983386993 0.596254563331604 0.599747431278229 0.602007210254669 0.604158806800842 0.60470963716507 0.603704178333282 0.601799821853638 0.599752712249756 0.598402678966522 0.596833407878876
-9999 -9999 -9999 -9999 -9999 -9999 -9999 -9999 -9999 -9999 -9999 -9999 -9999 -9999 -9999 0.596892666816711 0.514796489477158 0.376228195428848 0.198013923317194 0.0274667948484421 0 0 0 0 0 0 0 0 0.0091491736471653 0.192700849473476 0.402416414022446 0.505211454629898 0.571292352676392 0.515464639663696 0.504858505725861 0.508420431613922 0.506646639108658 0.526850092411041 0.500645810365677 0.487578624486923 0.454559105634689 0.455837088823318 0.48431276679039 0.531879615783691 0.558743286132813 0.588649642467499 0.609223008155823 0.618912696838379 0.623131453990936 0.614538240432739 0.607857871055603 0.608390343189239 0.606487488746643 0.603902614116669 0.601902294158936 0.600385320186615 0.599220526218414 0.597629761695862
-9999 -9999 -9999 -9999 -9999 -9999 -9999 -9999 -9999 -9999 -9999 -9999 -9999 -9999 -9999 -9999 -9999 0.472770130634308 0.464532297849655 0.258866353332996 0.0746635526418686 0 0 0 0 0 0 0 0 0.0281974971294403 0.205903472006321 0.318194282054901 0.469970774650574 0.5603071808815 0.541607820987701 0.4943663418293 0.478935945034027 0.481947112083435 0.444334453344345 0.474316561222076 0.479915547370911 0.489464724063873 0.534311103820801 0.555780100822449 0.569657731056213 0.59389899969101 0.612156295776367 0.622595131397247 0.62704051733017 0.618999135494232 0.605752861499786 0.605708360671997 0.607349419593811 0.605631506443024 0.603923106193543 0.602217447757721 0.601150131225586 0.599717581272125
-9999 -9999 -9999 -9999 -9999 -9999 -9999 -9999 -9999 -9999 -9999 -9999 -9999 -9999 -9999 -9999 -9999 -9999 -9999 0.47479562163353 0.342618891596794 0.146668890118599 0.00981207340955734 0 0 0 0 0 0 0 0.0265943557024002 0.16859205365181 0.295169168710709 0.406092953681946 0.558044123649597 0.548822712898254 0.488195210695267 0.508205813169479 0.529688382148743 0.532754361629486 0.525354564189911 0.557901680469513 0.563631558418274 0.56935453414917 0.578670382499695 0.578012752532959 0.592161393165588 0.6166952252388 0.622235500812531 0.614161694049835 0.599354243278503 0.595123195648193 0.600854206085205 0.601733469963074 0.604348564147949 0.604350090026855 0.603919613361359 0.602451407909393
-9999 -9999 -9999 -9999 -9999 -9999 -9999 -9999 -9999 -9999 -9999 -9999 -9999 -9999 -9999 -9999 -9999 -9999 -9999 -9999 -9999 0.409879440069199 0.210837672650814 0.0327427890151739 0 0 0 0 0 0 0 0.00556084830313921 0.129046186804771 0.264967903494835 0.39988739490509 0.561515152454376 0.602125585079193 0.601853501796722 0.60701162815094 0.599103820323944 0.603116190433502 0.596493721008301 0.589811444282532 0.584587275981903 0.585671758651733 0.580485320091248 0.58998955488205 0.610567176342011 0.616161978244781 0.603553831577301 0.586769425868988 0.584639084339142 0.590300035476685 0.596332561969757 0.600059008598328 0.601872980594635 0.607648980617523 0.607257914543152
-9999 -9999 -9999 -9999 -9999 -9999 -9999 -9999 -9999 -9999 -9999 -9999 -9999 -9999 -9999 -9999 -9999 -9999 -9999 -9999 -9999 -9999 -9999 0.453878659009933 0.146261608600616 0 0 0 0 0 0 0 0 0.0414075139909983 0.237062713503838 0.39403874874115 0.537057793140411 0.645176351070404 0.62406462430954 0.616189169883728 0.635484623908997 0.635159826278687 0.615516710281372 0.604532957077026 0.59868358373642 0.60611629486084 0.604546248912811 0.611350750923157 0.616154181957245 0.595963227748871 0.569743359088898 0.568881750106812 0.590571463108063 0.606676530838013 0.603421068191528 0.598351120948792 0.605712378025055 0.611774146556854
-9999 -9999 -9999 -9999 -9999 -9999 -9999 -9999 -9999 -9999 -9999 -9999 -9999 -9999 -9999 -9999 -9999 -9999 -9999 -9999 -9999 -9999 -9999 0.595811295509338 0.407299953699112 0.141293422877789 0.00870655626058578 0 0 0 0 0 0 0 0.0313750967383385 0.170628128014505 0.409484755992889 0.625471246242523 0.613380563259125 0.605810475349426 0.63866868019104 0.642601943016052 0.626409888267517 0.613908803462982 0.59650182723999 0.602223670482635 0.599572896957397 0.600690424442291 0.599613702297211 0.578300452232361 0.563533318042755 0.568602240085602 0.593727743625641 0.612227165699005 0.611603081226349 0.603390049934387 0.607106995582581 0.618336260318756
-9999 -9999 -9999 -9999 -9999 -9999 -9999 -9999 -9999 -9999 -9999 -9999 -9999 -9999 -9999 -9999 -9999 -9999 -9999 -9999 -9999 -9999 -9999 -9999 -9999 0.407079869508743 0.184142519161105 0.0171553768217564 0 0 0 0 0 0 0 0.0306866332888603 0.204240932315588 0.44934076666832 0.554910492897034 0.578415155410767 0.631868731975555 0.643762958049774 0.622720301151276 0.607848989963532 0.599990653991699 0.581673634052277 0.571475434303284 0.579854118824005 0.572505986690521 0.56699903011322 0.561113321781158 0.571900010108948 0.604083681106567 0.620733952522278 0.614986896514893 0.612575936317444 0.613226127624512 0.617542898654938
-9999 -9999 -9999 -9999 -9999 -9999 -9999 -9999 -9999 -9999 -9999 -9999 -9999 -9999 -9999 -9999 -9999 -9999 -9999 -9999 -9999 -9999 -9999 -9999 -9999 0.517405986785889 0.360996502637863 0.111661381274462 0 0 0 0 0 0 0 0 0.105256025865674 0.330344852805138 0.530533993244171 0.540381836891174 0.579692983627319 0.597245502471924 0.608859121799469 0.604733407497406 0.591927111148834 0.57857791185379 0.566226494312286 0.553466308116913 0.554645025730133 0.574801576137543 0.587701642513275 0.601269865036011 0.616535723209381 0.623360586166382 0.617148792743683 0.611000573635101 0.61214040517807 0.621873819828033
-9999 -9999 -9999 -9999 -9999 -9999 -9999 -9999 -9999 -9999 -9999 -9999 -9999 -9999 -9999 -9999 -9999 -9999 -9999 -9999 -9999 -9999 -9999 -9999 -9999 -9999 0.473844337463379 0.238163454830647 0.0370747601613402 0 0 0 0 0 0 0 0.0645307719707489 0.250318282842636 0.490376001596451 0.504522490501404 0.510809129476547 0.527253973484039 0.57638463973999 0.620313847064972 0.597479677200317 0.5847003698349 0.575156152248383 0.549015820026398 0.545854580402374 0.580662751197815 0.62138911485672 0.633427703380585 0.632549178600311 0.626523661613464 0.61118289232254 0.596738624572754 0.600036942958832 0.62307596206665
-9999 -9999 -9999 -9999 -9999 -9999 -9999 -9999 -9999 -9999 -9999 -9999 -9999 -9999 -9999 -9999 -9999 -9999 -9999 -9999 -9999 -9999 -9999 -9999 -9999 -9999 0.491387569904327 0.317533552646637 0.0775650203227997 0 0 0 0 0 0 0 0.0591052033007145 0.224116963148117 0.450518679618835 0.466485333442688 0.470767176151276 0.484241819381714 0.501919311285019 0.541218674182892 0.582297909259796 0.598054194450378 0.600077867507935 0.564738428592682 0.553515875339508 0.580055522918701 0.62660059928894 0.64113609790802 0.643574607372284 0.625206255912781 0.592849469184875 0.573041117191315 0.577782225608826 0.61542227268219
-9999 -9999 -9999 -9999 -9999 -9999 -9999 -9999 -9999 -9999 -9999 -9999 -9999 -9999 -9999 -9999 -9999 -9999 -9999 -9999 -9999 -9999 -9999 -9999 -9999 -9999 0.479319816827774 0.36627291738987 0.110830619186163 0 0 0 0 0 0 0 0.0595261216163635 0.210787913948297 0.410209214687347 0.444775342941284 0.447286975383759 0.448575061559677 0.449084323644638 0.435640418529511 0.52644761800766 0.594147837162018 0.615352511405945 0.581015515327454 0.534084320068359 0.587081682682037 0.632452166080475 0.648004579544067 0.643794393539429 0.62468318939209 0.586102890968323 0.546282529830933 0.549817562103271 0.603759944438934
-9999 -9999 -9999 -9999 -9999 -9999 -9999 -9999 -9999 -9999 -9999 -9999 -9999 -9999 -9999 -9999 -9999 -9999 -9999 -9999 -9999 -9999 -9999 -9999 -9999 -9999 0.481609290838242 0.352922710776329 0.0812841981649399 0 0 0 0 0 0 0 0.0762718066573143 0.241109685599804 0.405704843997955 0.41621949672699 0.426819348335266 0.42851784825325 0.408742606639862 0.407889765501022 0.456869834661484 0.520100796222687 0.563454687595367 0.583746147155762 0.590775310993195 0.610939753055572 0.633078825473785 0.63546279668808 0.628443360328674 0.615167152881622 0.584421336650848 0.559381604194641 0.560306286811829 0.592571032047272
-9999 -9999 -9999 -9999 -9999 -9999 -9999 -9999 -9999 -9999 -9999 -9999 -9999 -9999 -9999 -9999 -9999 -9999 -9999 -9999 -9999 -9999 -9999 -9999 -9999 -9999 0.486934965848923 0.319771587848663 0.0523513078689575 0 0 0 0 0 0 0.00157542619854212 0.100832646340132 0.273704722523689 0.385069686174393 0.396997952461243 0.420209503173828 0.425835007429123 0.392399317026138 0.372420334815979 0.414861243963242 0.471836429834366 0.51945732831955 0.583463132381439 0.633364653587341 0.622378027439117 0.6187704205513 0.616161406040192 0.611187839508057 0.610162758827209 0.588387334346771 0.567137598991394 0.563903176784515 0.581146144866943
-9999 -9999 -9999 -9999 -9999 -9999 -9999 -9999 -9999 -9999 -9999 -9999 -9999 -9999 -9999 -9999 -9999 -9999 -9999 -9999 -9999 -9999 -9999 -9999 -9999 -9999 0.476522731781006 0.277665451169014 0.0175459392368793 0 0 0 0 0 0 0.0142054565250874 0.134498126804829 0.318658402562141 0.398328047990799 0.398630756139755 0.416683942079544 0.417712217569351 0.393312585353851 0.387441611289978 0.438759273290634 0.513778930902481 0.55737167596817 0.57023788690567 0.567557561397553 0.589278209209442 0.600819277763367 0.601401591300964 0.598038685321808 0.593688452243805 0.578811383247375 0.559176254272461 0.550463712215424 0.555207204818726
-9999 -9999 -9999 -9999 -9999 -9999 -9999 -9999 -9999 -9999 -9999 -9999 -9999 -9999 -9999 -9999 -9999 -9999 -9999 -9999 -9999 -9999 -9999 -9999 -9999 -9999 0.465396791696548 0.24263641834259 0 0 0 0 0 0 0 0.0334642776753753 0.176421851664782 0.357814660668373 0.403919088840485 0.407214552164078 0.429924511909485 0.430988246202469 0.401493644714355 0.395963925123215 0.470402354001999 0.553419315814972 0.587184631824493 0.562901771068573 0.529020845890045 0.561679220199585 0.582677972316742 0.587322545051575 0.59526047706604 0.582009601593018 0.565587937831879 0.547558450698853 0.53323187828064 0.52780613899231
-9999 -9999 -9999 -9999 -9999 -9999 -9999 -9999 -9999 -9999 -9999 -9999 -9999 -9999 -9999 -9999 -9999 -9999 -9999 -9999 -9999 -9999 -9999 -9999 -9999 0.34707415997982 0.440380275249481 0.226962640881538 0.0014601718634367 0 0 0 0 0 0 0.0655213698744774 0.234549863636494 0.409463661909103 0.419277530908585 0.419981187582016 0.447828507423401 0.445991325378418 0.405730026960373 0.407684636116028 0.463775986433029 0.53880627155304 0.570595276355743 0.558714926242828 0.544959878921509 0.555411958694458 0.580294167995453 0.584426701068878 0.579782009124756 0.566828668117523 0.554922926425934 0.541494739055634 0.52807708978653 0.51696093082428
-9999 -9999 -9999 -9999 -9999 -9999 -9999 -9999 -9999 -9999 -9999 -9999 -9999 -9999 -9999 -9999 -9999 -9999 -9999 -9999 -9999 -9999 -9999 -9999 -9999 0.340698206424713 0.430833125114441 0.214785616099834 0 0 0 0 0 0 0.00294015610124916 0.100836376100779 0.286163294315338 0.421912133693695 0.410432654619217 0.416211938858032 0.446584987640381 0.435973733663559 0.390949630737305 0.385474973917007 0.426987612247467 0.495885938405991 0.534302020072937 0.535386371612549 0.531027817726135 0.548221135139465 0.567292928695679 0.571389055252075 0.55718446969986 0.548050558567047 0.54296852350235 0.538712275028229 0.529372346401215 0.515203142166138
