meets/meet004/_saidas_enm/ensemble_aver_Cavanillesia_umbellata_CCSM_21k_Maha.asc
NCOLS 154 
NROWS 168 
XLLCORNER -112 
YLLCORNER -55.5 
CELLSIZE 0.5 
NODATA_value -9999 
[rows 75 to 99 of 168, columns 56 to 111 of 154]
-9999 -9999 -9999 -9999 -9999 -9999 -9999 -9999 -9999 -9999 -9999 -77.0570426940918 -36.7418720245361 -23.0928741455078 -16.1111326217651 -8.08688840866089 -1.73811242580414 -2.13700239658356 -1.9262868642807 -1.93449554443359 -1.30831742286682 -0.814351317286491 -0.997786393761635 -1.24184549450874 -1.32642478346825 -1.5263187289238 -1.29971086978912 -1.24201181530952 -1.0570848107338 -0.872436368465424 -0.850338381528854 -0.72123906314373 -0.729100933670998 -0.870031923055649 -1.00133062005043 -1.16143841743469 -1.17666788101196 -1.25842560529709 -1.31910655498505 -1.4535719871521 -1.62804172039032 -1.79922964572906 -1.63184688091278 -1.43039736747742 -1.27846213579178 -1.31397536993027 -1.43988538980484 -1.88700869083405 -2.40366561412811 -2.78355669975281 -3.34819574356079 -3.81727976799011 -3.98574652671814 -4.07147998809814 -4.18433480262756 -4.40820922851563
-9999 -9999 -9999 -9999 -9999 -9999 -9999 -9999 -9999 -9999 -9999 -76.8477035522461 -32.8231191635132 -17.8957827568054 -14.7104264259338 -9.24844465255737 -3.25766096115112 0.24331322312355 -0.880644619464874 -1.4433744430542 -1.90483648777008 -1.79567205905914 -0.940374439954758 -0.779705851525068 -0.993960165977478 -1.10137337446213 -1.08606742024422 -1.05560498833656 -0.951166319847107 -0.899800038337707 -0.960420215129852 -0.880977874994278 -0.927705377340317 -1.0479360461235 -1.22018566131592 -1.49420492649078 -1.58129732608795 -1.74554581642151 -1.83290445804596 -1.93442568778992 -2.17647125720978 -2.2024605512619 -2.13953223228455 -1.76655926704407 -1.47500770092011 -1.52594954967499 -1.62586095333099 -2.00056610107422 -2.59513864517212 -2.98644332885742 -3.35784049034119 -3.68717660903931 -4.04359335899353 -4.29744372367859 -4.34350380897522 -4.27853984832764
-9999 -9999 -9999 -9999 -9999 -9999 -9999 -9999 -9999 -9999 -9999 -9999 -50.655350112915 -22.8525009155273 -14.8043583869934 -10.227611207962 -5.63713111877441 -2.17706582546234 -0.270439532399178 -0.302209765464067 -1.77973487377167 -1.51500096321106 -1.87013690471649 -1.06385583877563 -0.824170291423798 -0.964356940984726 -0.988301885128021 -0.921441638469696 -0.885735046863556 -0.924953055381775 -0.95894478559494 -0.902524018287659 -0.922504961490631 -0.988516342639923 -1.15457643270493 -1.43327698707581 -1.63404011726379 -1.8757575750351 -2.02458250522614 -2.1210569858551 -2.34734892845154 -2.41272344589233 -2.64666118621826 -2.53206527233124 -2.16717548370361 -2.06112794876099 -2.05160520076752 -2.33264586925507 -2.77366151809692 -3.22824878692627 -3.60026922225952 -3.86675477027893 -4.16720600128174 -4.37432723045349 -4.35741939544678 -4.21812109947205
-9999 -9999 -9999 -9999 -9999 -9999 -9999 -9999 -9999 -9999 -9999 -9999 -88.3103019714355 -43.9823539733887 -13.8184631347656 -12.0247282028198 -12.0234495162964 -10.2210267782211 -7.14726704061031 -3.07947274148464 -0.0449218593537807 -2.3129273891449 -1.68052744865417 -1.15054088830948 -1.34386605024338 -1.14173264503479 -1.28517150878906 -1.36031565666199 -1.29502189159393 -1.36201410293579 -1.12041512727737 -1.11549546718597 -1.11565470695496 -1.09533596038818 -1.15838080644608 -1.32882301807404 -1.58346929550171 -1.93426315784454 -2.15154750347137 -2.26425168514252 -2.34935820102692 -2.54295263290405 -2.87034254074097 -2.84309315681458 -2.95220818519592 -3.01129446029663 -2.92295370101929 -3.12824468612671 -3.46120667457581 -3.82154250144958 -4.08436303138733 -4.32995829582214 -4.56066818237305 -4.56938614845276 -4.46259117126465 -4.41670370101929
-9999 -9999 -9999 -9999 -9999 -9999 -9999 -9999 -9999 -9999 -9999 -9999 -9999 -81.4379783630371 -18.7329498291016 -16.1916858673096 -22.104467010498 -25.9916524887085 -22.304811668396 -15.6838531970978 -6.38030095100403 -0.814402276277542 -1.62725919485092 -1.32904858589172 -0.4421680778265 -0.800296181440353 -1.23858140707016 -1.83982517719269 -2.10080013275146 -2.04715352058411 -1.91461727619171 -1.85204463005066 -1.73143520355225 -1.50629246234894 -1.45304782390594 -1.4292197227478 -1.53441083431244 -1.82216048240662 -2.09195799827576 -2.3528151512146 -2.55784516334534 -2.6139630317688 -2.89673285484314 -3.03280491828918 -3.15038571357727 -3.53027038574219 -3.60370268821716 -3.91027455329895 -4.22863078117371 -4.37565689086914 -4.6197811126709 -4.67376556396484 -4.73886775970459 -4.62743549346924 -4.31650109291077 -3.96431174278259
-9999 -9999 -9999 -9999 -9999 -9999 -9999 -9999 -9999 -9999 -9999 -9999 -9999 -73.5928466796875 -27.4441152572632 -22.7337379455566 -31.5151453018188 -45.5439945220947 -46.4905754089355 -34.3254692077637 -22.8010696411133 -6.642751288414 -2.02415981292725 -0.32403153181076 0.222048577666283 -0.689316919445991 -0.507521443068981 -1.30011423826218 -1.78992159366608 -2.43575663566589 -2.57709074020386 -2.4967128276825 -2.22202553749084 -1.9719464302063 -1.77139377593994 -1.75140764713287 -1.58329653739929 -1.6990832567215 -1.94803943634033 -2.36170256137848 -2.87789177894592 -2.81269626617432 -2.8134268283844 -3.15965700149536 -3.44167428016663 -3.73739666938782 -4.21161379814148 -4.77846298217773 -5.12985973358154 -5.15848360061645 -5.18090133666992 -5.09443063735962 -4.90285329818726 -4.52803201675415 -4.29914073944092 -4.50680160522461
-9999 -9999 -9999 -9999 -9999 -9999 -9999 -9999 -9999 -9999 -9999 -9999 -9999 -9999 -49.0174911499023 -23.2389133453369 -33.4857461929321 -49.7705165863037 -55.7606590270996 -48.5469261169434 -32.2632875442505 -14.9822061538696 -3.11093859672546 0.633379650115967 -0.427863776683807 -1.07161620855331 0.606603062152863 -0.0857366845011711 0.189263695478439 -1.52962396144867 -2.62498621940613 -1.95867881774902 -2.31395440101624 -2.40024199485779 -1.78874208927155 -1.51675696372986 -1.20878556966782 -1.23894060850143 -1.561771941185 -1.90446424484253 -2.48077836036682 -2.67948870658874 -2.91542644500732 -3.31193571090698 -3.72883367538452 -4.26227178573608 -4.57510299682617 -5.12227640151978 -5.48577432632446 -5.63205299377441 -5.62288303375244 -5.23126277923584 -5.35157108306885 -5.35976638793945 -4.55624313354492 -4.33304328918457
-9999 -9999 -9999 -9999 -9999 -9999 -9999 -9999 -9999 -9999 -9999 -9999 -9999 -9999 -76.8218254089356 -45.281876373291 -37.6260738372803 -47.0782669067383 -59.190013885498 -57.6318393707275 -46.6603019714355 -33.0138414382935 -22.5067987442017 -15.2199409484863 -5.44746136665344 -3.46062688827515 -0.579786843061447 -1.88394153118134 -0.0723683774471283 -2.41022067070007 -2.07601478099823 -2.09512603282928 -1.70659320354462 -1.8983170747757 -1.62954802513123 -1.0975555062294 -0.57270302772522 -0.25083013176918 -0.388972210884094 -1.06019113063812 -2.10264804363251 -2.32640388011932 -2.84447765350342 -3.38022618293762 -3.85256457328796 -4.38665018081665 -4.55394477844238 -5.04453115463257 -5.32394199371338 -5.34498805999756 -5.83150606155395 -5.43869667053223 -5.83148860931396 -5.80201454162598 -4.63298482894897 -3.81877989768982
-9999 -9999 -9999 -9999 -9999 -9999 -9999 -9999 -9999 -9999 -9999 -9999 -9999 -9999 -9999 -82.8635475158691 -45.5184394836426 -40.0183292388916 -56.2423240661621 -65.099193572998 -71.1298538208008 -63.8936508178711 -58.9343544006348 -50.0347595214844 -35.2991115570068 -24.3508441925049 -13.3666933059692 -7.80449295043945 -1.3700704574585 -0.875225192308426 -2.0056410074234 -0.984024620056152 -0.267990341596305 -1.74319248199463 -1.68253662586212 -1.37745871543884 -0.729670464992523 -0.424469417333603 -0.0598228680901229 0.123654455924407 -0.0768431268632412 -1.18394711017609 -2.55781064033508 -3.40150675773621 -3.8198145866394 -4.09594211578369 -4.29171056747437 -4.45415568351746 -4.56057949066162 -4.33705248832703 -4.44749193191528 -4.59086403846741 -5.05651178359985 -5.04979305267334 -4.52254056930542 -4.36388149261475
-9999 -9999 -9999 -9999 -9999 -9999 -9999 -9999 -9999 -9999 -9999 -9999 -9999 -9999 -9999 -78.3534324645996 -62.350496673584 -31.1610580444336 -45.3130950927734 -64.2031967163086 -89.3669143676758 -86.9503715515137 -104.036235046387 -99.4970733642578 -78.1168479919434 -73.6539833068848 -44.3888301849365 -34.4299015045166 -16.3387487411499 -2.18350124359131 -1.0630565404892 -2.47796993255615 -0.588268023729324 -1.41197293996811 -1.53457500934601 -1.42441232204437 -1.0867271900177 -0.961080813407898 -0.731022846698761 -0.528891313076019 -0.100885623693466 0.0567528687417507 -2.13782346248627 -3.39034032821655 -3.74802870750427 -3.73610091209412 -4.14822840690613 -4.32813720703125 -4.16656379699707 -3.7514096736908 -3.4305290222168 -3.51566171646118 -3.81373620033264 -3.80310916900635 -3.65858860015869 -3.98772354125977
-9999 -9999 -9999 -9999 -9999 -9999 -9999 -9999 -9999 -9999 -9999 -9999 -9999 -9999 -9999 -34.8487102508545 -92.1168983459473 -40.2507293701172 -34.6212326049805 -45.8638145446777 -67.7286582946777 -85.5425071716309 -106.332421875 -115.410859680176 -105.163220214844 -96.486393737793 -77.6869468688965 -62.7222793579102 -38.0322193145752 -14.9687007904053 -4.24687204360962 -4.10946650505066 -2.62847855091095 -1.43285613059998 -1.76161947250366 -1.35016312599182 -1.19057681560516 -1.46077046394348 -1.60027208328247 -2.5296501159668 -2.23398017883301 -0.0471011659130454 -1.66685736179352 -3.02650790214539 -3.65399565696716 -3.79251456260681 -4.02346234321594 -4.13558616638184 -3.81790323257446 -3.26513729095459 -2.91805601119995 -2.77088503837585 -2.64664158821106 -2.34790844917297 -2.12848887443542 -1.94897634983063
-9999 -9999 -9999 -9999 -9999 -9999 -9999 -9999 -9999 -9999 -9999 -9999 -9999 -9999 -9999 -9999 -46.7258613586426 -79.1437133789063 -40.9908351898193 -30.902811050415 -46.4273319244385 -63.3892570495605 -90.5453186035156 -107.136087036133 -109.008792114258 -118.080485534668 -103.990496826172 -101.191761779785 -71.9401473999023 -37.0182239532471 -14.8544321060181 -6.80851030349731 -4.41717290878296 -2.22905836105347 -0.913613033294678 -1.74182965755463 -1.47639091014862 -0.792853045463562 -0.532190382480621 -0.842398905754089 -1.3344829082489 -0.0832223884761333 -2.18287830352783 -3.16463446617126 -3.61820211410522 -3.59922585487366 -3.31342144012451 -3.28051137924194 -3.08506441116333 -2.47830696105957 -2.32124962806702 -1.86405785083771 -1.19402978420258 -0.882911014556885 -0.701303219795227 -0.593046754598618
-9999 -9999 -9999 -9999 -9999 -9999 -9999 -9999 -9999 -9999 -9999 -9999 -9999 -9999 -9999 -9999 -9999 -39.6587368011475 -75.8405662536621 -50.9846115112305 -28.4556407928467 -36.1317523956299 -53.0505702972412 -71.9706916809082 -85.5053855895996 -99.409033203125 -107.604124450684 -110.153233337402 -91.1489166259766 -58.6324104309082 -30.8084537506104 -11.756369972229 -5.06580338478088 -4.07578430175781 -1.23762559890747 -0.968482434749603 -1.06521475315094 -1.4421502828598 -1.30332069396973 -0.743675541877747 -1.10284730195999 -1.47667691707611 -2.39818921089172 -2.91079292297363 -2.81545062065125 -2.57607469558716 -2.24219236373901 -1.67781558036804 -1.2345466375351 -0.935219287872314 -0.462387681007385 -0.365032884478569 -0.174776931386441 -0.109625828638673 -0.132559648156166 -0.157831491529942
-9999 -9999 -9999 -9999 -9999 -9999 -9999 -9999 -9999 -9999 -9999 -9999 -9999 -9999 -9999 -9999 -9999 -9999 -9999 -82.9107414245605 -74.1829849243164 -54.7901954650879 -49.3037055969238 -58.7187412261963 -70.4205833435059 -83.0107521057129 -101.359733581543 -115.06305847168 -103.573719787598 -78.2400680541992 -51.5744537353516 -25.6095043182373 -9.72421236038208 -4.57033925056458 -4.36288962364197 -1.33220975399017 -1.02089115381241 -0.664111459255219 -0.955892693996429 -1.57094643115997 -2.43434829711914 -2.15309224128723 -2.30704779624939 -2.39822678565979 -2.04035470485687 -1.86459414958954 -1.59644486904144 -0.988966310024261 -0.596927517652512 -0.18723174855113 0.228533983975649 0.169209533929825 -0.0369321854785085 -0.138982308655977 -0.197131882607937 -0.0949737338349223
-9999 -9999 -9999 -9999 -9999 -9999 -9999 -9999 -9999 -9999 -9999 -9999 -9999 -9999 -9999 -9999 -9999 -9999 -9999 -9999 -9999 -93.874634552002 -100.852922058105 -79.940739440918 -67.6073638916016 -72.8621421813965 -85.2122245788574 -102.784942626953 -108.659002685547 -93.8759025573731 -77.480387878418 -50.1186920166016 -23.4678028106689 -8.49460029602051 -2.70494683980942 -2.9328230381012 -1.12017887830734 -1.24398421049118 -0.769250091910362 -1.54817328453064 -1.56778633594513 -1.57200779914856 -1.56213407516479 -1.458163022995 -1.47759637832642 -1.38847978115082 -1.24574571847916 -1.19249632358551 -0.820843946933746 -0.0391385816037655 0.298553025722504 0.23350696535781 -0.0313373848795891 -0.262183344364166 -0.340161553025246 -0.424520909786224
-9999 -9999 -9999 -9999 -9999 -9999 -9999 -9999 -9999 -9999 -9999 -9999 -9999 -9999 -9999 -9999 -9999 -9999 -9999 -9999 -9999 -9999 -9999 -89.0084289550781 -74.9351455688477 -63.4338607788086 -65.4364105224609 -79.8398979187012 -95.4479347229004 -97.8235366821289 -91.86064453125 -71.1451820373535 -49.7072944641113 -28.1390552520752 -12.5304728507996 -3.22463836669922 -2.63252987861633 -1.8172003030777 -1.26415457464755 -1.49210139513016 -1.23493602275848 -0.945984470844269 -0.821942687034607 -0.790946400165558 -0.824589359760284 -0.855731105804443 -0.888543319702148 -0.864869999885559 -0.623461431264877 -0.00735170543193817 0.306457769870758 0.263026510179043 -0.0054715015925467 -0.232511574774981 -0.322587263584137 -0.443285524845123
-9999 -9999 -9999 -9999 -9999 -9999 -9999 -9999 -9999 -9999 -9999 -9999 -9999 -9999 -9999 -9999 -9999 -9999 -9999 -9999 -9999 -9999 -9999 -9999 -9999 -93.1951728820801 -63.3864967346191 -53.6817562103272 -70.880965423584 -85.9526481628418 -91.6657241821289 -89.3925918579102 -83.6854507446289 -65.2557548522949 -40.0244552612305 -21.9666446685791 -8.69057321548462 -3.88416919708252 -2.02735667228699 -1.55090270042419 -1.72195863723755 -0.829836761951447 -0.379590278863907 -0.23438895791769 -0.267480650544167 -0.315277919173241 -0.365454289317131 -0.245559699833393 -0.175437397882342 0.146021983027458 0.324688300490379 0.228601814806461 -0.018098666286096 -0.154191709589213 -0.105716785788536 -0.18961228877306
-9999 -9999 -9999 -9999 -9999 -9999 -9999 -9999 -9999 -9999 -9999 -9999 -9999 -9999 -9999 -9999 -9999 -9999 -9999 -9999 -9999 -9999 -9999 -9999 -9999 -93.4110794067383 -88.4937019348145 -49.3866073608398 -50.1939491271973 -67.6652351379394 -84.1523750305176 -96.9971099853516 -101.767417907715 -89.3692970275879 -65.1636154174805 -45.4733390808105 -26.6515003204346 -14.1841888427734 -7.4203634262085 -2.44512536525726 -3.10265402793884 -1.74842259883881 -0.185528147220612 -0.0660065978765488 -0.0446360254660249 -0.118029586039484 -0.211121690273285 -0.151863925158978 -0.132266389485449 0.0150999742560089 0.141075173020363 -0.0134289801120758 -0.0638339165598154 -0.0486267022322863 0.050074571929872 -0.0941242597997189
-9999 -9999 -9999 -9999 -9999 -9999 -9999 -9999 -9999 -9999 -9999 -9999 -9999 -9999 -9999 -9999 -9999 -9999 -9999 -9999 -9999 -9999 -9999 -9999 -9999 -9999 -9999 -76.4798156738281 -47.4027980804443 -49.6272850036621 -77.0192039489746 -94.8287551879883 -103.448896789551 -100.101388549805 -84.3433113098145 -66.8010154724121 -42.5747417449951 -29.083907699585 -16.1878839492798 -6.54544591903687 -6.2149676322937 -3.32810883522034 -0.407008680701256 -0.542658168077469 -0.175816932320595 -0.199441963620484 -0.223391845077276 -0.37176516354084 -0.422993338108063 -0.370927509665489 -0.487930697202683 -0.233924168348312 -0.0784700259566307 0.0660961851477623 0.200602032989264 -0.0591225750744343
-9999 -9999 -9999 -9999 -9999 -9999 -9999 -9999 -9999 -9999 -9999 -9999 -9999 -9999 -9999 -9999 -9999 -9999 -9999 -9999 -9999 -9999 -9999 -9999 -9999 -9999 -9999 -74.4533798217773 -57.2599502563477 -41.1009860992432 -59.498021697998 -85.5382499694824 -102.047988891602 -105.317016601562 -93.5293701171875 -74.8718818664551 -53.0840339660645 -36.0160263061523 -21.4287761688232 -11.9802268981934 -10.3630397796631 -5.81743717193604 -1.29803080558777 -0.633746957778931 -0.549491745233536 -0.372347131371498 -0.353010986745358 -0.511343377828598 -0.677743303775787 -0.827731835842133 -0.709087294340134 -0.290471962094307 0.0289178868290037 0.250384473800659 0.30342692732811 0.0173098914325237
-9999 -9999 -9999 -9999 -9999 -9999 -9999 -9999 -9999 -9999 -9999 -9999 -9999 -9999 -9999 -9999 -9999 -9999 -9999 -9999 -9999 -9999 -9999 -9999 -9999 -9999 -9999 -9999 -53.4455017089844 -34.9317073822021 -45.3697334289551 -74.7965805053711 -101.498587036133 -111.356178283691 -97.5801651000977 -76.6323516845703 -57.3882659912109 -41.1692153930664 -23.8018854141235 -15.5036914825439 -14.0143308639526 -9.57474813461304 -4.15214953422546 -1.47986044883728 -0.887144410610199 -0.701408112049103 -0.789959287643433 -0.92685341835022 -1.05286732912064 -1.09666172266006 -1.04442981481552 -0.384397372603416 0.170144786592573 0.44168319106102 0.414951831102371 0.164876186102629
-9999 -9999 -9999 -9999 -9999 -9999 -9999 -9999 -9999 -9999 -9999 -9999 -9999 -9999 -9999 -9999 -9999 -9999 -9999 -9999 -9999 -9999 -9999 -9999 -9999 -9999 -9999 -9999 -53.0338264465332 -32.7598342895508 -40.1647960662842 -69.8822814941406 -101.590257263184 -114.688220214844 -101.301054382324 -77.4543685913086 -59.3298408508301 -43.6489566802979 -24.7731847763062 -16.4800060272217 -16.074588394165 -12.5387636184692 -7.20471315383911 -3.27844104766846 -2.16278474330902 -1.71269052028656 -1.40909886360168 -1.28330478668213 -1.07944175004959 -1.25770665407181 -1.21829079389572 -0.603264451026917 -0.0141090534627438 0.345837426185608 0.378385719656944 -0.101333967596292
-9999 -9999 -9999 -9999 -9999 -9999 -9999 -9999 -9999 -9999 -9999 -9999 -9999 -9999 -9999 -9999 -9999 -9999 -9999 -9999 -9999 -9999 -9999 -9999 -9999 -9999 -9999 -9999 -55.1167930603027 -31.4745384216309 -37.144246673584 -69.560816192627 -108.416529846191 -123.920327758789 -105.59086151123 -78.9073341369629 -60.2591163635254 -44.2192882537842 -24.9269191741943 -17.6151765823364 -20.3907119750977 -16.3690082550049 -10.301912689209 -6.14393949508667 -5.45039110183716 -4.73801455497742 -2.2661477804184 -1.71846883296967 -1.05691293478012 -1.28165149688721 -1.41386992931366 -0.909258985519409 -0.330695077776909 -0.00566541980952024 -0.0809601955115795 -0.848511135578155
-9999 -9999 -9999 -9999 -9999 -9999 -9999 -9999 -9999 -9999 -9999 -9999 -9999 -9999 -9999 -9999 -9999 -9999 -9999 -9999 -9999 -9999 -9999 -9999 -9999 -9999 -9999 -9999 -53.4107406616211 -32.4815589904785 -38.7133560180664 -73.6725875854492 -111.818347167969 -127.637168884277 -112.302047729492 -85.2666595458984 -62.6629066467285 -43.5942573547363 -22.8149887084961 -16.4576177597046 -21.1895065307617 -19.0372035980225 -12.8831735610962 -9.56317434310913 -9.39475021362305 -8.19537324905395 -4.46126012802124 -1.82535836696625 -1.22394145727158 -1.3503157377243 -1.36861228942871 -1.13227248191833 -0.750444495677948 -0.70075523853302 -1.08828765153885 -1.75781583786011
-9999 -9999 -9999 -9999 -9999 -9999 -9999 -9999 -9999 -9999 -9999 -9999 -9999 -9999 -9999 -9999 -9999 -9999 -9999 -9999 -9999 -9999 -9999 -9999 -9999 -9999 -9999 -9999 -52.2170829772949 -34.0409183502197 -41.6582538604736 -79.6195419311523 -118.459254455566 -133.36265411377 -116.119430541992 -93.1915031433105 -63.6298439025879 -41.0251445770264 -19.8958765029907 -16.676876449585 -25.6990669250488 -21.1301219940186 -14.744334602356 -12.4592929840088 -13.1568979263306 -12.8139291763306 -7.33971881866455 -3.34745807647705 -1.61772418022156 -1.3897599697113 -1.67062032222748 -1.43524122238159 -1.34855787754059 -1.54762167930603 -1.9950345993042 -1.89663487672806
