meets/meet004/_saidas_enm/ensemble_aver_Aralia_warmingiana_CCSM_0k_Maxent.asc
NCOLS 154 
NROWS 168 
XLLCORNER -112 
YLLCORNER -55.5 
CELLSIZE 0.5 
NODATA_value -9999 
[rows 50 to 74 of 168, columns 56 to 111 of 154]
-9999 -9999 -9999 -9999 -9999 -9999 -9999 -9999 -9999 -9999 -9999 -9999 -9999 0.00148311973607633 0.00269463221193291 0.00527852018130943 0.0190000962466002 0.0505051515996456 0.0810332294553518 0.11627409607172 0.114408268034458 0.134721734374762 0.127127052843571 0.0727216340601444 0.0532841395586729 0.038623570650816 0.0233447936363518 0.0119263706728816 0.00737922063563019 0.0062193721299991 0.00543749661883339 0.00676493154605851 0.00748845149064437 0.0196041668765247 0.0812891095876694 0.195347586274147 0.293012678623199 0.343477666378021 0.374439322948456 0.389709794521332 0.377419024705887 0.390466159582138 0.36271481513977 0.231746563315392 0.10473990291357 0.0263692449778318 0.0405296111479402 0.034072545170784 0.0341996957547963 0.0488104399293661 0.0404172858223319 0.0577444698661566 0.0862216003239155 0.108943529427052 0.124250529706478 0.151465657353401
-9999 -9999 -9999 -9999 -9999 -9999 -9999 -9999 -9999 -9999 -9999 -9999 -9999 0.0041551431408152 0.00710791347082704 0.0119974831584841 0.0288317405618727 0.0607560511678457 0.090370624512434 0.0988802753388882 0.106291933357716 0.104468755424023 0.0955279417335987 0.0611351419240236 0.0406598726287484 0.0281220901757479 0.0178373872768134 0.0125232704682276 0.0101641720160842 0.00788662936538458 0.0065745601663366 0.00603679944761097 0.00628162141656503 0.0103013680782169 0.0400440149009228 0.123969373106956 0.241729438304901 0.335340106487274 0.351918238401413 0.365842062234879 0.341710776090622 0.314552748203278 0.244418007135391 0.16485290825367 0.0989433482289314 0.0583140224218369 0.0508432051166892 0.051961181499064 0.0523495828732848 0.0580261051654816 0.0620088148862123 0.0762275606393814 0.100075161457062 0.121320193260908 0.137508289515972 0.155024111270905
-9999 -9999 -9999 -9999 -9999 -9999 -9999 -9999 -9999 -9999 -9999 0.00720936534926295 0.00851069847121835 0.0109265914186835 0.0195924379397184 0.0232417375314981 0.0365130244754255 0.0676427267491817 0.0824869945645332 0.078849234431982 0.0810442715883255 0.0720687739551067 0.0572180891409516 0.0383523913100362 0.0243799665477127 0.0173385373083875 0.0141064712544903 0.0115740937646478 0.00969553041504696 0.00780572929652408 0.00675731307128444 0.00662394748069346 0.00694886427372694 0.00929742502048612 0.0301925268024206 0.094815381616354 0.181895563006401 0.282429218292236 0.334991788864136 0.3350317299366 0.326611983776093 0.27083183825016 0.214509463310242 0.166418674588203 0.137166914343834 0.124428269267082 0.0995271168649197 0.104839938133955 0.0989576309919357 0.0911525763571262 0.0993112869560719 0.11350365281105 0.123450210690498 0.133045539259911 0.146855720877647 0.164839258790016
-9999 -9999 -9999 -9999 -9999 -9999 -9999 -9999 -9999 -9999 0.0114823859650642 0.0135041449218988 0.0210258484818041 0.0271795344538987 0.0259228805080056 0.0285582966636866 0.0353928006254137 0.0550823152065277 0.0699931083247066 0.0694353928789496 0.0627067456021905 0.0487184995785356 0.0365432288497686 0.0263613478280604 0.0211663036840036 0.0174456132343039 0.0138574220705777 0.0113547647371888 0.00943935820832848 0.0081096064997837 0.00722149644279853 0.0071267279330641 0.00787652987055481 0.0104300610721111 0.0247873952612281 0.074870852380991 0.146211968362331 0.213819846510887 0.265297764539719 0.278672897815704 0.27024966776371 0.227491337060928 0.192839428782463 0.165111772716045 0.142123104631901 0.139171670377254 0.123832076787949 0.121880753338337 0.110743083059788 0.116567532718182 0.140762937068939 0.147665040194988 0.140123724937439 0.144841402769089 0.171409431099892 0.192031066119671
-9999 -9999 -9999 -9999 -9999 -9999 -9999 -9999 -9999 -9999 0.0283308775164187 0.0408641405403614 0.0458270652219653 0.047877125069499 0.0438342671841383 0.033757549058646 0.0383528151549399 0.0455721022561193 0.0503393021412194 0.0453521903604269 0.0402855020016432 0.0312982962932438 0.0286633191164583 0.0262757218442857 0.0220394618809223 0.0178442857926711 0.0145456332014874 0.0117472545010969 0.0099372501950711 0.00886623348342255 0.00792257209541276 0.00811095440294594 0.00872453339397907 0.0111305418075062 0.0219795600045472 0.0591102708131075 0.108328578621149 0.158174388110638 0.19154741615057 0.206304216384888 0.206104019284248 0.175375872850418 0.152322378754616 0.135002556443214 0.125004433095455 0.124776931107044 0.107963560521603 0.122950275987387 0.146808589994907 0.159158343076706 0.192888377606869 0.177729827165604 0.151003779470921 0.149771283566952 0.188889253139496 0.220108921825886
-9999 -9999 -9999 -9999 -9999 -9999 -9999 -9999 0.0179984637070447 0.0558213433250785 0.0991916567087174 0.0827398873865604 0.0770202558487654 0.0771593362092972 0.0542387012392282 0.0416221796534956 0.0436426196247339 0.04436792624183 0.0364408668130636 0.0316025101114064 0.0310796608217061 0.0289332583546639 0.027594309579581 0.0252656238619238 0.021378385508433 0.018427241104655 0.0145469485549256 0.01223707459867 0.0104630642337725 0.00939471963793039 0.00892802561866119 0.00890288490336388 0.00968257955973968 0.0118226313497871 0.0175678171915933 0.0398799246177077 0.0702245138585567 0.102122411876917 0.123100478202105 0.121133626997471 0.113982118666172 0.0989435032010078 0.0906613983213902 0.0851298794150352 0.0787844114005566 0.0911240257322788 0.104630448669195 0.123735308647156 0.139713184535503 0.168519040942192 0.184696878492832 0.167368283867836 0.139853498339653 0.135895285010338 0.191788773238659 0.242950648069382
-9999 -9999 -9999 -9999 -9999 -9999 -9999 -9999 0.034790251404047 0.123454463481903 0.208435675501823 0.16404627263546 0.132651764154434 0.0921910636126995 0.066256158426404 0.0486356409266591 0.0479596355929971 0.0444842611439526 0.0291804680135101 0.0266883785836399 0.025938774086535 0.0239946969784796 0.0232295828405768 0.0215994491474703 0.0189034387236461 0.0171049368800595 0.014359575137496 0.0122594598447904 0.0110995258088224 0.0104640196543187 0.0102743529132567 0.0104155294946395 0.0109043741016649 0.0122714506695047 0.0150660102954134 0.0259750228840858 0.037988562323153 0.0524065211415291 0.0598975986242294 0.05866529494524 0.0541688233613968 0.0479075115174055 0.0441851457580924 0.0464311685413122 0.0525246750563383 0.0645059362053871 0.0723501533269882 0.0904611304402351 0.112843904644251 0.123480162024498 0.135303857922554 0.122094463557005 0.109507591277361 0.120443347841501 0.182639493048191 0.247155293822289
-9999 -9999 -9999 -9999 -9999 -9999 -9999 0.0294865172356367 0.0683156996965408 0.188425475358963 0.326834243535995 0.261142486333847 0.183522181212902 0.116145966202021 0.0789925970137119 0.0582658469676971 0.0528115717694163 0.0449700606055558 0.0259283812483773 0.0218079031212255 0.0202262824168429 0.0194572121370584 0.0177176985656843 0.0167100283317268 0.015698564122431 0.0138544616522267 0.0131697177421302 0.0123914395458996 0.0117821054998785 0.0116196143906564 0.0115434025297873 0.011810414493084 0.0123231690260582 0.0131287047173828 0.0136713599320501 0.0153025719337165 0.0215101114474237 0.0254587741568685 0.0273785686120391 0.0278150020167232 0.0262172985821962 0.0246130987070501 0.0245216694660485 0.0279599320143461 0.0331257589161396 0.0398135671392083 0.0453212469816208 0.0545110072940588 0.0623085219413042 0.0643188014626503 0.0664012417197228 0.0692790698260069 0.0737030744552612 0.0959322705864906 0.165067337453365 0.239840286970139
-9999 -9999 -9999 -9999 -9999 -9999 -9999 0.0654786046594381 0.128011272847652 0.294061559438705 0.41648063659668 0.336302208900452 0.198238435387611 0.119056501984596 0.0880499996244907 0.0760336361825466 0.0678158098831773 0.0525577566586435 0.0296324183233082 0.0234850692562759 0.0195630084490404 0.0176255903905258 0.0159442402888089 0.0151306262472644 0.0146312346914783 0.0134641411015764 0.0134921311400831 0.0131509247701615 0.0129470659187064 0.0131036952836439 0.0130385827971622 0.013297363370657 0.0134522246429697 0.0135807287879288 0.0134956641122699 0.0127252258243971 0.0123360341880471 0.0133158571552485 0.0135068837786093 0.0133069815346971 0.013260439503938 0.0131126607768238 0.0140516110695899 0.0159875968471169 0.0180361485108733 0.0230636104941368 0.0280535345897079 0.033204578794539 0.0332751518115401 0.0336633764207363 0.0357056735083461 0.0439498774707317 0.0528947466984391 0.0763314533978701 0.129463250935078 0.201793371140957
-9999 -9999 -9999 -9999 -9999 -9999 0.0824030838906765 0.151601287722588 0.254961690306663 0.372512447834015 0.464589619636536 0.354542922973633 0.163268680870533 0.114441944658756 0.0984651602804661 0.0916349519044161 0.0847091343253851 0.0634318610653281 0.0381894709542394 0.0312084201723337 0.0261771268211305 0.0237002807669342 0.0224990691523999 0.0221591652836651 0.0206306249834597 0.0197493412997574 0.0192396238911897 0.019462753366679 0.0197512391023338 0.0187736740335822 0.0186117242090404 0.0178448284510523 0.0174429009668529 0.0167188707739115 0.0149996103020385 0.013454694673419 0.0116054651327431 0.0104130939464085 0.00990734222577885 0.00955751759465784 0.00976096638478339 0.0108153863810003 0.0125603374559432 0.0164186691865325 0.0207416600547731 0.0270027594640851 0.0275018049404025 0.0284146009013057 0.0290537759661674 0.030784285068512 0.0340161258354783 0.043150982260704 0.0560289159417152 0.0680360291153193 0.100814178586006 0.154953110218048
-9999 -9999 -9999 -9999 -9999 -9999 0.13685894459486 0.207055747509003 0.31836758852005 0.416924357414246 0.456882244348526 0.339535444974899 0.154479836672544 0.127571080625057 0.116039180010557 0.111989630013704 0.0976425155997276 0.0707979990169406 0.0478072779253125 0.04043860565871 0.0362113120034337 0.0336715118959546 0.0321370800957084 0.0312297617085278 0.029585721809417 0.0275475605390966 0.0283975179307163 0.0298276609741151 0.0302102849818766 0.0294178520329297 0.0278325326740742 0.0268581512384117 0.0252817546017468 0.0237502311356366 0.0217918809037656 0.0191459502093494 0.0171060244552791 0.0152896289713681 0.0148561585694551 0.015129545936361 0.0159403775818646 0.0186418287456036 0.0230681244283915 0.0301856637001038 0.0373619634658098 0.0346411496400833 0.0345088183879852 0.0342083152383566 0.0350395333021879 0.0385419096797705 0.0420555021613836 0.0529848329722881 0.0648639976978302 0.0695852193981409 0.0767653454095125 0.103769458085299
-9999 -9999 -9999 -9999 -9999 -9999 0.165895308554173 0.233267951011658 0.349608671665192 0.442638355493546 0.447608685493469 0.337341350317001 0.175097051262856 0.139149612188339 0.13071022182703 0.119588506221771 0.108915865421295 0.0764266226440668 0.0553359653800726 0.0481187900528312 0.0433469600975513 0.0420577110722661 0.041829226911068 0.0411558538675308 0.0383925905451179 0.0367764174938202 0.0377143079414964 0.0402386898174882 0.0427255311980844 0.0401391977444291 0.0384995115920901 0.0363380810245872 0.0342745488509536 0.0321857679635286 0.0291417785920203 0.0259506186470389 0.0240895948372781 0.0232527223415673 0.0238614336587489 0.0252093236893415 0.0292406463995576 0.0348548173904419 0.0429944548755884 0.0493859376758337 0.0459698744118214 0.0411096412688494 0.0404545865952969 0.0419541139155626 0.0441805779933929 0.0479557115584612 0.0541657835245132 0.0654149107635021 0.0724622204899788 0.071703165397048 0.0739499013870955 0.0731649063527584
-9999 -9999 -9999 -9999 -9999 -9999 -9999 0.257654792070389 0.366935634613037 0.44513738155365 0.455058205127716 0.360016298294067 0.201914429664612 0.168557351827621 0.157288506627083 0.1380212277174 0.122877922654152 0.0865872196853161 0.0649589989334345 0.0589770331978798 0.0568596292287111 0.0558890718966722 0.0559130985289812 0.0553697496652603 0.0534443203359842 0.0517014157027006 0.0536589838564396 0.0564114321023226 0.0596359640359879 0.0591861210763454 0.0555304292589426 0.0531015083193779 0.0494880363345146 0.0470205269753933 0.0445557836443186 0.0407384440302849 0.0386775802820921 0.0368362275883555 0.0393017496913671 0.0446692995727062 0.0527836818248033 0.0631105903536081 0.070312725007534 0.0654277052730322 0.0601007711142302 0.0552294466644526 0.056929037719965 0.0587120104581118 0.062501048669219 0.0690323144197464 0.0769653432071209 0.0912052527070046 0.0896800622344017 0.0795781761407852 0.082976558804512 0.0809384822845459
-9999 -9999 -9999 -9999 -9999 -9999 -9999 -9999 0.350565439462662 0.428228849172592 0.495531046390533 0.382180655002594 0.227794988453388 0.199555331468582 0.182128880918026 0.152682995796204 0.132334674149752 0.0931598871946335 0.0744744971394539 0.0705798730254173 0.0702736839652061 0.070293527841568 0.0719462178647518 0.0724684625864029 0.0703221343457699 0.0694701977074146 0.0729111559689045 0.0773604400455952 0.0812341436743736 0.0820563912391663 0.0786650761961937 0.0744398005306721 0.0709439881145954 0.067964530736208 0.0649153135716915 0.0636418372392654 0.0607027035206556 0.0595789719372988 0.0603767905384302 0.0676490515470505 0.0803188197314739 0.0898192837834358 0.0862644635140896 0.0719105087220669 0.0629324216395617 0.0556680139154196 0.0557823095470667 0.0577916949987411 0.0612679287791252 0.0669549398124218 0.0761718600988388 0.0920730233192444 0.098628306388855 0.0970656998455524 0.0996071994304657 0.102741424739361
-9999 -9999 -9999 -9999 -9999 -9999 0.173409070074558 0.219957649707794 0.330115038156509 0.409989953041077 0.452713567018509 0.370702505111694 0.245110630989075 0.221920330822468 0.207614414393902 0.183622172474861 0.137709242105484 0.101243080943823 0.0842717535793781 0.0833391480147839 0.0861736617982388 0.0878194637596607 0.0892644569277763 0.0916547983884811 0.0945221744477749 0.0971671514213085 0.10207831710577 0.106550075858831 0.11094177365303 0.113856235146523 0.112693060934544 0.10832459256053 0.103298690915108 0.09992531016469 0.096509700268507 0.0936856843531132 0.0929585084319115 0.0921680219471455 0.0912701770663261 0.0955085702240467 0.102967929840088 0.100506485998631 0.0844317980110645 0.0702441744506359 0.0618821199983358 0.056432693079114 0.0575395818799734 0.0607835598289967 0.0651583686470985 0.0712032802402973 0.0796536438167095 0.0962315075099468 0.110400114953518 0.1154287353158 0.117855189740658 0.117394031584263
-9999 -9999 -9999 -9999 -9999 0.0837948501110077 0.155384896695614 0.249598574638367 0.341569995880127 0.417436581850052 0.447075641155243 0.365065741539001 0.261419579386711 0.242751663923264 0.229974725842476 0.205050338804722 0.134720456600189 0.108998707681894 0.094493093341589 0.096493561565876 0.102053537219763 0.105278138071299 0.107606576383114 0.112988945841789 0.121287056803703 0.130857272446156 0.135657054185867 0.141718347370625 0.147461719810963 0.149792279303074 0.151061111688614 0.150172924995422 0.146226200461388 0.141512414813042 0.13433180898428 0.127831776440144 0.125669547915459 0.121673204004765 0.113667389750481 0.108679478615522 0.109453524649143 0.103154198825359 0.0857803411781788 0.0721009783446789 0.0636630579829216 0.0569508951157331 0.0606056816875935 0.0659955695271492 0.0711890958249569 0.0758085809648037 0.0815126366913319 0.100235193222761 0.119484619796276 0.13115282356739 0.134452743828297 0.130582354962826
-9999 -9999 -9999 -9999 -9999 0.173966491222382 0.187268851697445 0.292877808213234 0.378537201881409 0.427387154102325 0.427006232738495 0.365946882963181 0.311542549729347 0.295534375309944 0.272284442186356 0.196860575675964 0.14311091452837 0.120364452898502 0.10798913538456 0.116481073200703 0.124673610925674 0.129445590078831 0.133714234828949 0.141756501793861 0.153520604968071 0.163326922059059 0.173090703785419 0.179881732165813 0.186882765591145 0.192175857722759 0.19411565810442 0.192000472545624 0.186282382905483 0.179618187248707 0.169728647172451 0.160625042021275 0.155662176012993 0.148998779058456 0.138174040615559 0.126985155045986 0.123671080172062 0.111320729553699 0.0922886863350868 0.0788824968039989 0.0714272141456604 0.0671542331576347 0.0693769052624702 0.0740202941000462 0.0794102802872658 0.0856180213391781 0.0944574117660522 0.110278121381998 0.129946894943714 0.144530522823334 0.153126712143421 0.154183706641197
-9999 -9999 -9999 -9999 -9999 -9999 0.252855077385902 0.336802524328232 0.419072008132935 0.417121928930283 0.428409987688065 0.37372482419014 0.332274693250656 0.330004689097404 0.300811776518822 0.218539579212666 0.16659152507782 0.141358645260334 0.129628029465675 0.144243560731411 0.156776896119118 0.163530616462231 0.167506141960621 0.178890600800514 0.193458744883537 0.202387312054634 0.215463016927242 0.222883534431458 0.230462123453617 0.237225013971329 0.2404406696558 0.235116216540337 0.227976758778095 0.220056238770485 0.207966494560242 0.196863108873367 0.19121887087822 0.181794103980064 0.166976717114449 0.150453580915928 0.139191822707653 0.125410756468773 0.105031159520149 0.0914816983044147 0.0853986635804176 0.0796161137521267 0.0825930640101433 0.0861635290086269 0.0911345511674881 0.0974227912724018 0.106853627413511 0.121853923797607 0.14129152148962 0.156721475720406 0.169232861697674 0.176937910914421
-9999 -9999 -9999 -9999 -9999 -9999 0.279002678394318 0.351544940471649 0.414467656612396 0.431779438257217 0.410692971944809 0.362322270870209 0.300951397418976 0.274396792054176 0.278943967819214 0.267936477065086 0.252464392781258 0.163351052999496 0.133530008047819 0.160112652182579 0.208116726577282 0.213542737066746 0.213300597667694 0.221521121263504 0.23726634979248 0.254645642638206 0.261972939968109 0.268050038814545 0.271100461483002 0.271844431757927 0.271147593855858 0.265492683649063 0.257814887166023 0.249809181690216 0.240221238136292 0.229984906315804 0.220307989418507 0.206268389523029 0.190459677577019 0.175305089354515 0.160299843549728 0.146271066367626 0.127518846094608 0.114008116722107 0.106612975895405 0.102179647237062 0.102297981083393 0.104136086255312 0.107345647364855 0.110706319659948 0.116885055601597 0.131824958324432 0.149126647412777 0.16705958545208 0.177823656797409 0.185669952630997
-9999 -9999 -9999 -9999 -9999 -9999 0.359817862510681 0.317586269974709 0.393760621547699 0.42187619805336 0.399871438741684 0.339309847354889 0.270767188072205 0.235725408792496 0.232994389533997 0.246254137158394 0.281582078337669 0.169524508714676 0.125336633622646 0.166740722954273 0.254630386829376 0.265120401978493 0.250720858573914 0.255948987603188 0.277306404709816 0.302424415946007 0.305751904845238 0.300326701998711 0.29955261349678 0.299081712961197 0.294383624196053 0.286946204304695 0.275731956958771 0.267378881573677 0.259747463464737 0.248902556300163 0.238914135098457 0.219702580571175 0.205729258060455 0.19765399992466 0.183944495022297 0.173250468075275 0.155887793004513 0.142454269528389 0.135657286643982 0.129615491628647 0.128719797730446 0.127402754127979 0.128122086822987 0.128225335478783 0.129744479060173 0.145798954367638 0.161177699267864 0.174802683293819 0.18162544965744 0.183116459846497
-9999 -9999 -9999 -9999 -9999 -9999 -9999 -9999 0.296049892902374 0.384220409393311 0.411249089241028 0.332857525348663 0.238225755095482 0.217229628562927 0.217422407865524 0.245142140984535 0.293757039308548 0.152332185208797 0.0957326367497444 0.158777196705341 0.288167214393616 0.295534515380859 0.255778613686562 0.258717143535614 0.293074324727058 0.329299187660217 0.327257400751114 0.318272283673286 0.3148945748806 0.31096323132515 0.305327770113945 0.290812748670578 0.274916049838066 0.263004332780838 0.256616953015327 0.248175901174545 0.237269738316536 0.225665338337421 0.216121400892735 0.208350922167301 0.20138680934906 0.194625256955624 0.186113665997982 0.174851487576962 0.167011542618275 0.161719247698784 0.158418899774551 0.156358747184277 0.154820008575916 0.151583451032639 0.153465130925179 0.163175816833973 0.17544726729393 0.18413989841938 0.184313929080963 0.180049020051956
-9999 -9999 -9999 -9999 -9999 -9999 -9999 -9999 0.4347864985466 0.35220288336277 0.40359268784523 0.310783743858337 0.204909530282021 0.195115306973457 0.205104699730873 0.234655591845512 0.31729671061039 0.158988690376282 0.0883690729737282 0.168225690722466 0.319692933559418 0.315097108483315 0.268788313865662 0.270786413550377 0.301183435320854 0.344416224956512 0.341344946622849 0.327533835172653 0.325116339325905 0.323019281029701 0.3096584379673 0.291448676586151 0.269826632738113 0.256807813048363 0.252643944323063 0.24476802200079 0.238988626003265 0.230912654101849 0.225256921350956 0.221489448845387 0.216126161813736 0.213995410501957 0.209691680967808 0.205759623646736 0.201904866099358 0.196591128408909 0.18959755897522 0.181053937971592 0.173207248747349 0.164166848361492 0.160489408671856 0.165043295919895 0.173259678483009 0.183981508016586 0.190943047404289 0.194597139954567
-9999 -9999 -9999 -9999 -9999 -9999 -9999 -9999 -9999 0.33180838227272 0.363492214679718 0.2609559237957 0.165306589007378 0.166153757274151 0.190189337730408 0.228039488196373 0.333448651432991 0.23056093454361 0.11100299321115 0.182053102552891 0.332559317350388 0.332393151521683 0.277790111303329 0.28215369284153 0.318156030774117 0.351995438337326 0.348930609226227 0.333881855010986 0.327691978216171 0.33037768304348 0.322406950592995 0.297758820652962 0.27401387244463 0.25752254575491 0.250465989112854 0.24395926296711 0.239247272908688 0.233893209695816 0.231428852677345 0.230286620557308 0.229585087299347 0.22927080988884 0.228247302770615 0.227123647928238 0.223798364400864 0.217541837692261 0.207121922075748 0.193917492032051 0.182676415145397 0.170888790488243 0.162221664190292 0.161499544978142 0.164454405009747 0.178555454313755 0.206054762005806 0.235480561852455
-9999 -9999 -9999 -9999 -9999 -9999 -9999 -9999 -9999 -9999 0.315481653809547 0.21376139819622 0.150555212795734 0.159356808662415 0.188872617483139 0.229109734296799 0.351269346475601 0.371086740493774 0.172115537524223 0.234880216419697 0.350796145200729 0.339585316181183 0.297479873895645 0.301612222194672 0.338661018013954 0.366553980112076 0.36132926940918 0.345301231741905 0.338167226314545 0.336738392710686 0.329122078418732 0.309070792794228 0.28242851048708 0.264268866181374 0.256112582981586 0.248128835856915 0.243564702570438 0.2389205083251 0.237826746702194 0.239945422112942 0.241685776412487 0.244618430733681 0.245744553208351 0.246166485548019 0.244743812084198 0.238711559772491 0.227637010812759 0.211436882615089 0.197664071619511 0.182219584286213 0.170593146979809 0.166776768863201 0.167522464692593 0.184080040454865 0.218798723816872 0.25576605796814
-9999 -9999 -9999 -9999 -9999 -9999 -9999 -9999 -9999 -9999 -9999 0.173999112844467 0.156821052730083 0.173325145244598 0.196226799488068 0.233609253168106 0.35001722574234 0.470279461145401 0.296812450885773 0.315344494581223 0.349246680736542 0.337018954753876 0.326912954449654 0.327611801028252 0.355548244714737 0.373603990674019 0.367524945735931 0.356258741021156 0.345248544216156 0.33821060359478 0.327869001030922 0.308394438028336 0.28713545948267 0.273789584636688 0.265993894636631 0.255854165554047 0.252784357964993 0.248405693471432 0.248740613460541 0.251778967678547 0.253016124665737 0.261025279760361 0.264552095532417 0.267677187919617 0.267912313342094 0.26068169772625 0.252385634183884 0.236792582273483 0.220776161551476 0.20251450240612 0.18731914460659 0.183643494546413 0.185420967638493 0.198453256487846 0.221909117698669 0.245685541629791
