meets/meet004/_saidas_enm/ensemble_aver_Cavanillesia_umbellata_CCSM_6k_Maxent.asc
NCOLS 154 
NROWS 168 
XLLCORNER -112 
YLLCORNER -55.5 
CELLSIZE 0.5 
NODATA_value -9999 
[rows 50 to 74 of 168, columns 56 to 111 of 154]
-9999 -9999 -9999 -9999 -9999 -9999 -9999 -9999 -9999 -9999 -9999 -9999 -9999 0.0120895696891239 0.067123544216156 0.142801062762737 0.126390588283539 0.158453798294067 0.289518257975578 0.336763966083527 0.396089088916779 0.392959135770798 0.363985615968704 0.256462359428406 0.369077843427658 0.402700924873352 0.34637439250946 0.340602405369282 0.328684957325459 0.29005658775568 0.276313926279545 0.293041570484638 0.30644143819809 0.205655916035175 0.227652698755264 0.346063250303268 0.282667312026024 0.179814898967743 0.16047937721014 0.159295146167278 0.157454134523869 0.159062202274799 0.160071706771851 0.160576575994492 0.0416282970458269 0.0409796446561813 0.0533376559615135 0.0659452073276043 0.139480230212212 0.189041671156883 0.224724486470222 0.224822607636452 0.495340871810913 0.489596652984619 0.481366902589798 0.21106770336628
-9999 -9999 -9999 -9999 -9999 -9999 -9999 -9999 -9999 -9999 -9999 -9999 -9999 0.0221756111364812 0.0867343068122864 0.115250401198864 0.136112915724516 0.264360716938972 0.317554998397827 0.357140392065048 0.386425709724426 0.39957720041275 0.397192525863647 0.402741521596909 0.341911044716835 0.354734736680984 0.334403812885284 0.304938459396362 0.267140409350395 0.227371793985367 0.218895545601845 0.241062611341476 0.243705569207668 0.217581966519356 0.258109450340271 0.256765341758728 0.335680502653122 0.222398301959038 0.203073650598526 0.186602225899696 0.184352388978004 0.17750295996666 0.175077632069588 0.134250254929066 0.0415076769888401 0.044423945248127 0.0549136906862259 0.071203525364399 0.161368471384048 0.19811018705368 0.22388060092926 0.494190329313278 0.490212249755859 0.480629980564117 0.402909690141678 0.211946111917496
-9999 -9999 -9999 -9999 -9999 -9999 -9999 -9999 -9999 -9999 -9999 0.0202199788298458 0.0166027880273759 0.0431246671825647 0.0697812184691429 0.10744142383337 0.138661809265614 0.242133355140686 0.316687121987343 0.336111313104629 0.356046748161316 0.305220010876656 0.31187135130167 0.310817050933838 0.293950191140175 0.306583765149117 0.263055875897408 0.206020972132683 0.165471792221069 0.131282694637775 0.130374977737665 0.174229443073273 0.208584275841713 0.207276064157486 0.227570500969887 0.271053382754326 0.259412667155266 0.249242126941681 0.228721016645432 0.206614819169045 0.206183317303658 0.200411415100098 0.193345609307289 0.149970649182796 0.148455418646336 0.161723777651787 0.199783775210381 0.240360614657402 0.43541265130043 0.49192978143692 0.487815874814987 0.484160387516022 0.475014519691467 0.46528103351593 0.390180027484894 0.21106364428997
-9999 -9999 -9999 -9999 -9999 -9999 -9999 -9999 -9999 -9999 0.0268776652868837 0.0246885382570326 0.0361463084816933 0.0370536215603352 0.0505108788609505 0.0800769597291946 0.11276820898056 0.153465773165226 0.177267804741859 0.185491682589054 0.190398056805134 0.187140318751335 0.167535126209259 0.15966689735651 0.150126191973686 0.133460299670696 0.10685732960701 0.0828351512551308 0.0624274808913469 0.0686559561640024 0.0758674560114741 0.0896372243762016 0.164439454674721 0.279286068677902 0.22839403450489 0.285621139407158 0.277912926673889 0.268311569094658 0.255813804268837 0.240289455652237 0.230040749907494 0.219807752966881 0.192827120423317 0.177521339058876 0.19238389134407 0.219861355423927 0.373301041126251 0.4434554874897 0.527192360162735 0.558994579315186 0.551567625999451 0.541404640674591 0.459185069799423 0.379982620477676 0.373146575689316 0.207332327961922
-9999 -9999 -9999 -9999 -9999 -9999 -9999 -9999 -9999 -9999 0.0590873707085848 0.0577800400555134 0.0542725048959255 0.0486177861690521 0.0399311315268278 0.0526852831244469 0.0852552272379398 0.134280225634575 0.158487759530544 0.160234180092812 0.158543206751347 0.145272196829319 0.122093407809734 0.109445044398308 0.0939637124538422 0.0770587921142578 0.0593954768031836 0.0439473003149033 0.0363609191030264 0.0339636840857565 0.0357297228649259 0.0525614080950618 0.114533992111683 0.123481328785419 0.213628470897675 0.236087271571159 0.289300790429115 0.287162810564041 0.281606665253639 0.280529165267944 0.283323603868484 0.275871640443802 0.223457762598991 0.235546651482582 0.363011914491653 0.489998137950897 0.535333096981049 0.562428557872772 0.554735112190247 0.544900226593018 0.530375641584396 0.449291145801544 0.437726718187332 0.360156679153442 0.352498286962509 0.393865066766739
-9999 -9999 -9999 -9999 -9999 -9999 -9999 -9999 0.0325099729932845 0.0699789397418499 0.150075103342533 0.0865361526608467 0.0687277086079121 0.0637495093047619 0.0467390149831772 0.0398001171648502 0.0623741380870342 0.10389688462019 0.125458677113056 0.122724959254265 0.104282115399837 0.0935509607195854 0.0817446745932102 0.0695970766246319 0.0558051999658346 0.0421403899788857 0.0330970020964742 0.0272864973638207 0.0223436046624556 0.0226187957683578 0.0228939305990934 0.0315992507617921 0.0578712083399296 0.100022178143263 0.189611634612083 0.229785272479057 0.296865811944008 0.40727670788765 0.410501909255981 0.412693852186203 0.418937933444977 0.390202969312668 0.361636364459991 0.412186759710312 0.444392114877701 0.488822084665298 0.555695176124573 0.542562228441238 0.461424770951271 0.449077093601227 0.435987839102745 0.424415069818497 0.413366734981537 0.335743972659111 0.325932908058166 0.372016423940659
-9999 -9999 -9999 -9999 -9999 -9999 -9999 -9999 0.043769608810544 0.136773039400578 0.246235767006874 0.22525415122509 0.104990273714066 0.129470825195312 0.0639985226094723 0.0538675274699926 0.0477444365620613 0.0717216849327087 0.0860766679048538 0.0761551685631275 0.0599427655339241 0.053419528901577 0.048237444460392 0.0412907974794507 0.0322121209464967 0.025308854226023 0.0259603660553694 0.0220245624892414 0.0208224340109155 0.0231284143636003 0.0250344835221767 0.0275642896536738 0.0420877307653427 0.075346314907074 0.119018791615963 0.208630621433258 0.23643082678318 0.416320449113846 0.422412204742432 0.394231158494949 0.376161777973175 0.397172272205353 0.411640632152557 0.435748916864395 0.460316252708435 0.406401252746582 0.394419011473656 0.445353633165359 0.428688848018646 0.411288380622864 0.397913482785225 0.384514153003693 0.372671914100647 0.300063472986221 0.288573944568634 0.347179311513901
-9999 -9999 -9999 -9999 -9999 -9999 -9999 0.059823340550065 0.0860526606440544 0.210825571417809 0.28278144299984 0.256261974573135 0.250554928183556 0.208409491181374 0.154765623807907 0.107468844205141 0.0679211255162954 0.0644212566316128 0.0529032740741968 0.0432660618796945 0.0408960020169616 0.0399931481108069 0.0389133448712528 0.0325739851221442 0.0348652292042971 0.0297353910282254 0.0311365210451186 0.0329967800527811 0.0336565751582384 0.0341053636744618 0.0334581048227847 0.0339333020150661 0.0353875136002898 0.0529440224170685 0.0872905567288399 0.123999354243279 0.164606904983521 0.186720103025436 0.297090023756027 0.298643735051155 0.295889803767204 0.31892486512661 0.334519755840302 0.342814815044403 0.380062827467918 0.367488041520119 0.344250485301018 0.322823095321655 0.302615171670914 0.318642264604568 0.274923196434975 0.261404654383659 0.254271963238716 0.249998137354851 0.245971193909645 0.323850357532501
-9999 -9999 -9999 -9999 -9999 -9999 -9999 0.0989681266248226 0.172718282043934 0.286443674564362 0.304789716005325 0.34799228310585 0.273069295287132 0.237942913174629 0.199107173085213 0.170130674540997 0.0942247539758682 0.089385548979044 0.0661748312413692 0.0555038295686245 0.0481044672429562 0.0461693566292524 0.044649020023644 0.0469246381893754 0.0486589979380369 0.0488366736099124 0.051123384386301 0.0507363244891167 0.0521657448261976 0.0552394665777683 0.0541828498244286 0.0543653663247824 0.0512529820203781 0.049857790581882 0.0672800421714783 0.0942041419446468 0.12045061737299 0.146006280183792 0.158797401189804 0.246794530749321 0.261060610413551 0.274552309513092 0.286985796689987 0.29587744474411 0.286619710922241 0.262067577242851 0.240048384666443 0.21651663184166 0.195527452230453 0.192038476467133 0.197309830784798 0.207817357778549 0.206275430321693 0.209835118055344 0.217246186733246 0.301037687063217
-9999 -9999 -9999 -9999 -9999 -9999 0.147117272019386 0.195850965380669 0.27771557867527 0.325472757220268 0.362030583620071 0.374476903676987 0.332843214273453 0.226488310098648 0.222114706039429 0.212334617972374 0.13474041223526 0.122646787762642 0.0905802361667156 0.0760146856307983 0.0664148844778538 0.0663584396243095 0.0669112354516983 0.0700596209615469 0.0712482810020447 0.0722301367670298 0.102510124444962 0.106611180305481 0.116461201012135 0.114408554136753 0.114641092717648 0.105514630675316 0.110730264335871 0.101748161762953 0.0967534989118576 0.121726149320602 0.153127411007881 0.194223302602768 0.212058675289154 0.2247941583395 0.221665465831757 0.212884649634361 0.197576215863228 0.194485542178154 0.196637144684792 0.209306848049164 0.227506223320961 0.239688155055046 0.247005289793015 0.250315856933594 0.257299581170082 0.25705848634243 0.262300661206245 0.265899619460106 0.25996353328228 0.280511721968651
-9999 -9999 -9999 -9999 -9999 -9999 0.265414197742939 0.308037912845612 0.349523788690567 0.427984976768494 0.396432149410248 0.399453592300415 0.354801893234253 0.264476570487022 0.251381456851959 0.271370339393616 0.239337721467018 0.152064017951488 0.116609847545624 0.110091508924961 0.0956412799656391 0.0965360857546329 0.0983454778790474 0.149364638328552 0.152769546210766 0.151429815590382 0.174672389030457 0.176745396852493 0.179031483829021 0.180346781015396 0.177144867181778 0.176321747899055 0.172855550050735 0.173426453769207 0.171678264439106 0.168247957527637 0.172370480000973 0.17654916793108 0.183962890505791 0.213105440139771 0.218266966938972 0.234351938962936 0.246232315897942 0.257442805171013 0.142373754829168 0.275302734971046 0.301413756608963 0.304261672496796 0.306195068359375 0.310375389456749 0.168163089454174 0.128639204800129 0.128716461360455 0.128684239834547 0.127835036069155 0.317935591936111
-9999 -9999 -9999 -9999 -9999 -9999 0.347354073822498 0.361407744884491 0.438110172748566 0.455323261022568 0.426560187339783 0.424210226535797 0.388442033529282 0.300082424283028 0.310507133603096 0.306634703278542 0.292259800434113 0.187521107494831 0.143266180157661 0.134995445609093 0.120680974423885 0.186585798859596 0.214861452579498 0.223486739397049 0.223256474733353 0.222958704829216 0.223031544685364 0.230675846338272 0.232255679368973 0.229505941271782 0.22896893620491 0.224800994992256 0.223105829954147 0.219621187448502 0.215790140628815 0.215765357017517 0.21983343064785 0.246308088302612 0.250096955895424 0.257602599263191 0.267479068040848 0.107602924108505 0.116574513912201 0.1224718503654 0.126410956680775 0.131430553272367 0.141702297329903 0.14429399445653 0.145021826401353 0.144686761498451 0.146294743567705 0.146092573553324 0.149979591369629 0.15176535025239 0.14979182779789 0.151600632816553
-9999 -9999 -9999 -9999 -9999 -9999 -9999 0.441821426153183 0.445791953802109 0.466716450452805 0.449021059274673 0.443101847171783 0.448384749889374 0.440525537729263 0.354869252443314 0.365366607904434 0.371992838382721 0.350931572914124 0.269126144051552 0.263579511642456 0.248204708099365 0.279358845949173 0.296010336279869 0.30139622092247 0.300676476955414 0.284718036651611 0.285639959573746 0.283690217137337 0.283589833974838 0.285309937596321 0.282925790548325 0.290352675318718 0.299908661842346 0.297077092528343 0.2962082862854 0.292730444669724 0.294910800457001 0.295656162500381 0.299149176478386 0.309035450220108 0.128713700175285 0.134596319496632 0.139897937327623 0.154630240797997 0.158549124747515 0.159723447263241 0.161206094548106 0.161108606681228 0.160950433462858 0.161339785531163 0.161725065857172 0.164613942429423 0.166130286455154 0.167747565358877 0.168766915053129 0.168779280781746
-9999 -9999 -9999 -9999 -9999 -9999 -9999 -9999 0.439460170269012 0.473848342895508 0.448210066556931 0.454938799142838 0.466206657886505 0.45827152132988 0.403388673067093 0.422524011135101 0.409691447019577 0.372604751586914 0.334850743412971 0.329465335607529 0.324664214253426 0.327592408657074 0.335006496310234 0.34095321893692 0.340756350755692 0.342113879323006 0.352460700273514 0.369535130262375 0.366420912742615 0.362169742584229 0.360913211107254 0.355544263124466 0.352636295557022 0.349246960878372 0.328270015120506 0.327459451556206 0.326892051100731 0.330181273818016 0.332586708664894 0.18539604768157 0.1467659316957 0.160648507624865 0.165779273211956 0.169466719776392 0.169138181954622 0.16961378082633 0.169179125130177 0.169434748962522 0.168856042250991 0.168422870337963 0.169004904106259 0.171557506546378 0.173611663654447 0.175533006712794 0.175884384661913 0.176705580949783
-9999 -9999 -9999 -9999 -9999 -9999 0.457535320520401 0.446956914663315 0.440157461166382 0.466503119468689 0.451821047067642 0.457325077056885 0.480555361509323 0.481972247362137 0.426206701993942 0.439174991846085 0.458780491352081 0.360985344648361 0.360016089677811 0.35922654569149 0.35804198384285 0.361181509494782 0.364300388097763 0.37886760532856 0.399362969398499 0.398321506381035 0.397603812813759 0.395726662874222 0.39432527422905 0.392618757486343 0.3898761510849 0.387648272514343 0.384032028913498 0.381848898530006 0.380589297413826 0.378133293986321 0.378579181432724 0.360186511278152 0.361621847748756 0.204916731268168 0.172464314103127 0.17581280618906 0.178079104423523 0.17927253395319 0.193867421150208 0.190210807323456 0.187303511798382 0.184918993711472 0.183354718983173 0.182493583858013 0.182692629098892 0.184320253133774 0.186742322146893 0.189540521800518 0.241578631103039 0.451252198219299
-9999 -9999 -9999 -9999 -9999 0.403450179100037 0.458646208047867 0.449011075496674 0.456848561763763 0.457072246074677 0.437603557109833 0.460194307565689 0.490378069877625 0.499659997224808 0.428412717580795 0.442561888694763 0.391947621107101 0.375695693492889 0.378735494613647 0.376361131668091 0.391243600845337 0.393203842639923 0.412696021795273 0.413252067565918 0.412272548675537 0.412227967381477 0.411738792061806 0.41260561645031 0.412906169891357 0.410683444142342 0.410190215706825 0.407706496119499 0.40612054169178 0.404718562960625 0.40185803771019 0.401138791441917 0.398987540602684 0.398428875207901 0.398336133360863 0.399521672725678 0.182013654708862 0.201772144436836 0.199489548802376 0.195163895189762 0.189551587402821 0.183581446111202 0.180557377636433 0.176890452206135 0.174982817471027 0.173945188522339 0.173139180243015 0.175448426604271 0.177276907861233 0.179804253578186 0.425898873806 0.429698312282562
-9999 -9999 -9999 -9999 -9999 0.491182458400726 0.48185493350029 0.46621327996254 0.467721605300903 0.458119457960129 0.450614374876022 0.465861535072327 0.485967230796814 0.49615889787674 0.503783923387527 0.448251432180405 0.390352928638458 0.402435481548309 0.392362529039383 0.411967253684998 0.411955589056015 0.414392441511154 0.418555998802185 0.420440232753754 0.421852028369904 0.490401524305344 0.490311801433563 0.490676289796829 0.491040730476379 0.491271209716797 0.490210795402527 0.488586038351059 0.486591202020645 0.485152316093445 0.483661109209061 0.481317681074142 0.478853607177734 0.475841361284256 0.472926038503647 0.469098800420761 0.203617118299007 0.200299699604511 0.19388277977705 0.189362482726574 0.183341512084007 0.177028150856495 0.172297114133835 0.166261927783489 0.164025780558586 0.162373740971088 0.161873610317707 0.164542971551418 0.165814572572708 0.399209147691727 0.401711815595627 0.403937143087387
-9999 -9999 -9999 -9999 -9999 -9999 0.499277091026306 0.502980601787567 0.478388786315918 0.468098735809326 0.431525933742523 0.442078417539597 0.466782832145691 0.476276367902756 0.487580370903015 0.482506692409515 0.459818381071091 0.40069967508316 0.408142429590225 0.410178130865097 0.407578772306442 0.482226353883743 0.484844326972961 0.48760113120079 0.49003399014473 0.489634388685226 0.490783476829529 0.491104245185852 0.492879062891006 0.494737422466278 0.495334905385971 0.496200931072235 0.494155883789062 0.493060672283173 0.491647839546204 0.48863023519516 0.484332704544067 0.478238236904144 0.472640115022659 0.466138589382172 0.458049273490906 0.196099647879601 0.187985043227673 0.182715500891209 0.176734459400177 0.169761835038662 0.165009887516499 0.160703882575035 0.155219201743603 0.152337242662907 0.151175962388515 0.149596370756626 0.366871380805969 0.371553951501846 0.371917027235031 0.373142546415329
-9999 -9999 -9999 -9999 -9999 -9999 0.521561920642853 0.515052819252014 0.506287568807602 0.46187447309494 0.379805487394333 0.401512283086777 0.425125509500504 0.433828145265579 0.45364762544632 0.483589494228363 0.517832046747208 0.467113786935806 0.210983300209045 0.210734316706657 0.476785314083099 0.476375275850296 0.476832395792007 0.4789903819561 0.483246284723282 0.4852647960186 0.484566229581833 0.483699929714203 0.485018545389175 0.487724524736404 0.490452265739441 0.491345000267029 0.491723531484604 0.492248147726059 0.490899044275284 0.486666351556778 0.481306624412537 0.474720352888107 0.468184423446655 0.46089038848877 0.452524483203888 0.238840280473232 0.185544274747372 0.178747934103012 0.173009945452213 0.166740228235722 0.160595987737179 0.154340919852257 0.149381616711617 0.1448106944561 0.141570385545492 0.34568053483963 0.343579000234604 0.341192048788071 0.337162244319916 0.333516621589661
-9999 -9999 -9999 -9999 -9999 -9999 0.503898775577545 0.519533210992813 0.510942316055298 0.462265580892563 0.342246162891388 0.351048564910889 0.374755257368088 0.385359591245651 0.41115825176239 0.448696565628052 0.504189246892929 0.45435728430748 0.200217431783676 0.213233363628387 0.47429946064949 0.471486300230026 0.468926179409027 0.471069049835205 0.477211052179337 0.480015218257904 0.478907763957977 0.475661116838455 0.476363152265549 0.479718369245529 0.482101994752884 0.482249987125397 0.481214314699173 0.481026917695999 0.479782313108444 0.478073298931122 0.473023915290833 0.466871231794357 0.461012554168701 0.453211945295334 0.446008306741714 0.436194032430649 0.42659564614296 0.416267687082291 0.21184743642807 0.163268004357815 0.155631111562252 0.148664893209934 0.142809255421162 0.13621681407094 0.131973147392273 0.330142432451248 0.322803944349289 0.316417306661606 0.306060808897018 0.299387300014496
-9999 -9999 -9999 -9999 -9999 -9999 -9999 -9999 0.465228569507599 0.467317926883697 0.329986935853958 0.32550864815712 0.335225105285645 0.339684271812439 0.366032803058624 0.412403947114944 0.487763327360153 0.456841564178467 0.212395802140236 0.215749132633209 0.470358473062515 0.464171898365021 0.436058080196381 0.43827218413353 0.468663394451141 0.47187043428421 0.470567405223846 0.467559027671814 0.468138766288757 0.470353436470032 0.471073001623154 0.205777132511139 0.204335543513298 0.203881639242172 0.203547689318657 0.202371554076672 0.247551082074642 0.453427648544312 0.448130011558533 0.442553102970123 0.436162608861923 0.428117859363556 0.419415378570557 0.410843306779861 0.401746100187302 0.39074541926384 0.376009768247604 0.362731730937958 0.350608694553375 0.338163012266159 0.327720719575882 0.319540560245514 0.312171185016632 0.298767244815826 0.285544139146805 0.272993519902229
-9999 -9999 -9999 -9999 -9999 -9999 -9999 -9999 0.480453491210938 0.435861539840698 0.338362205028534 0.30954777598381 0.305415999889374 0.300858971476555 0.330096209049225 0.376201695203781 0.470432317256927 0.474296581745148 0.211671632528305 0.211470597982407 0.464548891782761 0.437063747644424 0.396878230571747 0.161378417909145 0.434058779478073 0.459481036663055 0.454031383991241 0.43298345208168 0.435689628124237 0.456128376722336 0.199981865286827 0.19911350607872 0.196925738453865 0.195772713422775 0.194686545431614 0.19311541467905 0.190536361932755 0.187627770006657 0.185051612555981 0.428981912136078 0.424172133207321 0.417082166671753 0.410005003213882 0.403258335590363 0.395078593492508 0.387193518877029 0.375058436393738 0.360370117425919 0.345629036426544 0.330619764328003 0.31966769695282 0.307873582839966 0.2983667075634 0.281556904315948 0.264023011922836 0.308453279733658
-9999 -9999 -9999 -9999 -9999 -9999 -9999 -9999 -9999 0.432844996452332 0.369482356309891 0.320858716964722 0.28385104238987 0.268503299355507 0.295573303103447 0.346057265996933 0.441750651597977 0.44369860291481 0.190057730674744 0.190062859654427 0.435654366016388 0.402123063802719 0.350312113761902 0.138463033735752 0.397091424465179 0.422391521930695 0.417920404672623 0.403511732816696 0.166843314468861 0.175209686160088 0.182216484844685 0.182168617844582 0.178616991639137 0.18144589215517 0.18791229724884 0.185806387662888 0.183184614777565 0.179650896787643 0.177103537321091 0.175103221833706 0.413386625051498 0.407573735713959 0.401110643148422 0.395044004917145 0.390390652418137 0.383195966482162 0.370959806442261 0.356329619884491 0.340946996212006 0.325713509321213 0.311307442188263 0.298211812973022 0.279706165194511 0.261288231611252 0.281164464354515 0.288130861520767
-9999 -9999 -9999 -9999 -9999 -9999 -9999 -9999 -9999 -9999 0.365392911434174 0.332531160116196 0.2712915122509 0.2526815533638 0.273451533913612 0.318110531568527 0.408065032958984 0.462671917676926 0.163940078020096 0.408554798364639 0.403726607561111 0.378259968757629 0.272442132234573 0.094158735871315 0.347668579220772 0.387665575742722 0.386738103628159 0.375859171152115 0.152941112220287 0.159581902623177 0.164239154756069 0.16429571211338 0.159992533922195 0.160877208411694 0.16477614492178 0.167425817251205 0.168655720353127 0.167866532504559 0.170091226696968 0.16788521707058 0.165116988122463 0.396091860532761 0.391194945573807 0.386569780111313 0.381298363208771 0.374830198287964 0.36328347325325 0.348738241195679 0.334057009220123 0.316217875480652 0.286677291989326 0.265684875845909 0.245421829819679 0.228034242987633 0.274245262145996 0.259447383880615
-9999 -9999 -9999 -9999 -9999 -9999 -9999 -9999 -9999 -9999 -9999 0.310403364896774 0.271673142910004 0.236070224642754 0.247469601035118 0.293005961179733 0.364457643032074 0.397229158878326 0.273828789591789 0.372359347343445 0.375475549697876 0.338719695806503 0.258022141456604 0.253474831581116 0.266239562630653 0.305316862463951 0.336268782615662 0.334529033303261 0.134393519163132 0.146851229667664 0.149656443297863 0.149997395277023 0.147317686676979 0.146701611578465 0.146716479957104 0.145307539403439 0.146850293874741 0.14586381316185 0.147583168745041 0.150159360468388 0.151007628440857 0.380286079645157 0.378386431932449 0.37507398724556 0.371862143278122 0.365168398618698 0.354131633043289 0.340120822191238 0.324029392004013 0.29449560046196 0.265131333470345 0.247499084472656 0.231162437796593 0.216870594024658 0.236600026488304 0.234313374757767
