meets/meet004/_saidas_enm/ensemble_aver_Aralia_warmingiana_CCSM_0k_Maha.asc
NCOLS 154 
NROWS 168 
XLLCORNER -112 
YLLCORNER -55.5 
CELLSIZE 0.5 
NODATA_value -9999 
[rows 100 to 124 of 168, columns 56 to 111 of 154]
-9999 -9999 -9999 -9999 -9999 -9999 -9999 -9999 -9999 -9999 -9999 -9999 -9999 -9999 -9999 -9999 -9999 -9999 -9999 -9999 -9999 -9999 -9999 -9999 -9999 -9999 -9999 -9999 -194.645230102539 -137.556623840332 -143.41936340332 -196.183709716797 -252.283724975586 -285.115216064453 -276.777597045898 -228.844387817383 -183.829876708984 -132.581288146973 -74.2466430664062 -24.0505989074707 -3.22334666252136 -2.72467513084412 -4.62819924354553 -9.48471984863281 -12.2626547813416 -11.505090713501 -9.40433034896851 -6.99478507041931 -5.21161358356476 -3.73835850059986 -2.85920673534274 -2.34249294698238 -1.77972651720047 -0.993018138408661 -0.376024666428566 -0.586148616671562
-9999 -9999 -9999 -9999 -9999 -9999 -9999 -9999 -9999 -9999 -9999 -9999 -9999 -9999 -9999 -9999 -9999 -9999 -9999 -9999 -9999 -9999 -9999 -9999 -9999 -9999 -9999 -9999 -204.102658081055 -142.686575317383 -160.80046081543 -203.881616210937 -242.734231567383 -266.111740112305 -256.532968139648 -217.256088256836 -169.420690917969 -119.999140930176 -64.4569488525391 -18.659610748291 -3.54589796066284 -4.68996047973633 -5.96935648918152 -11.1381026268005 -12.7250535011291 -11.8629984855652 -9.26329116821289 -7.80414381027222 -6.02361421585083 -3.59367418885231 -2.81832134090364 -2.38755224347115 -1.78140056729317 -1.17858799099922 -0.731855317950249 -0.953040871024132
-9999 -9999 -9999 -9999 -9999 -9999 -9999 -9999 -9999 -9999 -9999 -9999 -9999 -9999 -9999 -9999 -9999 -9999 -9999 -9999 -9999 -9999 -9999 -9999 -9999 -9999 -9999 -188.21930847168 -215.844662475586 -146.770877075195 -157.255934143066 -198.507455444336 -226.541909790039 -241.949758911133 -237.954867553711 -196.028610229492 -155.162733459473 -107.905406188965 -51.016577911377 -13.5076553344727 -3.72449650764465 -5.38049917221069 -7.24294481277466 -11.4821583747864 -12.7961897850037 -11.2670596122742 -8.93127889633179 -7.02117853164673 -5.31774039268494 -3.69713226556778 -2.74005396775901 -2.40473455786705 -2.26820251643658 -1.67206699252129 -1.17105223266408 -1.16420918107033
-9999 -9999 -9999 -9999 -9999 -9999 -9999 -9999 -9999 -9999 -9999 -9999 -9999 -9999 -9999 -9999 -9999 -9999 -9999 -9999 -9999 -9999 -9999 -9999 -9999 -9999 -9999 -193.837869262695 -213.88205871582 -144.559045410156 -156.896353149414 -196.173147583008 -214.556777954102 -224.932693481445 -222.866467285156 -184.512097167969 -140.114363098145 -94.1376419067383 -39.4410430908203 -10.2311113357544 -3.9543993473053 -6.6369818687439 -8.74173097610474 -12.1516988754272 -12.7696784973145 -11.4577948570251 -9.050075340271 -6.78346405029297 -5.21446309089661 -4.17111577987671 -3.20324815511704 -2.65812091827393 -2.57268169559538 -2.03232981860638 -1.5017673894763 -1.51908800601959
-9999 -9999 -9999 -9999 -9999 -9999 -9999 -9999 -9999 -9999 -9999 -9999 -9999 -9999 -9999 -9999 -9999 -9999 -9999 -9999 -9999 -9999 -9999 -9999 -9999 -9999 -9999 -194.945388793945 -202.262399291992 -141.827406311035 -157.803500366211 -196.926693725586 -214.377090454102 -217.419387817383 -213.593707275391 -176.051501464844 -128.554103088379 -74.2627105712891 -26.9240501403809 -7.85757875442505 -4.70527219772339 -8.20232019424438 -9.98902053833008 -12.233198928833 -12.9746635437012 -11.7577980041504 -9.47302904129028 -7.39312028884888 -5.85742535591126 -4.70423007011414 -3.8017062664032 -3.12232768535614 -2.6915263235569 -2.13919227719307 -1.65632540583611 -2.06691553592682
-9999 -9999 -9999 -9999 -9999 -9999 -9999 -9999 -9999 -9999 -9999 -9999 -9999 -9999 -9999 -9999 -9999 -9999 -9999 -9999 -9999 -9999 -9999 -9999 -9999 -9999 -9999 -183.7318359375 -190.202716064453 -142.1755859375 -165.872973632812 -206.340139770508 -222.783190917969 -221.255752563477 -214.398959350586 -178.206719970703 -122.152409362793 -61.0320266723633 -20.779167175293 -7.24663400650024 -5.48949394226074 -9.5417142868042 -11.2213895797729 -12.5310028076172 -12.7466896057129 -11.7214836120605 -9.73542003631592 -8.17598495483398 -6.81166324615478 -5.97761058807373 -4.93582067489624 -3.97237176895142 -3.19644117355347 -2.50672345161438 -1.98395580053329 -2.00106642246246
-9999 -9999 -9999 -9999 -9999 -9999 -9999 -9999 -9999 -9999 -9999 -9999 -9999 -9999 -9999 -9999 -9999 -9999 -9999 -9999 -9999 -9999 -9999 -9999 -9999 -9999 -9999 -164.288766479492 -171.029141235352 -146.706063842773 -183.625942993164 -220.676235961914 -236.893597412109 -231.362612915039 -221.119033813477 -188.143072509766 -121.789559936523 -56.2036689758301 -20.4484893798828 -5.89964179992676 -5.32159605026245 -10.688159942627 -12.1293046951294 -12.3470310211182 -12.1901224136353 -11.1857372283936 -10.0788230895996 -9.15500984191894 -8.33574943542481 -7.75959634780884 -6.83907375335693 -5.31834664344788 -4.19875521659851 -3.18383073806763 -2.61983180046082 -1.75319316387177
-9999 -9999 -9999 -9999 -9999 -9999 -9999 -9999 -9999 -9999 -9999 -9999 -9999 -9999 -9999 -9999 -9999 -9999 -9999 -9999 -9999 -9999 -9999 -9999 -9999 -9999 -9999 -138.58824005127 -155.351397705078 -155.222451782227 -204.015725708008 -237.255520629883 -248.373031616211 -239.45852355957 -226.004974365234 -196.740640258789 -125.573336791992 -55.8233596801758 -22.5876953125 -5.87230911254883 -5.77687358856201 -11.8321491241455 -13.5592363357544 -13.1691993713379 -12.3330238342285 -11.3158525466919 -10.3987499237061 -9.67354850769043 -9.32418613433838 -9.25343761444092 -8.93345432281494 -7.36433706283569 -5.71036081314087 -4.31107234954834 -3.07656502723694 -1.92141971588135
-9999 -9999 -9999 -9999 -9999 -9999 -9999 -9999 -9999 -9999 -9999 -9999 -9999 -9999 -9999 -9999 -9999 -9999 -9999 -9999 -9999 -9999 -9999 -9999 -9999 -9999 -9999 -115.902227783203 -134.40866394043 -163.528979492187 -226.628549194336 -247.937258911133 -256.035681152344 -239.976635742188 -224.564920043945 -207.602703857422 -127.085087585449 -58.4135215759277 -23.7883373260498 -7.05117626190186 -7.14032373428345 -13.2553447723389 -14.7220327377319 -14.7607522964478 -13.7831087112427 -12.5113412857056 -11.2121904373169 -10.2795139312744 -9.9202054977417 -10.5162481307983 -10.0440006256104 -8.54359378814697 -6.81318702697754 -4.98228645324707 -3.66304936408997 -2.12454483509064
-9999 -9999 -9999 -9999 -9999 -9999 -9999 -9999 -9999 -9999 -9999 -9999 -9999 -9999 -9999 -9999 -9999 -9999 -9999 -9999 -9999 -9999 -9999 -9999 -9999 -9999 -9999 -105.181968688965 -128.049102783203 -166.238647460938 -219.78747253418 -238.787411499023 -238.339459228516 -218.417208862305 -204.584753417969 -188.86337890625 -115.888626098633 -59.121996307373 -24.4507038116455 -8.52223968505859 -8.62492933273315 -14.8592134475708 -15.9999046325684 -16.2523199081421 -15.2976108551025 -14.128516960144 -12.9960334777832 -12.1930944442749 -11.2986783981323 -11.049701499939 -10.5078495025635 -9.45477390289307 -7.85008344650269 -6.01371965408325 -4.61596708297729 -2.83327436447144
-9999 -9999 -9999 -9999 -9999 -9999 -9999 -9999 -9999 -9999 -9999 -9999 -9999 -9999 -9999 -9999 -9999 -9999 -9999 -9999 -9999 -9999 -9999 -9999 -9999 -9999 -75.8232711791992 -101.541874694824 -123.478005981445 -162.345953369141 -207.126147460937 -214.732266235352 -212.325039672852 -185.23352355957 -172.487564086914 -168.76955871582 -96.3821884155273 -54.2114570617676 -27.4328937530518 -10.559819984436 -12.0094486236572 -16.7925922393799 -17.9611862182617 -17.6511234283447 -17.1068597793579 -16.0298957824707 -14.8517013549805 -13.9090467453003 -12.7534805297852 -11.8704122543335 -10.861462020874 -9.79803218841553 -8.98007726669312 -7.33567972183228 -5.760471534729 -4.07169184684753
-9999 -9999 -9999 -9999 -9999 -9999 -9999 -9999 -9999 -9999 -9999 -9999 -9999 -9999 -9999 -9999 -9999 -9999 -9999 -9999 -9999 -9999 -9999 -9999 -9999 -9999 -75.9677429199219 -98.2171844482422 -123.544525146484 -153.491030883789 -175.916976928711 -184.451062011719 -180.649099731445 -148.925860595703 -127.356480407715 -107.463858032227 -66.8620292663574 -36.4358016967773 -21.6678047180176 -13.5774259567261 -15.156530380249 -19.3809741973877 -20.1297550201416 -20.0277435302734 -19.403784942627 -18.3001037597656 -16.740761756897 -15.1669298171997 -13.635237121582 -12.4867095947266 -11.4539207458496 -10.3873538970947 -9.27648296356201 -7.57650127410889 -6.32565279006958 -4.89391798973084
-9999 -9999 -9999 -9999 -9999 -9999 -9999 -9999 -9999 -9999 -9999 -9999 -9999 -9999 -9999 -9999 -9999 -9999 -9999 -9999 -9999 -9999 -9999 -9999 -9999 -9999 -75.0703872680664 -103.941400146484 -132.140173339844 -147.411904907227 -149.988845825195 -150.896214294434 -151.859234619141 -113.055557250977 -82.5376266479492 -66.179963684082 -41.9554695129395 -22.5472229003906 -17.455411529541 -17.7349346160889 -20.589306640625 -22.3055461883545 -22.6086696624756 -22.3058692932129 -21.8066890716553 -21.3737014770508 -18.8767467498779 -16.3388000488281 -14.2149202346802 -13.2797079086304 -12.2353057861328 -10.8283514022827 -9.25355987548828 -7.62425651550293 -6.91089200973511 -5.58583889007568
-9999 -9999 -9999 -9999 -9999 -9999 -9999 -9999 -9999 -9999 -9999 -9999 -9999 -9999 -9999 -9999 -9999 -9999 -9999 -9999 -9999 -9999 -9999 -9999 -9999 -9999 -77.2852432250977 -122.011016845703 -151.347608947754 -147.268461608887 -125.885527038574 -115.2353515625 -97.273454284668 -65.5296142578125 -46.4968444824219 -41.5281257629395 -29.8717094421387 -19.2573566436768 -19.9907329559326 -23.4949192047119 -25.2343818664551 -25.4480438232422 -24.5295948028564 -24.0480094909668 -24.1687606811523 -23.6699714660645 -21.0489883422852 -17.9223785400391 -15.335082244873 -14.0435430526733 -13.0655696868896 -11.6364091873169 -10.2153234481812 -8.58176717758179 -7.54008932113647 -6.42429761886597
-9999 -9999 -9999 -9999 -9999 -9999 -9999 -9999 -9999 -9999 -9999 -9999 -9999 -9999 -9999 -9999 -9999 -9999 -9999 -9999 -9999 -9999 -9999 -9999 -9999 -40.3541519165039 -84.5379119873047 -148.618957519531 -174.759481811523 -140.286358642578 -109.662788391113 -83.0725814819336 -55.3237197875977 -33.5384788513184 -31.0465076446533 -48.3131896972656 -32.26545753479 -22.1919101715088 -26.711075592041 -29.3214862823486 -31.8636505126953 -28.9029216766357 -26.8875049591064 -25.8427745819092 -26.6825637817383 -27.7596046447754 -23.4322406768799 -19.6250312805176 -16.4651294708252 -15.1004560470581 -13.9956802368164 -12.3685237884521 -11.4308023452759 -9.94258270263672 -8.91113147735596 -7.90307922363281
-9999 -9999 -9999 -9999 -9999 -9999 -9999 -9999 -9999 -9999 -9999 -9999 -9999 -9999 -9999 -9999 -9999 -9999 -9999 -9999 -9999 -9999 -9999 -9999 -9999 -53.3622161865234 -92.4064025878906 -144.444071960449 -159.766638183594 -126.154895019531 -90.5103286743164 -58.1691093444824 -31.902795791626 -19.3535015106201 -28.7153961181641 -40.0606491088867 -35.0900413513184 -29.6757717132568 -32.207426071167 -32.9534523010254 -33.1521213531494 -30.2936889648437 -28.2687030792236 -27.1343688964844 -28.0514587402344 -28.7520164489746 -25.1244606018066 -21.5110260009766 -18.0051483154297 -15.9069091796875 -14.6429100036621 -13.1442758560181 -12.0473550796509 -10.5381834030151 -9.43606433868408 -8.52892684936523
-9999 -9999 -9999 -9999 -9999 -9999 -9999 -9999 -9999 -9999 -9999 -9999 -9999 -9999 -9999 -9999 -9999 -9999 -9999 -9999 -9999 -9999 -9999 -9999 -9999 -57.9091468811035 -95.0887252807617 -139.185078430176 -144.778344726562 -108.595678710938 -76.0755722045898 -42.9415725708008 -20.9062183380127 -19.5629722595215 -30.6791706085205 -42.2719024658203 -37.2617538452148 -32.3789081573486 -32.8345600128174 -31.7295024871826 -32.6232398986816 -29.774284362793 -27.9426620483398 -27.0080940246582 -27.9071781158447 -29.3646907806396 -25.5388416290283 -22.3590671539307 -19.1108158111572 -16.8467353820801 -15.1813323974609 -13.534450340271 -12.433055305481 -11.0189231872559 -10.0642692565918 -9.02186450958252
-9999 -9999 -9999 -9999 -9999 -9999 -9999 -9999 -9999 -9999 -9999 -9999 -9999 -9999 -9999 -9999 -9999 -9999 -9999 -9999 -9999 -9999 -9999 -9999 -9999 -52.2049499511719 -91.171516418457 -129.950134277344 -128.902941894531 -95.6342590332031 -60.8594223022461 -33.5048328399658 -20.5091621398926 -22.3054683685303 -32.5009925842285 -40.0614028930664 -36.8299354553223 -30.399195098877 -28.5011402130127 -28.9099727630615 -29.3439315795898 -27.8855278015137 -26.6161590576172 -26.2071189880371 -26.874195098877 -26.8653053283691 -25.1272590637207 -22.470959854126 -19.6129085540771 -17.3881252288818 -15.7292192459106 -14.0208511352539 -12.7277599334717 -11.2538578033447 -10.3710622787476 -9.75935173034668
-9999 -9999 -9999 -9999 -9999 -9999 -9999 -9999 -9999 -9999 -9999 -9999 -9999 -9999 -9999 -9999 -9999 -9999 -9999 -9999 -9999 -9999 -9999 -9999 -9999 -46.7025352478027 -85.4971252441406 -125.201962280273 -120.062623596191 -84.6445388793945 -53.5315391540527 -29.2947147369385 -22.7194515228271 -26.1507102966309 -35.27568359375 -42.0333396911621 -38.2272994995117 -33.4355579376221 -31.1328224182129 -29.8263698577881 -29.4723453521729 -27.4608222961426 -26.7182140350342 -26.7844127655029 -27.4446231842041 -27.0009208679199 -24.9476055145264 -22.5287178039551 -20.0430519104004 -17.9824264526367 -16.2687696456909 -14.3670471191406 -13.0299903869629 -11.6632520675659 -10.9786518096924 -10.3388021469116
-9999 -9999 -9999 -9999 -9999 -9999 -9999 -9999 -9999 -9999 -9999 -9999 -9999 -9999 -9999 -9999 -9999 -9999 -9999 -9999 -9999 -9999 -9999 -9999 -9999 -49.3117362976074 -84.3333099365234 -120.668717956543 -113.268411254883 -77.0782730102539 -45.7630401611328 -29.2122718811035 -26.8241638183594 -30.9489406585693 -38.3516647338867 -43.0915573120117 -39.8504402160645 -36.6055099487305 -34.6777763366699 -32.5006942749023 -30.5840133666992 -28.6279270172119 -28.943270111084 -29.3605155944824 -28.4093425750732 -26.7689430236816 -25.2108486175537 -23.1048728942871 -20.9491775512695 -18.7250507354736 -16.7094408035278 -14.9530033111572 -13.6231981277466 -12.2265810012817 -11.3194658279419 -10.6165205001831
-9999 -9999 -9999 -9999 -9999 -9999 -9999 -9999 -9999 -9999 -9999 -9999 -9999 -9999 -9999 -9999 -9999 -9999 -9999 -9999 -9999 -9999 -9999 -9999 -9999 -48.7339920043945 -82.71044921875 -122.669250488281 -113.798904418945 -72.3692558288574 -43.2050109863281 -30.827522277832 -29.775806427002 -33.3518535614014 -38.2422729492188 -42.2291534423828 -39.7810325622559 -38.0079872131348 -36.644116973877 -34.6089637756348 -32.3823829650879 -29.9853561401367 -30.8423366546631 -31.2430435180664 -29.3628219604492 -27.0091323852539 -25.4665168762207 -23.7066780090332 -21.8956600189209 -19.6829387664795 -17.5443584442139 -15.6900194168091 -14.3087511062622 -12.8939929962158 -11.9732685089111 -11.0677589416504
-9999 -9999 -9999 -9999 -9999 -9999 -9999 -9999 -9999 -9999 -9999 -9999 -9999 -9999 -9999 -9999 -9999 -9999 -9999 -9999 -9999 -9999 -9999 -9999 -9999 -48.4999809265137 -82.340153503418 -127.077867126465 -118.064906311035 -75.1976776123047 -45.6602767944336 -34.0767700195313 -31.7496231079102 -33.1074684143066 -36.228401184082 -38.1744201660156 -38.741934967041 -38.1577026367188 -37.4901832580566 -36.3023231506348 -34.1296466827393 -31.4029502868652 -31.6384155273437 -31.9156105041504 -30.0238536834717 -27.5561401367187 -26.0809646606445 -24.4383853912354 -22.6221988677979 -20.8028224945068 -18.737979888916 -16.5701391220093 -14.9030210494995 -13.4956901550293 -12.5592763900757 -11.8221139907837
-9999 -9999 -9999 -9999 -9999 -9999 -9999 -9999 -9999 -9999 -9999 -9999 -9999 -9999 -9999 -9999 -9999 -9999 -9999 -9999 -9999 -9999 -9999 -9999 -9999 -47.6379570007324 -79.32373046875 -126.142929077148 -123.362219238281 -79.8262542724609 -48.9679977416992 -37.0730506896973 -34.1397342681885 -34.1345916748047 -36.3060478210449 -38.5872367858887 -39.5424621582031 -39.5061721801758 -38.9945083618164 -37.9310234069824 -35.6827423095703 -32.6434482574463 -32.3860687255859 -32.513695526123 -30.895777130127 -28.6399070739746 -27.0130912780762 -25.4588356018066 -23.4494709014893 -21.4856201171875 -19.3759693145752 -17.1469156265259 -15.4559303283691 -14.0530982971191 -13.0746322631836 -12.2447834014893
-9999 -9999 -9999 -9999 -9999 -9999 -9999 -9999 -9999 -9999 -9999 -9999 -9999 -9999 -9999 -9999 -9999 -9999 -9999 -9999 -9999 -9999 -9999 -9999 -9999 -48.4045188903809 -78.8162811279297 -123.250688171387 -126.081632995605 -87.0189483642578 -54.4519416809082 -40.9995796203613 -37.3083076477051 -35.6520294189453 -37.7065490722656 -40.3408317565918 -40.9094047546387 -41.2187721252441 -40.4606430053711 -38.6655227661133 -36.6407615661621 -33.6616374969482 -33.0812885284424 -33.077481842041 -32.030472946167 -30.4624839782715 -28.57258644104 -26.7237258911133 -24.4698417663574 -22.1586326599121 -19.5849609375 -17.8351009368896 -16.3554571151733 -14.9591968536377 -14.1404457092285 -12.8435752868652
-9999 -9999 -9999 -9999 -9999 -9999 -9999 -9999 -9999 -9999 -9999 -9999 -9999 -9999 -9999 -9999 -9999 -9999 -9999 -9999 -9999 -9999 -9999 -9999 -56.2652320861816 -51.5516693115234 -78.7155891418457 -122.78798828125 -132.608403015137 -97.4481002807617 -62.0075897216797 -46.0122161865234 -40.4012481689453 -37.1330116271973 -38.2939430236816 -40.7492530822754 -40.9762825012207 -40.799649810791 -39.8015975952148 -38.1301513671875 -36.5773880004883 -34.3038757324219 -33.8816902160645 -33.7027587890625 -32.9570106506348 -31.770051574707 -30.0817848205566 -28.2832763671875 -26.0649429321289 -23.7741027832031 -21.2235729217529 -19.4199649810791 -17.9869548797607 -16.8785779953003 -17.1742677688599 -17.3290628433228
