meets/meet004/_saidas_enm/ensemble_aver_Aralia_warmingiana_CCSM_6k_Gower.asc
NCOLS 154 
NROWS 168 
XLLCORNER -112 
YLLCORNER -55.5 
CELLSIZE 0.5 
NODATA_value -9999 
[rows 54 to 80 of 168, columns 60 to 119 of 154]
-9999 -9999 -9999 -9999 -9999 -9999 0 0 0 0 0 0 0 0 0 0 0 0 0 0 0 0 0 0 0 0 0 0 0 0 0 0 0 0 0 0 0 0 0 0 0 0.102454735338688 0.290709894895554 0.524143326282501 0.501386034488678 0.425394636392593 0.369724476337433 0.28982440829277 0.214683800935745 0.156978651881218 0.0913565948605537 0.274705654382706 0.456482583284378 0.564634716510773 0.612567567825317 0.616044175624847 0.616229569911957 0.63334641456604 0.633515155315399 0.539074611663818
-9999 -9999 -9999 -9999 0 0 0 0 0 0 0 0 0 0 0 0 0 0 0 0 0 0 0 0 0 0 0 0 0 0 0 0 0 0 0 0 0 0 0 0 0.138154345750809 0.370596379041672 0.477111172676086 0.3957239985466 0.321649038791657 0.249640655517578 0.179790896177292 0.118063595890999 0.0519685335457325 0.0107473252341151 0 0.189591780304909 0.416324138641357 0.560614848136902 0.618202233314514 0.648330140113831 0.655366742610931 0.666613757610321 0.62864773273468 0.537202310562134
-9999 -9999 -9999 -9999 0 0 0 0 0 0 0 0 0 0 0 0 0 0 0 0 0 0 0 0 0 0 0 0 0 0 0 0 0 0 0 0 0 0 0.0113890247419477 0.144552516937256 0.310236275196075 0.308164846897125 0.212294328212738 0.129165497422218 0.0515704318881035 0 0 0 0 0 0 0.0790990300476551 0.335874533653259 0.523366868495941 0.608069443702698 0.652086508274078 0.675511717796326 0.68077290058136 0.644816696643829 0.518655228614807
-9999 -9999 -9999 0 0 0 0 0.131162279844284 0.180337163805962 0 0 0 0 0 0 0 0 0 0 0 0 0 0 0 0 0 0 0 0 0 0 0 0 0 0 0 0 0.000222676969133317 0.0768170244991779 0.113005739450455 0.0397184111177921 0 0 0 0 0 0 0 0 0 0 0 0.24400078356266 0.469099700450897 0.565492188930511 0.633046746253967 0.664987730979919 0.671067976951599 0.640269780158997 0.512229555845261
-9999 -9999 -9999 0 0 0 0.251325243711472 0.309122306108475 0.281867027282715 0.080641508102417 0 0 0 0 0 0 0 0 0 0 0 0 0 0 0 0 0 0 0 0 0 0 0 0 0 0 0 0 0 0 0 0 0 0 0 0 0 0 0 0 0 0 0.131367206573486 0.380314749479294 0.499928748607635 0.56781690120697 0.613410270214081 0.629456675052643 0.625186860561371 0.515806967020035
-9999 -9999 0 0 0 0.131313505768776 0.438939768075943 0.375824302434921 0.14734907746315 0.0198058844776824 0 0 0 0 0 0 0 0 0 0 0 0 0 0 0 0 0 0 0 0 0 0 0 0 0 0 0 0 0 0 0 0 0 0 0 0 0 0 0 0 0 0 0.00943836998194456 0.253719758987427 0.389849996566772 0.491034096479416 0.534497034549713 0.561202323436737 0.539250886440277 0.457039248943329
-9999 -9999 0 0 0.106107088923454 0.407156705856323 0.569844079017639 0.412661623954773 0.135576644539833 0.0573035813868046 0.00144886467605829 0 0 0 0 0 0 0 0 0 0 0 0 0 0 0 0 0 0 0 0 0 0 0 0 0 0 0 0 0 0 0 0 0 0 0 0 0 0 0 0 0 0 0.0777439758181572 0.217505320906639 0.325476413965225 0.393902254104614 0.420378828048706 0.402645963430405 0.303705382347107
-9999 -9999 0 0.0382862083613873 0.392693853378296 0.550286138057709 0.646023106575012 0.492956250905991 0.216062206029892 0.262775897979736 0.0823726400732994 0 0 0 0 0 0 0 0 0 0 0 0 0 0 0 0 0 0 0 0 0 0 0 0 0 0 0 0 0 0 0 0 0 0 0 0 0 0 0.000687680739792995 0 0 0 0 0.0244484890252352 0.134498845040798 0.197029960155487 0.235939204692841 0.240752938389778 0.182154899835587
-9999 -9999 -9999 0.107550631463528 0.468790519237518 0.664191651344299 0.648530805110931 0.539531946182251 0.342768257856369 0.355534100532532 0.216451579332352 0.102844800055027 0.0437979357433505 0 0 0 0 0 0 0 0 0 0 0 0 0 0 0 0 0 0 0 0 0 0 0 0 0 0 0 0.013943661050871 0.0430088169872761 0.0853187881410122 0.104690130054951 0.118713076412678 0.138915252685547 0.147944559156895 0.161406347155571 0.161077584326267 0.162125945091248 0.159585130214691 0.139181596040726 0.117000187933445 0.079579558968544 0.0495694008655846 0.0181166809983552 0 0 0 0.0014987702423241
-9999 -9999 -9999 -9999 0.449818515777588 0.703514790534973 0.650548160076141 0.565031659603119 0.400208806991577 0.375047385692596 0.25664636194706 0.165151301026344 0.13085358440876 0.0729316256940365 0.0444658897351474 0.0227119266986847 0.00175276329973713 0 0 0 0 0 0 0 0 0 0 0 0 0 0 0 0 0 0 0 0 0.0196986658498645 0.0758488841354847 0.123309467732906 0.167252025008202 0.214789652824402 0.233244404196739 0.262071952223778 0.238612326979637 0.200332996249199 0.205066066980362 0.251552936434746 0.303261071443558 0.31403951048851 0.300642192363739 0.301758682727814 0.267561861872673 0.25069020986557 0.219042497873306 0.182581293582916 0.159213703870773 0.123578806221485 0.0859931200742722 0.00336720289196819
-9999 -9999 0.0620585352182388 0.334913355112076 0.611904895305634 0.66873779296875 0.634327912330627 0.561925756931305 0.38981881737709 0.409747666120529 0.324286210536957 0.242749020457268 0.196009823679924 0.157939277589321 0.137737792730331 0.125977253913879 0.112441079318523 0.112215094268322 0.109875723719597 0.115935848653316 0.128160835802555 0.130125445127487 0.134969878196716 0.132489089667797 0.131974700093269 0.127088540792465 0.113537657260895 0.102207717299461 0.0830177284777164 0.0719734542071819 0.0665564008057117 0.0559640116989613 0.0638722848147154 0.0701929353177548 0.0861061878502369 0.126161259412766 0.160787737369537 0.211957442760468 0.25767565369606 0.297319275140762 0.340055519342423 0.330139285326004 0.298166561126709 0.258664414286613 0.226779046654701 0.185658511519432 0.175276857614517 0.209598609805107 0.262675458192825 0.34075340628624 0.405349206924438 0.433513873815537 0.428188687562942 0.406014961004257 0.382583832740784 0.3224664747715 0.246543973684311 0.142047168314457 0.0338414441794157 0
-9999 0.0948557958006859 0.314391452074051 0.390157759189606 0.581274521350861 0.587366271018982 0.651817524433136 0.533006203174591 0.342538958787918 0.37081441283226 0.327830231189728 0.279982489347458 0.245959663391113 0.223498919606209 0.21459701359272 0.189668905735016 0.198541742563248 0.198437687754631 0.21792539358139 0.231911239027977 0.238578599691391 0.256027233600616 0.259231290221214 0.274526014924049 0.282097578048706 0.270342424511909 0.271191903948784 0.258465787768364 0.251474618911743 0.244347414374352 0.228379786014557 0.227923968434334 0.226640650629997 0.240934213995934 0.254462438821793 0.283473059535027 0.318092703819275 0.351126277446747 0.39144087433815 0.356510490179062 0.304656451940536 0.253486728668213 0.236060971021652 0.215430903434753 0.195688971877098 0.165267077088356 0.135037209093571 0.183611536026001 0.217392560839653 0.285397839546204 0.333925491571426 0.359421736001968 0.366811847686768 0.362305253744125 0.339746749401093 0.268525686860085 0.198443296551704 0.110411342978477 0.0093892466975376 0
-9999 0.175034242868423 0.43398090004921 0.37593936920166 0.514205658435822 0.477457970380783 0.501996737718582 0.448788970708847 0.350429230928421 0.336744463443756 0.386648273468018 0.336317145824432 0.295277208089828 0.265803065896034 0.256216451525688 0.266404670476913 0.269433611631393 0.277262708544731 0.294951355457306 0.310733962059021 0.336731165647507 0.353842777013779 0.36981765627861 0.382242500782013 0.39079577922821 0.397345072031021 0.396776449680328 0.394508588314056 0.387427949905396 0.382590854167938 0.379580456018448 0.374122589826584 0.377995467185974 0.381130081415176 0.390490818023682 0.414418643712997 0.436486715078354 0.447725594043732 0.384211575984955 0.326468974351883 0.280387556552887 0.238309410214424 0.216402569413185 0.199239805340767 0.184621512889862 0.169879272580147 0.160422277450562 0.174454313516617 0.205921214818954 0.240585333108902 0.27060261964798 0.279071655869484 0.275850510597229 0.259006199240685 0.229611685872078 0.186001673340797 0.128944292664528 0.062091201171279 0.00317867358680814 0
-9999 -9999 0.442174220085144 0.496689176559448 0.477245765924454 0.391054093837738 0.362263774871826 0.404056376218796 0.358058512210846 0.360485285520554 0.408719700574875 0.367591965198517 0.349487179517746 0.315397214889526 0.314799290895462 0.328523576259613 0.322750151157379 0.344269585609436 0.364114356040955 0.387967401742935 0.415210688114166 0.432513356208801 0.455679416656494 0.472677546739578 0.489311051368713 0.501840513944626 0.503322893381119 0.509113824367523 0.504429143667221 0.504814481735229 0.504597872495651 0.498084676265717 0.503233450651169 0.50344043970108 0.509042233228683 0.52261016368866 0.508993178606033 0.45115612745285 0.38292093873024 0.329547083377838 0.286793825030327 0.242547565698624 0.227763444185257 0.209047690033913 0.188346719741821 0.17190622985363 0.167553108930588 0.171391785144806 0.184958174824715 0.200491800904274 0.210813438892365 0.211862418055534 0.196390226483345 0.171838766336441 0.136817783117294 0.0899890847504139 0.034380603954196 0.000230619730427861 0 0
-9999 -9999 0.31575174331665 0.44562429189682 0.384602969884872 0.373887807130814 0.334922194480896 0.372380286455154 0.392755037546158 0.408788621425629 0.394943356513977 0.375303137302399 0.353588080406189 0.330132842063904 0.359588503837585 0.364599364995956 0.37191498875618 0.383659225702286 0.40925595164299 0.433893328905106 0.463645434379578 0.489824521541595 0.513081985712051 0.532207787036896 0.54487544298172 0.557098865509033 0.565690398216248 0.570304179191589 0.573035955429077 0.574582278728485 0.575898849964142 0.575790643692017 0.576837563514709 0.563774764537811 0.547578299045563 0.536988651752472 0.51568666100502 0.475476682186127 0.416272854804993 0.366350764036179 0.325612092018127 0.288929945230484 0.266105201840401 0.235486555099487 0.207073816657066 0.174048671126366 0.154957962036133 0.160636982321739 0.166673374176025 0.169101941585541 0.166150534152985 0.151533500850201 0.129513169825077 0.0972649328410626 0.0587613612413406 0.0180015466874465 0 0 0 0
-9999 -9999 0.0506868567317724 0.317661261558533 0.304738610982895 0.376753568649292 0.396106511354446 0.424178928136826 0.435014879703522 0.471482056379318 0.417130380868912 0.329095602035522 0.330505967140198 0.332512503862381 0.411630028486252 0.418764823675156 0.409841811656952 0.43457487821579 0.455842435359955 0.487951570749283 0.523798167705536 0.539737665653229 0.563277149200439 0.577516055107117 0.594348168373108 0.61308456659317 0.616665148735046 0.616134428977966 0.607554185390472 0.597528827190399 0.584079122543335 0.569904446601868 0.546477961540222 0.519346785545349 0.50540629029274 0.502796399593353 0.499963957071304 0.486714881658554 0.450222563743591 0.418440198898315 0.381043416261673 0.343170648813248 0.316102224588394 0.269998100399971 0.22284728884697 0.182301217317581 0.155275222659111 0.160914221405983 0.160222899913788 0.154432761669159 0.138448783755302 0.105515563488007 0.0759864412248135 0.0377453219145536 0.00847143977880478 0 0 0 0 0
-9999 -9999 -9999 -9999 0.290862476825714 0.393804794549942 0.542325007915497 0.4182144343853 0.307925763726234 0.326844447851181 0.46432963013649 0.415299355983734 0.353114485740662 0.317471569776535 0.407593071460724 0.454490143060684 0.45947133898735 0.472180676460266 0.497559469938278 0.523297619819641 0.548687708377838 0.574043095111847 0.591751050949097 0.611522150039673 0.615937781333923 0.616211116313934 0.609990727901459 0.591432213783264 0.570078474283218 0.551194685697556 0.537575799226761 0.517630130052567 0.50092521905899 0.481194615364075 0.468786972761154 0.467308855056763 0.464148831367493 0.460283708572388 0.451679980754852 0.447433722019196 0.428082972764969 0.405051791667938 0.3621038377285 0.313096225261688 0.266275396943092 0.231466707587242 0.204096773266792 0.202950295805931 0.187866669893265 0.165734732151031 0.129046769440174 0.0837380208075047 0.0434324560221285 0.00910957921296358 0 0 0 0 0 0
-9999 -9999 -9999 -9999 0.0200293183152098 0.445352882146835 0.549297189712524 0.33576275408268 0.15439775288105 0.152765813469887 0.305860713124275 0.477873456478119 0.427437007427216 0.366464048624039 0.447290223836899 0.509438371658325 0.505461114645004 0.524363481998444 0.534915959835052 0.555860066413879 0.587365078926086 0.605432546138763 0.626186609268188 0.620923638343811 0.61314469575882 0.613219487667084 0.600223064422607 0.572495657205582 0.547039437294006 0.523534715175629 0.503572970628738 0.478699278831482 0.461050719022751 0.444121688604355 0.437572395801544 0.437629008293152 0.438029843568802 0.444213676452637 0.442379653453827 0.446770846843719 0.452180588245392 0.440847992897034 0.412622714042664 0.364259093999863 0.326831430196762 0.293526500463486 0.272096693515778 0.255251541733742 0.223026365041733 0.178038397431374 0.125775875151157 0.07265245616436 0.0306704390794039 0.00250157620757818 0 0 0 0 0 0
-9999 -9999 -9999 -9999 -9999 0.497206103801727 0.628401947021484 0.323009750247002 0.0683095574378967 0.0282219421118498 0.151686522364616 0.44716500043869 0.518122720718384 0.503591781854629 0.502378040552139 0.534445303678513 0.553851842880249 0.561443436145783 0.567116701602936 0.587700641155243 0.607271862030029 0.630190908908844 0.634900462627411 0.619260132312775 0.610467082262039 0.606330299377441 0.58070946931839 0.55670645236969 0.53200426697731 0.513631147146225 0.494422936439514 0.459593969583511 0.44330125451088 0.425567007064819 0.418007659912109 0.425865250825882 0.427051496505737 0.439276945590973 0.447192913293838 0.453189945220947 0.464466887712479 0.459894907474518 0.431358140707016 0.392324417829514 0.369121819734573 0.350687843561172 0.322265946865082 0.281887805461884 0.239519065618515 0.189701914787292 0.129864655435085 0.0724848106503487 0.0312616277486086 0.00492042079567909 0 0 0 0 0 0
-9999 -9999 -9999 -9999 -9999 -9999 0.637686860561371 0.359778499603271 0.0302993059158325 0 0.0710960745811462 0.336616441607475 0.580688405036926 0.591120040416718 0.567134392261505 0.589441692829132 0.604135870933533 0.605879056453705 0.597831797599792 0.596992027759552 0.618385064601898 0.632974433898926 0.628407418727875 0.615718591213226 0.60873738527298 0.590665447711945 0.558055764436722 0.53565588593483 0.513398724794388 0.493245214223862 0.47596743106842 0.457469242811203 0.446738648414612 0.431489741802216 0.424441611766815 0.426371878385544 0.426940405368805 0.442451471090317 0.455545449256897 0.463824760913849 0.471427983045578 0.464621138572693 0.433308207988739 0.38504992723465 0.356475979089737 0.34528511762619 0.328854733705521 0.304264950752258 0.2563620865345 0.204515573382378 0.1460832208395 0.0908520556986332 0.0522142617031932 0.020175077393651 0.00384184345602989 0 0 0 0 0
-9999 -9999 -9999 -9999 -9999 -9999 -9999 0.426560932397842 0.048107647895813 0 0.0220759987831116 0.240600715577602 0.615713846683502 0.629224872589111 0.624300348758698 0.63363116979599 0.631716191768646 0.625216269493103 0.601833558082581 0.593967294692993 0.610496187210083 0.620886182785034 0.619402968883514 0.61076842546463 0.598321640491486 0.579069012403488 0.546332234144211 0.524430137872696 0.49932336807251 0.475356125831604 0.46245568394661 0.442112559080124 0.434831267595291 0.425014752149582 0.422638010978699 0.43365952372551 0.437316250801086 0.452513146400452 0.466399621963501 0.471169006824493 0.475086486339569 0.458754646778107 0.43711884021759 0.401946067810059 0.365403908491135 0.340888911485672 0.314152240753174 0.302174997329712 0.268526208400726 0.223922896385193 0.173427379131317 0.126225949823856 0.0919793203473091 0.0630303513258696 0.0377824258059263 0.0187686200253665 0.00629166141152382 0.000232588965445757 0 0
-9999 -9999 -9999 -9999 -9999 -9999 -9999 0.308207714557648 0.10204343944788 0 0.00187380481511354 0.162082830071449 0.501089113950729 0.657714891433716 0.646179485321045 0.648151814937592 0.644100153446198 0.625544571876526 0.600951278209686 0.590076303482056 0.599050319194794 0.605348241329193 0.607170689105988 0.602626395225525 0.590781164169311 0.570055347681045 0.540118390321732 0.513883507251739 0.485445141792297 0.460038888454437 0.445643985271454 0.427903419733047 0.417373317480087 0.402685225009918 0.392642939090729 0.393876963853836 0.394695335626602 0.411853194236755 0.429695701599121 0.454989302158356 0.477767485380173 0.46441770195961 0.449831801652908 0.420832288265228 0.386861354112625 0.354777950048447 0.318746894598007 0.300122290849686 0.284295898675919 0.261413988471031 0.218353292346001 0.177025532722473 0.139938728511333 0.0991282135248184 0.0559503518044949 0.0222655959427357 0.00427175685763359 0.00530683752149344 0.00373798119835556 0.00163590181618929
-9999 -9999 -9999 -9999 -9999 -9999 -9999 0.273308002948761 0.174543003365397 0.0181716807186604 0.0144503315910697 0.0899060487747192 0.324208500981331 0.646346771717072 0.664758634567261 0.662644982337952 0.648470675945282 0.63476414680481 0.614867770671845 0.594610381126404 0.594881677627563 0.589955568313599 0.594029533863068 0.595208156108856 0.588843584060669 0.577839940786362 0.547800999879837 0.519606655836105 0.480155146121979 0.453181725740433 0.449011701345444 0.422083979845047 0.41523397564888 0.396130293607712 0.377476924657822 0.380594927072525 0.358242386579514 0.357936799526215 0.35505685210228 0.375780135393143 0.437137591838837 0.475410556793213 0.47249111533165 0.448210048675537 0.416844058036804 0.381590485572815 0.340212696790695 0.32357085943222 0.308007538318634 0.28858802318573 0.208034393191338 0.109179791808128 0.057098912447691 0.0044044978916645 0 0 0 0 0 0.0032746977172792
-9999 -9999 -9999 -9999 -9999 -9999 -9999 -9999 0.315739211440086 0.120479899644852 0.0545677870512009 0.0722301200032234 0.165571749210358 0.389957624673843 0.517945343255997 0.652603018283844 0.669060182571411 0.653631055355072 0.634480583667755 0.601721012592316 0.595757329463959 0.592425644397736 0.591520881652832 0.589603340625763 0.581115978956223 0.575154089927673 0.561598628759384 0.534483402967453 0.502079254388809 0.476274025440216 0.4617471575737 0.443562662601471 0.427169662714005 0.408239597082138 0.385235446691513 0.3766681432724 0.350055718421936 0.320713424682617 0.291217297315598 0.299573236703873 0.359930419921875 0.412958067655563 0.437875235080719 0.433719307184219 0.416360425949097 0.386739194393158 0.345249265432358 0.322586977481842 0.282255613803864 0.208091926574707 0.127850678563118 0.042342720925808 0.00283711887896061 0 0 0 0 0 0.00748305767774582 0.0619049414992332
-9999 -9999 -9999 -9999 -9999 -9999 -9999 -9999 0.313523018360138 0.261480011045933 0.125825887918472 0.0464056223630905 0.0126022044569254 0.076124581694603 0.195762265473604 0.416243654489517 0.665252506732941 0.672843945026398 0.652150356769562 0.609283101558685 0.608941316604614 0.602259147167206 0.593894994258881 0.587178075313568 0.569483321905136 0.556934189796448 0.545852994918823 0.533951169252396 0.527515989542007 0.518582040071487 0.498008817434311 0.47173467874527 0.455413663387299 0.436240297555923 0.411791986227036 0.404914402961731 0.372735524177551 0.315399610996246 0.246588942408562 0.236260649561882 0.302374386787415 0.3372518658638 0.367821091413498 0.390606373548508 0.37875514626503 0.351030433177948 0.298735678195953 0.257297030091286 0.204880964756012 0.141083516180515 0.0764168299734592 0.0104586408939213 0 0 0 0 0 0.00189909287728369 0.0758252486586571 0.171537518501282
-9999 -9999 -9999 -9999 -9999 -9999 -9999 -9999 -9999 0.355984508991241 0.17680832054466 0 0 0 0 0 0.244216720759869 0.553612947463989 0.655334138870239 0.632686328887939 0.614806127548218 0.604931926727295 0.598254346847534 0.578631412982941 0.542818051576614 0.531649094820023 0.522295343875885 0.510838967561722 0.505278867483139 0.506477081775665 0.516706937551498 0.502750986814499 0.477477771043777 0.456134110689163 0.433158528804779 0.418385148048401 0.386554092168808 0.333308815956116 0.271502906084061 0.242824321985245 0.249277946352959 0.261741185188293 0.297644644975662 0.326269865036011 0.318116962909698 0.287872922420502 0.237154480814934 0.197988760471344 0.149825078248978 0.0982311487197876 0.0482360269874334 0.00411833748221397 0 0 0 0 0 0.00510405693203211 0.0732258751988411 0.185267877578735
-9999 -9999 -9999 -9999 -9999 -9999 -9999 -9999 -9999 0.114589783549309 0.256888303160667 0 0 0 0 0 0 0.163655872642994 0.277951127290726 0.342835104465485 0.411936885118484 0.620687592029572 0.616285610198975 0.577725404500961 0.504614329338074 0.4965636074543 0.496647840738296 0.463306802511215 0.476330232620239 0.47729999423027 0.490971559286118 0.508394968509674 0.506433075666428 0.479925060272217 0.453271847963333 0.441464501619339 0.415994614362717 0.377448165416718 0.313014113903046 0.252188739180565 0.222234439849854 0.194014036655426 0.240909081697464 0.283425003290176 0.276542812585831 0.239729252457619 0.190497064590454 0.154882502555847 0.114479844272137 0.0774653352797031 0.0424531992524862 0.00377964749932289 0 0 0 0 0 0.0317405241541564 0.0664249762892723 0.170217764377594
