meets/meet004/_saidas_enm/ensemble_aver_Aralia_warmingiana_CCSM_21k_Maxent.asc
NCOLS 154 
NROWS 168 
XLLCORNER -112 
YLLCORNER -55.5 
CELLSIZE 0.5 
NODATA_value -9999 
[rows 50 to 74 of 168, columns 56 to 111 of 154]
-9999 -9999 -9999 -9999 -9999 -9999 -9999 -9999 -9999 -9999 -9999 -9999 -9999 0.00112741232442204 0.00208446937031113 0.00665003494359553 0.0249388625845313 0.0634053777903318 0.124996523559093 0.196067655086517 0.231827798485756 0.295552730560303 0.347550982236862 0.350595039129257 0.281804406642914 0.219756129384041 0.133301918208599 0.0525895189493895 0.0281204059720039 0.0155545275658369 0.0105834468267858 0.0143630599603057 0.0255682148039341 0.0452432312071323 0.116460609436035 0.243045789003372 0.328168696165085 0.414900684356689 0.439658290147781 0.440337359905243 0.449374610185623 0.454979026317596 0.465166848897934 0.437990617752075 0.369533705711365 0.207451838254929 0.268478864431381 0.256516528129578 0.258896100521088 0.287444224953651 0.306249588727951 0.292281237244606 0.296807593107223 0.317395612597466 0.352277618646622 0.369009816646576
-9999 -9999 -9999 -9999 -9999 -9999 -9999 -9999 -9999 -9999 -9999 -9999 -9999 0.00249331475351937 0.00408021057955921 0.011590340314433 0.0357380125671625 0.0823042310774326 0.135558588802814 0.17412695735693 0.192961397767067 0.242909377813339 0.307797056436539 0.318000286817551 0.25432433784008 0.183524757623672 0.106598224490881 0.0492474868893623 0.0257456298917532 0.0137449585366994 0.0102319375611842 0.0153080273419619 0.0281646937131882 0.0659074410796165 0.1504772990942 0.264319771528244 0.368478435277939 0.450382632017136 0.477948373556137 0.473103892803192 0.474952727556229 0.462100636959076 0.454764425754547 0.423849004507065 0.376710146665573 0.336518055200577 0.326456224918365 0.354091584682465 0.356312423944473 0.344526535272598 0.338750052452087 0.315738973021507 0.316081887483597 0.327908557653427 0.351291358470917 0.371018582582474
-9999 -9999 -9999 -9999 -9999 -9999 -9999 -9999 -9999 -9999 -9999 0.00482675697421655 0.00468788557918742 0.00504676410928369 0.00761673434171826 0.0166698893997818 0.0397861905395985 0.0928540520370007 0.146972687542439 0.17294145822525 0.176453058421612 0.218770295381546 0.247601529955864 0.24114708006382 0.188240939378738 0.126665905117989 0.0834938399493694 0.0393688911572099 0.0235698383301496 0.0153792435768992 0.0111404768191278 0.0206251866184175 0.0407024633139372 0.0918945819139481 0.210587519407272 0.311860340833664 0.38836287856102 0.475984674692154 0.498465871810913 0.492198914289474 0.49342435002327 0.462334060668945 0.455265599489212 0.431122803688049 0.402147591114044 0.41210612654686 0.393509203195572 0.429000800848007 0.421033406257629 0.370426428318024 0.344127756357193 0.331916064023972 0.332345360517502 0.342620944976807 0.362816691398621 0.380001360177994
-9999 -9999 -9999 -9999 -9999 -9999 -9999 -9999 -9999 -9999 0.0101492359768599 0.0067844879347831 0.00718504632823169 0.00835770245175809 0.0104793201200664 0.0150315050035715 0.0330981718376279 0.0720289528369904 0.109498586505651 0.135078445076942 0.157039995491505 0.160161955654621 0.155570997297764 0.133213640749454 0.103630635887384 0.0727889843285084 0.0457067046314478 0.0277218795381486 0.0199728058185428 0.016604166245088 0.0150842339964584 0.0192657880485058 0.0449157850816846 0.104411249607801 0.224670594930649 0.336005526781082 0.392501962184906 0.459825336933136 0.488340359926224 0.490878278017044 0.49182385802269 0.472388035058975 0.46222939491272 0.442803061008453 0.412017780542374 0.412977856397629 0.396366482973099 0.397370254993439 0.373030149936676 0.332330775260925 0.321632862091064 0.307397401332855 0.325358879566193 0.335644567012787 0.347824895381928 0.371476089954376
-9999 -9999 -9999 -9999 -9999 -9999 -9999 -9999 -9999 -9999 0.0124872640473768 0.0111851001158357 0.0136354122776538 0.0113389406818897 0.0142591247102246 0.0143777889432386 0.0205798156559467 0.0491632722318172 0.0790671106427908 0.0955708734691143 0.108888609707356 0.0926303178071976 0.0820771910250187 0.0685558147728443 0.0508182108402252 0.0407504556700587 0.0274246841203421 0.0243094586767256 0.0225789512041956 0.0199814889580011 0.0179131614975631 0.0212468321900815 0.0370572361163795 0.0886448159813881 0.203824910521507 0.340733712911606 0.401888489723206 0.43527495265007 0.466155076026917 0.476199048757553 0.483742421865463 0.467767184972763 0.453656721115112 0.433712750673294 0.405282747745514 0.390420758724213 0.346705800294876 0.327551305294037 0.297976756095886 0.271706309914589 0.273439487814903 0.272493070363998 0.292078578472137 0.306950306892395 0.322226238250732 0.339550304412842
-9999 -9999 -9999 -9999 -9999 -9999 -9999 -9999 0.023453046893701 0.0267470322549343 0.0315175098367035 0.025686673540622 0.0245072591118515 0.0196380134671926 0.0162266575964168 0.0179484827443957 0.0230733499862254 0.0373914435505867 0.0568477092310786 0.057665341347456 0.0598560417070985 0.055102670378983 0.0484330808743835 0.0421699420548975 0.0320705689489841 0.0273127774707973 0.0259563161525875 0.0249613433144987 0.0228468315210193 0.0218233650550246 0.0210375909227878 0.0233089296147227 0.0298081824090332 0.0740170296281576 0.164746630191803 0.289222294092178 0.373596596717834 0.416723370552063 0.427507793903351 0.435100764036179 0.438742059469223 0.431325960159302 0.425784635543823 0.405046063661575 0.362396627664566 0.331766355037689 0.284283712506294 0.249733904004097 0.222983795404434 0.205384916067123 0.205794516205788 0.21172851473093 0.224280518293381 0.235198214650154 0.253869146108627 0.270583978295326
-9999 -9999 -9999 -9999 -9999 -9999 -9999 -9999 0.0243436430115253 0.0472247211262584 0.0873117633163929 0.0701562106609344 0.0431774055585265 0.0275511892512441 0.018884267937392 0.0210104351397604 0.0271460177842528 0.0361861485987902 0.042950707487762 0.0425265643745661 0.0364363278262317 0.0325743090827018 0.0319445922970772 0.03051748117432 0.0280908277258277 0.0264983683824539 0.0263401216827333 0.0258939282037318 0.0256915181875229 0.0247675981372595 0.0248821794055402 0.0273400549776852 0.0302798413671553 0.0568767817690968 0.130160549283028 0.227491730451584 0.300593146681786 0.361933779716492 0.378294706344604 0.378973931074142 0.380586892366409 0.369106948375702 0.351849108934402 0.326344621181488 0.279702818393707 0.238299179077148 0.195818996429443 0.160743172466755 0.141661837697029 0.123883142322302 0.117725929617882 0.119533394277096 0.127310715615749 0.140700965374708 0.155800575017929 0.170949216187
-9999 -9999 -9999 -9999 -9999 -9999 -9999 0.0228377724997699 0.0310642651282251 0.093962836265564 0.174879351258278 0.128355000913143 0.0641425278037786 0.0403376104310155 0.0265809109434485 0.0240220747888088 0.0310226048342884 0.0392913015559316 0.045722617674619 0.0407510740682483 0.0358985988423228 0.0338317772839218 0.0325917260255665 0.0316668070387095 0.0300926980562508 0.0292922495864332 0.0286419401876628 0.0291614785790443 0.0283809329383075 0.028587910765782 0.0289445659145713 0.03035435709171 0.0336194448638707 0.0463265509344637 0.0920076847076416 0.151797907054424 0.215280717611313 0.269162964820862 0.286632165312767 0.267584118247032 0.248341846466064 0.214891797304153 0.181777714192867 0.16323414593935 0.135521108657122 0.118786766380072 0.109799380600452 0.0964173119515181 0.0961546249687672 0.0864485949277878 0.0854029484093189 0.0878594644367695 0.094460491836071 0.105798396468163 0.120619412511587 0.134292028099298
-9999 -9999 -9999 -9999 -9999 -9999 -9999 0.0284627528861165 0.067517676949501 0.188432428240776 0.281779384613037 0.181415465474129 0.0776588894426823 0.0568713918328285 0.0448473686352372 0.0412476868368685 0.0485040288418531 0.056651670858264 0.0581481157802045 0.045792862214148 0.0380901197437197 0.0353235877584666 0.034385586110875 0.0337500285357237 0.0322413571644574 0.0314913967624307 0.0315226244274527 0.0322047284804285 0.0327385623473674 0.0330960449762642 0.0340589177329093 0.0357964066788554 0.0377367047592998 0.0432046580128372 0.0656742168590427 0.0963609825819731 0.130652133375406 0.162995161116123 0.167097748816013 0.151060870289803 0.132990380376577 0.106859360635281 0.0977508410811424 0.0895595334470272 0.076875526458025 0.069806944206357 0.0599541995674372 0.059886078350246 0.058841292001307 0.0500885434448719 0.0488660084083676 0.0538485994562507 0.0680292960256338 0.0805453415960073 0.0902680613100529 0.103107497096062
-9999 -9999 -9999 -9999 -9999 -9999 0.0719883002340794 0.0840980991721153 0.171315586566925 0.284198498725891 0.358932322263718 0.215280258655548 0.0892937317490578 0.0685597505420446 0.0624080467969179 0.0626059157773852 0.0722468815743923 0.0789004225283861 0.0824926445260644 0.063244503736496 0.0457032781094313 0.0391337923239917 0.0366267984732985 0.0359645124990493 0.0349616621620953 0.0341794591862708 0.0345163168385625 0.0360858966596425 0.0364209010731429 0.0373365079052746 0.0386775237508118 0.0396996566094458 0.0418920247349888 0.0438840007409453 0.0595126828178763 0.0748037561774254 0.0839372146874666 0.0913978554308414 0.0933534931391478 0.086587306112051 0.0800031796097755 0.0729290708899498 0.0592889010906219 0.0551147248595953 0.0438207460567355 0.0389404370449483 0.0356471950188279 0.0285814835689962 0.0297595438547432 0.0312990031670779 0.0349304540082812 0.0396063446998596 0.0553133388981223 0.0669006515294313 0.071663081087172 0.0846249382942915
-9999 -9999 -9999 -9999 -9999 -9999 0.116063867509365 0.157003435492516 0.259879878163338 0.329394906759262 0.360593724250793 0.22824729681015 0.100448893010616 0.0872704017907381 0.0865745838731527 0.0913817271590233 0.0973337780684233 0.102392256259918 0.102013337984681 0.0864875424653292 0.0688104195520282 0.0590424297377467 0.0514216678217053 0.0513115514069796 0.0510121442377567 0.0492273466661572 0.050886700488627 0.0517813275568187 0.052741860318929 0.0538816987536848 0.0528249536640942 0.0529317822307348 0.0512068665586412 0.0484842726029456 0.0514912256971002 0.0613856369629502 0.0663910210132599 0.069120816513896 0.0674281604588032 0.0596817286685109 0.0528424335643649 0.0416216595098376 0.0339603135362267 0.0299004385247827 0.0218796132132411 0.0223806430120021 0.0240241644904017 0.0287610846571624 0.03769012670964 0.0462726106867194 0.0550612719729543 0.0668483328074217 0.0825292322784662 0.0934616189450026 0.100372980162501 0.1051657512784
-9999 -9999 -9999 -9999 -9999 -9999 0.154260620474815 0.195236369967461 0.284512138366699 0.339179521799088 0.348018032312393 0.230654641985893 0.114687768369913 0.100687138736248 0.101332116127014 0.106535633653402 0.119390277564526 0.125759541988373 0.12554784566164 0.106527074426413 0.0879198562353849 0.0804646454751492 0.0728540847077966 0.0727006368339062 0.0705600747838616 0.0708167720586061 0.0701104942709208 0.0736081099137664 0.0740678813308477 0.073064817301929 0.0748788533732295 0.0713282201439142 0.0717422602698207 0.0675328958779573 0.0592908633872867 0.0568159963935614 0.054605695977807 0.0533009497448802 0.0511716699227691 0.0421542769297957 0.0353052252903581 0.0316891481168568 0.0312180910259485 0.0342546353116632 0.0332728227600455 0.0389786971732974 0.0416747100651264 0.0475188912823796 0.0595759022980928 0.0669851437211037 0.0843212470412254 0.0903492651879787 0.101813055574894 0.11188827753067 0.118160892277956 0.120512735843658
-9999 -9999 -9999 -9999 -9999 -9999 -9999 0.190342317521572 0.270678180456161 0.330288362503052 0.343401724100113 0.24650636613369 0.127390970289707 0.117657217383385 0.121170300245285 0.128112916648388 0.138640317320824 0.142863129079342 0.140472885966301 0.12764460220933 0.11362317353487 0.104945018514991 0.0979343671351671 0.0974270351231098 0.098101169988513 0.0979180045425892 0.100144222378731 0.100948800519109 0.101796755194664 0.103053995966911 0.101690160855651 0.101482203230262 0.0985147953033447 0.0937927395105362 0.0870995175093412 0.0792519841343164 0.0713063998147845 0.0635398836806416 0.0600873902440071 0.056391353905201 0.0549580311402679 0.053145569935441 0.0539761928841472 0.0602571059018373 0.0619335994124413 0.0664768181741238 0.0687913000583649 0.0727577358484268 0.0894286654889584 0.102012149989605 0.118603229522705 0.132324503362179 0.146659660339355 0.155194069445133 0.164421381056309 0.165260462462902
-9999 -9999 -9999 -9999 -9999 -9999 -9999 -9999 0.23565973341465 0.304923206567764 0.380265933275223 0.267042738199234 0.145365963131189 0.130557858943939 0.137405864149332 0.146228399127722 0.161840315163136 0.159486426413059 0.151159981638193 0.13590771779418 0.122807633876801 0.116781438887119 0.112008364498615 0.112613414227962 0.112804866582155 0.115307117253542 0.12025735154748 0.126528598368168 0.127824642509222 0.128809422254562 0.130046558380127 0.126348926872015 0.124133460223675 0.118818007409573 0.111286939680576 0.107794016599655 0.0989679414778948 0.0927505418658257 0.0919068776071072 0.0850398134440184 0.0868735995143652 0.086497213691473 0.0885195910930634 0.0977062910795212 0.0985652290284634 0.11055690869689 0.109992888569832 0.109321062266827 0.122401449084282 0.136090518534183 0.15217676460743 0.164546278119087 0.175701050460339 0.190864618122578 0.208582374453545 0.225291305780411
-9999 -9999 -9999 -9999 -9999 -9999 0.158970274031162 0.155489692091942 0.215121707320213 0.271012404561043 0.305139830708504 0.25655172765255 0.179627712070942 0.160255011916161 0.185650663077831 0.215132968127728 0.210059484839439 0.182028536498547 0.161167971044779 0.14933362826705 0.138910432904959 0.132189349085093 0.128008164465427 0.132565994560719 0.139886606484652 0.146428038924932 0.158507351577282 0.169174064695835 0.179121589660645 0.183625657856464 0.18323117941618 0.181698083877563 0.176697632670403 0.170226822793484 0.161012394726276 0.152628016471863 0.144905328005552 0.13826350569725 0.138434835523367 0.131892728060484 0.129303850233555 0.125797262042761 0.127558685839176 0.141105961799622 0.150748273730278 0.160067634284496 0.161225852370262 0.15841186195612 0.156383258104324 0.161896020174026 0.17084673345089 0.183337943255901 0.196666133403778 0.210322850942612 0.220504280924797 0.227175608277321
-9999 -9999 -9999 -9999 -9999 0.273119011521339 0.152226865291595 0.172297368943691 0.214250847697258 0.247311323881149 0.265618002414703 0.259401711821556 0.222524473071098 0.225021877884865 0.268273136019707 0.327947342395782 0.275634413957596 0.216467843949795 0.181202794611454 0.162007801234722 0.154409458488226 0.153881397098303 0.146304072439671 0.153811061382294 0.171304500102997 0.18659940212965 0.202059616148472 0.217833898961544 0.23395631313324 0.249562922120094 0.249845597147942 0.248593324422836 0.242574599385262 0.232714426517487 0.215496778488159 0.20250158905983 0.200760769844055 0.194311720132828 0.19599931538105 0.181125003099442 0.182078783214092 0.182847583293915 0.177232156693935 0.19108030050993 0.20223702788353 0.2205167979002 0.206997793912888 0.185489097237587 0.182877656817436 0.19443670809269 0.210694968700409 0.208400842547417 0.216993191838264 0.228996786475182 0.232396125793457 0.22576729953289
-9999 -9999 -9999 -9999 -9999 0.347086697816849 0.191331489384174 0.206945298612118 0.238158023357391 0.25499350130558 0.258925852179527 0.271830585598946 0.29397531747818 0.315527513623238 0.339292281866074 0.357268804311752 0.314296773076057 0.254289802908897 0.213151580095291 0.211497682332993 0.20895873606205 0.204604019224644 0.198073770105839 0.205516830086708 0.223169395327568 0.240329077839851 0.258274179697037 0.275563314557076 0.295358860492706 0.31534663438797 0.328042882680893 0.330483677983284 0.320702818036079 0.308349326252937 0.2883774548769 0.272172719240189 0.265247419476509 0.261078092455864 0.262228757143021 0.252775251865387 0.245562550425529 0.240529587864876 0.240144854784012 0.240830075740814 0.244165104627609 0.241647416353226 0.234970077872276 0.22372470498085 0.224607062339783 0.235002732276917 0.240844932198524 0.24821500480175 0.249011740088463 0.248785203695297 0.251333978772163 0.248394769430161
-9999 -9999 -9999 -9999 -9999 -9999 0.25153928399086 0.257751122117043 0.282403948903084 0.26707558631897 0.252733027935028 0.261248567700386 0.318292814493179 0.337261790037155 0.329049879312515 0.367425268888473 0.319236356019974 0.280382904410362 0.267817306518555 0.261556306481361 0.273258450627327 0.269807666540146 0.27265011370182 0.284708803892136 0.300964170694351 0.32457512319088 0.337767773866653 0.358917325735092 0.368357264995575 0.37976548075676 0.39840874671936 0.395087075233459 0.392143350839615 0.381349408626556 0.361092162132263 0.344260048866272 0.338613548874855 0.332167035341263 0.324794101715088 0.306263235211372 0.290998443961143 0.283971473574638 0.276453965902329 0.27513080239296 0.270306202769279 0.270384547114372 0.271027359366417 0.269446367025375 0.274821612238884 0.283412459492683 0.280729818344116 0.290833434462547 0.288462916016579 0.288717460632324 0.299051070213318 0.301270347833633
-9999 -9999 -9999 -9999 -9999 -9999 0.304109945893288 0.313177943229675 0.329406863451004 0.288917538523674 0.256491321325302 0.215334245562553 0.207661950588226 0.22105350792408 0.234023240208626 0.256300890445709 0.280859038233757 0.29761098921299 0.301084211468697 0.305368429422379 0.322406649589539 0.328303682804108 0.340360873937607 0.358847665786743 0.375243127346039 0.3947449862957 0.415737688541412 0.43968887925148 0.447729468345642 0.450363850593567 0.447988831996918 0.449274396896362 0.446934819221497 0.437491875886917 0.42215239405632 0.405627274513245 0.399044060707092 0.390287601947784 0.378129869699478 0.35583860874176 0.334518033266067 0.322682505846024 0.312567895650864 0.309559166431427 0.30650053024292 0.306091743707657 0.312837982177734 0.322451317310333 0.335462576150894 0.351500207185745 0.356825941801071 0.354694664478302 0.343132650852203 0.340990972518921 0.352085566520691 0.35793445110321
-9999 -9999 -9999 -9999 -9999 -9999 0.39898773431778 0.307976591587067 0.330598163604736 0.279584851861 0.257545712590218 0.212912142276764 0.155016234517097 0.135068427026272 0.147446919977665 0.166477786004543 0.231772361695766 0.297654980421066 0.31394177377224 0.333009243011475 0.355003353953362 0.38120225071907 0.395112770795822 0.417546761035919 0.434339773654938 0.451197338104248 0.47205998301506 0.499709385633469 0.507213002443314 0.506697028875351 0.502922314405441 0.499681502580643 0.498206996917725 0.491992479562759 0.479131686687469 0.464851355552673 0.456751710176468 0.447352916002274 0.432674270868301 0.403242027759552 0.379885870218277 0.366893208026886 0.352616769075394 0.348170304298401 0.342358869314194 0.344217813014984 0.357252836227417 0.375377732515335 0.387309920787811 0.396214908361435 0.392996847629547 0.392260271310806 0.386141449213028 0.381490099430084 0.382470226287842 0.373345124721527
-9999 -9999 -9999 -9999 -9999 -9999 -9999 -9999 0.204923404753208 0.235606843233109 0.259894189238548 0.200802832841873 0.133267647027969 0.113584412634373 0.113484725356102 0.139493314921856 0.205012561380863 0.273571035265923 0.271841722726822 0.344189888238907 0.397167861461639 0.424225759506226 0.448827970027924 0.468095296621323 0.47021472454071 0.492366248369217 0.511299693584442 0.531559312343597 0.540569895505905 0.544431412220001 0.549360918998718 0.548220157623291 0.552383190393448 0.54782657623291 0.536989593505859 0.526715272665024 0.515829616785049 0.502989619970322 0.485419297218323 0.45992414355278 0.435048145055771 0.416113841533661 0.401998728513718 0.395534235239029 0.38844735622406 0.392925727367401 0.402121335268021 0.414715415239334 0.422369784116745 0.415398299694061 0.402110308408737 0.396156364679337 0.39103656411171 0.378605532646179 0.36321120262146 0.345878916978836
-9999 -9999 -9999 -9999 -9999 -9999 -9999 -9999 0.210152477025986 0.19966854006052 0.241883689165115 0.175892794132233 0.109973438829184 0.0977108426392078 0.101813541352749 0.120047580450773 0.190003044903278 0.269912108778954 0.234979870915413 0.356520110368729 0.426442629098892 0.462658697366714 0.485917198657989 0.505686360597611 0.511871212720871 0.518655931949615 0.53218474984169 0.555309993028641 0.559885430335999 0.566399872303009 0.577000284194946 0.575280463695526 0.58549302816391 0.588729453086853 0.581385040283203 0.578273034095764 0.566554176807404 0.554695355892181 0.537352508306503 0.510747855901718 0.488390570878983 0.470483100414276 0.460657554864883 0.454822504520416 0.443641871213913 0.449237960577011 0.453438729047775 0.455403035879135 0.446011072397232 0.427110689878464 0.407341974973679 0.396169644594193 0.384656476974487 0.367459315061569 0.349663996696472 0.327239680290222
-9999 -9999 -9999 -9999 -9999 -9999 -9999 -9999 -9999 0.172502267360687 0.198803174495697 0.137209939956665 0.0783046439290047 0.0846434861421585 0.102000002563 0.112627986818552 0.187260794639587 0.290745139122009 0.260861259698868 0.372236478328705 0.450421696901321 0.485876607894897 0.500052291154861 0.523809254169464 0.538610243797302 0.55146541595459 0.567772907018661 0.580828714370728 0.587600326538086 0.589765477180481 0.591479408740997 0.593629825115204 0.598876690864563 0.60970561504364 0.61246063709259 0.617134916782379 0.608692741394043 0.600665044784546 0.584131121635437 0.560335803031921 0.538943719863892 0.519997137784958 0.511037039756775 0.499504286050796 0.486471390724182 0.485655146837234 0.488237375020981 0.484388911724091 0.460019129514694 0.431546717882156 0.409113824367523 0.395159357786179 0.383123952150345 0.365770292282105 0.342793536186218 0.321514177322388
-9999 -9999 -9999 -9999 -9999 -9999 -9999 -9999 -9999 -9999 0.15635903775692 0.105343706160784 0.0722072079777718 0.076805841177702 0.102331206202507 0.11182109862566 0.191637186706066 0.312461590766907 0.329215320944786 0.395807021856308 0.460660326480865 0.494890367984772 0.511819517612457 0.532303136587143 0.552555048465729 0.569565492868424 0.582868748903275 0.599485182762146 0.605744731426239 0.610586106777191 0.61310042142868 0.613490152359009 0.623918271064758 0.632758677005768 0.633742892742157 0.641300916671753 0.637803983688354 0.631839370727539 0.620404303073883 0.601359605789185 0.583557677268982 0.562756717205048 0.545034742355347 0.532965981960297 0.518249624967575 0.517435789108276 0.521954786777496 0.506851655244827 0.47456750869751 0.446496498584747 0.419927817583084 0.402090120315552 0.386064684391022 0.369158184528351 0.35454575419426 0.335118114948273
-9999 -9999 -9999 -9999 -9999 -9999 -9999 -9999 -9999 -9999 -9999 0.0802331771701574 0.0721991792321205 0.0701578855514526 0.0940315142273903 0.116787472367287 0.185642363131046 0.304478031396866 0.376717859506607 0.403900241851807 0.444525283575058 0.479096835851669 0.512052321434021 0.539569300413132 0.55467141866684 0.578917771577835 0.589638888835907 0.604821801185608 0.614050555229187 0.621840250492096 0.629707336425781 0.631531608104706 0.639492464065552 0.651612627506256 0.659075474739075 0.663218080997467 0.658100914955139 0.653061938285828 0.643733966350555 0.630784499645233 0.618540859222412 0.600575399398804 0.585295820236206 0.570234632492065 0.555902004241943 0.553391826152801 0.54933317899704 0.529823106527328 0.496374243497849 0.464098727703094 0.433929169178009 0.412091964483261 0.392142015695572 0.378265404701233 0.371051329374313 0.358113813400269
