meets/meet004/_saidas_enm/ensemble_aver_Cavanillesia_umbellata_CCSM_6k_SVM.asc
NCOLS 154 
NROWS 168 
XLLCORNER -112 
YLLCORNER -55.5 
CELLSIZE 0.5 
NODATA_value -9999 
[rows 50 to 74 of 168, columns 56 to 111 of 154]
-9999 -9999 -9999 -9999 -9999 -9999 -9999 -9999 -9999 -9999 -9999 -9999 -9999 0.0962502740323544 0.0893385864794254 0.190258032083511 0.417756724357605 0.307335817813873 0.09195298217237 -0.0306968407006934 -0.0141548587474972 0.0583081472665071 0.17627736851573 0.221252113580704 0.217383109033108 0.176743479818106 0.149398162588477 0.0952421091496944 0.0684169091284275 0.0550617530941963 0.0566195771098137 0.0624028593301773 0.0824660323560238 0.176330459117889 0.391973298788071 0.481437420845032 0.2752995043993 0.119224641472101 0.05061961626634 0.0129041248932481 0.0282326489686966 -0.0107083169743419 -0.0165755457244813 -0.0433889835141599 -0.0669040698558092 -0.0414513938128948 -0.0909937538206577 -0.0573175828903913 0.00705919362371787 0.112576120346785 0.192247551679611 0.242632776498795 0.18898104429245 0.111841958761215 0.0285328522324562 0.0171892926096916
-9999 -9999 -9999 -9999 -9999 -9999 -9999 -9999 -9999 -9999 -9999 -9999 -9999 0.0902877368032932 0.0836798943579197 0.197411417961121 0.364613598585129 0.211039036512375 0.0399068410973996 -0.0331546183908358 0.0279898127540946 0.163796464912593 0.303035239875317 0.355742192268372 0.321312141418457 0.23116327226162 0.133510980010033 0.0614594439044595 0.0335269408300519 0.0335917975753546 0.0392859885469079 0.0379783345386386 0.0696567818522453 0.241868734359741 0.501863890886307 0.598523557186127 0.415954828262329 0.212901455163956 0.120678920298815 0.056031447276473 0.0379177249968052 0.0112654414027929 0.00315054068341851 -0.0228884421288967 -0.04719999874942 -0.0511654496192932 -0.0663934584707022 -0.0302317798137665 0.0607885548844933 0.184552222490311 0.271952623128891 0.255814799666405 0.203224676847458 0.11235863212496 0.0227707058191299 0.0249422408640385
-9999 -9999 -9999 -9999 -9999 -9999 -9999 -9999 -9999 -9999 -9999 0.0955437906086445 0.0849081285297871 0.073481585085392 0.0650245003402233 0.151483589410782 0.189787316322327 0.100472564250231 0.0253066090866923 0.0412323633208871 0.0931858766824007 0.190869984775782 0.263197803497314 0.245608724653721 0.157419798523188 0.0820261871442199 0.0290358405560255 0.022641970589757 0.0352896397933364 0.0506112402305007 0.0560125272721052 0.0430362643848639 0.035596452257596 0.141664679348469 0.474740153551102 0.579452270269394 0.409637314081192 0.203769445419312 0.115070086717606 0.0492678094655275 0.0292454265058041 0.011269736289978 0.00516123515553772 -0.0168144199997187 -0.0461760632228106 -0.0535334821790457 -0.0436559900641441 0.0269815893610939 0.147226050496101 0.253882256150246 0.300586307048798 0.239786639809608 0.168876294791698 0.0863544650375843 0.000334707647562027 0.0270782150328159
-9999 -9999 -9999 -9999 -9999 -9999 -9999 -9999 -9999 -9999 0.0959148436784744 0.0866498231887817 0.0695905358530581 0.0591393504291773 0.0539980167523026 0.049069302668795 0.0449907789006829 0.0618389558047056 0.117921810783446 0.147804350033402 0.170169443637133 0.163945548981428 0.117290102317929 0.0714035229757428 0.0312367014586926 0.0156855043023825 0.0243707533925772 0.0415186288300902 0.0552985586225987 0.0637251369655132 0.0654545582830906 0.0529989466071129 0.0290235290303826 0.0779362261295319 0.373810812830925 0.564725261926651 0.401184898614883 0.189154809713364 0.0887276954948902 0.0332284523174167 0.00225608232431114 -0.00868739108555019 -0.0109355766326189 -0.0163509488105774 -0.0215051023289561 -0.00177134899422526 0.063641326315701 0.157985144853592 0.232609078288078 0.259631171822548 0.233780664205551 0.158992178738117 0.0812724992632866 0.0188861533999443 -0.0353634837083519 0.00728247351944447
-9999 -9999 -9999 -9999 -9999 -9999 -9999 -9999 -9999 -9999 0.0854484885931015 0.0624056801199913 0.0395823350176215 0.0483746791258454 0.0546732254326344 0.0504018131643534 0.0169446595013142 0.0309491574764252 0.0727074441500008 0.0875337393488735 0.0790184502024203 0.0421396542340517 0.0183778206352144 0.00925310924649239 0.0160629115998745 0.0312519110739231 0.0477733911946416 0.0587334290146828 0.0652672223746777 0.0700699344277382 0.0714784286916256 0.0622252717614174 0.0340117575600743 0.0299936505733058 0.234523710608482 0.491541808843613 0.440555989742279 0.251497966051102 0.132410989701748 0.064204703271389 0.0275360707193613 0.0291947925463319 0.0379123024642467 0.0568147480487824 0.0859453462064266 0.122129225730896 0.184147338569164 0.196504312753677 0.173947510123253 0.171542571485043 0.133550554513931 0.0833953779190779 0.033510528318584 -0.0120859161019325 -0.0519855011254549 -0.0268025856232271
-9999 -9999 -9999 -9999 -9999 -9999 -9999 -9999 0.0935548141598701 0.0789019718766212 0.0556877538561821 0.0680243831127882 0.0324995539151132 0.0304862022399902 0.0495585098862648 0.0559024706482887 0.0258832138031721 0.00261532366275787 0.00770409891847521 0.00833712238818407 0.00559651246294379 0.00667683575302362 0.0118982799351215 0.0224218040704727 0.0386236424557865 0.0529838375747204 0.0605264253914356 0.06568918004632 0.0706284575164318 0.0742372766137123 0.0742706134915352 0.0670858174562454 0.0450241315644234 0.0120937647297978 0.104466213285923 0.35649209022522 0.426438120007515 0.341760870814323 0.247792649269104 0.181002712249756 0.152621079981327 0.158336701989174 0.189605461061001 0.23445899784565 0.26773661673069 0.276515883207321 0.245687848329544 0.192770148813725 0.149664311110973 0.127738968282938 0.0866685546934605 0.0529752466827631 0.0014417365193367 -0.0189370721578598 -0.0379982724785805 -0.018345657363534
-9999 -9999 -9999 -9999 -9999 -9999 -9999 -9999 0.082787024974823 0.0466950515285134 0.13693051636219 0.138086672127247 0.015047306753695 0.0123492628801614 0.0339391745626926 0.0414780110120773 0.0411527685821056 0.0175552014261484 0.00917253978550434 0.015704832971096 0.0263810753822327 0.0318165667355061 0.0360443701967597 0.0443209338933229 0.0553582843393087 0.062626887857914 0.0641604483127594 0.0656914591789246 0.0660250887274742 0.0665631979703903 0.0671815566718578 0.0679852366447449 0.054479705914855 0.0196148335933685 0.0208280067890882 0.180923147499561 0.338976603746414 0.389369258284569 0.375702926516533 0.356410276889801 0.344136437773705 0.371463251113892 0.400626713037491 0.432965961098671 0.438059157133102 0.362139856815338 0.252260328829289 0.136920385248959 0.0806320305913687 0.0649641425348818 0.0483770363032818 0.0351600155234337 0.00618535429239273 -0.00260328650474548 -0.00834135338664055 0.0305659390985966
-9999 -9999 -9999 -9999 -9999 -9999 -9999 0.0911558724939823 0.0683763699606061 0.0480746601708233 0.209429335594177 0.133835165202618 -0.022070748033002 -0.030721378326416 0.00970385046675801 0.02780896499753 0.0230395816266537 0.027999971807003 0.0308257110416889 0.0394615469500422 0.0463893113657832 0.0493066525086761 0.0528096865862608 0.0546444930136204 0.0566885650157928 0.0590568870306015 0.059764277562499 0.060044077411294 0.0599489208310843 0.0593961033970118 0.0588101301342249 0.0574258118867874 0.0571907311677933 0.0346472337841988 0.00360445296391845 0.0397597687318921 0.161122540384531 0.29757384955883 0.365893027186394 0.372713246941566 0.385370311141014 0.380429887771606 0.366740989685059 0.33873932659626 0.269775359332561 0.182039416581392 0.0915488366037607 0.0378994250670075 0.0206253196112812 0.0157984520774335 0.0167969571892172 0.0156481889891438 0.0145841829478741 0.0143674314022064 0.00623489134013653 0.0762515055423137
-9999 -9999 -9999 -9999 -9999 -9999 -9999 0.0823290407657623 0.040353486686945 0.105266260355711 0.198911687731743 0.0737693934701383 -0.0368998702615499 -0.0514797039330006 -0.0146397210657597 0.00583684053272009 0.00321028488688171 0.00737538654357195 0.0114374954253435 0.019462613388896 0.0295091319829226 0.0345241956412792 0.040242019481957 0.0401419639587402 0.0392129063606262 0.0421259245835245 0.0421645424328744 0.0456370030529797 0.044585790624842 0.0397807197645307 0.0398774709552526 0.0388848571106791 0.0424034601077437 0.0434320639818907 0.0182678237557411 0.00137176355347037 0.0243414618074894 0.0932116251438856 0.14458374902606 0.157521614432335 0.163631325960159 0.127789814770222 0.104376430436969 0.0711129810661077 0.0362165410071611 0.0176755776628852 0.0097435224801302 0.0173135501565412 0.0287079449743032 0.0349447309970856 0.0354534614831209 0.0303727912716568 0.0253656730055809 0.0202476466074586 0.0125120081938803 0.0623758329078555
-9999 -9999 -9999 -9999 -9999 -9999 0.0892534399405122 0.0579654261469841 0.0367036528885365 0.132764886319637 0.184237706661224 0.0800860000774264 -0.0419506087899208 -0.0584001399576664 -0.0310661945492029 -0.00608434174209833 -0.00723122078925371 -0.00940058575943112 -0.00703600309789181 0.0002584433183074 0.0109780583530664 0.01398392803967 0.0162104908376932 0.0155056267976761 0.0177478827536106 0.0192973930388689 0.0204227164387703 0.0190566621720791 0.0169799320399761 0.0183198392391205 0.0171460032463074 0.0183129858225584 0.0188155252486467 0.0200152039527893 0.0242252916097641 0.0130619637668133 0.00122283613309264 0.00259891354944557 0.00868881633505225 0.0117026697844267 0.0102601618506014 0.00946396496146917 0.0121182061731815 0.0191487923264503 0.0197242204099894 0.0185105875134468 0.0208151088096201 0.0238949921913445 0.0278407790698111 0.0298677206970751 0.0299364396341844 0.0275377754122019 0.023615276068449 0.0229187784832902 0.0151289086788893 0.0214114412665367
-9999 -9999 -9999 -9999 -9999 -9999 0.0721802644431591 0.0286513470113277 0.0197955933399498 0.125035554170609 0.152651393413544 0.0955951698124409 -0.0355531880632043 -0.0708913505077362 -0.0447002071887255 -0.00556022971868515 0.00225306898355484 -0.00524933896958828 -0.0056239690631628 -0.00537577252835035 -0.00520503742154688 -0.00470112066250294 -0.00443558236584067 -0.00445091030560434 -0.00359118077903986 -0.00262330784462392 -0.00292836977168918 -0.00353236719965935 -0.00423359237611294 -0.00466025853529572 -0.00467610340565443 -0.00489303916692734 -0.00410850867629051 -0.00305415242910385 -0.0014850290492177 0.000945938844233751 0.00159208942204714 0.00351146445609629 0.0043231978546828 0.00443799635395408 0.00674020419828594 0.00842526536434889 0.0112514537293464 0.0149446760304272 0.0178727167658508 0.0153337650001049 0.0167958397418261 0.017334715090692 0.0198442051187158 0.0200102359056473 0.0198270838707685 0.0191029723733664 0.0178233422338963 0.0230836307164282 0.0275173713453114 0.0269368920475245
-9999 -9999 -9999 -9999 -9999 -9999 0.065303561091423 0.0238727312535048 -0.0220074076205492 0.120596100762486 0.189072950184345 0.134348455816507 -0.01231021694839 -0.0697241645306349 -0.0485374647658318 0.00698897950351238 0.0282538812607527 0.0208126872777939 0.0197778336703777 0.0131977008655667 0.00612281952053309 0.00709913064492866 0.00887148925103247 0.014287955313921 0.0146742828190327 0.0160086050629616 0.00999643728137016 0.00636099698022008 0.0057007372379303 0.00172193674370646 0.000526736816391349 -0.00341226948658004 -0.00504762649070472 -0.00683879074640572 -0.00702898048912175 -0.00635126861743629 -0.00623886017128825 -0.0044254194945097 -0.00198816796764731 0.00256706327199936 0.00844580251723528 0.0151679739356041 0.0258542588911951 0.0325131884776056 0.0228999020531774 0.0105714742094278 0.00624330192804337 0.000210712850093842 0.000707107037305832 0.00265897624194622 0.00305787809193134 0.00520660281181335 0.00333464769646525 0.013400122243911 0.0292363902553916 0.0558711647987366
-9999 -9999 -9999 -9999 -9999 -9999 -9999 0.077186219394207 0.000814555585384369 0.173527596890926 0.218679070472717 0.161687830090523 0.0162922071292996 -0.0462605074048042 -0.0378565968945622 0.0422520466148853 0.0833769176155329 0.0776567120105028 0.0848097667098045 0.0902359873056412 0.0841056411154568 0.0904358140331169 0.0923760956153274 0.0996633430942893 0.104726254846901 0.0970889661461115 0.0905431900173426 0.071687825024128 0.0581079035997391 0.0533745221793652 0.0433019533753395 0.0389126107096672 0.0301030535250902 0.0254672721028328 0.0249606594443321 0.0202181262895465 0.0218479756033048 0.0200682949274778 0.0197484197095036 0.0250759826973081 0.027467686496675 0.0389854693319649 0.0462573979049921 0.0543733678758144 0.0258363179862499 -0.00199553109705448 -0.0167070381809026 -0.0236768694245256 -0.0233237501466647 -0.0226222715340555 -0.0218628817761783 -0.0183579653501511 -0.0157299403101206 0.00101204579696059 0.024020179361105 0.0455171927809715
-9999 -9999 -9999 -9999 -9999 -9999 -9999 -9999 0.0477383740246296 0.210293869674206 0.225143122673035 0.191297392547131 0.0451486355625093 -0.0196998845785856 -0.00174518469721079 0.0938260023482144 0.151522417366505 0.165347108244896 0.175477641820908 0.179526607692242 0.179688504338264 0.185182066261768 0.193701065331697 0.196647870540619 0.193943236768246 0.191557063907385 0.169403397664428 0.144099936168641 0.111377124860883 0.0983356483280659 0.0881094180047512 0.0809145592153072 0.0771890796720982 0.0691908746957779 0.0615996554493904 0.0526002652943134 0.0474849756807089 0.041386847384274 0.0341263435781002 0.033220399543643 0.0293717585504055 0.0341637808829546 0.0394335929304361 0.0501026196492603 0.0149364665150642 -0.0166035541333258 -0.02889184365049 -0.0365651855245233 -0.0328603650443256 -0.0306406697258353 -0.0256084717810154 -0.0220200657844543 -0.0191625684499741 -0.0124588925391436 -0.00191822275519371 0.00906121358275414
-9999 -9999 -9999 -9999 -9999 -9999 0.10000171661377 -0.0171185533516109 0.0397892467677593 0.217304059863091 0.229981997609138 0.192758446931839 0.0583948977291584 0.0149709422141314 0.0557187765836716 0.139756194129586 0.207921570539474 0.231125953793526 0.247324216365814 0.263750168681145 0.272106570005417 0.284250617027283 0.286476023495197 0.286925023794174 0.283879052102566 0.262865065038204 0.23454927355051 0.191581958532333 0.147500732168555 0.125464430823922 0.114372719265521 0.112991971895099 0.107493386417627 0.100728211924434 0.0961320511996746 0.0816887632012367 0.0692828640341759 0.050137562584132 0.0354298498481512 0.0267167206853628 0.0206336114555597 0.0256286863237619 0.0342141404747963 0.0478447401896119 0.0135168205946684 -0.00653253315831535 -0.0148715062066913 -0.0170061043696478 -0.0153438144829124 -0.0138646156527102 -0.011528436653316 -0.00559793822467327 -0.00123626179993153 0.00689694313332438 0.0142428534571081 0.0172300801612437
-9999 -9999 -9999 -9999 -9999 0.123195306956768 -0.0373156339861453 -0.0957978706806898 0.113524632155895 0.224915665388107 0.223331627249718 0.201625411212444 0.0833518013358116 0.0622273427434266 0.123885215446353 0.182779712975025 0.251567548513412 0.276949763298035 0.293216067552567 0.307873836159706 0.319471421837807 0.330629971623421 0.337605398893356 0.33291956782341 0.317882010340691 0.278317895531654 0.23910149037838 0.190066653490067 0.145913134515285 0.114328054338694 0.107098041474819 0.101050283014774 0.0972021348774433 0.0928731352090836 0.090761863742955 0.0841964179649949 0.0600466520525515 0.0377289287745953 0.0212550759781152 0.0117214664816856 0.00925630778074265 0.0276915922760963 0.048332385532558 0.055369957908988 0.0217850524932146 0.0012899630703032 -0.00311413249000907 -0.00565098747611046 -0.00440749619156122 -0.00293890759348869 0.000828218832612038 0.00754162278026342 0.0133354453369975 0.0206563915126026 0.0230008620768785 0.0264598389156163
-9999 -9999 -9999 -9999 -9999 0.0662242658436298 -0.0642096625640988 -0.026384425163269 0.186739078164101 0.224065166711807 0.220125506818295 0.207518997788429 0.163085087388754 0.164924100041389 0.21669859290123 0.271624776721001 0.292726802825928 0.301026067137718 0.311012032628059 0.335543456673622 0.353986728191376 0.361454284191132 0.358519983291626 0.343771326541901 0.325196054577827 0.277890485525131 0.232390189170837 0.18698318451643 0.146906524151564 0.117718392983079 0.0976660883054137 0.0939577668905258 0.0874833591282368 0.0805146487429738 0.0777053564786911 0.0666397108696401 0.0522916316986084 0.033409736957401 0.0259013347327709 0.0263398077338934 0.0285112588200718 0.0340931698679924 0.0387053577229381 0.0416344705270603 0.0256102509796619 0.0102737152948976 0.00623958837240934 0.00557648204267025 0.00776945725083351 0.0108543682843447 0.013476405153051 0.0198948808014393 0.0249423176050186 0.0297229941934347 0.0332367786904797 0.0321389449760318
-9999 -9999 -9999 -9999 -9999 -9999 -0.0130630813539028 0.095819602906704 0.224068659543991 0.227640347182751 0.212179628014565 0.206729501485825 0.191098580509424 0.196438197791576 0.223110465705395 0.294558817148209 0.307765859365463 0.311340308189392 0.320941969752312 0.341039717197418 0.363977259397507 0.355673170089722 0.355590611696243 0.336299914121628 0.309768772125244 0.267403480410576 0.224182236194611 0.192099758982658 0.164923759549856 0.145332975313067 0.128088540583849 0.12549583207001 0.118000994203612 0.112817430030555 0.107722706906497 0.0948517439886928 0.0855149107053876 0.0704745694296434 0.0610094485338777 0.0570614088326693 0.0491476600989699 0.0468956579454243 0.0405939878197387 0.0382995139807463 0.0347081111744046 0.0222328730102163 0.0219689259305596 0.0225527549162507 0.0252764327451587 0.0291740164160728 0.0296310299541801 0.0353434883989394 0.0377289879135787 0.0400276303291321 0.0425431318581104 0.0410349071025848
-9999 -9999 -9999 -9999 -9999 -9999 0.106909514963627 0.111629271507263 0.220629075169563 0.22122018635273 0.190623517334461 0.182019017636776 0.148247039318085 0.11522033251822 0.141784665361047 0.218516884744167 0.27618016898632 0.309541848301888 0.32269886136055 0.328515774011612 0.328386068344116 0.332778871059418 0.334690982103348 0.314218688011169 0.28834393620491 0.247395491600037 0.221666175127029 0.200930133461952 0.182420349121094 0.17480535581708 0.172954664379358 0.174083037674427 0.174253129959106 0.172288350760937 0.167545954883099 0.156104040145874 0.142587585002184 0.125274758040905 0.110715825110674 0.100113383680582 0.0869849510490894 0.0777692742645741 0.0672872692346573 0.0603563331067562 0.0556624323129654 0.0476591277867556 0.04621222615242 0.0467489399015903 0.0480135515332222 0.0496870715171099 0.0497416768223047 0.0511448606848717 0.0511476069688797 0.0506891407072544 0.0498378977179527 0.0460245352238417
-9999 -9999 -9999 -9999 -9999 -9999 0.182168312370777 0.0853408319875598 0.133096426725388 0.218737876415253 0.163995783030987 0.14566458761692 0.0948651887476444 0.0551665101200342 0.0542172057146672 0.110606916621327 0.226493145525455 0.289600721001625 0.305120593309402 0.303954613208771 0.290683683753014 0.292941257357597 0.298673641681671 0.277950999140739 0.254137128591537 0.234073862433434 0.214253525435925 0.196501956880093 0.185302364826202 0.196357864141464 0.205364470183849 0.220455464720726 0.21637444794178 0.224083930253983 0.236058795452118 0.223095461726189 0.220791885256767 0.192512774467468 0.175447680056095 0.167568007111549 0.140315116941929 0.13104799836874 0.111552606523037 0.0990627348423004 0.0936553373932838 0.0818602301180363 0.0806005507707596 0.0751676470041275 0.0714097678661346 0.0690009325742722 0.0616137593984604 0.0647700801491737 0.0631811402738094 0.0597421512007713 0.0560103006660938 0.047966069355607
-9999 -9999 -9999 -9999 -9999 -9999 -9999 -9999 0.0982556603848934 0.179667618870735 0.140172348916531 0.115649648010731 0.069971239939332 0.037096877861768 0.0278654550202191 0.0794903844594955 0.197466154396534 0.261831645667553 0.276071605086327 0.277306988835335 0.263392594456673 0.264104202389717 0.260291022062302 0.234557318687439 0.217395585775375 0.204064171016216 0.190828068554401 0.170094339549541 0.162293569743633 0.176298366487026 0.197310271859169 0.205234667658806 0.206089636683464 0.219770672917366 0.240710619091988 0.254358696937561 0.249868994951248 0.239211502671242 0.227601507306099 0.213450354337692 0.196940386295319 0.179089257121086 0.161175909638405 0.145489645004272 0.133291953802109 0.120839790999889 0.111178106069565 0.101714611053467 0.0902567394077778 0.0776693217456341 0.0704555779695511 0.0677090905606747 0.0670327119529247 0.0614386700093746 0.05291463509202 0.0456334108486772
-9999 -9999 -9999 -9999 -9999 -9999 -9999 -9999 0.204138100147247 0.124505392462015 0.122091959416866 0.0964638143777847 0.0556728199124336 0.0373776846565306 0.0294101537205279 0.0658602107316256 0.198492646217346 0.265588630735874 0.262217846512795 0.256218281388283 0.237748089432716 0.225502040982246 0.209196519851685 0.178362238407135 0.167293453216553 0.166506591439247 0.152287139743567 0.123861453682184 0.116671493649483 0.143214853107929 0.165320813655853 0.176323372125626 0.16417081952095 0.183188739418983 0.226494053006172 0.248368206620216 0.265238508582115 0.255882254242897 0.255726900696754 0.258451175689697 0.2407300978899 0.231011381745338 0.207779440283775 0.189966335892677 0.180675265192986 0.160264790058136 0.144631485641003 0.12431413680315 0.103259725868702 0.0841220915317535 0.0680192306637764 0.0601421281695366 0.0562585961073637 0.0508944764733315 0.0443469765596092 0.0412005527876318
-9999 -9999 -9999 -9999 -9999 -9999 -9999 -9999 -9999 0.129984597209841 0.138588836789131 0.0755682297050953 0.0487484886543825 0.0474540097638965 0.0367309731431305 0.0661778684705496 0.202900879085064 0.284793044626713 0.263515642285347 0.241737467050552 0.218452976644039 0.193689377605915 0.162459956109524 0.12763968706131 0.121392408013344 0.123327770456672 0.109643756970763 0.0825937087647617 0.0754902622196823 0.095405787229538 0.119548519700766 0.120768922567368 0.114592032134533 0.130564774572849 0.163150659203529 0.198224732279778 0.213075813651085 0.224308234453201 0.236912477016449 0.24017094373703 0.246524783968925 0.235252127051353 0.226296582818031 0.217289155721664 0.202982333302498 0.189635744690895 0.162852111458778 0.135522742569447 0.105033378303051 0.0727494239807129 0.0503481118008494 0.0371519374661148 0.0261261047795415 0.0239950696006417 0.0302112336270511 0.0364734332077205
-9999 -9999 -9999 -9999 -9999 -9999 -9999 -9999 -9999 -9999 0.14254946000874 0.0324115995317698 0.0514782843180001 0.0631721295416355 0.0559788529761136 0.0704909302294254 0.195761972665787 0.293109995126724 0.254930001497269 0.220652538537979 0.190992012619972 0.154644128680229 0.118334248661995 0.0833457929547876 0.0721124330535531 0.0753168632276356 0.0645426753908396 0.0422305282205343 0.0379188381135464 0.056961340457201 0.0763476718217135 0.0776547148823738 0.063733046874404 0.0751557610929012 0.107691909372807 0.135579986870289 0.152027329802513 0.156887066364288 0.17630400955677 0.201347777247429 0.216905578970909 0.216057938337326 0.208528292179108 0.209393554925919 0.215678572654724 0.207413932681084 0.177073022723198 0.138167786598206 0.100108609348536 0.0654006592929363 0.0401637252420187 0.0256162328645587 0.0162328026257455 0.0124674620572478 0.0163642748259008 0.0260047656018287
-9999 -9999 -9999 -9999 -9999 -9999 -9999 -9999 -9999 -9999 -9999 0.044940634816885 0.0569268136285245 0.0816376600414515 0.0729081571102142 0.0689042784273624 0.149487487971783 0.260640305280685 0.240457919239998 0.203480240702629 0.176529262959957 0.131732420623302 0.0812813925556839 0.0452984331175685 0.0335024009458721 0.02863839995116 0.0227555158082396 0.0102545500732958 0.00832282323390245 0.0205601194873452 0.0322092350572348 0.0348202497698367 0.0309965130873024 0.0372709911316633 0.0509329177439213 0.0609398081898689 0.0800830364227295 0.090109808743 0.110580590367317 0.132558545470238 0.147248685359955 0.162677690386772 0.162009757757187 0.17526832818985 0.196588230133057 0.19692724943161 0.165740957856178 0.127845522761345 0.0917357377707958 0.0569861281663179 0.0349842621479183 0.0259666900150478 0.0225075816735625 0.0159632794559002 0.00703146487940103 0.0114205582533032
