meets/meet004/_saidas_enm/ensemble_aver_Aralia_warmingiana_CCSM_0k_Maha.asc
NCOLS 154 
NROWS 168 
XLLCORNER -112 
YLLCORNER -55.5 
CELLSIZE 0.5 
NODATA_value -9999 
[rows 50 to 74 of 168, columns 56 to 111 of 154]
-9999 -9999 -9999 -9999 -9999 -9999 -9999 -9999 -9999 -9999 -9999 -9999 -9999 -477.777435302734 -261.14299621582 -118.63678894043 -63.8731460571289 -63.9470069885254 -66.8945877075195 -52.5859230041504 -33.9315887451172 -19.6877128601074 -19.9638374328613 -31.5871074676514 -44.5335899353027 -57.9792259216309 -76.0579010009766 -104.062069702148 -133.419482421875 -167.681103515625 -194.383157348633 -167.884802246094 -131.975584411621 -84.9618728637695 -39.0171821594238 -16.9028579711914 -6.30762643814087 -4.89807910919189 -4.11946492195129 -3.75514817237854 -3.21622881889343 -2.33669579029083 -2.24968194961548 -3.90748381614685 -10.1241851806641 -26.7316452026367 -24.11409034729 -25.9852375030518 -28.2480182647705 -26.5958576202393 -28.6411991119385 -33.202027130127 -25.5455249786377 -24.2043785095215 -25.3282772064209 -21.8008331298828
-9999 -9999 -9999 -9999 -9999 -9999 -9999 -9999 -9999 -9999 -9999 -9999 -9999 -208.92473449707 -147.765679931641 -93.9634429931641 -57.9423606872559 -50.5956764221191 -50.3735572814941 -45.5561698913574 -37.1169769287109 -34.0398231506348 -32.0100147247314 -41.6083862304688 -55.3087882995605 -73.1981811523438 -96.7135070800781 -128.897833251953 -168.010354614258 -211.075344848633 -235.836993408203 -216.546612548828 -171.610275268555 -112.273649597168 -58.7965507507324 -26.7947799682617 -10.8716590881348 -4.82423915863037 -3.94392685890198 -2.84684996604919 -2.29113686084747 -2.23074531555176 -2.90423727035522 -4.62399787902832 -8.34650564193726 -12.8945871353149 -15.6755300521851 -15.9859115600586 -18.7482498168945 -23.4708690643311 -28.6097148895264 -29.6380348205566 -25.0485557556152 -24.8934791564941 -23.4656875610352 -19.9362331390381
-9999 -9999 -9999 -9999 -9999 -9999 -9999 -9999 -9999 -9999 -9999 -199.911090087891 -133.242897033691 -100.976428222656 -100.95051574707 -84.8985855102539 -62.1124893188477 -43.8700820922852 -38.8848747253418 -47.0132339477539 -46.0015899658203 -49.8920761108398 -58.1170585632324 -70.8494445800781 -88.5051391601562 -108.549618530273 -141.021524047852 -179.777392578125 -223.578564453125 -270.257458496094 -295.941479492188 -259.418252563477 -200.755084228516 -131.478713989258 -70.0316062927246 -32.6519454956055 -15.2536426544189 -7.73698205947876 -5.14000425338745 -4.04772167205811 -2.42864565849304 -2.90169968605041 -3.60884895324707 -4.86673393249512 -6.63839979171753 -7.65637426376343 -11.2122724533081 -11.5618213653564 -15.5376165390015 -25.6591747283936 -29.1369678497314 -25.0737453460693 -25.4172016143799 -26.7297145843506 -22.6639049530029 -17.9843572616577
-9999 -9999 -9999 -9999 -9999 -9999 -9999 -9999 -9999 -9999 -183.339559936523 -116.144732666016 -81.0971099853516 -75.098210144043 -74.3983932495117 -82.8853454589844 -81.8787384033203 -61.3818428039551 -53.334937286377 -59.6412261962891 -64.271257019043 -73.2849624633789 -86.6509185791016 -103.205451965332 -124.516361999512 -152.887908935547 -191.484478759766 -236.371621704102 -282.721954345703 -320.699145507812 -332.066369628906 -286.037976074219 -214.472894287109 -138.964469909668 -78.1634582519531 -38.3300750732422 -19.2924365997314 -11.4465312957764 -9.49332008361816 -8.44988489151001 -5.7427152633667 -5.45162992477417 -5.58725280761719 -6.72197561264038 -9.46561965942383 -11.7810346603394 -15.9820222854614 -19.6416660308838 -27.0315578460693 -27.7213855743408 -23.1783050537109 -22.9464408874512 -26.7954776763916 -27.6908920288086 -19.9344562530518 -14.5404623031616
-9999 -9999 -9999 -9999 -9999 -9999 -9999 -9999 -9999 -9999 -91.8664840698242 -57.4036743164063 -73.1388801574707 -62.6638763427734 -58.3216331481934 -70.9045837402344 -94.2260757446289 -96.0467529296875 -86.4851654052734 -89.629850769043 -94.9920776367187 -107.670727539062 -123.719667053223 -142.436143493652 -170.655053710937 -204.599694824219 -248.476187133789 -297.212963867188 -310.773254394531 -302.16484375 -325.030749511719 -297.036419677734 -225.491400146484 -147.989111328125 -85.8038864135742 -45.320142364502 -26.7295196533203 -17.6011566162109 -14.1488250732422 -13.6054985046387 -12.4060066223145 -11.896587562561 -11.5181552886963 -13.2209777832031 -17.3699426651001 -21.4182662963867 -30.1534160614014 -28.8221542358398 -22.8409336090088 -21.684782409668 -21.280318069458 -24.8371757507324 -28.8343982696533 -29.7916427612305 -19.6675453186035 -13.2881181716919
-9999 -9999 -9999 -9999 -9999 -9999 -9999 -9999 -153.333184814453 -78.5515518188477 -28.3914363861084 -31.1922836303711 -62.0424446105957 -61.0378234863281 -49.9725456237793 -62.3298942565918 -93.571257019043 -118.707368469238 -124.804956054687 -130.870401000977 -138.852627563477 -150.74612121582 -161.690585327148 -182.279425048828 -218.320785522461 -226.999978637695 -237.970397949219 -237.269473266602 -241.99326171875 -249.541497802734 -248.004608154297 -241.604867553711 -226.301522827148 -157.566592407227 -97.7851257324219 -58.9747627258301 -38.1212295532227 -27.3256134033203 -22.4073181152344 -21.9852931976318 -22.3740375518799 -24.2481067657471 -24.1378498077393 -26.9418807983398 -33.2374820709229 -27.9212646484375 -23.4831470489502 -22.0841918945313 -24.0234912872314 -28.3929569244385 -31.7666744232178 -34.8772445678711 -37.7041778564453 -37.6289077758789 -23.2777606964111 -14.141494178772
-9999 -9999 -9999 -9999 -9999 -9999 -9999 -9999 -100.521626281738 -34.8937847137451 -7.88056163787842 -22.4829593658447 -53.1627746582031 -52.3295524597168 -43.9291694641113 -56.13740234375 -81.307780456543 -119.374182128906 -136.849411010742 -144.888789367676 -155.07705078125 -161.32978515625 -167.995297241211 -168.086026000977 -172.803332519531 -176.496411132813 -180.81647644043 -188.611407470703 -189.991635131836 -186.636532592773 -183.561187744141 -181.296594238281 -179.385971069336 -171.595935058594 -114.112109375 -78.2111831665039 -58.3005630493164 -44.6528717041016 -38.5885238647461 -38.185270690918 -39.7500991821289 -43.103099822998 -44.317423248291 -38.6461273193359 -35.2134288787842 -33.6336681365967 -38.0294616699219 -43.5178092956543 -52.7383903503418 -59.8946746826172 -61.6294052124023 -62.0287651062012 -58.7267837524414 -48.6914161682129 -29.1333808898926 -16.8712484359741
-9999 -9999 -9999 -9999 -9999 -9999 -9999 -113.456916809082 -61.2876609802246 -19.8473804473877 -3.83686494827271 -16.6028783798218 -42.2045066833496 -48.2317733764648 -43.8730400085449 -51.111994934082 -72.4331588745117 -101.403602600098 -110.662576293945 -120.776431274414 -130.46735534668 -132.532986450195 -137.189999389648 -137.996051025391 -141.028436279297 -146.845770263672 -146.366076660156 -144.919577026367 -145.762017822266 -145.971890258789 -146.718075561523 -145.120434570313 -143.328283691406 -139.717211914062 -133.865246582031 -101.53440246582 -82.2279891967773 -71.1030006408691 -64.8242088317871 -63.2973457336426 -60.4530578613281 -59.2487480163574 -58.3674911499023 -58.0411277770996 -62.59921875 -71.8689651489258 -85.0068603515625 -97.438264465332 -108.534135437012 -114.67364654541 -113.304978942871 -104.632104492187 -89.623486328125 -63.430052947998 -36.2619407653809 -19.9656021118164
-9999 -9999 -9999 -9999 -9999 -9999 -9999 -86.204606628418 -38.1297088623047 -8.32716054916382 -2.98506550788879 -14.4769344329834 -47.514282989502 -59.7852531433105 -51.3712661743164 -47.8438697814941 -66.0080322265625 -82.6142776489258 -89.2723266601563 -94.0500518798828 -100.220643615723 -104.590986633301 -110.579747009277 -109.297465515137 -106.824331665039 -109.92152557373 -109.111186218262 -112.981759643555 -112.238752746582 -107.833601379395 -108.976751708984 -109.735778808594 -114.234646606445 -116.610772705078 -118.514099121094 -126.390113830566 -107.793244934082 -94.7531661987305 -89.3222686767578 -89.0787948608398 -88.8289672851563 -95.1353637695313 -102.507244873047 -115.071133422852 -134.763883972168 -150.953601074219 -168.075427246094 -173.910983276367 -175.294143676758 -163.506637573242 -154.544723510742 -134.041566467285 -116.803605651855 -81.2877304077148 -48.5086814880371 -26.2934581756592
-9999 -9999 -9999 -9999 -9999 -9999 -109.179071044922 -66.8435569763184 -24.1992370605469 -4.55651721954346 -1.02778723239899 -15.0842037200928 -69.2701805114746 -88.638996887207 -61.4287498474121 -47.9063987731934 -54.7569175720215 -64.6629669189453 -69.2693733215332 -73.323543548584 -79.255632019043 -81.4490982055664 -82.3947952270508 -81.4370223999023 -83.4181457519531 -84.1010223388672 -85.648860168457 -84.9002059936523 -83.7416198730469 -86.2985198974609 -86.1652709960938 -88.9740936279297 -90.9196533203125 -93.2601913452148 -99.4073883056641 -104.49130859375 -112.51388092041 -117.802520751953 -125.332051086426 -130.742021179199 -133.38391418457 -139.360055541992 -140.525238037109 -142.622958374023 -149.651266479492 -153.188244628906 -156.84289855957 -154.87958984375 -153.419610595703 -149.660501098633 -141.55383605957 -125.927171325684 -108.311622619629 -90.0083679199219 -58.8594230651855 -34.6230243682861
-9999 -9999 -9999 -9999 -9999 -9999 -87.7066055297852 -50.843285369873 -17.7602180480957 -1.92169406414032 -2.20674934387207 -19.6762786865234 -77.2999450683594 -83.8393905639648 -57.9430397033691 -43.0043464660645 -46.9016143798828 -53.1649543762207 -54.9929718017578 -56.3567352294922 -58.7020088195801 -59.9469078063965 -61.1146514892578 -60.7768867492676 -61.3099212646484 -63.281566619873 -62.7170516967773 -62.3079368591309 -62.0871604919434 -62.8904296875 -65.1643684387207 -66.9287475585938 -70.1778038024902 -72.8902618408203 -76.3306671142578 -81.3391723632812 -85.2430709838867 -90.7329864501953 -94.2553039550781 -96.5907592773438 -102.601934814453 -104.971574401855 -109.239102172852 -116.184428405762 -121.372579956055 -129.153562927246 -129.480302429199 -130.78869934082 -129.735313415527 -123.628247070312 -117.250849914551 -102.677517700195 -89.40654296875 -75.9700057983398 -68.3362480163574 -47.5717803955078
-9999 -9999 -9999 -9999 -9999 -9999 -78.7297897338867 -45.2079025268555 -15.6448663711548 -1.28885798454285 -3.90842146873474 -20.5900058746338 -66.764134979248 -68.1422248840332 -49.2356567382812 -39.7853569030762 -41.5351379394531 -44.1639167785645 -44.5138847351074 -45.502400970459 -47.3532302856445 -47.5783554077148 -47.6519111633301 -47.3645095825195 -48.8539741516113 -49.2293800354004 -49.7270843505859 -48.5276809692383 -47.6375946044922 -50.0793594360352 -50.9615280151367 -53.7166610717773 -55.5794456481934 -58.0092346191406 -61.8090576171875 -64.4394233703613 -68.0585235595703 -70.331852722168 -73.9539611816406 -78.8594665527344 -82.6781860351562 -88.4889938354492 -92.2299560546875 -98.4191864013672 -105.078761291504 -109.338952636719 -111.349005126953 -109.231777954102 -106.300276184082 -102.167088317871 -94.2301834106445 -84.0221405029297 -71.6037185668945 -62.0644691467285 -59.4738166809082 -55.8769149780273
-9999 -9999 -9999 -9999 -9999 -9999 -9999 -38.0516761779785 -13.7301677703857 -1.05663938522339 -4.08739061355591 -16.5237680435181 -50.8859466552734 -50.941283416748 -40.4848602294922 -36.4325428009033 -37.0000267028809 -36.2596069335938 -36.0666385650635 -35.6143939971924 -35.6349895477295 -35.6431190490723 -36.1517925262451 -36.147908782959 -36.007442855835 -36.4756881713867 -36.005500793457 -35.9193778991699 -35.5068328857422 -36.2440361022949 -38.1156444549561 -39.6027793884277 -41.9873352050781 -43.5415649414062 -45.0181495666504 -47.7778213500977 -49.6349472045898 -52.3599563598633 -55.51103515625 -58.3068473815918 -63.6622802734375 -67.9796173095703 -74.2089477539062 -79.7569137573242 -82.375163269043 -85.9020477294922 -83.8899856567383 -82.277864074707 -79.0433135986328 -73.9978408813477 -68.5086380004883 -59.8784034729004 -52.6736885070801 -46.6610084533691 -44.3069641113281 -43.4315803527832
-9999 -9999 -9999 -9999 -9999 -9999 -9999 -9999 -12.2235336303711 -1.5078705072403 -2.29777421951294 -14.2055288314819 -41.1623062133789 -37.5964233398438 -32.7014945983887 -32.8215042114258 -32.520690536499 -31.039185333252 -30.4637870788574 -29.6990608215332 -29.1322341918945 -28.9966220855713 -28.9942958831787 -28.9109375 -28.7456230163574 -28.184733581543 -28.1270736694336 -27.6418827056885 -27.3684928894043 -28.3223308563232 -29.2188133239746 -31.0583312988281 -32.4208660125732 -33.8520641326904 -35.7691303253174 -37.3713283538818 -39.1967681884766 -40.8491096496582 -42.9928680419922 -47.1408164978027 -51.7610954284668 -56.9437965393066 -61.7973411560059 -69.3354782104492 -75.0061614990234 -80.1276611328125 -79.9465850830078 -77.8199523925781 -74.9621673583984 -70.8029174804688 -64.5238784790039 -55.9394096374512 -47.0965255737305 -38.9399719238281 -34.3424404144287 -32.4238204956055
-9999 -9999 -9999 -9999 -9999 -9999 -32.3584922790527 -20.322819519043 -6.98018655776978 -4.32334651947022 -6.04514865875244 -16.744277381897 -35.2753509521484 -32.4858093261719 -28.0447330474854 -27.10625 -28.415905380249 -28.0184619903564 -27.0462322235107 -25.5006561279297 -24.0960166931152 -23.2464344024658 -22.8206447601318 -22.4827220916748 -21.8282817840576 -21.4778018951416 -20.9894138336182 -20.7883186340332 -20.6357772827148 -20.8570583343506 -21.6475189208984 -22.6771808624268 -23.9977993011475 -24.9189098358154 -25.8455863952637 -27.2810523986816 -28.2984504699707 -30.1468048095703 -31.6810279846191 -35.642578125 -43.0279716491699 -50.2447906494141 -58.8336296081543 -65.8217872619629 -70.255810546875 -73.8586807250977 -72.6442230224609 -70.2319580078125 -67.0655204772949 -62.5998870849609 -57.8624557495117 -50.1158111572266 -41.9555908203125 -34.0478057861328 -28.28505859375 -24.4223281860352
-9999 -9999 -9999 -9999 -9999 -45.4409278869629 -19.3906635284424 -12.7544326782227 -8.05634546279907 -8.36430130004883 -10.3600053787231 -20.9006446838379 -33.1010208129883 -29.3196842193604 -25.5837726593018 -23.5997272491455 -26.4920227050781 -25.5384334564209 -24.512805557251 -22.8959018707275 -20.9915626525879 -20.135555267334 -18.7375682830811 -17.8225397109985 -17.268035697937 -16.3856151580811 -16.1465841293335 -15.4923643112183 -15.1486806869507 -15.6474918365479 -15.7309579849243 -16.4197759628296 -17.0799724578857 -17.7258918762207 -18.985814666748 -19.7197399139404 -21.6462741851807 -24.0638572692871 -27.0839382171631 -31.6551845550537 -39.4958770751953 -47.0160720825195 -54.304955291748 -60.6867034912109 -64.4758903503418 -67.9776245117187 -65.5147338867187 -61.7322715759277 -58.5961265563965 -55.7133232116699 -52.3695114135742 -45.0293991088867 -37.3863761901855 -30.0696388244629 -24.5626899719238 -19.6036701202393
-9999 -9999 -9999 -9999 -9999 -20.5066669464111 -14.1201025009155 -8.91748847961426 -9.66392593383789 -11.4338823318481 -16.0072059631348 -24.1961986541748 -29.0150394439697 -24.8344974517822 -23.0540302276611 -23.9649223327637 -25.275333404541 -23.5320240020752 -22.2076156616211 -19.4869888305664 -18.0122737884521 -16.8548023223877 -15.5862468719482 -14.5465799331665 -13.4402538299561 -12.9577226638794 -12.484114074707 -12.1538869857788 -11.9789386749268 -11.934005355835 -12.2144548416138 -12.5324230194092 -13.14944190979 -13.6945371627808 -14.3904350280762 -15.7562295913696 -17.5978610992432 -20.6278942108154 -23.7168296813965 -26.91960105896 -33.9833106994629 -40.8495613098145 -48.0441581726074 -53.2212959289551 -55.557356262207 -57.0284217834473 -55.2310523986816 -52.7090217590332 -50.101838684082 -47.0221656799316 -43.8964576721191 -38.6779426574707 -32.9342666625977 -27.1911811828613 -22.8153686523438 -19.7973903656006
-9999 -9999 -9999 -9999 -9999 -9999 -8.02169933319092 -7.49840211868286 -9.37421627044678 -17.7680393218994 -20.9011856079102 -28.0055812835693 -28.8673694610596 -23.0224758148193 -23.3063701629639 -25.8387561798096 -25.6209476470947 -22.2046535491943 -20.4467395782471 -17.6110879898071 -16.7369173049927 -14.8596477508545 -13.6942171096802 -12.4342761993408 -11.2704889297485 -11.1068706512451 -10.4543056488037 -10.1433887481689 -9.8674280166626 -9.77825298309326 -10.1994323730469 -10.1847339630127 -10.6724544525146 -10.9058689117432 -11.2554447174072 -12.6195608139038 -14.3713041305542 -17.4315631866455 -20.2923027038574 -22.4885063171387 -28.2687953948975 -33.8058246612549 -39.9991333007813 -44.0199699401855 -45.1317581176758 -46.8607894897461 -44.9547431945801 -43.2074867248535 -41.1447692871094 -38.6159927368164 -36.5419563293457 -33.0110305786133 -29.1794513702393 -25.1706211090088 -22.4437152862549 -20.7606330871582
-9999 -9999 -9999 -9999 -9999 -9999 -9.86773815155029 -7.91604080200195 -10.8927658081055 -18.1401790618896 -26.5707641601563 -33.0798290252686 -40.4960899353027 -39.0648750305176 -30.7406211853027 -28.2658992767334 -24.1345066070557 -22.7732810974121 -20.1469249725342 -16.6732803344727 -13.5936071395874 -12.5678142547607 -11.3836576461792 -10.3446891784668 -9.45517797470093 -8.7043381690979 -8.0321813583374 -7.37906732559204 -7.23547964096069 -7.48016843795776 -7.90698680877686 -8.27421226501465 -8.768674659729 -9.43534107208252 -10.1457130432129 -11.1404094696045 -12.9723304748535 -15.5869674682617 -17.8508445739746 -19.5141441345215 -21.8943161010742 -26.678263092041 -31.1795921325684 -34.1556144714355 -35.3077369689941 -36.0337036132812 -35.3301467895508 -34.288842010498 -33.0491947174072 -31.5211223602295 -30.1899974822998 -28.2611236572266 -26.7629932403564 -24.6379058837891 -23.3235252380371 -22.9046936035156
-9999 -9999 -9999 -9999 -9999 -9999 -12.2796966552734 -10.7157918930054 -13.1217527389526 -20.1811367034912 -30.851301574707 -42.1794158935547 -55.9072425842285 -54.8245956420898 -42.9632469177246 -32.7866550445557 -26.229594039917 -24.0588802337646 -19.4492679595947 -15.5816301345825 -11.2326316833496 -9.57502880096436 -8.75721158981323 -7.71891403198242 -6.58375005722046 -6.06157398223877 -5.30578012466431 -4.92554721832275 -4.77268209457397 -4.79418911933899 -5.36289329528809 -5.39561152458191 -6.07242040634155 -6.79861011505127 -7.80145435333252 -9.38870248794556 -10.5312635421753 -12.9240579605103 -14.9016363143921 -15.9316368103027 -17.8569797515869 -19.4794319152832 -22.9511474609375 -25.1534553527832 -25.5510704040527 -26.7578449249268 -26.0919269561768 -26.0604286193848 -25.5155750274658 -24.4572986602783 -24.4549682617188 -22.897815322876 -23.09111328125 -22.9574928283691 -22.8988723754883 -24.598099899292
-9999 -9999 -9999 -9999 -9999 -9999 -9999 -9999 -29.1649307250977 -24.707479095459 -24.3064437866211 -42.806379699707 -73.8116928100586 -70.553630065918 -52.693968963623 -35.9775535583496 -27.1856662750244 -29.0622177124023 -23.1110763549805 -15.045973777771 -9.34502258300781 -8.15044889450073 -8.3721923828125 -7.39521226882935 -5.67228813171387 -4.51638717651367 -4.08255243301392 -3.82747132778168 -3.69773993492126 -3.48710339069366 -3.47883806228638 -3.64357192516327 -3.92335293292999 -4.43915328979492 -5.23233299255371 -6.50772171020508 -7.6457691192627 -9.03399248123169 -10.5200960159302 -12.0099393844604 -13.6651927947998 -14.9173866271973 -16.2749122619629 -17.7574222564697 -18.6535671234131 -19.2586177825928 -19.3344837188721 -19.2461891174316 -19.1641212463379 -19.0740474700928 -18.9879035949707 -18.7921474456787 -19.3021156311035 -20.3337589263916 -21.8330860137939 -24.1661251068115
-9999 -9999 -9999 -9999 -9999 -9999 -9999 -9999 -20.4937088012695 -24.9732196807861 -19.4131999969482 -43.852384185791 -91.4848098754883 -86.9792266845703 -62.5966583251953 -40.1423110961914 -25.2094024658203 -28.0293918609619 -23.4836490631104 -13.489296913147 -8.22128133773804 -7.33101253509521 -7.54956398010254 -6.71290483474731 -5.18348832130432 -4.01936664581299 -3.63926939964294 -3.66354072093964 -3.45666031837463 -2.91493843793869 -2.74409050941467 -2.67803291082382 -3.00672001838684 -3.19914443492889 -3.36951675415039 -4.30848269462585 -4.96480808258057 -6.10101804733276 -6.97535772323608 -7.76208820343018 -9.18874053955078 -9.87360725402832 -11.0380046844482 -11.9258121490479 -12.4495441436768 -13.3450611114502 -13.6199600219727 -14.3602663040161 -15.0981943130493 -15.6425073623657 -16.5219900131226 -16.5663108825684 -17.3654664993286 -18.4246997833252 -19.8563430786133 -22.4832000732422
-9999 -9999 -9999 -9999 -9999 -9999 -9999 -9999 -9999 -24.2057476043701 -16.2598987579346 -45.2181030273438 -111.507969665527 -106.978244018555 -72.0233726501465 -41.3863899230957 -20.9396183013916 -20.9656982421875 -18.4322387695312 -12.2713024139404 -7.29163799285889 -6.52795572280884 -7.22192659378052 -6.48310966491699 -4.92071061134338 -3.78806233406067 -3.48880581855774 -3.42764966487885 -3.2388667345047 -2.99318788051605 -2.75895136594772 -2.71934790611267 -2.80808894634247 -2.86099034547806 -2.87058703899384 -3.20518298149109 -3.57938058376312 -4.06776967048645 -4.68774909973145 -5.29442391395569 -5.90375194549561 -6.51908445358276 -7.13569803237915 -7.90195465087891 -8.8516565322876 -9.69645671844482 -10.5278419494629 -11.6008316040039 -12.8468883514404 -14.2521520614624 -15.4442674636841 -16.0238742828369 -16.4153985977173 -17.0399383544922 -18.1111156463623 -19.9203296661377
-9999 -9999 -9999 -9999 -9999 -9999 -9999 -9999 -9999 -9999 -19.0755619049072 -54.2650695800781 -113.605673217773 -109.091635131836 -73.8725616455078 -40.1450126647949 -15.0476184844971 -12.249308013916 -12.4447505950928 -9.13221292495728 -6.43918228149414 -5.91608180999756 -6.65648093223572 -6.30610570907593 -4.59972195625305 -3.56665434837341 -3.39345128536224 -3.53110218048096 -3.3634517788887 -2.86874175071716 -2.67665173411369 -2.75274414420128 -3.02524971961975 -3.12315353155136 -2.75628492832184 -2.76627327203751 -2.7811311006546 -3.01751796007156 -3.14188921451569 -3.23808567523956 -3.62774474620819 -3.90173516273499 -4.37324743270874 -4.96378965377808 -5.67958135604858 -6.56674213409424 -7.51601181030273 -9.05416202545166 -10.6654102325439 -12.2130756378174 -13.9082372665405 -14.8976320266724 -15.7208776473999 -15.7698595046997 -15.5277967453003 -16.4030479431152
-9999 -9999 -9999 -9999 -9999 -9999 -9999 -9999 -9999 -9999 -9999 -66.5394821166992 -98.4630187988281 -91.5332214355469 -66.3349334716797 -36.8997787475586 -10.667170715332 -4.99265899658203 -7.21639003753662 -6.80635194778442 -6.19484367370606 -5.70614008903503 -5.81596961021423 -5.62424578666687 -4.56665477752686 -3.83633260726929 -3.65978224277496 -3.60190813541412 -3.48552130460739 -3.15842773914337 -3.07626182436943 -3.18450209498405 -3.23912157416344 -3.16644290089607 -3.00021127462387 -3.15884779691696 -2.8239361166954 -2.62421151399612 -2.42894822955132 -2.28316441774368 -2.3232128739357 -2.38148310184479 -2.60709857940674 -2.90254678726196 -3.55526170730591 -4.41502456665039 -5.2309684753418 -6.45402545928955 -8.04874458312988 -9.94724445343018 -12.0134130477905 -13.2571575164795 -14.147034072876 -14.1821374893188 -13.3124515533447 -12.8997982025146
