meets/meet004/_saidas_enm/ensemble_aver_Aralia_warmingiana_CCSM_21k_Maha.asc
NCOLS 154 
NROWS 168 
XLLCORNER -112 
YLLCORNER -55.5 
CELLSIZE 0.5 
NODATA_value -9999 
[rows 50 to 74 of 168, columns 56 to 111 of 154]
-9999 -9999 -9999 -9999 -9999 -9999 -9999 -9999 -9999 -9999 -9999 -9999 -9999 -489.912432861328 -219.928793334961 -89.9413024902344 -68.2701805114746 -75.5196220397949 -71.356999206543 -50.5483367919922 -33.3527877807617 -15.5572103500366 -9.90119819641113 -13.31399974823 -21.9646339416504 -31.6161926269531 -45.8761650085449 -72.8780960083008 -94.5131729125977 -129.421159362793 -145.315512084961 -129.501271057129 -93.7522598266602 -57.3168075561523 -20.0566390991211 -9.25249919891357 -5.84258689880371 -2.68634386062622 -2.94240407943726 -4.35935001373291 -3.8633629322052 -4.64588203430176 -4.2602002620697 -5.46124277114868 -8.33302021026611 -13.4638294219971 -13.6272016525269 -11.6353891372681 -9.55962333679199 -5.82304048538208 -3.52716174125671 -4.79192390441895 -4.32604746818542 -3.19798011779785 -2.08844180107117 -2.11982581615448
-9999 -9999 -9999 -9999 -9999 -9999 -9999 -9999 -9999 -9999 -9999 -9999 -9999 -291.660064697266 -155.329592895508 -75.056037902832 -55.8228134155273 -53.471280670166 -48.1244636535645 -40.5293472290039 -25.8703617095947 -10.2313272476196 -3.41126070022583 -3.7999861240387 -9.71352787017822 -16.3341487884521 -30.0695945739746 -50.8439949035645 -70.7670684814453 -95.4881896972656 -110.57699432373 -95.2791702270508 -71.7622985839844 -41.6100395202637 -15.9170545578003 -6.871728515625 -4.56563959121704 -1.71825413703918 -1.51164081096649 -2.20705490112305 -2.35328197479248 -3.31909651756287 -2.85549788475037 -2.91100115776062 -4.09807558059692 -4.56621971130371 -4.51648683547974 -3.00506749153137 -2.43244800567627 -2.42912764549255 -2.34801182746887 -3.50654845237732 -3.24443645477295 -2.89491372108459 -2.62624125480652 -2.92525444030762
-9999 -9999 -9999 -9999 -9999 -9999 -9999 -9999 -9999 -9999 -9999 -284.030749511719 -218.486724853516 -188.318591308594 -122.608450317383 -67.5180480957031 -47.1340270996094 -34.7995323181152 -28.2207786560059 -27.0364181518555 -22.0600166320801 -10.466591835022 -4.94111633300781 -4.86069946289062 -9.27049617767334 -17.6423625946045 -28.9489002227783 -51.7368965148926 -71.2153244018555 -91.3311767578125 -105.334043884277 -82.1844085693359 -55.2245185852051 -28.959895324707 -8.12471084594727 -3.57478075027466 -3.59369812011719 -1.66076192855835 -1.90473754405975 -2.66779427528381 -3.02270255088806 -3.3181248664856 -2.80332746505737 -2.98654136657715 -3.88471636772156 -3.42347884178162 -3.27434477806091 -3.23053689002991 -2.371306848526 -2.0042498588562 -2.37522020339966 -3.01537165641785 -3.17351803779602 -3.1471785068512 -3.35345125198364 -3.86654901504517
-9999 -9999 -9999 -9999 -9999 -9999 -9999 -9999 -9999 -9999 -235.513735961914 -196.843853759766 -163.037954711914 -171.045867919922 -135.85712890625 -89.4110549926758 -51.0798942565918 -29.2643730163574 -20.1407062530518 -18.329238319397 -18.8988370895386 -17.1688961029053 -17.0384599685669 -19.2023960113525 -24.4868545532227 -34.6866024017334 -50.1569526672363 -70.3911819458008 -88.8247787475586 -108.904705810547 -113.637440490723 -87.9208282470703 -53.3585311889648 -25.6529838562012 -6.86209411621094 -2.03488838672638 -2.93657670021057 -2.68225312232971 -2.73443789482117 -3.41245083808899 -3.46750717163086 -3.3390860080719 -3.10646681785583 -3.19333453178406 -3.7439727306366 -3.21646771430969 -2.80520029067993 -2.23676173686981 -2.0156445980072 -2.85223379135132 -3.50275640487671 -4.53861093521118 -4.37690896987915 -4.48989996910095 -5.20278663635254 -5.6641918182373
-9999 -9999 -9999 -9999 -9999 -9999 -9999 -9999 -9999 -9999 -132.697959899902 -115.822856140137 -145.192637634277 -151.961584472656 -150.642004394531 -119.883047485352 -73.9315185546875 -43.1207008361816 -31.8596542358398 -27.32802734375 -25.7681907653809 -30.1531845092773 -37.1211082458496 -43.7762573242187 -51.0561325073242 -60.8823097229004 -77.1389755249023 -99.6258926391602 -120.564724731445 -139.953894042969 -141.992111206055 -108.910414123535 -64.1610649108887 -32.0560516357422 -9.40071411132812 -1.88638010025024 -1.93635902404785 -3.44529752731323 -3.2524619102478 -2.95087065696716 -2.83416452407837 -2.5681637763977 -2.46559681892395 -2.55021262168884 -2.32182688713074 -2.24824469089508 -2.78715806007385 -3.34981670379639 -5.2160062789917 -7.51294422149658 -8.24803371429443 -9.64482936859131 -9.02353773117065 -9.14378223419189 -10.5780160903931 -10.6752294540405
-9999 -9999 -9999 -9999 -9999 -9999 -9999 -9999 -170.67751159668 -95.2755035400391 -52.5272445678711 -75.8114135742187 -132.291520690918 -136.452581787109 -118.819660949707 -124.39633026123 -105.53302154541 -71.5147979736328 -57.7327995300293 -51.7569313049316 -49.2943054199219 -53.0368194580078 -60.8492149353027 -69.9543830871582 -77.7244445800781 -90.3559341430664 -110.591015625 -137.134837341309 -161.558126831055 -166.255065917969 -159.953082275391 -119.822129821777 -76.6051071166992 -38.5767807006836 -14.1652778625488 -3.21733675003052 -1.64976787567139 -3.0627899646759 -3.19924373626709 -2.34557628631592 -1.90565247535706 -1.63717260360718 -1.54204893112183 -1.53572006225586 -2.40682835578918 -4.01245994567871 -7.52188577651978 -12.2791460037231 -17.4625473022461 -21.6056938171387 -22.9903980255127 -23.7191120147705 -21.2699241638184 -20.4050815582275 -22.0241645812988 -22.4513156890869
-9999 -9999 -9999 -9999 -9999 -9999 -9999 -9999 -104.852180480957 -41.991764831543 -27.683812713623 -57.3347381591797 -126.486944580078 -124.185057067871 -98.1185791015625 -94.3858367919922 -108.060723876953 -108.340023803711 -94.8712554931641 -86.4335144042969 -86.6348022460938 -91.2524017333984 -94.4209625244141 -100.770262145996 -116.584594726562 -135.749807739258 -155.576614379883 -179.038415527344 -191.694592285156 -194.371185302734 -180.481439208984 -136.734375 -86.4879821777344 -49.1241310119629 -20.9395355224609 -7.62291460037231 -3.14789762496948 -2.5837598323822 -3.09029064178467 -4.42018003463745 -3.70929207801819 -3.81414818763733 -4.10704073905945 -6.00431499481201 -8.86269292831421 -14.0399877548218 -22.5110111236572 -32.0725757598877 -42.177165222168 -45.1877265930176 -46.308366394043 -44.3462013244629 -40.4746704101562 -38.8397132873535 -38.3529037475586 -38.078392791748
-9999 -9999 -9999 -9999 -9999 -9999 -9999 -111.659446716309 -58.7213539123535 -22.5281497955322 -20.423217010498 -54.7422843933105 -132.427537536621 -137.924781799316 -95.7763076782227 -77.5669815063477 -86.5212005615234 -108.608416748047 -114.517378234863 -128.631295776367 -133.526303100586 -135.666744995117 -137.637110900879 -144.419195556641 -159.044027709961 -167.927542114258 -169.565914916992 -167.979983520508 -172.741641235352 -176.648547363281 -180.713906860352 -146.219647216797 -100.521022033691 -62.282852935791 -32.800704574585 -17.0635623931885 -9.21709327697754 -5.44959230422974 -5.13655166625977 -6.63443365097046 -9.24965667724609 -13.7152008056641 -17.1507659912109 -22.1059181213379 -29.14153175354 -40.3819519042969 -44.443025970459 -43.028865814209 -42.6799537658691 -43.701887512207 -44.9464134216309 -45.7987976074219 -47.5873779296875 -51.2615303039551 -55.7590309143066 -59.2623443603516
-9999 -9999 -9999 -9999 -9999 -9999 -9999 -76.5976638793945 -32.7953125 -13.8267881393433 -15.6626880645752 -55.8074775695801 -134.109637451172 -153.508099365234 -101.894486999512 -65.890128326416 -70.6058441162109 -83.8721893310547 -92.1947113037109 -105.287712097168 -115.142233276367 -123.866400146484 -133.204080200195 -131.647554016113 -132.057772827148 -135.800408935547 -134.527586364746 -138.696647644043 -138.129425048828 -133.458250427246 -134.742666625977 -135.525471496582 -115.328846740723 -81.1388946533203 -52.8204833984375 -34.5658420562744 -23.6350383758545 -17.2188720703125 -16.1120412826538 -18.9619388580322 -24.1376312255859 -32.2734115600586 -44.2594009399414 -58.3218658447266 -58.4955406188965 -54.4357749938965 -53.9707801818848 -52.440901184082 -52.8730186462402 -56.0468490600586 -55.1657020568848 -50.9329322814941 -44.1975479125977 -40.7264175415039 -40.6684860229492 -42.9520133972168
-9999 -9999 -9999 -9999 -9999 -9999 -107.969891357422 -46.0614433288574 -14.7580926895142 -9.44020824432373 -12.5688190460205 -53.4121757507324 -143.994281005859 -180.533514404297 -108.93247833252 -64.8786293029785 -59.5493804931641 -65.155445098877 -71.1859237670898 -84.4165832519531 -94.2951248168945 -97.3840179443359 -102.692515563965 -102.536419677734 -104.68519744873 -106.321061706543 -106.581048583984 -104.284873962402 -106.155107116699 -112.458140563965 -116.301647949219 -122.434837341309 -124.057850646973 -104.895660400391 -79.5536148071289 -63.9694473266602 -51.3206932067871 -45.8401641845703 -45.7596290588379 -50.0762603759766 -61.6907188415527 -70.7912528991699 -70.7612396240234 -68.4763526916504 -68.7498847961426 -72.0364807128906 -75.4979644775391 -80.7167892456055 -80.2515930175781 -85.6650588989258 -78.1418014526367 -71.6770935058594 -59.1583450317383 -51.1870513916016 -48.0684028625488 -43.1014846801758
-9999 -9999 -9999 -9999 -9999 -9999 -84.907389831543 -29.5995288848877 -10.2179647445679 -9.28599452972412 -16.4042900085449 -55.2481536865234 -143.654702758789 -180.55559387207 -114.710438537598 -64.0706924438477 -54.5926712036133 -56.5348655700684 -60.1267723083496 -69.2036727905273 -74.5958572387695 -76.3301055908203 -78.5882614135742 -77.2164810180664 -78.0978881835938 -80.7754608154297 -79.8201736450195 -80.250700378418 -81.5940933227539 -84.7558013916016 -89.9944152832031 -93.3953430175781 -98.0754211425781 -101.993223571777 -100.39421081543 -90.2185501098633 -81.9180068969727 -79.1041198730469 -78.9834671020508 -74.7966583251953 -70.5601768493652 -72.1707763671875 -75.3778274536133 -78.6851654052734 -90.6631088256836 -87.9986053466797 -83.2456771850586 -75.2341339111328 -65.9373161315918 -58.2228950500488 -53.0714042663574 -46.5234100341797 -40.6642967224121 -36.4977882385254 -34.1580394744873 -34.6955226898193
-9999 -9999 -9999 -9999 -9999 -9999 -71.4369155883789 -25.5205680847168 -12.2822132110596 -12.3063991546631 -20.4181674957275 -54.7154739379883 -138.104371643066 -166.633987426758 -105.878240966797 -63.3624038696289 -52.1248374938965 -52.5497077941895 -54.4746978759766 -60.8117523193359 -64.9608245849609 -61.9138854980469 -61.4467163085938 -60.282405090332 -62.5698768615723 -65.2725746154785 -65.132088470459 -65.4348991394043 -66.7657318115234 -69.014232635498 -72.0966781616211 -74.0457382202148 -76.6842834472656 -78.8409164428711 -82.3594528198242 -84.4029098510742 -80.1167770385742 -75.7427627563477 -71.7047073364258 -70.6874656677246 -73.4859451293945 -75.2240310668945 -73.0443069458008 -68.8550704956055 -68.3323616027832 -61.6318054199219 -58.5894355773926 -52.8749778747559 -46.0394065856934 -42.3417747497559 -35.9005249023437 -34.2325592041016 -30.5085494995117 -28.1556980133057 -28.0633018493652 -29.8653369903564
-9999 -9999 -9999 -9999 -9999 -9999 -9999 -32.0231594085693 -17.1119976043701 -14.4907119750977 -18.8940788269043 -46.3266746520996 -111.278712463379 -139.185322570801 -100.371742248535 -61.1413589477539 -50.3660270690918 -48.4820281982422 -49.062491607666 -54.0233963012695 -54.5340240478516 -51.6740882873535 -49.5423431396484 -47.9200004577637 -49.387606048584 -52.1871086120605 -52.1783378601074 -52.286841583252 -52.4880973815918 -52.688883972168 -54.4891586303711 -55.1491592407227 -57.0801742553711 -57.194083404541 -57.2173210144043 -57.6487693786621 -56.7710670471191 -56.2250679016113 -53.8339256286621 -52.0226867675781 -50.9893524169922 -50.2243614196777 -49.3006454467773 -45.6174598693848 -43.7920593261719 -41.1278717041016 -38.3201271057129 -35.9098129272461 -30.4866683959961 -26.786209487915 -23.2697193145752 -20.7194622039795 -19.0373931884766 -18.3724662780762 -17.9932079315186 -19.1995021820068
-9999 -9999 -9999 -9999 -9999 -9999 -9999 -9999 -23.6155372619629 -16.8547452926636 -12.8155948638916 -36.9091117858887 -95.2919799804688 -111.803950500488 -78.7640213012695 -55.1364608764648 -43.8478034973145 -41.836213684082 -43.6732315063477 -48.2909408569336 -47.6079536437988 -44.8628219604492 -40.9801986694336 -39.0475997924805 -40.720361328125 -42.4595329284668 -41.9428161621094 -41.424641418457 -40.9775215148926 -40.1652320861816 -39.9990776062012 -40.9690536499023 -42.0236061096191 -41.7027206420898 -40.9154281616211 -38.7906745910645 -39.0526405334473 -37.9993560791016 -36.2070251464844 -36.1947372436523 -34.3773693084717 -34.0734066009521 -33.1709934234619 -30.4717861175537 -29.8473224639893 -26.0652339935303 -24.7040203094482 -23.5580879211426 -20.8810329437256 -18.3295886993408 -15.8604867935181 -14.3194341659546 -12.9095674514771 -11.6177938461304 -10.6744899749756 -9.69852275848389
-9999 -9999 -9999 -9999 -9999 -9999 -45.6224609375 -39.0132720947266 -26.68131980896 -22.6801334381104 -22.5729320526123 -38.435986328125 -67.5275268554688 -69.4814651489258 -48.2759002685547 -33.1886127471924 -31.5682109832764 -37.5054740905762 -41.888744354248 -44.5309234619141 -43.4100883483887 -40.3712898254395 -38.1736541748047 -35.0629486083984 -33.1696216583252 -32.0366142272949 -30.8835121154785 -30.7408451080322 -30.5581966400146 -29.4736267089844 -29.3099468231201 -29.4318347930908 -29.976294708252 -29.4790088653564 -28.9763957977295 -27.9968372344971 -26.1938987731934 -24.766975402832 -23.1796325683594 -22.4718143463135 -22.2128162384033 -22.017557144165 -21.5173927307129 -19.2395023345947 -17.8764949798584 -16.304941368103 -14.6720426559448 -14.0536979675293 -13.9676639556885 -12.8714588165283 -11.8563840866089 -10.4355993270874 -9.09716720581055 -7.89183120727539 -7.03028697967529 -6.73616151809692
-9999 -9999 -9999 -9999 -9999 -38.0641265869141 -37.2593795776367 -34.2523826599121 -29.4913761138916 -30.2130867004395 -35.9757259368896 -36.6355964660645 -42.9238151550293 -36.8720634460449 -26.1940589904785 -17.0308927536011 -21.9851127624512 -31.1224388122559 -39.1626396179199 -40.4098861694336 -38.4295852661133 -35.9622669219971 -35.9326080322266 -32.0605781555176 -27.1797618865967 -23.9798385620117 -22.7268188476563 -22.1410800933838 -21.5945003509521 -22.2982177734375 -22.0514499664307 -21.2678730010986 -21.8030429840088 -21.6615699768066 -21.5974872589111 -21.9693874359131 -18.8782745361328 -16.6618936538696 -14.9466451644897 -14.6096378326416 -13.9752996444702 -13.3621990203857 -13.22971534729 -11.7876012802124 -11.233048248291 -10.0080078125 -9.91379871368408 -10.711682510376 -10.568922996521 -10.1063632965088 -9.74695358276367 -8.43715333938599 -7.24848899841309 -6.06585311889648 -5.47305469512939 -5.95384044647217
-9999 -9999 -9999 -9999 -9999 -24.3416988372803 -29.7319919586182 -27.0470306396484 -27.8464496612549 -34.8042896270752 -37.0786544799805 -33.3546821594238 -26.6065647125244 -19.2522979736328 -15.9936546325684 -15.5590623855591 -20.6032073974609 -27.3041358947754 -33.3711235046387 -29.78271484375 -25.4946395874023 -23.6606548309326 -23.493070602417 -21.542733001709 -18.8072200775146 -17.0342613220215 -16.7147573471069 -16.5636297225952 -15.6558576583862 -15.3561901092529 -15.3375715255737 -15.7156667709351 -15.9994550704956 -16.1944931030273 -16.2287630081177 -15.7399341583252 -13.4721063613892 -11.3336853027344 -9.90411891937256 -8.85882511138916 -8.5072958946228 -8.04423828125 -7.78667860031128 -7.68140830993652 -7.98206605911255 -8.7571418762207 -8.94391365051269 -9.14703254699707 -9.03325157165527 -8.87769336700439 -8.74598522186279 -7.59239501953125 -6.40125036239624 -5.47338857650757 -4.80610761642456 -4.66592149734497
-9999 -9999 -9999 -9999 -9999 -9999 -22.2665054321289 -20.4132118225098 -24.0542953491211 -36.7632369995117 -48.595654296875 -45.4298881530762 -24.3609439849854 -16.2345125198364 -17.2441942214966 -15.713840675354 -20.7600868225098 -26.071654510498 -26.8199375152588 -24.1802757263184 -18.3633567810059 -16.7685489654541 -15.3688726425171 -13.5583763122559 -11.9955024719238 -10.3974750518799 -10.185927772522 -9.65525722503662 -9.81115379333496 -10.1535512924194 -9.26899223327637 -10.0349199295044 -10.6814929962158 -11.0818277359009 -12.1411008834839 -11.8561897277832 -9.85075931549072 -7.7543999671936 -6.14496822357178 -5.32231864929199 -5.05766086578369 -4.88579874038696 -5.48994607925415 -6.09820747375488 -6.94043893814087 -8.0473858833313 -8.22758684158325 -8.79615955352783 -8.78597536087036 -9.01131067276001 -8.72589750289917 -7.78895902633667 -6.80761337280273 -5.93167295455933 -5.16749439239502 -4.93033981323242
-9999 -9999 -9999 -9999 -9999 -9999 -22.6888496398926 -16.0494276046753 -19.6279312133789 -34.094567489624 -50.6894004821777 -67.5325233459473 -62.0637550354004 -45.6820533752441 -33.5605731964111 -29.4489742279053 -27.3888725280762 -25.5580047607422 -23.8530540466309 -20.9385803222656 -15.5246812820435 -13.3075521469116 -11.8401041030884 -10.0183546066284 -8.33987092971802 -6.89787006378174 -6.33942880630493 -5.91604700088501 -5.95214681625366 -6.36908893585205 -6.8224799156189 -7.1274884223938 -7.25529928207397 -7.08322334289551 -7.09413042068481 -6.94406137466431 -5.91619253158569 -4.8446702003479 -3.71544470787048 -3.1246645450592 -3.02775583267212 -3.22598276138306 -3.94326930046082 -4.59678993225098 -5.51803674697876 -6.57692804336548 -7.42497034072876 -8.34286804199219 -9.19463233947754 -10.1492710113525 -10.5822797775269 -9.46789150238037 -8.38680696487427 -7.96499729156494 -7.90391130447388 -8.40821046829224
-9999 -9999 -9999 -9999 -9999 -9999 -23.1880741119385 -20.787572479248 -22.1008708953857 -39.4855934143066 -59.0047760009766 -76.9212493896484 -104.561561584473 -95.2829879760742 -70.231273651123 -54.4675109863281 -39.9047492980957 -28.0034275054932 -25.0758567810059 -19.8075412750244 -14.7888286590576 -11.8341777801514 -11.0150598526001 -9.20770511627197 -7.23636102676392 -5.67708110809326 -5.21729393005371 -4.95319337844849 -4.78149919509888 -4.90882968902588 -4.90098962783813 -5.03822450637817 -5.24421329498291 -4.72131938934326 -4.16142673492432 -3.68770976066589 -2.79641418457031 -2.33920965194702 -2.20083501338959 -2.0197683095932 -1.94116129875183 -1.90519714355469 -2.60488667488098 -3.23931427001953 -4.095854139328 -5.10302906036377 -6.05338764190674 -7.74786548614502 -8.98542108535767 -10.4696075439453 -12.074040222168 -10.810005569458 -10.172900390625 -10.3234230041504 -10.9426115036011 -12.5678060531616
-9999 -9999 -9999 -9999 -9999 -9999 -9999 -9999 -52.8231452941895 -51.5730567932129 -56.2465644836426 -86.9579040527344 -130.116737365723 -126.717541503906 -101.142385864258 -72.0695022583008 -48.393034362793 -35.477954864502 -31.1286239624023 -19.6297416687012 -12.4990314483643 -10.2077867507935 -9.19460029602051 -7.85021657943726 -7.34676933288574 -5.89747695922852 -4.99670610427856 -4.26586117744446 -3.97438740730286 -4.01834030151367 -3.95305776596069 -4.07048134803772 -3.84996843338013 -3.65822434425354 -2.9131854057312 -2.16324124336243 -1.51648712158203 -1.088918197155 -0.918155157566071 -1.14313173294067 -1.18698675632477 -1.45547864437103 -1.84255435466766 -2.26931262016296 -2.96870136260986 -3.95576133728027 -5.0161319732666 -6.37755975723267 -7.99455041885376 -9.97266006469727 -11.0512424468994 -11.3781316757202 -11.5005868911743 -12.4121234893799 -13.9075370788574 -15.5339918136597
-9999 -9999 -9999 -9999 -9999 -9999 -9999 -9999 -56.7699508666992 -60.4678520202637 -54.5838150024414 -97.3810699462891 -161.733953857422 -150.386366271973 -115.219374084473 -83.0173477172852 -52.7877082824707 -37.5059715270996 -34.8703987121582 -19.9256828308105 -11.0222854614258 -8.63843307495117 -8.45334053039551 -7.15798053741455 -6.10385637283325 -5.34693002700806 -4.81670589447022 -4.06360731124878 -4.00309596061707 -3.8244366645813 -3.2275722026825 -3.24918904304504 -2.695525598526 -2.10405368804932 -1.99333219528198 -1.80731756687164 -1.22518451213837 -0.758111441135407 -0.456175577640533 -0.360484126210213 -0.616922563314438 -0.691926443576813 -0.948928344249725 -1.32194373607636 -1.89617209434509 -2.88635859489441 -3.79799509048462 -5.56419944763184 -7.27200775146484 -8.69853096008301 -10.4047468185425 -11.1661279678345 -11.91989402771 -13.3070880889893 -14.4843189239502 -15.7421258926392
-9999 -9999 -9999 -9999 -9999 -9999 -9999 -9999 -9999 -65.6239868164062 -52.2387626647949 -104.037097167969 -201.389263916016 -175.748538208008 -120.287127685547 -86.2824310302734 -51.1334999084473 -32.783975982666 -32.2352222442627 -19.0749111175537 -10.5439182281494 -8.45921497344971 -8.92107849121094 -7.61985521316528 -5.76884288787842 -4.63256015777588 -3.89990034103394 -3.68462653160095 -3.58577709197998 -3.44725203514099 -3.43221998214722 -3.35854716300964 -3.130748462677 -2.0480455160141 -1.24646799564362 -0.669680547714233 -0.542977625131607 -0.684193742275238 -0.760708677768707 -0.393194508552551 -0.296365991234779 -0.428199338912964 -0.70555431842804 -0.84734491109848 -1.09500557184219 -1.72775309085846 -2.86946921348572 -4.40674514770508 -6.15457963943481 -8.52621974945068 -10.0161962509155 -10.608197593689 -11.092384147644 -12.0615119934082 -12.9402671813965 -13.6473079681396
-9999 -9999 -9999 -9999 -9999 -9999 -9999 -9999 -9999 -9999 -64.5593849182129 -127.706730651855 -212.462716674805 -188.905703735352 -126.089352416992 -83.0533966064453 -42.1128807067871 -25.5903224945068 -25.6194858551025 -17.2410285949707 -10.7862497329712 -8.9819842338562 -9.2356014251709 -8.26868200302124 -6.25256004333496 -4.83466520309448 -4.20120253562927 -3.78175683021545 -3.56217942237854 -3.37887110710144 -3.27242064476013 -3.27139520645142 -3.01407713890076 -2.2443995475769 -1.55130867958069 -0.718540608882904 -0.282562601566315 0.0296234753914177 -0.137798142665997 -0.673692297935486 -0.61284875869751 -0.368483346700668 -0.380904674530029 -0.486623674631119 -0.698903751373291 -1.02401185035706 -1.70782315731049 -3.23381791114807 -5.34958648681641 -6.92168579101562 -7.54213542938232 -8.23449096679687 -9.02300491333008 -10.2149250030518 -10.3627208709717 -11.1229104995728
-9999 -9999 -9999 -9999 -9999 -9999 -9999 -9999 -9999 -9999 -9999 -148.486842346191 -206.45387878418 -194.918572998047 -130.361503601074 -79.0594055175781 -40.118090057373 -17.6275079727173 -16.7918952941895 -16.3820100784302 -12.170719909668 -10.6954442977905 -9.72708683013916 -8.29149007797241 -6.93342370986938 -5.40784454345703 -4.79676456451416 -4.27364921569824 -3.92434110641479 -3.55366640090942 -3.30147261619568 -3.31731462478638 -3.22306613922119 -2.53703145980835 -1.82873432636261 -1.2402123093605 -0.654948341846466 -0.284428477287292 -0.0620272724889219 -0.0482764355838299 -0.1581722214818 -0.457010227441788 -0.603719413280487 -0.630494260787964 -0.644860243797302 -0.888789427280426 -1.37895529270172 -2.53098764419556 -4.41014242172241 -5.08469514846802 -5.69057912826538 -6.69429559707642 -7.90140008926392 -8.56157960891724 -8.41047801971436 -8.80098314285278
