meets/meet004/_saidas_enm/ensemble_aver_Cavanillesia_umbellata_CCSM_0k_Maha.asc
NCOLS 154 
NROWS 168 
XLLCORNER -112 
YLLCORNER -55.5 
CELLSIZE 0.5 
NODATA_value -9999 
[rows 100 to 124 of 168, columns 56 to 111 of 154]
-9999 -9999 -9999 -9999 -9999 -9999 -9999 -9999 -9999 -9999 -9999 -9999 -9999 -9999 -9999 -9999 -9999 -9999 -9999 -9999 -9999 -9999 -9999 -9999 -9999 -9999 -9999 -9999 -51.3854682922363 -22.6658164978027 -27.734183883667 -52.622770690918 -72.4188896179199 -78.1782737731934 -64.8227020263672 -45.7742473602295 -29.0455991744995 -16.6874075889587 -8.03681926727295 -7.53284721374512 -11.0769605636597 -10.2536312103271 -6.65592226982117 -6.30596265792847 -7.23813676834106 -6.55933442115784 -3.86412038803101 -1.56981315612793 -0.428278365731239 -0.106666161306202 -0.155732748960145 -0.229308980703354 -0.36633083820343 -0.771004354953766 -1.425728058815 -1.45812442302704
-9999 -9999 -9999 -9999 -9999 -9999 -9999 -9999 -9999 -9999 -9999 -9999 -9999 -9999 -9999 -9999 -9999 -9999 -9999 -9999 -9999 -9999 -9999 -9999 -9999 -9999 -9999 -9999 -54.9896453857422 -23.5510517120361 -34.0384666442871 -56.9666618347168 -72.0092010498047 -74.1433723449707 -58.7418647766113 -42.3721294403076 -25.9020631790161 -14.7784950256348 -7.77844552993774 -9.75225372314453 -13.1820405960083 -12.0542449951172 -8.12895565032959 -7.99961795806885 -8.8500129699707 -8.23451595306397 -4.99063720703125 -2.75056858062744 -1.54574148654938 -0.585082250833511 -0.0304606251302175 0.038310070335865 -0.140338925272226 -0.544929826259613 -1.05900619029999 -1.17837318181992
-9999 -9999 -9999 -9999 -9999 -9999 -9999 -9999 -9999 -9999 -9999 -9999 -9999 -9999 -9999 -9999 -9999 -9999 -9999 -9999 -9999 -9999 -9999 -9999 -9999 -9999 -9999 -79.9786407470703 -58.5706047058105 -24.4571155548096 -35.7088226318359 -58.9227172851563 -69.1643081665039 -67.6571838378906 -53.0770301818848 -36.8237964630127 -22.9206497192383 -12.4223767280579 -7.12655906677246 -10.5561086654663 -13.6802627563477 -13.8061162948608 -9.83279523849487 -9.55185470581055 -10.5103900909424 -9.63029813766479 -6.37889761924744 -3.58052868843079 -2.18897886276245 -1.47155193090439 -0.846327644586563 -0.263658516854048 0.0468899562954903 -0.228783695417223 -0.699523386359215 -0.894388902187347
-9999 -9999 -9999 -9999 -9999 -9999 -9999 -9999 -9999 -9999 -9999 -9999 -9999 -9999 -9999 -9999 -9999 -9999 -9999 -9999 -9999 -9999 -9999 -9999 -9999 -9999 -9999 -80.3536239624023 -55.3445465087891 -24.8512294769287 -40.8968223571777 -62.9467399597168 -69.3947563171387 -64.8419570922852 -48.6633815765381 -33.8638896942139 -20.0924777984619 -10.321348285675 -7.32488536834717 -11.137816619873 -15.6625822067261 -15.5326135635376 -11.7779792785645 -11.5411887168884 -12.7022518157959 -12.1309054374695 -8.56998176574707 -5.15244507789612 -3.33945708274841 -2.63116669654846 -1.9300081372261 -1.22931761741638 -0.626164346188307 -0.25378583073616 -0.54680258333683 -0.81485995426774
-9999 -9999 -9999 -9999 -9999 -9999 -9999 -9999 -9999 -9999 -9999 -9999 -9999 -9999 -9999 -9999 -9999 -9999 -9999 -9999 -9999 -9999 -9999 -9999 -9999 -9999 -9999 -76.4799392700195 -48.6655067443848 -25.8607078552246 -47.8426132202148 -69.9514350891113 -73.7172943115234 -65.2277305603027 -46.8465354919434 -31.3617212295532 -18.3258995056152 -9.4884840965271 -9.89196853637695 -11.7870698928833 -16.2079286575317 -17.0094892501831 -14.5413623809814 -14.0397060394287 -14.9720388412476 -14.7350845336914 -11.1263752937317 -7.77369976043701 -5.60517740249634 -4.47048735618591 -3.76205806732178 -2.63346525430679 -1.82538486123085 -1.24243210656568 -1.08206989020109 -0.902394359745085
-9999 -9999 -9999 -9999 -9999 -9999 -9999 -9999 -9999 -9999 -9999 -9999 -9999 -9999 -9999 -9999 -9999 -9999 -9999 -9999 -9999 -9999 -9999 -9999 -9999 -9999 -9999 -67.2457321166992 -43.3545402526855 -29.2914947509766 -59.8665992736816 -82.8521560668945 -81.4082366943359 -69.5952613830566 -47.3363697052002 -31.1631084442139 -17.5620470046997 -10.4849098205566 -11.7672504425049 -13.0467578887939 -17.8262250900269 -18.713720703125 -16.9610864639282 -16.0728385925293 -16.4751892089844 -15.9947843551636 -12.605132484436 -9.92603797912598 -7.8225944519043 -6.626438331604 -5.92980351448059 -4.71120219230652 -3.91221585273743 -3.11636185646057 -2.42249631881714 -2.28161461353302
-9999 -9999 -9999 -9999 -9999 -9999 -9999 -9999 -9999 -9999 -9999 -9999 -9999 -9999 -9999 -9999 -9999 -9999 -9999 -9999 -9999 -9999 -9999 -9999 -9999 -9999 -9999 -55.6540618896484 -38.0601104736328 -36.00104637146 -74.2469215393066 -97.2197662353516 -94.1736602783203 -75.4593032836914 -48.9623615264893 -32.2888301849365 -17.6275388717651 -9.90391664505005 -12.3176752090454 -13.7146112442017 -19.3697437286377 -20.6232473373413 -18.8630294799805 -17.4601993560791 -16.7398237228394 -14.8307779312134 -13.2845703125 -11.2572981834412 -9.50790605545044 -8.67118043899536 -7.51280918121338 -6.99252967834473 -6.62690086364746 -5.6539370059967 -4.82664370536804 -4.08450744152069
-9999 -9999 -9999 -9999 -9999 -9999 -9999 -9999 -9999 -9999 -9999 -9999 -9999 -9999 -9999 -9999 -9999 -9999 -9999 -9999 -9999 -9999 -9999 -9999 -9999 -9999 -9999 -44.4008979797363 -32.586349105835 -44.5766235351563 -87.7662033081055 -110.182974243164 -102.866757202148 -78.8621711730957 -50.3581493377686 -33.6317228317261 -17.4626943588257 -9.92287273406982 -12.9327669143677 -14.5948345184326 -20.8822895050049 -22.8198184967041 -21.3829122543335 -20.2655649185181 -18.583437538147 -16.6805194854736 -15.3957958221436 -13.7422687530518 -12.2525077819824 -11.4809947967529 -10.7176439285278 -10.5284111976624 -10.1981196403503 -9.26995325088501 -8.13343372344971 -7.07347135543823
-9999 -9999 -9999 -9999 -9999 -9999 -9999 -9999 -9999 -9999 -9999 -9999 -9999 -9999 -9999 -9999 -9999 -9999 -9999 -9999 -9999 -9999 -9999 -9999 -9999 -9999 -9999 -36.0515533447266 -28.0194133758545 -53.521989440918 -102.075698852539 -118.28900604248 -107.263478088379 -78.405721282959 -48.7358966827393 -34.5113452911377 -17.3032285690308 -11.0148406982422 -13.6640411376953 -16.2261583328247 -23.2834888458252 -25.5892250061035 -24.9548931121826 -24.2839012145996 -23.2472576141357 -21.8692157745361 -19.4433866500855 -18.1203517913818 -16.5934953689575 -15.978364944458 -15.6105615615845 -15.0064136505127 -15.1307947158813 -13.8645948410034 -12.3262384414673 -10.9611466407776
-9999 -9999 -9999 -9999 -9999 -9999 -9999 -9999 -9999 -9999 -9999 -9999 -9999 -9999 -9999 -9999 -9999 -9999 -9999 -9999 -9999 -9999 -9999 -9999 -9999 -9999 -9999 -29.7186279296875 -28.2752410888672 -57.9493339538574 -99.6132064819336 -113.10712890625 -96.2988784790039 -67.2144287109375 -42.0876922607422 -29.8190128326416 -16.03681640625 -12.9260757446289 -14.8378095626831 -18.4256753921509 -25.1589443206787 -28.3602390289307 -27.9781211853027 -27.7527439117432 -27.2346183776855 -26.2939838409424 -24.5579158782959 -23.4139850616455 -21.9395046234131 -21.2880249023438 -20.983198928833 -20.5392513275146 -20.3710277557373 -18.9193029403687 -17.4039022445679 -15.9043193817139
-9999 -9999 -9999 -9999 -9999 -9999 -9999 -9999 -9999 -9999 -9999 -9999 -9999 -9999 -9999 -9999 -9999 -9999 -9999 -9999 -9999 -9999 -9999 -9999 -9999 -9999 -34.5108352661133 -26.0666130065918 -30.2078289031982 -62.2014129638672 -97.3967498779297 -100.924284362793 -79.7663681030273 -52.4351554870605 -32.2951469421387 -24.9295963287354 -12.8158718109131 -16.8313354492187 -17.3056409835815 -21.6673709869385 -28.5560287475586 -31.3133693695068 -30.9975078582764 -30.6194202423096 -30.8883533477783 -29.8472415924072 -29.0415771484375 -28.7654151916504 -27.4335384368896 -26.9123394012451 -26.3241310119629 -25.3224430084229 -25.4452121734619 -23.8360298156738 -22.6751426696777 -21.4413646697998
-9999 -9999 -9999 -9999 -9999 -9999 -9999 -9999 -9999 -9999 -9999 -9999 -9999 -9999 -9999 -9999 -9999 -9999 -9999 -9999 -9999 -9999 -9999 -9999 -9999 -9999 -28.5218132019043 -24.0028388977051 -39.2896812438965 -70.1433959960937 -91.4076171875 -87.1622756958008 -61.896467590332 -39.1006225585937 -22.5378786087036 -16.0584413528442 -11.883384513855 -19.0063911437988 -21.2224040985107 -26.6671451568604 -32.1900245666504 -35.1454032897949 -35.5372188568115 -35.478666305542 -35.7343677520752 -35.5669528961182 -34.7231700897217 -33.9549354553223 -32.5450450897217 -32.0397727966309 -31.6664691925049 -30.8907829284668 -30.2995918273926 -28.7108867645264 -28.0239860534668 -27.4682151794434
-9999 -9999 -9999 -9999 -9999 -9999 -9999 -9999 -9999 -9999 -9999 -9999 -9999 -9999 -9999 -9999 -9999 -9999 -9999 -9999 -9999 -9999 -9999 -9999 -9999 -9999 -22.5940860748291 -32.2958225250244 -58.1564155578613 -81.9094039916992 -98.3804824829102 -73.0713798522949 -46.9478271484375 -28.9066143035889 -15.8095764160156 -12.0709596633911 -16.6602367401123 -22.0390777587891 -28.3545471191406 -32.8050323486328 -37.0013782501221 -38.4818576812744 -39.9013938903809 -40.1411045074463 -40.4761871337891 -41.765478515625 -39.486510848999 -38.5752922058105 -37.3407852172852 -37.4630676269531 -37.064323425293 -36.0391448974609 -35.2033149719238 -33.5999290466309 -33.909449005127 -33.7285655975342
-9999 -9999 -9999 -9999 -9999 -9999 -9999 -9999 -9999 -9999 -9999 -9999 -9999 -9999 -9999 -9999 -9999 -9999 -9999 -9999 -9999 -9999 -9999 -9999 -9999 -9999 -22.1177806854248 -51.9419418334961 -81.8536865234375 -90.3663772583008 -81.6108383178711 -55.2922904968262 -31.323454284668 -18.4479459762573 -13.2145641326904 -17.8881093978882 -22.8831958770752 -27.8367176055908 -34.5512439727783 -38.0754100799561 -39.4086135864258 -41.0786724090576 -42.441423034668 -42.5167297363281 -42.338208770752 -42.1975997924805 -42.5560539245605 -43.4173324584961 -42.9673645019531 -43.3810401916504 -43.1765762329102 -42.5921318054199 -41.8325088500977 -40.318611907959 -40.368236541748 -40.5754432678223
-9999 -9999 -9999 -9999 -9999 -9999 -9999 -9999 -9999 -9999 -9999 -9999 -9999 -9999 -9999 -9999 -9999 -9999 -9999 -9999 -9999 -9999 -9999 -9999 -9999 -14.8981010437012 -30.8101711273193 -79.4825180053711 -108.331623840332 -93.1763092041016 -70.3312110900879 -42.4058822631836 -21.601424407959 -14.6783805847168 -20.6792007446289 -28.9391899108887 -29.7199565887451 -35.5855304718018 -40.8345970153809 -41.8586784362793 -41.5711219787598 -43.3268859863281 -44.699195098877 -44.3568565368652 -43.9201957702637 -42.0508354187012 -44.4783760070801 -48.0216026306152 -49.1678985595703 -50.463143157959 -49.9377853393555 -48.8311737060547 -49.1938438415527 -48.2070533752441 -48.8480819702148 -48.4990600585937
-9999 -9999 -9999 -9999 -9999 -9999 -9999 -9999 -9999 -9999 -9999 -9999 -9999 -9999 -9999 -9999 -9999 -9999 -9999 -9999 -9999 -9999 -9999 -9999 -9999 -16.6802179336548 -41.5609855651855 -87.4485961914063 -110.277363586426 -94.6230804443359 -60.356404876709 -37.8601440429687 -23.8986103057861 -21.7841590881348 -28.8142337799072 -34.820365524292 -38.2023483276367 -41.9298843383789 -44.7319686889648 -45.4730430603027 -45.3628921508789 -46.8252975463867 -47.8640197753906 -47.4241630554199 -46.5310287475586 -46.1077255249023 -49.0785064697266 -53.4946365356445 -55.0688232421875 -56.2937774658203 -56.2639183044434 -56.4655731201172 -56.9569244384766 -56.0247253417969 -56.6026290893555 -57.1066307067871
-9999 -9999 -9999 -9999 -9999 -9999 -9999 -9999 -9999 -9999 -9999 -9999 -9999 -9999 -9999 -9999 -9999 -9999 -9999 -9999 -9999 -9999 -9999 -9999 -9999 -19.6710010528564 -49.5737014770508 -95.4418014526367 -115.890536499023 -89.5036071777344 -55.1593742370605 -38.373641204834 -31.274186706543 -31.3795337677002 -37.8579944610596 -45.1823677062988 -46.6846542358398 -48.0804039001465 -49.4148796081543 -49.4645217895508 -49.5776756286621 -50.7630798339844 -52.3603477478027 -52.4224937438965 -51.8720222473145 -50.4924644470215 -54.6531272888184 -59.9009017944336 -61.5478851318359 -62.7177093505859 -62.2564720153809 -63.0037445068359 -64.3831001281738 -64.0417411804199 -65.2260787963867 -65.2615219116211
-9999 -9999 -9999 -9999 -9999 -9999 -9999 -9999 -9999 -9999 -9999 -9999 -9999 -9999 -9999 -9999 -9999 -9999 -9999 -9999 -9999 -9999 -9999 -9999 -9999 -22.1905406951904 -53.948942565918 -97.4626983642578 -116.222114562988 -92.7099731445312 -59.3572853088379 -44.9888862609863 -39.635359954834 -40.2492225646973 -45.8663497924805 -51.2925079345703 -53.6670135498047 -54.8217681884766 -55.1611320495605 -53.8209915161133 -53.1081893920898 -54.8377967834473 -57.2074661254883 -58.4729400634766 -60.1737113952637 -61.4766654968262 -63.1802352905273 -65.1564964294434 -65.5978713989258 -67.5786766052246 -68.8670585632324 -69.8708671569824 -71.0771377563477 -70.3937492370605 -71.6555061340332 -72.4956871032715
-9999 -9999 -9999 -9999 -9999 -9999 -9999 -9999 -9999 -9999 -9999 -9999 -9999 -9999 -9999 -9999 -9999 -9999 -9999 -9999 -9999 -9999 -9999 -9999 -9999 -24.7224082946777 -56.7846824645996 -102.226652526855 -122.053799438477 -95.7767578125 -63.7918792724609 -51.728540802002 -47.2171485900879 -48.3324279785156 -52.6862724304199 -57.6236968994141 -59.4596298217773 -61.3409851074219 -61.4353286743164 -58.7281494140625 -57.4698875427246 -59.8263366699219 -63.6885681152344 -66.0949440002441 -69.4920883178711 -71.7747512817383 -70.1430603027344 -70.1234580993652 -69.8331451416016 -72.8688079833984 -74.3212562561035 -75.1343734741211 -76.762873840332 -76.6110305786133 -78.6705200195313 -78.7288543701172
-9999 -9999 -9999 -9999 -9999 -9999 -9999 -9999 -9999 -9999 -9999 -9999 -9999 -9999 -9999 -9999 -9999 -9999 -9999 -9999 -9999 -9999 -9999 -9999 -9999 -27.3975528717041 -60.5014518737793 -105.411692810059 -126.129626464844 -104.343740844727 -71.1642181396484 -57.8975494384766 -53.9701515197754 -55.1336906433105 -58.1386825561523 -60.8200202941895 -63.6703338623047 -65.7729011535644 -65.9937164306641 -64.099747467041 -63.3693145751953 -66.9170890808105 -72.6917106628418 -75.5163803100586 -76.1650314331055 -75.4969108581543 -75.3936508178711 -75.4258972167969 -74.5829902648926 -76.6506385803223 -78.6466918945312 -80.3885055541992 -82.2226974487305 -81.612744140625 -82.7883239746094 -83.5170501708984
-9999 -9999 -9999 -9999 -9999 -9999 -9999 -9999 -9999 -9999 -9999 -9999 -9999 -9999 -9999 -9999 -9999 -9999 -9999 -9999 -9999 -9999 -9999 -9999 -9999 -29.2056690216064 -63.1401527404785 -111.430717468262 -133.288957214355 -113.758973693848 -78.9309127807617 -65.9793388366699 -61.679842376709 -62.4933769226074 -64.505103302002 -66.4899459838867 -69.2848770141602 -71.1892677307129 -71.3441787719727 -69.8402313232422 -69.0176712036133 -73.1439712524414 -80.2946044921875 -82.6736312866211 -81.5287033081055 -79.025700378418 -78.3377532958984 -79.1483352661133 -78.688313293457 -81.3007049560547 -82.1695953369141 -83.3391189575195 -85.725895690918 -85.4911727905273 -87.1235565185547 -86.7887985229492
-9999 -9999 -9999 -9999 -9999 -9999 -9999 -9999 -9999 -9999 -9999 -9999 -9999 -9999 -9999 -9999 -9999 -9999 -9999 -9999 -9999 -9999 -9999 -9999 -9999 -31.1158660888672 -66.212858581543 -117.604795837402 -141.962251281738 -125.792337036133 -90.0153472900391 -75.4601638793945 -71.0714416503906 -71.2048934936523 -73.0046455383301 -75.7041564941406 -76.8133804321289 -78.0215225219727 -77.4486267089844 -74.6987449645996 -74.0134666442871 -78.024137878418 -84.3038314819336 -86.6355316162109 -85.0928466796875 -82.3967895507812 -82.1235046386719 -82.4028732299805 -82.0699188232422 -83.9771514892578 -85.584065246582 -86.6921936035156 -87.6551208496094 -87.2497222900391 -88.7351455688477 -89.7109939575195
-9999 -9999 -9999 -9999 -9999 -9999 -9999 -9999 -9999 -9999 -9999 -9999 -9999 -9999 -9999 -9999 -9999 -9999 -9999 -9999 -9999 -9999 -9999 -9999 -9999 -32.9073398590088 -68.2077674865723 -122.201445007324 -150.809375 -135.629708862305 -103.27447052002 -86.9980194091797 -81.0682708740234 -80.0517501831055 -81.1397323608398 -83.310627746582 -83.0675109863281 -83.270947265625 -81.6609771728516 -77.9153579711914 -76.9416519165039 -80.467724609375 -87.1473754882813 -89.6395248413086 -88.7890594482422 -86.2085968017578 -85.3008255004883 -85.9757888793945 -84.8712951660156 -86.6007888793945 -87.1004150390625 -87.1829452514648 -89.1666809082031 -89.3445571899414 -90.9719665527344 -91.7051452636719
-9999 -9999 -9999 -9999 -9999 -9999 -9999 -9999 -9999 -9999 -9999 -9999 -9999 -9999 -9999 -9999 -9999 -9999 -9999 -9999 -9999 -9999 -9999 -9999 -9999 -34.9405700683594 -71.6868667602539 -126.06333770752 -158.059548950195 -146.177978515625 -117.957583618164 -99.9645614624023 -90.2261428833008 -87.8221176147461 -86.6670440673828 -86.6447326660156 -86.7802993774414 -86.0265762329102 -83.4443069458008 -79.5719985961914 -77.3811737060547 -81.2729644775391 -88.7741409301758 -91.8789962768555 -92.0626052856445 -90.4375061035156 -89.5198699951172 -89.212451171875 -87.5922470092773 -87.7865814208984 -86.5676559448242 -87.5350708007813 -90.9393615722656 -89.829475402832 -90.7481491088867 -91.8457412719727
-9999 -9999 -9999 -9999 -9999 -9999 -9999 -9999 -9999 -9999 -9999 -9999 -9999 -9999 -9999 -9999 -9999 -9999 -9999 -9999 -9999 -9999 -9999 -9999 -25.8114627838135 -38.9644386291504 -78.5001388549805 -130.696420288086 -164.067630004883 -154.655758666992 -130.757342529297 -109.957566833496 -98.4333145141602 -94.8870697021484 -93.1792373657227 -92.0137649536133 -91.5165145874023 -89.935954284668 -86.4086044311523 -81.4181442260742 -78.6631256103516 -82.6453704833984 -89.6658813476563 -92.9811828613281 -93.8217208862305 -93.2825988769531 -93.0997039794922 -92.4570159912109 -89.6428253173828 -87.900700378418 -86.7276824951172 -88.2639801025391 -90.9224960327148 -87.12998046875 -82.4159408569336 -80.3381759643555
