meets/meet004/analise_selecao_variaveis/pca/pc1.asc
NCOLS 154 
NROWS 168 
XLLCORNER -112 
YLLCORNER -55.5 
CELLSIZE 0.5 
NODATA_value -9999 
[rows 100 to 124 of 168, columns 56 to 111 of 154]
-9999 -9999 -9999 -9999 -9999 -9999 -9999 -9999 -9999 -9999 -9999 -9999 -9999 -9999 -9999 -9999 -9999 -9999 -9999 -9999 -9999 -9999 -9999 -9999 -9999 -9999 -9999 -9999 -0.290950803963664 -1.69586397536242 -3.29989844061748 -4.5991406349382 -5.45599944784107 -5.72396098673855 -5.30207198410334 -4.51140736579742 -3.60462893657781 -2.71648454043234 -2.01057335186031 -1.69098157117266 -1.25138827722416 -0.453660980649237 0.345936699047474 0.842653448788277 0.881977206899999 0.864962002452408 1.04328295384663 1.23909591174208 1.35011715736148 1.35955614438529 1.32320818524961 1.34590965362337 1.3206612040928 1.19904453898958 1.0243878145648 0.818599390327907
-9999 -9999 -9999 -9999 -9999 -9999 -9999 -9999 -9999 -9999 -9999 -9999 -9999 -9999 -9999 -9999 -9999 -9999 -9999 -9999 -9999 -9999 -9999 -9999 -9999 -9999 -9999 -9999 -0.259052114470021 -1.88578853042555 -3.63673375261014 -4.72079395034666 -5.37987705342861 -5.56494230934487 -5.0955421208374 -4.35398864662026 -3.41750711064326 -2.53452195074461 -1.86739103071531 -1.63122148116528 -1.23043369233109 -0.439055017392438 0.319614752152633 0.778678700645547 0.748384022513814 0.720939515425082 0.892900679418764 1.08720860933861 1.18259759633114 1.15539407427885 1.11555162949036 1.16984355981785 1.16071386788907 1.04990149828186 0.892712221057753 0.643140411234099
-9999 -9999 -9999 -9999 -9999 -9999 -9999 -9999 -9999 -9999 -9999 -9999 -9999 -9999 -9999 -9999 -9999 -9999 -9999 -9999 -9999 -9999 -9999 -9999 -9999 -9999 -9999 0.0359928455164984 -0.432021448992791 -2.04164397166719 -3.6595373942311 -4.74969457700794 -5.25320573622521 -5.34051954721084 -4.8899741650154 -4.10859280041626 -3.2214420638371 -2.34180022324409 -1.73428151789996 -1.50499119231298 -1.14991879619049 -0.466899136851823 0.218745277986677 0.62316412032043 0.603740069565863 0.545185570791683 0.695383458131348 0.876703850146898 0.970952090462199 0.96158912905861 0.96108645072888 1.02922855932775 1.09755793163775 1.02079917657206 0.853968956329133 0.670611573502795
-9999 -9999 -9999 -9999 -9999 -9999 -9999 -9999 -9999 -9999 -9999 -9999 -9999 -9999 -9999 -9999 -9999 -9999 -9999 -9999 -9999 -9999 -9999 -9999 -9999 -9999 -9999 -0.0743680486023136 -0.559504300399163 -2.21371611065435 -3.83550213951402 -4.8252459245983 -5.21362206651987 -5.23656384767527 -4.72723933588604 -3.92361515643682 -3.01083232526076 -2.14299820672439 -1.58486124188769 -1.435826818322 -1.12658166035036 -0.489328614461978 0.104251940509162 0.455255914724249 0.396416951455951 0.33636500522224 0.4783681001325 0.64912899678539 0.741321273048704 0.742922927440465 0.760036443930109 0.833923341863898 0.941766450676309 0.911941978756341 0.777581782302899 0.628948674034459
-9999 -9999 -9999 -9999 -9999 -9999 -9999 -9999 -9999 -9999 -9999 -9999 -9999 -9999 -9999 -9999 -9999 -9999 -9999 -9999 -9999 -9999 -9999 -9999 -9999 -9999 -9999 -0.207928682019657 -0.727916506978527 -2.49607255096474 -4.06819743149889 -5.03715118601193 -5.35525620877045 -5.25373301475226 -4.64005929970136 -3.72870784036174 -2.82848587632423 -2.00575778800975 -1.47761104473015 -1.29387941771535 -1.04076609939362 -0.543128810205488 -0.0541373820069591 0.231834844451518 0.218351376904537 0.146033726962939 0.272535614713607 0.409072326104975 0.491245389272332 0.507126596258614 0.51145850501645 0.587377670334875 0.651797686467381 0.646016504901538 0.589013981086125 0.476937420316231
-9999 -9999 -9999 -9999 -9999 -9999 -9999 -9999 -9999 -9999 -9999 -9999 -9999 -9999 -9999 -9999 -9999 -9999 -9999 -9999 -9999 -9999 -9999 -9999 -9999 -9999 -9999 -0.445690886306689 -1.0388105437791 -2.683833571295 -4.44896595852345 -5.37039352063809 -5.60878964655864 -5.4112870151927 -4.63049183152324 -3.58658260406133 -2.61837539633774 -1.80813455430513 -1.31238043928279 -1.21536249571003 -1.0202302498634 -0.59794802829097 -0.210472894843944 0.0692303753444579 0.0606500956969127 0.0241662423045821 0.143059231024959 0.235439524240731 0.297254403357454 0.313181180402993 0.300199425043777 0.347525285940524 0.384993399640554 0.374931524675658 0.357057699335763 0.282332074944718
-9999 -9999 -9999 -9999 -9999 -9999 -9999 -9999 -9999 -9999 -9999 -9999 -9999 -9999 -9999 -9999 -9999 -9999 -9999 -9999 -9999 -9999 -9999 -9999 -9999 -9999 -9999 -0.780143605379438 -1.50402967898612 -3.14096349836138 -4.65641685047142 -5.76475457611553 -5.97696678933506 -5.61279668905125 -4.63094235516139 -3.45174860343717 -2.37761754239459 -1.56304703886206 -1.08452653427616 -1.07659821121671 -1.03126897159282 -0.696659131269885 -0.347626159138232 -0.0985808152748682 -0.04558386475778 0.00195021093957838 0.0553844010313418 0.125769524423861 0.161461535033914 0.14313098420083 0.149030396874387 0.14030205747592 0.145546213420284 0.137681768672763 0.119942958382056 0.0894799043523596
-9999 -9999 -9999 -9999 -9999 -9999 -9999 -9999 -9999 -9999 -9999 -9999 -9999 -9999 -9999 -9999 -9999 -9999 -9999 -9999 -9999 -9999 -9999 -9999 -9999 -9999 -9999 -1.14357772253792 -1.95000181629544 -3.55718557103326 -5.02201876576223 -6.10119732519375 -6.19699540709621 -5.72454770699451 -4.61957845007026 -3.32489625770037 -2.18426502028048 -1.36373677522894 -0.919859277158989 -0.968769847897959 -1.04076376881904 -0.796935204555556 -0.520229804871344 -0.285707664871106 -0.19120087130405 -0.140632024004925 -0.0897132126706852 -0.052691104028567 -0.0354091990088084 -0.0581690369172124 -0.0768707568349646 -0.0979264720455019 -0.106976771082572 -0.11542085609862 -0.110683259122418 -0.120701415397655
-9999 -9999 -9999 -9999 -9999 -9999 -9999 -9999 -9999 -9999 -9999 -9999 -9999 -9999 -9999 -9999 -9999 -9999 -9999 -9999 -9999 -9999 -9999 -9999 -9999 -9999 -9999 -1.47364022027608 -2.35986107725616 -3.92910923829399 -5.33684647264865 -6.22178422744757 -6.29119582728092 -5.6972821296181 -4.47682939781341 -3.16549772586886 -1.98551617442476 -1.17132638426038 -0.779422968826461 -0.91489257173773 -1.06507986822854 -0.870538618846172 -0.683271038427837 -0.505602470888579 -0.424922502738769 -0.381668690032696 -0.316832363404688 -0.294719923182205 -0.289924091199423 -0.320653728970256 -0.360565736371524 -0.364292513787881 -0.378463020316581 -0.371106470029268 -0.338521457913581 -0.333319955915253
-9999 -9999 -9999 -9999 -9999 -9999 -9999 -9999 -9999 -9999 -9999 -9999 -9999 -9999 -9999 -9999 -9999 -9999 -9999 -9999 -9999 -9999 -9999 -9999 -9999 -9999 -9999 -1.84261993420365 -2.72316505980274 -4.08045865808027 -5.24110334390525 -6.05291531246634 -5.96185520207005 -5.31620117951393 -4.16187937279958 -2.88922390588083 -1.83494468889751 -1.11154986712255 -0.757633603794712 -0.875848140722123 -1.04255476173878 -0.938308461983822 -0.803802364516353 -0.664657890678614 -0.607307662962309 -0.588886560301571 -0.551701870817435 -0.551061612169847 -0.551923229598266 -0.573255703530136 -0.60299429566848 -0.597862038172361 -0.598731763497395 -0.582026138535687 -0.548422536764531 -0.535670365808172
-9999 -9999 -9999 -9999 -9999 -9999 -9999 -9999 -9999 -9999 -9999 -9999 -9999 -9999 -9999 -9999 -9999 -9999 -9999 -9999 -9999 -9999 -9999 -9999 -9999 -9999 -1.76786264367694 -2.20947748091598 -3.04625182659658 -4.19531680343627 -5.05575071019821 -5.61479603250271 -5.42155570951528 -4.74864033496365 -3.68250659478627 -2.53426083138983 -1.69676682345607 -1.09011419069007 -0.806500632900272 -0.937508502142149 -1.06517224670393 -0.992494454207207 -0.897033592512037 -0.803392164825742 -0.790010388301891 -0.763431785500157 -0.770856700159209 -0.796893663949418 -0.800582591732482 -0.808858452446861 -0.811443369481393 -0.795673062001902 -0.776492309630457 -0.751614201166113 -0.736931580482277 -0.725357110905059
-9999 -9999 -9999 -9999 -9999 -9999 -9999 -9999 -9999 -9999 -9999 -9999 -9999 -9999 -9999 -9999 -9999 -9999 -9999 -9999 -9999 -9999 -9999 -9999 -9999 -9999 -2.03092206760045 -2.77121003894875 -3.54211331217563 -4.30179683133047 -4.76138293499686 -5.17651001801006 -4.83097072057986 -4.16965989250968 -3.22508239502104 -2.27219111723621 -1.66004064873104 -1.27080681155967 -1.0503553894791 -1.09143565452284 -1.1682768721071 -1.12623597371937 -1.07585461187296 -1.00895716216473 -0.998979513124694 -1.00329871195844 -0.998651564932261 -1.00909794098493 -1.00872144425687 -1.01567385520324 -1.01722565987237 -0.985296568177929 -0.947141741955433 -0.917992435332952 -0.908465022559199 -0.908500625186357
-9999 -9999 -9999 -9999 -9999 -9999 -9999 -9999 -9999 -9999 -9999 -9999 -9999 -9999 -9999 -9999 -9999 -9999 -9999 -9999 -9999 -9999 -9999 -9999 -9999 -9999 -2.39788276404065 -3.44822911572022 -4.13111358746417 -4.49055662784334 -4.59456751997839 -4.69244097942753 -4.29454333086746 -3.66754572149552 -2.80177444863084 -1.97508820208063 -1.6435406406257 -1.48851658193152 -1.33681639542205 -1.28940372327086 -1.31515551091964 -1.2616774681182 -1.26342787438624 -1.23121873298083 -1.21836699833273 -1.24568747935897 -1.20268993290062 -1.19468868945033 -1.19446398517149 -1.21387293538701 -1.22746603614209 -1.17797876417199 -1.12180547579479 -1.08905889705456 -1.09263766715133 -1.09373655146569
-9999 -9999 -9999 -9999 -9999 -9999 -9999 -9999 -9999 -9999 -9999 -9999 -9999 -9999 -9999 -9999 -9999 -9999 -9999 -9999 -9999 -9999 -9999 -9999 -9999 -9999 -2.8641250007177 -4.22628994458709 -4.83465070212807 -4.75005785073929 -4.61301656475134 -4.21562534507783 -3.68378942211076 -3.09570697819645 -2.51178307808123 -2.01944289620924 -1.72338022411671 -1.56540814127839 -1.42582708645986 -1.38974130501746 -1.39337317525711 -1.39891276291058 -1.41890125142564 -1.39392252205699 -1.36509183445952 -1.34782290401856 -1.34832474670556 -1.36825804405418 -1.37979495450752 -1.40310818574709 -1.40531394157422 -1.37608061927049 -1.32850199803172 -1.29970465153462 -1.29825614254784 -1.30270123120251
-9999 -9999 -9999 -9999 -9999 -9999 -9999 -9999 -9999 -9999 -9999 -9999 -9999 -9999 -9999 -9999 -9999 -9999 -9999 -9999 -9999 -9999 -9999 -9999 -9999 -1.83768581545515 -3.284607871696 -4.99073826384088 -5.50759293517236 -4.85966679343821 -4.41076612186835 -3.80716767861065 -3.14212136314632 -2.62657872801199 -2.36569200865047 -2.071383417575 -1.80146921461597 -1.61671552746329 -1.45392991566406 -1.47690125890952 -1.44440096065164 -1.49276130483798 -1.55381146227118 -1.53939379533789 -1.49247125322322 -1.41777734167798 -1.48016867956454 -1.53865498405837 -1.57272307389609 -1.60488671244499 -1.59887324987183 -1.58151389829145 -1.55067662444275 -1.53273680742137 -1.53813775620639 -1.53185025719052
-9999 -9999 -9999 -9999 -9999 -9999 -9999 -9999 -9999 -9999 -9999 -9999 -9999 -9999 -9999 -9999 -9999 -9999 -9999 -9999 -9999 -9999 -9999 -9999 -9999 -2.51547172932754 -3.62300556568186 -4.98479877557207 -5.34679997686755 -4.80939224027444 -4.22737051525318 -3.5449789713358 -2.93351795362983 -2.48942158579675 -2.35583713100388 -2.19360068481374 -1.97770517577518 -1.72822312156213 -1.58108665851249 -1.57937432548251 -1.57653841246007 -1.64991838683501 -1.69033570984654 -1.68230650430817 -1.64597694972326 -1.61106214719208 -1.66535403865948 -1.74069512046297 -1.77956296416528 -1.8106084250256 -1.8145590717152 -1.80596554222948 -1.7893668827128 -1.77958297406303 -1.78829131344451 -1.80366022381094
-9999 -9999 -9999 -9999 -9999 -9999 -9999 -9999 -9999 -9999 -9999 -9999 -9999 -9999 -9999 -9999 -9999 -9999 -9999 -9999 -9999 -9999 -9999 -9999 -9999 -2.79746655963909 -4.25264123096174 -4.99235674172524 -5.26231369866565 -4.94545120693407 -4.07558361969817 -3.41554169711392 -2.80474957996583 -2.44641499043441 -2.42660833144133 -2.41010387297663 -2.24533360375588 -2.00545381916356 -1.86367799520923 -1.87126889908653 -1.78342038629481 -1.8406944059665 -1.88205157270279 -1.87312396333629 -1.84735848311296 -1.79656934319486 -1.86740481601733 -1.94942810917572 -1.98714087497248 -2.01316298219671 -2.03076637726538 -2.02573481006538 -2.0247669427365 -2.02674665327362 -2.04458748969629 -2.06656297511971
-9999 -9999 -9999 -9999 -9999 -9999 -9999 -9999 -9999 -9999 -9999 -9999 -9999 -9999 -9999 -9999 -9999 -9999 -9999 -9999 -9999 -9999 -9999 -9999 -9999 -3.02847792660827 -4.42759010383208 -5.04838390514061 -5.24404274909701 -4.99060540313098 -4.11984439033374 -3.39285891669224 -2.78374270802925 -2.46635296300268 -2.50577994722821 -2.59908728374849 -2.6075547055637 -2.58240808785994 -2.48727679102713 -2.33545207064527 -2.21075849670416 -2.14598830486342 -2.11687887299441 -2.08668727674334 -2.09287739999913 -2.10315614482978 -2.11100372879816 -2.12928439037619 -2.15113171199388 -2.19686203994559 -2.23213079929646 -2.24390450630518 -2.25044100013582 -2.2581060099212 -2.27993031877152 -2.30285402275848
-9999 -9999 -9999 -9999 -9999 -9999 -9999 -9999 -9999 -9999 -9999 -9999 -9999 -9999 -9999 -9999 -9999 -9999 -9999 -9999 -9999 -9999 -9999 -9999 -9999 -3.0901732278032 -4.52729579478625 -5.18740720650606 -5.3605070855338 -5.03101027687427 -4.16207048608849 -3.40337456015498 -2.77419106597986 -2.49076140988616 -2.62951943053319 -2.80431745493679 -2.91981381140462 -3.07646125504419 -3.02010702244647 -2.78770535109385 -2.60691514143416 -2.4554934028579 -2.36431965381169 -2.30978262140311 -2.32722978833836 -2.36676959986585 -2.32239614497115 -2.30514046828385 -2.31711224449709 -2.37332172675929 -2.4226317335852 -2.43589891698587 -2.45490431454319 -2.47119579685284 -2.4962839079661 -2.52002337866898
-9999 -9999 -9999 -9999 -9999 -9999 -9999 -9999 -9999 -9999 -9999 -9999 -9999 -9999 -9999 -9999 -9999 -9999 -9999 -9999 -9999 -9999 -9999 -9999 -9999 -3.26240926474213 -4.68143972493361 -5.29808777983118 -5.43254128705091 -5.08054262488954 -4.12127801045349 -3.42216076826991 -2.87847857408575 -2.63295507572851 -2.73203604831898 -2.93752986153361 -3.12228600833725 -3.2610831400546 -3.24443299521775 -3.09222039504417 -2.90656773695442 -2.7287267553451 -2.6087678356575 -2.5218221329557 -2.511103539609 -2.516623478986 -2.50221946750688 -2.49746500181152 -2.50408517951479 -2.54510659864186 -2.59039679721355 -2.615115416251 -2.63674641447469 -2.65244908320631 -2.67800517524352 -2.70344775751348
-9999 -9999 -9999 -9999 -9999 -9999 -9999 -9999 -9999 -9999 -9999 -9999 -9999 -9999 -9999 -9999 -9999 -9999 -9999 -9999 -9999 -9999 -9999 -9999 -9999 -3.29067505676527 -4.73116215305409 -5.42699794719581 -5.56070128979338 -5.14458744682292 -4.1618350529122 -3.50811298135878 -3.01048175153363 -2.79443706095243 -2.92142884473551 -3.09847544237575 -3.26832788115942 -3.40771380124443 -3.40817518888909 -3.30266907395104 -3.15309023629059 -2.96144806857599 -2.80740346562877 -2.69476588010296 -2.66891699133441 -2.66070521573888 -2.64451279300229 -2.65369875236868 -2.66732336372097 -2.7086188500837 -2.74526627535887 -2.75684511378437 -2.77999644816637 -2.79753385771935 -2.827886803472 -2.85669588377515
-9999 -9999 -9999 -9999 -9999 -9999 -9999 -9999 -9999 -9999 -9999 -9999 -9999 -9999 -9999 -9999 -9999 -9999 -9999 -9999 -9999 -9999 -9999 -9999 -9999 -3.34081393799896 -4.81176685455362 -5.53638119183621 -5.69923899213976 -4.96578718341998 -4.33668130942993 -3.6735859696087 -3.20694462132281 -3.01193681225489 -3.12535904092858 -3.33046982636166 -3.44681646547812 -3.52341103125409 -3.52833393528449 -3.47713117126807 -3.36866711267187 -3.16437527883197 -2.96513821895934 -2.84079573410158 -2.80994755536883 -2.80361461316973 -2.79155855662378 -2.78611473043118 -2.79636524089373 -2.84479991972915 -2.88430698982917 -2.88872311558309 -2.88640089031764 -2.90173477630013 -2.94587969606157 -2.97872133946819
-9999 -9999 -9999 -9999 -9999 -9999 -9999 -9999 -9999 -9999 -9999 -9999 -9999 -9999 -9999 -9999 -9999 -9999 -9999 -9999 -9999 -9999 -9999 -9999 -9999 -3.34269178496377 -4.79819942561795 -6.20774547995787 -5.86222094424685 -5.13712543818755 -4.54318051424795 -3.87676003885274 -3.40934278150385 -3.21282369692625 -3.33579531911597 -3.52827726393145 -3.61006804602253 -3.65791080719572 -3.64613615958566 -3.59885133480273 -3.49982560281206 -3.28970345255344 -3.10143991021273 -2.97965753204126 -2.96216977297039 -2.95617367633099 -2.93046260957783 -2.92024969888667 -2.91704109534933 -2.95094250634576 -2.98463028858646 -2.98998893389088 -3.00334871860055 -3.02404483324313 -3.05829640384596 -3.08349652732298
-9999 -9999 -9999 -9999 -9999 -9999 -9999 -9999 -9999 -9999 -9999 -9999 -9999 -9999 -9999 -9999 -9999 -9999 -9999 -9999 -9999 -9999 -9999 -9999 -9999 -3.06851963659569 -4.85450079438153 -6.28071291053164 -6.02339080624947 -5.36121703490728 -4.7736752861322 -4.10406025887295 -3.60337153004714 -3.3756794180914 -3.48771066520565 -3.66722219920599 -3.72105567590019 -3.76755573939213 -3.73165889449292 -3.6301663881408 -3.52589467666176 -3.35050779354759 -3.19885744547556 -3.11454349607921 -3.12006827952322 -3.12805812279065 -3.09452050816576 -3.05265876752245 -3.03004522993361 -3.04353720882037 -3.0439506538936 -3.07619461998246 -3.13273451919268 -3.14262035475932 -3.15204811017847 -3.16067733396811
-9999 -9999 -9999 -9999 -9999 -9999 -9999 -9999 -9999 -9999 -9999 -9999 -9999 -9999 -9999 -9999 -9999 -9999 -9999 -9999 -9999 -9999 -9999 -9999 -2.44312961035115 -3.18855129740502 -4.94874088643713 -6.36741417325701 -6.2102008689723 -5.64387007501357 -5.07739101245439 -4.34804871072073 -3.76800446835925 -3.48352135654678 -3.54798877643405 -3.70743377190757 -3.74239814135158 -3.75307145468721 -3.69170287673343 -3.57079405025567 -3.46167628075052 -3.34598539456126 -3.27127763389413 -3.22974798153667 -3.2520940340793 -3.27184235052336 -3.24998014079857 -3.21108108748248 -3.16882732449358 -3.13893528424804 -3.1226153688573 -3.15012212725362 -3.20138144503079 -3.19196820051339 -3.15604112075979 -3.13188456446041
