meets/meet004/analise_selecao_variaveis/pca/pc1.asc
NCOLS 154 
NROWS 168 
XLLCORNER -112 
YLLCORNER -55.5 
CELLSIZE 0.5 
NODATA_value -9999 
[rows 75 to 99 of 168, columns 56 to 111 of 154]
-9999 -9999 -9999 -9999 -9999 -9999 -9999 -9999 -9999 -9999 -9999 0.594854568020592 -1.12115710310791 -2.04864157360052 -2.16325538306912 -1.64244924356709 -0.670468391252513 0.432294615480632 1.17395522587926 1.34730340132447 1.36639415897081 1.39573368284799 1.38468417912452 1.39193924096943 1.3751448461071 1.36834549667926 1.39698441088479 1.42428012584853 1.44838038669218 1.47658025335913 1.50634187304213 1.55351874498151 1.59063355487997 1.61486077416041 1.63127821175431 1.64013517468411 1.65504471014684 1.6692935993408 1.66891472254454 1.67334976979395 1.54238302421407 1.55555866315265 1.5707891190546 1.57037056067192 1.56142656245911 1.55074748590462 1.56499187900342 1.58895674082558 1.61904227092744 1.66695412724985 1.70184161371737 1.72047564957956 1.7333180855983 1.74951683275153 1.95260568857425 1.97258803345109
-9999 -9999 -9999 -9999 -9999 -9999 -9999 -9999 -9999 -9999 -9999 0.90076498346402 -0.842240664884731 -1.80381184320168 -2.0086771182794 -1.81209142192502 -1.05623057454227 -0.0679424674712529 0.616207296548841 1.04904308134362 1.419346147253 1.40462609771293 1.36575592209502 1.40673827136806 1.36996392271053 1.38748904482963 1.39133569730876 1.41825752383757 1.44594275662052 1.47221260091538 1.49204191270958 1.53686535281744 1.55611126367549 1.5683960874727 1.57962699916497 1.55911620985398 1.59032366136028 1.59858924828417 1.59714021224896 1.59891712440703 1.44136274213876 1.48190191267295 1.49210608379333 1.49869982155342 1.49996645561444 1.45391602941865 1.4835633410301 1.52032629571827 1.54531935549602 1.58403987010207 1.61102859124719 1.63388561320716 1.66205668716957 1.69480117247933 1.9002793657969 1.91546403128538
-9999 -9999 -9999 -9999 -9999 -9999 -9999 -9999 -9999 -9999 -9999 -9999 -0.38919885410157 -1.27641775969613 -1.76470315471499 -1.80285245185698 -1.4045498292317 -0.668844500169129 -0.0660676950318362 0.429487790606911 0.981304526546532 1.23062244214391 1.3824408416957 1.4815507212726 1.40227819566601 1.34045572618065 1.36055918797529 1.42396196988457 1.46640378716438 1.49974735870179 1.51920756800284 1.56253339840285 1.58285990636677 1.58950805700255 1.58581508011562 1.56262689945557 1.57673469176878 1.58097754373882 1.57839402794128 1.58050187266226 1.56623325429353 1.59591245607051 1.60944727069969 1.61479313342347 1.48237167590446 1.46039320986573 1.46736794590404 1.48042319294094 1.48922543925363 1.51091103053457 1.5340410192937 1.55798244024264 1.58968954872703 1.6162026913582 1.64389981718037 1.82810152559239
-9999 -9999 -9999 -9999 -9999 -9999 -9999 -9999 -9999 -9999 -9999 -9999 0.132934849204623 -0.670443555373982 -1.40504693377898 -1.91513884410106 -1.9143180895638 -1.49012298999271 -1.02503794647192 -0.533227233046653 0.174369536102537 0.765527255791894 1.32975604844649 1.60238042097541 1.35480624610881 1.24446105332941 1.34037113930868 1.44411542758256 1.51655042869935 1.55350592346038 1.5703155890397 1.61568596500345 1.64689752548557 1.64901578818944 1.63692297386531 1.61041356819971 1.60241910187353 1.60078061843429 1.59437611980615 1.60600488211695 1.61998822538408 1.62894694798837 1.65474088942374 1.64453617778964 1.62157067127937 1.4616149905873 1.42355239262823 1.42344174395776 1.41623647949377 1.42238294166462 1.44419101911986 1.46034018518658 1.48428571135362 1.51707876551607 1.54096085865073 1.56165081642671
-9999 -9999 -9999 -9999 -9999 -9999 -9999 -9999 -9999 -9999 -9999 -9999 -9999 0.0507377995503004 -1.03715069458011 -1.98648625198263 -2.42333588316604 -2.42915977359788 -2.19345494542616 -1.72554786216109 -0.967700361067995 -0.044316499616839 0.952356243900089 1.46975344112711 1.47592219835319 1.4017985528292 1.45534398124289 1.57131205648479 1.62704303060199 1.63695778194714 1.65033997449006 1.6878737191542 1.71263128675494 1.71179508768826 1.69452803599899 1.65852505200666 1.64776351958836 1.63724525291829 1.62503184989907 1.62638227860109 1.63518566143817 1.67225244879748 1.70290915036778 1.67847718041413 1.61779680024996 1.54852924099631 1.36729887018585 1.33101025189247 1.30439490643943 1.30445680388302 1.31978030962467 1.3507312297582 1.38072438693208 1.41201618626809 1.44669904015025 1.48359239042152
-9999 -9999 -9999 -9999 -9999 -9999 -9999 -9999 -9999 -9999 -9999 -9999 -9999 0.803903628164341 -0.650401182438479 -2.16091722615358 -2.65218623239516 -3.17163246187476 -3.31720253637846 -2.89822190406831 -2.46134009079242 -0.933928879671186 0.373963650345303 1.15121782906675 1.46546401421414 1.54233762413998 1.60358123819688 1.749845572848 1.85103242186388 1.77526159971838 1.74648317218231 1.84607680447163 1.80553581288883 1.79598604319699 1.77521179679578 1.71896669873133 1.72337761574117 1.69913755694678 1.67326298062784 1.65680043988572 1.63489318111928 1.67829631759375 1.74128209740032 1.70058414612224 1.59705891978508 1.47997231199036 1.42907335601371 1.23810648187093 1.19314570206101 1.19378618697959 1.18234452882641 1.22844474183348 1.27293017177241 1.32113846033118 1.37468285337088 1.4100510176585
-9999 -9999 -9999 -9999 -9999 -9999 -9999 -9999 -9999 -9999 -9999 -9999 -9999 -9999 -0.0304191466132274 -1.04232730739858 -2.16851102950419 -3.17787103791308 -3.64756566300296 -3.47865278561946 -2.80509102887442 -1.6429170227902 -0.297234990544134 0.601573596719885 0.929299589078136 1.31642272333 1.66231698338168 1.91681677299113 2.08794294095268 2.06913750278453 2.09499171494897 2.00491609623613 1.98763857155313 1.95259701638868 1.88299182689424 1.85261877115684 1.85329466757989 1.84786426639063 1.80545523143878 1.74100443870444 1.67860003972334 1.68820435215952 1.70217854567514 1.65152928893328 1.57217354963175 1.47277523622455 1.39921948070553 1.20810854771285 1.14673007176877 1.12475780671685 1.11822493802974 1.14778442971836 1.19228314603749 1.25322376979793 1.33497037362958 1.40162581435566
-9999 -9999 -9999 -9999 -9999 -9999 -9999 -9999 -9999 -9999 -9999 -9999 -9999 -9999 0.573497683297428 0.145372131604519 -1.3987065808919 -2.95149542042846 -3.71467122073362 -3.66212316600951 -3.25065782556469 -2.43558479162159 -1.24823770254278 -0.412749910084384 -0.00138912826891326 0.779127870547909 0.955308378300658 1.66362228133947 1.98263170808873 1.96509192782156 2.3039851555547 2.10713495659308 2.07009173569473 2.0838287008695 1.99329031797882 1.98200115745236 1.9991815688772 2.0251394623693 1.97676262322859 1.87943831184165 1.73768210225981 1.72757881665281 1.6820154835581 1.60487337869237 1.54543642982728 1.45894821689688 1.37754159801227 1.19489932376858 1.13006676506093 1.10121794618978 1.07238376893996 1.10619680765417 1.13817456011424 1.19061702618344 1.29326879000035 1.40453811789632
-9999 -9999 -9999 -9999 -9999 -9999 -9999 -9999 -9999 -9999 -9999 -9999 -9999 -9999 -9999 0.522349756752926 -0.85135806937721 -2.46309582777207 -3.44306507472121 -3.7247312101094 -3.66774108934598 -3.42339340864767 -3.01172274162634 -2.48657081878225 -1.89443340216757 -1.18370465932267 -0.472958429022814 0.284051965431615 0.84318195873051 1.01872686444844 1.31428921105178 1.70424062213702 1.96736370613991 2.14884929798869 2.10368305370474 2.08969948095566 2.09292299653125 2.12265930899703 2.11315786448855 2.08837085146014 2.01619560144118 1.87779049199117 1.71631218975183 1.57950049977737 1.50729002546658 1.43920382903616 1.36399465290628 1.18454249683032 1.13147482748621 1.11857261983334 1.11547193706248 1.1277794750569 1.13383339995847 1.17467880714807 1.24582027028107 1.28478969584844
-9999 -9999 -9999 -9999 -9999 -9999 -9999 -9999 -9999 -9999 -9999 -9999 -9999 -9999 -9999 0.744868485906504 -0.452505258527832 -1.98701867293257 -3.05706771839514 -3.59631220923707 -4.04490970022509 -4.32589289257376 -4.77241053881038 -4.56558809528494 -3.87074653629084 -3.42060663450796 -2.40483308390141 -1.52336439612704 -0.730206846696873 -0.257733227369235 0.197589168403857 0.938329670353834 1.59072264444152 2.05255970926923 2.05844538174905 2.09216025833512 2.13540672928891 2.19225629252728 2.24724759580812 2.22761217862436 2.20140895574628 1.95538989873354 1.77069262281725 1.55588208300677 1.47543412868192 1.30774647965285 1.21947757051041 1.1667523543961 1.12432169938845 1.12974377595689 1.16554493237883 1.18517920947774 1.18772329968304 1.2333092492246 1.28689302778742 1.26508509662238
-9999 -9999 -9999 -9999 -9999 -9999 -9999 -9999 -9999 -9999 -9999 -9999 -9999 -9999 -9999 0.0428638658889492 -0.20437972129058 -1.1368303449868 -2.13435393033087 -3.05211935419214 -4.01587605525586 -4.64787379016123 -5.3093504221152 -5.53150493894244 -5.15368349571132 -4.84867800598594 -4.13654459378056 -3.56851339381287 -2.69971786670821 -1.71690837897547 -0.791264582164958 0.170542402868737 0.906055589807554 1.50058180995859 1.72443332921461 1.87042744348739 1.96887459298846 2.1051991449257 2.21963276012596 2.33632989460006 2.36974748628443 2.05220999164179 1.67807464864364 1.43745093695234 1.32355434338107 1.26341550759041 1.2191420296457 1.16724124882328 1.15044098111284 1.17615749800027 1.18631604134986 1.292521304497 1.37338916002308 1.43790888792906 1.49787306391079 1.52511860937423
-9999 -9999 -9999 -9999 -9999 -9999 -9999 -9999 -9999 -9999 -9999 -9999 -9999 -9999 -9999 -9999 -0.240793552189118 -0.365316286931136 -1.13422257938575 -2.18201532134047 -3.40038021293246 -4.08974512945137 -5.05359731733937 -5.54412014031117 -5.51028005657768 -5.60813980549822 -5.13580266303653 -4.96368782318487 -4.12887642567191 -2.87872372711132 -1.80755746808463 -0.633561131543208 0.210271096333109 0.929338075667992 1.3072166060632 1.60854679530711 1.78274453507924 1.95090732426974 2.06958302228459 2.19030954305354 2.30806867899472 1.92843674782348 1.5753443090998 1.38258391168758 1.30848844467306 1.2799495691982 1.30153584563559 1.2784134855567 1.29368320335149 1.34682163783103 1.34377746303003 1.50056210168987 1.62814837869752 1.69685894871614 1.75115148251931 1.75957674544793
-9999 -9999 -9999 -9999 -9999 -9999 -9999 -9999 -9999 -9999 -9999 -9999 -9999 -9999 -9999 -9999 -9999 -0.316529127468736 -0.442502329392056 -1.04787768366585 -1.79916544082252 -2.77982536959818 -3.67855725198295 -4.4188748162194 -4.92136506786329 -5.28392768921663 -5.34697225371853 -5.25743938717713 -4.71339599406798 -3.76319645981243 -2.6633234599022 -1.57573957716941 -0.636550139950974 0.202860799302628 0.736988594976949 1.17326074692025 1.4649137551015 1.64826454468627 1.78194770835701 1.76683039194194 1.65689480734149 1.57399754082163 1.43346948664416 1.35794977462782 1.37271212927544 1.42551296157515 1.46046263119877 1.5325400680992 1.59357535660444 1.64200203996216 1.74949737010218 1.81569544411395 1.91321260507433 1.95101713024119 1.93340747524878 1.88551157940145
-9999 -9999 -9999 -9999 -9999 -9999 -9999 -9999 -9999 -9999 -9999 -9999 -9999 -9999 -9999 -9999 -9999 -9999 -9999 -0.29590499208461 -0.595336927909115 -1.45655880856102 -2.22439256223389 -3.09842599208505 -3.93337181603877 -4.66586775246678 -5.15607065163212 -5.41620172703343 -5.10265739014852 -4.46127749545148 -3.5264034381994 -2.46348940469623 -1.52161313746075 -0.558388792788905 0.120576326890291 0.692930851473151 1.1378251801711 1.37333070188883 1.51413411334787 1.4700503858265 1.29783407504938 1.36380969113603 1.36017814680217 1.3617091957575 1.44727561854514 1.51792158817905 1.56007737333702 1.67480132527355 1.76563882807344 1.84586657980782 1.99007584737858 2.02184929276451 2.08714455037501 2.09263060237022 2.03622448747261 1.97388483611901
-9999 -9999 -9999 -9999 -9999 -9999 -9999 -9999 -9999 -9999 -9999 -9999 -9999 -9999 -9999 -9999 -9999 -9999 -9999 -9999 -9999 -0.589801961576589 -0.991379514512774 -1.76958059130301 -2.77397241786136 -3.83946832185327 -4.52509078118616 -5.1960476895597 -5.4148793705581 -4.96713618769864 -4.45667192817233 -3.51006178160214 -2.40126092199728 -1.42026091108005 -0.646531610868971 0.126901523278325 0.599568277560018 1.01278942969665 1.30932407193661 1.31251242985579 1.39757061484632 1.39056058076692 1.37637243921248 1.44506660924364 1.47164508650861 1.53146916010718 1.57274655893102 1.62060370346766 1.72596320139707 1.86962839969767 1.99725736800043 2.05964185315639 2.08981057034692 2.09041472477104 2.08732515640005 2.01884987245678
-9999 -9999 -9999 -9999 -9999 -9999 -9999 -9999 -9999 -9999 -9999 -9999 -9999 -9999 -9999 -9999 -9999 -9999 -9999 -9999 -9999 -9999 -9999 -0.767770928766028 -1.5148343981205 -2.46389574221373 -3.39237095603831 -4.4671761061984 -5.06619364189634 -5.14637182627403 -4.98542815445405 -4.37337692873891 -3.57183098340757 -2.6539710839383 -1.78423679924178 -0.876574961285825 -0.272809176759185 0.27293464019341 0.727759224428226 0.968958774799064 1.19865145724119 1.3191678284198 1.39289128681793 1.46730814628151 1.49952787814466 1.52018261346153 1.54173276405799 1.59029797192778 1.68934302770764 1.83658282430702 1.97034341402218 2.03561655556515 2.06999341595484 2.09209183798778 2.10902495315031 2.06939330211382
-9999 -9999 -9999 -9999 -9999 -9999 -9999 -9999 -9999 -9999 -9999 -9999 -9999 -9999 -9999 -9999 -9999 -9999 -9999 -9999 -9999 -9999 -9999 -9999 -9999 -0.461406264279458 -1.83886807106661 -3.22082583015727 -4.24319136837427 -4.807852678598 -5.08894973884046 -5.04121970295057 -4.81577409277969 -4.18002503809506 -3.19608376836701 -2.31492617735006 -1.46381244443701 -0.813927379823735 -0.17392843425043 0.276597081208309 0.727215818510084 1.07170358617287 1.30548068561398 1.49558282843347 1.49679927127823 1.48284539596394 1.51565148495902 1.58504699090334 1.6831378772585 1.81451440819507 1.94920792720361 2.01650320622002 2.05538899443671 2.09861024797158 2.14683828617784 2.1327267959824
-9999 -9999 -9999 -9999 -9999 -9999 -9999 -9999 -9999 -9999 -9999 -9999 -9999 -9999 -9999 -9999 -9999 -9999 -9999 -9999 -9999 -9999 -9999 -9999 -9999 0.198438529796228 -0.791672782948739 -1.99952470821218 -3.09410678623562 -4.03848758790824 -4.8204697131412 -5.24770787686897 -5.39417488172017 -5.04849755947395 -4.25006788368175 -3.45057172807249 -2.59130919360718 -1.89465109487162 -1.13847815599261 -0.480197274813629 0.0897124180827644 0.702353573381113 1.13702893333454 1.43777644711603 1.47236974747958 1.42036066451834 1.45005407096521 1.5171482709613 1.61666746190819 1.74854902797672 1.88164325821698 1.97208996390116 2.0387128350732 2.09804498636245 2.14459244210865 2.14179933065265
-9999 -9999 -9999 -9999 -9999 -9999 -9999 -9999 -9999 -9999 -9999 -9999 -9999 -9999 -9999 -9999 -9999 -9999 -9999 -9999 -9999 -9999 -9999 -9999 -9999 -9999 -9999 -0.873665424626581 -1.91824790658663 -3.18351927796128 -4.36543789008556 -5.10475749983962 -5.437151782489 -5.41367061486824 -4.93149734439569 -4.31261979148766 -3.44858722619935 -2.77233498102 -1.96407246226063 -1.2572082246285 -0.58150469310645 0.277056029022213 0.943546070163573 1.38724673048934 1.40861714420828 1.34442889956806 1.39959742605126 1.42082180174828 1.51803507363643 1.67684160566165 1.795694466795 1.92912881728445 2.02180960854898 2.08497297927662 2.1229133243735 2.09863213360684
-9999 -9999 -9999 -9999 -9999 -9999 -9999 -9999 -9999 -9999 -9999 -9999 -9999 -9999 -9999 -9999 -9999 -9999 -9999 -9999 -9999 -9999 -9999 -9999 -9999 -9999 -9999 -0.39185325759617 -1.23070541493283 -2.46726983504077 -3.71061190997666 -4.72566698318207 -5.35628960421227 -5.51690856285833 -5.16364485916326 -4.55393867427797 -3.84931357589071 -3.16987359407967 -2.39238033920848 -1.697573615212 -1.00116137805614 -0.0686948147918011 0.733217289336373 1.26299517412918 1.3749890872573 1.33393375093907 1.39066170901395 1.43392817295793 1.53258949721039 1.66377649173444 1.79889331723509 1.93232421787795 2.02847652696644 2.07580535924991 2.06784151841729 2.01799698229316
-9999 -9999 -9999 -9999 -9999 -9999 -9999 -9999 -9999 -9999 -9999 -9999 -9999 -9999 -9999 -9999 -9999 -9999 -9999 -9999 -9999 -9999 -9999 -9999 -9999 -9999 -9999 -9999 -0.816120761383546 -1.91356973564051 -3.12136505994159 -4.38597802865648 -5.30288276948468 -5.65809876873168 -5.24955711703658 -4.58813413097573 -3.9368516030655 -3.29985796411051 -2.56604672170031 -1.98347753587585 -1.31465480494314 -0.31707121544195 0.578590823590727 1.18622978519759 1.31549429762134 1.37006315928499 1.41941696296088 1.47417868384127 1.58198765115593 1.72035880213597 1.85875317031146 1.94693434813537 2.04415032260072 2.055389046152 1.99345897290694 1.91217591903763
-9999 -9999 -9999 -9999 -9999 -9999 -9999 -9999 -9999 -9999 -9999 -9999 -9999 -9999 -9999 -9999 -9999 -9999 -9999 -9999 -9999 -9999 -9999 -9999 -9999 -9999 -9999 -9999 -0.567782832300607 -1.58256321425231 -2.82344567366231 -4.21449643436245 -5.29091377962491 -5.67699566464585 -5.28116919185545 -4.54577701766425 -3.90158429588659 -3.24743831343882 -2.54194649248991 -2.03743663200662 -1.41751325811216 -0.478907797215189 0.415400467344945 1.04111708143122 1.24250918481027 1.29658403091699 1.43882564881881 1.56059337654001 1.67529287511725 1.75612994477119 1.82817695437068 1.91341128627685 1.99397009962796 1.97245931099075 1.88150426424667 1.74801637438497
-9999 -9999 -9999 -9999 -9999 -9999 -9999 -9999 -9999 -9999 -9999 -9999 -9999 -9999 -9999 -9999 -9999 -9999 -9999 -9999 -9999 -9999 -9999 -9999 -9999 -9999 -9999 -9999 -0.369170220163266 -1.36704113248938 -2.61750507350782 -4.17795353191293 -5.44164905454237 -5.86960200327557 -5.34804959962632 -4.52835357735715 -3.81847027647997 -3.13430156951278 -2.44617728274238 -2.06498473556192 -1.53732405631661 -0.537524765837141 0.330813858939657 0.952450099833363 1.11753204119659 1.1886794044572 1.40617951409551 1.6156648822371 1.73472085058376 1.75071357593118 1.74868921933172 1.83476903972275 1.90896460447342 1.85096026176664 1.71385051157489 1.55195820558213
-9999 -9999 -9999 -9999 -9999 -9999 -9999 -9999 -9999 -9999 -9999 -9999 -9999 -9999 -9999 -9999 -9999 -9999 -9999 -9999 -9999 -9999 -9999 -9999 -9999 -9999 -9999 -9999 -0.327983685335353 -1.38883637224631 -2.76705904572153 -4.2664938035773 -5.44862804643704 -5.85955911616494 -5.41626411238664 -4.60953660560036 -3.79695741008363 -2.99080034031128 -2.29922492483557 -1.91336165057884 -1.40660051709546 -0.537453313631979 0.319729840879521 0.896308756381249 1.03704085039474 1.08745153463163 1.30799198633 1.5219237749254 1.64097005883099 1.67024060762765 1.68407335489997 1.718401536088 1.73689689623841 1.65296926993668 1.49542059821644 1.30300098650768
-9999 -9999 -9999 -9999 -9999 -9999 -9999 -9999 -9999 -9999 -9999 -9999 -9999 -9999 -9999 -9999 -9999 -9999 -9999 -9999 -9999 -9999 -9999 -9999 -9999 -9999 -9999 -9999 -0.259400442364873 -1.49529915955494 -2.95062842633154 -4.40342899698958 -5.54525155302868 -5.91146830995208 -5.41403586727025 -4.69707334585958 -3.73064541450229 -2.83445461338451 -2.12415147134981 -1.80614376084732 -1.37325359724341 -0.491473098257716 0.369992394473915 0.907838057131285 0.945942729277196 0.96777166894637 1.17134705278615 1.38164709881843 1.50831127712409 1.53567540914458 1.55227733802918 1.54664769199749 1.54203306778746 1.43250308611116 1.24652139085814 1.03930706527435
