meets/meet004/analise_selecao_variaveis/pca/pc1.asc
NCOLS 154 
NROWS 168 
XLLCORNER -112 
YLLCORNER -55.5 
CELLSIZE 0.5 
NODATA_value -9999 
[rows 50 to 74 of 168, columns 56 to 111 of 154]
-9999 -9999 -9999 -9999 -9999 -9999 -9999 -9999 -9999 -9999 -9999 -9999 -9999 2.83244366796512 2.0285696453613 0.87553160130335 0.384521292885965 0.0146682311236431 -0.11150635453347 0.0969811050859535 0.574071673313316 1.26684341607821 2.24170864397225 2.6440039070536 2.46989248651344 2.51970366991459 2.57035406222453 2.67276237511073 2.69009281432039 2.71219385939885 2.75011403246069 2.70967897899218 2.76161388671889 2.6150361286005 2.26703140670431 2.32748279723359 1.87213153354132 1.73021284415437 1.68994664420543 1.68510529274454 1.92372421140275 1.84168508315962 1.98682191121388 2.25964273681307 2.65309691685343 3.30643430537795 3.06708794005088 3.11606559465632 3.07417925965847 2.86068138932881 2.91650592297871 2.50107246128463 2.27163427357461 2.11729770188867 2.11233161590058 2.06341687432225
-9999 -9999 -9999 -9999 -9999 -9999 -9999 -9999 -9999 -9999 -9999 -9999 -9999 2.16232354304282 1.26152146514952 0.69283424212479 0.340944374882212 0.178992854291056 0.250140091500431 0.469485486152442 0.917665440754609 1.47259746930812 1.93423490375136 2.21871031373805 2.31387219816276 2.35445942893211 2.36727718422858 2.39231643278092 2.39967791071107 2.41857695353593 2.45685706277398 2.53779245618781 2.61746696387054 2.59957805866852 2.37780663503377 2.33893236809079 2.10127601977999 1.95013450263885 1.95012740048166 1.99290029258848 2.11398094534128 2.18392034628859 2.33041508942889 2.53400132941619 2.77483842225377 3.01176035771843 3.05141837137734 3.00505504703715 2.9550708706767 2.84343506915862 2.74430192302161 2.41988441769705 2.23980103020106 2.10220303341268 2.14581249436078 2.13779545601427
-9999 -9999 -9999 -9999 -9999 -9999 -9999 -9999 -9999 -9999 -9999 2.42910993002115 1.64267325589711 0.971592146733861 0.723855992915715 0.444895563134763 0.334526340194747 0.366446782131127 0.621760156826659 1.02121384934189 1.41453068628473 1.606532194593 1.92968555270842 2.1169707664199 2.16227617797207 2.17335377989259 2.19203935044995 2.21618880737674 2.20312115509953 2.20615344025823 2.23123729623355 2.3155273193404 2.41680483768182 2.43570750588227 2.28878035413064 2.11150938916244 2.14098549998101 2.03998151922474 2.0260470114121 2.10690357852017 2.21231166322521 2.34549170215427 2.47296232404354 2.6003498329868 2.68771653810876 2.70971983345431 2.78406924720787 2.71339950998564 2.6758277424474 2.63323099233146 2.37088621884385 2.25392412861868 2.14945511007255 2.06592848783646 2.18952439640819 2.19044162921843
-9999 -9999 -9999 -9999 -9999 -9999 -9999 -9999 -9999 -9999 2.36901327205102 1.73517366246255 0.742257271463753 0.224132006547011 0.092708349535297 0.165706021212309 0.451701710743918 0.882388877177804 1.2349006865496 1.475535714157 1.68813357871673 1.86691151542465 1.88637560747268 1.98292811681143 2.02634607419707 2.04182580266361 2.07417551636139 2.09545898655499 2.17335644823339 2.24300357826794 2.29289908827449 2.34748516053103 2.36780238290167 2.31760000082877 2.26768441041988 2.12196480410169 2.15512538793158 2.11086454070138 2.12753102545322 2.18492057251744 2.29035802997485 2.42283584130368 2.52962204090204 2.60330229238201 2.65667823916215 2.62546245775118 2.63327466947388 2.40440555043525 2.38785052728996 2.32107165920042 2.19534752418917 2.12556379683515 2.07445345753306 2.0460077659394 2.16751886804034 2.18339443491914
-9999 -9999 -9999 -9999 -9999 -9999 -9999 -9999 -9999 -9999 1.82170016985529 1.06264316926026 0.0809223084306332 -0.403948237557604 -0.298860858367448 -0.00565300980241128 0.560890911218903 1.27302392685782 1.64650502818576 1.77361282643134 1.88712919384482 1.88615033415786 1.90413679337453 1.92074193725389 1.92818497073011 1.96776237124085 2.06811175903468 2.15018859196132 2.24869350532635 2.35989171527451 2.38314420632533 2.40463569060762 2.40435753222087 2.34563009648109 2.22574603408955 2.23873942557929 2.18681150627803 2.17029813545875 2.20849046882482 2.28910280059751 2.35401265154558 2.48086173236202 2.57657161215015 2.62930694670315 2.63243070951736 2.40245889068789 2.42803692169428 2.31775135844181 2.21206511879347 2.15642137583902 2.02734946045014 2.01234628064657 2.06293838386004 2.16017605618723 2.25655515171626 2.25469015240195
-9999 -9999 -9999 -9999 -9999 -9999 -9999 -9999 2.04638766063819 1.54492177171304 0.814836114174046 0.215484739361861 -0.287422133078793 -0.5293120665366 -0.365577026739968 0.0872633257888248 0.687089419185294 1.34604454273287 1.77248304457143 1.84547769941917 1.80910825936513 1.83073789951393 1.82440612497432 1.83339981557986 1.89004959186904 1.95238213218794 2.06657336482186 2.15867709508335 2.25537482004531 2.33959970606447 2.38996993548098 2.45901940898299 2.42673707465119 2.3991992222596 2.33967056625966 2.28034225941532 2.27915599046429 2.28277837962926 2.31679061272529 2.42765166785421 2.52271350369126 2.63042415893454 2.68749877171478 2.70405985904917 2.55090761602333 2.44668533391283 2.35323348787232 2.24616628535497 2.16610670449794 2.04855375245958 1.97031789231799 2.02317689306096 2.09118801147231 2.25648373319369 2.2448648733815 2.20870054290016
-9999 -9999 -9999 -9999 -9999 -9999 -9999 -9999 1.78145870524692 0.955989234058411 0.231231440645248 -0.229322171884744 -0.500318773331199 -0.594956126431261 -0.342792248345798 0.143550719333339 0.775999025050103 1.41639830610093 1.77446085094503 1.8179441289899 1.8143278838671 1.84834081186098 1.85170332109857 1.88509672928874 1.9623094789045 2.01151214552072 2.10589150497124 2.18533348931097 2.25450260591964 2.32621073326809 2.36066087354858 2.38048220261859 2.38696337220116 2.38220485824764 2.38896655624908 2.37043768478303 2.39602421853791 2.43491597083366 2.49942442050538 2.59145589915218 2.68965409308847 2.77092570929165 2.82544908743867 2.66125946125349 2.57458760380517 2.46632045613351 2.36780992506519 2.23671944059596 2.13125221752116 2.0781887892041 2.04212860365357 2.08994602477787 2.17857248058722 2.25697800124869 2.22359511860258 2.17255866052937
-9999 -9999 -9999 -9999 -9999 -9999 -9999 1.81117885640439 1.24313710183026 0.536559773126713 -0.150792804601981 -0.45862583096965 -0.58022560396033 -0.508631671551334 -0.23755556258611 0.200646908369481 0.859425936157099 1.47022080020677 1.78936726067337 1.87361066491281 1.898363946735 1.91644589736864 1.96018453760745 2.00127179066835 2.05858394882246 2.13839778551095 2.1820987749466 2.2247989186198 2.26628662687738 2.29780262218096 2.32541347596613 2.32952811878499 2.32923829784746 2.35057740211402 2.40743975922794 2.47888534497295 2.52319277937386 2.63363515803084 2.71353971627666 2.76420869431232 2.82226813699107 2.81585820828562 2.72169856759623 2.64379368280098 2.54456971339281 2.47409505883357 2.39681067375097 2.30485602373175 2.23089461852506 2.17131529158305 2.15560819135575 2.19604538615867 2.19617125013416 2.26035828393388 2.20070889748715 2.13030609490064
-9999 -9999 -9999 -9999 -9999 -9999 -9999 1.61024620954055 0.992180773555172 0.347989648961223 -0.255125951043903 -0.519400143966384 -0.531035234478035 -0.385984774828242 -0.0621164843265562 0.369099995118679 0.974360848431463 1.47980074152173 1.78549635889304 1.89683863609426 1.93669598525091 1.96215539704075 2.00453204226784 2.05307529150243 2.10947729041983 2.17818412507347 2.20166858024714 2.22480003015087 2.24944851614673 2.27214093294206 2.28049309541538 2.28013773481616 2.290699266536 2.32127162012439 2.37344404561338 2.45412768664949 2.54022201565563 2.63160102648233 2.68791898186188 2.71273707145568 2.73559884486824 2.72793477101371 2.67429850720877 2.63590201011487 2.58828351005354 2.53689941581728 2.49608100653279 2.41505986091355 2.34734490083253 2.30166809194802 2.26750455868111 2.24682855367307 2.20546103471563 2.26666875082949 2.20711827532084 2.1314065636692
-9999 -9999 -9999 -9999 -9999 -9999 1.98170853308987 1.56459854350333 0.951395629698364 0.347677123167048 -0.219143915436678 -0.424906583427865 -0.391465516307117 -0.199113790073993 0.164287887425239 0.617312733270522 1.10099273679918 1.52757616913314 1.8057744047585 1.91120573186497 1.95895259919501 1.99368997953742 2.02655234372638 2.06962160847279 2.12205123996259 2.17439988591016 2.17758476269583 2.18176192534498 2.19208607556204 2.19630202071457 2.204269751099 2.20889493945054 2.23485462241548 2.27565677732144 2.32867511417481 2.38811548833542 2.46624919739348 2.53993967503181 2.57795858663802 2.63581166303674 2.66998504968656 2.69111959314206 2.71107513217245 2.68871119424412 2.658402350809 2.63529269343755 2.6060660508062 2.56840754908839 2.52875061056654 2.46175425918923 2.33293869421809 2.27970791550432 2.23947489483934 2.19231629701053 2.23088666385957 2.16418682655508
-9999 -9999 -9999 -9999 -9999 -9999 2.13694198432662 1.70079948037501 1.0562658269041 0.53602659819417 0.0470065571324808 -0.196443539177874 -0.15184670404139 0.0109697597356305 0.381662063531601 0.829534680548627 1.25087595902681 1.59764550789389 1.84155321515778 1.95462052804465 2.00511494348845 2.0505219903042 2.08029422099346 2.12242282535768 2.17622553970345 2.21553937036486 2.21449395857198 2.19171526937854 2.17917557633098 2.17229753939462 2.15994481969892 2.14825573461401 2.16512072202462 2.1982169818907 2.2466805161809 2.3098231321859 2.37872125931754 2.44762928630029 2.50333771974103 2.56819424211398 2.61041463332655 2.71010114061013 2.73495846694652 2.71504524004396 2.72238111120335 2.71141731687055 2.69649286985845 2.6674019752484 2.62807399067675 2.44975133777052 2.38371235361067 2.32000415280032 2.28077618026565 2.25734089698984 2.18476062937842 2.23094196990509
-9999 -9999 -9999 -9999 -9999 -9999 2.24161598505386 1.85144768726399 1.24874492612936 0.743079614276099 0.331212443382381 0.0806291970542915 0.0565193338850127 0.184057992724568 0.552347483416118 0.989475106989384 1.36592133335183 1.66753454544129 1.87593658483118 1.97205853186225 2.0288455867749 2.06123897875564 2.09099806811557 2.12954331758156 2.17116537687768 2.20655833349818 2.19053393078594 2.16669501027021 2.1417123234926 2.13420323262619 2.13494000446845 2.12190662829317 2.13473404951023 2.1645334940597 2.2087465804569 2.28165888666075 2.32708773658969 2.38390995699438 2.41723906149925 2.47421623721211 2.51522320363381 2.65029255028323 2.67759434584364 2.70522965872932 2.72968392807241 2.74102207205045 2.72419910922041 2.70320731183163 2.67491159394846 2.45698726721498 2.41042489699915 2.35476233062093 2.32585286431677 2.30241951154367 2.25074603427762 2.23349763265996
-9999 -9999 -9999 -9999 -9999 -9999 -9999 2.05517609508107 1.68091088281535 1.08362549707883 0.550708118505322 0.263190688534627 0.24618354505601 0.368096199200895 0.694484879243388 1.1009792286088 1.44193800741086 1.69572153637912 1.8838714190848 1.97351646878569 2.01430345113514 2.05536042514223 2.08247248111514 2.11374455990713 2.14847618755607 2.16555303644176 2.15396707176479 2.12510401942315 2.10074627641486 2.08857930067057 2.08870063391303 2.0905014716458 2.09536141413157 2.11203755182505 2.1532000747124 2.21761887303592 2.27821303826099 2.33642121882531 2.37037185246876 2.40714837327989 2.40689782860007 2.58046441850871 2.62560272501667 2.65389993034795 2.68564132385951 2.70816204381874 2.70676054199222 2.6992352584043 2.47331213392297 2.41656787707993 2.38532452990674 2.36834300843149 2.34542055760057 2.3087285267225 2.24779394507951 2.22159312176091
-9999 -9999 -9999 -9999 -9999 -9999 -9999 -9999 1.81025898229446 1.17011036137541 0.753045267595486 0.402762587082842 0.389061532199993 0.487201623784578 0.798478774040662 1.17582212931094 1.48651850152193 1.71391627182813 1.87154274863297 1.93611034068741 1.9718405141888 2.00845296123791 2.04154340616785 2.06769107922014 2.09170087308411 2.10808721990829 2.08465344581278 2.05831975477896 2.03676628287052 2.01872534530657 2.02906564982096 2.03075774029385 2.04168486192843 2.05791438654486 2.08819272272337 2.12555165941232 2.18617676312927 2.24435469895662 2.2733885969222 2.30713076684843 2.33744656911761 2.34834479310142 2.55958058764779 2.57773155224165 2.61768077608875 2.65425102275572 2.44271892069312 2.45945913386257 2.45685619488675 2.43012376758657 2.41901646796909 2.37283856968207 2.33302227069547 2.28023034814204 2.19716801043933 2.15011620744562
-9999 -9999 -9999 -9999 -9999 -9999 2.54999922696903 2.07412483731939 1.53484643349569 1.04587351989316 0.617276572550976 0.445222028311519 0.486492306337499 0.62207093906853 0.903590654438624 1.22294467970753 1.50106311643277 1.71085173468049 1.85210993008426 1.905112257332 1.93058753365603 1.96375068916468 1.99139326984444 2.00772624363226 2.0203228080221 2.02179452076835 2.00783408908346 1.98699171035852 1.96994452405256 1.95948939084623 1.95165584902098 1.96347574944072 1.97688008681213 1.9989142096215 2.03502980998589 2.07140987816622 2.11842167692674 2.16759189103085 2.219574703154 2.26510090109637 2.3047039044972 2.33767950703302 2.36397292316507 2.38268868635819 2.4004223764292 2.4138562617049 2.42304152533825 2.43185758985517 2.42699457525859 2.40647952297217 2.38328076278523 2.34423812770473 2.29781181511165 2.24514515391429 2.17644715697619 2.11577448346856
-9999 -9999 -9999 -9999 -9999 2.79110471846635 2.53714168869364 1.98268612025397 1.27518051804816 0.913166736672687 0.479240069376486 0.476488746969141 0.56146665404331 0.713795395862855 0.963986496857068 1.25694041522668 1.51311320791716 1.68749984104634 1.81620738967135 1.84619394279032 1.87167515540207 1.89545754786525 1.93079669893083 1.9422772380985 1.93459699143534 1.92954625631381 1.91922063087413 1.90703307239228 1.89510244527033 1.88431566153701 1.88161822131889 1.88913101284876 1.90079342363235 1.92764600508957 1.96605294464099 2.00721179381635 2.05147468262245 2.10870712054444 2.17106524349791 2.24287231872171 2.29484501822753 2.31489106962391 2.3491620417081 2.36646531237645 2.38384336931164 2.40030090225816 2.3902956360661 2.38848912785995 2.37955340065763 2.35798457234627 2.33784803419762 2.30322072672256 2.25745330838518 2.21719574573414 2.1583857719913 2.1185513919216
-9999 -9999 -9999 -9999 -9999 2.64153058480754 2.4280401451561 1.89786339385532 1.22105438888619 0.86304795275598 0.706498118592493 0.531558279669135 0.587690452757358 0.730328923976266 0.979050330598804 1.29071467236876 1.47934433238121 1.62071699714241 1.73303858919273 1.75873690812306 1.77611899339196 1.80426733962662 1.83456889653634 1.84464253351702 1.84269171657096 1.83732721498435 1.82669864374118 1.81921238176483 1.81064088119439 1.80697572882595 1.80836645429212 1.82117739500035 1.84062725360154 1.86789358936863 1.9092458739677 1.95175348422149 1.9987738653744 2.05128209378052 2.11256990419247 2.18462944942403 2.23104071789179 2.26380197788857 2.29237626634796 2.31051705558228 2.32398171440209 2.336127020907 2.33290255908202 2.32927633052106 2.31996480175431 2.3108341085022 2.30067808375775 2.27097601671487 2.23774988037972 2.19730104975843 2.15497919154068 2.11751568634664
-9999 -9999 -9999 -9999 -9999 -9999 2.25150990425664 1.85034686629906 1.22015417358226 0.918779808735696 0.69890517808357 0.500687097966902 0.457766238881689 0.572287176954559 0.804628655361617 1.23031985032349 1.41031884290908 1.55373161677795 1.66088112222601 1.65734443647817 1.66067166404234 1.68008924135348 1.71980896920042 1.73325836261173 1.73390677485628 1.74328847174881 1.72777864097599 1.72343982817141 1.72392602582194 1.72415058889667 1.73252567116797 1.75201348877918 1.77660389884121 1.80672561212399 1.84705643312394 1.89055346600357 1.93101442382963 1.98075216022829 2.03628961233371 2.10600926972834 2.15715006505756 2.1821953552627 2.21287514749886 2.23025692572933 2.2505147427484 2.27229075657192 2.26841841250245 2.27269938512614 2.27118959299558 2.26826641035076 2.26810650979545 2.23856102609515 2.20963602664086 2.17830843103447 2.14370660527776 2.1133171371617
-9999 -9999 -9999 -9999 -9999 -9999 2.14682009962451 1.83866142951198 1.47652666280774 0.853887663669281 0.402401504719491 0.102779584114835 -0.0392465176751444 0.0653941055283327 0.355413523475036 0.778239758261423 1.17653807053002 1.49219725134743 1.66655000651682 1.61456625835583 1.51115057562928 1.53245939515371 1.57756395642162 1.59965137058051 1.61002419534996 1.61109316244169 1.62096928730967 1.62862839217268 1.63359497181203 1.64686638740925 1.66123509916932 1.68677736331013 1.71495629345422 1.74531215314794 1.78290777708078 1.81954859164906 1.85702001066406 1.89774268421983 1.94637308796079 2.00670319543478 2.06832686569148 2.09837961060117 2.12743450921483 2.1488816380965 2.16546032408929 2.18034395055088 2.18172727999355 2.18373892211122 2.18411985237503 2.19085689817156 2.19077033571155 2.17427976725716 2.15223058345221 2.1263832351432 2.109169838168 2.09409946169603
-9999 -9999 -9999 -9999 -9999 -9999 1.98106390102836 1.94587080886981 1.52672319396893 0.864132032284124 0.0906210489437951 -0.396368620263684 -0.621679206682918 -0.55418464578618 -0.218103049469539 0.274438873593103 0.940780277820942 1.54306718547081 1.78947834656637 1.60493482216487 1.39488229528861 1.41166628799887 1.47379818604666 1.49885260091221 1.50947280052727 1.49991851925203 1.52316063136283 1.54584502512876 1.56226841907542 1.5829333764435 1.5990737143604 1.62794578787227 1.65791891921558 1.69014522641471 1.72512622893004 1.75769333963663 1.78954160582546 1.82286291834881 1.86907407422168 1.92720220349248 1.98263237748922 2.0160033294719 2.03779188560245 2.0550226933911 2.07239490589537 2.08380073735031 2.08853282261195 2.08892404711128 2.09435992427096 2.11481142515038 2.11630615850172 2.10755549591979 2.08625065435527 2.07131352597915 2.07131712761329 2.06323859956882
-9999 -9999 -9999 -9999 -9999 -9999 -9999 -9999 1.66921350191125 0.846762401122488 -0.042919558874466 -0.735245424324794 -1.05341363859454 -1.10198907366358 -0.797303005443825 -0.189556899312247 0.719407974163833 1.58260659688472 1.91521158189246 1.71197884203945 1.31651656465174 1.33017147234103 1.44669889548872 1.57212386926893 1.45258888817555 1.4284813479001 1.45435610481895 1.5981764216121 1.62065774572001 1.52470504107103 1.53982337159814 1.57600065327869 1.61316155092152 1.64523456294403 1.67513049368899 1.6998867145627 1.72614857096638 1.75258880948065 1.78887018778741 1.83526186272102 1.87724044992803 1.91295029398816 1.93588441663109 1.95144510732485 1.97134567380855 1.98426085147144 1.99344473304038 1.99974386898394 2.01184659567762 2.03964095283459 2.05029080472115 2.0443430011435 2.02304511434164 2.00133955793472 1.99635216686745 1.99158539419272
-9999 -9999 -9999 -9999 -9999 -9999 -9999 -9999 1.56761872805204 0.992704162674409 0.0132495886018697 -0.798475737845807 -1.39107968606936 -1.56035606651248 -1.2640702899572 -0.626596897175136 0.500377924290218 1.57820463039247 1.96816443344052 1.69484539631736 1.24497301703889 1.2836870229189 1.49397583447641 1.52886353294658 1.52671525808113 1.38590499633014 1.51487393311506 1.55252212560529 1.57864342703622 1.59982002108855 1.61669018490694 1.66254787287948 1.70696825346892 1.61000885297726 1.63484644463309 1.65022246878071 1.67275446688428 1.69057852918 1.71856167077017 1.75673470363033 1.78557222993106 1.81654407982744 1.83527334018884 1.85734625937781 1.8849474877735 1.89631559487877 1.90820936847515 1.91210888064088 1.92727098869534 1.96455332196178 1.97971459080184 1.98627720576343 1.96777184518958 1.94062212800195 1.92799813353398 1.90320704795666
-9999 -9999 -9999 -9999 -9999 -9999 -9999 -9999 -9999 1.31523034910543 0.616934036390844 -0.604142359752287 -1.54604473081948 -1.95384507991565 -1.70141250161638 -0.973615057149356 0.225207216014592 1.41946878842274 1.89284891259529 1.64834755615431 1.21967454889557 1.23928399040953 1.46402543091312 1.49569169097485 1.47355291753274 1.45591443511003 1.47994139188216 1.523639535715 1.5575785308068 1.57294447779056 1.585925528416 1.63544072207686 1.68468507809696 1.71327582659651 1.73048079252285 1.60463018768085 1.62474662570994 1.64603781877091 1.66450289168655 1.68860872566811 1.70741545084094 1.73290474773916 1.75398270506537 1.77078492138289 1.79212169781149 1.80612240825487 1.81280942749014 1.82120787810499 1.84331331699856 1.8849013190503 1.92115665796522 1.94132348506609 1.94922983171904 1.91915897412785 1.85521668536218 1.78925478697996
-9999 -9999 -9999 -9999 -9999 -9999 -9999 -9999 -9999 -9999 1.20262409318271 -0.203114996670289 -1.54920002574678 -2.15405850300895 -1.9743445379564 -1.26229369354867 -0.0446219686795925 1.20820563996613 1.72215569030702 1.55126995982327 1.20521287243993 1.23892140400421 1.42619808002788 1.45000283397125 1.428315196022 1.40859231981019 1.43440177711996 1.4748276301855 1.5109740119373 1.54101112643936 1.57282262602338 1.62064554988166 1.6686776478989 1.69655005300586 1.70706236625015 1.70864714006034 1.72562070049611 1.61163983401711 1.6278678761153 1.64681536066173 1.65826375273728 1.67686623211508 1.68986932831949 1.7004629824852 1.71903936961187 1.72629240829865 1.72986058775813 1.7388282918027 1.76426143668473 1.8196643672872 1.86037691591224 1.88615981388952 2.0797349540517 2.05876401401112 1.81884298709126 1.75813797497128
-9999 -9999 -9999 -9999 -9999 -9999 -9999 -9999 -9999 -9999 -9999 0.296941924959106 -1.39370463148659 -2.23820667619181 -2.14927698635302 -1.50513422432564 -0.391589877421178 0.902185854495664 1.49681745934006 1.43485550895091 1.25504983820736 1.27935111378733 1.37773860823727 1.39909993772129 1.38552663316891 1.37301199025377 1.40079611497812 1.43600618463871 1.46817973207497 1.50564704271393 1.53618288312 1.58656305039378 1.63731762467726 1.67061718257286 1.68786604512295 1.68765880354648 1.69548549906462 1.71751666583175 1.72910757848875 1.60633834769518 1.61924657821023 1.62541648917345 1.64078589272249 1.64323532718214 1.64245275036721 1.64250986816045 1.64734398903008 1.66604677857353 1.69458304404909 1.74347187076237 1.78551760714272 1.80118285520454 1.80834833386957 1.80489172224915 1.98900414122259 1.98659838873395
