meets/meet004/analise_selecao_variaveis/pca/pc2_e.asc
NCOLS 154 
NROWS 168 
XLLCORNER -112 
YLLCORNER -55.5 
CELLSIZE 0.5 
NODATA_value -9999 
[rows 100 to 124 of 168, columns 57 to 113 of 154]
-9999 -9999 -9999 -9999 -9999 -9999 -9999 -9999 -9999 -9999 -9999 -9999 -9999 -9999 -9999 -9999 -9999 -9999 -9999 -9999 -9999 -9999 -9999 -9999 -9999 -9999 -9999 1.86385553356607 1.19011886421139 0.459843932741086 0.00183141028379902 -0.366873759662724 -0.798028212091651 -1.41805941826964 -1.96104499824927 -2.51700078979071 -2.76749759136065 -2.29477746775501 -1.1540071279568 0.114582390395092 1.24987507658673 2.11097299104185 2.62714641389981 2.79590639140164 2.78753113274558 2.66483361997086 2.49265239207845 2.32247574277229 2.1654214055189 2.05457719640117 1.95727224349893 1.86160097682497 1.7489032997131 1.61559330942185 1.48895760291244 1.42476147082553 1.3879661932538
-9999 -9999 -9999 -9999 -9999 -9999 -9999 -9999 -9999 -9999 -9999 -9999 -9999 -9999 -9999 -9999 -9999 -9999 -9999 -9999 -9999 -9999 -9999 -9999 -9999 -9999 -9999 1.9121712801785 1.21233414339921 0.445829467383623 0.11736793626166 -0.187389556521877 -0.635449223486016 -1.39922671327284 -1.98550919716166 -2.50945912729769 -2.74554633959564 -2.20469159900531 -0.952589168832598 0.360673573307717 1.4457780329518 2.2836402244264 2.73836693874685 2.83644526700519 2.80839352618906 2.66610572382906 2.49661377726847 2.33227962311588 2.17940349107314 2.04017758194848 1.93574346648925 1.84524289374557 1.73428373026111 1.5938755670048 1.46473798401531 1.39041633634281 1.34729943912968
-9999 -9999 -9999 -9999 -9999 -9999 -9999 -9999 -9999 -9999 -9999 -9999 -9999 -9999 -9999 -9999 -9999 -9999 -9999 -9999 -9999 -9999 -9999 -9999 -9999 -9999 1.89079791927266 1.90064776376358 1.3838320249767 0.775731560481934 0.354250285132797 -0.000149934392196155 -0.50593747280121 -1.3295988640625 -1.96613997421067 -2.45674878169763 -2.56955407699804 -1.90134749816922 -0.664202247370284 0.604526378390529 1.63753697013427 2.36408843244977 2.7639333377 2.8434360826866 2.77787112670853 2.64717675041402 2.48467464658557 2.33200317397904 2.19549599136279 2.06046770905874 1.94377007614415 1.84787682842436 1.74707476713014 1.61438824484466 1.48636156409464 1.38594406994321 1.31422616854692
-9999 -9999 -9999 -9999 -9999 -9999 -9999 -9999 -9999 -9999 -9999 -9999 -9999 -9999 -9999 -9999 -9999 -9999 -9999 -9999 -9999 -9999 -9999 -9999 -9999 -9999 1.90174914895023 2.00573877560738 1.58430943007433 1.06144182488072 0.631449534079811 0.21512399412199 -0.380179933359793 -1.34761474238863 -1.99658119603457 -2.3812131550833 -2.40629372189186 -1.64148973234633 -0.377194609108676 0.885669445204467 1.80231848396232 2.46365527898745 2.79785286317031 2.83220447957533 2.75319230984522 2.61924701160929 2.46195315433714 2.31853509279121 2.18940263268196 2.06634554594886 1.95415262419988 1.87018823131978 1.73506040802462 1.59275842342076 1.47502864564826 1.32939997900278 1.23486492092366
-9999 -9999 -9999 -9999 -9999 -9999 -9999 -9999 -9999 -9999 -9999 -9999 -9999 -9999 -9999 -9999 -9999 -9999 -9999 -9999 -9999 -9999 -9999 -9999 -9999 -9999 1.89209792769332 2.11763542814501 1.81008136094298 1.36253797457657 0.863130519686369 0.369197058293366 -0.325366287719254 -1.37133559593897 -2.09539989140741 -2.34972029481646 -2.11123922576028 -1.27850187646119 -0.0921315904971529 1.03647659113772 1.91568915896801 2.48709283500348 2.78238701541217 2.80268636640491 2.71841956604853 2.58834393299001 2.43814024346606 2.30655442798725 2.17657817316394 2.05559045853816 1.94631004186509 1.83042754835764 1.70661858731707 1.56664447694045 1.41053060599122 1.26882408043997 1.11653787026984
-9999 -9999 -9999 -9999 -9999 -9999 -9999 -9999 -9999 -9999 -9999 -9999 -9999 -9999 -9999 -9999 -9999 -9999 -9999 -9999 -9999 -9999 -9999 -9999 -9999 -9999 1.92246537482897 2.20570010312045 2.01593149195803 1.59591583612338 1.10372324311631 0.479643610213022 -0.309873122014392 -1.50829840323664 -2.28661193792348 -2.40396920642868 -1.97442076979032 -1.02783287928016 0.119956026084983 1.21452258582074 2.00496766267862 2.51575220791855 2.74780942382457 2.74801404517921 2.66040640901481 2.53995376011423 2.4048187190914 2.26865964757901 2.12071213035996 1.99129668535967 1.88135253200061 1.78569801113395 1.65315265941793 1.5018506116304 1.343517123509 1.18639716945571 1.03496561717258
-9999 -9999 -9999 -9999 -9999 -9999 -9999 -9999 -9999 -9999 -9999 -9999 -9999 -9999 -9999 -9999 -9999 -9999 -9999 -9999 -9999 -9999 -9999 -9999 -9999 -9999 1.92452463865046 2.24086270206861 2.15818490231545 1.81458958910101 1.24889389287149 0.5815929391348 -0.343090202651736 -1.68443489013541 -2.5596774369031 -2.56672554354418 -1.93537070095442 -0.911059078564991 0.277662132162438 1.35913547500225 2.0732452134298 2.49925403675327 2.69046746532934 2.67974693640202 2.59222872659008 2.48744236042889 2.34336837801744 2.21317775845202 2.06247840862092 1.9219720294964 1.81619883676315 1.70231521085151 1.58352050588721 1.44422279580694 1.28832051273174 1.12938904962411 0.954311197435452
-9999 -9999 -9999 -9999 -9999 -9999 -9999 -9999 -9999 -9999 -9999 -9999 -9999 -9999 -9999 -9999 -9999 -9999 -9999 -9999 -9999 -9999 -9999 -9999 -9999 -9999 1.94459895721716 2.26159116740234 2.26960625512188 1.972305572943 1.34903455839795 0.643202228659437 -0.407363830554345 -1.85327751036555 -2.82149656485631 -2.74791616309138 -1.91273843121138 -0.762465587747291 0.468653880321593 1.49897488654624 2.14913785155488 2.50656914398561 2.64441542892945 2.61588561676657 2.52721218849145 2.41810123175038 2.29502471228535 2.15524514860922 1.99375168467255 1.84415215313157 1.72643532441136 1.62989780899951 1.49507612139872 1.34026757220678 1.17945884986051 1.01942594568461 0.871731709238415
-9999 -9999 -9999 -9999 -9999 -9999 -9999 -9999 -9999 -9999 -9999 -9999 -9999 -9999 -9999 -9999 -9999 -9999 -9999 -9999 -9999 -9999 -9999 -9999 -9999 -9999 1.93886564472557 2.28664179052212 2.35141706640105 2.13877508101744 1.50377282498382 0.704792512469966 -0.438313599377556 -2.02337850816962 -3.1469608490145 -2.85706939226482 -1.8152079282517 -0.570802976257092 0.658355553258166 1.69787411387846 2.24161603391695 2.51934981177345 2.62081594514114 2.58427203940501 2.49732464444673 2.38753753789256 2.23886122209559 2.10682676628456 1.95123924535534 1.79992147533422 1.68040252658404 1.53809112203025 1.40576126453346 1.25496655463325 1.08165604730727 0.941989351413841 0.75535977067567
-9999 -9999 -9999 -9999 -9999 -9999 -9999 -9999 -9999 -9999 -9999 -9999 -9999 -9999 -9999 -9999 -9999 -9999 -9999 -9999 -9999 -9999 -9999 -9999 -9999 -9999 1.90533140628812 2.27552583267056 2.41689185212547 2.2326447764402 1.58463424335494 0.731805148784502 -0.464771696633296 -2.01402166996235 -3.03596682188008 -2.66758365738851 -1.48689567796274 -0.182281092334614 0.997173589210488 1.8885301708684 2.37230385919365 2.56508957271146 2.61840734607687 2.57139794201464 2.4755413395262 2.34938404466649 2.20491771402749 2.06541296174233 1.90643818628681 1.75073536355826 1.60449395682347 1.46215175344719 1.31709932271636 1.15098982909397 0.98101045175879 0.815372867633348 0.63901797547311
-9999 -9999 -9999 -9999 -9999 -9999 -9999 -9999 -9999 -9999 -9999 -9999 -9999 -9999 -9999 -9999 -9999 -9999 -9999 -9999 -9999 -9999 -9999 -9999 -9999 1.3994903387146 1.88174514760012 2.28320280615307 2.49881685245706 2.40730070467847 1.7259115233605 0.821142014225826 -0.362658601296481 -1.88987462949731 -2.95818611972735 -2.19938349673096 -0.924141740310254 0.335367435359806 1.38336966589021 2.22093253247945 2.53385023253953 2.6409014550675 2.64862041317996 2.57561140885792 2.47870535247094 2.35136926436465 2.18469621532409 2.0371945528899 1.86378083879219 1.70421489214607 1.56167220859716 1.39779250034047 1.24710669108514 1.06959333994068 0.897097755024023 0.735274727241341 0.537067592883787
-9999 -9999 -9999 -9999 -9999 -9999 -9999 -9999 -9999 -9999 -9999 -9999 -9999 -9999 -9999 -9999 -9999 -9999 -9999 -9999 -9999 -9999 -9999 -9999 -9999 1.52874948848931 2.02136409599731 2.41270986964585 2.63208850434635 2.4616883673517 1.72956275640645 0.753284482224177 -0.331791617719441 -1.55088492562826 -2.1492457731441 -1.44500567845402 -0.194292134862096 0.978545598915611 1.84435846063639 2.43075344588069 2.69072834282334 2.72682497748416 2.69866925209537 2.61484954405344 2.4964475741145 2.33404144940801 2.15371675591941 1.98688377374155 1.80378365759552 1.62902308821747 1.45988858918642 1.29589017114579 1.13821198156339 0.957441521679871 0.785741891560219 0.606165519511051 0.425004627449256
-9999 -9999 -9999 -9999 -9999 -9999 -9999 -9999 -9999 -9999 -9999 -9999 -9999 -9999 -9999 -9999 -9999 -9999 -9999 -9999 -9999 -9999 -9999 -9999 -9999 1.80461263181156 2.25504863209545 2.56444689142059 2.69395213985071 2.66158428478742 1.7233981908071 0.647042742872079 -0.238606059963998 -1.09851267624027 -1.46885221819784 -0.544038304988485 0.693310211041631 1.67699364050894 2.27598238596531 2.7352905563951 2.83028293948119 2.81414690166818 2.7583812578936 2.6462399930381 2.53810484436001 2.34052835034517 2.12093263520247 1.94287427316661 1.74731303306096 1.5579851675573 1.39059036246659 1.19835829513722 1.03652767415979 0.862847967067028 0.688425169231957 0.527122670846005 0.336843549574948
-9999 -9999 -9999 -9999 -9999 -9999 -9999 -9999 -9999 -9999 -9999 -9999 -9999 -9999 -9999 -9999 -9999 -9999 -9999 -9999 -9999 -9999 -9999 -9999 -9999 2.14477159425364 2.35659202731255 2.49606371056073 2.44954515894398 2.16024788785149 1.44347628872622 0.6302982090798 -0.00873112874922188 -0.443945142496369 -0.309035088163827 0.46614970643507 1.48280265615011 2.27356159800709 2.66245158240588 2.87603996502259 2.93033370959751 2.8633201645866 2.77721905722352 2.64451215360108 2.49301826787005 2.30125340993134 2.09508846144048 1.9106476506266 1.70657934671275 1.5105399963653 1.31604168915493 1.12355001893462 0.955556189368165 0.778820202435984 0.606042407828992 0.431709360236996 0.255727472714628
-9999 -9999 -9999 -9999 -9999 -9999 -9999 -9999 -9999 -9999 -9999 -9999 -9999 -9999 -9999 -9999 -9999 -9999 -9999 -9999 -9999 -9999 -9999 -9999 2.27350468470102 2.46826632829876 2.42704964952163 2.36898591837384 2.13131729085344 1.83605997993 1.25516489598477 0.661662506983118 0.32122430918076 0.308887092606772 0.632661073537934 1.37816294009964 2.20500260104942 2.7716117043703 2.96008674007077 3.03872018473477 3.00691428026523 2.90336551544558 2.78485182465435 2.61394793997987 2.45873942034886 2.28372157798704 2.07368938851244 1.88441493313294 1.66180015002122 1.47938284786521 1.27998049560753 1.06388636143818 0.885511913031656 0.698373292010714 0.53900645527661 0.370943733053288 0.187288004711016
-9999 -9999 -9999 -9999 -9999 -9999 -9999 -9999 -9999 -9999 -9999 -9999 -9999 -9999 -9999 -9999 -9999 -9999 -9999 -9999 -9999 -9999 -9999 -9999 2.24595856239454 2.59549420537998 2.54433744746936 2.37358844740056 1.92991649807549 1.53884631879727 1.22734532116485 0.993182152784828 0.908736777853891 1.12840452753974 1.52432018548481 2.04526072596313 2.62771141456536 3.01351735492671 3.09839387136761 3.11082202554175 3.0329901837645 2.91170916021473 2.78814821074392 2.60947043210519 2.43024644925441 2.24727293023775 2.05189242176456 1.86269649187812 1.63659374587861 1.41467297700716 1.20463222603199 1.00575462605382 0.826798370806852 0.634278160125102 0.452096656630395 0.275503131173876 0.104405800479337
-9999 -9999 -9999 -9999 -9999 -9999 -9999 -9999 -9999 -9999 -9999 -9999 -9999 -9999 -9999 -9999 -9999 -9999 -9999 -9999 -9999 -9999 -9999 -9999 2.30932766550823 2.40046923433947 2.62195307477216 2.36832920708849 1.71561350840298 1.32952213980589 1.28847252366977 1.38309705565494 1.57177634910409 1.80025413368636 2.19323682580997 2.46395950440777 2.83127092389915 3.05729395001937 3.07551460676122 3.1142126395605 3.00537580724853 2.89068729243736 2.77776142709446 2.59462775732452 2.41106578786285 2.23759147352384 2.03459019751307 1.83037656628527 1.58394669310897 1.35665352195212 1.14916983221714 0.94373921592914 0.752950033615003 0.54360282389359 0.365837500038143 0.189247884088431 0.0188356375866941
-9999 -9999 -9999 -9999 -9999 -9999 -9999 -9999 -9999 -9999 -9999 -9999 -9999 -9999 -9999 -9999 -9999 -9999 -9999 -9999 -9999 -9999 -9999 -9999 2.26942854662086 2.33546065753918 2.51275029863219 2.22366028148224 1.5937097553296 1.28761785899163 1.42527130385434 1.79490896349289 2.07741291851434 2.27888658056806 2.47264600497479 2.59694670789502 2.69831322126438 2.81199441241734 2.86581435962545 2.88274618201416 2.87534444434764 2.83129487303477 2.76143800388047 2.61940111710379 2.44961345426238 2.24013452077525 2.00931339850231 1.80062603190402 1.55865730661293 1.32458927412029 1.09717434002855 0.878302290662301 0.685501785104689 0.477258712090683 0.286044673828749 0.111905145243727 -0.0438049406192491
-9999 -9999 -9999 -9999 -9999 -9999 -9999 -9999 -9999 -9999 -9999 -9999 -9999 -9999 -9999 -9999 -9999 -9999 -9999 -9999 -9999 -9999 -9999 -9999 2.28213124242088 2.26007968275397 2.4034194343546 2.09234815079502 1.46757037759147 1.1959897885495 1.53066250104528 2.11009256553937 2.44978770104767 2.53534900177672 2.62584297068373 2.62048918367647 2.54501570729373 2.57591991570194 2.64019638398784 2.68130612079985 2.76056104911689 2.7915982197169 2.76189424066845 2.62881783761868 2.4858268323614 2.25171439980241 1.99797418771936 1.77949832450378 1.52404748629932 1.30963844336507 1.07462710468903 0.83677718974229 0.627259043614267 0.404530809821922 0.225270184448753 0.0545923528872476 -0.0941568289638248
-9999 -9999 -9999 -9999 -9999 -9999 -9999 -9999 -9999 -9999 -9999 -9999 -9999 -9999 -9999 -9999 -9999 -9999 -9999 -9999 -9999 -9999 -9999 -9999 2.18230414210587 2.13055816520489 2.26052972909136 1.97339823321515 1.46458727466906 1.33732547878707 1.68536700460085 2.23916083576158 2.55854772109341 2.64589172613097 2.63350204076841 2.58660746359523 2.51859473776162 2.51132830244348 2.52658768232717 2.58283859797263 2.69809580940391 2.8055097715859 2.80447066695598 2.64566544822876 2.44348811080423 2.2227162024597 1.99110743485358 1.77789125550139 1.53095747898213 1.2919390346891 1.05381797260966 0.82500734206681 0.618847841615858 0.392091911893451 0.187031288829947 0.0162688149579856 -0.130869594531105
-9999 -9999 -9999 -9999 -9999 -9999 -9999 -9999 -9999 -9999 -9999 -9999 -9999 -9999 -9999 -9999 -9999 -9999 -9999 -9999 -9999 -9999 -9999 -9999 2.1219431999119 2.02882243568419 2.1469358663513 1.88058168562929 1.4198067779719 1.37859380440244 1.77037976269051 2.32969852384882 2.634332994542 2.66842896667576 2.62527242365588 2.57775610088746 2.51155339273581 2.48213009994574 2.44729808423536 2.49072335672638 2.64044316376605 2.80666444185275 2.81879224182643 2.62086575102062 2.41609528526198 2.21290645201619 1.98819531633768 1.78225306812026 1.52748652007197 1.30253503311554 1.08103077885978 0.846333567331752 0.631534660517196 0.389942179276485 0.188641235551467 0.0238839461209119 -0.126734864493994
-9999 -9999 -9999 -9999 -9999 -9999 -9999 -9999 -9999 -9999 -9999 -9999 -9999 -9999 -9999 -9999 -9999 -9999 -9999 -9999 -9999 -9999 -9999 -9999 2.04468372099003 1.91184992157181 2.038621205858 1.78709003518628 1.48644732486861 1.433018659482 1.85591696862313 2.38301524300413 2.64788024492433 2.68089923243618 2.62778122019348 2.56580765099882 2.5167039044267 2.46806077647207 2.38566267852388 2.39105141787045 2.56366214861244 2.75719168380347 2.7793589592041 2.60729295233668 2.38664142812968 2.18554405343716 1.99545197817379 1.78998481071229 1.55449429923388 1.32700136863119 1.09486034161916 0.876581516183049 0.662114902082744 0.431309739905265 0.224508234080465 0.0528717680857084 -0.0771667362901058
-9999 -9999 -9999 -9999 -9999 -9999 -9999 -9999 -9999 -9999 -9999 -9999 -9999 -9999 -9999 -9999 -9999 -9999 -9999 -9999 -9999 -9999 -9999 -9999 1.93839407678717 1.82165478608097 1.57257453679219 1.74750619946676 1.48289411826265 1.45996407961939 1.8933627539249 2.41600154537995 2.65421543052076 2.63718843039956 2.56273988829541 2.50183483336368 2.45913385434205 2.41630665368744 2.31300438224791 2.31001760350749 2.49691897233397 2.70074843606485 2.73898289875233 2.5669553638773 2.36738458600276 2.19273911785961 1.99785278919851 1.80536528381205 1.56304622024596 1.35173451416776 1.13909749841406 0.910373059565605 0.715133753784499 0.488680660594831 0.298707401969739 0.141931086298211 -0.00584945229264513
-9999 -9999 -9999 -9999 -9999 -9999 -9999 -9999 -9999 -9999 -9999 -9999 -9999 -9999 -9999 -9999 -9999 -9999 -9999 -9999 -9999 -9999 -9999 -9999 1.85659074203166 1.73449524082569 1.5021145290487 1.70245516576909 1.49468813445931 1.53428647393216 1.93331992517199 2.43214030548132 2.64396796979914 2.58904337163851 2.44893187161288 2.43044420836619 2.37052426270309 2.33086022624925 2.29128582800924 2.27665435570096 2.45787920087573 2.65403194646306 2.68476931744307 2.53926294448787 2.37171760418105 2.19400074544205 2.00824637681119 1.81316910542008 1.57321148698136 1.36852068809724 1.16009922290168 0.960397145614148 0.756362352463308 0.538022650826645 0.382328181646006 0.1828320078911 0.061225877253981
-9999 -9999 -9999 -9999 -9999 -9999 -9999 -9999 -9999 -9999 -9999 -9999 -9999 -9999 -9999 -9999 -9999 -9999 -9999 -9999 -9999 -9999 -9999 1.69124909747328 1.81420542829407 1.616135309161 1.38223542186812 1.63698261739306 1.44283180979158 1.49342123822348 1.93482666188703 2.44078067378902 2.65618721527761 2.60938255005238 2.4905660339188 2.4553967692338 2.41524195587271 2.39429683216395 2.36423937522325 2.36416037436532 2.48492810921778 2.62063064212358 2.6334004402425 2.5061107814437 2.3446829643919 2.17816998503477 2.00311009653177 1.82534919215064 1.60505579647589 1.38958573699784 1.20301231589125 1.01687361502772 0.809732939913971 0.550527651118466 0.330766978306753 0.143318483374252 0.00400508000262843
