meets/meet004/analise_selecao_variaveis/pca/pc2_e.asc
NCOLS 154 
NROWS 168 
XLLCORNER -112 
YLLCORNER -55.5 
CELLSIZE 0.5 
NODATA_value -9999 
[rows 50 to 74 of 168, columns 57 to 113 of 154]
-9999 -9999 -9999 -9999 -9999 -9999 -9999 -9999 -9999 -9999 -9999 -9999 -9.41257992216492 -7.90907802225412 -5.3164012629907 -4.02129711208794 -3.09330121244858 -2.61593181821025 -2.51766444638825 -2.62988137223454 -2.46335075187089 -2.94284953891796 -3.05400584193084 -2.94307829608162 -3.43786930102293 -3.96668422746868 -4.66899855363334 -5.29095532819243 -5.95151241699777 -6.36693499450979 -6.02883811533258 -5.32596271766642 -4.39125489749491 -3.0718900477865 -2.33555624402509 -1.67408654572312 -1.13521327331083 -0.77478701361892 -0.500337376407212 -0.081324652276612 -0.114784924416556 0.0240306656745518 0.113866809299966 0.182229173168298 0.331218418599528 0.0949099440479755 0.0577606156689945 -0.10004190308952 -0.370868126617218 -0.341192302964909 -0.0843922301929521 -0.0391741181039255 0.0515172739148787 0.186001378204807 0.365585827443831 0.420325995789706 0.36507041317454
-9999 -9999 -9999 -9999 -9999 -9999 -9999 -9999 -9999 -9999 -9999 -9999 -7.55307686137599 -6.00441714315783 -4.83089757203775 -3.92833141658772 -3.34699446525649 -3.01220102412707 -2.64615561210495 -2.66729306235648 -2.66096531630795 -2.64469580503847 -2.8375193009439 -3.29971173530804 -3.84719891940528 -4.37630299588452 -4.97945717778968 -5.58816310038636 -6.18977451866139 -6.47270905787675 -6.17036893228222 -5.46895641766956 -4.53174681992667 -3.30690436003335 -2.65207995075405 -1.81242702717413 -1.29931340564052 -0.940203840314176 -0.660206594079017 -0.376086938821675 -0.281317078212687 -0.134253353061855 -0.0670903116719759 -0.0488261764800571 -0.0104314173787579 -0.108157840506807 -0.153530338155335 -0.291576160869297 -0.452472611253541 -0.454980881166331 -0.0728956757369556 -0.0104777138012749 0.0736413676373932 0.273458141829016 0.509619376807842 0.60455427353376 0.607117869088945
-9999 -9999 -9999 -9999 -9999 -9999 -9999 -9999 -9999 -9999 -6.62683515101984 -6.09656130420175 -5.41378473735189 -4.7464279571899 -4.33169358688231 -3.83014031021969 -3.3336606882436 -3.04196033537899 -3.06552896658605 -3.1460687879182 -2.89938126793787 -3.1216547718732 -3.39649188984971 -3.84074293333358 -4.32210813195521 -4.84926791871566 -5.44933271544167 -5.99605024909339 -6.51658022106519 -6.78649313950374 -6.25889475785382 -5.52720635759738 -4.59552127660269 -3.43061942674933 -2.42356394220542 -2.07870322525876 -1.42967844409923 -1.2214544672056 -1.00567827588086 -0.758063955876306 -0.660398547286031 -0.478535663593684 -0.427141327554946 -0.488161628504475 -0.46983217824685 -0.598556372733442 -0.640808813367345 -0.728035775751977 -0.721212234929303 -0.300917726875899 -0.192320090109063 -0.074374902116157 0.0509176831423221 0.394888652357264 0.683508389282244 0.794128750427298 0.843914203162568
-9999 -9999 -9999 -9999 -9999 -9999 -9999 -9999 -9999 -6.24310631464607 -5.66402918763021 -4.8301897445768 -4.44482759835917 -4.41794238806869 -4.34422426887798 -4.06820496683281 -3.39592052024073 -3.06921283199315 -3.11254095401192 -3.23674437131125 -3.56033684213271 -3.63654261787095 -4.00845878437457 -4.43770386749729 -4.91246394331586 -5.44771025955741 -5.97323604207397 -6.24533136722099 -6.39385989346873 -6.38473967131169 -5.9276389671026 -5.2605614915484 -4.5084100169663 -3.49958767568345 -2.52415780089866 -2.19627219248325 -1.75084648533937 -1.54819323412629 -1.35174379880062 -1.1795846965809 -1.03291527070584 -0.900774658877035 -0.868723716397079 -0.962360635583544 -1.03977251090795 -1.12692164696435 -0.729016181930939 -0.732562507874914 -0.664584594833002 -0.511806941534061 -0.375402642202555 -0.218039291149497 0.0308396799624368 0.442154460207865 0.763179153990319 0.916539163792479 0.969653193195806
-9999 -9999 -9999 -9999 -9999 -9999 -9999 -9999 -9999 -5.01889085498822 -4.74677689591505 -3.84341076533526 -3.77155108160994 -3.85584430435021 -4.24938533107595 -4.04016920573402 -3.507739530871 -3.19235119186765 -3.39162883693313 -3.56541673435375 -3.94228522056459 -4.36040370216776 -4.71805006035438 -5.13280721625647 -5.3921864220648 -5.62658821769447 -5.92967973431729 -6.02215342767304 -5.95776530527763 -6.03803742156592 -5.56254179352103 -4.95131381124296 -4.26494109469507 -3.50712311698785 -2.90253131206763 -2.38840835895747 -2.02610659333528 -1.80360671154076 -1.71711836115041 -1.57663897018987 -1.46592831462572 -1.34503204238717 -1.33777409338614 -1.45489997469386 -1.07163932901477 -1.19894513641704 -1.18597980917041 -1.11010634309206 -0.985545748405703 -0.780646004505617 -0.640785455014554 -0.351044801441954 -0.035953742135509 0.255015351928986 0.648566544720303 0.839711821344578 0.952984891936132
-9999 -9999 -9999 -9999 -9999 -9999 -9999 -5.32833672725484 -4.87950810533771 -3.58962145719141 -3.37504662332758 -3.14025949258587 -3.12317032083356 -3.57915905137291 -3.85921777875259 -3.80426555817411 -3.66219709534288 -3.54474614446859 -3.86528665529395 -4.26713257266182 -4.54584545050151 -4.70392110076167 -4.9205260739694 -5.20885384985337 -5.33763104448239 -5.39400898880514 -5.35788051852386 -5.37432873965748 -5.40687724581522 -5.32775707904633 -5.16452000116107 -4.75673473317418 -4.18553670870467 -3.68872064303653 -3.14611493473594 -2.67781014510504 -2.36961007134039 -2.15096871225968 -2.06883953221231 -2.01004677980667 -1.94021672008218 -1.84067266243203 -1.842605208694 -1.5322188292146 -1.58089690734741 -1.61366634302315 -1.62641791736019 -1.57902400422327 -1.43166296095369 -1.2622240300371 -0.93044386161415 -0.646202419020429 -0.474722066338102 0.0795952457434159 0.499801265940368 0.75450587506098 0.884189339105497
-9999 -9999 -9999 -9999 -9999 -9999 -9999 -5.11133147786711 -3.54881540335812 -2.50333275995192 -2.39951570391524 -2.35670475155494 -2.81305286855279 -3.14908135671229 -3.42716651149589 -3.46970610193147 -3.51780321385655 -3.55685890037661 -3.92292434839972 -4.32275423043223 -4.44410022171608 -4.5653078565647 -4.59214843787123 -4.70338499121706 -4.80519079925315 -4.80828556140221 -4.84534152736618 -4.82675409328352 -4.76234424365321 -4.68908900796076 -4.52376039724133 -4.33248994643295 -4.14162596166688 -3.70314371839724 -3.36349526784399 -3.0140356227187 -2.71937704241179 -2.55468743681572 -2.50155023920386 -2.49451563710131 -2.50364695693519 -2.49408439782456 -2.14526143522129 -2.19196396411255 -2.19436067193289 -2.25594968477739 -2.21767333016784 -2.07337523850005 -1.85487626980211 -1.57995135058964 -1.24299998759641 -1.01707285524607 -0.61141319947499 -0.0376515220607964 0.376928686025202 0.617861776277752 0.77321674831698
-9999 -9999 -9999 -9999 -9999 -9999 -5.39571584864686 -4.30150407865109 -3.04915166049551 -1.91597687096317 -1.70698808973896 -1.79586273027849 -2.27046366927471 -2.83312891630169 -3.25312237158015 -3.234141384309 -3.24703010709194 -3.26936600061638 -3.64690900037278 -4.00956317384481 -4.08238089589094 -4.12524894361438 -4.15913095383205 -4.25771969691314 -4.36336030375769 -4.36728658010675 -4.33001789457102 -4.31432537053793 -4.28814597773349 -4.25779736627217 -4.14622972420529 -4.01731094099247 -3.88057385228596 -3.80628615129004 -3.57064663973492 -3.35840426785508 -3.09801519918856 -2.94466819124207 -2.97253516252654 -2.96877743716413 -3.03912002546634 -2.83509819544942 -2.84237608050357 -2.83108314590503 -2.74566839222053 -2.66980150974361 -2.52627763377738 -2.37528030967204 -2.15741471330026 -1.84031057234259 -1.55213888668296 -1.1201074399847 -0.6591902085953 -0.117796815753969 0.303704754979565 0.496665996295298 0.626820557119253
-9999 -9999 -9999 -9999 -9999 -9999 -4.88931093109296 -3.61296478670641 -2.18614027807472 -1.26001128788747 -1.1683981899008 -1.4681841611452 -2.06384120723156 -2.59591683830091 -2.9276726600012 -2.97053625055562 -2.97175081942584 -3.00969073779057 -3.27357814432211 -3.59132299854476 -3.72694849827201 -3.78683703812175 -3.76968935243453 -3.7988328695912 -3.87200718778782 -3.87349358432984 -3.89802943559239 -3.86707029787638 -3.7883132093751 -3.76117343773052 -3.70125101217472 -3.69597928591872 -3.67698109907257 -3.66453304061734 -3.70979837042716 -3.56118399661571 -3.44518070215803 -3.40798212663564 -3.46383368817339 -3.4726678878203 -3.50443693940549 -3.39934836811833 -3.34652585560451 -3.29933178382499 -3.20049076498498 -3.1141287071901 -2.92210690608802 -2.69851406965004 -2.3694908932405 -2.02579540516846 -1.58479085260458 -1.18220824121998 -0.746942901538431 -0.275966437054177 0.123590391726725 0.28382417395494 0.377141286994223
-9999 -9999 -9999 -9999 -9999 -4.77667561398904 -4.05684273246791 -2.69606276432085 -1.54938886951629 -0.72256374084806 -0.832931867764422 -1.46446466191756 -2.05789510742428 -2.41169429274356 -2.61858892441028 -2.54561985286228 -2.50742179517784 -2.53928810332658 -2.80879547179771 -3.12929087102565 -3.21922699554009 -3.26006269043626 -3.27610951220695 -3.37986650505399 -3.46346169617244 -3.50314609697603 -3.48389883768584 -3.44049503884846 -3.43473246853172 -3.39749249271543 -3.37776127787434 -3.38637916385152 -3.39176848286444 -3.47977303871355 -3.54257822229975 -3.5938469891082 -3.63089285644853 -3.68185428956711 -3.72237616805427 -3.75979593982601 -3.74155465214319 -3.65693455614786 -3.51429907548423 -3.37683478075542 -3.19306865086702 -3.04701207935062 -2.83771205105468 -2.6279442555958 -2.34972779545792 -1.84419249225504 -1.45479165525458 -1.06647948768314 -0.805962473870639 -0.443466464078707 -0.112339102397409 0.0112172931448908 0.0259157408817645
-9999 -9999 -9999 -9999 -9999 -4.08616262883676 -3.35984681863523 -2.08051580706056 -1.02757119967376 -0.426844471006213 -0.621873115739724 -1.3482565261686 -1.82783093614879 -2.06199707911338 -2.1673096987892 -2.16514605195974 -2.14802935462502 -2.14920976744976 -2.33775418863452 -2.57312305572909 -2.66805874452452 -2.73491749582446 -2.76001379184983 -2.82184748754914 -2.91760313606761 -2.92008738840211 -2.91478155506506 -2.89970121392677 -2.8955115475926 -2.91833619549963 -2.91885831505323 -3.00019331962973 -3.07205992717201 -3.18088227740453 -3.2883323237066 -3.33567007666772 -3.39650805593849 -3.4134784143343 -3.41058131914402 -3.41164459990537 -3.49499451553601 -3.40702658806194 -3.30133698065658 -3.14942939334744 -2.99497696213845 -2.83153293856776 -2.66428780744846 -2.48152749468406 -1.90587987934706 -1.63702589859183 -1.29061440177924 -0.99723753134313 -0.829685603760412 -0.657910640589346 -0.407410529525243 -0.313614819455309 -0.298501222803327
-9999 -9999 -9999 -9999 -9999 -3.5603237475576 -2.94126180233607 -1.66939608119289 -0.715158987004683 -0.193404557059204 -0.43620490106274 -1.11573478502332 -1.59449786960157 -1.78138959809115 -1.91801557154603 -1.84063833131634 -1.84301799518903 -1.84666849925064 -2.01042841620201 -2.20158980544723 -2.26226476537325 -2.29178775362988 -2.31255277473792 -2.40762249147941 -2.46596289831857 -2.49566142620019 -2.46900246142379 -2.44164858615281 -2.48859628601888 -2.49020039408287 -2.53190410175104 -2.56668368732438 -2.65091108365008 -2.790887183677 -2.87942627468989 -2.9909739978275 -3.06578136371248 -3.1037737959212 -3.10957010025786 -3.04061327575965 -3.23936539730425 -3.13706699340228 -3.03491361299501 -2.91729359634885 -2.77796980317069 -2.64225420810547 -2.45963479686762 -2.29197576481831 -1.65339431384156 -1.42897871463218 -1.22095054615134 -1.00489681646632 -0.859788045239264 -0.737871042172038 -0.660374593847128 -0.628998580067537 -0.602351556825198
-9999 -9999 -9999 -9999 -9999 -9999 -1.84747367914703 -1.88486374231248 -0.815206912421477 -0.0224012678667101 -0.270686397504426 -0.917499814668773 -1.2845397978771 -1.46054937562355 -1.54474656942364 -1.51542256187656 -1.5273700452165 -1.53011449575444 -1.6164835882191 -1.7426523085464 -1.79062606807549 -1.83210984722115 -1.85994219241058 -1.9067643513095 -1.97086650587341 -1.97572645150169 -1.982196103551 -1.96542216231383 -1.98066383686971 -2.02902772245321 -2.06331020028952 -2.13101672752136 -2.18442539584867 -2.2733453745983 -2.38791329307728 -2.47973111176803 -2.57803993397351 -2.60135116616791 -2.58401131845147 -2.57158541570823 -2.8977540743453 -2.80508314889464 -2.69629404031028 -2.56711454639639 -2.45389321939785 -2.31319372788699 -2.18550264191157 -1.50822544443851 -1.34185478122531 -1.19599107524284 -1.06573191946639 -0.967256740208548 -0.872886354921223 -0.767795101015205 -0.751501204954825 -0.820925357636993 -0.934623098836504
-9999 -9999 -9999 -9999 -9999 -9999 -9999 -1.67796488831848 -0.593056726123424 0.0116829373373308 -0.0946907871123159 -0.748002020816672 -1.0945628598161 -1.23089173168816 -1.28094078707125 -1.24883546317708 -1.25429233243268 -1.25622386090927 -1.31653643588362 -1.39819175889214 -1.4295102953859 -1.44889634496964 -1.47247607534389 -1.52209147849856 -1.55115679281031 -1.5629139271516 -1.5559215971728 -1.54717955430533 -1.58168030473028 -1.61370779189063 -1.68909793972924 -1.75645474155259 -1.82385956872086 -1.91872707610839 -1.99127019008784 -2.06844684645723 -2.12610909562709 -2.17698588585082 -2.17772188745489 -2.1140629880802 -2.05601555548778 -2.46907287643507 -2.41036090425972 -2.30919761413303 -2.20498479844725 -1.51246225522067 -1.41126694969086 -1.3180420106133 -1.20182330456255 -1.10763814468483 -1.00859593575075 -0.926624225448688 -0.851621669463497 -0.782101296919984 -0.760112946135423 -0.877241865920592 -1.01376793892563
-9999 -9999 -9999 -9999 -9999 -1.26267169487113 -1.09430418151641 -1.0291489750684 -0.399914306217075 0.230038667837797 -0.0565321528842147 -0.636501917017771 -0.888928737583467 -0.932719608941359 -0.9506090578655 -0.971778279053594 -1.01634347928544 -1.02021332180322 -1.01736359191041 -1.04440152951139 -1.05595086063203 -1.08668267091853 -1.09631307490627 -1.09198200208209 -1.10407712742193 -1.09912065989489 -1.11012024167735 -1.11455152335007 -1.13460943408787 -1.18946909450173 -1.25761614220209 -1.34882976085712 -1.42260511032958 -1.51045074723838 -1.60331358907243 -1.66921772095511 -1.73763227419052 -1.77215793142326 -1.77465765436368 -1.7560803021755 -1.69299383405867 -1.62494462786155 -1.53973279414004 -1.43517543713826 -1.35336340006827 -1.26188645448785 -1.18042092327907 -1.10176206803118 -0.997061650873751 -0.916996024409567 -0.845963488296463 -0.80248143059671 -0.788283560690316 -0.794803902801564 -0.84383356032118 -0.918628371769902 -1.03020653856805
-9999 -9999 -9999 -9999 -0.598168172360059 -0.781944874184726 -1.01085697227717 -0.578192284301784 -0.139172834224686 0.381679711933655 0.0538663073724769 -0.501304747836812 -0.703468321684189 -0.705076184406274 -0.645483995695757 -0.697182596728101 -0.766033496271925 -0.77889982447926 -0.766189369136711 -0.738514400702551 -0.758160854175348 -0.772661475413754 -0.763620008362195 -0.730947089962159 -0.699391171001066 -0.703071646927876 -0.69849271180828 -0.703571458981396 -0.751871861410132 -0.794018275012527 -0.858910376130457 -0.943814129649189 -1.02580499263325 -1.14788753501636 -1.24728424690205 -1.32123188501624 -1.39744223708856 -1.45298645839014 -1.48986258763102 -1.47277897164249 -1.41236325357981 -1.33740990338136 -1.25069284912101 -1.14666445384841 -1.04447484065072 -0.986532097753377 -0.912183126197671 -0.854136694925597 -0.776218001060072 -0.696280168464166 -0.675915671222174 -0.62889230836434 -0.65185471218626 -0.714076702539726 -0.821952967210745 -0.903017366666209 -1.01100311149061
-9999 -9999 -9999 -9999 -0.976112900773026 -0.401653462354683 -0.601969248499381 -0.228146154892747 0.0908546585383769 0.250533110557438 0.216559693577966 -0.144132570001106 -0.296422475402242 -0.316387249040035 -0.281650138802078 -0.399091765577686 -0.496146303898204 -0.509820951801003 -0.462906555994897 -0.436168510966352 -0.441662614630236 -0.445336455183731 -0.43326081465882 -0.386278750306979 -0.348124646350419 -0.328375688055416 -0.32796293820349 -0.336010704708944 -0.365650641987249 -0.419584300718235 -0.488756648615435 -0.584137066744307 -0.675369109164072 -0.787241574846638 -0.90142656927809 -0.983865036236807 -1.06737860963322 -1.12803669378215 -1.16824431061099 -1.16479804862916 -1.1125190418309 -1.0517257945303 -0.97093387070283 -0.867713820021442 -0.782701629399004 -0.702450824350339 -0.643411539512829 -0.591576071239788 -0.534638767942619 -0.510559874427916 -0.48317567055635 -0.493963104485525 -0.531155713386787 -0.587742353268991 -0.687051661333114 -0.787895274758163 -0.921339377734573
-9999 -9999 -9999 -9999 -9999 -0.660153676348011 -0.277031030895623 0.0213008921147951 0.290772370030819 0.478746632768594 0.213262584779863 0.0872039777156702 -0.0720352540852117 -0.173379088973528 -0.0073339379564052 -0.13841032725448 -0.182121002723886 -0.164775463258103 -0.16707728787464 -0.153224777578078 -0.169599432924544 -0.141977564311197 -0.106014808407266 -0.0702566240781516 -0.0284531424772166 0.00344010767176932 0.0283597987080131 0.0314492796091416 0.000122252334553222 -0.052456632903951 -0.122915363489122 -0.218505542557152 -0.304194941101275 -0.419123322288352 -0.542656393460164 -0.611100919783785 -0.701370851678533 -0.765331325733918 -0.820990449753644 -0.852280171127476 -0.798677581508198 -0.749983150879526 -0.686117109763688 -0.605881998876205 -0.544456810871894 -0.469646863206308 -0.414506887320364 -0.371868226890837 -0.326575221396635 -0.335954359307871 -0.321382317725157 -0.355979354596913 -0.403718964363174 -0.445723367778082 -0.528949445643019 -0.628974231277315 -0.760981350113718
-9999 -9999 -9999 -9999 -9999 -0.553267823289673 0.262396617250268 0.315060432239045 0.284390647225987 0.351026370755888 0.108084271677032 -0.105254001828777 -0.336102197367223 -0.40332860940284 -0.348776751312312 -0.132128715550112 0.0906718890967074 0.186469239857301 0.106298794075799 0.0313199387836464 0.0434926437215587 0.121503526927199 0.164932680786216 0.183094609174106 0.204835443223959 0.265890774039505 0.330878555159593 0.347145124824437 0.307317108465879 0.244176843053387 0.188848405155222 0.116948175763888 0.0357502096435942 -0.0698051471164621 -0.179453646946212 -0.259061474424151 -0.337825043966474 -0.408217750963701 -0.478845873353849 -0.542666294964757 -0.530105500584085 -0.509936952059134 -0.471602290201211 -0.411271112943758 -0.356998607068151 -0.286960003483609 -0.224944810735808 -0.176731688660682 -0.126317845801432 -0.112749858489715 -0.147170536919043 -0.212452461022603 -0.272869102868099 -0.321419862746545 -0.393008315654295 -0.474445161527784 -0.562968686660348
-9999 -9999 -9999 -9999 -9999 -0.503644977356348 -0.276088433764759 0.434644138059175 0.281184956062169 0.233496341179648 0.159391062793211 -0.393870205549464 -0.680310888718174 -0.698174783451822 -0.665095604031449 -0.172979496605294 0.0899057873998625 0.271780339212081 0.335262425387204 0.185303774216401 0.276035171206573 0.377723687091677 0.43186057788208 0.439111029423515 0.422792740379797 0.520492429744922 0.610072889195582 0.643365305671601 0.609326689576055 0.52870117447664 0.522736809209239 0.457427588516825 0.392595802255642 0.308431166949126 0.178493646481115 0.123443326305586 0.0222756641538213 -0.0595633242951968 -0.13003949715348 -0.237561334518006 -0.239687433100218 -0.258254656562738 -0.242888249574673 -0.185888453461564 -0.168333196339994 -0.0963598614334966 -0.0440791914027523 0.00234148851112005 0.0710895877354771 0.0843667236296327 0.0257377622750495 -0.0704920699354463 -0.138399400207739 -0.176012520414226 -0.248726879138279 -0.286047519751015 -0.360762840730277
-9999 -9999 -9999 -9999 -9999 -9999 -9999 -0.704820140216673 0.161152924386058 0.00960892762758517 -0.0668565479056299 -0.630112397059445 -0.895190900964309 -0.907525436065405 -0.704964864647212 -0.202817281432508 0.16870493568279 0.422510039548835 0.271970569765059 0.369858549644863 0.455758229816155 0.613372107973003 0.425267349047171 0.650553861006948 0.64683840390909 0.727115131976099 0.542855228176515 0.577698186495208 0.856306594319446 0.819388851475787 0.802250771001964 0.787689608526838 0.731650691889592 0.631806780039853 0.5256515091513 0.443541634767364 0.359708434810829 0.271214350646848 0.178246334511643 0.0883791550619729 0.0337582978740458 -0.00224392220439371 -0.0100461886535852 -0.00342132406161821 0.00958478722129209 0.0484195369362549 0.0931452184792437 0.131279794994542 0.17217814460318 0.175907250596968 0.130470721127249 0.0498736751475808 -0.0115717274875765 -0.0436000744660285 -0.0854523582570126 -0.140373595741527 -0.201680894174099
-9999 -9999 -9999 -9999 -9999 -9999 -9999 -0.932196364565847 -0.0984066950058386 -0.176407121008975 -0.251297987326948 -0.891756280504561 -1.16245276665284 -1.18395958639242 -0.829995754263253 -0.197085876691198 0.268259381749197 0.583606824752269 0.449300027592979 0.506581946683158 0.638473329580136 0.596967576385635 0.678616987322986 0.618603313961729 0.838710481871171 0.643513667793351 0.751006035674827 0.797112900620012 0.776437683205691 0.740933147529448 0.749872569903815 0.744340341489706 1.05287666147937 0.97095239131665 0.863173498765625 0.799410876337588 0.702757648774776 0.616115480271664 0.529743494040506 0.416866513882621 0.362941406882839 0.290863047990294 0.243093778255107 0.223733573886057 0.193683003360458 0.226100099229689 0.256819436610856 0.287999224804537 0.334563491060751 0.330655849082525 0.308466455921553 0.234930678268962 0.169290795114785 0.125334477805623 0.056215293887596 -0.00307993879380469 -0.0642279121679664
-9999 -9999 -9999 -9999 -9999 -9999 -9999 -9999 -0.248269218199221 -0.336293027851554 -0.645903162199163 -1.41423517018631 -1.53937576619992 -1.38606774360425 -1.03182615689334 -0.263192024281336 0.297975207786329 0.683478969668843 0.542619178503304 0.65747213508693 0.781980228719329 0.759018104730558 0.854962180758461 0.784975825848818 0.742626339191904 0.801058287142171 0.902845857657053 0.943065000264952 0.928574397265588 0.927935703852234 0.946496173365163 0.984731902730886 0.965033218214079 0.890912143030562 1.16962436603935 1.09729229466832 1.03706605533492 0.946652670689208 0.835601164321406 0.736580990463127 0.652136185425863 0.58406700677957 0.517952597545079 0.441913912548411 0.40025062672466 0.408602061333042 0.443830790715567 0.46951561386745 0.48120109441459 0.491469587759611 0.477004933932723 0.459938628599001 0.386194030627319 0.2587464169338 0.149572821789406 0.09755892442472 0.0579303536477183
-9999 -9999 -9999 -9999 -9999 -9999 -9999 -9999 -9999 -0.794020126999527 -1.00640828229974 -1.70627612167033 -1.66751265324683 -1.47649731474117 -1.12821771083356 -0.31088945388216 0.264642871404071 0.696674547665823 0.655956977684968 0.790452106691882 0.92592423010671 0.901792064578189 0.984840882063661 0.947794167110682 0.914660658577951 0.968833309460111 1.05141830434419 1.08954244748872 1.08830138062223 1.09243501569034 1.12620018675035 1.16465342966016 1.1717632081753 1.13988120519577 1.10102824846002 1.04489515422998 1.32477144307006 1.24787558090689 1.15565319074762 1.06001290014445 0.967255145987184 0.870472530843957 0.784393242109968 0.702757663180238 0.637876265395215 0.624043987058112 0.631911110279406 0.639618270512804 0.656074860835358 0.658065991088859 0.644858294177122 0.123311043587063 0.0411778739134395 0.429825359288396 0.317401095381789 0.269943787226649 0.230026009226206
-9999 -9999 -9999 -9999 -9999 -9999 -9999 -9999 -9999 -9999 -1.40776897385179 -1.73203361674378 -1.56095589870417 -1.46596924079061 -1.23798071653369 -0.437597415754328 0.122925020262852 0.596898139093341 0.66217613016397 0.892782862891724 1.03481449419379 0.995294126763029 1.08738102920474 1.06651127509557 1.05843571827692 1.09974536830635 1.1745154654304 1.21607595910871 1.22255425140157 1.24286164636673 1.26626064808623 1.31806317195914 1.32930729801774 1.31670156159993 1.3087084983147 1.26064857303129 1.2257316235019 1.15140819419132 1.40932545919044 1.33209594884596 1.22461726008314 1.14424852604677 1.04812155836671 0.930617755167495 0.861565156462293 0.82270647549277 0.816129005725363 0.812830512013492 0.804370506057407 0.794826589587816 0.766459764257897 0.725971232785915 0.666443961071468 0.0921818095386417 0.0206222877396521 -0.0423917224655588 -0.0639152877132035
