meets/meet004/analise_selecao_variaveis/pca/pc2_e.asc
NCOLS 154 
NROWS 168 
XLLCORNER -112 
YLLCORNER -55.5 
CELLSIZE 0.5 
NODATA_value -9999 
[rows 75 to 99 of 168, columns 57 to 113 of 154]
-9999 -9999 -9999 -9999 -9999 -9999 -9999 -9999 -9999 -9999 -1.40861519871586 -1.6757946877202 -1.45379913445081 -1.41715600092587 -1.32474767830699 -0.871385905130408 -0.0352126719453324 0.25321071514394 0.478317302905589 0.692254141979214 0.897909718812631 1.06004240353376 1.15244514327131 1.16893602226584 1.18300846423566 1.21836296113674 1.27667717483287 1.32219946392482 1.3521576893803 1.3779093538977 1.41003252744218 1.44907516998155 1.46587048948044 1.46698344724707 1.45962444859829 1.43445430975636 1.40510292981963 1.35285447534727 1.27152266444861 1.53939767961056 1.44675724402415 1.3589613838627 1.26351154984403 1.15942770978865 1.07998364788287 1.0371365176671 1.01122142552327 0.991505708925114 0.977731982045562 0.951605090797708 0.918153031269912 0.866604702848356 0.818983223410632 0.306648508560465 0.261329671053764 0.227653204270375 0.226822692690736
-9999 -9999 -9999 -9999 -9999 -9999 -9999 -9999 -9999 -9999 -1.41363346921226 -1.39866782388018 -1.27591851412535 -1.42238188318281 -1.4933219907972 -1.21747749103552 -0.573303696734621 -0.105642735325471 0.0964054916064238 0.534292264297479 0.833962600457776 1.04754241103576 1.18294749588918 1.23158661409742 1.27187777166217 1.30374420279617 1.35620229378228 1.40735226472429 1.43904023515429 1.47190418659612 1.51099717326461 1.55282255524779 1.57225469779093 1.56683813237783 1.56092192273747 1.55254271051276 1.53848727414112 1.49144337734856 1.4226147127903 1.6777932378509 1.6047527534447 1.52472133070174 1.4281546544288 1.33971846994789 1.26897026905427 1.21990469937039 1.1923410484082 1.16483636109637 1.13578224135501 1.11300181376154 1.06762579211292 1.02480702018174 0.991404369470707 0.510894079732873 0.499991235712538 0.4806690344996 0.509282835906243
-9999 -9999 -9999 -9999 -9999 -9999 -9999 -9999 -9999 -9999 -9999 -1.2617935661105 -1.23825785818144 -1.31867478769314 -1.44817329872892 -1.53648714896942 -1.55061894594688 -0.989069553159405 -0.433160941827475 -0.00365877096227764 0.454415138901056 0.862426886951638 1.12817633774638 1.25012638285867 1.30367071682951 1.36361972560211 1.42233041330989 1.48319512836426 1.52502278580283 1.56585640281502 1.60573159812962 1.64233832823222 1.66326606816191 1.66956349645504 1.66779737402913 1.67259785943589 1.66593448829603 1.63227125043726 1.58063656998744 1.51085049678775 1.44560256704243 1.37012018453962 1.28386011190302 1.54970185919816 1.46480133252085 1.40989535272638 1.36576551411541 1.32927866120028 1.29890226857049 1.26943456246261 1.24015581687827 1.2054343755406 1.18217644477882 1.1756712154929 0.740167754157831 0.751950960152076 0.763726798598164
-9999 -9999 -9999 -9999 -9999 -9999 -9999 -9999 -9999 -9999 -9999 -1.15872400581398 -1.29675557242908 -1.27228448888929 -1.28529250385128 -1.8181118077804 -2.39823764260513 -2.29827039983345 -1.38304382093856 -0.564039093573916 -0.142875035344882 0.418653844032629 0.867808998215506 1.18999648239575 1.20467535272642 1.38036630342899 1.46065909258605 1.53795077014719 1.59027260979691 1.64864535375946 1.67614211812955 1.72104725155409 1.74770950761618 1.75270976850047 1.76706137275128 1.77243429026368 1.79072537208235 1.77103422383834 1.72370050910329 1.68134153316358 1.6131897149518 1.55794823384686 1.47356934797663 1.37161170516895 1.65781455489375 1.56657494983942 1.5132451288501 1.46824021189539 1.42909962786266 1.40879747126345 1.38708113035815 1.38342645355293 1.37234931656368 1.37546025138486 1.40061265463367 0.984333723895007 0.983469982801071
-9999 -9999 -9999 -9999 -9999 -9999 -9999 -9999 -9999 -9999 -9999 -9999 -1.15738452143696 -1.29970362867409 -1.58028858623246 -2.2273495625383 -2.94573769668752 -3.07632982963121 -2.69017859305209 -2.13921792681396 -1.12209221749262 -0.455124486812367 0.166043097918051 0.500371090154122 0.853896845726746 1.15620541929365 1.33219362005594 1.52211028280684 1.62791035915609 1.68859464836633 1.73936331599348 1.78077764980062 1.81435039291766 1.83524630120624 1.86148506177859 1.87898897157247 1.89511332120976 1.88354994818153 1.85735022818892 1.82157832286471 1.76808793725927 1.71140131602674 1.62351070088442 1.51085235785864 1.41405990308849 1.68464304807668 1.63535069370112 1.59492501606798 1.56663391813767 1.54540901478931 1.53596467507208 1.54989375288545 1.56785731109346 1.58501680319711 1.60679217235468 1.62121337663212 1.23915221896233
-9999 -9999 -9999 -9999 -9999 -9999 -9999 -9999 -9999 -9999 -9999 -9999 -0.829263824035343 -1.34025264419047 -1.8297650494917 -2.58086008489807 -3.38630921514184 -3.62328046201793 -3.4999334427905 -3.5385442367789 -2.72186328325118 -1.39705790774571 -0.672709476468987 -0.756045878862577 0.127252901885063 0.521867024484589 0.848849267281037 1.17463381707302 1.57273125665867 1.64260930789158 1.70718749995969 1.81486063484342 1.85738866326768 1.88992580577553 1.93746057933059 1.94562578742375 1.97105287256804 1.96911627316124 1.94943835613504 1.93351456912557 1.87729035914023 1.82209672954184 1.73087689916227 1.59662274678316 1.47160572750518 1.42388550948371 1.72902427423608 1.69709631065856 1.68481427070451 1.67838385726273 1.69197918098592 1.71462359946613 1.73145879031474 1.74296911208262 1.78386808908003 1.79251881647121 1.46599392675395
-9999 -9999 -9999 -9999 -9999 -9999 -9999 -9999 -9999 -9999 -9999 -9999 -9999 -0.850508094393794 -1.95484750840541 -2.66696131767939 -3.33905970608664 -3.69197847708265 -3.98084111530072 -4.15735761984375 -4.12271476436522 -3.96546775367144 -3.04362981051887 -2.27115105693257 -1.51803287629982 -1.19717881427422 -0.246718928290741 0.430396365030697 0.849131154985308 1.2950562640588 1.63138921960958 1.74310216025216 1.85549921029063 1.92468905842326 1.96391734898216 1.98769326352853 2.01081584120102 2.01441505488678 2.00448509752892 1.98730495995334 1.94628813431009 1.89301302500782 1.80707208817988 1.6873560939216 1.58792847095364 1.53247692263735 1.84851843601662 1.83959229663081 1.83363836400127 1.83776473829496 1.8390797702181 1.85180877949327 1.85417330150292 1.84635944845374 1.86526470619146 1.89393553066471 1.94908941154038
-9999 -9999 -9999 -9999 -9999 -9999 -9999 -9999 -9999 -9999 -9999 -9999 -9999 -0.753563155706033 -1.42932181509889 -2.32985090345612 -2.98025721481079 -3.50072360301565 -4.12346190159576 -4.63096601628565 -5.31724941075933 -6.12877522029402 -6.07088622270717 -5.19276587623934 -3.71064277094719 -2.97318395386775 -2.02119334297877 -1.09356336219051 -0.462332402208033 0.628556122533383 1.03634428365076 1.51289276054994 1.80309253222371 1.9314123187506 1.97073555999632 1.9904794105006 2.01936111505359 2.02768385147079 2.01623246841424 2.01793051530011 1.97483154884179 1.94448213809584 1.885798191446 1.78249120862465 1.69564619486957 1.65294711753425 1.96704997684811 1.9601216588047 1.94377531546118 1.96266487259941 1.9338937472492 1.93878586775552 1.93205410143173 1.90400705335944 1.89541773666949 1.92772288261747 1.98788668820915
-9999 -9999 -9999 -9999 -9999 -9999 -9999 -9999 -9999 -9999 -9999 -9999 -9999 -9999 -0.789419000023473 -1.53442011641543 -2.28958653013841 -3.01054433409165 -3.95818500411049 -4.88487536902521 -5.80729247463149 -6.73859922368046 -7.10005929669969 -7.05907328348094 -6.98512991462015 -6.29622866483843 -5.57017113823522 -3.87861133126331 -2.2173557907067 -0.671121634143257 0.118513134706054 1.11935110415243 1.62733948448317 1.84507869110526 1.92280942710972 1.98431269590734 2.01376315020045 2.01260763347341 1.97666335996983 1.94813886715968 1.96403954341227 1.98791929450684 1.96092193523125 1.88002136178777 1.79981040594105 1.75481809152388 2.04019986357923 2.01485764746152 1.9853801716912 1.96358330772836 1.9513695741419 1.95234059235375 1.94348839175236 1.92845505838928 1.9245412748314 1.92879933048558 1.93728544955975
-9999 -9999 -9999 -9999 -9999 -9999 -9999 -9999 -9999 -9999 -9999 -9999 -9999 -9999 0.219121632938999 -0.597187448864765 -1.41708692681149 -2.22717086052655 -3.35893329806779 -4.61146441542835 -5.42210285679827 -6.24534434542404 -6.87951216209147 -7.5547935074664 -8.4059060193262 -7.91719386920157 -8.01423309276503 -7.04067618685667 -4.64533359818721 -2.5247479723733 -0.794900643478116 0.660532672234488 1.30712738009849 1.66525842347046 1.86474307602717 1.95452992410617 1.99603321908875 1.99023756257492 2.16425346941625 2.11621063004481 2.20407604206831 2.03024847215494 2.03756432915557 1.96975773655089 2.17063582423855 2.13143595777374 2.09505696388723 2.05197469756006 2.00434647791924 1.95025586934487 1.93870154369429 1.93847574358482 1.9324654797145 1.93295557331863 1.93191456568943 1.91798995150551 1.88541000998466
-9999 -9999 -9999 -9999 -9999 -9999 -9999 -9999 -9999 -9999 -9999 -9999 -9999 -9999 0.801749126809261 0.0632486395740562 -0.548274487258817 -0.782647976742468 -2.25002647778045 -3.2613746222621 -4.17719274160308 -4.90122909622893 -5.48873566981823 -6.18777659972234 -6.63051191832124 -7.12477724446355 -7.46836976543216 -6.92565480572551 -5.54762334618081 -3.97487375209416 -2.27159695033822 -0.20569153580557 0.920775161300332 1.50716336745154 1.9206371024719 2.12858811867972 2.18593174407465 2.19403760840399 2.14624542252108 2.12399388041132 2.20954029710431 2.31478611644992 2.34258393871019 2.30391777522867 2.24103647475989 2.19409534161383 2.14657921840331 2.09207218087722 2.0291323276352 1.96760396167694 1.95247489442533 1.93434517657782 1.92514747673173 1.93933558296291 1.91799384057112 1.91306882316981 1.88823960513132
-9999 -9999 -9999 -9999 -9999 -9999 -9999 -9999 -9999 -9999 -9999 -9999 -9999 -9999 -9999 0.799743219060235 0.192261786970075 -0.289636943252361 -1.0289518653413 -1.83274851274043 -2.58576322074221 -3.43401459940476 -4.05168389660556 -4.59439072381955 -4.85800536551601 -5.77480197727357 -6.26230706134288 -6.26490368762901 -5.78048399088096 -4.90650635101346 -3.5329656863496 -1.36875749007061 -0.0863604297276344 0.766164028072788 1.57391931018161 1.8816267692743 2.08901551314055 2.19977211042004 2.17509528525733 2.15419935136118 2.24629772440685 2.34909628914573 2.37719644830803 2.34819205039453 2.29917115579088 2.25556067297756 2.2091878932469 2.15902246017228 2.10303384414138 2.03664533868031 2.04932021766631 2.02134203624858 2.00401071412779 2.01152334232799 1.9636769191012 1.944646481148 1.91155707273248
-9999 -9999 -9999 -9999 -9999 -9999 -9999 -9999 -9999 -9999 -9999 -9999 -9999 -9999 -9999 -9999 0.931143753487693 0.387995506883373 0.0119599526393837 -0.439868035789497 -1.43213438366506 -2.50247065613464 -3.21807965736331 -3.60982958120864 -3.9804746777959 -4.68219405911932 -5.18376287721223 -5.45095134924691 -5.6087878366452 -5.51943918406221 -4.52381158079578 -3.30597727154154 -1.96844464334148 -0.351011294628886 0.845602996519431 1.47010035541245 1.88890422356639 2.11258115469445 2.19963371417885 2.25208755699572 2.29765219093426 2.3529419402305 2.37023969348364 2.35977532870339 2.33620164490256 2.30516468196932 2.27914471401594 2.24977958821352 2.22390580594794 2.21678564300492 2.21645201013771 2.23344233683507 2.20814859308354 2.15324832725825 2.09176902275129 2.01711354131291 1.94424320844453
-9999 -9999 -9999 -9999 -9999 -9999 -9999 -9999 -9999 -9999 -9999 -9999 -9999 -9999 -9999 -9999 -9999 -9999 0.558130484113965 0.328131177106285 -0.582622770074526 -1.7053605083144 -2.41065713833094 -2.87792542673047 -3.3183169503038 -3.67818287083118 -4.17748829160042 -4.61616387383178 -5.13045553124569 -5.57350257109647 -5.17961880077468 -4.543662670994 -3.55551591976368 -2.06135570881288 -0.319196629735918 0.509860296226318 1.31144581879049 1.82611288507757 2.04767138580195 2.23852835816031 2.27236381635219 2.32264683936464 2.35560219763926 2.36163695311367 2.35889778496878 2.34221419032058 2.33197163298713 2.32234115516004 2.32460994822191 2.34398933664426 2.35181451673771 2.38263869705754 2.35387626826112 2.27582427103396 2.19521718482646 2.08581454764735 1.97595970714276
-9999 -9999 -9999 -9999 -9999 -9999 -9999 -9999 -9999 -9999 -9999 -9999 -9999 -9999 -9999 -9999 -9999 -9999 -9999 -9999 -0.216198751063394 -0.859746825492869 -1.54520639241443 -2.30873420420305 -3.05150384111855 -3.24243317267402 -3.46929570896571 -3.84286685989623 -4.45256828584436 -4.87262362735141 -5.18554097560149 -5.42088933005374 -4.81469459587678 -3.56761473328266 -2.30001147698431 -0.699807399540325 0.520197454122098 1.27084535368936 1.65829042582737 1.98019136837811 2.14854928006777 2.26737860800763 2.31473451314423 2.35136718037574 2.3617989448473 2.35205978257503 2.34993192536543 2.35757646539232 2.36475451256176 2.39145293123572 2.40823406986282 2.41523593621657 2.38953502178246 2.33413040346158 2.25402285203326 2.13854806641863 2.00743464373499
-9999 -9999 -9999 -9999 -9999 -9999 -9999 -9999 -9999 -9999 -9999 -9999 -9999 -9999 -9999 -9999 -9999 -9999 -9999 -9999 -9999 -9999 -0.744702324306936 -1.42521928115728 -2.12955075661443 -2.40904456847863 -2.75794409838625 -3.04613539352261 -3.47688117148679 -3.98006321803317 -4.65706761886183 -5.30359899081849 -5.29601116792982 -4.62811810936847 -3.8044190341287 -2.5281959550322 -1.09435380264225 0.259075208935769 0.951941584150459 1.58872888730028 1.93468595712478 2.16596826258791 2.27295475048317 2.31453716122717 2.33049171309151 2.32790979583892 2.32533400500126 2.33630671484231 2.35845156228531 2.39214360265227 2.4152124221715 2.42797638805092 2.41214858693858 2.36779453002804 2.30679146249562 2.20817618387893 2.07652696365549
-9999 -9999 -9999 -9999 -9999 -9999 -9999 -9999 -9999 -9999 -9999 -9999 -9999 -9999 -9999 -9999 -9999 -9999 -9999 -9999 -9999 -9999 -9999 -9999 -0.700226529470668 -1.29717391971382 -1.83913030596632 -2.22158050342357 -2.51279467607149 -2.89989716000983 -3.65339479703705 -4.42519634899929 -4.76510825501706 -4.96856925915374 -4.93359905359662 -3.81501714912343 -2.66790742201726 -1.41881306205479 -0.108321377030322 1.16324986908276 1.69263118471213 2.06339671931484 2.22485802864075 2.28707486655649 2.29055791650485 2.28624633536854 2.26541607378641 2.28578380899725 2.33559747646099 2.3677667011853 2.41345542833856 2.43914876743477 2.42801661943041 2.3924538895385 2.35000272344725 2.27574313160844 2.18972040986824
-9999 -9999 -9999 -9999 -9999 -9999 -9999 -9999 -9999 -9999 -9999 -9999 -9999 -9999 -9999 -9999 -9999 -9999 -9999 -9999 -9999 -9999 -9999 -9999 0.208152315239984 -0.380161622552491 -0.875111161735434 -1.15676186005937 -1.35900684943066 -1.75229273626853 -2.37566277929825 -3.11314274471624 -3.70804847805142 -4.28525358813495 -4.60500434189897 -4.03186903424209 -3.34154055767767 -2.21912715188333 -0.762720570091662 0.490582944966663 1.25245033105704 1.77874703882352 2.19607415709659 2.26668755799919 2.27217187797166 2.26526619373744 2.25063717240284 2.2744956286577 2.33462680308242 2.38311708936327 2.42435082575451 2.43949777267877 2.42486242845151 2.3885219204502 2.3506992119368 2.28903652681789 2.20158243646676
-9999 -9999 -9999 -9999 -9999 -9999 -9999 -9999 -9999 -9999 -9999 -9999 -9999 -9999 -9999 -9999 -9999 -9999 -9999 -9999 -9999 -9999 -9999 -9999 -9999 -9999 0.075744437467862 -0.158699290336598 -0.430212810523032 -0.621105859384867 -1.2353329113342 -1.77877335310683 -2.345801842551 -3.07429603674081 -3.27013141669362 -3.49478131559966 -3.38464837876089 -2.49724257513614 -1.0797142109433 0.184933884443233 1.0831627872995 1.76900555667454 2.07638998556262 2.10813809215111 2.06787664652233 2.05455734325094 2.27386941064444 2.30505635635831 2.37907817163647 2.43359278527994 2.44455922725919 2.43463519402649 2.40705525791202 2.36529993985467 2.32066619890535 2.25118830293357 2.14976056939263
-9999 -9999 -9999 -9999 -9999 -9999 -9999 -9999 -9999 -9999 -9999 -9999 -9999 -9999 -9999 -9999 -9999 -9999 -9999 -9999 -9999 -9999 -9999 -9999 -9999 -9999 0.8500230082589 0.745909407317165 0.418040941577369 0.0385455844353444 -0.424106982747798 -0.942433228734361 -1.43357234954898 -2.01593847908393 -2.44659763310453 -2.89049462132412 -3.07551413948597 -2.50111060647773 -1.31345971661306 -0.10605501953234 0.919938915602463 1.66126101810577 2.06146820990575 2.15833111040813 2.15246557525191 2.14113532148359 2.13772505708443 2.13472277507457 2.41926037604162 2.45074317827185 2.44218250048274 2.40804653600968 2.36419687609842 2.31604383191191 2.25776176627434 2.18007891597981 2.08021095463432
-9999 -9999 -9999 -9999 -9999 -9999 -9999 -9999 -9999 -9999 -9999 -9999 -9999 -9999 -9999 -9999 -9999 -9999 -9999 -9999 -9999 -9999 -9999 -9999 -9999 -9999 -9999 1.44409526234338 0.946018831306719 0.458969390054862 -0.0793160689265933 -0.575969914442182 -1.0399874768423 -1.46995261229164 -1.79645217738981 -2.4066824738983 -2.82261830724138 -2.39748444869988 -1.41374286906018 -0.242756780684612 0.765689806425423 1.60561017206285 2.08346882739683 2.226443279745 2.25007965568999 2.26401776994195 2.27645574491602 2.25412460287496 2.21664867470607 2.19422354195311 2.42069477229144 2.36775252660327 2.31368485916832 2.25857278976238 2.18823979472918 2.09953553641264 2.00732956969769
-9999 -9999 -9999 -9999 -9999 -9999 -9999 -9999 -9999 -9999 -9999 -9999 -9999 -9999 -9999 -9999 -9999 -9999 -9999 -9999 -9999 -9999 -9999 -9999 -9999 -9999 -9999 1.80231011941347 1.68839832423388 0.733034117195175 0.126905548164917 -0.40361776483442 -0.789160050644466 -1.17378925522153 -1.54253426662719 -2.13178811719285 -2.57186530444051 -2.32275442894256 -1.43093261318878 -0.326149393911059 0.762721482613016 1.5867179759003 2.1050177188668 2.29971782565689 2.36516570807601 2.3660198331059 2.3372693769039 2.28560639660619 2.22600136645217 2.1739524429171 2.10679939353937 2.32507009362226 2.26261119007468 2.17969616008751 2.09374628841364 2.01715087118056 1.94858896438959
-9999 -9999 -9999 -9999 -9999 -9999 -9999 -9999 -9999 -9999 -9999 -9999 -9999 -9999 -9999 -9999 -9999 -9999 -9999 -9999 -9999 -9999 -9999 -9999 -9999 -9999 -9999 1.99104328299928 1.46731063831876 1.38021023925234 0.206209550878825 -0.380222738558136 -0.795455952031852 -1.20927686651863 -1.45660800967485 -2.07108084857367 -2.65263273908114 -2.39769319589692 -1.40305659218351 -0.285910748998023 0.77092744453954 1.68291232477202 2.24265186720917 2.45621998770465 2.53766464768913 2.45384497836493 2.37461484913677 2.29305202161992 2.20318255400615 2.13698820701008 2.06877067337413 2.0099312715451 1.90941589402196 2.09522227874441 1.99886329515265 1.93462089115768 1.89513445498624
-9999 -9999 -9999 -9999 -9999 -9999 -9999 -9999 -9999 -9999 -9999 -9999 -9999 -9999 -9999 -9999 -9999 -9999 -9999 -9999 -9999 -9999 -9999 -9999 -9999 -9999 -9999 1.9523597856326 1.41873066730945 0.735140418304173 0.118687867982086 -0.417912676720126 -0.843182096850744 -1.30337320241976 -1.69667228675229 -2.2734949330724 -2.68320980052039 -2.34428471085658 -1.38612922023873 -0.212770685893174 0.910744446486518 1.7843612297361 2.36028810670084 2.59675159215424 2.6413480891501 2.55203676693994 2.40560060712067 2.29870165394083 2.18979037456858 2.09292399462921 2.01990591552044 1.95068232850192 1.84083001187814 1.70951245708659 1.58554759754784 1.51675105309975 1.4743505828682
-9999 -9999 -9999 -9999 -9999 -9999 -9999 -9999 -9999 -9999 -9999 -9999 -9999 -9999 -9999 -9999 -9999 -9999 -9999 -9999 -9999 -9999 -9999 -9999 -9999 -9999 -9999 1.93818266419404 1.25396918219241 0.530470990640646 0.0218138278976283 -0.460181257506994 -0.89045485127186 -1.40971122214073 -1.88536584425614 -2.42513995571823 -2.81390674351382 -2.41346051245712 -1.32379501518438 -0.0317428578750457 1.06157316083209 1.98310073621301 2.5327749924886 2.72989875471089 2.76851278837816 2.63341591551726 2.46505905808576 2.30211436586439 2.17224468088745 2.05452295141758 1.97382278577733 1.89470051378662 1.77812024235133 1.6434103409109 1.51371548297251 1.45177497482206 1.41989842754393
