meets/meet004/analise_selecao_variaveis/pca/pc3_e.asc
NCOLS 154 
NROWS 168 
XLLCORNER -112 
YLLCORNER -55.5 
CELLSIZE 0.5 
NODATA_value -9999 
[rows 100 to 124 of 168, columns 56 to 111 of 154]
-9999 -9999 -9999 -9999 -9999 -9999 -9999 -9999 -9999 -9999 -9999 -9999 -9999 -9999 -9999 -9999 -9999 -9999 -9999 -9999 -9999 -9999 -9999 -9999 -9999 -9999 -9999 -9999 -0.303258594715715 -1.82021138838957 -3.02383159762897 -3.58330326469354 -3.76793830533997 -3.94413249480277 -3.99476121648067 -4.1350109464891 -4.34503409516338 -4.44346052440604 -4.06947776002143 -3.39283320541675 -2.60008649651103 -1.7200646907789 -0.950285745553035 -0.538300827448098 -0.472687857782598 -0.47524053241541 -0.330600755857343 -0.153564018940363 -0.11174899307206 -0.206618311842549 -0.335035899769392 -0.405681790540786 -0.502289658392466 -0.646796392569643 -0.841557177628896 -1.04702383111474
-9999 -9999 -9999 -9999 -9999 -9999 -9999 -9999 -9999 -9999 -9999 -9999 -9999 -9999 -9999 -9999 -9999 -9999 -9999 -9999 -9999 -9999 -9999 -9999 -9999 -9999 -9999 -9999 -0.265375940391417 -1.80912099693592 -3.13552154389475 -3.65058247981073 -3.83652001762004 -3.99019776463149 -3.98337836263337 -4.09953893066322 -4.29781413484651 -4.41812025001844 -4.01959661327415 -3.29937213046342 -2.49075087050777 -1.65213927088784 -0.892052477379939 -0.509067631703651 -0.482440690498605 -0.486072794023989 -0.2875053225482 -0.0569799089107187 -0.0280571108121866 -0.221951194758373 -0.424376964911694 -0.42752046778085 -0.487450532190096 -0.600355142248902 -0.764554619197619 -0.994647767066513
-9999 -9999 -9999 -9999 -9999 -9999 -9999 -9999 -9999 -9999 -9999 -9999 -9999 -9999 -9999 -9999 -9999 -9999 -9999 -9999 -9999 -9999 -9999 -9999 -9999 -9999 -9999 1.60745329420073 -0.206001385984174 -1.74023212906459 -2.95849873744963 -3.53853611185115 -3.72959818879392 -3.9023933080632 -3.94409535760792 -4.04068344722166 -4.22778646987962 -4.25072341148923 -3.82022952866586 -3.1360967388814 -2.33462544186675 -1.53288446803016 -0.845008525428308 -0.506246112915833 -0.498387288417098 -0.494092920875717 -0.33310616526261 -0.133826984892116 -0.10908164707007 -0.240839461236265 -0.367303125546063 -0.41348054630747 -0.419624695639722 -0.515588870763971 -0.686549647593388 -0.86374420275648
-9999 -9999 -9999 -9999 -9999 -9999 -9999 -9999 -9999 -9999 -9999 -9999 -9999 -9999 -9999 -9999 -9999 -9999 -9999 -9999 -9999 -9999 -9999 -9999 -9999 -9999 -9999 1.62981053505124 -0.155614390473226 -1.64430469571114 -2.87994857330009 -3.43381438321674 -3.61531399799848 -3.8276485659989 -3.91656332126508 -4.06847498075324 -4.23295992483831 -4.20589134489192 -3.76442235262243 -3.01979923371 -2.18826206909353 -1.46427368907088 -0.82480593381365 -0.528990325069706 -0.547193412695032 -0.556244568972616 -0.411037381331577 -0.233934121975443 -0.190154456737955 -0.274823816646762 -0.368493860134774 -0.39398515201948 -0.397791271560891 -0.471470617248054 -0.624985291474472 -0.77467761396263
-9999 -9999 -9999 -9999 -9999 -9999 -9999 -9999 -9999 -9999 -9999 -9999 -9999 -9999 -9999 -9999 -9999 -9999 -9999 -9999 -9999 -9999 -9999 -9999 -9999 -9999 -9999 1.63895728350477 -0.0913598094525642 -1.59442144698985 -2.72883108788777 -3.26173220219389 -3.48848073047624 -3.78566805792791 -4.00790833449686 -4.21299159086008 -4.3952001105276 -4.34945747895689 -3.84587825535282 -2.9907294898016 -2.13064010060188 -1.42365330630524 -0.902916919005093 -0.640579069538787 -0.607265731161263 -0.608980127453884 -0.463346573401858 -0.31496131852677 -0.279489776854196 -0.334080073623563 -0.421682329392058 -0.442383083337658 -0.471073646861638 -0.543865538446042 -0.650700210892826 -0.765497970175471
-9999 -9999 -9999 -9999 -9999 -9999 -9999 -9999 -9999 -9999 -9999 -9999 -9999 -9999 -9999 -9999 -9999 -9999 -9999 -9999 -9999 -9999 -9999 -9999 -9999 -9999 -9999 1.5767435904522 -0.117692970285432 -1.47977529290637 -2.66989273362421 -3.19325945910316 -3.39361019833797 -3.80602399563811 -4.20583687520368 -4.53670708091533 -4.6824483300305 -4.55671204087513 -3.9378230624447 -2.98701782480153 -2.06597618269178 -1.41123412715563 -0.946298084821888 -0.691114987546962 -0.603092051269376 -0.562233453352178 -0.415609507558906 -0.305236685162574 -0.272533580912921 -0.298494723614376 -0.384846320951798 -0.42078307001413 -0.492044203906991 -0.561193009301641 -0.618236892261112 -0.70623518238441
-9999 -9999 -9999 -9999 -9999 -9999 -9999 -9999 -9999 -9999 -9999 -9999 -9999 -9999 -9999 -9999 -9999 -9999 -9999 -9999 -9999 -9999 -9999 -9999 -9999 -9999 -9999 1.46646465259354 -0.135071196001582 -1.49662785215127 -2.52823195207232 -3.08533598029596 -3.3199872970189 -3.87054438980617 -4.52006153712968 -5.04088091682496 -5.05705026464873 -4.73341265045639 -4.00286956008901 -2.95529853707938 -1.99570217145845 -1.40345718145446 -0.956816437468755 -0.710812922903526 -0.548207358745231 -0.393199387920928 -0.326889303492372 -0.217617405966014 -0.190459208723864 -0.223562224908686 -0.248528996804476 -0.348091536608581 -0.436061667579095 -0.508664452603676 -0.567395430257644 -0.617181186739242
-9999 -9999 -9999 -9999 -9999 -9999 -9999 -9999 -9999 -9999 -9999 -9999 -9999 -9999 -9999 -9999 -9999 -9999 -9999 -9999 -9999 -9999 -9999 -9999 -9999 -9999 -9999 1.34604503528232 -0.189236626142724 -1.52053772041567 -2.52274477395757 -2.98990986851155 -3.3069341382388 -3.97444692594843 -4.82878442225821 -5.4560867436944 -5.37055005602543 -4.85466941635855 -3.98223730614067 -2.89151847866881 -1.93343247298052 -1.35801648251696 -0.975434728124749 -0.753173884893554 -0.569544152884851 -0.403565751568141 -0.324754156164689 -0.246053260624555 -0.198501564802567 -0.183034493679737 -0.190725286407399 -0.28192011679747 -0.394854857695562 -0.455982507269576 -0.472842447290233 -0.494321275764527
-9999 -9999 -9999 -9999 -9999 -9999 -9999 -9999 -9999 -9999 -9999 -9999 -9999 -9999 -9999 -9999 -9999 -9999 -9999 -9999 -9999 -9999 -9999 -9999 -9999 -9999 -9999 1.2796803519144 -0.155725542413519 -1.51110636758433 -2.57855482968467 -3.00827503652565 -3.2856375944588 -4.05037501681944 -5.06428913716617 -5.84365975584776 -5.52442952461546 -4.84685586162446 -3.86187468743941 -2.76157915641636 -1.83493559442993 -1.33540474708409 -0.991098686848898 -0.812885054399988 -0.669285340902693 -0.575359631377372 -0.446420617312491 -0.348564952194238 -0.296877357075907 -0.238728246768634 -0.229968634731495 -0.293475836951723 -0.357647233819937 -0.404495719739726 -0.404570634833806 -0.396608794837572
-9999 -9999 -9999 -9999 -9999 -9999 -9999 -9999 -9999 -9999 -9999 -9999 -9999 -9999 -9999 -9999 -9999 -9999 -9999 -9999 -9999 -9999 -9999 -9999 -9999 -9999 -9999 1.21121788792458 -0.173118765223832 -1.46411269858098 -2.43430810598503 -2.89193048940671 -3.24389682596922 -4.0434609224305 -5.0655043496585 -5.72339408570516 -5.33235997352725 -4.4741531791397 -3.45444000104117 -2.46951848216128 -1.68662894700542 -1.2316666696644 -0.952334283500252 -0.8165250669823 -0.693710381914636 -0.601393737248997 -0.48055130389675 -0.393392706861608 -0.333350258564586 -0.269877660043239 -0.252620254905258 -0.262983725882082 -0.297978026047748 -0.31604362635184 -0.292440325609092 -0.281554158263047
-9999 -9999 -9999 -9999 -9999 -9999 -9999 -9999 -9999 -9999 -9999 -9999 -9999 -9999 -9999 -9999 -9999 -9999 -9999 -9999 -9999 -9999 -9999 -9999 -9999 -9999 2.33617989507251 1.13094961088873 -0.153820054684693 -1.39264207504457 -2.38770355563333 -2.86365044785849 -3.18068960500715 -3.93880792314631 -4.92330915254267 -5.54802978216368 -4.8991716197446 -3.84123114729106 -2.85214741936197 -2.08780155766506 -1.43030189297204 -1.10563771947089 -0.869458902233872 -0.75737200260727 -0.642412632358335 -0.541034873158752 -0.462189805941761 -0.364295613086256 -0.313381102319747 -0.27547786874248 -0.251561474265455 -0.2477955283038 -0.225164726363999 -0.219151253685708 -0.192628184408966 -0.161074095125678
-9999 -9999 -9999 -9999 -9999 -9999 -9999 -9999 -9999 -9999 -9999 -9999 -9999 -9999 -9999 -9999 -9999 -9999 -9999 -9999 -9999 -9999 -9999 -9999 -9999 -9999 2.12550906248629 0.880765975062121 -0.361973163589078 -1.43477859008477 -2.22312608908382 -2.78193424830743 -3.18289575423207 -3.82163192407344 -4.56127149415132 -4.88134631677683 -4.27611419847676 -3.26101325460405 -2.35855591364594 -1.70369362915547 -1.21418163003981 -0.9262398186945 -0.768734914162666 -0.677534867835936 -0.57013160344812 -0.476316649035347 -0.387441423653353 -0.316918347250716 -0.270668936234675 -0.22322714192391 -0.191026848293669 -0.158986458226281 -0.13234061915644 -0.115104146258461 -0.0730129135934866 -0.0487850296379303
-9999 -9999 -9999 -9999 -9999 -9999 -9999 -9999 -9999 -9999 -9999 -9999 -9999 -9999 -9999 -9999 -9999 -9999 -9999 -9999 -9999 -9999 -9999 -9999 -9999 -9999 1.73071021741411 0.433795204099924 -0.702345321464237 -1.54127507953098 -2.21713478422017 -2.79272599025937 -3.16070068812117 -3.60269403790637 -4.02746150438182 -4.30488338425369 -3.5354462737333 -2.62915615958168 -1.8788558782249 -1.34450907370371 -0.937171955629783 -0.759855413018268 -0.652715778339215 -0.574600383513753 -0.4619160175524 -0.403569522819051 -0.315284311705331 -0.251976150617402 -0.223381930944624 -0.166477828159968 -0.119216913548297 -0.0879560190971338 -0.0446923564876307 -0.0179365409874485 0.0251924576729812 0.0520575267430319
-9999 -9999 -9999 -9999 -9999 -9999 -9999 -9999 -9999 -9999 -9999 -9999 -9999 -9999 -9999 -9999 -9999 -9999 -9999 -9999 -9999 -9999 -9999 -9999 -9999 -9999 1.25096769555121 0.0143685599145243 -1.04542880611495 -1.70761385455371 -2.3218454718158 -2.63132924637074 -2.89367651241323 -3.09198121034956 -3.18709429946463 -3.09772151892334 -2.62735477599813 -1.97367382062227 -1.41406984570803 -0.994748931085429 -0.697383749163751 -0.540920381565296 -0.482664392980674 -0.407929325181818 -0.273650159535369 -0.171659409275593 -0.152952530269105 -0.165970987598517 -0.159757749089729 -0.102779994110115 -0.0377525302788672 0.0175833970630619 0.0706734054157946 0.104012831240373 0.149344475383613 0.188541088782344
-9999 -9999 -9999 -9999 -9999 -9999 -9999 -9999 -9999 -9999 -9999 -9999 -9999 -9999 -9999 -9999 -9999 -9999 -9999 -9999 -9999 -9999 -9999 -9999 -9999 1.64839034053958 0.732932861787459 -0.468471181771502 -1.38536789908628 -1.82232765781699 -2.35834802047686 -2.47950042157981 -2.5500731059657 -2.49523248801621 -2.32799952375895 -1.93995494125548 -1.7355892493677 -1.32662411970378 -0.988130365562316 -0.664875961431158 -0.419285432336101 -0.404205628323889 -0.337319412284616 -0.251007643176158 -0.0769227459507143 0.0920402131745342 -0.00694249949211185 -0.0837218093519835 -0.0994972771739069 -0.0292844019511384 0.0385152514845238 0.0995640177191296 0.184036638075534 0.230488458534532 0.277673794755846 0.320056836207583
-9999 -9999 -9999 -9999 -9999 -9999 -9999 -9999 -9999 -9999 -9999 -9999 -9999 -9999 -9999 -9999 -9999 -9999 -9999 -9999 -9999 -9999 -9999 -9999 -9999 1.24933676890849 0.429746684317188 -0.672947821349775 -1.55050961214122 -1.9227176132657 -2.25668315142518 -2.26801607013039 -2.10897314675916 -1.89007584845174 -1.64600336123627 -1.34163945545352 -1.12540788604683 -0.879231386478403 -0.674149152886498 -0.518245312470187 -0.382443899715026 -0.350979531609735 -0.301064033241645 -0.212284448752533 -0.0270404378194344 0.115694420115036 0.0656854696780362 -0.02371237936065 -0.052084436396299 0.0137398861113678 0.114391932804456 0.190448381673578 0.26445165089242 0.310761157121041 0.366004109259365 0.42059221459556
-9999 -9999 -9999 -9999 -9999 -9999 -9999 -9999 -9999 -9999 -9999 -9999 -9999 -9999 -9999 -9999 -9999 -9999 -9999 -9999 -9999 -9999 -9999 -9999 -9999 0.937610806071502 0.134191461236238 -0.800064272829846 -1.61501183114141 -2.05264184177296 -2.22732017910498 -2.06731327088044 -1.74381665238401 -1.42453725784097 -1.15633848653289 -0.852911166389632 -0.760520598157125 -0.631975137632656 -0.538782583628754 -0.475987624127546 -0.391219367264806 -0.380763299588973 -0.348131526905501 -0.274569110336478 -0.08964120268184 0.0902771954390973 0.0184255849243299 -0.0398136374173338 -0.0327534382811719 0.0664412904063296 0.166410565853889 0.249842264726754 0.333346538826625 0.395960844940116 0.468258378410243 0.5139423343071
-9999 -9999 -9999 -9999 -9999 -9999 -9999 -9999 -9999 -9999 -9999 -9999 -9999 -9999 -9999 -9999 -9999 -9999 -9999 -9999 -9999 -9999 -9999 -9999 -9999 0.951270360783725 0.177286187591329 -0.720590344183793 -1.52639541494799 -2.01156794098618 -2.05733998362288 -1.87557043559913 -1.49028062971629 -1.1369453986967 -0.876374561457676 -0.693302089572997 -0.664438305269319 -0.705726009740749 -0.672648634675352 -0.572510718630418 -0.481277383741859 -0.463129039319987 -0.453069798988522 -0.409806448748321 -0.296273387397676 -0.198867079163087 -0.129987173163836 -0.0730249142790964 -0.0210027722078788 0.0793530937674289 0.188287719887097 0.291406052668383 0.393446520924442 0.463329802468607 0.543563761981207 0.616193842206442
-9999 -9999 -9999 -9999 -9999 -9999 -9999 -9999 -9999 -9999 -9999 -9999 -9999 -9999 -9999 -9999 -9999 -9999 -9999 -9999 -9999 -9999 -9999 -9999 -9999 0.900819591935689 0.184901234195008 -0.631632913661279 -1.3956260738829 -1.87957504338459 -1.9682350630859 -1.68722963301326 -1.28855449854722 -0.924944058168942 -0.693925134992314 -0.550940147515601 -0.615195710742992 -0.775953845619403 -0.79508552089811 -0.646641361407596 -0.56870490249722 -0.56408280889433 -0.578868413350242 -0.560912975267858 -0.469921090934829 -0.432737129364201 -0.273636460280107 -0.130535560286976 -0.0294762256801491 0.101389647087117 0.188910266341207 0.313167985892691 0.435630285552649 0.528608253325055 0.63470775646013 0.698819995348381
-9999 -9999 -9999 -9999 -9999 -9999 -9999 -9999 -9999 -9999 -9999 -9999 -9999 -9999 -9999 -9999 -9999 -9999 -9999 -9999 -9999 -9999 -9999 -9999 -9999 0.813257361240733 0.201895739406587 -0.482632615993097 -1.23462152955273 -1.75195519449938 -1.78813697049994 -1.56600425148763 -1.15967655098312 -0.817589487864112 -0.628804377580275 -0.543208048635758 -0.605689319001781 -0.702480419143585 -0.737226479390767 -0.697023647855664 -0.651189991710708 -0.661752026288128 -0.707792634922634 -0.692955545573265 -0.593711586544352 -0.484252115482836 -0.33813972958446 -0.188889294105323 -0.0707102488971153 0.0674699590360525 0.190736635407679 0.325989732493087 0.456772872336179 0.555813343107945 0.666181129752525 0.760824091462376
-9999 -9999 -9999 -9999 -9999 -9999 -9999 -9999 -9999 -9999 -9999 -9999 -9999 -9999 -9999 -9999 -9999 -9999 -9999 -9999 -9999 -9999 -9999 -9999 -9999 0.664494594651913 0.098784832929828 -0.427973626204892 -1.11352103265946 -1.59050462097858 -1.68227414659413 -1.46695201014953 -1.10552509690986 -0.816275019604105 -0.688990596057988 -0.604388016191871 -0.645311504229405 -0.701215267597532 -0.734083863776815 -0.714046521766576 -0.709641464114606 -0.736887928238453 -0.789716986074233 -0.761633916660275 -0.628766786469483 -0.526644805057077 -0.383406890162014 -0.228777501521245 -0.105976269071269 0.0481787400399587 0.167508861269372 0.307431633861817 0.456210431048509 0.57487201855513 0.709740733595312 0.804660093237459
-9999 -9999 -9999 -9999 -9999 -9999 -9999 -9999 -9999 -9999 -9999 -9999 -9999 -9999 -9999 -9999 -9999 -9999 -9999 -9999 -9999 -9999 -9999 -9999 -9999 0.602054886423867 0.0556430084034137 -0.407458205332748 -1.0325419274222 -1.34363592521051 -1.57740743732063 -1.44168215048335 -1.17576708452403 -0.948804834776274 -0.867456337698119 -0.865307513176176 -0.810890941158978 -0.799751205635778 -0.797013775289041 -0.770501323359741 -0.774412232076546 -0.786716107178081 -0.80678221339444 -0.765454045297817 -0.658754958862973 -0.538665056323724 -0.401412790627686 -0.269452617538085 -0.142348949603946 -0.00523202376444938 0.131645401774064 0.289482344831482 0.446566298403017 0.581632972634794 0.716365010125184 0.841788789569601
-9999 -9999 -9999 -9999 -9999 -9999 -9999 -9999 -9999 -9999 -9999 -9999 -9999 -9999 -9999 -9999 -9999 -9999 -9999 -9999 -9999 -9999 -9999 -9999 -9999 0.494029275003885 -0.0760217606732186 -0.542518467148803 -0.941880782564468 -1.22757566427756 -1.49399955199696 -1.40999895435279 -1.2269099525034 -1.04128963135898 -0.985367514277505 -0.986851663560042 -0.895792911719882 -0.852861542773404 -0.829660246224324 -0.765731079117947 -0.768544966282375 -0.776911395109371 -0.799401845772521 -0.764515872732174 -0.648034310112187 -0.546624407197093 -0.432515559403223 -0.301307943551106 -0.188943502458876 -0.0380198514860158 0.0844141119267947 0.233143243203694 0.409549397563071 0.541087167620131 0.702866108592753 0.833068418898358
-9999 -9999 -9999 -9999 -9999 -9999 -9999 -9999 -9999 -9999 -9999 -9999 -9999 -9999 -9999 -9999 -9999 -9999 -9999 -9999 -9999 -9999 -9999 -9999 -9999 0.523646187909034 -0.137867488403567 -0.532082702500469 -0.768654857100702 -1.0924578074126 -1.43821025412388 -1.37740916102597 -1.2338407534147 -1.07580929307076 -1.00887985605619 -0.954133497102745 -0.897094419731491 -0.839607401440068 -0.782209819325044 -0.718130098470116 -0.685239339233745 -0.714842384254762 -0.767923650561374 -0.747508447730731 -0.649150407633291 -0.561127227191467 -0.454364528756248 -0.339219701441618 -0.221517987538303 -0.0738017724101513 0.0421239670532815 0.20110607276261 0.337475390206761 0.512028016500579 0.712317096919189 0.822515436707456
-9999 -9999 -9999 -9999 -9999 -9999 -9999 -9999 -9999 -9999 -9999 -9999 -9999 -9999 -9999 -9999 -9999 -9999 -9999 -9999 -9999 -9999 -9999 -9999 0.989600890685306 0.360132553921937 -0.262642147683271 -0.55849220201697 -0.608924361117114 -0.895955120837608 -1.2557088956103 -1.28338859223288 -1.19580930782708 -1.05396271859669 -0.974818832965449 -0.935409421352305 -0.868445747397439 -0.814768775741463 -0.750910582249987 -0.648508640593929 -0.599269570181621 -0.627720437764291 -0.702915852126269 -0.707442909540173 -0.634516944893512 -0.549190582405403 -0.455507347688783 -0.350875848950272 -0.238684660961826 -0.0808746911674069 0.0678447945114848 0.204831685525278 0.338911094544005 0.563327845380632 0.888378486078198 1.13722030544368
