meets/meet004/analise_selecao_variaveis/pca/pc3_e.asc
NCOLS 154 
NROWS 168 
XLLCORNER -112 
YLLCORNER -55.5 
CELLSIZE 0.5 
NODATA_value -9999 
[rows 75 to 99 of 168, columns 56 to 111 of 154]
-9999 -9999 -9999 -9999 -9999 -9999 -9999 -9999 -9999 -9999 -9999 -0.67905937833859 -1.69727303277732 -1.80539266966407 -1.57151661335538 -1.28125395310998 -1.04204044604447 -0.604371519659165 -0.398018317960344 -0.164541701341236 0.0361665958651214 0.144895340149289 0.148761775579788 0.143916343627297 0.130919611928682 0.13051465019657 0.14409504687588 0.152261264643322 0.168122002995876 0.170481143155378 0.158333852821258 0.145924102914746 0.11879724481232 0.0864239210691338 0.0342670217097127 -0.0238365059862687 -0.068955635117966 -0.117459607359666 -0.160837559689657 -0.220309844448205 -0.274908865553772 -0.323491429985736 -0.376725710605581 -0.432942770920997 -0.496776803139061 -0.576807108233802 -0.681471934132601 -0.799636556869186 -0.922072368685378 -1.05901648727286 -1.19243567568816 -1.31110522006313 -1.42495197618911 -1.52545100165527 -1.62763356992191 -1.71812634835977
-9999 -9999 -9999 -9999 -9999 -9999 -9999 -9999 -9999 -9999 -9999 -0.462778895022673 -1.77795052129953 -2.03920705535684 -1.77462665369395 -1.59905228008014 -1.5137006357442 -1.09855888734559 -0.891367321907076 -0.542321754391191 -0.138481632546633 -0.0100622024992215 0.0695685402979244 0.0850239812140592 0.0823782884664565 0.0901043559248616 0.101277909636292 0.119062013689581 0.139613459691886 0.137544340799953 0.12943230818707 0.12726489680907 0.106630515237205 0.0756972047683428 0.0181320950920457 -0.0456420129269055 -0.0876646820175069 -0.138160807089805 -0.185295870127527 -0.247790638063304 -0.303877311583186 -0.330371516949622 -0.380453828923873 -0.439835680483083 -0.522491755285859 -0.63623183467461 -0.72895859254643 -0.830654577169023 -0.943211884209936 -1.06401170995441 -1.17800692373204 -1.29873047960352 -1.40897665865489 -1.49791085054155 -1.57579873532641 -1.62715625743436
-9999 -9999 -9999 -9999 -9999 -9999 -9999 -9999 -9999 -9999 -9999 -9999 -1.24496658736262 -1.71389589982978 -1.78935477500876 -1.84699598755606 -1.90379168254907 -1.79590520547395 -1.31744888829949 -0.930435658915424 -0.52381064822465 -0.250490451969767 -0.03693023950739 0.0436446073653071 0.0183799792669335 0.0204044913296012 0.0479543502335384 0.0938665173779033 0.128072255335016 0.125921757140188 0.111229350547926 0.105645450238521 0.0885359749107898 0.0593624279966189 0.00841579564058374 -0.0511578796573638 -0.104516377750986 -0.16218668335384 -0.213688198611791 -0.272507276357703 -0.320998044387517 -0.340210183345251 -0.371528546777798 -0.433260927283107 -0.529651854834989 -0.652973720896564 -0.76518542542119 -0.86879541531232 -0.972593187070683 -1.07403564457291 -1.17303109156972 -1.28424061417211 -1.38613728853657 -1.46722624411643 -1.53210437868986 -1.58979801797106
-9999 -9999 -9999 -9999 -9999 -9999 -9999 -9999 -9999 -9999 -9999 -9999 -0.432820657697097 -1.09046776476956 -1.5680594404814 -2.01119663428696 -2.25260472004769 -2.24461485149198 -2.06501639029527 -1.37814763379709 -0.93923450880049 -0.576299714352024 -0.258519100597463 -0.110306288745144 -0.0946698682829959 -0.115734418179441 0.0128826187380376 0.09398852740414 0.141505813951232 0.139952517623507 0.115543751841447 0.113181870663368 0.0902251522512862 0.0590596487535682 0.00947140137587487 -0.0451464706462156 -0.105820224395272 -0.175063316895607 -0.229515134903306 -0.281844561637246 -0.312380427472184 -0.328127298992659 -0.335960276354511 -0.404166788083206 -0.543284113837679 -0.676159074049911 -0.802205705444133 -0.921029261254241 -1.02147731112079 -1.10437032881647 -1.17348875537286 -1.27397832958978 -1.37057249830586 -1.44441618108865 -1.51422126885661 -1.57289523065607
-9999 -9999 -9999 -9999 -9999 -9999 -9999 -9999 -9999 -9999 -9999 -9999 -9999 -0.462873573126056 -1.42727881593187 -2.2012582380519 -2.53078312773762 -2.53715949566393 -2.41548204515108 -2.10136049938882 -1.73845994964955 -1.20551029256968 -0.860861698179007 -0.673391109414342 -0.547951554921199 -0.357620596197363 -0.155478396480272 0.0266614396408733 0.161014045643393 0.173692638047318 0.149040670855951 0.134565455516062 0.104033459415995 0.067336872438102 0.0163852201790097 -0.0522695189732861 -0.107547714642441 -0.174209635373641 -0.231664527446177 -0.29439483117543 -0.339496482357415 -0.345952733931611 -0.354090131324741 -0.423848997354336 -0.556632423891543 -0.707558506770808 -0.850345844100711 -0.98619199511796 -1.09065451268207 -1.15906985223695 -1.21882838666853 -1.29188433647967 -1.37082034091823 -1.43668881948715 -1.49594882359357 -1.54229543834249
-9999 -9999 -9999 -9999 -9999 -9999 -9999 -9999 -9999 -9999 -9999 -9999 -9999 0.478204337869638 -1.20048445457079 -2.61591199583352 -2.78097022780576 -2.71544404890434 -2.706611323325 -2.54268870906747 -2.44684682850566 -2.25980355187809 -1.66470297183853 -1.43847985908804 -1.17426680735864 -0.698682148023707 -0.388592885143922 -0.149089769438885 0.0807451547951734 0.217746710807602 0.19810666123067 0.207569532643181 0.160411407807606 0.115565859333177 0.0528938956494016 -0.0376460674859912 -0.0617438988441389 -0.132410292083504 -0.200262938457346 -0.285766776966199 -0.378427494348458 -0.383462731972036 -0.381388409032863 -0.45604592794215 -0.588862113059798 -0.727716875426284 -0.890819771320234 -1.04772468648698 -1.155492144674 -1.21055873896528 -1.26355260913012 -1.3207414332968 -1.37751069584542 -1.42515932991054 -1.46800352375933 -1.50988121060332
-9999 -9999 -9999 -9999 -9999 -9999 -9999 -9999 -9999 -9999 -9999 -9999 -9999 -9999 -0.288413655751793 -2.04892046417565 -2.68715196484955 -2.93293568959788 -3.06800406586691 -3.06009524401574 -3.04113902475319 -3.15051616243529 -3.22189792851595 -2.54047539772403 -2.1115132041272 -1.66131397664848 -1.24173317650511 -0.679630159302419 -0.297403803528465 -0.0795423378097825 0.199312793200101 0.270829017434213 0.25635486354219 0.235073198003382 0.15218202853098 0.0859880232828679 0.0539105651917444 0.00766669330986309 -0.0719287333255372 -0.196426523860279 -0.325395595554065 -0.389039980988549 -0.448280949367236 -0.536091550279797 -0.635666443995045 -0.769212381104466 -0.913144161096682 -1.05842710846908 -1.16251809310099 -1.22743042502965 -1.28775213573609 -1.33730518500172 -1.38867454260557 -1.41760612111901 -1.42010316872592 -1.43848071668672
-9999 -9999 -9999 -9999 -9999 -9999 -9999 -9999 -9999 -9999 -9999 -9999 -9999 -9999 0.455292661630242 -1.18094078859866 -2.31290904129617 -2.9844309534374 -3.33393784308527 -3.36667704020432 -3.510847790131 -3.89241474929619 -4.44584109967224 -4.44168557108185 -3.79149626578069 -2.77484181478179 -2.22183153626448 -1.51902355379383 -1.00443527269275 -0.648933170541382 0.0698310503893394 0.191424333320755 0.332487934153981 0.347885909265619 0.273766236409797 0.219686878744836 0.219400155152241 0.197203230556395 0.110112721352627 -0.0500321481130424 -0.2506880916412 -0.336763764593653 -0.476767541426768 -0.594797510622111 -0.682138506761937 -0.791784359532943 -0.911018837370882 -1.04339170289204 -1.13419753925657 -1.19889337137619 -1.28224026578227 -1.31280979833801 -1.37714454612464 -1.40496876952357 -1.38405112963899 -1.35808618934649
-9999 -9999 -9999 -9999 -9999 -9999 -9999 -9999 -9999 -9999 -9999 -9999 -9999 -9999 -9999 0.244397969006305 -1.43543465584674 -2.75405649919763 -3.48002489284668 -3.51616878744877 -3.60271505575713 -4.03779226309718 -4.62722924013795 -4.75563071672681 -4.54410140812798 -4.25523279777915 -3.93578015050404 -3.63527959655968 -2.45118407207075 -1.54523597635639 -0.775088982055615 -0.249389650950087 0.210209629345494 0.406368736603712 0.388344507016691 0.385963552461388 0.33815283703279 0.304556030967802 0.251320153735531 0.173792654177961 0.0494942311258343 -0.18584964332023 -0.443807374937757 -0.622414121721656 -0.713991748368929 -0.793974516280726 -0.895719322630962 -0.991663324101615 -1.05915857701784 -1.10109973698507 -1.15766792073083 -1.22201564895404 -1.30146657710829 -1.34044266715292 -1.34703241112344 -1.37797711680095
-9999 -9999 -9999 -9999 -9999 -9999 -9999 -9999 -9999 -9999 -9999 -9999 -9999 -9999 -9999 1.52897120077599 -0.474238417799757 -2.37181044736879 -3.46659861235844 -3.57424255379391 -3.56474502307664 -4.19526178031949 -4.66679837356545 -4.8459493230741 -4.89133275729492 -4.85623709221863 -4.80536056307348 -5.04817100019369 -4.36893970671339 -2.91814840646873 -1.86877572231134 -0.720881271772197 -0.0386787794166853 0.272386046527479 0.365298450994903 0.455027245381519 0.408246876457666 0.3827267380147 0.381680796527734 0.398017882611782 0.345867656871571 -0.00113672167974034 -0.39501620877912 -0.642803217263155 -0.734536711169482 -0.780522763053804 -0.858968850434798 -0.926527086034351 -0.970851813632707 -0.995412488938202 -1.01629766486974 -1.08439192130484 -1.17553595894029 -1.21612469886902 -1.24262128595993 -1.31377436375704
-9999 -9999 -9999 -9999 -9999 -9999 -9999 -9999 -9999 -9999 -9999 -9999 -9999 -9999 -9999 2.15120109024049 0.572637794864082 -1.22958677723296 -2.05446314411153 -3.40204710854673 -4.12658504252056 -4.35098438025218 -4.60591271428246 -4.75241691831205 -4.73582033697278 -4.80712507916639 -4.7929595768943 -4.74373854251786 -4.19789256607958 -3.21719681064562 -2.26055051510909 -1.43848967677272 -0.569313758410502 -0.147970289239695 0.0963710766750592 0.285031953946611 0.32849894841 0.39046075062034 0.442503273254749 0.50326850034681 0.474165382401818 0.0787579335904692 -0.373405238410974 -0.636482702225278 -0.75251329925293 -0.788209446176309 -0.813933877061176 -0.843207915120989 -0.85712581809462 -0.87188645050008 -0.908943560163081 -0.926553544698923 -0.963248405829099 -0.993004926082729 -1.01572766425497 -1.03302964839559
-9999 -9999 -9999 -9999 -9999 -9999 -9999 -9999 -9999 -9999 -9999 -9999 -9999 -9999 -9999 -9999 1.61534242481379 0.0767685683535924 -1.34932097826603 -2.57146904198145 -3.94965367623503 -4.1199334489329 -4.29414921900191 -4.44034174034727 -4.35411300598455 -4.51314107556136 -4.37212381598032 -4.16752921571159 -3.7282090017098 -3.13661697497097 -2.46118698512522 -1.87081846629457 -1.10634592673957 -0.702448775002875 -0.354385658514573 -0.0560705408836674 0.112459026971479 0.264312188142571 0.325288268857007 0.379119381579512 0.424444921762179 -0.00234270077485513 -0.427022027607661 -0.639279910418688 -0.713816600983368 -0.730176291548786 -0.69409546847801 -0.68936495898058 -0.678643785054416 -0.679564654129231 -0.725365690785464 -0.714671363888423 -0.730671649264448 -0.755573289193374 -0.777312281897625 -0.791197544628629
-9999 -9999 -9999 -9999 -9999 -9999 -9999 -9999 -9999 -9999 -9999 -9999 -9999 -9999 -9999 -9999 -9999 1.7452312630351 0.509313463936513 -0.875842155393962 -2.09367661105895 -2.88964430810703 -3.44944137820425 -3.8610329839566 -3.84856647448765 -3.83779584072988 -3.79170467219998 -3.60058218871341 -3.28623911146967 -2.95638160380211 -2.55177190561453 -2.3268297950779 -2.10572165840472 -1.71656880053182 -0.913582941337355 -0.516603299413453 -0.248193784474588 -0.0668396309720703 0.0425373464728899 0.021151010507873 -0.133879910681698 -0.260292148374069 -0.45811708405062 -0.562777870731691 -0.571552888678614 -0.538234762353658 -0.515129819494084 -0.463737477810371 -0.431201284630662 -0.428917561669993 -0.411121853228749 -0.479282993098823 -0.525304928482426 -0.573108174826943 -0.623581790139293 -0.657846302908428
-9999 -9999 -9999 -9999 -9999 -9999 -9999 -9999 -9999 -9999 -9999 -9999 -9999 -9999 -9999 -9999 -9999 -9999 -9999 0.910846195256303 -0.209250256706673 -1.14737096524095 -2.06913300163586 -2.85544372782987 -3.22517389295846 -3.44168437171155 -3.51246251296034 -3.32504593262278 -3.12904796138714 -2.96754025223519 -2.8296536929348 -2.81158915897809 -2.84474173481938 -2.47584584727039 -1.93250707153578 -1.07609995149466 -0.690710335811207 -0.427022653270246 -0.26362644046024 -0.233672985825055 -0.367356104065811 -0.336801803939244 -0.395132533301805 -0.430093128595209 -0.39052305424476 -0.373202259592176 -0.371081733467584 -0.324120256098917 -0.2916900690652 -0.278785740284062 -0.235413939069757 -0.33544590287486 -0.423754812648196 -0.49945958739278 -0.576406224092678 -0.617119015662985
-9999 -9999 -9999 -9999 -9999 -9999 -9999 -9999 -9999 -9999 -9999 -9999 -9999 -9999 -9999 -9999 -9999 -9999 -9999 -9999 -9999 0.830835811168636 -0.14254454100903 -1.21697139498891 -2.34694586782248 -3.35105704251866 -3.43741784685585 -3.3832937874125 -3.34374085726886 -3.17850905572048 -3.18978992394668 -3.25662122256922 -3.33860234511959 -3.18234536967127 -2.69988356380889 -2.21333444017807 -1.26621695453828 -0.825475476335324 -0.509483082376569 -0.358597356604868 -0.180603826592103 -0.154772886645539 -0.204417910326618 -0.197023614097249 -0.242042129659687 -0.264479118999536 -0.288563709561289 -0.326077864835601 -0.310441209205801 -0.26144843391883 -0.253208301866273 -0.32887563899441 -0.452346081041561 -0.541896937261726 -0.601245353755431 -0.680676243821222
-9999 -9999 -9999 -9999 -9999 -9999 -9999 -9999 -9999 -9999 -9999 -9999 -9999 -9999 -9999 -9999 -9999 -9999 -9999 -9999 -9999 -9999 -9999 0.468778091386763 -0.884709722581254 -2.22549115192029 -2.81959358014936 -3.20955522751416 -3.38554060984627 -3.30242873313998 -3.28400235054665 -3.35434393623767 -3.6038937995008 -3.55202572476647 -3.24820599155328 -2.85578125290236 -2.28586990493845 -1.74222714021495 -0.884835004047662 -0.485055182639524 -0.150084775600684 -0.0165226420501896 0.0318131888210668 0.0112914082611728 -0.0536327712786006 -0.137340449525033 -0.207563916241643 -0.273499272282226 -0.284319518018205 -0.251634253757047 -0.263641577768112 -0.354702342252537 -0.484417885895255 -0.571821087728697 -0.617757642175048 -0.682483841234811
-9999 -9999 -9999 -9999 -9999 -9999 -9999 -9999 -9999 -9999 -9999 -9999 -9999 -9999 -9999 -9999 -9999 -9999 -9999 -9999 -9999 -9999 -9999 -9999 -9999 -0.0896072935886729 -1.54264986193983 -2.82180451235618 -3.36607411530059 -3.17885139495473 -3.02346677921994 -3.30259555425488 -3.53376534832671 -3.65114915193218 -3.53147694137268 -3.30620270789027 -2.88815622792015 -2.48903851746862 -1.8464957029158 -1.13989442357301 -0.304737527842126 -0.00431474739737827 0.188036919156974 0.235155477181618 0.116047287638547 0.0054014961303095 -0.0955970522084528 -0.157925265865316 -0.197405385901373 -0.220246981383654 -0.2387348207113 -0.356816783339393 -0.499200222347872 -0.575180747874234 -0.593400024368924 -0.620424598862007
-9999 -9999 -9999 -9999 -9999 -9999 -9999 -9999 -9999 -9999 -9999 -9999 -9999 -9999 -9999 -9999 -9999 -9999 -9999 -9999 -9999 -9999 -9999 -9999 -9999 1.44559428680159 -0.188410847444674 -1.66130956456667 -2.62281519965041 -3.02298840693407 -3.15509367565343 -3.39120063371674 -3.53327737545975 -3.61478360878028 -3.60614486398215 -3.51838440529386 -3.30981876940843 -2.98458409433026 -2.35394381080692 -1.5667447536547 -0.867395545116837 -0.331941842937323 0.0261147741007614 0.355503564595419 0.26223429863952 0.107259210417335 -0.0118306259869043 -0.0986242469719314 -0.15911319078751 -0.202517490660259 -0.253865638800058 -0.365536507040418 -0.484377060839214 -0.548373430755608 -0.561226848255278 -0.595227440946742
-9999 -9999 -9999 -9999 -9999 -9999 -9999 -9999 -9999 -9999 -9999 -9999 -9999 -9999 -9999 -9999 -9999 -9999 -9999 -9999 -9999 -9999 -9999 -9999 -9999 -9999 -9999 -0.273386966254054 -1.51555373695096 -2.68398917884619 -3.6123562595842 -3.57053652689152 -3.45990599040756 -3.53053174183297 -3.56715986376308 -3.67938480695173 -3.49560566777992 -3.25739508872556 -2.70571508175088 -1.97371517487 -1.26163302779976 -0.549253198683252 -0.00439836356620264 0.218956359686794 0.109412970602082 -0.060478386313613 -0.181669358780146 -0.079611866280751 -0.163190641279232 -0.214531091523982 -0.28315902966289 -0.357207209603885 -0.453228564439016 -0.509201229318688 -0.534323929902913 -0.588139258519492
-9999 -9999 -9999 -9999 -9999 -9999 -9999 -9999 -9999 -9999 -9999 -9999 -9999 -9999 -9999 -9999 -9999 -9999 -9999 -9999 -9999 -9999 -9999 -9999 -9999 -9999 -9999 0.425072181229996 -0.932182283038353 -2.31841199181629 -3.26735437762634 -3.55525124191534 -3.40219772666634 -3.43081479920353 -3.47101189717617 -3.57544378116324 -3.55229364867078 -3.41102511488586 -2.94756822480857 -2.30312303649529 -1.55787542022425 -0.804480553297887 -0.214127938022582 0.1014619354748 0.132714409885024 0.0332368443471733 -0.082225549866674 -0.233495473116529 -0.348250590826052 -0.178363234320225 -0.249722666182143 -0.293282386102261 -0.347337645001033 -0.410435494837661 -0.49097279345507 -0.596309373981226
-9999 -9999 -9999 -9999 -9999 -9999 -9999 -9999 -9999 -9999 -9999 -9999 -9999 -9999 -9999 -9999 -9999 -9999 -9999 -9999 -9999 -9999 -9999 -9999 -9999 -9999 -9999 -9999 -0.527752098885744 -1.86821037164618 -2.89666555133622 -3.26934111909053 -3.25835718456153 -3.27130832688402 -3.34423405480553 -3.43027455180522 -3.57063652178906 -3.56397817080055 -3.21757698720644 -2.57170575274942 -1.80882167315208 -1.07617197649969 -0.473423298910865 -0.0938521556489421 0.0597597315924477 0.146695766562898 0.00987155117179805 -0.121981898758102 -0.232870647762214 -0.385134964434493 -0.486201969814094 -0.229501872638415 -0.220663608376175 -0.291003983074175 -0.449368296155354 -0.607881367997306
-9999 -9999 -9999 -9999 -9999 -9999 -9999 -9999 -9999 -9999 -9999 -9999 -9999 -9999 -9999 -9999 -9999 -9999 -9999 -9999 -9999 -9999 -9999 -9999 -9999 -9999 -9999 -9999 -0.408942818269905 -1.37329648781276 -2.68142339305428 -3.11115253610344 -3.12498038739234 -3.24745445806541 -3.3820333757759 -3.52172758701748 -3.71276262007593 -3.76271660246634 -3.44501326173397 -2.85763950947937 -2.12347858406594 -1.35486254811857 -0.687126569472437 -0.26938272232157 -0.1077825945228 -0.0501062569627015 -0.00939306199262144 -0.0162414171467766 -0.0985322119570295 -0.298599003240796 -0.452207125956781 -0.492329727185892 -0.171806815338498 -0.250660460857754 -0.422837421486078 -0.632599841842037
-9999 -9999 -9999 -9999 -9999 -9999 -9999 -9999 -9999 -9999 -9999 -9999 -9999 -9999 -9999 -9999 -9999 -9999 -9999 -9999 -9999 -9999 -9999 -9999 -9999 -9999 -9999 -9999 -0.322252935037789 -1.64544094736367 -2.24519087924285 -3.11819561601646 -3.10561722767077 -3.26480043577971 -3.4789549593638 -3.68018781490912 -3.90856552465981 -4.01486577821909 -3.73937834558221 -3.12363825007265 -2.4368536427457 -1.56994402457293 -0.821187599242048 -0.405552518762452 -0.299212818981018 -0.303673546451816 -0.116830180095413 0.0341077606847639 0.00217910924029881 -0.242358168394023 -0.488246421188352 -0.449926477253381 -0.444662594310297 -0.563482575312524 -0.442738562091992 -0.66230196591948
-9999 -9999 -9999 -9999 -9999 -9999 -9999 -9999 -9999 -9999 -9999 -9999 -9999 -9999 -9999 -9999 -9999 -9999 -9999 -9999 -9999 -9999 -9999 -9999 -9999 -9999 -9999 -9999 -0.322655352068156 -1.73342266135285 -2.77524741603355 -3.24111452752664 -3.33485652170391 -3.52268163130065 -3.70013087170925 -3.90313516284707 -4.14070897793628 -4.22979741076388 -3.91411468886941 -3.30733365131583 -2.56732812321725 -1.70488100586778 -0.928278048907268 -0.492136739814189 -0.405617984902816 -0.398000932042126 -0.265302661148112 -0.134498966750988 -0.113710525418106 -0.204633463265506 -0.314474768827668 -0.384238314042666 -0.456530304233258 -0.603229295191223 -0.816967001698046 -1.05161218394032
-9999 -9999 -9999 -9999 -9999 -9999 -9999 -9999 -9999 -9999 -9999 -9999 -9999 -9999 -9999 -9999 -9999 -9999 -9999 -9999 -9999 -9999 -9999 -9999 -9999 -9999 -9999 -9999 -0.31637855866437 -1.77847173329537 -3.03560448246965 -3.4499422720882 -3.60137494591266 -3.78991916709113 -3.90793557623097 -4.14333980013927 -4.30573465310158 -4.40386341953069 -4.06250595665519 -3.40890645606793 -2.65408747653769 -1.74750613646738 -0.942039162939674 -0.503227848309123 -0.461520494842018 -0.488274209268906 -0.354409597199495 -0.254021648025698 -0.204538565902068 -0.186233877368435 -0.187981195855587 -0.342210390237562 -0.479117635266096 -0.637625642317086 -0.847395811286547 -1.0668580252582
