meets/meet004/analise_selecao_variaveis/pca/pc3_e.asc
NCOLS 154 
NROWS 168 
XLLCORNER -112 
YLLCORNER -55.5 
CELLSIZE 0.5 
NODATA_value -9999 
[rows 50 to 74 of 168, columns 56 to 111 of 154]
-9999 -9999 -9999 -9999 -9999 -9999 -9999 -9999 -9999 -9999 -9999 -9999 -9999 2.07722571529206 0.509939912811634 -0.446005786782097 -0.458125151573787 -0.0949665590353038 0.106413432139142 0.130243425792622 -0.0524631929871772 -0.199475029627753 -0.470767937493868 -0.490930126401392 -0.481848328074177 -0.481228721159911 -0.274333714977479 -0.239256109909094 -0.0780142347833728 0.0818375451079875 0.128944180341739 -0.103172137388995 -0.354671537094793 -0.669387306825406 -0.910406967812085 -1.16566472794153 -1.02010621362302 -1.03899526215876 -1.02299684774897 -0.901828170149986 -0.839079662912787 -0.750849814880398 -0.666438091385771 -0.488755173602161 -0.167613495365157 0.159819279798381 0.236575436199453 0.306791870420497 0.379090037348003 0.409649536621573 0.457286082267063 0.548940630060804 0.668041824778158 0.798674840134481 0.997667122238465 1.00871165487762
-9999 -9999 -9999 -9999 -9999 -9999 -9999 -9999 -9999 -9999 -9999 -9999 -9999 0.923435021311108 0.612973767910035 0.274925793143884 0.11820427079914 0.275244489912846 0.347083073980744 0.353441015130788 0.29040595290515 0.212014049863072 0.14769820798496 0.186085709573874 0.235323728959738 0.335696869923365 0.513804652678786 0.67009601790129 0.867482711538482 1.03403780012967 1.02830454474314 0.750105892004634 0.345470776002003 -0.0912602398827647 -0.489023542658745 -0.758958552032262 -0.821153242118664 -0.896362646075077 -0.935900195328087 -0.934888472949874 -0.895367553740072 -0.867429138077557 -0.78396593286474 -0.631534931670492 -0.404683188987085 -0.203257987767877 -0.0527670138137638 0.0478599162924243 0.110371286796125 0.167884891129639 0.290433198694314 0.425132871081388 0.562061909923287 0.715187716191888 0.890351569866268 0.929526050626572
-9999 -9999 -9999 -9999 -9999 -9999 -9999 -9999 -9999 -9999 -9999 2.27206591436455 0.945617791643562 0.665241738260998 0.652581666202281 0.785697818927286 0.741801643192666 0.701022858324226 0.61330242630298 0.586331925232942 0.575525899870508 0.640730268984585 0.622381613635085 0.732147064888281 0.852137550379274 0.974094882616971 1.21773824149133 1.39882026270237 1.63992875984235 1.81669142738408 1.79515692912895 1.44640761224 0.955608552919797 0.422087764575244 -0.0201314358926098 -0.404280804955268 -0.601975046309231 -0.567288305223125 -0.772330632277567 -0.861976303870518 -0.891192508431869 -0.89318753059063 -0.8204554761719 -0.7101910832248 -0.589430406650107 -0.440790907537012 -0.276768818381092 -0.147013100434035 -0.0648353084401691 0.0950393350771051 0.162498184738055 0.352443920137776 0.528293649228625 0.715371390107116 0.830420639461091 0.87922044057024
-9999 -9999 -9999 -9999 -9999 -9999 -9999 -9999 -9999 -9999 2.70103104809172 1.87656870511292 0.816674025750176 0.716601679572689 1.02394540581753 1.41412515183116 1.46202359167993 1.19909287347802 0.996424625982089 0.923924450417025 0.93078553399951 0.996107611238195 1.12641681090093 1.26808500424032 1.4160120682323 1.59275329385122 1.82049775538383 2.03883019136197 2.04315217622801 1.96318234310761 1.8029049572793 1.51383424014205 1.15581273908864 0.808757670782659 0.300191765276828 -0.0963249202344657 -0.300691263388621 -0.392009125731534 -0.585442496718869 -0.649412003066418 -0.710630577487105 -0.735718992837814 -0.720936159433779 -0.645315496326638 -0.544136433825002 -0.396460580487668 -0.272090449150349 -0.157038466335406 0.00741853392047944 0.118450918092693 0.236589552734249 0.405524580608733 0.63005108720413 0.742221626574834 0.843100899353569 0.910992243654939
-9999 -9999 -9999 -9999 -9999 -9999 -9999 -9999 -9999 -9999 1.97846409862365 0.97805854377562 0.692420764639459 0.923333619670317 1.40681513421273 1.78887749707759 2.00499695315098 1.72533173935491 1.47225515609097 1.34677206100232 1.34351344914316 1.50191220480301 1.61895007699252 1.80189582004483 1.98920674004746 2.07386000739747 2.11722224464006 2.14571047175354 2.05615377901237 1.82936929630284 1.74414759502909 1.52814780701579 1.20536614607645 0.889316087518 0.627933153106371 0.164671767658505 -0.0698207691053207 -0.180617693578925 -0.30287316383719 -0.432609880776661 -0.46643001852099 -0.512811326203847 -0.513311961493493 -0.461529395200594 -0.375216011123008 -0.217691542935088 -0.10708534364229 0.0377373836920764 0.149761503685863 0.237491720003633 0.334359962948913 0.52349650267408 0.652291537099929 0.815179719877667 0.847014703733628 0.915530114571394
-9999 -9999 -9999 -9999 -9999 -9999 -9999 -9999 3.40551044835287 1.76602396356692 0.710712902136971 0.662917747406888 0.815162837508832 1.1752335469116 1.58396944720438 1.91378000239394 2.21503510952985 2.18266401673968 1.99480101345155 1.96850843338687 2.0296570878791 2.07096987858813 2.07170667808356 2.10555218636147 2.14823946479543 2.09930544647591 2.02543364899659 1.91208914029205 1.78898094003083 1.66929188759561 1.52720310495662 1.40575925309506 1.27540563702116 1.00595275659829 0.75440912907967 0.454078857406877 0.172682182856468 -0.00916600176475642 -0.106646019387852 -0.194673467321461 -0.23986637502489 -0.277893455224552 -0.26428368764156 -0.214358595971696 -0.139002607014238 -0.0446977285593025 0.0606056688316543 0.129286284794649 0.194083240671367 0.290785928398638 0.389560640807517 0.459005945155072 0.596733027553814 0.734520019555597 0.747227052851929 0.77934382713778
-9999 -9999 -9999 -9999 -9999 -9999 -9999 -9999 1.84828258291616 0.879468845255561 0.149557998656981 0.397394123302656 0.820608119328241 1.32765941923918 1.88367191858964 2.18196409019133 2.26748659294107 2.31010917528985 2.29838716091126 2.27334324131595 2.26349176507444 2.20589226624173 2.13385020449392 2.06191563847361 1.97136937591776 1.89748936608388 1.812119145442 1.72454930984931 1.62538002462611 1.48471530159081 1.37460134043491 1.30222747785652 1.22342873498994 1.1648645880496 0.908473198051511 0.691065749620552 0.453697880830965 0.246674650165417 0.0854202769245434 0.00047383349738616 -0.0622788909730786 -0.0856878373633998 -0.0885803755038314 -0.0331851591572983 0.0171483625643619 0.0778300254486498 0.190920263771039 0.273807155741743 0.287311471407745 0.298992755522895 0.303634282862423 0.377842004082388 0.528943654677846 0.639517148620454 0.620957666192782 0.637366214141652
-9999 -9999 -9999 -9999 -9999 -9999 -9999 1.92578339895502 0.899214962831698 0.296904339610194 0.00180354419267798 0.275143902097419 0.861086410974962 1.4848490599989 1.9214757104178 2.18628619894154 2.26322906931442 2.30216861237114 2.29303995673561 2.25708103488169 2.2312790403372 2.14709133105042 2.05621864607269 1.96954959444086 1.85855537306656 1.77961558007423 1.6807763853402 1.56953518492516 1.48157347755446 1.39756237031301 1.33436378076526 1.26958290492419 1.22195468972101 1.15244032669605 1.06504824344289 0.875288421620952 0.718132619097034 0.497404398804072 0.34105263522893 0.230711381251829 0.157808974609919 0.167666345425587 0.180544254903988 0.24329293820971 0.277522685152217 0.247917224114209 0.253486765006768 0.265856305038184 0.271546242416095 0.324551143854445 0.336980779734854 0.391449530729733 0.467074506903417 0.512626127871432 0.521990978410339 0.529114665299102
-9999 -9999 -9999 -9999 -9999 -9999 -9999 1.18779387549023 0.308014547118332 -0.0712314414028287 -0.222095111300687 0.27037008787199 0.963943216082806 1.55178685498894 1.91874153095665 2.13386874027931 2.21583955823658 2.2575305135226 2.24259841922676 2.14298246847077 2.09252643213774 2.03130638152605 1.96148073909754 1.85521630239071 1.72216112222256 1.62907601787818 1.53056891773546 1.4679594431786 1.40298724378678 1.32218452419503 1.28885752807271 1.25561433211752 1.22196898157046 1.16849208441485 1.10286724598061 1.0869833276274 0.910792501963213 0.770390772762759 0.661859733668771 0.563132864652259 0.502388636167068 0.444125270526827 0.415085689433494 0.377368447613598 0.301754379525355 0.269624409492363 0.267838281386876 0.288149338592415 0.295871547523642 0.31280804267912 0.355908066898522 0.384160303028748 0.465666725644316 0.504912553561492 0.512694084946793 0.534203843595085
-9999 -9999 -9999 -9999 -9999 -9999 1.8868629449764 0.660786661167336 -0.187374126239381 -0.316969411033636 -0.377865919701917 0.217173534204595 1.09073491681658 1.67221559233362 1.92185720532931 2.06536773430473 2.06394531747699 2.04040599938724 1.99562487350147 1.90168128547047 1.85380006779517 1.79657811996264 1.7112043771431 1.62514530991958 1.55057283738492 1.46860571137775 1.44140618312539 1.39733934540829 1.34676845770178 1.33343226976495 1.32064639158869 1.30030666806972 1.24713981490079 1.19939097330051 1.13167362521987 1.09043153927195 1.00770726561698 0.913100655765559 0.867079140792726 0.741863009487133 0.625786123565147 0.524501742820513 0.395973337018302 0.296948462919306 0.166907894232769 0.0528917211561645 0.0228783702877051 0.0122147204597181 0.0214469502305633 0.121633687286069 0.206385450550039 0.314113473201942 0.401126723263099 0.515254603702489 0.616180393200312 0.647340164644693
-9999 -9999 -9999 -9999 -9999 -9999 1.37132632185806 0.344728687898741 -0.308842950995402 -0.388411325544081 -0.311145691085499 0.293381056010513 1.11897737965317 1.58771134790022 1.74551749655627 1.79349976419529 1.80416056242743 1.79984049863748 1.74017752800095 1.61388355431204 1.52386329954444 1.44142790710174 1.36806550607895 1.28641628640102 1.20130743638504 1.15711045941243 1.13783364687297 1.16211253014716 1.1747614975621 1.1887575892411 1.23363355691144 1.25295156473942 1.24165887544742 1.21228689441664 1.15659297057974 1.09830607324574 0.989080039123585 0.880498491172686 0.76301649681494 0.596246173389809 0.467171505209881 0.314112947557283 0.198666353172644 0.0853004739955656 -0.0435837748343882 -0.119520654918213 -0.165457291424866 -0.154123186610542 -0.122336491050916 -0.0304182073519164 0.109050327312322 0.264013556434008 0.423810467701267 0.556608556818427 0.723704607651706 0.843383643049385
-9999 -9999 -9999 -9999 -9999 -9999 1.08910874539422 0.290375101014217 -0.305197153622082 -0.310242771926013 -0.19490958497357 0.326706902588047 1.08770026276204 1.53663507045261 1.59632263224782 1.6063930565488 1.58903713133827 1.57038439895638 1.50236772495462 1.38525254727093 1.29912472656094 1.22605069511398 1.13740036737376 1.06215065814383 1.01277707084031 0.969514142322993 0.996074767750061 1.02328872225657 1.06486930101215 1.09881676204695 1.12070098547369 1.15522834977187 1.15318239916964 1.13056731474073 1.07790481979122 1.01837109138394 0.938390565002636 0.828371307781059 0.741259660961963 0.580350959501357 0.428593726226859 0.292043106960042 0.128691334981112 0.0120640739236555 -0.0878263976702339 -0.151232693647742 -0.18116760029398 -0.176406150730094 -0.140606466472719 -0.032370946374554 0.0812150308195782 0.275593126744954 0.496378546274529 0.639489803486779 0.790785860193453 0.95370117311686
-9999 -9999 -9999 -9999 -9999 -9999 -9999 0.89549017271393 -0.014456915781193 -0.246018854472065 -0.0933862774420147 0.396385227844612 1.06410388829925 1.39111679955149 1.44173880789065 1.42290678102632 1.39314907046985 1.3766920737762 1.31748113565218 1.19964947579031 1.10547416549931 1.02010551695741 0.95040763933629 0.894385525775585 0.847451534906571 0.840896206977713 0.853340430179082 0.902190300576672 0.957779098940877 0.991712085099119 1.02700969497057 1.02997251921241 1.04115793403421 1.02949453260496 0.966673282549218 0.910165927280897 0.805084547750194 0.712315839397418 0.616867865976151 0.488175087507963 0.380991054266392 0.246299570018154 0.094353107626312 -0.0138822790324109 -0.103108016539882 -0.155081242152621 -0.175398906673158 -0.157758285211886 -0.104242925583651 -0.0195118742659212 0.106390618032539 0.258109993702622 0.460510339349704 0.633124541013227 0.778330502314315 0.924336994396718
-9999 -9999 -9999 -9999 -9999 -9999 -9999 -9999 -0.0191750623915295 -0.219152866334819 -0.170478152314231 0.386947762562276 1.01768220910017 1.33618246349704 1.36941165516555 1.32504013996586 1.28569381354662 1.26049347857701 1.20315933503401 1.10283436208857 1.00976212426421 0.939667624368516 0.857954324977714 0.809799825042212 0.782686913476475 0.774860081527611 0.804147784808271 0.842478499590993 0.894695727626257 0.949079485893301 0.968164279893771 0.967107455521029 0.948633844393784 0.933297907585297 0.885309403107713 0.827389923226157 0.769389217145425 0.678527976104434 0.581949052380692 0.456936952661813 0.327590307188086 0.229804029557651 0.105386706023445 -0.00465430884803826 -0.110809830566129 -0.213113022125152 -0.209846418550551 -0.217744979706825 -0.191244643222625 -0.112507569215194 -0.0242875884724841 0.130020146719293 0.309086687218496 0.486564117882902 0.677409862677258 0.796787094695542
-9999 -9999 -9999 -9999 -9999 -9999 0.804777384251007 0.448539373104637 -0.147335132670576 -0.185060427397429 0.0170742717444014 0.45977954112524 0.985974610483532 1.23469742721943 1.27332483468192 1.25255154758429 1.2085749960808 1.1739594299694 1.12065115388795 1.02428957900355 0.936491642003266 0.856817520749377 0.793552182898321 0.756449706140676 0.722006807609305 0.724093995378628 0.739366899859058 0.782246693798977 0.826166060926196 0.860899499556063 0.894372275461413 0.875742431451542 0.86035084939498 0.8308274449012 0.76944208633642 0.7178763607374 0.633228491416085 0.551807460264704 0.464345209646344 0.326798578467059 0.196251497502925 0.0557450100851125 -0.0707056871058759 -0.168430168451156 -0.244217592568719 -0.286721204788242 -0.305676428119453 -0.299360626921804 -0.271071709481736 -0.209029780055132 -0.120645079035654 -0.00511431835482992 0.141330720672437 0.280054671169315 0.431996275114607 0.585160606771079
-9999 -9999 -9999 -9999 -9999 0.700279216617516 0.423661028582177 0.109119741210375 -0.317781418523732 -0.123008073543171 0.0874849783479183 0.502297904216119 0.968310067652068 1.18280255443495 1.24409121543815 1.21350601099 1.1820240662438 1.12632082481795 1.07120108907107 0.990143314800208 0.909079441790605 0.835757899348964 0.752081106048019 0.713605804940361 0.694006722671885 0.687493973146683 0.709038648550708 0.738270353115771 0.767163761420317 0.792772086980186 0.814487217921113 0.809021894149196 0.792750232604603 0.758298317404924 0.699004852600223 0.631989374684483 0.542640911993616 0.424495638050761 0.318476236998382 0.188558578596677 0.0631982365660847 -0.0511408436529384 -0.183949505663668 -0.272138090734853 -0.342120491603732 -0.392236735847283 -0.38268394057163 -0.366774817322785 -0.340712344364214 -0.278793760641998 -0.230512110785269 -0.142624439351277 -0.0402121774629846 0.0462753891345073 0.178162689602168 0.279838832473517
-9999 -9999 -9999 -9999 -9999 -0.0415372811245235 0.306974379458444 0.113715048128938 -0.244241397437752 -0.0398753376899973 0.234203568716535 0.545631008815319 0.852092217286194 1.01816912310427 1.08492546135775 1.10767879275626 1.12277023329032 1.11562494944811 1.0724713092269 0.967291373821351 0.877341026431068 0.805056386977364 0.737007719319597 0.700851567766282 0.667964921559425 0.667121723794251 0.670880488702264 0.6873849193202 0.710122131842512 0.717838101889258 0.730226136045585 0.71665857393256 0.698317140927842 0.664909473035359 0.602295840243668 0.534720860873802 0.436604809035635 0.331629326640384 0.227244076600888 0.10947621496109 -0.00488989284311658 -0.120531289397933 -0.228005495263259 -0.310742283395518 -0.372830628174572 -0.414216698947715 -0.430288989455123 -0.422966890109841 -0.407071088093303 -0.383522103581178 -0.349860651172497 -0.309125483724385 -0.255439980724181 -0.196443741495127 -0.132973400100472 -0.0740853621551702
-9999 -9999 -9999 -9999 -9999 -9999 -0.14469925187104 0.24436269534215 -0.132246462831415 0.0190522475650799 0.273709379142923 0.416717718986794 0.670952690356526 0.826031841414319 0.926738859205523 0.983393300829477 1.01492087380117 1.04770180990666 1.01997225731599 0.937731127216317 0.857739133384137 0.787586648933589 0.718524098247786 0.674654118275115 0.640033045769649 0.625086705116897 0.632388372727158 0.636912055632364 0.646491901388426 0.653766000158711 0.654863867166663 0.644154955463784 0.616698001758216 0.579933240287964 0.523846791277254 0.454872626288346 0.368287095308936 0.262258269044419 0.167138114855229 0.0610121151156543 -0.0483213821514082 -0.140469022000895 -0.243321952388073 -0.321049295487208 -0.390868716893892 -0.45533784546388 -0.484650484995244 -0.505472139407109 -0.519104278740788 -0.515459333476543 -0.497819739978077 -0.493400281158423 -0.471125203452975 -0.453819578500137 -0.435095329877164 -0.420558841143923
-9999 -9999 -9999 -9999 -9999 -9999 0.292418384672541 0.489542873259732 0.278531603204062 -0.0104638956435529 0.0729394047128317 0.248678067803052 0.493013495075465 0.661010963344884 0.774978216256069 0.865213661330511 0.943768213695546 1.00752285859795 0.990715923141388 0.904347271890331 0.819570565635605 0.764251179117647 0.694328470406563 0.651377534834605 0.617374348685404 0.59724977910913 0.583259789763316 0.57248133906306 0.585984622374444 0.592562329170257 0.598905967683115 0.577193136458925 0.546691656235103 0.511088900449503 0.454578890846708 0.392665467920346 0.307394893496429 0.215804559281221 0.129224194605652 0.0391535939113873 -0.0587777918344279 -0.157473456596516 -0.254542048653557 -0.337937574966099 -0.406659642331438 -0.469600569646394 -0.51991122969315 -0.56573769972331 -0.599417759571109 -0.628678873993666 -0.651498611374391 -0.654823914498183 -0.657743196167417 -0.670688255284985 -0.701519455647872 -0.7399154672938
-9999 -9999 -9999 -9999 -9999 -9999 0.840066336290219 0.327767558002258 0.450236978150531 0.239286389942849 -0.237617237535673 -0.0827771683866829 0.221397613283451 0.480938913006615 0.620491516623248 0.771821325704628 0.885321191582286 0.998404578134013 0.972177116625383 0.871229832658267 0.77093530668714 0.690545751065284 0.647590461725299 0.613685292832732 0.57857927604167 0.559821849570554 0.535076504037473 0.50734186465676 0.508496935806512 0.5164327139477 0.529386534919854 0.503044744349245 0.473744457605194 0.435483680724865 0.379019142127463 0.321872214307412 0.242047907350977 0.156602330340037 0.0719123137119567 -0.0148123602006511 -0.0968375632401002 -0.183194079953101 -0.267553367394552 -0.344719450592378 -0.416000080083224 -0.479565202160524 -0.545314881582264 -0.610452783906982 -0.668831517605928 -0.73200639818244 -0.783452551975806 -0.805771269708817 -0.822812156261832 -0.87178571606352 -0.956276669715025 -1.0307460662003
-9999 -9999 -9999 -9999 -9999 -9999 -9999 -9999 0.303779893073876 0.213993012794016 -0.541009501324261 -0.398271375909649 -0.0448328820827472 0.231597958530635 0.455815702402608 0.638760070981755 0.84618112187204 1.03657177740821 1.03350962250577 0.871514799379056 0.704511238200421 0.626445865923084 0.589944133918675 0.554866607580512 0.54399215142757 0.519996258265847 0.489306377921553 0.448266598161719 0.44491927193633 0.454028044675529 0.449909097316857 0.42880770155896 0.388943210774906 0.352244167052995 0.307428595213233 0.251723118336118 0.182514815234645 0.104727333691453 0.030324120210006 -0.0422213503588098 -0.114740757818852 -0.191901121352288 -0.267429610458331 -0.33815943989548 -0.405093313525764 -0.472622621711823 -0.549382112179608 -0.628699375403596 -0.703537689658349 -0.782795131724716 -0.848194428502286 -0.902134014773871 -0.952678781954322 -1.02986108968025 -1.14506149681462 -1.26088635693268
-9999 -9999 -9999 -9999 -9999 -9999 -9999 -9999 0.596616739719484 0.185416681347481 -0.899698453833169 -0.778675585332913 -0.334570729883777 -0.00371257450120717 0.118895089093016 0.446433587265733 0.685477449069862 0.964986265814586 0.985140651072813 0.77902362185285 0.618218572808401 0.542738596899834 0.508395879869255 0.478397400950184 0.460696593509722 0.458161678775389 0.429926423013171 0.393601115216184 0.378743254026851 0.372828489782439 0.367303985758059 0.340060255242558 0.300459276648397 0.278372163901496 0.233863675615756 0.186103755542213 0.120726527942364 0.0546551694335179 -0.0102948864754239 -0.077282687790548 -0.137621564696692 -0.208121966199428 -0.273840893245722 -0.337563565966292 -0.404091310514033 -0.467951356299415 -0.558089492288694 -0.651713971796325 -0.747165885960659 -0.852637063002535 -0.9321332454255 -1.01931466065851 -1.0898837409228 -1.1918178401757 -1.33628696846579 -1.46029952225265
-9999 -9999 -9999 -9999 -9999 -9999 -9999 -9999 -9999 0.228943102201735 -0.704301190315252 -1.00798937239198 -0.765588425643228 -0.416201752468071 -0.19133269299069 0.0406966006930563 0.450983538898405 0.721704518682944 0.790924057551141 0.672090189802584 0.506995176482555 0.453084416682325 0.426076591070132 0.394264069533624 0.38755560809897 0.375023784391435 0.35983864173537 0.33112487605867 0.324843022205834 0.315732755838394 0.300057389880396 0.273694347811409 0.232863033741225 0.203966108363882 0.172251837110847 0.135902359014329 0.0778222089466221 0.00899361369856505 -0.0470761848376653 -0.101023616324442 -0.155656378646642 -0.220674367478248 -0.285788792719675 -0.343584224527093 -0.398347334588207 -0.463232935568163 -0.568123554542788 -0.685218399684655 -0.799275210635313 -0.917034632335281 -1.03196564149119 -1.13290330972068 -1.23981657907287 -1.3526346267656 -1.47523208133906 -1.60425527956079
-9999 -9999 -9999 -9999 -9999 -9999 -9999 -9999 -9999 -9999 -0.496605024776429 -1.04178015680528 -1.10384666722655 -0.830188841767924 -0.621798756468708 -0.382844112429891 0.0341247779730518 0.356540079586306 0.479395797593662 0.440931885571553 0.366745010342705 0.346053242993956 0.328729571515254 0.308315766235157 0.289317677441493 0.28111880784505 0.277427769163243 0.264480414922525 0.260837478722164 0.256846228012484 0.246672149112231 0.224467149839196 0.185870100449438 0.151488559659401 0.109015994481872 0.0644663766900143 0.0211664124605353 -0.0285371129138669 -0.0833290802946455 -0.140903229506621 -0.195987084860468 -0.253336055393506 -0.307068343326696 -0.360187506240467 -0.420669602870005 -0.487057666001102 -0.592221115076718 -0.717959362220001 -0.846296205986805 -0.989773174447039 -1.1214795685391 -1.23181540285817 -1.35772969429483 -1.47440740545953 -1.58751261843247 -1.7071076214937
-9999 -9999 -9999 -9999 -9999 -9999 -9999 -9999 -9999 -9999 -9999 -0.881452114663511 -1.49982691770457 -1.39869179448039 -1.14519642174092 -0.839339550866069 -0.396352553559594 -0.114541395346146 0.0534426647547034 0.179347367149999 0.249427136853518 0.267286561319347 0.23295749835009 0.2066927908459 0.203957150014553 0.196857897332376 0.2060708833226 0.203105054494615 0.209158690246766 0.20517257376032 0.198900262346709 0.185068635076119 0.147136591834791 0.11393458626259 0.0639135348074439 0.0110577598252867 -0.0301681998703901 -0.0800342415177462 -0.127539920934576 -0.176677126577455 -0.232172509738269 -0.285627972132152 -0.347445972022059 -0.399560981180129 -0.449610644263912 -0.516977770564093 -0.627271020590132 -0.756479602089237 -0.887464505842128 -1.03344063169813 -1.17233450472422 -1.28710023996747 -1.40705930478761 -1.51995501004071 -1.64285921982776 -1.75380900690789
