meets/meet004/analise_selecao_variaveis/pca/pc4_e.asc
NCOLS 154 
NROWS 168 
XLLCORNER -112 
YLLCORNER -55.5 
CELLSIZE 0.5 
NODATA_value -9999 
[rows 75 to 99 of 168, columns 56 to 111 of 154]
-9999 -9999 -9999 -9999 -9999 -9999 -9999 -9999 -9999 -9999 -9999 2.90107892835022 2.12010413444032 1.62986363301058 1.33246981609533 1.00257822996012 0.5333781396906 -0.0169879621961969 -0.51201360746114 -0.537346202160248 -0.550878517631152 -0.646374201866139 -0.777185166654947 -0.830248472908257 -0.785215227686524 -0.762071489520281 -0.749494960964882 -0.747205228873839 -0.742399108845779 -0.718974772796927 -0.722515177947496 -0.7263798888681 -0.745907322875969 -0.748858983697516 -0.728078842089292 -0.72254772691731 -0.693177350917301 -0.675783739803468 -0.641187039709876 -0.592629841450318 -0.319847849844456 -0.264519448948229 -0.236521098359064 -0.201303804731769 -0.161055468344491 -0.168343858271665 -0.200600791396173 -0.27015347160982 -0.332535543830601 -0.387146370190277 -0.435294150542769 -0.432572619220046 -0.418428148576322 -0.39230766019072 -0.674023800648609 -0.648390960503526
-9999 -9999 -9999 -9999 -9999 -9999 -9999 -9999 -9999 -9999 -9999 2.82126471666784 2.06163796232554 1.54753587202038 1.43575337362115 1.24475504903149 0.801481125458054 0.336867070196816 0.00468118788870084 -0.228216329277485 -0.478360799803675 -0.538536882286487 -0.652836907979559 -0.748704274916043 -0.732395418673491 -0.748082888416336 -0.74066689555401 -0.728318290999731 -0.725508663073176 -0.712005407607641 -0.720820718431713 -0.730523655214972 -0.732649931311148 -0.737973743159676 -0.725384096235661 -0.708701388249697 -0.700569599797704 -0.667594175160612 -0.634741559661979 -0.590042287037732 -0.291429072409585 -0.251967559400268 -0.199134734643404 -0.157552834986248 -0.14795384942906 -0.154552476485316 -0.194958737373601 -0.249648023828738 -0.298072336909956 -0.34628765360353 -0.381890903240484 -0.392779769873212 -0.380985209496827 -0.364806094712476 -0.647842429280909 -0.627888484818194
-9999 -9999 -9999 -9999 -9999 -9999 -9999 -9999 -9999 -9999 -9999 -9999 2.38799879001514 1.89247243871389 1.60793305370847 1.33145927768773 1.0347085623336 0.677470775850771 0.501279709713277 0.281803541111548 -0.15212741202311 -0.378709228365469 -0.554843317922204 -0.679076048593649 -0.667486727682294 -0.689043772528105 -0.683935422972765 -0.68007902829239 -0.687458978017801 -0.68666264751565 -0.701257550901411 -0.705191009307386 -0.71156731001508 -0.715501462991415 -0.701743749657844 -0.696292153203687 -0.68875729062276 -0.676239278363408 -0.646709578642026 -0.597764307351982 -0.543128243890108 -0.489888155698264 -0.448299701391105 -0.412366211680998 -0.140821430465745 -0.142613908838606 -0.165143676547089 -0.209713946955963 -0.249485135159785 -0.277973223146094 -0.312214998014499 -0.324115326739391 -0.332620577587014 -0.331200420260698 -0.312096769601123 -0.610105490622816
-9999 -9999 -9999 -9999 -9999 -9999 -9999 -9999 -9999 -9999 -9999 -9999 2.94664027070764 2.39137627487427 1.74565874074854 1.26302800745585 1.24085764208839 1.18045567093509 1.01438099250999 0.878509546262009 0.34815860175509 -0.0732278380948863 -0.46649121471765 -0.693256482157127 -0.570832106521416 -0.676215642721854 -0.62759479062924 -0.618919829075039 -0.636013772149479 -0.647311687911199 -0.678912097690912 -0.687755061357343 -0.690304657960322 -0.699666446208112 -0.689799477489427 -0.692645266045961 -0.705184085884772 -0.708150437450974 -0.692106932743474 -0.643417157689262 -0.592228094798712 -0.537563861115836 -0.485715541535987 -0.448663796135859 -0.426352264102207 -0.18837037609251 -0.185724693314784 -0.204289171011669 -0.224832912747924 -0.241905082682935 -0.259977276902479 -0.289286018090203 -0.310023609415835 -0.313833833778677 -0.327153999526142 -0.351104164634693
-9999 -9999 -9999 -9999 -9999 -9999 -9999 -9999 -9999 -9999 -9999 -9999 -9999 2.80719451849223 1.99804611234429 1.49994407304269 1.48940032703854 1.71614089671205 1.62057480381263 1.35538492665766 0.809923456599887 0.359015753137718 -0.386088100433102 -0.754102097421999 -0.815526115713151 -0.753951821591849 -0.635638380122606 -0.616985974254809 -0.600325455503894 -0.578182352079087 -0.612936380224086 -0.621339939572105 -0.638247529328607 -0.658967891775754 -0.663256091189565 -0.682236165203604 -0.690436608182694 -0.706089738148374 -0.702613545371815 -0.668370181142936 -0.634943923082632 -0.574496706343802 -0.520872826459819 -0.469726110103022 -0.420946721828908 -0.407182032547896 -0.166339428782823 -0.192179139186195 -0.209195306331436 -0.213308147386027 -0.230914176814146 -0.242599081701011 -0.285944575689859 -0.326770718639688 -0.345150341121833 -0.368142868222332
-9999 -9999 -9999 -9999 -9999 -9999 -9999 -9999 -9999 -9999 -9999 -9999 -9999 3.08566106474011 2.27146614944425 1.57234121871457 1.74773199167741 2.22335148119395 2.15159343180401 1.72402351419124 1.24933841587962 0.582560805590827 -0.137684748284918 -0.619241215596822 -1.04004315062341 -0.953968202078464 -0.844669298030447 -0.763708948043547 -0.760945287208491 -0.568895014743401 -0.583097552069521 -0.619259082697141 -0.565798637266931 -0.597339574339149 -0.616229868888103 -0.657453286335705 -0.653666876885337 -0.668811981101697 -0.679825307788592 -0.672937728326966 -0.676173861297117 -0.614565078494221 -0.546217196207937 -0.490696968963253 -0.423194910212061 -0.362150759009097 -0.393485627503661 -0.191780183196195 -0.206665233611062 -0.222024066849107 -0.23613817760077 -0.278101555382509 -0.312108470762093 -0.337660586698647 -0.349082141475032 -0.379904578240094
-9999 -9999 -9999 -9999 -9999 -9999 -9999 -9999 -9999 -9999 -9999 -9999 -9999 -9999 2.77649936097116 2.06079431647805 1.98792511666044 2.21334407748425 2.10844542044319 1.77428279165914 1.32804113605893 0.771015701800578 -0.0258961630951912 -0.307463112172701 -0.545406995954742 -0.860672946232688 -1.18030010434652 -1.18684976501054 -1.12857457655516 -0.859968736164315 -0.742816704269886 -0.521499800465585 -0.537872499519979 -0.541731851860993 -0.515042522804078 -0.539742594278873 -0.538804413091452 -0.549414887566811 -0.570197598972917 -0.588940211062323 -0.611008699823148 -0.584840641430486 -0.545849200047443 -0.495594907732256 -0.421896348350522 -0.381540449054965 -0.379691582361681 -0.203138724644523 -0.233660507618186 -0.248361222660691 -0.279539865964286 -0.292743377297552 -0.317579162485314 -0.32272605781806 -0.288705573747156 -0.292910430632536
-9999 -9999 -9999 -9999 -9999 -9999 -9999 -9999 -9999 -9999 -9999 -9999 -9999 -9999 2.99505137668913 2.49895228303599 2.1906849979972 2.06655062083025 1.99162109684368 1.85154988189286 1.55412231977819 1.21140985658632 0.470931035015372 -0.0589840962276727 -0.389331026510718 -0.699371856914797 -0.6667193484232 -1.1967948648934 -1.32069468457816 -0.918463311207755 -0.830148579892798 -0.725382082810292 -0.547108765066811 -0.456783916560937 -0.389615755402601 -0.410403537678874 -0.406381399898199 -0.395103866114594 -0.414963086161817 -0.450165478878128 -0.523185879855055 -0.515437628271877 -0.530100404021685 -0.519963447024903 -0.454367088982399 -0.412814592698787 -0.410383363059609 -0.233052178135388 -0.248637877588029 -0.248813554956616 -0.296433265760908 -0.274563892847219 -0.291662872173942 -0.284154695148219 -0.216364383083509 -0.169828285674571
-9999 -9999 -9999 -9999 -9999 -9999 -9999 -9999 -9999 -9999 -9999 -9999 -9999 -9999 -9999 2.94661015492646 2.40472544012288 1.96791032568445 1.8583196865717 1.97704060429619 2.16092588300783 1.779448726643 1.41041832548933 1.00913078931296 0.510618222413063 0.142488369202888 -0.253395827153793 -0.492281524094138 -0.400366798979476 -0.489146370090587 -0.456559729401804 -0.656214753407334 -0.524440866613116 -0.523193683100412 -0.375066446934494 -0.294308357531057 -0.277429736456027 -0.272075590777616 -0.273220438132033 -0.258238900528429 -0.277314702210982 -0.376343790097955 -0.498247352248757 -0.540066783501808 -0.490833608585129 -0.440695931714051 -0.422551628597493 -0.216558172851252 -0.202085942792471 -0.168933291259283 -0.160061903876481 -0.164015529369139 -0.186385677821838 -0.18157293809186 -0.14511537772048 -0.125417385894231
-9999 -9999 -9999 -9999 -9999 -9999 -9999 -9999 -9999 -9999 -9999 -9999 -9999 -9999 -9999 3.38989110721502 2.79130373633534 1.98027817831653 1.79489213270915 2.09455126034847 2.60240135189069 2.04858531388468 1.92621174773937 1.59893516433343 1.06156011800939 0.825195640422238 0.385404538293279 0.0642502838211041 -0.231068158995456 -0.365109743631784 -0.466512525122901 -0.452265777536122 -0.488854553240171 -0.636659011130383 -0.462806335852528 -0.228859595933655 -0.24099630840074 -0.202898711413529 -0.151772836354068 0.0882520401782863 0.125158409019708 -0.0766355323191784 -0.471264144324606 -0.556366876460473 -0.510227923189762 -0.25375365588885 -0.210828842200429 -0.181202904530267 -0.130349285464981 -0.0579124204624835 -0.00815801968905205 -0.0127358662784263 -0.04358013018114 -0.0474318991580007 -0.0306431832432853 -0.0405169912710739
-9999 -9999 -9999 -9999 -9999 -9999 -9999 -9999 -9999 -9999 -9999 -9999 -9999 -9999 -9999 3.43305410486725 3.20250467792449 2.44277670921722 2.29301000980321 1.86376074648028 1.79648513403713 1.79380501900451 1.74249506165317 1.55353451907092 1.18666135902734 1.00146973182167 0.878756950867464 0.69404153544901 0.426184843669255 0.175084156934663 -0.101997719384383 -0.483268587407805 -0.549290602448306 -0.704081040834015 -0.504134920154195 -0.277144906693118 -0.124255101151494 -0.041777154752756 0.0148338743117615 0.122587852039865 0.14265347826598 -0.0453887018019971 -0.275828696492357 -0.371242266772655 -0.341537482262964 -0.269494765720372 -0.204756879238903 -0.139081531843742 -0.0667484972578983 0.0156490006867288 0.0856390811595353 0.0925355653353355 0.0978581812036148 0.096355056645044 0.0855643115182849 0.118442119584341
-9999 -9999 -9999 -9999 -9999 -9999 -9999 -9999 -9999 -9999 -9999 -9999 -9999 -9999 -9999 -9999 3.48859715897326 3.00908353670483 2.4149890746296 1.86092285142751 1.37396169966797 1.57924189905355 1.52481252262269 1.47321375115963 1.27300121437168 1.09987499578244 1.11751803208619 1.24791553129667 1.02165823648791 0.623995790302111 0.206992246790483 -0.274127534867268 -0.535218283091668 -0.83723921197769 -0.686909313492842 -0.454299837018501 -0.379074642655555 -0.199676836701802 -0.0793894400035241 0.0243200695452329 0.0878896782055803 -0.103726166167066 -0.302065103506612 -0.364474199946117 -0.31851742453957 -0.257268258948463 -0.17102094396271 -0.0915635190339675 -0.0153386136415611 0.0708096063192898 0.135658992492295 0.124296568044563 0.139272613505489 0.141774302166357 0.134428588099784 0.190383798341041
-9999 -9999 -9999 -9999 -9999 -9999 -9999 -9999 -9999 -9999 -9999 -9999 -9999 -9999 -9999 -9999 -9999 3.32188432672098 3.15808464195684 2.40589644057478 1.7705063972543 1.75642283508716 1.76605656891732 1.73557759409167 1.67250310681428 1.61168505544931 1.62596094779768 1.6815095718381 1.47323820723278 1.10575557265178 0.554215849691098 0.095368179403333 -0.421973198284621 -0.750495385640776 -0.689318171718852 -0.642386121808861 -0.485335385349866 -0.333652460175034 -0.297404402421069 -0.173342344644269 -0.197507434134458 -0.213773244268958 -0.281714101332695 -0.299845730381759 -0.247082283705736 -0.17862195556001 -0.106160630787703 -0.0278585451288527 0.0293935681564979 0.0723660265365669 0.0960936308143492 0.0721091017551314 0.0316922004390318 0.0311939366820163 0.0699491580458621 0.125772475595751
-9999 -9999 -9999 -9999 -9999 -9999 -9999 -9999 -9999 -9999 -9999 -9999 -9999 -9999 -9999 -9999 -9999 -9999 -9999 3.19480382507362 2.59774097096377 2.53794871679203 2.37300012280315 2.33106834239826 2.26223621779236 2.05630487182397 2.11357562878337 2.06533007597006 1.82612206008968 1.47060891175027 0.982431770508204 0.446248224231871 -0.0800098614090215 -0.532316933709429 -0.700386256499138 -0.680681971412259 -0.689501065001446 -0.562209308799615 -0.46995344808691 -0.353448753540137 -0.296298280687577 -0.250658497738907 -0.236653763787543 -0.207667729595313 -0.150433296827531 -0.108506847249175 -0.0570276500951308 0.0011464741220409 0.0364002027311385 0.0507487564608626 0.0451386644296095 -3.5984308823761e-05 -0.069752688642669 -0.0739564397583522 -0.0212203911810261 0.0455720612414303
-9999 -9999 -9999 -9999 -9999 -9999 -9999 -9999 -9999 -9999 -9999 -9999 -9999 -9999 -9999 -9999 -9999 -9999 -9999 -9999 -9999 3.39053546755704 3.15804024880138 2.8831599118332 2.56371705013397 2.35221017783239 2.26282555472364 2.1451410721069 1.919066053883 1.56288799144827 1.26724509608791 0.837508160804476 0.332479894186106 -0.0237535179916974 -0.274998343491934 -0.626278912955535 -0.509874673735313 -0.56072845468407 -0.628696947999946 -0.376203041067163 -0.234158315109389 -0.201386897982805 -0.111831404114095 -0.0960247497416773 -0.0633692475426747 -0.0447820092436032 -0.019087235118417 -0.00105141561742089 0.00373515152431195 0.0257103419752141 -0.00262934222238304 -0.0557304683568723 -0.114272977517262 -0.125613912201398 -0.0875839923902799 -0.0296255046552905
-9999 -9999 -9999 -9999 -9999 -9999 -9999 -9999 -9999 -9999 -9999 -9999 -9999 -9999 -9999 -9999 -9999 -9999 -9999 -9999 -9999 -9999 -9999 3.44539388935688 3.0230345383587 2.66754421588585 2.46637035846893 2.15758152263493 2.00308844155921 1.78746170256707 1.64427236745425 1.27342737999063 0.968190183618599 0.605608680464359 0.320085214138272 -0.0425807139697707 -0.258244982207548 -0.395770592390375 -0.365883327166393 -0.292908974594828 -0.125484321222125 -0.090226062658 0.00256454252160494 0.0183975257039142 0.0129231344251416 0.0253669896362296 0.0330248613058259 0.0327084579924797 0.0259649386593143 0.0191268937766518 -0.0210504177974645 -0.0762443065429426 -0.139966443342764 -0.158457089060548 -0.129179418817698 -0.09167673591814
-9999 -9999 -9999 -9999 -9999 -9999 -9999 -9999 -9999 -9999 -9999 -9999 -9999 -9999 -9999 -9999 -9999 -9999 -9999 -9999 -9999 -9999 -9999 -9999 -9999 3.02023255859806 2.68865312965632 2.30394404651849 2.02412886902948 1.98040519269064 1.95202444761621 1.65880701002104 1.58651878253485 1.43178192486011 1.03071927181391 0.779599856669853 0.384819446362394 0.109598685544553 -0.122265976912161 -0.211379054548469 -0.0489737258871902 -0.0610613811097657 0.103846721253512 0.080074203688954 0.0832616426076872 0.0942573290626876 0.0876257940975312 0.107857314553914 0.0770837676011768 0.0303169309966703 -0.0158323075632854 -0.0944373976561328 -0.158433719878302 -0.177885636171683 -0.151760204382575 -0.129281637582319
-9999 -9999 -9999 -9999 -9999 -9999 -9999 -9999 -9999 -9999 -9999 -9999 -9999 -9999 -9999 -9999 -9999 -9999 -9999 -9999 -9999 -9999 -9999 -9999 -9999 3.67086063778742 3.15977710872803 2.64395820955254 2.33269783121055 2.20465544805535 2.00362196619776 1.84814825670887 1.88500347134732 1.72920692013489 1.42414475288806 1.17732870597111 0.876630209212654 0.502658597163635 0.227658207385458 0.0175288962380002 -0.0874069734957011 -0.176065768120799 -0.0408516983158853 0.0478136283106319 0.0717722316757826 0.114489281800883 0.110806755661585 0.118760873712227 0.0727479875125903 -0.000711329520435053 -0.0653123118039201 -0.133703331661865 -0.173733146310425 -0.183490557943378 -0.156383014124617 -0.144165080684406
-9999 -9999 -9999 -9999 -9999 -9999 -9999 -9999 -9999 -9999 -9999 -9999 -9999 -9999 -9999 -9999 -9999 -9999 -9999 -9999 -9999 -9999 -9999 -9999 -9999 -9999 -9999 3.19267776311665 2.69140720086268 2.16967861114131 1.78168807316627 1.82133430535161 1.81592621858981 1.80546855377161 1.64599601693472 1.44881672580413 1.15489978893926 0.843807774148687 0.540004961021692 0.263098190009879 -0.107737558915737 -0.221195152640563 -0.170616647628176 -0.218588788758404 -0.110656148644342 -0.0379398475867118 -0.0496420253698274 0.0788095365357832 0.0201444336601349 -0.0704959697573623 -0.163775753488416 -0.178978249648255 -0.185163719995002 -0.176943006755944 -0.147441553791386 -0.140236890533956
-9999 -9999 -9999 -9999 -9999 -9999 -9999 -9999 -9999 -9999 -9999 -9999 -9999 -9999 -9999 -9999 -9999 -9999 -9999 -9999 -9999 -9999 -9999 -9999 -9999 -9999 -9999 3.3871816006503 2.86431737581855 2.40019125916961 2.02035434631778 2.06106690067221 2.08930310594215 2.06584805135667 1.91893628720023 1.61061119753123 1.37416467635778 1.08047191048772 0.722748485912697 0.365250708161555 -0.0166463381410408 -0.221144369242897 -0.272404686524516 -0.340679315723533 -0.254469258559211 -0.147200585512964 -0.14920995286952 -0.169920922548141 -0.218478340104555 -0.151485589627982 -0.206104230846816 -0.202769639689952 -0.172782854476378 -0.148876157941734 -0.133415421896664 -0.12192312426021
-9999 -9999 -9999 -9999 -9999 -9999 -9999 -9999 -9999 -9999 -9999 -9999 -9999 -9999 -9999 -9999 -9999 -9999 -9999 -9999 -9999 -9999 -9999 -9999 -9999 -9999 -9999 -9999 2.77903008477109 2.49715032190779 2.32507483432104 2.30316028818351 2.44666156832561 2.39453211068565 2.17347974767225 1.8658452585508 1.55771500257029 1.25193576095003 0.924657310947283 0.452972524652126 0.0359125458493321 -0.243257829670808 -0.341924617622901 -0.449920115332617 -0.366068274460093 -0.266878915427843 -0.29418372885604 -0.331045901892745 -0.354215803960733 -0.375878779812301 -0.401780445256793 -0.213869507994289 -0.149212307517913 -0.11429816797016 -0.11166814716946 -0.107879721401886
-9999 -9999 -9999 -9999 -9999 -9999 -9999 -9999 -9999 -9999 -9999 -9999 -9999 -9999 -9999 -9999 -9999 -9999 -9999 -9999 -9999 -9999 -9999 -9999 -9999 -9999 -9999 -9999 2.87763654396929 2.81835356637932 2.50043638027737 2.55720875920405 2.68963854825124 2.71109314055063 2.48966022980333 2.03137586970929 1.70640854393504 1.39553694215647 0.960854741917948 0.454150888404645 -0.0370731397908256 -0.325388779204647 -0.484528477670072 -0.59986581086925 -0.557545173901284 -0.487962856697751 -0.475499026923139 -0.439173431270133 -0.431029244256861 -0.435282419821613 -0.441352745899584 -0.393433888907055 -0.167082733383663 -0.127749907063947 -0.102705915707113 -0.0898137127924208
-9999 -9999 -9999 -9999 -9999 -9999 -9999 -9999 -9999 -9999 -9999 -9999 -9999 -9999 -9999 -9999 -9999 -9999 -9999 -9999 -9999 -9999 -9999 -9999 -9999 -9999 -9999 -9999 2.89921355360754 2.66978937493819 2.77355277534076 2.6573638613105 2.8404882273508 2.85122311232611 2.55245125285053 2.07141539136913 1.76636131620913 1.37795879799775 0.919937822567961 0.429640526891295 -0.165596188394913 -0.489528056192028 -0.627262036995853 -0.775188750455688 -0.801218899895481 -0.786834434040553 -0.651371893803185 -0.533287917945373 -0.480928200985701 -0.477480467730134 -0.495918247384962 -0.427110551284195 -0.371206854973862 -0.321607072819034 -0.108200479201226 -0.0870406830477322
-9999 -9999 -9999 -9999 -9999 -9999 -9999 -9999 -9999 -9999 -9999 -9999 -9999 -9999 -9999 -9999 -9999 -9999 -9999 -9999 -9999 -9999 -9999 -9999 -9999 -9999 -9999 -9999 3.03131207750044 2.81831286270693 2.70268931130776 2.70189221757239 2.82877298197522 2.85642717926998 2.65056131472264 2.17431226391166 1.77475813679148 1.35934805811299 0.811031418072167 0.261616829859031 -0.290603986410356 -0.611660717814296 -0.797070288174915 -0.966117699317972 -1.01989261934333 -0.967453166199763 -0.843812769512232 -0.665861177660337 -0.586546151923538 -0.530012211772312 -0.492820558959981 -0.451473365872464 -0.412607487285143 -0.363729411229009 -0.322990481044439 -0.306502362199531
-9999 -9999 -9999 -9999 -9999 -9999 -9999 -9999 -9999 -9999 -9999 -9999 -9999 -9999 -9999 -9999 -9999 -9999 -9999 -9999 -9999 -9999 -9999 -9999 -9999 -9999 -9999 -9999 3.16031669092082 3.00371664491526 2.76676576373664 2.74658898997011 2.79750225202922 2.80379955622899 2.62748873962932 2.26158027574732 1.7829841475908 1.21880650191224 0.651581754273318 0.0935160230813655 -0.481852059143989 -0.777327326416814 -0.942685493832563 -1.12503188357382 -1.1703613440246 -1.17388373386118 -1.01202612010912 -0.826768646380328 -0.680244820023114 -0.600800942391909 -0.527296808383776 -0.500138890979513 -0.462215204917536 -0.411243357532668 -0.370860340795631 -0.347015440001684
