meets/meet004/analise_selecao_variaveis/pca/pc4_e.asc
NCOLS 154 
NROWS 168 
XLLCORNER -112 
YLLCORNER -55.5 
CELLSIZE 0.5 
NODATA_value -9999 
[rows 100 to 124 of 168, columns 56 to 111 of 154]
-9999 -9999 -9999 -9999 -9999 -9999 -9999 -9999 -9999 -9999 -9999 -9999 -9999 -9999 -9999 -9999 -9999 -9999 -9999 -9999 -9999 -9999 -9999 -9999 -9999 -9999 -9999 -9999 3.23073951927882 3.0825910768197 2.9218309148608 2.73002151514181 2.65847563205148 2.64863409319201 2.53736752789511 2.19155594519111 1.7211952812836 1.10643382845892 0.515422971308204 -0.0735710419653691 -0.594701905598913 -0.904590331253964 -1.07082882563537 -1.24088327828364 -1.29319069073427 -1.2357746419838 -1.103091920125 -0.911255699998032 -0.756460652582443 -0.664355958791117 -0.633119228952085 -0.577347379258826 -0.527150801642714 -0.473823931244811 -0.428628777034604 -0.40543108260292
-9999 -9999 -9999 -9999 -9999 -9999 -9999 -9999 -9999 -9999 -9999 -9999 -9999 -9999 -9999 -9999 -9999 -9999 -9999 -9999 -9999 -9999 -9999 -9999 -9999 -9999 -9999 -9999 3.29321795871897 3.13746150044298 2.97292938523823 2.70303933992159 2.51689006110753 2.47411250831497 2.41366725496123 2.17320991434317 1.64258114040437 0.97066380324605 0.376352673991651 -0.210900618202891 -0.740354208544578 -1.01966110650321 -1.15715195576815 -1.32342243182274 -1.35583522791263 -1.31961391283315 -1.17286819052485 -0.978417069151717 -0.844178664433656 -0.794353754314763 -0.739010451839844 -0.682336064994802 -0.622577511910471 -0.57158249540722 -0.524764723717641 -0.487829518885916
-9999 -9999 -9999 -9999 -9999 -9999 -9999 -9999 -9999 -9999 -9999 -9999 -9999 -9999 -9999 -9999 -9999 -9999 -9999 -9999 -9999 -9999 -9999 -9999 -9999 -9999 -9999 3.16324199154361 3.34264346276734 3.12199079435634 2.88436681318951 2.58681265909364 2.40402238843308 2.36130400750609 2.34474194132626 2.05501917779162 1.56584742258619 0.929734113386421 0.255967100981031 -0.344957229098676 -0.807433998411157 -1.08400158005247 -1.21048199599731 -1.36033465873527 -1.408645301959 -1.35625742360479 -1.23818884459116 -1.07539703259013 -0.956576838169807 -0.910973058040866 -0.868786235434483 -0.792932680215998 -0.735292353959798 -0.686994006468782 -0.630907841786861 -0.59291632195515
-9999 -9999 -9999 -9999 -9999 -9999 -9999 -9999 -9999 -9999 -9999 -9999 -9999 -9999 -9999 -9999 -9999 -9999 -9999 -9999 -9999 -9999 -9999 -9999 -9999 -9999 -9999 3.17076801701537 3.33710201054845 3.05723096900883 2.78280422597047 2.53864668775573 2.32506880704268 2.26230088585692 2.27710558814307 1.99547634765794 1.44610466829611 0.790008391209024 0.073431849656198 -0.452930761398782 -0.884277149274887 -1.1231140829942 -1.23472898609912 -1.393390600982 -1.44023925328547 -1.41792185404548 -1.32081027157109 -1.1830966989318 -1.0849298522603 -1.05859766935635 -1.01926691876323 -0.973218270414167 -0.927241579011544 -0.842194681114687 -0.785569787555693 -0.727933399434375
-9999 -9999 -9999 -9999 -9999 -9999 -9999 -9999 -9999 -9999 -9999 -9999 -9999 -9999 -9999 -9999 -9999 -9999 -9999 -9999 -9999 -9999 -9999 -9999 -9999 -9999 -9999 3.12686718839807 3.23969793682546 2.94476577553843 2.67075509300686 2.40711078883104 2.27916609416355 2.20684764544153 2.21769120980833 1.9012473731635 1.27679914301746 0.500333918226503 -0.215484771204557 -0.606187700253077 -0.885825171045837 -1.12260721500622 -1.26910803080758 -1.40452996024397 -1.47286886540028 -1.46097286242064 -1.38856989914501 -1.29863390209232 -1.21929385535501 -1.17647666979466 -1.16864113385121 -1.12786731861485 -1.10917585723702 -1.03456594311722 -0.931602576584213 -0.853186570834454
-9999 -9999 -9999 -9999 -9999 -9999 -9999 -9999 -9999 -9999 -9999 -9999 -9999 -9999 -9999 -9999 -9999 -9999 -9999 -9999 -9999 -9999 -9999 -9999 -9999 -9999 -9999 3.07841394224478 3.16592293332264 2.85800077841194 2.57160308329542 2.36793690036296 2.25820626637375 2.15117378605935 2.13022137265445 1.79498822852675 1.08745128004102 0.204045886423404 -0.463626008599103 -0.728876725509394 -0.929331203264811 -1.14209537661272 -1.27207438926095 -1.42010656634353 -1.47493598373736 -1.47799437547092 -1.42344775848543 -1.36809745430508 -1.31000470988089 -1.28548177514297 -1.28249459356207 -1.25365593318013 -1.2474929116934 -1.19377609537513 -1.11652668300251 -1.04047146779942
-9999 -9999 -9999 -9999 -9999 -9999 -9999 -9999 -9999 -9999 -9999 -9999 -9999 -9999 -9999 -9999 -9999 -9999 -9999 -9999 -9999 -9999 -9999 -9999 -9999 -9999 -9999 3.05614170496287 3.03463487080255 2.74765559512238 2.48870218901712 2.26324126439832 2.20526270796576 2.13319593463508 2.04051368330759 1.63503814851202 0.891610850788757 -0.0242261570233296 -0.661332355451983 -0.885638388942096 -1.00207615351433 -1.16570626101108 -1.28899276313989 -1.40183083148998 -1.44449584166391 -1.42918226961716 -1.42839502773966 -1.40842609955906 -1.36627677310581 -1.34845279379207 -1.31499357454009 -1.33345919446206 -1.36844704936672 -1.32289461385655 -1.26273289205473 -1.17096688417071
-9999 -9999 -9999 -9999 -9999 -9999 -9999 -9999 -9999 -9999 -9999 -9999 -9999 -9999 -9999 -9999 -9999 -9999 -9999 -9999 -9999 -9999 -9999 -9999 -9999 -9999 -9999 3.03715935501414 2.95786444575478 2.6165481946741 2.40518500183296 2.14337000030193 2.17186491879663 2.09576500786221 1.93920740665741 1.49825272617436 0.742389180926522 -0.242809001922042 -0.833979559862913 -1.01259540229068 -1.08637793960008 -1.21696590996698 -1.30841909430186 -1.42965771351808 -1.46657821589313 -1.46049127414604 -1.48099550967443 -1.46448050556716 -1.44246574511171 -1.43638662557443 -1.42263292776853 -1.45943747122184 -1.4793175768768 -1.45379683148043 -1.41266864931169 -1.33897840453598
-9999 -9999 -9999 -9999 -9999 -9999 -9999 -9999 -9999 -9999 -9999 -9999 -9999 -9999 -9999 -9999 -9999 -9999 -9999 -9999 -9999 -9999 -9999 -9999 -9999 -9999 -9999 2.99761147663095 2.76674558433018 2.450257533632 2.27769417952613 2.08327198442964 2.13451402802869 2.07438072755147 1.84631158013939 1.37063060986437 0.616923945302055 -0.428959935099093 -0.994476682026514 -1.14460202483894 -1.1794648752934 -1.30251383732027 -1.37934514543098 -1.47389995455513 -1.53314862806669 -1.5503925186144 -1.54990088639976 -1.56709244939397 -1.5477991923015 -1.55153660681962 -1.55918741930824 -1.57157127433906 -1.62109025710456 -1.58968464682733 -1.54786965809557 -1.48872205496102
-9999 -9999 -9999 -9999 -9999 -9999 -9999 -9999 -9999 -9999 -9999 -9999 -9999 -9999 -9999 -9999 -9999 -9999 -9999 -9999 -9999 -9999 -9999 -9999 -9999 -9999 -9999 2.97477208384785 2.65066608780374 2.2753058248317 2.092640604552 1.91331452343346 2.04243728897706 1.9825515829025 1.73100563405538 1.27616737769987 0.476788176934644 -0.521730249070024 -1.06403636200104 -1.24075421060706 -1.29891171052051 -1.40038409978139 -1.45725025885056 -1.54942165215183 -1.61092657792329 -1.63985634275109 -1.66425427492196 -1.67875878656583 -1.66988400501548 -1.68461648331411 -1.70146325215825 -1.73254348934417 -1.76643955740958 -1.73870244307786 -1.71138036311767 -1.65886400399115
-9999 -9999 -9999 -9999 -9999 -9999 -9999 -9999 -9999 -9999 -9999 -9999 -9999 -9999 -9999 -9999 -9999 -9999 -9999 -9999 -9999 -9999 -9999 -9999 -9999 -9999 3.34104795391387 2.86992200011192 2.42798929255913 1.96831195015519 1.82967653394782 1.78348291563892 1.95012980604217 1.86014412371957 1.59896088095833 1.16838324951068 0.2923132524668 -0.618253777069965 -1.12216822760187 -1.33138273431159 -1.4219614643545 -1.51199382056121 -1.55505347844504 -1.6222257451464 -1.69429099475356 -1.72372898452884 -1.74554982991849 -1.78630506922197 -1.78019034641877 -1.80501353932177 -1.82775025693361 -1.83220435923713 -1.89203572294237 -1.86771856492735 -1.85018618427897 -1.82055225571643
-9999 -9999 -9999 -9999 -9999 -9999 -9999 -9999 -9999 -9999 -9999 -9999 -9999 -9999 -9999 -9999 -9999 -9999 -9999 -9999 -9999 -9999 -9999 -9999 -9999 -9999 3.1042343012189 2.47612343849667 1.96793919651556 1.51829506415465 1.386162981246 1.47064362518915 1.78372158229167 1.66460657060027 1.35507742101866 0.835817984739039 0.0425348049242898 -0.741065545176726 -1.19807162791024 -1.40676305611263 -1.50913030485948 -1.61655320366587 -1.66649051837738 -1.73458797253726 -1.80158662289657 -1.84725913795631 -1.87286098408194 -1.88843928204523 -1.88068060450378 -1.90550639926665 -1.93389368455597 -1.96197522580258 -1.9947294652536 -1.9754082023235 -1.97724260261979 -1.96145525754637
-9999 -9999 -9999 -9999 -9999 -9999 -9999 -9999 -9999 -9999 -9999 -9999 -9999 -9999 -9999 -9999 -9999 -9999 -9999 -9999 -9999 -9999 -9999 -9999 -9999 -9999 2.71187386185359 1.94224869723324 1.46439397639013 1.08621915053831 0.807262545576683 1.26389025563243 1.67791523018232 1.47311711981298 1.0609177121235 0.407700404545503 -0.269631569355628 -0.931565949510576 -1.31904688839379 -1.48495257362404 -1.59807019748995 -1.6883775598272 -1.75909911341455 -1.81819967463321 -1.89215277424746 -1.96904501798863 -1.95518822563136 -1.96964267733964 -1.96172491026507 -2.00190480441198 -2.01967465309069 -2.04465416151584 -2.07832140134875 -2.0605597490284 -2.08448999373872 -2.07692828545495
-9999 -9999 -9999 -9999 -9999 -9999 -9999 -9999 -9999 -9999 -9999 -9999 -9999 -9999 -9999 -9999 -9999 -9999 -9999 -9999 -9999 -9999 -9999 -9999 -9999 -9999 2.111716556747 1.50969210154122 1.15750948819236 0.92191937986887 0.893093807581303 1.12296459175091 1.39126295715023 1.17164212635132 0.777821788475398 0.0703761018364157 -0.568892900723655 -1.1209557752418 -1.45256531164585 -1.58313222507689 -1.63228007650323 -1.71999831802641 -1.78987432873574 -1.84459333224508 -1.91256663149793 -1.96686310314055 -2.01373202608211 -2.05921598105618 -2.06839270399899 -2.11240916846085 -2.14190445583994 -2.16837314842534 -2.19317421376615 -2.17661146165893 -2.19307774449188 -2.20049166545917
-9999 -9999 -9999 -9999 -9999 -9999 -9999 -9999 -9999 -9999 -9999 -9999 -9999 -9999 -9999 -9999 -9999 -9999 -9999 -9999 -9999 -9999 -9999 -9999 -9999 2.32110170161454 1.5490878724823 1.1419966193438 0.902958522989125 0.849375962565278 0.923794486815413 1.01495805200544 1.12333408536083 0.878326518651542 0.324083330799886 -0.307132532233734 -0.841860078298214 -1.34258419546085 -1.62580454740862 -1.6511982839571 -1.6618661352609 -1.7458475895709 -1.80676732457551 -1.84349591607298 -1.91764236931014 -1.9365437230885 -2.02139266586459 -2.13348960654933 -2.17512958985571 -2.23889206097684 -2.26021847159436 -2.25734165791212 -2.30634941752305 -2.29926255765459 -2.32497139202724 -2.32330589910871
-9999 -9999 -9999 -9999 -9999 -9999 -9999 -9999 -9999 -9999 -9999 -9999 -9999 -9999 -9999 -9999 -9999 -9999 -9999 -9999 -9999 -9999 -9999 -9999 -9999 2.19552289255619 1.16174788910447 0.7418030184755 0.626344656815343 0.684244792424182 0.822647106321324 0.78801269294453 0.664848800412366 0.349373618520128 -0.123211800661896 -0.660596276648866 -1.09198050416213 -1.44594600152546 -1.65577436386525 -1.71238363714653 -1.73355773159093 -1.78025285055323 -1.83720460963841 -1.8676467100447 -1.91825947451483 -1.97426256582553 -2.08596348063504 -2.20577479970539 -2.24750147999379 -2.30064425394212 -2.32995167647334 -2.36139039287777 -2.400101599347 -2.3865239636221 -2.40231490610924 -2.40982320740851
-9999 -9999 -9999 -9999 -9999 -9999 -9999 -9999 -9999 -9999 -9999 -9999 -9999 -9999 -9999 -9999 -9999 -9999 -9999 -9999 -9999 -9999 -9999 -9999 -9999 2.0728991476779 1.28966930505584 0.398535348802784 0.26933919896764 0.541206038441561 0.693590723946697 0.526117648852715 0.164048253506312 -0.224808224913481 -0.630092653523519 -1.01298400245077 -1.23995919616137 -1.47035047570121 -1.62811659682245 -1.64987482114826 -1.75483190821309 -1.79264543451897 -1.86540736638396 -1.91377469001278 -1.97840628878811 -2.0132751820904 -2.14660747050145 -2.27774655433836 -2.32113308586911 -2.37357348886767 -2.37953951278156 -2.4205586045322 -2.47129421760317 -2.46731684141384 -2.49063987709885 -2.47883594140167
-9999 -9999 -9999 -9999 -9999 -9999 -9999 -9999 -9999 -9999 -9999 -9999 -9999 -9999 -9999 -9999 -9999 -9999 -9999 -9999 -9999 -9999 -9999 -9999 -9999 2.00735008010787 1.12660676196264 0.24561510376218 0.100025269428354 0.297102064913364 0.395837674291955 0.151970957412961 -0.329708765165793 -0.715761585339391 -0.942596243168238 -1.12937111895912 -1.24982558058833 -1.32887616049777 -1.42068885529975 -1.51388382672331 -1.61172008206867 -1.75114568913032 -1.87562697371602 -1.97019444202307 -2.08883219067296 -2.17885060358766 -2.25708527671374 -2.32218487832036 -2.34000343715389 -2.40100756328683 -2.44359734330935 -2.48015095521566 -2.51799536027434 -2.50160394154555 -2.52223202225597 -2.52713786445939
-9999 -9999 -9999 -9999 -9999 -9999 -9999 -9999 -9999 -9999 -9999 -9999 -9999 -9999 -9999 -9999 -9999 -9999 -9999 -9999 -9999 -9999 -9999 -9999 -9999 1.96444533946897 1.04813183791295 0.0930467212848332 -0.119031549928301 0.0752023922599231 0.170029055842731 -0.204000927282358 -0.748550831686666 -1.06387615373337 -1.14595550329323 -1.2429592519157 -1.23238510010382 -1.18364222205498 -1.25176496915442 -1.38564495135081 -1.51143381392948 -1.72356330414026 -1.92676196571183 -2.05951608788353 -2.2175487719963 -2.30242162545867 -2.31443040526324 -2.35094755079677 -2.35915206476999 -2.44178656842437 -2.47405478442441 -2.50242836767984 -2.54316071639836 -2.53401310090192 -2.56636527762366 -2.54587088676455
-9999 -9999 -9999 -9999 -9999 -9999 -9999 -9999 -9999 -9999 -9999 -9999 -9999 -9999 -9999 -9999 -9999 -9999 -9999 -9999 -9999 -9999 -9999 -9999 -9999 1.94363599701734 0.985030283526363 -0.0178655485306149 -0.291863966310849 -0.206464064242964 -0.204529510771766 -0.529546135243479 -0.979884253196338 -1.25035019515392 -1.31105309565476 -1.27112005859852 -1.25057016483315 -1.21282344291442 -1.24716638765573 -1.353412795224 -1.51559849686665 -1.78739973193685 -2.06333354959924 -2.21527257322704 -2.28516043137448 -2.30489695860949 -2.34596669132557 -2.37790942956951 -2.37391765758982 -2.43356121257784 -2.48012116126647 -2.5251971462827 -2.56257703413819 -2.53728421788257 -2.54461956482523 -2.5363632749817
-9999 -9999 -9999 -9999 -9999 -9999 -9999 -9999 -9999 -9999 -9999 -9999 -9999 -9999 -9999 -9999 -9999 -9999 -9999 -9999 -9999 -9999 -9999 -9999 -9999 1.9341965712082 0.963172634314479 -0.123833047200896 -0.468843946774213 -0.47666826581152 -0.50026218008043 -0.81108290419784 -1.2101557859265 -1.43344190682621 -1.42745227775973 -1.38586344656754 -1.36292197011255 -1.30378707129239 -1.31591197456444 -1.40349686826539 -1.53312029247629 -1.82684458464527 -2.16510673390091 -2.31417768466054 -2.33807964839882 -2.3038418782154 -2.32640450249361 -2.37542132770615 -2.37731024942022 -2.44867748477009 -2.46651515139371 -2.49594857550892 -2.54450466409 -2.52466621664471 -2.53833439950714 -2.50554358071437
-9999 -9999 -9999 -9999 -9999 -9999 -9999 -9999 -9999 -9999 -9999 -9999 -9999 -9999 -9999 -9999 -9999 -9999 -9999 -9999 -9999 -9999 -9999 -9999 -9999 1.88738377256689 0.925757105436998 -0.19721744130237 -0.637111624778728 -0.689339310461223 -0.728439851828514 -1.03570711535738 -1.40120818979869 -1.59420628194896 -1.5952524565797 -1.54071345222263 -1.49257575090636 -1.46013056558906 -1.44099223709918 -1.42110970686307 -1.52130849321549 -1.82852922253945 -2.17388334101709 -2.33547579576615 -2.34278156752564 -2.30060487833635 -2.33065954806238 -2.36684790348269 -2.37360873963675 -2.41982746881188 -2.45255483375024 -2.48331607138083 -2.50825343306391 -2.48761302508922 -2.48961351713753 -2.48111340072944
-9999 -9999 -9999 -9999 -9999 -9999 -9999 -9999 -9999 -9999 -9999 -9999 -9999 -9999 -9999 -9999 -9999 -9999 -9999 -9999 -9999 -9999 -9999 -9999 -9999 1.85638644166814 0.932433411192291 0.217289902688679 -0.768686490017892 -0.871250717504131 -0.95597660229815 -1.23788975650819 -1.57097284413356 -1.73350167934561 -1.69912762909315 -1.62576563465501 -1.56127606565698 -1.52527986827916 -1.4830236901186 -1.42754126348068 -1.50606848334519 -1.80829508108352 -2.16038876804904 -2.32904246676055 -2.3503998410837 -2.30390710145118 -2.31619792084612 -2.36408576763066 -2.35272287399084 -2.40322283298294 -2.40708350741947 -2.41339354372831 -2.45888477111664 -2.44789925285583 -2.45724729645771 -2.44801553339328
-9999 -9999 -9999 -9999 -9999 -9999 -9999 -9999 -9999 -9999 -9999 -9999 -9999 -9999 -9999 -9999 -9999 -9999 -9999 -9999 -9999 -9999 -9999 -9999 -9999 1.83730262811868 0.93074897552782 0.175469129283883 -0.904190542788998 -1.02480685740164 -1.15105241812727 -1.42359160472455 -1.6883489704892 -1.8426302928583 -1.75203190240796 -1.62250864240618 -1.59323542003794 -1.52509898808053 -1.479282349886 -1.46799437079047 -1.50743471914553 -1.7951548333483 -2.14106879677911 -2.30273840382903 -2.33943609059394 -2.31053799188667 -2.3209335320825 -2.34895787840926 -2.33426907222306 -2.35734151228939 -2.33490454215214 -2.35263816941112 -2.40527400523894 -2.37314772057296 -2.38407694669377 -2.39375329799348
-9999 -9999 -9999 -9999 -9999 -9999 -9999 -9999 -9999 -9999 -9999 -9999 -9999 -9999 -9999 -9999 -9999 -9999 -9999 -9999 -9999 -9999 -9999 -9999 2.61476469820847 1.6773000079324 0.84770583373817 0.171414428197164 -0.93248540283617 -1.10047583782389 -1.21022282377597 -1.4798276739697 -1.78100202707005 -1.96321311707811 -1.90451122809611 -1.76208578428499 -1.73700442859829 -1.68024445004447 -1.62882203760025 -1.60059647069845 -1.62271716658371 -1.85841432042205 -2.12685003742885 -2.25836504714163 -2.29648199956087 -2.29400524154487 -2.31551327932163 -2.3316793382666 -2.29538840174088 -2.29209519160891 -2.28571269140525 -2.31532875183207 -2.35228928558521 -2.26302177122767 -2.15619080114364 -2.10006612751935
