meets/meet004/analise_selecao_variaveis/pca/pc4_e.asc
NCOLS 154 
NROWS 168 
XLLCORNER -112 
YLLCORNER -55.5 
CELLSIZE 0.5 
NODATA_value -9999 
[rows 50 to 74 of 168, columns 56 to 111 of 154]
-9999 -9999 -9999 -9999 -9999 -9999 -9999 -9999 -9999 -9999 -9999 -9999 -9999 -3.22161608665369 -2.3071632879682 -0.766335092272504 0.141260753919348 0.871725786819078 1.1255194430802 1.03511536126951 0.867908609712424 0.459645608954505 -0.472199580806254 -0.836433116078218 -0.58473048388467 -0.744824482011558 -1.03769328407969 -1.34893544601342 -1.7466700449494 -2.18093206248346 -2.52133132410559 -2.38695891293829 -2.09637756300159 -1.65586327218936 -1.12148212153535 -1.15908546415173 -0.535748619101179 -0.231178377952659 -0.0405124011710239 0.134027422661255 0.139270303586351 0.283839583021687 0.338068177065543 0.441651751051572 0.637435242276445 0.724331449408102 0.751943879922229 0.632822348694934 0.560703869087914 0.508078104539374 0.379780538425483 0.67144205512205 0.49192801714678 0.320010998560228 0.196737038374278 0.213932652328897
-9999 -9999 -9999 -9999 -9999 -9999 -9999 -9999 -9999 -9999 -9999 -9999 -9999 -2.01652129381041 -1.11886195138041 -0.554620856464799 0.0186798120483082 0.436272690424423 0.573546141781095 0.728459323586702 0.535934079206758 0.179987965278893 -0.258026128514776 -0.600126066916815 -0.836196398162322 -1.05685312932407 -1.41581010604416 -1.85588359767382 -2.31521047902407 -2.73830334450777 -2.9931733523707 -2.84911663950002 -2.4791155334733 -1.88509296682564 -1.31833384658247 -1.1641756126437 -0.696184539533553 -0.401358841416131 -0.182561072913035 -0.0384661075993865 0.0279131900065534 0.117080589751855 0.177889441154506 0.259917827118717 0.395496289378342 0.422912671099068 0.463495232517289 0.402704552745611 0.365817405644379 0.367432422301199 0.360185440648 0.579893581959488 0.387218770864164 0.231839038989613 0.202223280727928 0.287531635858592
-9999 -9999 -9999 -9999 -9999 -9999 -9999 -9999 -9999 -9999 -9999 -1.28855907717975 -1.11673258694846 -0.834523546225871 -0.306792649643271 -0.303810768068604 -0.158890805371917 0.063907692668784 0.169315916700363 0.10365223286959 -0.105275221222429 -0.199117637154525 -0.56603726119452 -0.897532571025429 -1.20081240785191 -1.52942139811054 -1.92350325688247 -2.38011654550839 -2.82703009165139 -3.2167601792054 -3.47201732189211 -3.17068121712111 -2.72218234244127 -2.06561314467607 -1.32397351289478 -0.7807946978465 -0.658228620780727 -0.330854055989767 -0.185941688664006 -0.0505628361851481 -0.00667872033931871 0.0469820960102245 0.0911120784949956 0.147375070933891 0.2296295094466 0.252916720427197 0.313243048671674 0.269404805626964 0.262814758300901 0.366972023335484 0.586667807295899 0.421551451597502 0.261032203944346 0.122836321308371 0.210436044462234 0.306267292600723
-9999 -9999 -9999 -9999 -9999 -9999 -9999 -9999 -9999 -9999 -1.23889666236421 -0.760177927207983 -0.088204868139972 0.00806858665481849 -0.208428416051656 -0.35836624872961 -0.525968743653293 -0.456755308087975 -0.426624266703351 -0.432663336512433 -0.563799678824813 -0.85103262185678 -0.985519170031884 -1.31774975562313 -1.65911881007799 -2.03754697542362 -2.4613176792614 -2.88051147890033 -3.09950196528083 -3.21117416226408 -3.25255626321619 -3.02044108793881 -2.64414337331256 -2.1278803917268 -1.34237856128034 -0.770769283230991 -0.591598779825614 -0.284903762998434 -0.163142996718926 -0.0168077392556126 0.0117934796810048 0.0281916846251171 0.0488024690841292 0.0911216315783733 0.16516957204506 0.222681915802789 0.258840710766916 0.575922479287261 0.59700262527292 0.493962290418281 0.321060361356809 0.183144674276472 0.0977588273809141 0.0444714275405369 0.156721147450388 0.266982649461727
-9999 -9999 -9999 -9999 -9999 -9999 -9999 -9999 -9999 -9999 -0.857288858623293 -0.390328421328331 0.571988541201994 0.391842780558347 0.0455687876526468 -0.469687191367423 -0.823488370912651 -0.914691902931537 -0.943579282431615 -0.961999939080709 -1.05615542250053 -1.27837372723692 -1.53861854715579 -1.84463569750715 -2.19258485306792 -2.42485845021602 -2.62021493120159 -2.88383836440671 -2.96835126430257 -2.88305525828666 -3.00972567104308 -2.79099620364673 -2.46197027440431 -1.98851820957157 -1.3823119594379 -0.955909834439807 -0.593721856211115 -0.279354565487693 -0.110518145810507 -0.0564445019703302 0.0203499824519792 -0.010117198526454 -0.00379525727477997 0.0209875109834978 0.0843736669951782 0.500933848137402 0.49714263045316 0.435260236149985 0.287600780340743 0.103943183821279 -0.0505770185185508 -0.134349332199438 -0.0672940023560632 -0.0554153090492858 -0.0343773346250701 0.0776956144965345
-9999 -9999 -9999 -9999 -9999 -9999 -9999 -9999 -1.67572237548104 -1.60749318563002 -0.750592527001982 -0.0381648000982674 0.715088971403003 0.686049032046665 0.0288048340162518 -0.59500786728918 -1.01317065976034 -1.28981549620143 -1.35995600211938 -1.4812892405278 -1.63053664257968 -1.79868587163989 -1.92671139719021 -2.09478522116688 -2.30703730189513 -2.38981347853598 -2.48617714482675 -2.50770615646388 -2.53340842540338 -2.54082698419054 -2.51290711768279 -2.48059429921449 -2.29437321211841 -1.89647500436534 -1.47546870408699 -1.02261399778453 -0.658660983791137 -0.377901336221656 -0.207218249491172 -0.122851794376407 -0.0759465123861766 -0.0871706076998452 -0.0919497749419858 -0.0823209877171844 0.236973634015756 0.169594750976723 0.0515090874956049 -0.0636779454206737 -0.195741439406442 -0.349441166879228 -0.422100526190566 -0.345319799519872 -0.210484188907336 -0.251305480998489 -0.118264887274732 0.031835106630592
-9999 -9999 -9999 -9999 -9999 -9999 -9999 -9999 -1.72061261113305 -1.07982952760623 -0.584151024123038 0.128181621608481 0.859532638101849 0.576523991108486 0.0287226121483973 -0.575878104976718 -0.956549357829752 -1.35648532172822 -1.54090040918604 -1.64068835794349 -1.76722512238148 -1.85945003888726 -1.95975250617015 -1.98011683749796 -2.01840027435205 -2.05587461121486 -2.10993553508464 -2.19107393433712 -2.19680640941863 -2.12527262019944 -2.08262520078776 -2.03601241698652 -1.96954940276835 -1.84171349153223 -1.42979036479604 -1.10424578998089 -0.830418210849673 -0.568770407432542 -0.42262198923384 -0.348473397434886 -0.28967590098877 -0.306722881516006 -0.324240548119092 -0.190865019303679 -0.316536035613317 -0.423367545847996 -0.578498630691458 -0.679345033980807 -0.779596704521221 -0.811311169108411 -0.766616376178245 -0.675844882769671 -0.572879347302283 -0.418837453195227 -0.253013738387689 -0.0898939131038749
-9999 -9999 -9999 -9999 -9999 -9999 -9999 -1.35213614133648 -1.1320884342052 -0.909052006308684 -0.3240929633668 0.296917135375041 0.778740098049661 0.576827219450312 0.0655257503657854 -0.512039094930935 -0.873537537902852 -1.22482230373285 -1.41924474140795 -1.58431436732556 -1.71421352995605 -1.75651931070442 -1.82918630292272 -1.84239609316553 -1.84238496810166 -1.88625916856326 -1.88654600212337 -1.8848756646672 -1.88182979414883 -1.83751421433691 -1.80003969106267 -1.7654037409927 -1.70897229030471 -1.60424125840367 -1.50768531759274 -1.26934329578763 -1.07679870527565 -0.873927017456318 -0.745387250760661 -0.678438998966613 -0.666603877328115 -0.749593492175202 -0.677026007638641 -0.82667774206767 -0.938540519056074 -1.01667291510954 -1.09631209635912 -1.15252992448102 -1.2293199852643 -1.27092994911976 -1.22767268101575 -1.13186711398894 -0.942362370884472 -0.695979316021214 -0.466501574832734 -0.282168985998692
-9999 -9999 -9999 -9999 -9999 -9999 -9999 -1.06855997055578 -0.771235352458345 -0.428699315761467 -0.00925870785758167 0.477188543400075 0.894819440581127 0.657507833508419 0.171618397456659 -0.3928071445926 -0.751284832053287 -1.11500274152795 -1.32601038892334 -1.4035303652827 -1.50982594240154 -1.6090409408962 -1.703402724599 -1.67866117051462 -1.62368564270309 -1.63717734134404 -1.62611268488811 -1.66358561805722 -1.63672482424192 -1.54355824506735 -1.50761071314115 -1.47318670091474 -1.48132476310789 -1.45852113148348 -1.41464579995407 -1.43263304695433 -1.32012539242258 -1.2610839353815 -1.21647808354064 -1.19411424635187 -1.20556598254999 -1.25075484930036 -1.26907488467353 -1.36643218522787 -1.44760641669142 -1.53627682996599 -1.60362875044575 -1.63302725092715 -1.6622146055102 -1.60065347207281 -1.55363644473745 -1.35616634523585 -1.2090158227468 -0.949100920927257 -0.674809543370267 -0.419672113874207
-9999 -9999 -9999 -9999 -9999 -9999 -0.353102039866686 -0.692220308601221 -0.388383081736823 -0.202506431911473 0.0698971528973845 0.588675994908957 1.09123412217938 0.841804864887234 0.232864945624546 -0.383723546457408 -0.629813868284143 -0.870424796230197 -1.03575054419034 -1.1039996740659 -1.21703506777006 -1.30489172910097 -1.35745376344503 -1.35717921733184 -1.38581520956871 -1.38668776468377 -1.44298560101117 -1.46153905441198 -1.4294162033004 -1.41856934284697 -1.37462982442759 -1.35522695333524 -1.33249293864494 -1.3018297271043 -1.31636289538054 -1.34506099017892 -1.38996986487116 -1.40356812956281 -1.46479069358688 -1.47224499484757 -1.4781473753097 -1.55086548032841 -1.55844355352068 -1.6055348510507 -1.65653338075378 -1.68566692498708 -1.69867656959646 -1.66420270142866 -1.66996524774751 -1.65763807365229 -1.49082966919437 -1.37337785118845 -1.23572495404291 -1.05308658504087 -0.774043411793102 -0.492410869190711
-9999 -9999 -9999 -9999 -9999 -9999 0.216311441076779 -0.0944851239290932 0.0762794253017521 0.173979504972515 0.350656345095377 0.767999309325596 1.16754342530708 0.933260879227178 0.392726997690373 -0.157469738379871 -0.45794646293571 -0.654731759219266 -0.771073942395487 -0.798679480505485 -0.856966057242588 -0.934552166984154 -1.0090966521511 -1.01285988951054 -1.0026888392328 -1.02799058509251 -1.05482823067061 -1.10235353231724 -1.11200186159886 -1.11347848799602 -1.13631516581307 -1.14676999614359 -1.18338233427726 -1.19388192148038 -1.2062225709573 -1.24564075425575 -1.26540411198272 -1.30153506576528 -1.33380797368388 -1.34104004607255 -1.3774333612628 -1.51299535270846 -1.54505733496662 -1.59163202060726 -1.62640775815227 -1.66334051452676 -1.65181986878325 -1.64291072805374 -1.65137215430772 -1.39887636165964 -1.3632062596283 -1.23112625011954 -1.0923733350354 -0.930980751824706 -0.821080853342829 -0.57667487134741
-9999 -9999 -9999 -9999 -9999 -9999 0.67516795728641 0.433400364463312 0.591269938888959 0.488342101463221 0.539651534833479 0.818381236172984 1.17618159846321 0.890626830008279 0.404269730092368 -0.0927826447783778 -0.293480734847493 -0.467804833343933 -0.564865976544787 -0.611664844012289 -0.659858098338093 -0.735932183195803 -0.78810272954193 -0.787643250610939 -0.79907094202283 -0.784296996421233 -0.844670974175914 -0.863801686314862 -0.872857141089477 -0.926956541972857 -0.92238697992539 -0.975034321810029 -0.986272571184998 -1.01071108887182 -1.05009272115686 -1.05473167976928 -1.12927582108794 -1.17689074376396 -1.26000651780412 -1.31465914436861 -1.35345159603356 -1.59927799617261 -1.59573473950666 -1.64121341277091 -1.6507537543813 -1.64526846552513 -1.6592405241402 -1.62648344829716 -1.60733242508573 -1.28038319532215 -1.22029302008962 -1.09777944546178 -0.910482381228508 -0.767702710973727 -0.721881341244436 -0.618356998156956
-9999 -9999 -9999 -9999 -9999 -9999 -9999 1.45442636760401 0.683984749987104 0.527330815778724 0.623295760339509 0.750784161932172 1.04115932391784 0.838936809641477 0.433197647605083 0.0426867762024947 -0.144536509845546 -0.315428575014113 -0.412660803114719 -0.430739502773633 -0.462273656739855 -0.513591891284557 -0.566597018735694 -0.573625064854177 -0.556114834620536 -0.563537000310669 -0.586275319575632 -0.6313645813265 -0.652906671105039 -0.679945545172195 -0.718389363293226 -0.747823825621568 -0.791333441562746 -0.813197500274462 -0.832883130606829 -0.889166967224161 -0.924042179095563 -0.982306456398612 -1.06519201074599 -1.13300720444673 -1.22239976714136 -1.56176662459632 -1.60869515110087 -1.64608192926278 -1.62529011316798 -1.61340746476578 -1.57083943008923 -1.53148270817105 -1.12040626046773 -1.05777938509439 -0.983288345044641 -0.876674998266113 -0.738367037176259 -0.615411737102244 -0.575641081152796 -0.518263547108585
-9999 -9999 -9999 -9999 -9999 -9999 -9999 -9999 1.01821291612559 0.691916719072808 0.274788672493949 0.671097897249283 0.939710913976543 0.695708263077585 0.334797750597171 0.0155591274499305 -0.122467328487247 -0.268046640775904 -0.347959237587591 -0.355551980529465 -0.37914252273123 -0.409899276018548 -0.434024630923714 -0.439448894194193 -0.435661014872368 -0.418454427429586 -0.463920946894306 -0.489769232157028 -0.510105720100895 -0.555528919379909 -0.571734403587621 -0.62413710458672 -0.656938664307714 -0.691559315735191 -0.741767027840698 -0.785301396874726 -0.838351497380219 -0.875826354532993 -0.920325665362485 -1.00772534070266 -1.08910315052571 -1.17823519751765 -1.59864831528148 -1.64890464366659 -1.63305178169436 -1.62477020755057 -1.14164476915352 -1.04791284172578 -0.986467290705529 -0.933392786949439 -0.838450300143236 -0.749209637989754 -0.622977091022766 -0.498403844476003 -0.442224609967092 -0.398242516775966
-9999 -9999 -9999 -9999 -9999 -9999 2.002161856442 1.86468979697555 1.207815906654 0.76358490737258 0.659292660915089 0.67387218717472 0.819924997877997 0.618077872612216 0.269532546294293 -0.0481832855514205 -0.173999300533551 -0.226657083523087 -0.282159450836061 -0.295511895185072 -0.296849133393397 -0.299208286999453 -0.298342462237259 -0.303099631803272 -0.307087294380649 -0.321746293998609 -0.343993718131857 -0.369249407761167 -0.38847935740781 -0.41587113122702 -0.443994955573693 -0.478608243741425 -0.52025596898316 -0.548765836152161 -0.578710943748842 -0.62620925415606 -0.662269783642328 -0.717401038497139 -0.760176309018507 -0.813127144299042 -0.909009708756301 -0.972407843506755 -1.04131510765199 -1.09384353146693 -1.09954750766955 -1.0951420847565 -1.02420032164868 -0.932888333833445 -0.867125919765704 -0.804797033681291 -0.736613376317056 -0.653236436308899 -0.552043513356326 -0.439348822577515 -0.351375518222412 -0.243730930194063
-9999 -9999 -9999 -9999 -9999 1.71526828909497 1.83564850711765 1.43607747875383 1.10933757858546 0.788956007504266 0.73595193103591 0.6775326119907 0.701136999299325 0.454662332612313 0.0200168828220491 -0.263816972612338 -0.31880007408461 -0.271650700574159 -0.265202670830334 -0.317941445940863 -0.294779099854637 -0.297590906570043 -0.23491506353628 -0.226097383326778 -0.269087623834294 -0.282177813945273 -0.306031241876581 -0.304141695004908 -0.311346786239832 -0.351739794171791 -0.355937597277945 -0.391396875601047 -0.410832121433863 -0.428504631536053 -0.469770189637882 -0.478245312959375 -0.540281122448644 -0.588766176788007 -0.633272978893238 -0.686918471821331 -0.762392631410034 -0.839588518604079 -0.878869152993794 -0.929526041008099 -0.944054133034425 -0.94571309406878 -0.892994117797638 -0.798440143619221 -0.739695345875061 -0.697705979183462 -0.653409026776604 -0.568475309314654 -0.471374278831007 -0.352654000403101 -0.225178881626948 -0.0484857390961097
-9999 -9999 -9999 -9999 -9999 1.59620997188335 1.8414678170314 1.31219975286953 1.01542704927814 0.729961134009774 0.513669918610603 0.60453349536734 0.468633062832622 0.201322303838316 -0.125392519336795 -0.407025375000193 -0.418944966696643 -0.402256223686133 -0.394652193231666 -0.368087010619738 -0.367440057617911 -0.337695267655406 -0.285454887261864 -0.273711806235395 -0.271526143977517 -0.283675841598213 -0.29282628201823 -0.296804867843688 -0.302704125482516 -0.313013238954367 -0.327392666255265 -0.343054390378082 -0.361658818512913 -0.37032559251448 -0.379058301893535 -0.404647729013494 -0.44770038245323 -0.504122310359685 -0.54298461992131 -0.567027521759637 -0.643239483206787 -0.702446373961811 -0.757157182373694 -0.799881711230513 -0.804625233157426 -0.792335672046975 -0.744562616435191 -0.677905034226223 -0.623213982874952 -0.564327080812384 -0.500192024359927 -0.432510013049181 -0.347313367297784 -0.24271700048018 -0.143400296406137 -0.0336289570058756
-9999 -9999 -9999 -9999 -9999 -9999 1.54807356824104 1.23950208169223 0.887622253452381 0.753299324454291 0.514117094930323 0.56299994646567 0.47412869377219 0.193736551964881 -0.0743433021102085 -0.477272159445273 -0.397356077600262 -0.458221425918721 -0.475472045621661 -0.447261255478473 -0.488059869143033 -0.39174561532313 -0.352081534791652 -0.320379797269086 -0.292438471595018 -0.304568648943959 -0.292611080258148 -0.303269117596773 -0.296978403925195 -0.29207943138676 -0.307508908067932 -0.292626872709233 -0.311574781361844 -0.308611192465705 -0.305383352972231 -0.327121131323877 -0.361681288925667 -0.418366269619773 -0.453552831028046 -0.462077561660696 -0.524297373541429 -0.574120409391828 -0.627131755484964 -0.669596007045672 -0.659040090374851 -0.660588109940302 -0.622449781320895 -0.572566468188868 -0.528231451436166 -0.470215670596683 -0.389727265485948 -0.33435003516743 -0.253712753839504 -0.165576275167788 -0.0969556352145885 -0.0349235361599749
-9999 -9999 -9999 -9999 -9999 -9999 1.83597396987167 1.49577793667718 0.904017721881041 0.730661813116383 0.652883104674625 0.751244848606053 0.922086255157541 0.733690187489739 0.370630199942465 0.0224814943513222 -0.252961871253573 -0.525442358199411 -0.614613768229144 -0.524374751759426 -0.469734740899825 -0.46625307679053 -0.452101571248397 -0.415401969336082 -0.354882073170826 -0.316195671058809 -0.332104461130202 -0.354205995204967 -0.349115994499386 -0.316316106836546 -0.28351757121172 -0.285741068965646 -0.290789787192168 -0.286627172000619 -0.285660249641468 -0.292247209326932 -0.33075218630946 -0.375956380970499 -0.400137130474395 -0.407044693874257 -0.419348678224999 -0.471122131889897 -0.515161826853145 -0.548350359780647 -0.551003950023692 -0.545030675497688 -0.527610566655393 -0.501614791741012 -0.47986447775752 -0.454927639069974 -0.413188249395509 -0.32504285914092 -0.230675906223124 -0.157490836382077 -0.111150486648382 -0.0721065666480488
-9999 -9999 -9999 -9999 -9999 -9999 2.2864359453944 1.5564280950361 1.34694005121715 1.0258620610636 0.868274193282496 1.15487147108703 1.38429242729536 1.20175590745947 0.823786374251483 0.400136916117698 -0.0275449284793677 -0.651198837973244 -0.802611507640132 -0.512753586138014 -0.447918774170857 -0.466635413291194 -0.52873675179263 -0.494510565877081 -0.392350723110485 -0.342350926745844 -0.358671903749264 -0.412977767277792 -0.399436056030907 -0.328998713122117 -0.292003256568435 -0.275116466358648 -0.300150199451025 -0.285161080592646 -0.261930395540958 -0.269342864706349 -0.276686747103965 -0.335118389662786 -0.349974806293322 -0.327775960900088 -0.34846913227847 -0.352164787898664 -0.399754370054759 -0.434140200929285 -0.420015619042474 -0.436755837919827 -0.421606543725 -0.428860242619129 -0.426920940182106 -0.416253949706015 -0.426178498913493 -0.302163676465626 -0.209468678535852 -0.143489105821148 -0.102813900496632 -0.108259432449414
-9999 -9999 -9999 -9999 -9999 -9999 -9999 -9999 1.97763566634536 1.58348400386105 0.938316120390408 1.31461193058078 1.68868330273462 1.51087921199696 1.08470461754004 0.565997024432646 0.0675903753686292 -0.541605515072222 -0.772044925405537 -0.704372275776197 -0.469512739543994 -0.525367061769893 -0.595308242528556 -0.752352983812807 -0.486695995584375 -0.413982003689582 -0.432139549908436 -0.681011969730001 -0.679532317946205 -0.410954070291052 -0.365378240942593 -0.362072403249239 -0.375383831788763 -0.361118416953326 -0.326545115061814 -0.300222153178007 -0.309533863952127 -0.325479287982371 -0.325512428792345 -0.321455128199776 -0.310991300728752 -0.31497307536535 -0.327012220273507 -0.346808267574756 -0.348877267578671 -0.349239221524679 -0.355329846976164 -0.359977958093386 -0.370442039821951 -0.38209952848775 -0.358265094663312 -0.292081483560726 -0.206141031190716 -0.167310455110876 -0.166042440134416 -0.181418047209444
-9999 -9999 -9999 -9999 -9999 -9999 -9999 -9999 2.45976756013671 1.95013693238103 1.04262603611143 1.50031066257849 1.96359519845649 1.77042743744244 1.229680240804 0.693006953892656 0.158015857511394 -0.523772638757507 -0.75311333125428 -0.65619564662323 -0.483161726380195 -0.548049499642483 -0.837344128363312 -0.822953433784931 -0.689737884613678 -0.45708285562693 -0.656317318513312 -0.718225771354778 -0.714974442033606 -0.657324843678283 -0.648191964585246 -0.638216771648076 -0.679858032821184 -0.424383363751254 -0.361538394464511 -0.337941505141892 -0.31292853168047 -0.329580957609705 -0.314382690665439 -0.285181774652506 -0.285094264086821 -0.264806425062279 -0.277095707590215 -0.2741594949175 -0.246175425616242 -0.258388236388396 -0.27395454941057 -0.312695258207356 -0.349658340396065 -0.36862739003557 -0.384668451415906 -0.340549434661582 -0.284226991122887 -0.242860271706841 -0.21788930418809 -0.221908436515804
-9999 -9999 -9999 -9999 -9999 -9999 -9999 -9999 -9999 2.24710235812378 1.22185562898263 1.68218313184971 2.17969325974189 1.9498976641078 1.37626421104822 0.740147811871354 0.173868135950463 -0.506656285649347 -0.784882034575465 -0.713642471958944 -0.505248947239142 -0.602513982264552 -0.864132070819696 -0.864659539722025 -0.767122130118754 -0.676165380495913 -0.690791493407547 -0.727610100751151 -0.725331099969356 -0.698240782628213 -0.679840088221647 -0.694086922057379 -0.711471275134379 -0.707792692116475 -0.677283711829564 -0.40251838261849 -0.382841301795941 -0.362297102976438 -0.337757829659007 -0.31850455567994 -0.287548227009467 -0.277846594258132 -0.260431193937413 -0.240085222546778 -0.230063390311258 -0.222607246403108 -0.268677174352144 -0.32103319878174 -0.370427969035318 -0.425453896333757 -0.4535505288896 -0.448488543325628 -0.420087995964696 -0.376419061790816 -0.290882642030867 -0.214515102890709
-9999 -9999 -9999 -9999 -9999 -9999 -9999 -9999 -9999 -9999 1.66808787028833 2.13598661042979 2.27798311083975 1.98045679192443 1.44263582812352 0.81579832816036 0.266294902540301 -0.484622014054669 -0.776736157768714 -0.69634113355726 -0.499503343867435 -0.583211262831552 -0.875977662595489 -0.888628125404361 -0.782115678673042 -0.708927066993859 -0.711912545373434 -0.750919892756441 -0.747256311542968 -0.703782877423986 -0.683369289388197 -0.698989503147639 -0.739154516417559 -0.737066238065066 -0.701697456176883 -0.679698322763003 -0.66132138548485 -0.416068945881675 -0.379409747766378 -0.328801610761038 -0.291592283755847 -0.270599188349567 -0.264204679447077 -0.238945806574444 -0.195663699966258 -0.187546742806508 -0.238768950413673 -0.320786235482022 -0.38704809591677 -0.435962855947551 -0.479755425619633 -0.493259608836721 -0.83843202864298 -0.794624937685751 -0.320208639776276 -0.226739447190714
-9999 -9999 -9999 -9999 -9999 -9999 -9999 -9999 -9999 -9999 -9999 2.65846888460696 2.17143513035446 1.72502770222773 1.32088537649314 0.868805206436002 0.403493308909137 -0.414375291998359 -0.738419816359953 -0.637834078610896 -0.497090849098434 -0.586796816324979 -0.843416496752591 -0.867789592627504 -0.80325383429741 -0.762340435121417 -0.750119205385536 -0.753906082033892 -0.749683923046036 -0.723686688129493 -0.71890268178614 -0.733462843288815 -0.746311421399257 -0.747940500067043 -0.731827991464547 -0.733756142422101 -0.708762711787854 -0.686506229350337 -0.656275442971453 -0.370093148008809 -0.333300638715692 -0.296031956258405 -0.272163576676605 -0.237104406390193 -0.195480152245187 -0.186665876114108 -0.234071914158836 -0.301260771815498 -0.365652743779058 -0.429732926210698 -0.479312990772435 -0.489955279673284 -0.463628698215593 -0.423013194371256 -0.707041803229453 -0.652678415595529
