meets/meet004/analise_selecao_variaveis/pca/pc5_e.asc
NCOLS 154 
NROWS 168 
XLLCORNER -112 
YLLCORNER -55.5 
CELLSIZE 0.5 
NODATA_value -9999 
[rows 100 to 124 of 168, columns 55 to 109 of 154]
-9999 -9999 -9999 -9999 -9999 -9999 -9999 -9999 -9999 -9999 -9999 -9999 -9999 -9999 -9999 -9999 -9999 -9999 -9999 -9999 -9999 -9999 -9999 -9999 -9999 -9999 -9999 -9999 -9999 -1.24005362404232 -0.941333089814737 -0.594038206768452 -0.461496786519914 -0.448673382570628 -0.543273180487359 -0.801615132493683 -1.01960968821529 -1.24923435484229 -1.39050804974021 -1.39936902723396 -1.13316357063044 -0.864670766560034 -0.758984955467732 -0.760968102753416 -0.770349395072413 -0.801133810115652 -0.825175200882327 -0.805995238120403 -0.777365009202293 -0.792320142319744 -0.836280350680338 -0.856263031307477 -0.87244484849182 -0.890763504653437 -0.89923281577468
-9999 -9999 -9999 -9999 -9999 -9999 -9999 -9999 -9999 -9999 -9999 -9999 -9999 -9999 -9999 -9999 -9999 -9999 -9999 -9999 -9999 -9999 -9999 -9999 -9999 -9999 -9999 -9999 -9999 -1.24392527618304 -0.868413126028132 -0.500459202355298 -0.43469051323142 -0.488789262572674 -0.602760852664271 -0.828595155141912 -0.991574595652423 -1.21970973541533 -1.3741409830676 -1.36110496877205 -1.03563436190854 -0.745920272896105 -0.654760756218658 -0.665386252891185 -0.685820308129537 -0.734490001414396 -0.771824942307712 -0.732774340672058 -0.659694248756027 -0.683410801644994 -0.803514847694246 -0.930161361226953 -0.919657923512802 -0.91056659529766 -0.909224419338425
-9999 -9999 -9999 -9999 -9999 -9999 -9999 -9999 -9999 -9999 -9999 -9999 -9999 -9999 -9999 -9999 -9999 -9999 -9999 -9999 -9999 -9999 -9999 -9999 -9999 -9999 -9999 -9999 -1.12522986835948 -1.22168471876046 -0.812829565169878 -0.474764702264499 -0.408860307630502 -0.467569015102166 -0.589288722505305 -0.813344976186934 -0.957891889172355 -1.18197906294482 -1.34746722605666 -1.26086309132957 -0.951840805086204 -0.665602973622548 -0.570250717889095 -0.568615976076779 -0.596956117616134 -0.671215731538761 -0.71200512672038 -0.695226683154625 -0.664024289025729 -0.686839183387292 -0.758998200120498 -0.839651586471175 -0.898968008052706 -0.91858000288296 -0.923448684389909
-9999 -9999 -9999 -9999 -9999 -9999 -9999 -9999 -9999 -9999 -9999 -9999 -9999 -9999 -9999 -9999 -9999 -9999 -9999 -9999 -9999 -9999 -9999 -9999 -9999 -9999 -9999 -9999 -1.12133578394738 -1.17123557940447 -0.734802764725175 -0.395426052781125 -0.343065280541965 -0.411773021311245 -0.545186525375216 -0.789841512545376 -0.930864007154927 -1.17489011610152 -1.37126704665302 -1.20475960947305 -0.903685186115206 -0.602928106244039 -0.518405853678375 -0.51999308482042 -0.550758733108493 -0.63434909841216 -0.682307881169963 -0.682285973980488 -0.664104795242614 -0.68404533592704 -0.72920597615994 -0.778871892408107 -0.835274655762022 -0.871446061011643 -0.927688391624269
-9999 -9999 -9999 -9999 -9999 -9999 -9999 -9999 -9999 -9999 -9999 -9999 -9999 -9999 -9999 -9999 -9999 -9999 -9999 -9999 -9999 -9999 -9999 -9999 -9999 -9999 -9999 -9999 -1.10022824934939 -1.06308793351426 -0.630995141823777 -0.285211626317455 -0.259069930319413 -0.331273785233222 -0.481374040545515 -0.758659633075529 -0.949674152739293 -1.20619252735012 -1.38753654583158 -1.19506876321599 -0.894658122606556 -0.619471764876194 -0.519750513843774 -0.535313810429886 -0.563232616909557 -0.610569728281378 -0.65867697801827 -0.651986419537271 -0.643405991265354 -0.655905883097027 -0.684859743503517 -0.74127867550055 -0.782446258702665 -0.843334711012939 -0.905067495460333
-9999 -9999 -9999 -9999 -9999 -9999 -9999 -9999 -9999 -9999 -9999 -9999 -9999 -9999 -9999 -9999 -9999 -9999 -9999 -9999 -9999 -9999 -9999 -9999 -9999 -9999 -9999 -9999 -1.02855087907017 -0.946060200060574 -0.445660797018343 -0.14469200490081 -0.108620695356981 -0.237452807399076 -0.426500207914742 -0.770184263010328 -1.01737833353347 -1.27918028472556 -1.39483193618731 -1.18824873426581 -0.872560459869205 -0.600711191725268 -0.505549579146256 -0.539361367979976 -0.555012444751739 -0.577210623487721 -0.601764772158084 -0.586870843435805 -0.582753960669584 -0.595427184232832 -0.6121467675644 -0.66470310647945 -0.718902276008825 -0.792574685431383 -0.859127734962525
-9999 -9999 -9999 -9999 -9999 -9999 -9999 -9999 -9999 -9999 -9999 -9999 -9999 -9999 -9999 -9999 -9999 -9999 -9999 -9999 -9999 -9999 -9999 -9999 -9999 -9999 -9999 -9999 -0.88659600217615 -0.778470214783893 -0.280101550264057 0.0561902833030693 0.0065540337818118 -0.114308980309139 -0.367287971061137 -0.808313793339315 -1.15498395352449 -1.37118814333878 -1.40105838530217 -1.15384752472576 -0.807391978598393 -0.532254686213072 -0.471924160968279 -0.521853293235233 -0.536492703118484 -0.525506056609902 -0.495014449933018 -0.510086829737959 -0.507883973764929 -0.511267772088905 -0.523839647884176 -0.542544029771426 -0.619493201044742 -0.710282277604083 -0.786411126027866
-9999 -9999 -9999 -9999 -9999 -9999 -9999 -9999 -9999 -9999 -9999 -9999 -9999 -9999 -9999 -9999 -9999 -9999 -9999 -9999 -9999 -9999 -9999 -9999 -9999 -9999 -9999 -9999 -0.690527554266066 -0.592501039966849 -0.15444071770738 0.138604760981 0.0530986191063065 -0.0599779442745401 -0.3653024342784 -0.838358105983622 -1.23569315538527 -1.42812938130713 -1.35350524250606 -1.08996772074263 -0.747186692337255 -0.498959713290327 -0.44263246983929 -0.502016758508059 -0.515597222511953 -0.513593869627183 -0.485067030405996 -0.493118425387003 -0.483889863728436 -0.47391710844653 -0.465255300196468 -0.47107075104371 -0.543138653142823 -0.632055186555699 -0.710809862522633
-9999 -9999 -9999 -9999 -9999 -9999 -9999 -9999 -9999 -9999 -9999 -9999 -9999 -9999 -9999 -9999 -9999 -9999 -9999 -9999 -9999 -9999 -9999 -9999 -9999 -9999 -9999 -9999 -0.488715551891064 -0.39330961671833 -0.0625411931672594 0.155839963762603 0.045862232663911 -0.0732520813845806 -0.385799599855258 -0.88521352779102 -1.28830064453761 -1.41988876656 -1.24571795311784 -0.987239173153505 -0.667350336250634 -0.463701592302229 -0.414791024145855 -0.48098371527468 -0.505132798374497 -0.519085386546345 -0.543308638503437 -0.513126157453713 -0.503456611936982 -0.480587355907257 -0.434702136484506 -0.433258923425965 -0.491396790158046 -0.574411460297058 -0.645862181532633
-9999 -9999 -9999 -9999 -9999 -9999 -9999 -9999 -9999 -9999 -9999 -9999 -9999 -9999 -9999 -9999 -9999 -9999 -9999 -9999 -9999 -9999 -9999 -9999 -9999 -9999 -9999 -9999 -0.312736479408471 -0.249712173745672 -0.0383296439222661 0.0902253787945496 -0.0566895374478467 -0.190851964716476 -0.488397362563513 -0.927655729186146 -1.27664104991989 -1.27617947863513 -1.02850458623289 -0.777807205640999 -0.536307196046222 -0.412345145126318 -0.385380419313702 -0.448722893955272 -0.478588399917102 -0.496175758300634 -0.511022096412845 -0.488518619165474 -0.468588417705936 -0.445782782213474 -0.415209079156753 -0.417699711366111 -0.461991604641106 -0.527609033632098 -0.589022050836677
-9999 -9999 -9999 -9999 -9999 -9999 -9999 -9999 -9999 -9999 -9999 -9999 -9999 -9999 -9999 -9999 -9999 -9999 -9999 -9999 -9999 -9999 -9999 -9999 -9999 -9999 -9999 -0.025713634048439 -0.180479377509026 -0.137278833166515 -0.0406605352503298 0.00380921330675171 -0.17038403215385 -0.347758042033143 -0.609114228922179 -0.965105129707159 -1.26782668815022 -1.06023588704702 -0.733133065962428 -0.493722539557224 -0.370828508269411 -0.325511105362192 -0.317029745767929 -0.386375674366801 -0.424557522955113 -0.421278446915137 -0.426964831029834 -0.406679266613105 -0.384352120543721 -0.375007337921766 -0.381820550757854 -0.406002734135747 -0.435854458391598 -0.484982304865673 -0.536840745737646
-9999 -9999 -9999 -9999 -9999 -9999 -9999 -9999 -9999 -9999 -9999 -9999 -9999 -9999 -9999 -9999 -9999 -9999 -9999 -9999 -9999 -9999 -9999 -9999 -9999 -9999 -9999 0.0262104972712444 -0.0337593622486155 -0.0378599569465066 -0.0479246995757819 -0.119184539229161 -0.331512063312966 -0.527862266551667 -0.722986332535077 -0.954987677003565 -1.07606861833041 -0.82451947301675 -0.527561993422595 -0.307698534742737 -0.204928208834944 -0.199173765275779 -0.222963864019241 -0.279319459608083 -0.313341619468196 -0.316059601984096 -0.316850734870689 -0.321762507129707 -0.329852988067091 -0.340752480571885 -0.355180399300122 -0.379996934807475 -0.419328535056374 -0.466954828452055 -0.516654053991413
-9999 -9999 -9999 -9999 -9999 -9999 -9999 -9999 -9999 -9999 -9999 -9999 -9999 -9999 -9999 -9999 -9999 -9999 -9999 -9999 -9999 -9999 -9999 -9999 -9999 -9999 -9999 0.107732884085392 0.106849298992283 0.0635898571974361 -0.0471914860458316 -0.201574579444195 -0.429221476147347 -0.657119566064854 -0.750509331597935 -0.850570011628823 -0.871237576270114 -0.57124333581442 -0.324211675814865 -0.139712045101362 -0.054895169750961 -0.0536720863479391 -0.0901492387477483 -0.150046432079862 -0.1839937540458 -0.188879311960734 -0.198960733052257 -0.236034055938099 -0.286389226978946 -0.321187521678203 -0.331090078442702 -0.347570013644288 -0.393631970532104 -0.453378043442037 -0.500284527206074
-9999 -9999 -9999 -9999 -9999 -9999 -9999 -9999 -9999 -9999 -9999 -9999 -9999 -9999 -9999 -9999 -9999 -9999 -9999 -9999 -9999 -9999 -9999 -9999 -9999 -9999 -9999 0.159046233923604 0.249158031815636 0.174255462558303 -0.06036523837644 -0.321607663693664 -0.512183061667004 -0.614513300568994 -0.620164523655115 -0.556475394801015 -0.372972275558087 -0.218379133869727 -0.12057339315306 -5.7626411414935e-07 0.0689548903084718 0.084139713662057 0.0348616580053239 -0.0232910213342816 -0.0569893140272064 -0.0580996010157345 -0.0722244901207455 -0.151528944364864 -0.24366689187349 -0.299666588915558 -0.318248591381085 -0.333505002473485 -0.370113128415488 -0.417249479434891 -0.460483718810626
-9999 -9999 -9999 -9999 -9999 -9999 -9999 -9999 -9999 -9999 -9999 -9999 -9999 -9999 -9999 -9999 -9999 -9999 -9999 -9999 -9999 -9999 -9999 -9999 -9999 -9999 0.238357530094615 0.184418339565702 0.369204238745372 0.264404610766392 -0.0775984124881272 -0.364755566782426 -0.492612222683863 -0.502987961352758 -0.417568167144727 -0.178065895008629 0.160477553833761 0.120165856304935 0.0780502975852829 0.129855079886971 0.177717359995547 0.22793380163555 0.138728044037797 0.0744523541256855 0.0463350524091063 0.053262663661971 0.0703845882892041 -0.0634497983655337 -0.205142763598152 -0.281482548883057 -0.299797705950078 -0.31311395424079 -0.34297272406697 -0.377318490167958 -0.414661033419783
-9999 -9999 -9999 -9999 -9999 -9999 -9999 -9999 -9999 -9999 -9999 -9999 -9999 -9999 -9999 -9999 -9999 -9999 -9999 -9999 -9999 -9999 -9999 -9999 -9999 -9999 0.355440027625906 0.182453410437757 0.251304585255591 0.151328923685328 -0.114878051997857 -0.361172946335707 -0.400667755364709 -0.322647396161677 -0.177752889596021 0.122007394059316 0.332174683446751 0.333779757925534 0.261402446664911 0.255924411758046 0.251310267210213 0.25235176804628 0.188845863908456 0.132864291721938 0.104390082504251 0.116053735035114 0.105585728843197 -0.0159862987544032 -0.151567417503105 -0.233004648026912 -0.267977295967825 -0.281410491069918 -0.313493173563742 -0.345668528331031 -0.377447538339412
-9999 -9999 -9999 -9999 -9999 -9999 -9999 -9999 -9999 -9999 -9999 -9999 -9999 -9999 -9999 -9999 -9999 -9999 -9999 -9999 -9999 -9999 -9999 -9999 -9999 -9999 0.458435902864387 0.445847496392559 0.199265173256195 0.0783385114316266 -0.201535438161137 -0.362910217512546 -0.287113941617006 -0.143701528915861 0.068801855552814 0.303158981962597 0.503439300389868 0.452694457332062 0.36339297852513 0.322363866187712 0.30109617452555 0.275538889697913 0.212597877057432 0.148795609195231 0.114961504319911 0.128243540490281 0.144911348097812 0.00936252656187031 -0.121790364989689 -0.1981828919758 -0.234231597176065 -0.2484453276539 -0.286084327026351 -0.318563877057307 -0.349065044186432
-9999 -9999 -9999 -9999 -9999 -9999 -9999 -9999 -9999 -9999 -9999 -9999 -9999 -9999 -9999 -9999 -9999 -9999 -9999 -9999 -9999 -9999 -9999 -9999 -9999 -9999 0.687559372072866 0.558449644200322 0.249136819291334 0.128153995427025 -0.128916868670364 -0.195289881020924 -0.142913908819606 0.0110314954557865 0.200349371302633 0.407197383961115 0.529955382811592 0.48838543320859 0.372230891197531 0.321553535148631 0.323207365460598 0.311632109496901 0.228414041543159 0.138011662952406 0.0867570941004299 0.0794794398931306 0.0567913207578141 -0.0201228700843482 -0.11259143258244 -0.175044527618508 -0.209376964410039 -0.23197094228471 -0.265164865530853 -0.295404379762897 -0.322479168242971
-9999 -9999 -9999 -9999 -9999 -9999 -9999 -9999 -9999 -9999 -9999 -9999 -9999 -9999 -9999 -9999 -9999 -9999 -9999 -9999 -9999 -9999 -9999 -9999 -9999 -9999 0.919430134207034 0.717850045226932 0.356573573120468 0.21586982363046 -0.0447402027492435 -0.0766470937420954 -0.0209565235111106 0.135812712831808 0.308137193030077 0.4753986744922 0.576097552857838 0.512490574953537 0.376209335327285 0.319001577337035 0.340866389966313 0.339919579798449 0.23838561434054 0.123319807823058 0.0568634192906768 0.0349097051942341 0.000971349875797223 -0.0471702523833348 -0.110709162821998 -0.160126306173636 -0.191585611978915 -0.21656753197004 -0.248161121944117 -0.275579896423214 -0.300883677026005
-9999 -9999 -9999 -9999 -9999 -9999 -9999 -9999 -9999 -9999 -9999 -9999 -9999 -9999 -9999 -9999 -9999 -9999 -9999 -9999 -9999 -9999 -9999 -9999 -9999 -9999 1.03182376869605 0.836482917154107 0.441835930901851 0.302766099864345 0.0330466998996521 -0.0224234475551813 0.0597760215283107 0.242297448443943 0.390401687495239 0.519507572196451 0.59377213577457 0.519708468891074 0.407865878720218 0.351144010920618 0.344075656923819 0.326334355138836 0.233480091777148 0.124299750461887 0.0541254676700818 0.0218111086421138 -0.00579910347116624 -0.0499558171457299 -0.0978739926141572 -0.138440143739177 -0.173271255292384 -0.203341091187213 -0.232540017099447 -0.256652171162418 -0.278924888383705
-9999 -9999 -9999 -9999 -9999 -9999 -9999 -9999 -9999 -9999 -9999 -9999 -9999 -9999 -9999 -9999 -9999 -9999 -9999 -9999 -9999 -9999 -9999 -9999 -9999 -9999 1.17987933800141 0.95412636330664 0.509210774559644 0.348853428232397 0.0696944181478583 0.0118371145917401 0.112345749365689 0.287206262875068 0.412481532792287 0.503562293116388 0.563858444552257 0.490040118726126 0.396258137598238 0.345318943426346 0.329491067805724 0.311034173932866 0.223667663123162 0.124207570054308 0.0604980554338194 0.0287921137610155 -0.00118234984243099 -0.0396522433271939 -0.0810606546136525 -0.117639063597582 -0.15595087450004 -0.18677036632824 -0.212003022716828 -0.235311086328263 -0.257822604806128
-9999 -9999 -9999 -9999 -9999 -9999 -9999 -9999 -9999 -9999 -9999 -9999 -9999 -9999 -9999 -9999 -9999 -9999 -9999 -9999 -9999 -9999 -9999 -9999 -9999 -9999 1.29447102071931 1.04281550844556 0.523720861292512 0.35652320730151 0.191034291791342 0.0670972781982428 0.142028702343311 0.270136458459366 0.360664804325964 0.419865000631697 0.426583147292551 0.401290028678938 0.339802998823638 0.305813909421002 0.302636315806079 0.275335938596117 0.210922595772931 0.130918864239851 0.0750366399000841 0.043149252330084 0.0123947947168319 -0.0274675032684876 -0.0691811533906492 -0.107627074378878 -0.139798461089514 -0.166187871114099 -0.195901699402277 -0.218980038594145 -0.239317526296626
-9999 -9999 -9999 -9999 -9999 -9999 -9999 -9999 -9999 -9999 -9999 -9999 -9999 -9999 -9999 -9999 -9999 -9999 -9999 -9999 -9999 -9999 -9999 -9999 -9999 -9999 1.45485558217356 1.19371127412489 0.940138942544245 0.403738413219278 0.2228555868205 0.0825246314673658 0.142850175027989 0.244676643185509 0.32081651111879 0.358587624358825 0.359486279953854 0.353946082346329 0.312198055362522 0.291348311238784 0.299930476027444 0.271792938105881 0.214966872863463 0.14336416176987 0.0940818276914413 0.0696873057879779 0.0385664520578191 -0.00509892266808809 -0.0553341061519205 -0.100693101364034 -0.137751644171516 -0.163987232443882 -0.190916271980737 -0.210831651087238 -0.230448222408859
-9999 -9999 -9999 -9999 -9999 -9999 -9999 -9999 -9999 -9999 -9999 -9999 -9999 -9999 -9999 -9999 -9999 -9999 -9999 -9999 -9999 -9999 -9999 -9999 -9999 -9999 1.68978578379539 1.35040018774317 1.11266087749655 0.52218749332771 0.286415057980136 0.0806844108234585 0.135104323477189 0.23607135806641 0.29452177258728 0.341651854154267 0.363941153529524 0.347854053423622 0.321012141226104 0.313014969831863 0.316100577679227 0.302566042725532 0.240508116741846 0.162222313815386 0.116694477599246 0.102506778154185 0.084604475427201 0.0288729576411525 -0.0394769060905314 -0.0909831310352864 -0.134349746019294 -0.176393465289106 -0.184289582104714 -0.204190532118415 -0.209301922309682
-9999 -9999 -9999 -9999 -9999 -9999 -9999 -9999 -9999 -9999 -9999 -9999 -9999 -9999 -9999 -9999 -9999 -9999 -9999 -9999 -9999 -9999 -9999 -9999 -9999 1.99615970445174 1.81938704475541 1.53136492585337 1.31375421467787 0.655931238673132 0.396421783569574 0.151471825719328 0.163012517583836 0.226616616521069 0.27374314999687 0.320195393715132 0.349428120727014 0.335990636671789 0.313331832524219 0.312503205570915 0.332182569566029 0.330963223066822 0.271595477599802 0.194858154347963 0.148043920706378 0.132662493517512 0.113845821067378 0.0595242144760903 -0.0029070284332641 -0.0503684871162112 -0.089000012700327 -0.124683943711459 -0.143758238580924 -0.160829557861352 -0.144118917608795
