meets/meet004/analise_selecao_variaveis/pca/pc5_e.asc
NCOLS 154 
NROWS 168 
XLLCORNER -112 
YLLCORNER -55.5 
CELLSIZE 0.5 
NODATA_value -9999 
[rows 75 to 99 of 168, columns 55 to 109 of 154]
-9999 -9999 -9999 -9999 -9999 -9999 -9999 -9999 -9999 -9999 -9999 -9999 -0.217720077511004 -1.15379187039239 -1.15596700376574 -1.12816587780391 -1.13870408942301 -1.19389002413349 -0.917099972785283 -0.43787410553394 -0.495417079509353 -0.535262532972119 -0.519303814836245 -0.461023255000854 -0.41577530622893 -0.371956487735657 -0.330590940372697 -0.292717963618616 -0.246393051737249 -0.200660614849861 -0.149763938576699 -0.0845675329664955 -0.0158690882074385 0.059657689640211 0.123593680004942 0.184270311799329 0.24378301667205 0.29864994654055 0.352577611523655 0.397564869477342 0.444622935909605 -0.429972028316563 -0.417071287724287 -0.411887725580304 -0.402196580561594 -0.397395899024637 -0.387782293671858 -0.378469045711265 -0.365835500996821 -0.34480419409155 -0.326408410658965 -0.301215594302152 -0.274961803942175 -0.248697070732431 -0.228620618814597
-9999 -9999 -9999 -9999 -9999 -9999 -9999 -9999 -9999 -9999 -9999 -9999 0.543125522193195 -1.13224058578767 -1.17390270677365 -1.1382514279886 -1.08446647619517 -1.15461685434193 -0.794776176897006 -0.850972285561803 -0.411260928973313 -0.539884145699912 -0.518511024006581 -0.478751708406323 -0.443766066383609 -0.406125705412726 -0.385603622780486 -0.339741456079532 -0.294188430806171 -0.250801216947877 -0.197813763726585 -0.144228444030417 -0.0735327437104354 0.00965880402181102 0.0741908573768129 0.133926582094272 0.192600827298156 0.246672458015407 0.304871438731252 0.353499074119477 0.399906122801059 -0.441423182698388 -0.417240244629275 -0.395008969807709 -0.391654853833239 -0.399844130521943 -0.392788068221594 -0.385317457884509 -0.373817442634028 -0.352667640458983 -0.334186551122534 -0.306616665199774 -0.28337725080586 -0.258028375508039 -0.235101754203147
-9999 -9999 -9999 -9999 -9999 -9999 -9999 -9999 -9999 -9999 -9999 -9999 -9999 -1.07587953208485 -1.10310751006641 -1.0688897477587 -1.02754138226073 -1.06954794605305 -1.15733453779183 -0.762677463863587 -0.862993679424409 -0.421399893196086 -0.4699147130029 -0.480566917985207 -0.470951968438266 -0.438110678553649 -0.40468305357261 -0.373598489591908 -0.342774342205841 -0.309603133629301 -0.262002143133271 -0.201998763309025 -0.13680727423691 -0.0597021742091455 0.00413431051170499 0.0631282807076869 0.126839345680248 0.185777868967586 0.252193802568836 0.309821126800748 0.362781283030051 0.424637530667927 0.487043295460678 0.546219148937455 0.570256089023096 -0.368671232279046 -0.392664751387496 -0.395428138663022 -0.387927117348481 -0.366740026177184 -0.339769604561318 -0.31276945175998 -0.290469304989678 -0.270788049025215 -0.23863231481721
-9999 -9999 -9999 -9999 -9999 -9999 -9999 -9999 -9999 -9999 -9999 -9999 -9999 -0.964836540307482 -0.984933969158102 -0.961942010018265 -0.909370205645766 -0.990063301816787 -1.07312040948187 -1.16265080413061 -0.790454429991479 -0.840235749510432 -0.385519903325386 -0.445234991164457 -0.453665800948188 -0.425408570726769 -0.384750904627133 -0.401376852829737 -0.392488845733231 -0.370271773633016 -0.323489522831904 -0.268098402801032 -0.208178920766175 -0.142287322986414 -0.0784811289504345 -0.00889713013242688 0.0557642993440404 0.121019840927217 0.18844036294884 0.252286275117027 0.316840238089932 0.380498043417043 0.4656951280994 0.556408798793729 0.594404401920759 0.584260512979588 -0.343730339107012 -0.364273139952135 -0.37398303899876 -0.36612224843597 -0.340649023876086 -0.305627838744356 -0.292699598884174 -0.270847387108007 -0.242513000203792
-9999 -9999 -9999 -9999 -9999 -9999 -9999 -9999 -9999 -9999 -9999 -9999 -9999 -9999 -0.961135874162931 -0.888826438755204 -0.892683250529207 -0.985540309786566 -1.08656814138688 -1.17490892247416 -1.23521518550337 -1.25388083287429 -0.911793557464808 -0.28042279983579 -0.29089612022455 -0.295072125703336 -0.333931757202647 -0.378920647926051 -0.42331074073157 -0.440654260824192 -0.399328367225184 -0.343240982856625 -0.283416914517906 -0.220701170366018 -0.158282504522244 -0.0897097411547099 -0.0217419672248624 0.0486791263923613 0.120002373804477 0.18763626675819 0.253263870387936 0.328412377216813 0.415559553861354 0.506947766831896 0.561426622563469 0.583763472082512 0.590455180742894 -0.325262981554471 -0.350802707235938 -0.349894326502731 -0.329027173278378 -0.302710767031768 -0.288383355785586 -0.257218295474602 -0.208499385042583
-9999 -9999 -9999 -9999 -9999 -9999 -9999 -9999 -9999 -9999 -9999 -9999 -9999 -9999 0.206807817321657 -0.81186571226992 -0.825106591519275 -0.993400906496861 -1.18411779923869 -1.19257900338369 -1.18431462775642 -1.17441153773654 -1.36264776266071 -0.832576306895983 -0.827688164621445 -0.0579892815531514 -0.231777845770385 -0.296819649832846 -0.393632637375431 -0.462307649576889 -0.457727145637949 -0.415530812540681 -0.354973291769823 -0.287337649526568 -0.224234734205135 -0.153670793166291 -0.0926980798272121 -0.0166398288725683 0.0570450407695172 0.127817744384596 0.196217519245665 0.267338791439215 0.350752558462361 0.437292041914773 0.502696786918744 0.5588876204509 0.607470191660177 0.569665055042959 -0.342386855700456 -0.349588707504659 -0.32778732716486 -0.286822640034196 -0.257592784075894 -0.223174712257849 -0.185827615096698
-9999 -9999 -9999 -9999 -9999 -9999 -9999 -9999 -9999 -9999 -9999 -9999 -9999 -9999 -9999 -0.173778520904932 -0.86577190437209 -1.0492477400617 -1.22467663667275 -1.24609840267629 -1.19178246067967 -1.23558987707566 -1.38212474934679 -1.47745906653756 -0.647912671331055 -0.67243273413376 -0.761261328501063 0.0492654877728711 -0.198008391513583 -0.333946970452086 -0.375613341011261 -0.423315822724547 -0.388960384760948 -0.332623732742809 -0.276565250785386 -0.206651741206347 -0.142200941197826 -0.0684943623802414 0.00416566442264885 0.074046575848267 0.14363767262944 0.211540149643893 0.282969094542313 0.356466136933386 0.424104127587275 0.493326815098884 0.536081471342331 0.530445235049749 -0.33082633081642 -0.324568509096656 -0.296585662062601 -0.260530962555995 -0.230786390324015 -0.203871077004073 -0.176549426444646
-9999 -9999 -9999 -9999 -9999 -9999 -9999 -9999 -9999 -9999 -9999 -9999 -9999 -9999 -9999 0.318645669624525 -0.117489130285388 -1.05972303916773 -1.20874192659166 -1.25573109207171 -1.24945849127978 -1.26658885201382 -1.37599178363841 -1.45312396667185 -1.47899988952889 -1.47816660739355 -0.483435013530839 -0.708000768125961 0.126072833062549 -0.0727124920584975 -0.162903680612848 -0.375436892730073 -0.368116100767303 -0.358330146558897 -0.311012093929886 -0.238355092990322 -0.184286755988462 -0.106176829800773 -0.0376548244039884 0.0287696576062901 0.102177046115005 0.162008930559056 0.228239151710767 0.287317927838584 0.358322745663178 0.434804154013236 0.490469513852328 0.506307617178186 -0.311231108008241 -0.300021436679283 -0.273066702784183 -0.239588251593015 -0.215151719337523 -0.194659249326068 -0.177171910168689
-9999 -9999 -9999 -9999 -9999 -9999 -9999 -9999 -9999 -9999 -9999 -9999 -9999 -9999 -9999 -9999 0.136062932341754 -0.962278980830012 -1.07477480467073 -1.15380760565945 -1.23093431155938 -1.24798214438989 -1.35502206681072 -1.4364119857974 -1.46896841188357 -1.46997750451231 -1.48335155863361 -1.5413937604795 -1.58874397908379 -0.694187511218798 -0.834781279980841 -0.861793842466511 -0.23184014033329 -0.357494401431128 -0.364522305710729 -0.27497960767563 -0.180146820855901 -0.122768617427703 -0.075726721907325 -0.0114132025446428 0.0693918073822128 0.14359675352183 0.191705943653703 0.242130133018796 0.304436248332425 0.377295662760475 0.441926880348981 0.480153717918354 -0.287206781616546 -0.269913122119962 -0.253595188356823 -0.232490293011687 -0.214939778360639 -0.200437055690316 -0.189448818451635
-9999 -9999 -9999 -9999 -9999 -9999 -9999 -9999 -9999 -9999 -9999 -9999 -9999 -9999 -9999 -9999 -0.0735897987177443 -0.883749392152367 -0.985811188451528 -1.08423178755644 -1.18425727456165 -1.23075261615168 -1.32983149676251 -1.23578716387752 -1.24831755196223 -1.385000052034 -1.22719473483985 -1.47335293207315 -1.49589512585482 -1.55657223839679 -1.51564320334665 -1.3262863358726 -0.905038633176105 -0.980908061365955 -0.388954194019519 -0.312553254420864 -0.184292015779608 -0.161422690614623 -0.119184838728825 -0.0517526702594253 -0.57573317829056 -0.513514670114597 -0.492332471706281 0.197031163974237 0.246414136794766 0.317656258490718 -0.342263151395097 -0.300907366313676 -0.266859063589758 -0.244059049874442 -0.237512874480077 -0.229427269785521 -0.222650805081202 -0.214956417436874 -0.208370321092319
-9999 -9999 -9999 -9999 -9999 -9999 -9999 -9999 -9999 -9999 -9999 -9999 -9999 -9999 -9999 -9999 0.253619928496349 -0.821084275505505 -1.01917653064036 -0.265345044711803 -1.18062466044527 -1.22010848590278 -1.27756587547338 -1.26923045574273 -1.23690868125037 -1.30311862297871 -1.35422113653656 -1.43381632454743 -1.47947746509568 -1.50841769688882 -1.47265749714386 -1.44311425001498 -1.36806194705766 -0.930210605079052 -0.921712516370493 -0.886100775427142 -0.83685632957115 -0.765745933427899 -0.700376880691432 -0.631305317227355 -0.549423285781762 -0.480014405587261 -0.487170861765884 -0.507694096322619 -0.486067450146881 -0.43746922567496 -0.374062476516864 -0.315108193536283 -0.261747555934801 -0.23366971320463 -0.235098288582467 -0.241780247666029 -0.247422234451539 -0.250398369765906 -0.243147138661933
-9999 -9999 -9999 -9999 -9999 -9999 -9999 -9999 -9999 -9999 -9999 -9999 -9999 -9999 -9999 -9999 -9999 -0.3093182502201 -1.02524591564684 -1.14514182430169 -1.18338061204108 -1.22287087210364 -1.25509007440655 -1.25768337390921 -1.23626869698775 -1.29570630044611 -1.28169744017302 -1.38374091488299 -1.40755840614653 -1.43380571845306 -1.39111591877234 -1.36195440514917 -1.41642072820162 -0.858659231202618 -0.852525902126812 -0.843541297184628 -0.833806770447385 -0.789919971320762 -0.718034796393219 -0.638398544230717 -0.564312165943509 -0.483145526236724 -0.511234089583994 -0.539325618641718 -0.516897236339127 -0.465049816890957 -0.403832145802674 -0.33704542921137 -0.273730655109929 -0.24118072812666 -0.243320304563228 -0.253082483113437 -0.264630557317849 -0.278665881234028 -0.267598615277981
-9999 -9999 -9999 -9999 -9999 -9999 -9999 -9999 -9999 -9999 -9999 -9999 -9999 -9999 -9999 -9999 -9999 -9999 -0.257634053096935 -0.994804293229229 -1.17615847225821 -1.31745852511411 -1.28220792862653 -1.27656707113183 -1.27882104361721 -1.29075319687516 -1.36905738500236 -1.37419595028115 -1.35954582359725 -1.33207533305935 -1.2936506520028 -1.29233253087001 -1.3614901149774 -1.37887752216561 -1.31617408662973 -0.751704441684361 -0.781796741977892 -0.761001986413071 -0.730677919617364 -0.698960635189108 -0.634634708162586 -0.600322986625683 -0.57675246521624 -0.566928344063271 -0.53309116617494 -0.481256443526289 -0.421742416530101 -0.366375026632863 -0.320703997283831 -0.285035732628097 -0.262344004217954 -0.256680965292171 -0.273836836622809 -0.289261967079889 -0.271915145245103
-9999 -9999 -9999 -9999 -9999 -9999 -9999 -9999 -9999 -9999 -9999 -9999 -9999 -9999 -9999 -9999 -9999 -9999 -9999 -9999 -1.02672329496462 -1.28559845574018 -1.20881502459383 -1.20888565210593 -1.23247372703687 -1.26152714877205 -1.33110928307161 -1.33291546042883 -1.31532972578654 -1.28803292070601 -1.27428056744864 -1.25483082029924 -1.31920610454065 -1.31332867752447 -1.34790450722525 -1.31147707135942 -0.690105630741423 -0.70848271519996 -0.724583600667904 -0.717367173441689 -0.689283140586732 -0.657757349822947 -0.615792247967217 -0.582856839341725 -0.53897525851154 -0.488793042081926 -0.438575926738996 -0.393882899740972 -0.358932125347097 -0.322103622350956 -0.286616151826888 -0.266963688306855 -0.27776973800499 -0.289756879375842 -0.271109969309122
-9999 -9999 -9999 -9999 -9999 -9999 -9999 -9999 -9999 -9999 -9999 -9999 -9999 -9999 -9999 -9999 -9999 -9999 -9999 -9999 -9999 -9999 -0.989051067645949 -1.04281028458716 -1.08817707213544 -1.17030766615779 -1.26549295261977 -1.30503770008308 -1.28978040925889 -1.25929930191698 -1.3063046300205 -1.32878167890512 -1.31374128687626 -1.33182278009005 -1.32809181329256 -1.33934417754293 -1.29733984761907 -0.569708089603462 -0.654684156770213 -0.696067611229422 -0.680117044833365 -0.668703688201967 -0.636470358646841 -0.576762240782087 -0.530927444399498 -0.485594280746501 -0.447193075376736 -0.408550722538992 -0.37794984321305 -0.34347144689519 -0.304809601945338 -0.281739888199078 -0.279168842076775 -0.28064719007325 -0.265004455348555
-9999 -9999 -9999 -9999 -9999 -9999 -9999 -9999 -9999 -9999 -9999 -9999 -9999 -9999 -9999 -9999 -9999 -9999 -9999 -9999 -9999 -9999 -9999 -9999 -0.92286874663631 -1.01022348453901 -1.13344102496748 -1.2647879454325 -1.29641923465058 -1.27481002113864 -1.28090057429256 -1.27991453831148 -1.26401496247063 -1.2379153581309 -1.26352257584174 -1.27160194073398 -1.29062185983705 -1.25220018287148 -1.19239847043263 -0.586153624293072 -0.621529650530665 -0.634747606194161 -0.620583637100752 -0.573331701194091 -0.523797195518432 -0.476992215462397 -0.432290585799694 -0.397726760452336 -0.375667303954404 -0.345567472657786 -0.308813758230124 -0.284942259676483 -0.285909446884735 -0.29044344008207 -0.279168483877114
-9999 -9999 -9999 -9999 -9999 -9999 -9999 -9999 -9999 -9999 -9999 -9999 -9999 -9999 -9999 -9999 -9999 -9999 -9999 -9999 -9999 -9999 -9999 -9999 -9999 -9999 -1.07345876293943 -1.19851478995742 -1.27689781487403 -1.29882482587074 -1.23529625164163 -1.11587878757227 -1.15989464200297 -1.17190379541917 -1.16245126103214 -1.18196783104363 -1.12168656239262 -1.19890845617471 -1.17937448064959 -1.1374856494047 -1.07286917404394 -0.59428391114751 -0.602046272217913 -0.566254013142104 -0.5255143593429 -0.465019224137415 -0.407332066032605 -0.384591084805968 -0.361303389449787 -0.335683021735635 -0.313061497052705 -0.292724609294153 -0.30234288313564 -0.320100323756183 -0.307648938370011
-9999 -9999 -9999 -9999 -9999 -9999 -9999 -9999 -9999 -9999 -9999 -9999 -9999 -9999 -9999 -9999 -9999 -9999 -9999 -9999 -9999 -9999 -9999 -9999 -9999 -9999 -0.775161726510498 -1.11374683992389 -1.22137346388105 -1.24942343182218 -1.21807615762098 -1.13905634424017 -1.1302476386855 -1.1129340921379 -1.11885852629061 -1.16222753367987 -1.16849918769678 -1.18532711525064 -1.16873215299652 -1.14708268848983 -1.10220129412947 -0.991456662597179 -0.930621455450142 -0.865084181909707 -0.498286044611361 -0.461571754718496 -0.406729082173885 -0.390756112716318 -0.375936394253821 -0.353502372746175 -0.326979429986548 -0.310920344884904 -0.324115418455157 -0.341768988035829 -0.324775117875472
-9999 -9999 -9999 -9999 -9999 -9999 -9999 -9999 -9999 -9999 -9999 -9999 -9999 -9999 -9999 -9999 -9999 -9999 -9999 -9999 -9999 -9999 -9999 -9999 -9999 -9999 -9999 -9999 -1.16181968360877 -1.20119779584229 -1.26896267500692 -1.23982069949301 -1.12407680585431 -1.08582163422131 -1.07650149124055 -1.1348167544619 -1.24213149409695 -1.2391372940368 -1.22718606181404 -1.19222355687634 -1.11332000919756 -1.00806576332282 -0.908187399785939 -0.786482072408976 -0.747695107867559 -0.793589555594909 -0.803861432905012 -0.814634076149217 -0.412481268003379 -0.394960152913326 -0.358696768997155 -0.32791000259568 -0.341287755845282 -0.358805374334463 -0.335624457740059
-9999 -9999 -9999 -9999 -9999 -9999 -9999 -9999 -9999 -9999 -9999 -9999 -9999 -9999 -9999 -9999 -9999 -9999 -9999 -9999 -9999 -9999 -9999 -9999 -9999 -9999 -9999 -9999 -1.19038391964623 -1.20845466045785 -1.21282925447738 -1.13842676583456 -1.00798678169881 -0.931468364465541 -0.93035871620114 -1.04398915594163 -1.14865782548487 -1.22921646358288 -1.28440199990196 -1.2513066578119 -1.1455343427762 -1.01618710971371 -0.936464184415253 -0.857315640595907 -0.806739416748164 -0.784425288859468 -0.766941040867493 -0.787169487622733 -0.824434736964716 -0.853999323075531 -0.403192606867656 -0.381386682996779 -0.363341546749337 -0.344065835748526 -0.309521343693263
-9999 -9999 -9999 -9999 -9999 -9999 -9999 -9999 -9999 -9999 -9999 -9999 -9999 -9999 -9999 -9999 -9999 -9999 -9999 -9999 -9999 -9999 -9999 -9999 -9999 -9999 -9999 -9999 -9999 -1.26307422839887 -1.15543963398318 -0.964891930430046 -0.838074350250483 -0.697795888780672 -0.707466826430614 -0.894779210803975 -1.00358396746594 -1.17223771145933 -1.30668991305639 -1.31206534500113 -1.16655810404038 -0.98871377336563 -0.980483758981388 -0.994104322513164 -0.93999075474938 -0.824528627289589 -0.711497740574301 -0.743662454564006 -0.768367595297143 -0.808621945114392 -0.877892028480437 -0.915907263230609 -0.385810328605211 -0.315716373226172 -0.268845038829125
-9999 -9999 -9999 -9999 -9999 -9999 -9999 -9999 -9999 -9999 -9999 -9999 -9999 -9999 -9999 -9999 -9999 -9999 -9999 -9999 -9999 -9999 -9999 -9999 -9999 -9999 -9999 -9999 -9999 -1.27124458725436 -0.506776819560988 -0.909649514990859 -0.668597841423397 -0.463755033607376 -0.461020696393572 -0.727855495056905 -0.945817312747802 -1.16253862302159 -1.3326343278308 -1.37110502056337 -1.2039254492117 -1.02044388339578 -0.968974556795948 -0.987393260106789 -0.963744903998328 -0.912732679520967 -0.825131889803346 -0.762074075727905 -0.732378252999261 -0.760903030074747 -0.861789291197779 -0.916372229466292 -0.89845715530721 -0.324404969012111 -0.26989728298702
-9999 -9999 -9999 -9999 -9999 -9999 -9999 -9999 -9999 -9999 -9999 -9999 -9999 -9999 -9999 -9999 -9999 -9999 -9999 -9999 -9999 -9999 -9999 -9999 -9999 -9999 -9999 -9999 -9999 -1.31502005879972 -1.12319499367225 -0.0729218192805749 -0.569776460633213 -0.254868670085558 -0.263582200231515 -0.667111860053271 -0.911966345937672 -1.17318378649413 -1.39225011091863 -1.43514479412881 -1.24151514720145 -1.0070877044085 -0.947656038268181 -0.962911949122884 -0.943337256893855 -0.920502263873979 -0.928659237313494 -0.839055291920534 -0.73075341252588 -0.729274936154664 -0.850194090634701 -0.949894193146208 -0.888613148710119 -0.83107799704378 -0.821436021754096
-9999 -9999 -9999 -9999 -9999 -9999 -9999 -9999 -9999 -9999 -9999 -9999 -9999 -9999 -9999 -9999 -9999 -9999 -9999 -9999 -9999 -9999 -9999 -9999 -9999 -9999 -9999 -9999 -9999 -1.28154427886531 -1.07907098031238 -0.778863574307671 -0.507310311192645 -0.299137190666284 -0.331575819016196 -0.68364061734829 -0.969595614661882 -1.22329493005362 -1.41303825036685 -1.43149196079429 -1.24940994741717 -1.00585737936684 -0.908918898220456 -0.913698877495959 -0.90756126859572 -0.901781995674757 -0.906606067656877 -0.886354358655818 -0.870062096917995 -0.836377683170826 -0.834798909709473 -0.845792953094991 -0.846152910911322 -0.844657554823314 -0.853202580285203
-9999 -9999 -9999 -9999 -9999 -9999 -9999 -9999 -9999 -9999 -9999 -9999 -9999 -9999 -9999 -9999 -9999 -9999 -9999 -9999 -9999 -9999 -9999 -9999 -9999 -9999 -9999 -9999 -9999 -1.2665473416771 -1.00967542247261 -0.669559570530766 -0.475883469907105 -0.353155635963673 -0.422643455701995 -0.756059154231338 -1.02557110847719 -1.25017215228802 -1.41396561420262 -1.42870662049917 -1.20789934916582 -0.938263993805597 -0.849259126701688 -0.844270969107746 -0.844934812122775 -0.861233841556359 -0.874948660352826 -0.883500125138714 -0.915419139577385 -0.918025651998718 -0.822201564455741 -0.739884499073712 -0.82110096386764 -0.873243767447182 -0.890666671726352
