meets/meet004/analise_selecao_variaveis/pca/pc5_e.asc
NCOLS 154 
NROWS 168 
XLLCORNER -112 
YLLCORNER -55.5 
CELLSIZE 0.5 
NODATA_value -9999 
[rows 50 to 74 of 168, columns 55 to 109 of 154]
-9999 -9999 -9999 -9999 -9999 -9999 -9999 -9999 -9999 -9999 -9999 -9999 -9999 -9999 1.83169831045346 0.902882261968606 -0.979997694967421 -1.08397080361418 -1.21930130751306 -1.3058156500123 -1.28110593155739 -1.03436031239367 -0.984699891991564 0.69147209267637 0.706510057832257 -1.0089178110621 -1.09350004666014 -1.23921654096895 -1.39940624324706 -1.50591674429183 -1.59825125898437 -1.62962039452389 -1.63074869733089 -1.60635558958331 -1.51501319546614 -1.29444132514898 0.418119027146124 0.426345512825709 0.349862818633137 0.538377699660751 0.711916098558546 0.896004259627652 1.02150371786085 1.14899111755798 1.17332943495835 1.08540276032899 0.97814789979879 0.902383201226649 0.83424445054996 0.756703804408813 0.715226040627639 0.665771973289635 -0.496604105301287 -0.358882183913007 -0.251116817388803
-9999 -9999 -9999 -9999 -9999 -9999 -9999 -9999 -9999 -9999 -9999 -9999 -9999 -9999 0.706419428892203 -1.29801184368983 -1.14178695175406 -0.945885126619977 -0.770269159458802 -0.647670910110802 -1.27622259179333 -1.16016949815924 -1.17989333707143 -1.15283856283888 -1.21266115883871 -1.28773842157816 -1.41348691279827 -1.45888970763407 -1.4926443465959 -1.54157633888519 -1.59866163856177 -1.6118201063614 -1.58199346115822 -1.53940627041902 -1.51678781867856 -1.3049960536008 0.144817424155407 0.286433367639519 0.2113454751959 0.402441001000536 0.645734887665217 0.84758073247668 1.00820138334188 1.11475499166379 1.14212398536182 1.1117838558714 1.05851375813555 0.980321482928391 0.900017173123151 0.801243357397085 0.65111946493074 0.608980402703215 -0.47362142428481 -0.343480548723935 -0.225093989498739
-9999 -9999 -9999 -9999 -9999 -9999 -9999 -9999 -9999 -9999 -9999 -9999 1.41214694368961 -0.433138900566992 -1.26618919244743 -1.4406232365707 -1.40415609864936 -1.21518839888673 -0.958469189967436 -0.654056489114354 -0.523276957787381 -0.34755789847473 -1.31427238160531 -1.361393554575 -1.42407774005718 -1.45356701263965 -1.45626253080937 -1.49540991379829 -1.53629570767095 -1.5741505290164 -1.59649123993133 -1.60184177920162 -1.55789927470961 -1.50717500869897 -1.48193891880829 -1.36895370414696 -1.17234965754005 0.0716156068516023 0.23809122899647 0.232931221228057 0.497698146604134 0.744728199102141 0.880748969839656 0.985068194899787 1.00642349098356 1.00445160531932 0.974545362733386 0.859301801852085 0.781959114181413 0.635375480208614 0.544728273849416 -0.580941154661434 -0.454721541647279 -0.350138709087135 -0.218774579293474
-9999 -9999 -9999 -9999 -9999 -9999 -9999 -9999 -9999 -9999 -9999 1.18544451631471 1.07176366960613 -1.22034397936947 -1.30126921516992 -1.36238750631735 -1.47211326641998 -1.50624429728113 -1.11121174100857 -0.872233434571098 -0.785792198885305 -0.727184512252484 -0.730136903126652 -1.48408716832 -1.52842545570523 -1.54287901871708 -1.55523202020142 -1.59162733993296 -1.62667887374209 -1.59001050932987 -1.53336345180355 -1.49226286349608 -1.47200248339191 -1.47074189202003 -1.5008928507838 -1.46004781542595 -1.26589914110052 -0.166888927817367 0.0338663616317039 0.0283599010207147 0.271428584645398 0.512486713104361 0.660383542870632 0.751629407709949 0.764314721619646 0.737175078372076 0.646876836618555 0.52740423833821 -0.826611149118464 -0.759697288238945 -0.695546602577405 -0.564404048654858 -0.423990079864037 -0.339985150855594 -0.155506788230927
-9999 -9999 -9999 -9999 -9999 -9999 -9999 -9999 -9999 -9999 -9999 1.07693141707593 0.0414093108167795 -1.29241327295051 -1.26403481224843 -1.31868220433826 -1.40527998354905 -1.44445332856125 -1.37935359276973 -1.2112678042169 -1.09808894051811 -1.06837462276887 -1.15678626937182 -1.21556521818897 -1.30369563848159 -1.40273006605567 -1.62649441334544 -1.58482001767938 -1.54391480981416 -1.46973608969171 -1.36800318703423 -1.3678828367959 -1.38808830641023 -1.42632697298083 -1.47809078056737 -1.529273930342 -0.690354809717705 -0.445723871744497 -0.234007555543088 -0.0643633227757218 -0.0225606758840756 0.170903280048738 0.272579365349891 0.374697695886869 0.357552414626413 0.264065204738414 -0.975057966662502 -1.02381652984655 -0.971217684878342 -0.826420117947838 -0.683844640920492 -0.509100980613635 -0.384463794487456 -0.264173320105567 -0.07294370886345
-9999 -9999 -9999 -9999 -9999 -9999 -9999 -9999 -9999 0.157779814897607 -0.212411265096171 -1.210453385496 -1.29231206662409 -1.2939272666144 -1.27087819603644 -1.3187362158934 -1.4427067876089 -1.39947780589834 -1.55918189823866 -1.50420867810871 -1.4703759618695 -1.45815184787384 -1.48583627841754 -1.49709941176769 -1.51383504899012 -1.53989253342586 -1.53123800648019 -1.51431491124097 -1.50496506664777 -1.50052012648082 -1.5000943473705 -1.48969266358845 -1.29259731403759 -1.45856709392564 -1.33360828662443 -1.1735244391241 -0.956802015151528 -0.694881139870946 -0.513177415595751 -0.365995109015746 -0.239259898494328 -0.166475904167713 -0.156057086129473 -0.133437802020252 -0.168489500356329 -1.28215278700969 -1.19945844288965 -1.06084837257862 -0.910519614850943 -0.762483302240417 -0.564053184724352 -0.405116067356386 -0.243553762441514 -0.121131503098794 0.445784730226801
-9999 -9999 -9999 -9999 -9999 -9999 -9999 -9999 -9999 -0.521898642371093 -1.27426255908397 -1.26221139926687 -1.30656993419097 -1.24556585238066 -1.29311320287776 -1.1350542073112 -1.18160344376681 -1.36175945432327 -1.55730551852084 -1.65707468956664 -1.65423019782572 -1.62623720295991 -1.60068409608072 -1.56600862850568 -1.54409043772548 -1.53566169858154 -1.51754181235224 -1.50343090380873 -1.49068777515536 -1.49524459663745 -1.50795490318024 -1.51692230948642 -1.51380073451133 -1.50092398672179 -1.50825253625015 -1.37933919731512 -1.24222450474935 -1.06056965276165 -0.860428981605007 -0.735867908550918 -0.674637045704629 -0.642972597788993 -0.655081848538677 -0.641268746547033 -1.42086322290095 -1.2899931933826 -1.14874814000213 -1.01277752393139 -0.841035344232313 -0.625282563224497 -0.427058006144135 -0.261215072636899 -0.130897322595166 0.286261825498631 0.388248540055654
-9999 -9999 -9999 -9999 -9999 -9999 -9999 -9999 -0.541872879121003 -1.28123507855532 -1.15581476433931 -0.984483761508094 -1.09666271774179 -1.13050422725899 -1.15822802667304 -1.16511850525823 -1.16063912852616 -1.33779821694778 -1.53616568523893 -1.58280484959068 -1.58061921126495 -1.56411242961185 -1.54799713618907 -1.53141311346989 -1.52066777050362 -1.50896472402541 -1.49979834472302 -1.49799521502914 -1.49313378302324 -1.49981552896742 -1.52790700046333 -1.56158794626503 -1.56171601943401 -1.56710841009462 -1.55231432671018 -1.51370341399663 -1.41679248298781 -1.35607708955217 -1.26201696310955 -1.16737983143547 -1.11302742500079 -1.0457070965402 -1.00588873056232 -1.52567522543352 -1.41190564386585 -1.24476067305603 -1.05558699074003 -0.864623692781369 -0.653058261509007 -0.466287908361946 -0.29263742214159 -0.149850998569029 0.106188246303307 0.154564972446487 0.244581662309338
-9999 -9999 -9999 -9999 -9999 -9999 -9999 -9999 -0.308541553441316 -1.10572774361451 -0.800564858942118 -0.816065511213636 -0.952979265716506 -1.10542199285999 -1.22643602140924 -1.22442507976757 -1.20589007651071 -1.36313494989032 -1.47080323536838 -1.5089933841237 -1.50830815862416 -1.49882610696295 -1.493708617795 -1.47647810261555 -1.4623306261506 -1.4610704003786 -1.45690596634049 -1.46094502195822 -1.46771173140254 -1.49434578292611 -1.54196513108591 -1.58294061782071 -1.62091804638269 -1.60303025199742 -1.59571085649376 -1.59987867369084 -1.58697869437748 -1.53434341073981 -1.44936175408764 -1.40517471725479 -1.38750765216294 -1.3177818419157 -1.26091832459009 -1.36690691655935 -1.19782944752719 -0.989971553797826 -0.78986615743455 -0.602940517572095 -0.406751002148413 -0.237048266857483 -0.0821392108610072 0.0239425590943178 -0.032290704741064 0.0335951851388253 0.141529580005168
-9999 -9999 -9999 -9999 -9999 -9999 -9999 -0.307821693387375 -0.050890535775678 -0.903660218829509 -0.695214365832834 -0.77339581392935 -0.915885139594118 -1.20243519380857 -1.34001221152361 -1.30137003286858 -1.24283281423071 -1.30797130170117 -1.37574023081173 -1.38890676167004 -1.39584359583069 -1.3953303727025 -1.38569864746785 -1.38374959893391 -1.37834925830032 -1.38568946656386 -1.39728653931181 -1.41040243992843 -1.4297364473256 -1.45848310243678 -1.51148624834231 -1.56510943036113 -1.60852747211025 -1.62572140967654 -1.63036582986829 -1.62627884802226 -1.6202574426808 -1.60503956828033 -1.58865623077826 -1.5507935794639 -1.50158471607612 -1.42581505825642 -1.22882287627296 -1.03723336122421 -0.821706159882751 -0.56140247628518 -0.316983235467746 -0.131868763791083 0.0583002252873285 0.199920201174047 0.301894557605067 -0.0829827185965069 -0.0447489369107463 0.0242471898906055 0.0278591921117107
-9999 -9999 -9999 -9999 -9999 -9999 -9999 -0.093740131438849 0.119043253257103 -0.749552545615572 -0.600776073712813 -0.731146098229859 -0.892381927149918 -1.21481620003871 -1.29291943348509 -1.25452201624676 -1.20065291172735 -1.23580130030886 -1.27944020176676 -1.28031819532741 -1.27404140751781 -1.26310638558248 -1.24470677501067 -1.23312216387234 -1.22854542150999 -1.24304998314292 -1.26939700445547 -1.29685389931334 -1.3369992131378 -1.37776760651773 -1.43327103621579 -1.4962596607391 -1.55402382401014 -1.57694810375591 -1.59951050621118 -1.62619194167707 -1.62277862387971 -1.60347476081164 -1.56170103656571 -1.49449426114693 -1.41588582483068 -1.31063869826696 -0.747724446851628 -0.552933055851588 -0.316115911745222 -0.0632838225943757 0.16173170108346 0.347758523273297 0.499880596840643 0.60917063145528 -0.136931079416221 -0.0845014278535104 -0.0798092785181724 -0.0564206250084536 -0.0634106332304709
-9999 -9999 -9999 -9999 -9999 -9999 -9999 0.0528147288553653 0.212796318034254 -0.609795799398275 -0.494307460029574 -0.682131254633646 -0.869981108855149 -1.14557414704443 -1.21448226144453 -1.1936556131291 -1.15624143582779 -1.18271930916665 -1.18854092361993 -1.17305072507374 -1.16020058760284 -1.14420091775818 -1.11358535938848 -1.09198360232377 -1.09061236408504 -1.1262664060363 -1.16657038774071 -1.20267367331838 -1.25278600788302 -1.30061363416887 -1.34785532284298 -1.40418136883501 -1.44919906326694 -1.49497791586172 -1.51372878316189 -1.53947702988542 -1.56539689646749 -1.53565853862965 -1.49057571504754 -1.41557403276354 -1.31584313971658 -1.20023733692901 -0.3308648515042 -0.0910996605270089 0.125414369056804 0.356991784504975 0.583394530959613 0.720099308877298 0.862708557024711 0.947972577616071 -0.140613767681073 -0.111851993054236 -0.129574274811088 -0.161382020945979 -0.156679493165719
-9999 -9999 -9999 -9999 -9999 -9999 -9999 -9999 1.45683476085756 1.58631401405393 0.608093160077417 -0.63136158029152 -0.819143198392127 -1.07505975939194 -1.12175372980955 -1.12508450694761 -1.12739855621085 -1.13910924043211 -1.11158674104375 -1.08078843741546 -1.05718165024561 -1.03132818688971 -0.998206297365497 -0.975849202438263 -0.977514553917068 -1.01439121149442 -1.06286914270953 -1.10548799328353 -1.1545988253624 -1.20255492198165 -1.24341219370352 -1.28896831544055 -1.33133247224907 -1.37948968974161 -1.41296070024748 -1.42846547556107 -1.43725995672275 -1.41408584106266 -1.38220307038369 -1.30379450701699 -1.207831942543 -1.08484355502746 0.0829332582153059 0.306769050928186 0.516167244823342 0.724016120203959 0.905395572172572 1.03537011688744 1.1337705419914 -0.222917975299602 -0.180502256463948 -0.161801928232652 -0.18014183476671 -0.214217072468646 -0.260596528757492
-9999 -9999 -9999 -9999 -9999 -9999 -9999 -9999 -9999 1.63292547800614 0.535886574573424 0.200247788495834 -0.797211555027338 -1.02209019747491 -1.05308594258788 -1.07837689456505 -1.09676647474717 -1.09110975788723 -1.05075285292852 -1.01064887467783 -0.987615240002741 -0.949984501086893 -0.922365762225347 -0.890883968906068 -0.889882876266454 -0.932672598806138 -0.97422470967976 -1.01293202565937 -1.05670935738082 -1.09815289599537 -1.1390778750708 -1.16717240789084 -1.21242822121491 -1.25286886925091 -1.27933828189774 -1.29232711362452 -1.284125799001 -1.28786833902301 -1.25773275803415 -1.20046001715814 -1.09835134872494 -0.975749232967534 -0.862353012714049 0.624720287379839 0.832186356146124 1.0219616761583 1.22436089466709 -0.274887340890158 -0.206523615474576 -0.158844846041762 -0.123285555285438 -0.112458967442652 -0.140920221392843 -0.182441278823618 -0.239071643802275
-9999 -9999 -9999 -9999 -9999 -9999 -9999 1.27180067657725 1.11263320498622 0.76914661119718 0.392829835969712 -0.638035738867783 -0.823841601003475 -1.00917137476192 -1.04031256704874 -1.06057678714295 -1.06007074090067 -1.05280816980917 -1.01863050458781 -0.970416392183148 -0.935519132233341 -0.900882067465772 -0.873846400310537 -0.857947925734846 -0.85353106021888 -0.867200097050092 -0.889939525569247 -0.919122113508709 -0.956233157194747 -0.990789630401111 -1.02974483564503 -1.06546130032329 -1.09726277128037 -1.13000984451662 -1.14937791755906 -1.15916691166321 -1.15665143091489 -1.13491379789795 -1.10172106329937 -1.06477289745048 -0.961195067193219 -0.838183995955113 -0.713030387723244 -0.587757378669302 -0.469439031045066 -0.354868144511936 -0.261158996862385 -0.195231677293246 -0.147124214635213 -0.114658013617762 -0.0883779016901895 -0.0813449390718871 -0.109128765117636 -0.154165652651676 -0.213401444520322
-9999 -9999 -9999 -9999 -9999 -9999 1.52789343005131 0.982949025162541 1.9839160378008 0.536135572190065 0.21271101670675 -0.707185181338256 -0.891824163665961 -1.04118443166634 -1.07142986116876 -1.08142928348127 -1.03220849846987 -1.04328990725236 -0.997484470437121 -0.954624059731588 -0.916392784341807 -0.872421175351562 -0.846747276667941 -0.836056386080134 -0.823208883185046 -0.823174317980276 -0.818741567830379 -0.842350885426433 -0.869146834613973 -0.892615425836719 -0.930217296892859 -0.963954996578334 -0.987081097478545 -1.01620355811366 -1.03173428567072 -1.04610430570234 -1.04747902414266 -1.00627704908126 -0.960487903976762 -0.914070556480134 -0.835104361955186 -0.714176896144502 -0.60294854537735 -0.486959051236371 -0.38095035181846 -0.275487640232143 -0.181504276401863 -0.146404838162848 -0.110050457599328 -0.0898135361978559 -0.0638327916174053 -0.0506627447361696 -0.0957113011955807 -0.132865366084038 -0.190316454959534
-9999 -9999 -9999 -9999 -9999 -9999 0.144020268506687 0.860043406624141 1.7503279384629 0.369515921208724 0.0400842148690231 -0.266076436735049 -1.00504080695166 -1.09646212766872 -1.1033662393998 -1.11383954045924 -1.10573163696339 -1.08883709011215 -1.02541621087085 -0.966699655161088 -0.906373094820096 -0.858641791592794 -0.831658425511549 -0.813651527541575 -0.794422299250858 -0.783088326546371 -0.781774040139591 -0.789741433945504 -0.805026656856152 -0.817828190592201 -0.835271401992201 -0.852812039840019 -0.873879247919917 -0.893700902415299 -0.905837037568038 -0.915347900402677 -0.909919465190703 -0.879984310750924 -0.837876874800531 -0.796920126045911 -0.744074183193391 -0.641288769950713 -0.536742176790534 -0.433999346454303 -0.339243470745096 -0.251199162875755 -0.180038447963239 -0.134265560197036 -0.104908242935611 -0.0859927931536449 -0.0675635134887993 -0.0624279971376673 -0.0839468186319983 -0.118356285042734 -0.164055274799142
-9999 -9999 -9999 -9999 -9999 -9999 -9999 -0.161243113091832 1.54770882319463 0.280942041672423 -0.12276818645926 -0.421034486390108 -0.58328564700855 -1.16599282946933 -1.15287322827972 -1.15752686997888 -1.1648210737196 -1.13911244220895 -1.04352813718987 -0.968436064452147 -0.907133033182534 -0.842814151091435 -0.825991583253329 -0.806392790460972 -0.778998039737226 -0.76058136901667 -0.746475730399392 -0.750550671210017 -0.759143884985282 -0.75771392925115 -0.761575285092387 -0.76056512397225 -0.777471241239911 -0.789125444982649 -0.793762371993122 -0.802891740786858 -0.794391082648419 -0.76735996551653 -0.731326284467617 -0.698704284476223 -0.668063844882121 -0.591531827288018 -0.503852033819094 -0.410894789836538 -0.329665448554879 -0.25246078290978 -0.174741386258764 -0.137341710264665 -0.0988341202158372 -0.0791533668199132 -0.065855441459919 -0.0632670009296224 -0.0844743999475558 -0.10669772121194 -0.141680998432085
-9999 -9999 -9999 -9999 -9999 -9999 -9999 -0.182943213930662 0.580472542492615 1.08344612767627 -0.113757927112164 -0.437182339966281 -0.599730316270848 -1.15879086680245 -1.20057365496809 -1.20037379715313 -1.21829773257399 -1.17230633130433 -1.09716928276764 -1.02131694809169 -0.929825409140676 -0.840369758350148 -0.82158507370294 -0.817101831050674 -0.79713400639705 -0.764974784530467 -0.735483367385213 -0.728395761934239 -0.724521280765867 -0.718553154679608 -0.714244902092302 -0.708632414617011 -0.711896618149812 -0.715381794255263 -0.713209063581031 -0.711444602808491 -0.699258324178619 -0.67622397244308 -0.646914969543584 -0.622206058641017 -0.603090062261931 -0.566748779613416 -0.488184399888492 -0.408155248916433 -0.332925559339336 -0.267890327777385 -0.210249321010242 -0.167532580114533 -0.131388299857325 -0.108494606475489 -0.0946444657185813 -0.0871914247426103 -0.10086028831302 -0.114465573930772 -0.13180955394583
-9999 -9999 -9999 -9999 -9999 -9999 -9999 -0.0971268196192546 -0.264211965112887 0.500520636602692 0.800931320963565 -0.328844894942754 -1.07265826753768 -1.08276469392871 -1.14189287483055 -1.20063051425693 -1.22655920821145 -1.23182238940901 -0.66387805355198 -0.538535659627942 -0.985254452947962 -0.854520803733943 -0.829839038687089 -0.849245705925286 -0.835898120106551 -0.789312994357912 -0.744359542831077 -0.72555441519237 -0.714985874766698 -0.695287116924731 -0.680794195599378 -0.664140693914824 -0.656018123466924 -0.655414821030561 -0.642274282431041 -0.630997229435419 -0.6136342314592 -0.588253269086791 -0.565352579488451 -0.541225969215469 -0.525813601443805 -0.510156109271465 -0.465499666230845 -0.409447692373604 -0.352810345155033 -0.297982610725176 -0.254769580954355 -0.218187162343248 -0.183292313870855 -0.162794063264582 -0.145029387208232 -0.130710210025335 -0.141983941762955 -0.142747684653136 -0.149673093569978
-9999 -9999 -9999 -9999 -9999 -9999 -9999 -9999 -9999 -0.257993647273493 0.505708431069432 -0.065596839659436 -0.958179913836766 -1.03719888344096 -1.07248164606126 -1.1441549633774 -1.21855698209058 -1.27689963154419 -0.773078802726047 -0.649334153902402 -0.464594474172381 -0.89246015272489 -0.872936869706402 -0.909434795657304 -0.224336113887668 -0.837751177625872 -0.781429358263999 -0.758386443154229 0.0359200130598351 0.0841625148809254 -0.679326258817167 -0.641434306049919 -0.626234842872446 -0.608007104201455 -0.585219644314886 -0.568293977342049 -0.541484317857885 -0.524468000852629 -0.504177872383637 -0.485039392000797 -0.476897537152837 -0.463275598180112 -0.451109315689815 -0.426040805276251 -0.383762030621014 -0.348947418162074 -0.316870795451923 -0.288221298252661 -0.261866462010383 -0.241344848626919 -0.226986631137693 -0.212983940889947 -0.206610681487383 -0.195832038675171 -0.178028743109318
-9999 -9999 -9999 -9999 -9999 -9999 -9999 -9999 -9999 0.1305933994219 0.709348561927242 0.220478525104912 -0.832847032262204 -0.972021927202197 -0.993365822074308 -1.23132527058208 -1.19307234271383 -1.27122465143541 -0.80015376021798 -0.705555485300078 -0.51711833336684 -0.927993474768445 -0.916277143537964 -0.320434212988243 -0.282791998036663 -0.213085387997118 -0.824821950779417 -0.0835878623459237 -0.0433740530195549 0.0177935176112595 0.0976064734117885 0.176861258583101 0.228406289992392 0.282210375383712 -0.559088703534044 -0.530249359773169 -0.496778168097909 -0.475326822733308 -0.46156334351371 -0.444901454777962 -0.437322047525588 -0.431117319131459 -0.423963324783499 -0.419551931357147 -0.40918752336515 -0.392356077900695 -0.374866712413236 -0.346690277636946 -0.314361639931446 -0.288517021674316 -0.264040724096789 -0.24353242913138 -0.231131731024774 -0.212007372180199 -0.188356895319442
-9999 -9999 -9999 -9999 -9999 -9999 -9999 -9999 -9999 -9999 0.905577734928824 1.76243139623912 -0.67907177325453 -1.17756578179677 -1.1160107368281 -1.1699181008606 -1.2962889967854 -1.2158773277003 -0.750270307313075 -0.683875496443037 -0.557781765365364 -0.972884640562886 -0.952046615061182 -0.370384156616506 -0.324111804528374 -0.256276669833355 -0.195064192584499 -0.151229615119068 -0.111995315122021 -0.0591863348770456 0.0274437203276693 0.111889487448657 0.177511844881384 0.236774408185071 0.29572919749616 0.360140598465176 -0.488446448428974 -0.466230178940661 -0.443457543991112 -0.427562182131315 -0.424417106405465 -0.417275497098195 -0.418694758605808 -0.4180277756152 -0.410354357276083 -0.407703242481911 -0.393999735550362 -0.365516481052904 -0.331797326664349 -0.302147195125495 -0.285972840587746 -0.267972483632879 -0.252483520325804 -0.232668532320713 -0.208373502483918
-9999 -9999 -9999 -9999 -9999 -9999 -9999 -9999 -9999 -9999 -9999 2.26341810547483 -0.471286011006 -1.13865169132882 -1.10301606444128 -1.12664596862771 -1.24017515381974 -1.1058956971375 -0.651792761641607 -0.626477014957419 -0.559574120409362 -1.01052258135726 -0.986637422360775 -0.403697662154687 -0.356577308851107 -0.294112771920706 -0.239638397974475 -0.198599367809953 -0.156635756774925 -0.102692455945901 -0.0372506733927392 0.0271535895118046 0.0967107023732345 0.169162412545112 0.238968208333308 0.310948925355872 0.377119128186948 0.421841141960722 -0.453844643328141 -0.432438029181172 -0.422037275208861 -0.412730399417088 -0.413124121077083 -0.418901052156733 -0.413750630626529 -0.408746832044638 -0.397100128820887 -0.372006278170314 -0.344516142815589 -0.321149612367677 -0.303841300586375 -0.283918094002548 -0.265814890431165 1.05239163522315 1.09742940973301
-9999 -9999 -9999 -9999 -9999 -9999 -9999 -9999 -9999 -9999 -9999 -9999 -0.328999504389321 -1.12533040937165 -1.11420039436581 -1.11813799756895 -1.17858052133327 -0.969388992361207 -0.530786498461625 -0.54053999593053 -0.539344905192985 -1.04804933576685 -1.01583812922433 -0.427366471211922 -0.378502139953537 -0.326864284432631 -0.281485588304491 -0.240819948551657 -0.198067951518448 -0.147926363146294 -0.085370412233048 -0.0265896722466633 0.0402794060490002 0.110543310406169 0.172282903059033 0.244702423799744 0.311428892102982 0.366043731890438 0.412010124042365 0.45303598659514 -0.437162237867514 -0.4227563352455 -0.418391273014165 -0.418479720626929 -0.41100885758759 -0.406576279543322 -0.391272277926428 -0.377395318002223 -0.359069798568984 -0.334332645536838 -0.318639990417252 -0.294758424552232 -0.269510457590263 -0.243209906997799 -0.225347225177248
