meets/meet006/data/CCSM_0k_am_bio16.asc
NCOLS 154 
NROWS 168 
XLLCORNER -112 
YLLCORNER -55.5 
CELLSIZE 0.5 
NODATA_value -3.4e+38 
[rows 72 to 95 of 168, columns 53 to 105 of 154]
-3.4e+38 -3.4e+38 -3.4e+38 -3.4e+38 -3.4e+38 -3.4e+38 -3.4e+38 -3.4e+38 -3.4e+38 -3.4e+38 -3.4e+38 -3.4e+38 710.043762207031 750.3134765625 699.773376464844 626.040283203125 577.013122558594 563.196105957031 552.531005859375 529.315185546875 503.705474853516 498.008422851562 513.394287109375 526.541137695312 522.663513183594 512.781921386719 511.122650146484 518.911193847656 525.187133789062 524.709106445312 521.159790039062 521.978149414062 528.679565429688 536.634704589844 545.44189453125 555.4912109375 569.859436035156 588.525268554688 608.24365234375 628.337707519531 648.388122558594 669.441101074219 691.518615722656 712.323486328125 732.36181640625 750.317749023438 767.677062988281 785.598754882812 801.609436035156 818.158203125 834.059692382812 851.1845703125 870.842041015625
-3.4e+38 -3.4e+38 -3.4e+38 -3.4e+38 -3.4e+38 -3.4e+38 -3.4e+38 -3.4e+38 -3.4e+38 -3.4e+38 -3.4e+38 -3.4e+38 -3.4e+38 842.765991210938 797.8857421875 704.499267578125 639.149047851562 613.378723144531 598.707580566406 574.193054199219 542.517028808594 525.525390625 525.940856933594 525.153259277344 516.627563476562 506.693786621094 504.016845703125 509.081756591797 513.367431640625 511.778350830078 508.136016845703 507.564880371094 511.240295410156 516.883544921875 523.87646484375 532.937866210938 545.3291015625 561.256713867188 578.770874023438 597.009643554688 616.411010742188 636.028137207031 656.423461914062 676.501647949219 696.0673828125 715.383239746094 733.632629394531 752.336791992188 770.334411621094 788.82275390625 808.735168457031 829.289672851562 852.310668945312
-3.4e+38 -3.4e+38 -3.4e+38 -3.4e+38 -3.4e+38 -3.4e+38 -3.4e+38 -3.4e+38 -3.4e+38 -3.4e+38 -3.4e+38 -3.4e+38 -3.4e+38 -3.4e+38 877.575256347656 775.522583007812 700.773254394531 672.230895996094 659.898864746094 632.745483398438 600.920776367188 573.595520019531 550.736755371094 530.53662109375 516.214477539062 506.62744140625 503.56494140625 504.682678222656 505.868103027344 503.365417480469 499.727416992188 497.934753417969 498.644683837891 500.750427246094 506.624755859375 513.718444824219 524.566223144531 538.685363769531 553.332641601562 570.725219726562 587.994323730469 606.817565917969 627.394836425781 646.10009765625 666.629760742188 685.421081542969 704.301147460938 724.890441894531 743.409912109375 764.284790039062 785.664611816406 808.103149414062 834.1552734375
-3.4e+38 -3.4e+38 -3.4e+38 -3.4e+38 -3.4e+38 -3.4e+38 -3.4e+38 -3.4e+38 -3.4e+38 -3.4e+38 -3.4e+38 -3.4e+38 -3.4e+38 -3.4e+38 893.400939941406 818.20947265625 757.298156738281 727.198364257812 718.935546875 707.401245117188 684.789611816406 651.431579589844 603.821960449219 554.07958984375 527.672302246094 512.415344238281 504.543090820312 502.505767822266 500.303527832031 496.878570556641 492.862518310547 489.48828125 487.820098876953 488.042877197266 491.651977539062 497.593292236328 506.665191650391 518.441955566406 531.86083984375 547.094116210938 563.554626464844 581.552062988281 600.991333007812 620.538024902344 639.995300292969 659.349670410156 678.801086425781 699.005249023438 719.44140625 740.405639648438 762.623840332031 785.813659667969 811.55517578125
-3.4e+38 -3.4e+38 -3.4e+38 -3.4e+38 -3.4e+38 -3.4e+38 -3.4e+38 -3.4e+38 -3.4e+38 -3.4e+38 -3.4e+38 -3.4e+38 -3.4e+38 -3.4e+38 853.08447265625 826.918823242188 789.959045410156 769.598205566406 771.32275390625 782.555053710938 788.309631347656 755.063598632812 676.448364257812 589.339965820312 550.52734375 525.551452636719 511.765625 502.068145751953 496.487976074219 492.791839599609 487.728271484375 482.953826904297 479.451293945312 477.166870117188 479.759155273438 484.26025390625 491.738525390625 502.10888671875 513.921081542969 527.564025878906 542.833740234375 559.951110839844 579.240173339844 599.023986816406 617.40185546875 636.764587402344 656.509338378906 677.300720214844 697.837463378906 719.389587402344 740.952209472656 763.607727050781 788.727355957031
-3.4e+38 -3.4e+38 -3.4e+38 -3.4e+38 -3.4e+38 -3.4e+38 -3.4e+38 -3.4e+38 -3.4e+38 -3.4e+38 -3.4e+38 -3.4e+38 -3.4e+38 -3.4e+38 -3.4e+38 781.60107421875 788.450805664062 786.053771972656 803.855041503906 850.254028320312 890.742858886719 868.934631347656 778.008972167969 675.686584472656 609.804016113281 558.6474609375 528.194519042969 514.257995605469 501.957244873047 492.639862060547 484.574279785156 476.897003173828 471.311431884766 468.384063720703 468.767395019531 471.646911621094 477.491149902344 485.745300292969 495.977172851562 508.058258056641 521.996948242188 538.099426269531 555.984130859375 574.806640625 593.2255859375 612.590881347656 633.644409179688 655.859375 678.348388671875 700.717956542969 722.483642578125 743.950439453125 766.344909667969
-3.4e+38 -3.4e+38 -3.4e+38 -3.4e+38 -3.4e+38 -3.4e+38 -3.4e+38 -3.4e+38 -3.4e+38 -3.4e+38 -3.4e+38 -3.4e+38 -3.4e+38 -3.4e+38 -3.4e+38 710.137084960938 763.125366210938 786.966613769531 804.758239746094 897.333923339844 992.504211425781 985.9189453125 879.985656738281 775.068176269531 690.944091796875 618.368774414062 569.838439941406 535.721801757812 520.935729980469 496.580871582031 482.500823974609 471.879821777344 463.433135986328 459.815032958984 459.289184570312 460.032653808594 464.154998779297 471.251525878906 478.358337402344 490.254821777344 502.378326416016 517.271484375 534.652404785156 550.633117675781 570.761779785156 589.947631835938 612.44873046875 638.6484375 661.285827636719 686.282653808594 708.002685546875 727.775756835938 748.122741699219
-3.4e+38 -3.4e+38 -3.4e+38 -3.4e+38 -3.4e+38 -3.4e+38 -3.4e+38 -3.4e+38 -3.4e+38 -3.4e+38 -3.4e+38 -3.4e+38 -3.4e+38 -3.4e+38 -3.4e+38 -3.4e+38 707.324462890625 789.779907226562 861.819580078125 941.324157714844 1008.67639160156 1015.58392333984 966.285400390625 906.209594726562 847.812622070312 765.816650390625 710.398010253906 660.436462402344 589.376037597656 543.641174316406 503.605499267578 469.583068847656 460.028503417969 453.938110351562 451.762359619141 451.865020751953 454.385833740234 459.352325439453 465.937713623047 475.391723632812 486.599456787109 500.835845947266 517.277526855469 534.559143066406 553.768981933594 574.14501953125 598.741271972656 627.218811035156 653.695739746094 676.399230957031 696.288696289062 713.578674316406 729.765625
-3.4e+38 -3.4e+38 -3.4e+38 -3.4e+38 -3.4e+38 -3.4e+38 -3.4e+38 -3.4e+38 -3.4e+38 -3.4e+38 -3.4e+38 -3.4e+38 -3.4e+38 -3.4e+38 -3.4e+38 -3.4e+38 640.763427734375 783.868896484375 915.788452148438 976.535400390625 1005.54510498047 1018.68951416016 1031.02404785156 1057.91638183594 1049.62414550781 997.219177246094 946.963562011719 887.836181640625 713.523132324219 650.052917480469 572.161071777344 508.103118896484 469.524169921875 456.153533935547 454.276214599609 446.116851806641 446.967224121094 450.383880615234 454.923217773438 463.477813720703 473.543548583984 486.978515625 504.072540283203 522.002319335938 541.862243652344 562.7587890625 588.613586425781 620.093933105469 650.589599609375 668.361938476562 685.569519042969 700.106384277344 713.0888671875
-3.4e+38 -3.4e+38 -3.4e+38 -3.4e+38 -3.4e+38 -3.4e+38 -3.4e+38 -3.4e+38 -3.4e+38 -3.4e+38 -3.4e+38 -3.4e+38 -3.4e+38 -3.4e+38 -3.4e+38 -3.4e+38 -3.4e+38 733.570251464844 920.223693847656 989.020202636719 1013.33184814453 1044.30725097656 1100.39904785156 1182.10168457031 1280.9169921875 1375.06591796875 1374.72033691406 1249.92443847656 1100.05102539062 954.060180664062 776.5703125 656.216796875 589.107788085938 511.970642089844 475.237762451172 458.148345947266 443.996887207031 444.235717773438 447.804779052734 453.848297119141 462.396820068359 475.429840087891 492.910064697266 512.150695800781 532.8310546875 555.509094238281 581.584350585938 610.626892089844 637.168029785156 655.745727539062 670.380981445312 683.376037597656 695.304443359375
-3.4e+38 -3.4e+38 -3.4e+38 -3.4e+38 -3.4e+38 -3.4e+38 -3.4e+38 -3.4e+38 -3.4e+38 -3.4e+38 -3.4e+38 -3.4e+38 -3.4e+38 -3.4e+38 -3.4e+38 -3.4e+38 -3.4e+38 628.896484375 926.216735839844 946.357788085938 990.026184082031 1043.61340332031 1137.26257324219 1261.20617675781 1443.60314941406 1695.10144042969 1754.61120605469 1607.08422851562 1515.35729980469 1339.18371582031 1099.732421875 933.597412109375 817.483215332031 622.834167480469 552.665344238281 489.657897949219 452.590179443359 441.002655029297 442.169464111328 447.530578613281 453.840087890625 466.019592285156 484.839691162109 504.063018798828 525.906494140625 549.113403320312 573.723571777344 600.360412597656 625.149475097656 641.059204101562 654.403503417969 666.159301757812 679.075622558594
-3.4e+38 -3.4e+38 -3.4e+38 -3.4e+38 -3.4e+38 -3.4e+38 -3.4e+38 -3.4e+38 -3.4e+38 -3.4e+38 -3.4e+38 -3.4e+38 -3.4e+38 -3.4e+38 -3.4e+38 -3.4e+38 -3.4e+38 -3.4e+38 631.445983886719 789.407287597656 921.441101074219 1022.42407226562 1118.95935058594 1249.34216308594 1427.51281738281 1631.31713867188 1727.69653320312 1748.31872558594 1759.43640136719 1695.39721679688 1630.50708007812 1461.88500976562 1152.88647460938 887.495849609375 693.692016601562 550.379821777344 476.911437988281 452.762054443359 446.703125 447.434814453125 452.276733398438 463.944061279297 481.979644775391 501.171295166016 522.14501953125 543.357482910156 565.472290039062 588.647399902344 609.372253417969 626.039123535156 639.800964355469 652.012390136719 663.876831054688
-3.4e+38 -3.4e+38 -3.4e+38 -3.4e+38 -3.4e+38 -3.4e+38 -3.4e+38 -3.4e+38 -3.4e+38 -3.4e+38 -3.4e+38 -3.4e+38 -3.4e+38 -3.4e+38 -3.4e+38 -3.4e+38 -3.4e+38 -3.4e+38 374.905883789062 590.705688476562 805.073547363281 949.004821777344 1050.9033203125 1160.48217773438 1316.84143066406 1449.60766601562 1559.96142578125 1689.39489746094 1832.08117675781 1834.48217773438 1947.47631835938 1813.99133300781 1405.927734375 1095.59973144531 849.329833984375 635.165710449219 523.525390625 482.093170166016 457.660705566406 455.559967041016 457.195617675781 467.453552246094 485.628570556641 502.51025390625 522.308166503906 540.237487792969 558.166381835938 577.67138671875 595.530639648438 610.387084960938 625.0595703125 637.107971191406 648.3671875
-3.4e+38 -3.4e+38 -3.4e+38 -3.4e+38 -3.4e+38 -3.4e+38 -3.4e+38 -3.4e+38 -3.4e+38 -3.4e+38 -3.4e+38 -3.4e+38 -3.4e+38 -3.4e+38 -3.4e+38 -3.4e+38 -3.4e+38 -3.4e+38 239.947036743164 412.967956542969 609.189392089844 773.524597167969 925.019165039062 1064.23901367188 1156.02917480469 1232.91174316406 1315.63940429688 1412.37561035156 1496.79431152344 1600.25012207031 1677.25732421875 1618.40393066406 1426.73352050781 1212.6591796875 979.955383300781 758.906005859375 619.782531738281 543.244506835938 492.072082519531 472.289276123047 472.05419921875 480.703277587891 496.639312744141 513.951965332031 527.558898925781 540.123718261719 553.55908203125 568.288513183594 582.333374023438 594.783935546875 607.308654785156 618.66796875 630.541259765625
-3.4e+38 -3.4e+38 -3.4e+38 -3.4e+38 -3.4e+38 -3.4e+38 -3.4e+38 -3.4e+38 -3.4e+38 -3.4e+38 -3.4e+38 -3.4e+38 -3.4e+38 -3.4e+38 -3.4e+38 -3.4e+38 -3.4e+38 -3.4e+38 -3.4e+38 251.277160644531 413.055511474609 570.060546875 734.797485351562 908.85693359375 971.223388671875 1032.39050292969 1097.82385253906 1154.64465332031 1180.994140625 1298.36474609375 1348.06506347656 1362.734375 1350.11633300781 1261.67919921875 1109.05383300781 919.216186523438 770.720886230469 660.305847167969 556.487487792969 517.433471679688 498.778961181641 496.402801513672 508.906524658203 523.644836425781 531.922119140625 539.693542480469 548.195739746094 557.802368164062 567.982116699219 576.754333496094 586.597961425781 596.506530761719 607.712707519531
-3.4e+38 -3.4e+38 -3.4e+38 -3.4e+38 -3.4e+38 -3.4e+38 -3.4e+38 -3.4e+38 -3.4e+38 -3.4e+38 -3.4e+38 -3.4e+38 -3.4e+38 -3.4e+38 -3.4e+38 -3.4e+38 -3.4e+38 -3.4e+38 -3.4e+38 -3.4e+38 225.081100463867 343.254180908203 490.221649169922 622.271850585938 771.542785644531 905.75634765625 994.070678710938 1015.62786865234 1028.5498046875 1081.69946289062 1112.96069335938 1154.77416992188 1235.97875976562 1273.51806640625 1228.22277832031 1146.17248535156 1016.93841552734 837.562438964844 670.503540039062 592.0478515625 543.185607910156 518.673950195312 519.022094726562 526.40380859375 531.203796386719 536.975280761719 542.451354980469 546.249389648438 551.158325195312 558.492431640625 563.917297363281 572.390930175781 582.868835449219
-3.4e+38 -3.4e+38 -3.4e+38 -3.4e+38 -3.4e+38 -3.4e+38 -3.4e+38 -3.4e+38 -3.4e+38 -3.4e+38 -3.4e+38 -3.4e+38 -3.4e+38 -3.4e+38 -3.4e+38 -3.4e+38 -3.4e+38 -3.4e+38 -3.4e+38 -3.4e+38 -3.4e+38 -3.4e+38 277.896270751953 388.590606689453 556.25732421875 747.526000976562 866.081176757812 917.357177734375 951.114868164062 969.364990234375 973.879333496094 1021.34716796875 1133.48400878906 1250.10534667969 1293.71008300781 1316.70446777344 1242.54040527344 1054.91162109375 855.765197753906 740.734802246094 633.327026367188 567.184143066406 540.872985839844 526.566162109375 526.736389160156 529.154418945312 532.033203125 534.45947265625 538.335815429688 545.945373535156 551.099182128906 559.396362304688 569.769653320312
-3.4e+38 -3.4e+38 -3.4e+38 -3.4e+38 -3.4e+38 -3.4e+38 -3.4e+38 -3.4e+38 -3.4e+38 -3.4e+38 -3.4e+38 -3.4e+38 -3.4e+38 -3.4e+38 -3.4e+38 -3.4e+38 -3.4e+38 -3.4e+38 -3.4e+38 -3.4e+38 -3.4e+38 -3.4e+38 -3.4e+38 -3.4e+38 366.674102783203 521.818359375 674.280822753906 832.537536621094 963.766296386719 953.1396484375 934.393676757812 960.271118164062 1039.96398925781 1134.6064453125 1266.81640625 1401.71179199219 1401.134765625 1266.6806640625 1129.08581542969 948.328002929688 762.585083007812 646.359130859375 587.384948730469 538.450012207031 519.225891113281 515.995544433594 517.993225097656 523.406555175781 531.601867675781 541.594543457031 551.754272460938 561.511413574219 571.669250488281
-3.4e+38 -3.4e+38 -3.4e+38 -3.4e+38 -3.4e+38 -3.4e+38 -3.4e+38 -3.4e+38 -3.4e+38 -3.4e+38 -3.4e+38 -3.4e+38 -3.4e+38 -3.4e+38 -3.4e+38 -3.4e+38 -3.4e+38 -3.4e+38 -3.4e+38 -3.4e+38 -3.4e+38 -3.4e+38 -3.4e+38 -3.4e+38 -3.4e+38 -3.4e+38 472.351104736328 656.755126953125 825.9287109375 859.515991210938 879.323974609375 900.822509765625 937.94921875 1009.05920410156 1155.25122070312 1332.80114746094 1404.92639160156 1367.47900390625 1302.15673828125 1138.34802246094 945.652587890625 791.4560546875 668.622314453125 568.904052734375 522.196655273438 503.454528808594 502.355346679688 511.227966308594 524.013061523438 537.697021484375 552.225280761719 564.437133789062 575.730834960938
-3.4e+38 -3.4e+38 -3.4e+38 -3.4e+38 -3.4e+38 -3.4e+38 -3.4e+38 -3.4e+38 -3.4e+38 -3.4e+38 -3.4e+38 -3.4e+38 -3.4e+38 -3.4e+38 -3.4e+38 -3.4e+38 -3.4e+38 -3.4e+38 -3.4e+38 -3.4e+38 -3.4e+38 -3.4e+38 -3.4e+38 -3.4e+38 -3.4e+38 -3.4e+38 -3.4e+38 -3.4e+38 550.988891601562 687.668701171875 806.683837890625 850.318725585938 839.544006347656 863.861450195312 991.495971679688 1128.81848144531 1238.07739257812 1330.28332519531 1378.67199707031 1265.41906738281 1144.22827148438 978.289489746094 764.319580078125 604.280822753906 530.384033203125 492.002044677734 486.663757324219 498.718902587891 515.386962890625 532.679931640625 550.702209472656 564.9736328125 577.480651855469
-3.4e+38 -3.4e+38 -3.4e+38 -3.4e+38 -3.4e+38 -3.4e+38 -3.4e+38 -3.4e+38 -3.4e+38 -3.4e+38 -3.4e+38 -3.4e+38 -3.4e+38 -3.4e+38 -3.4e+38 -3.4e+38 -3.4e+38 -3.4e+38 -3.4e+38 -3.4e+38 -3.4e+38 -3.4e+38 -3.4e+38 -3.4e+38 -3.4e+38 -3.4e+38 -3.4e+38 -3.4e+38 345.940765380859 492.136260986328 634.436645507812 707.439636230469 725.706420898438 757.138549804688 839.462646484375 936.6328125 1047.46911621094 1177.51000976562 1269.94702148438 1250.76342773438 1196.80444335938 1054.51159667969 834.09619140625 649.188110351562 547.454711914062 492.120941162109 477.959564208984 487.648284912109 505.157012939453 523.823486328125 543.038940429688 559.400146484375 573.793640136719
-3.4e+38 -3.4e+38 -3.4e+38 -3.4e+38 -3.4e+38 -3.4e+38 -3.4e+38 -3.4e+38 -3.4e+38 -3.4e+38 -3.4e+38 -3.4e+38 -3.4e+38 -3.4e+38 -3.4e+38 -3.4e+38 -3.4e+38 -3.4e+38 -3.4e+38 -3.4e+38 -3.4e+38 -3.4e+38 -3.4e+38 -3.4e+38 -3.4e+38 -3.4e+38 -3.4e+38 -3.4e+38 -3.4e+38 -3.4e+38 425.818817138672 526.361328125 617.870422363281 684.299011230469 728.746337890625 773.270568847656 856.277587890625 975.002502441406 1054.53674316406 1134.88940429688 1154.72778320312 1055.0888671875 860.845397949219 677.579467773438 566.247741699219 496.864471435547 473.610290527344 478.905151367188 494.237884521484 512.203857421875 531.376770019531 548.836791992188 566.049011230469
-3.4e+38 -3.4e+38 -3.4e+38 -3.4e+38 -3.4e+38 -3.4e+38 -3.4e+38 -3.4e+38 -3.4e+38 -3.4e+38 -3.4e+38 -3.4e+38 -3.4e+38 -3.4e+38 -3.4e+38 -3.4e+38 -3.4e+38 -3.4e+38 -3.4e+38 -3.4e+38 -3.4e+38 -3.4e+38 -3.4e+38 -3.4e+38 -3.4e+38 -3.4e+38 -3.4e+38 -3.4e+38 -3.4e+38 -3.4e+38 274.408325195312 384.258453369141 508.297790527344 602.966918945312 650.012573242188 678.231811523438 738.609313964844 829.633178710938 923.725158691406 1032.44287109375 1092.19494628906 1034.83654785156 881.77685546875 711.754943847656 589.209167480469 510.856201171875 475.352325439453 472.345336914062 483.440704345703 499.439483642578 516.793090820312 535.767333984375 556.240661621094
-3.4e+38 -3.4e+38 -3.4e+38 -3.4e+38 -3.4e+38 -3.4e+38 -3.4e+38 -3.4e+38 -3.4e+38 -3.4e+38 -3.4e+38 -3.4e+38 -3.4e+38 -3.4e+38 -3.4e+38 -3.4e+38 -3.4e+38 -3.4e+38 -3.4e+38 -3.4e+38 -3.4e+38 -3.4e+38 -3.4e+38 -3.4e+38 -3.4e+38 -3.4e+38 -3.4e+38 -3.4e+38 -3.4e+38 -3.4e+38 -3.4e+38 276.104461669922 427.947174072266 547.373657226562 602.952880859375 632.462097167969 678.205688476562 755.344909667969 836.983215332031 970.426879882812 1059.53100585938 1032.14221191406 898.018127441406 737.509155273438 614.754150390625 521.491577148438 476.235534667969 467.406280517578 472.89501953125 488.062805175781 503.268524169922 523.0185546875 547.984680175781
