meets/meet006/data/CCSM_0k_am_bio16.asc
NCOLS 154 
NROWS 168 
XLLCORNER -112 
YLLCORNER -55.5 
CELLSIZE 0.5 
NODATA_value -3.4e+38 
[rows 48 to 71 of 168, columns 53 to 105 of 154]
-3.4e+38 -3.4e+38 -3.4e+38 -3.4e+38 -3.4e+38 -3.4e+38 -3.4e+38 -3.4e+38 -3.4e+38 -3.4e+38 -3.4e+38 -3.4e+38 -3.4e+38 -3.4e+38 -3.4e+38 -3.4e+38 2042.82177734375 1875.72265625 1668.53186035156 1377.03857421875 1074.19299316406 867.541015625 750.195678710938 854.669677734375 987.455505371094 1147.42346191406 1258.90405273438 1355.20776367188 1415.02258300781 1479.87622070312 1548.24108886719 1611.97778320312 1676.01062011719 1719.51208496094 1664.40173339844 1554.29638671875 1401.16931152344 1202.70959472656 1028.47216796875 911.292114257812 771.643005371094 720.570068359375 701.131408691406 678.811157226562 675.133666992188 666.144409179688 660.848815917969 657.397216796875 646.579467773438 663.162536621094 676.852233886719 694.753845214844 697.050720214844
-3.4e+38 -3.4e+38 -3.4e+38 -3.4e+38 -3.4e+38 -3.4e+38 -3.4e+38 -3.4e+38 -3.4e+38 -3.4e+38 -3.4e+38 -3.4e+38 -3.4e+38 -3.4e+38 -3.4e+38 -3.4e+38 1831.90563964844 1675.13513183594 1466.74645996094 1212.68579101562 959.665771484375 799.903198242188 716.15869140625 828.96240234375 932.13720703125 1049.48486328125 1114.18713378906 1180.07299804688 1239.55981445312 1290.25964355469 1347.22827148438 1399.33605957031 1448.59594726562 1470.84301757812 1431.59130859375 1365.92333984375 1258.63684082031 1110.82751464844 970.329895019531 866.455688476562 772.21533203125 741.081115722656 724.542663574219 710.785888671875 713.975341796875 713.372436523438 707.365112304688 693.32373046875 686.497131347656 686.570495605469 687.729125976562 698.523498535156 701.02783203125
-3.4e+38 -3.4e+38 -3.4e+38 -3.4e+38 -3.4e+38 -3.4e+38 -3.4e+38 -3.4e+38 -3.4e+38 -3.4e+38 -3.4e+38 -3.4e+38 -3.4e+38 -3.4e+38 -3.4e+38 -3.4e+38 1618.16186523438 1448.55041503906 1269.65490722656 1058.64562988281 846.774780273438 735.265319824219 668.096557617188 780.375610351562 843.2080078125 934.628662109375 970.745239257812 1019.15472412109 1062.09814453125 1075.70617675781 1137.73461914062 1167.67053222656 1200.96740722656 1230.5 1209.154296875 1171.67138671875 1115.76904296875 1006.24011230469 900.83203125 794.765991210938 747.819091796875 739.726318359375 732.548278808594 734.112060546875 742.697570800781 751.773071289062 748.319580078125 726.69873046875 715.956359863281 704.754516601562 697.191589355469 693.332885742188 692.058166503906
-3.4e+38 -3.4e+38 -3.4e+38 -3.4e+38 -3.4e+38 -3.4e+38 -3.4e+38 -3.4e+38 -3.4e+38 -3.4e+38 -3.4e+38 -3.4e+38 -3.4e+38 -3.4e+38 -3.4e+38 -3.4e+38 1345.59387207031 1207.06970214844 1050.80676269531 909.899536132812 777.143676757812 694.122924804688 706.346130371094 735.721252441406 787.745910644531 832.479248046875 860.575744628906 895.412475585938 929.678527832031 975.141235351562 1026.42443847656 1075.81237792969 1133.85913085938 1173.86193847656 1187.80920410156 1170.72326660156 1119.71203613281 1032.91638183594 933.329650878906 827.960083007812 730.098754882812 728.755981445312 740.2919921875 748.000610351562 763.63671875 768.77099609375 766.693603515625 756.038391113281 743.789916992188 731.361511230469 712.845581054688 704.939270019531 689.361511230469
-3.4e+38 -3.4e+38 -3.4e+38 -3.4e+38 -3.4e+38 -3.4e+38 -3.4e+38 -3.4e+38 -3.4e+38 -3.4e+38 -3.4e+38 -3.4e+38 -3.4e+38 -3.4e+38 1212.18188476562 1183.64331054688 1093.12658691406 959.602416992188 855.626586914062 773.933166503906 715.567016601562 737.992797851562 758.065246582031 781.541137695312 807.897888183594 841.781066894531 871.172973632812 916.418884277344 953.872924804688 992.076354980469 1036.87109375 1073.71655273438 1122.68688964844 1158.82092285156 1158.04577636719 1143.96875 1101.43103027344 1018.07769775391 941.718933105469 860.640197753906 755.714416503906 706.466247558594 732.837951660156 751.724670410156 767.62109375 771.209289550781 768.33740234375 765.430236816406 751.095703125 736.158508300781 715.867004394531 698.985656738281 668.479064941406
-3.4e+38 -3.4e+38 -3.4e+38 -3.4e+38 -3.4e+38 -3.4e+38 -3.4e+38 -3.4e+38 -3.4e+38 -3.4e+38 -3.4e+38 -3.4e+38 -3.4e+38 1110.27709960938 1065.88879394531 974.323364257812 878.114074707031 800.622314453125 723.868469238281 703.817138671875 741.985168457031 764.825378417969 786.642150878906 808.640075683594 841.324645996094 866.552795410156 893.686767578125 927.695068359375 961.951354980469 999.484252929688 1035.5146484375 1068.56164550781 1100.03112792969 1125.19018554688 1122.46472167969 1102.3427734375 1059.84313964844 992.683959960938 921.960327148438 849.322204589844 778.898803710938 725.5546875 711.765808105469 736.18603515625 750.757385253906 756.310913085938 753.902160644531 752.287475585938 735.235656738281 718.656860351562 696.369445800781 679.015686035156 653.617126464844
-3.4e+38 -3.4e+38 -3.4e+38 -3.4e+38 -3.4e+38 -3.4e+38 -3.4e+38 -3.4e+38 -3.4e+38 -3.4e+38 -3.4e+38 -3.4e+38 -3.4e+38 997.929321289062 895.062438964844 795.91455078125 706.705444335938 639.898376464844 678.645812988281 706.812927246094 745.376647949219 771.974304199219 810.745239257812 832.912536621094 856.008544921875 882.143127441406 903.161682128906 934.194702148438 963.665588378906 988.638427734375 1020.7421875 1043.78112792969 1065.54577636719 1088.94873046875 1071.09533691406 1055.63891601562 1020.31036376953 955.470581054688 902.984191894531 851.391967773438 793.24365234375 758.3310546875 721.213806152344 702.309997558594 712.504821777344 721.6748046875 717.724670410156 707.4677734375 698.035583496094 684.458068847656 659.06494140625 642.462341308594 638.27880859375
-3.4e+38 -3.4e+38 -3.4e+38 -3.4e+38 -3.4e+38 -3.4e+38 -3.4e+38 -3.4e+38 -3.4e+38 -3.4e+38 -3.4e+38 881.645080566406 864.112548828125 845.231811523438 760.751098632812 658.51953125 580.949951171875 617.446716308594 657.976013183594 701.431457519531 734.699890136719 768.915649414062 811.431030273438 848.162719726562 871.751831054688 887.896423339844 907.83251953125 936.1142578125 961.333129882812 983.928833007812 998.972473144531 1018.85339355469 1036.36303710938 1045.72705078125 1034.89855957031 1011.84533691406 977.865844726562 938.816162109375 895.080627441406 855.669616699219 821.477661132812 788.453979492188 767.528747558594 750.53369140625 734.897705078125 726.244323730469 716.380615234375 715.412414550781 717.756713867188 723.452209472656 732.089965820312 734.624694824219 724.623962402344
-3.4e+38 -3.4e+38 -3.4e+38 -3.4e+38 -3.4e+38 -3.4e+38 -3.4e+38 -3.4e+38 -3.4e+38 -3.4e+38 -3.4e+38 921.160522460938 830.866516113281 720.50537109375 633.174255371094 549.494873046875 553.6171875 596.253356933594 646.606811523438 685.543640136719 724.100830078125 753.051879882812 800.835998535156 846.087341308594 866.593811035156 885.641967773438 898.779479980469 923.510559082031 944.389953613281 958.26513671875 974.864440917969 984.672607421875 992.581420898438 995.870910644531 985.025573730469 970.315307617188 947.38525390625 912.162048339844 884.912658691406 861.990783691406 836.634765625 823.856750488281 812.276794433594 812.099609375 813.262268066406 810.457641601562 802.514465332031 807.156005859375 811.244506835938 819.174743652344 819.884704589844 820.723083496094 813.718200683594
-3.4e+38 -3.4e+38 -3.4e+38 -3.4e+38 -3.4e+38 -3.4e+38 -3.4e+38 -3.4e+38 -3.4e+38 -3.4e+38 973.361389160156 951.607666015625 830.199768066406 691.536010742188 586.103454589844 515.937805175781 523.102294921875 578.932250976562 639.080932617188 671.940002441406 708.01806640625 736.841735839844 787.88037109375 831.218505859375 849.851196289062 868.601623535156 881.375122070312 901.856262207031 922.105041503906 931.399108886719 938.660827636719 946.478332519531 951.023681640625 952.293762207031 944.994934082031 931.4951171875 911.581176757812 899.016296386719 883.727416992188 866.86328125 855.119201660156 856.112915039062 869.216064453125 879.229125976562 885.051940917969 887.373474121094 879.62890625 875.802612304688 884.547607421875 891.837951660156 894.179626464844 894.11572265625 880.532287597656
-3.4e+38 -3.4e+38 -3.4e+38 -3.4e+38 -3.4e+38 -3.4e+38 -3.4e+38 -3.4e+38 -3.4e+38 -3.4e+38 1000.74548339844 954.673950195312 817.891235351562 671.598999023438 559.526428222656 487.402099609375 511.261871337891 567.518859863281 623.984558105469 659.549255371094 692.509155273438 719.458984375 763.138610839844 803.802856445312 827.780700683594 845.573974609375 855.155334472656 870.051696777344 887.0654296875 894.829895019531 902.86328125 904.71484375 902.407470703125 902.406372070312 897.352294921875 891.971801757812 884.614440917969 876.800598144531 872.9931640625 877.327453613281 886.180541992188 898.489685058594 917.750854492188 929.2099609375 937.898071289062 936.268920898438 926.997924804688 931.682861328125 939.798095703125 948.100952148438 946.341064453125 943.194580078125 931.39404296875
-3.4e+38 -3.4e+38 -3.4e+38 -3.4e+38 -3.4e+38 -3.4e+38 -3.4e+38 -3.4e+38 -3.4e+38 980.315490722656 1000.94763183594 938.479370117188 801.705444335938 653.399719238281 555.447021484375 496.314819335938 503.971405029297 564.559020996094 622.1181640625 642.888854980469 671.083801269531 697.825744628906 738.630981445312 777.493713378906 796.630798339844 812.120727539062 821.673095703125 838.815612792969 852.489562988281 859.17822265625 861.153015136719 861.695922851562 865.019653320312 861.932739257812 861.315612792969 856.480712890625 851.371887207031 857.337341308594 866.235290527344 885.84228515625 906.104553222656 920.819702148438 938.579528808594 954.794555664062 957.233703613281 955.27099609375 944.523010253906 957.997863769531 967.321411132812 973.05126953125 972.349853515625 969.003845214844 952.202209472656
-3.4e+38 -3.4e+38 -3.4e+38 -3.4e+38 -3.4e+38 -3.4e+38 -3.4e+38 -3.4e+38 -3.4e+38 997.422668457031 998.297546386719 925.085571289062 791.999572753906 653.234802246094 560.294982910156 512.347717285156 523.356689453125 580.8671875 636.765625 660.64306640625 671.484130859375 694.652160644531 737.67822265625 779.302062988281 798.897033691406 813.683532714844 828.047973632812 844.664001464844 857.928588867188 848.043395996094 826.779724121094 818.244689941406 819.626953125 821.09033203125 821.238525390625 821.788696289062 823.111145019531 830.845458984375 854.030517578125 877.47705078125 900.418334960938 917.187377929688 933.301818847656 945.487243652344 947.891906738281 942.566589355469 947.742614746094 959.317687988281 967.56884765625 970.32275390625 969.536071777344 963.752807617188 947.246032714844
-3.4e+38 -3.4e+38 -3.4e+38 -3.4e+38 -3.4e+38 -3.4e+38 -3.4e+38 -3.4e+38 -3.4e+38 1004.29833984375 998.614318847656 921.882873535156 789.405090332031 655.250915527344 572.066162109375 526.783020019531 538.758239746094 596.378051757812 657.380981445312 678.232177734375 694.917846679688 718.979125976562 756.269287109375 793.484252929688 810.042358398438 823.330322265625 834.342590332031 845.146362304688 849.948547363281 833.929931640625 808.259948730469 779.38037109375 785.944885253906 786.7177734375 791.175598144531 793.34619140625 796.869750976562 809.548461914062 829.356872558594 852.913391113281 874.392700195312 890.031066894531 905.225219726562 913.151733398438 913.235412597656 922.067565917969 932.617858886719 942.150024414062 946.81640625 947.708068847656 943.092712402344 936.022033691406 921.285949707031
-3.4e+38 -3.4e+38 -3.4e+38 -3.4e+38 -3.4e+38 -3.4e+38 -3.4e+38 -3.4e+38 -3.4e+38 -3.4e+38 990.0234375 910.120849609375 781.606201171875 659.937194824219 579.983581542969 543.843017578125 555.475219726562 603.237121582031 654.332702636719 683.332763671875 704.73583984375 728.492919921875 758.264831542969 787.395935058594 804.992553710938 817.581420898438 825.618469238281 829.241638183594 825.890808105469 808.790283203125 783.012451171875 752.84619140625 744.452758789062 749.628479003906 754.876098632812 761.495971679688 767.347534179688 778.022338867188 797.041015625 818.834106445312 838.616638183594 852.661865234375 862.380065917969 869.722290039062 882.484497070312 895.22509765625 902.455688476562 906.260803222656 910.283996582031 906.961730957031 903.323364257812 895.997985839844 882.88134765625
-3.4e+38 -3.4e+38 -3.4e+38 -3.4e+38 -3.4e+38 -3.4e+38 -3.4e+38 -3.4e+38 -3.4e+38 -3.4e+38 -3.4e+38 897.330627441406 763.802917480469 646.651123046875 582.838317871094 553.006958007812 563.619323730469 604.738098144531 650.456115722656 677.9287109375 703.171203613281 725.828369140625 750.228393554688 775.1220703125 788.875671386719 802.289794921875 807.870788574219 806.421325683594 799.630615234375 780.475036621094 755.771057128906 729.507507324219 710.4833984375 715.073425292969 723.365234375 731.210205078125 738.721618652344 752.062255859375 764.437438964844 779.771667480469 796.586486816406 809.742492675781 827.342712402344 841.992370605469 852.771484375 862.073913574219 889.26025390625 913.279052734375 940.215148925781 946.443725585938 955.102844238281 953.986328125 940.022888183594
-3.4e+38 -3.4e+38 -3.4e+38 -3.4e+38 -3.4e+38 -3.4e+38 -3.4e+38 -3.4e+38 -3.4e+38 960.834777832031 924.049072265625 838.206787109375 723.608154296875 627.361328125 573.468200683594 559.984619140625 570.919006347656 597.9267578125 632.525329589844 661.920471191406 689.461975097656 711.455200195312 729.163635253906 746.814208984375 761.495483398438 774.209716796875 778.896362304688 775.097045898438 765.710693359375 749.323974609375 728.926513671875 707.618957519531 688.172424316406 679.5029296875 688.499328613281 698.082763671875 706.562805175781 719.048706054688 732.260620117188 746.755432128906 762.742980957031 776.21484375 808.509582519531 846.158264160156 879.162414550781 912.50732421875 939.77294921875 960.718444824219 979.049743652344 986.107543945312 989.505676269531 986.157409667969 973.212036132812
-3.4e+38 -3.4e+38 -3.4e+38 -3.4e+38 -3.4e+38 -3.4e+38 -3.4e+38 -3.4e+38 947.691528320312 917.237670898438 859.53515625 772.654479980469 669.421813964844 581.276489257812 552.559814453125 554.08447265625 565.674255371094 583.274230957031 610.223022460938 637.283081054688 666.893493652344 687.675598144531 701.672668457031 713.603149414062 727.671325683594 740.916381835938 745.115234375 741.262145996094 732.307800292969 718.339660644531 702.06005859375 686.44970703125 673.287963867188 662.379455566406 659.611511230469 663.779663085938 673.143859863281 688.520263671875 707.305541992188 734.860900878906 769.79296875 804.202514648438 842.271118164062 882.761169433594 911.138305664062 944.075378417969 968.178039550781 985.808227539062 1003.71063232422 1003.62670898438 1004.26904296875 1000.19110107422 988.716247558594
-3.4e+38 -3.4e+38 -3.4e+38 -3.4e+38 -3.4e+38 -3.4e+38 -3.4e+38 -3.4e+38 875.481689453125 856.957336425781 793.211303710938 707.134521484375 614.705627441406 545.085693359375 520.352844238281 525.365539550781 539.476501464844 556.575805664062 576.394775390625 602.429382324219 629.59619140625 649.466247558594 663.832702636719 676.903137207031 689.780029296875 700.631286621094 705.014038085938 703.227478027344 697.110534667969 687.217651367188 675.996887207031 665.233276367188 658.033203125 654.365905761719 655.75146484375 663.152465820312 674.939636230469 693.820678710938 718.572875976562 747.102966308594 781.737060546875 816.456665039062 852.278442382812 889.159118652344 918.799987792969 947.934020996094 970.017028808594 984.270263671875 996.513305664062 998.848876953125 999.097717285156 995.852661132812 987.5986328125
-3.4e+38 -3.4e+38 -3.4e+38 -3.4e+38 -3.4e+38 -3.4e+38 -3.4e+38 -3.4e+38 -3.4e+38 782.541137695312 726.969360351562 651.224243164062 567.24169921875 496.691131591797 490.254577636719 497.690002441406 514.51220703125 534.581237792969 544.461730957031 569.41455078125 590.485412597656 607.354797363281 623.765930175781 638.918090820312 650.55029296875 659.638000488281 663.686218261719 664.450134277344 662.804504394531 655.620849609375 648.394592285156 642.517395019531 640.217712402344 642.413696289062 647.401428222656 658.760986328125 673.237548828125 693.480895996094 720.391845703125 747.034912109375 781.020324707031 813.65673828125 847.242980957031 884.390991210938 908.407653808594 935.694152832031 955.119567871094 967.3447265625 980.678649902344 980.494018554688 982.138610839844 981.106750488281 976.465759277344
-3.4e+38 -3.4e+38 -3.4e+38 -3.4e+38 -3.4e+38 -3.4e+38 -3.4e+38 -3.4e+38 -3.4e+38 698.331359863281 669.683532714844 615.243835449219 547.317199707031 489.736175537109 478.308227539062 488.944427490234 506.65234375 528.824096679688 545.210754394531 548.519592285156 549.577392578125 562.45556640625 586.471923828125 606.463195800781 615.999084472656 619.296264648438 622.4775390625 627.5517578125 629.663696289062 626.012756347656 621.091186523438 618.557983398438 621.373718261719 627.646423339844 635.398315429688 647.857421875 663.922912597656 685.09423828125 710.94140625 737.111450195312 767.241760253906 797.68896484375 828.065856933594 858.893981933594 883.533569335938 906.686889648438 924.668029785156 936.800842285156 947.139709472656 951.587341308594 954.860046386719 956.570373535156 957.096618652344
-3.4e+38 -3.4e+38 -3.4e+38 -3.4e+38 -3.4e+38 -3.4e+38 -3.4e+38 -3.4e+38 -3.4e+38 615.383605957031 631.121643066406 607.748657226562 556.04541015625 496.072479248047 485.514495849609 491.737335205078 505.307647705078 525.706298828125 543.767456054688 528.892333984375 514.573425292969 523.08447265625 552.72021484375 578.474243164062 582.587585449219 581.567749023438 583.332580566406 590.830017089844 598.15673828125 594.675720214844 592.080078125 592.209777832031 598.076232910156 608.473266601562 616.216796875 630.196105957031 646.597534179688 667.756408691406 694.1181640625 716.527954101562 745.121887207031 772.145568847656 798.650024414062 828.058532714844 848.066955566406 870.502990722656 887.226135253906 898.283996582031 910.938232421875 916.198120117188 923.362060546875 928.882995605469 933.154724121094
-3.4e+38 -3.4e+38 -3.4e+38 -3.4e+38 -3.4e+38 -3.4e+38 -3.4e+38 -3.4e+38 -3.4e+38 -3.4e+38 -3.4e+38 641.739440917969 598.787109375 546.9521484375 523.746276855469 509.427978515625 507.543395996094 520.79541015625 523.450805664062 510.805389404297 493.110473632812 499.216613769531 528.444213867188 552.56982421875 556.279968261719 549.756225585938 550.043212890625 559.629089355469 566.573852539062 566.708740234375 563.899658203125 565.247619628906 573.543579101562 583.768005371094 593.901306152344 606.524230957031 623.0361328125 644.386108398438 668.353088378906 691.109985351562 715.531799316406 740.458129882812 765.236083984375 789.850769042969 810.81640625 829.820556640625 846.357666015625 860.279174804688 872.529357910156 882.583679199219 891.796325683594 900.88720703125 910.916625976562
-3.4e+38 -3.4e+38 -3.4e+38 -3.4e+38 -3.4e+38 -3.4e+38 -3.4e+38 -3.4e+38 -3.4e+38 -3.4e+38 -3.4e+38 658.297241210938 654.538879394531 624.931823730469 595.13134765625 552.495849609375 530.869201660156 531.549987792969 525.185607910156 509.572967529297 486.979705810547 487.828277587891 514.622375488281 536.09912109375 535.12255859375 525.593383789062 524.48974609375 534.109985351562 541.964416503906 541.675048828125 539.120666503906 540.60791015625 548.810852050781 559.356750488281 568.357727050781 580.788452148438 596.187194824219 616.21435546875 639.506652832031 659.276428222656 682.681884765625 705.040954589844 727.169799804688 751.159545898438 769.344421386719 788.879272460938 805.645141601562 820.284484863281 835.519775390625 847.555419921875 861.194152832031 874.599975585938 888.789672851562
